6299606	22000.0	17	24000.0	2.2058	0	0.9167	3.1225
6301252	22000.0	17	24000.0	2.2058	3.1225	0.9167	6.245
6299583	22000.0	17	24000.0	2.2058	6.245	0.9167	9.367500000000001
6299712	22000.0	17	24000.0	2.2058	9.3675	0.9167	12.49
6301451	26000.0	17	24000.0	2.6058	12.49	1.0833	16.179100000000002
6301446	22000.0	17	24000.0	2.2058	16.1791	0.9167	19.301599999999997
6301445	22000.0	17	24000.0	2.2058	19.3016	0.9167	22.4241
6301264	22000.0	17	24000.0	2.2058	22.4241	0.9167	25.546599999999998
6301474	23000.0	17	24000.0	2.3058	25.5466	0.9583	28.810700000000004
6300687	23000.0	17	24000.0	2.3058	28.8107	0.9583	32.0748
6299577	23000.0	17	24000.0	2.3058	32.0748	0.9583	35.3389
6300800	23000.0	17	24000.0	2.3058	35.3389	0.9583	38.603
6299664	21000.0	17	24000.0	2.1058	38.603	0.875	41.583800000000004
6299672	23000.0	17	24000.0	2.3058	41.5838	0.9583	44.847899999999996
6300212	28000.0	17	24000.0	2.8058	44.8479	1.1667	48.8204
6300694	22000.0	17	24000.0	2.2058	48.8204	0.9167	51.9429
6300122	20000.0	17	24000.0	2.0058	51.9429	0.8333	54.782000000000004
6300586	21000.0	17	24000.0	2.1058	54.782	0.875	57.7628
6300895	19000.0	17	24000.0	1.9058	57.7628	0.7917	60.4603
6299618	22000.0	17	24000.0	2.2058	60.4603	0.9167	63.5828
6300217	23000.0	17	24000.0	2.3058	63.5828	0.9583	66.84689999999999
6299622	23000.0	17	24000.0	2.3058	66.8469	0.9583	70.111
6299640	19000.0	17	24000.0	1.9058	70.111	0.7917	72.80850000000001
6299642	25000.0	17	24000.0	2.5058	72.8085	1.0417	76.356
6299650	22000.0	17	24000.0	2.2058	76.356	0.9167	79.4785
6299676	20000.0	17	24000.0	2.0058	79.4785	0.8333	82.31759999999998
6301076	23000.0	17	24000.0	2.3058	82.3176	0.9583	85.5817
6299614	25000.0	17	24000.0	2.5058	85.5817	1.0417	89.1292
6300833	19000.0	17	24000.0	1.9058	89.1292	0.7917	91.8267
6300488	23000.0	17	24000.0	2.3058	91.8267	0.9583	95.0908
6300186	24000.0	17	24000.0	2.4058	95.0908	1.0	98.4966
6299397	23000.0	17	24000.0	2.3058	98.4966	0.9583	101.7607
6299387	21000.0	17	24000.0	2.1058	101.7607	0.875	104.7415
6299386	23000.0	17	24000.0	2.3058	104.7415	0.9583	108.0056
6300294	23000.0	17	24000.0	2.3058	108.0056	0.9583	111.2697
6299384	23000.0	17	24000.0	2.3058	111.2697	0.9583	114.5338
6301029	21000.0	17	24000.0	2.1058	114.5338	0.875	117.5146
6300361	22000.0	17	24000.0	2.2058	117.5146	0.9167	120.6371
6300356	24000.0	17	24000.0	2.4058	120.6371	1.0	124.0429
6300352	23000.0	17	24000.0	2.3058	124.0429	0.9583	127.307
6300181	21000.0	17	24000.0	2.1058	127.307	0.875	130.2878
6301133	28000.0	17	24000.0	2.8058	130.2878	1.1667	134.2603
6300770	24000.0	17	24000.0	2.4058	134.2603	1.0	137.6661
6299346	21000.0	17	24000.0	2.1058	137.6661	0.875	140.6469
6300174	20000.0	17	24000.0	2.0058	140.6469	0.8333	143.486
6300768	22000.0	17	24000.0	2.2058	143.486	0.9167	146.6085
6300160	23000.0	17	24000.0	2.3058	146.6085	0.9583	149.8726
6299335	22000.0	17	24000.0	2.2058	149.8726	0.9167	152.9951
6299333	22000.0	17	24000.0	2.2058	152.9951	0.9167	156.1176
6300767	21000.0	17	24000.0	2.1058	156.1176	0.875	159.0984
6300751	21000.0	17	24000.0	2.1058	159.0984	0.875	162.0792
6300338	23000.0	17	24000.0	2.3058	162.0792	0.9583	165.3433
6300146	20000.0	17	24000.0	2.0058	165.3433	0.8333	168.1824
6300336	22000.0	17	24000.0	2.2058	168.1824	0.9167	171.3049
6301175	21000.0	17	24000.0	2.1058	171.3049	0.875	174.2857
6300765	21000.0	17	24000.0	2.1058	174.2857	0.875	177.26649999999998
6300335	22000.0	17	24000.0	2.2058	177.2665	0.9167	180.389
6301303	22000.0	17	24000.0	2.2058	180.389	0.9167	183.5115
6300225	20000.0	17	24000.0	2.0058	183.5115	0.8333	186.35060000000001
6301294	23000.0	17	24000.0	2.3058	186.3506	0.9583	189.6147
6300560	22000.0	17	24000.0	2.2058	189.6147	0.9167	192.7372
6301403	21000.0	17	24000.0	2.1058	192.7372	0.875	195.718
6299539	23000.0	17	24000.0	2.3058	195.718	0.9583	198.9821
6299538	21000.0	17	24000.0	2.1058	198.9821	0.875	201.9629
6300805	25000.0	17	24000.0	2.5058	201.9629	1.0417	205.51039999999998
6301081	21000.0	17	24000.0	2.1058	205.5104	0.875	208.4912
6300233	23000.0	17	24000.0	2.3058	208.4912	0.9583	211.7553
6299532	24000.0	17	24000.0	2.4058	211.7553	1.0	215.1611
6300775	23000.0	17	24000.0	2.3058	215.1611	0.9583	218.42520000000002
6299523	22000.0	17	24000.0	2.2058	218.4252	0.9167	221.5477
6301154	21000.0	17	24000.0	2.1058	221.5477	0.875	224.52849999999998
6300918	23000.0	17	24000.0	2.3058	224.5285	0.9583	227.79260000000002
6299515	23000.0	17	24000.0	2.3058	227.7926	0.9583	231.0567
6299509	24000.0	17	24000.0	2.4058	231.0567	1.0	234.4625
6300240	22000.0	17	24000.0	2.2058	234.4625	0.9167	237.585
6301392	20000.0	17	24000.0	2.0058	237.585	0.8333	240.4241
6301278	19000.0	17	24000.0	1.9058	240.4241	0.7917	243.1216
6299487	20000.0	17	24000.0	2.0058	243.1216	0.8333	245.9607
6299473	24000.0	17	24000.0	2.4058	245.9607	1.0	249.3665
6300571	21000.0	17	24000.0	2.1058	249.3665	0.875	252.3473
6299461	25000.0	17	24000.0	2.5058	252.3473	1.0417	255.89479999999998
6300261	23000.0	17	24000.0	2.3058	255.8948	0.9583	259.1589
6300266	18000.0	17	24000.0	1.8058	259.1589	0.75	261.7147
6300928	22000.0	17	24000.0	2.2058	261.7147	0.9167	264.8372
6301362	24000.0	17	24000.0	2.4058	264.8372	1.0	268.243
6299449	24000.0	17	24000.0	2.4058	268.243	1.0	271.6488
6300376	24000.0	17	24000.0	2.4058	271.6488	1.0	275.0546
6299440	23000.0	17	24000.0	2.3058	275.0546	0.9583	278.3187
6301292	19000.0	17	24000.0	1.9058	278.3187	0.7917	281.01619999999997
6299534	20000.0	17	24000.0	2.0058	281.0162	0.8333	283.85530000000006
6299692	24000.0	17	24000.0	2.4058	283.8553	1.0	287.2611
6299744	23000.0	17	24000.0	2.3058	287.2611	0.9583	290.5252
6300818	23000.0	17	24000.0	2.3058	290.5252	0.9583	293.78929999999997
6301520	22000.0	17	24000.0	2.2058	293.7893	0.9167	296.9118
6301521	20000.0	17	24000.0	2.0058	296.9118	0.8333	299.75090000000006
6300606	20000.0	17	24000.0	2.0058	299.7509	0.8333	302.59000000000003
6300908	22000.0	17	24000.0	2.2058	302.59	0.9167	305.7125
6301002	20000.0	17	24000.0	2.0058	305.7125	0.8333	308.5516
6299942	26000.0	17	24000.0	2.6058	308.5516	1.0833	312.2407
6301481	24000.0	17	24000.0	2.4058	312.2407	1.0	315.6465
6299934	15000.0	17	24000.0	1.5058	315.6465	0.625	317.7773
6299932	22000.0	17	24000.0	2.2058	317.7773	0.9167	320.8998
6300621	23000.0	17	24000.0	2.3058	320.8998	0.9583	324.1639
6301085	18000.0	17	24000.0	1.8058	324.1639	0.75	326.7197
6299914	21000.0	17	24000.0	2.1058	326.7197	0.875	329.7005
6299906	23000.0	17	24000.0	2.3058	329.7005	0.9583	332.96459999999996
6299900	22000.0	17	24000.0	2.2058	332.9646	0.9167	336.0871
6299896	21000.0	17	24000.0	2.1058	336.0871	0.875	339.0679
6299883	23000.0	17	24000.0	2.3058	339.0679	0.9583	342.332
6301226	20000.0	17	24000.0	2.0058	342.332	0.8333	345.1711
6300636	22000.0	17	24000.0	2.2058	345.1711	0.9167	348.2936
6301005	21000.0	17	24000.0	2.1058	348.2936	0.875	351.2744
6301010	24000.0	17	24000.0	2.4058	351.2744	1.0	354.6802
6300639	21000.0	17	24000.0	2.1058	354.6802	0.875	357.661
6300629	22000.0	17	24000.0	2.2058	357.661	0.9167	360.7835
6301011	21000.0	17	24000.0	2.1058	360.7835	0.875	363.7643
6300620	22000.0	17	24000.0	2.2058	363.7643	0.9167	366.8868
6300552	23000.0	17	24000.0	2.3058	366.8868	0.9583	370.1509
6300070	22000.0	17	24000.0	2.2058	370.1509	0.9167	373.2734
6301504	23000.0	17	24000.0	2.3058	373.2734	0.9583	376.53749999999997
6301233	25000.0	17	24000.0	2.5058	376.5375	1.0417	380.08500000000004
6300054	23000.0	17	24000.0	2.3058	380.085	0.9583	383.34909999999996
6300053	21000.0	17	24000.0	2.1058	383.3491	0.875	386.3299
6300542	23000.0	17	24000.0	2.3058	386.3299	0.9583	389.594
6300845	22000.0	17	24000.0	2.2058	389.594	0.9167	392.7165
6301512	23000.0	17	24000.0	2.3058	392.7165	0.9583	395.9806
6300035	22000.0	17	24000.0	2.2058	395.9806	0.9167	399.1031
6301190	21000.0	17	24000.0	2.1058	399.1031	0.875	402.08389999999997
6299990	23000.0	17	24000.0	2.3058	402.0839	0.9583	405.348
6300027	23000.0	17	24000.0	2.3058	405.348	0.9583	408.6121
6300988	22000.0	17	24000.0	2.2058	408.6121	0.9167	411.7346
6300025	23000.0	17	24000.0	2.3058	411.7346	0.9583	414.9987
6300990	21000.0	17	24000.0	2.1058	414.9987	0.875	417.9795
6300863	23000.0	17	24000.0	2.3058	417.9795	0.9583	421.24359999999996
6300609	21000.0	17	24000.0	2.1058	421.2436	0.875	424.2244
6300003	22000.0	17	24000.0	2.2058	424.2244	0.9167	427.3469
6300001	22000.0	17	24000.0	2.2058	427.3469	0.9167	430.4694
6300000	26000.0	17	24000.0	2.6058	430.4694	1.0833	434.1585
6300093	25000.0	17	24000.0	2.5058	434.1585	1.0417	437.706
6300911	21000.0	17	24000.0	2.1058	437.706	0.875	440.6868
6300418	22000.0	17	24000.0	2.2058	440.6868	0.9167	443.8093
6299865	20000.0	17	24000.0	2.0058	443.8093	0.8333	446.64840000000004
6300128	24000.0	17	24000.0	2.4058	446.6484	1.0	450.0542
6300448	23000.0	17	24000.0	2.3058	450.0542	0.9583	453.31829999999997
6299834	21000.0	17	24000.0	2.1058	453.3183	0.875	456.2991
6301497	21000.0	17	24000.0	2.1058	456.2991	0.875	459.2799
6300662	22000.0	17	24000.0	2.2058	459.2799	0.9167	462.4024
6300526	25000.0	17	24000.0	2.5058	462.4024	1.0417	465.9499
6300604	23000.0	17	24000.0	2.3058	465.9499	0.9583	469.214
6300108	23000.0	17	24000.0	2.3058	469.214	0.9583	472.4781
6299844	22000.0	17	24000.0	2.2058	472.4781	0.9167	475.6006
6299761	23000.0	17	24000.0	2.3058	475.6006	0.9583	478.86469999999997
6299782	23000.0	17	24000.0	2.3058	478.8647	0.9583	482.1288
6300670	22000.0	17	24000.0	2.2058	482.1288	0.9167	485.2513
6301118	24000.0	17	24000.0	2.4058	485.2513	1.0	488.6571
6299773	21000.0	17	24000.0	2.1058	488.6571	0.875	491.6379
6300528	24000.0	17	24000.0	2.4058	491.6379	1.0	495.0437
6300453	19000.0	17	24000.0	1.9058	495.0437	0.7917	497.7412
6301221	22000.0	17	24000.0	2.2058	497.7412	0.9167	500.8637
6299857	21000.0	17	24000.0	2.1058	500.8637	0.875	503.8445
6301489	24000.0	17	24000.0	2.4058	503.8445	1.0	507.2503
6299820	24000.0	17	24000.0	2.4058	507.2503	1.0	510.6561
6301482	20000.0	17	24000.0	2.0058	510.6561	0.8333	513.4952
6300830	23000.0	17	24000.0	2.3058	513.4952	0.9583	516.7592999999999
6301213	21000.0	17	24000.0	2.1058	516.7593	0.875	519.7401000000001
6299855	22000.0	17	24000.0	2.2058	519.7401	0.9167	522.8625999999999
6300449	23000.0	17	24000.0	2.3058	522.8626	0.9583	526.1267
6301119	22000.0	17	24000.0	2.2058	526.1267	0.9167	529.2492
6300903	25000.0	17	24000.0	2.5058	529.2492	1.0417	532.7967
6300914	22000.0	0	500.0	2.2	0	44.0	46.2
6301116	21000.0	0	500.0	2.1	46.2	42.0	90.30000000000001
6301191	21000.0	2	1000.0	2.1	0	21.0	23.1
6300274	22000.0	3	1000.0	2.2	0	22.0	24.2
6299380	22000.0	5	4000.0	2.2038	0	5.5	7.7038
6300415	23000.0	6	5000.0	2.3038	0	4.6	6.9037999999999995
6300398	23000.0	6	5000.0	2.3038	6.9038	4.6	13.807599999999999
6299331	22000.0	8	5000.0	2.2067	0	4.4	6.6067
6299375	23000.0	8	5000.0	2.3067	6.6067	4.6	13.513399999999999
6300413	19000.0	10	6000.0	1.9067	0	3.1667	5.0734
6299400	22000.0	11	6000.0	2.2067	0	3.6667	5.8734
6300060	22000.0	11	6000.0	2.2067	5.8734	3.6667	11.7468
6300985	25000.0	12	6000.0	2.5	0	4.1667	6.6667
6300370	21000.0	13	8000.0	2.1	0	2.625	4.725
6300285	22000.0	14	12000.0	2.2	0	1.8333	4.0333000000000006
6299802	23000.0	14	12000.0	2.3	4.0333	1.9167	8.25
6301247	22000.0	14	12000.0	2.2	8.25	1.8333	12.283299999999999
6300305	23000.0	14	12000.0	2.3	12.2833	1.9167	16.5
6300860	28000.0	14	12000.0	2.8	16.5	2.3333	21.633300000000002
6300346	21000.0	14	12000.0	2.1	21.6333	1.75	25.4833
6301000	21000.0	14	12000.0	2.1	25.4833	1.75	29.3333
6299899	23000.0	14	12000.0	2.3	29.3333	1.9167	33.550000000000004
6299612	22000.0	14	12000.0	2.2	33.55	1.8333	37.5833
6299568	20000.0	14	12000.0	2.0	37.5833	1.6667	41.25
6300896	21000.0	14	12000.0	2.1	41.25	1.75	45.1
6299695	24000.0	15	16000.0	2.4	0	1.5	3.9
6300932	22000.0	15	16000.0	2.2	3.9	1.375	7.475
6300344	21000.0	15	16000.0	2.1	7.475	1.3125	10.8875
6301509	22000.0	15	16000.0	2.2	10.8875	1.375	14.462499999999999
6299359	23000.0	15	16000.0	2.3	14.4625	1.4375	18.2
6301102	25000.0	15	16000.0	2.5	18.2	1.5625	22.2625
6299393	20000.0	16	18000.0	2.0058	0	1.1111	3.1169
6299794	25000.0	16	18000.0	2.5058	3.1169	1.3889	7.0116
6300334	21000.0	16	18000.0	2.1058	7.0116	1.1667	10.2841
6299342	25000.0	16	18000.0	2.5058	10.2841	1.3889	14.178799999999999
6299351	22000.0	16	18000.0	2.2058	14.1788	1.2222	17.6068
6299360	24000.0	16	18000.0	2.4058	17.6068	1.3333	21.3459
6301435	23000.0	16	18000.0	2.3058	21.3459	1.2778	24.9295
6301115	22000.0	16	18000.0	2.2058	24.9295	1.2222	28.3575
6299869	23000.0	16	18000.0	2.3058	28.3575	1.2778	31.941100000000002
6300730	23000.0	16	18000.0	2.3058	31.9411	1.2778	35.524699999999996
6299595	23000.0	17	24000.0	2.3058	531.7967	0.9583	535.0608
6299779	31000.0	17	24000.0	3.1058	535.0608	1.2917	539.4583
6299619	22000.0	17	24000.0	2.2058	539.4583	0.9167	542.5808
6299852	23000.0	17	24000.0	2.3058	542.5808	0.9583	545.8448999999999
6299552	23000.0	17	24000.0	2.3058	545.8449	0.9583	549.109
6299563	23000.0	17	24000.0	2.3058	549.109	0.9583	552.3731
6300269	21000.0	17	24000.0	2.1058	552.3731	0.875	555.3539000000001
6300817	23000.0	18	30000.0	2.3058	0	0.7667	3.0725000000000002
6301256	23000.0	18	30000.0	2.3058	3.0725	0.7667	6.145
6300625	22000.0	18	30000.0	2.2058	6.145	0.7333	9.0841
6299849	23000.0	18	30000.0	2.3058	9.0841	0.7667	12.1566
6299660	23000.0	18	30000.0	2.3058	12.1566	0.7667	15.229099999999999
6299970	23000.0	18	30000.0	2.3058	15.2291	0.7667	18.3016
6301524	24000.0	18	30000.0	2.4058	18.3016	0.8	21.5074
6299823	22000.0	18	30000.0	2.2058	21.5074	0.7333	24.4465
6300256	24000.0	18	30000.0	2.4058	24.4465	0.8	27.6523
6300017	22000.0	19	30000.0	2.2058	0	0.7333	2.9391
6301398	24000.0	19	30000.0	2.4058	2.9391	0.8	6.1449
6301046	23000.0	19	30000.0	2.3058	6.1449	0.7667	9.2174
6299639	23000.0	19	30000.0	2.3058	9.2174	0.7667	12.2899
6300623	22000.0	19	30000.0	2.2058	12.2899	0.7333	15.229
6300435	23000.0	17	24000.0	2.3058	554.3539	0.9583	557.6179999999999
6301172	1000.0	3	1000.0	0.1	18.2	1.0	19.3
3051707	85000.0	17	24000.0	8.5058	548.618	3.5417	560.6655000000001
3051261	70000.0	17	24000.0	7.0058	560.6655	2.9167	570.588
6300944	2000.0	17	24000.0	0.2058	570.588	0.0833	570.8770999999999
