14.7	0.46	0.7	1
44.099999999999994	0.35	0.7	1
88.19999999999999	0.36	0.7	1
144.89999999999998	0.41	0.6	1
214.2	0.45	0.6	1
294.0	0.48	0.5	1
392.7	0.33	0.9	1
504.0	0.43	0.6	1
626.9	0.37	0.6	1
762.4	0.42	0.6	1
914.7	0.38	0.8	1
1081.7	0.35	0.7	1
1263.4	0.45	0.7	1
1459.8000000000002	0.42	0.7	1
1675.1000000000001	0.35	0.9	1
1905.1000000000001	0.38	0.7	1
2149.8	0.36	0.7	1
2407.1000000000004	0.38	0.6	1
2679.1000000000004	0.4	0.7	1
2961.6000000000004	0.46	0.5	1
3254.6000000000004	0.49	0.5	1
3566.5000000000005	0.34	0.9	1
3891.0000000000005	0.46	0.6	1
4230.200000000001	0.37	0.7	1
4584.1	0.37	0.7	1
4950.6	0.51	0.6	1
5327.6	0.4	0.5	1
5719.3	0.45	0.7	1
6123.6	0.36	0.6	1
6536.3	0.51	0.4	1
6961.6	0.34	0.6	1
7401.6	0.43	0.7	1
7858.400000000001	0.34	0.8	1
8327.800000000001	0.43	0.6	1
8811.900000000001	0.39	0.7	1
9306.500000000002	0.48	0.5	1
9820.000000000002	0.32	0.9	1
10350.300000000001	0.41	0.8	1
10897.400000000001	0.37	0.8	1
11457.100000000002	0.39	0.6	1
12027.300000000003	0.48	0.5	1
12612.200000000003	0.43	0.7	1
13209.700000000003	0.4	0.6	1
13824.000000000002	0.36	0.8	1
14455.100000000002	0.36	0.8	1
15100.900000000001	0.43	0.7	1
15763.500000000002	0.34	0.8	1
16440.800000000003	0.44	0.7	1
17132.800000000003	0.4	0.7	1
17839.500000000004	0.45	0.7	1
18563.000000000004	0.32	0.8	1
19301.200000000004	0.48	0.7	1
20049.900000000005	0.42	0.5	1
20813.300000000007	0.33	0.7	1
21589.300000000007	0.42	0.6	1
22370.600000000006	0.58	0.3	1
23164.500000000007	0.47	0.6	1
23971.000000000007	0.38	0.6	1
24790.100000000006	0.57	0.6	1
25619.700000000004	0.46	0.5	1
26459.800000000003	0.45	0.5	1
27312.500000000004	0.42	0.6	1
28179.900000000005	0.41	0.7	1
29064.100000000006	0.39	0.8	1
29960.900000000005	0.41	0.6	1
30866.100000000006	0.62	0.4	1
31781.800000000007	0.41	0.5	1
32712.200000000008	0.34	0.7	1
33659.40000000001	0.35	0.8	1
34621.30000000001	0.39	0.7	1
35595.80000000001	0.38	0.6	1
36582.90000000001	0.38	0.6	1
37586.80000000001	0.4	0.8	1
38601.20000000001	0.42	0.5	1
39626.10000000001	0.42	0.5	1
40667.80000000001	0.39	0.8	1
41724.20000000001	0.41	0.7	1
42793.20000000001	0.47	0.6	1
43874.80000000001	0.56	0.6	1
44971.10000000001	0.41	0.7	1
46082.10000000001	0.4	0.7	1
47207.80000000001	0.39	0.7	1
48360.80000000001	0.25	1.3	1
49526.40000000001	0.43	0.6	1
50710.90000000001	0.36	0.9	1
51905.90000000001	0.49	0.5	1
53115.600000000006	0.4	0.7	1
54335.8	0.47	0.5	1
55570.700000000004	0.46	0.7	1
56820.3	0.37	0.7	1
58084.600000000006	0.38	0.7	1
59359.40000000001	0.42	0.5	1
60646.80000000001	0.5	0.6	1
61944.70000000001	0.53	0.5	1
63253.10000000001	0.46	0.5	1
64576.20000000001	0.36	0.7	1
65914.00000000001	0.39	0.7	1
67268.60000000002	0.34	0.8	1
68635.80000000002	0.44	0.6	1
70017.70000000001	0.4	0.7	1
71416.40000000001	0.34	0.8	1
72825.6	0.49	0.5	1
74249.5	0.38	0.7	1
75686.0	0.44	0.6	1
77137.2	0.37	0.7	1
78605.2	0.38	0.8	1
80079.5	0.58	0.3	1
81565.4	0.38	0.6	1
83066.0	0.42	0.7	1
84575.0	0.47	0.4	1
86105.0	0.28	1.0	1
87649.7	0.38	0.7	1
89207.0	0.45	0.6	1
90779.0	0.33	0.7	1
92365.7	0.44	0.7	1
93965.0	0.42	0.6	1
95574.8	0.48	0.5	1
97203.5	0.38	0.9	1
98844.8	0.43	0.6	1
100494.5	0.55	0.4	1
102158.9	0.4	0.7	1
103842.2	0.36	0.9	1
105538.09999999999	0.45	0.6	1
107248.7	0.29	0.7	1
108974.0	0.39	0.7	1
110707.7	0.61	0.4	1
112449.8	0.63	0.4	1
114200.3	0.55	0.4	1
115963.40000000001	0.42	0.6	1
117745.40000000001	0.33	0.9	1
119544.20000000001	0.35	0.8	1
121351.40000000001	0.57	0.4	1
123173.3	0.38	0.7	1
125012.0	0.4	0.8	1
126867.5	0.36	0.8	1
128737.7	0.39	0.7	1
130622.59999999999	0.36	0.7	1
132524.3	0.33	0.8	1
134436.5	0.51	0.5	1
136367.6	0.37	0.9	1
138315.5	0.35	0.8	1
140284.4	0.31	1.0	1
142272.19999999998	0.3	0.9	1
144272.59999999998	0.4	0.6	1
146287.69999999998	0.38	0.7	1
148317.49999999997	0.4	0.7	1
150359.89999999997	0.45	0.6	1
152414.89999999997	0.47	0.6	1
154482.49999999997	0.47	0.6	1
156564.79999999996	0.3	0.7	1
158663.89999999997	0.34	0.8	1
160783.99999999997	0.3	1.0	1
162914.59999999998	0.4	0.5	1
165055.69999999998	0.44	0.5	1
167209.4	0.4	0.6	1
169382.0	0.32	0.9	1
171571.4	0.3	0.8	1
173773.4	0.48	0.6	1
175990.1	0.41	0.7	1
178219.4	0.38	0.6	1
180463.4	0.38	0.7	1
182722.1	0.39	0.7	1
184995.5	0.4	0.7	1
187279.4	0.48	0.5	1
189580.1	0.36	0.8	1
191903.9	0.29	1.1	1
194236.1	0.49	0.4	1
196583.0	0.37	0.7	1
198944.6	0.4	0.7	1
201318.80000000002	0.45	0.6	1
203703.50000000003	0.38	0.5	1
206106.10000000003	0.32	0.9	1
208525.50000000003	0.36	0.8	1
210961.70000000004	0.37	0.8	1
213410.50000000003	0.42	0.6	1
215871.90000000002	0.47	0.6	1
218345.90000000002	0.49	0.6	1
220832.50000000003	0.45	0.6	1
223333.80000000002	0.37	0.7	1
225847.7	0.39	0.6	1
228374.2	0.41	0.6	1
230915.40000000002	0.34	0.7	1
233467.10000000003	0.44	0.5	1
236033.50000000003	0.35	0.7	1
238614.60000000003	0.35	0.7	1
241212.50000000003	0.35	0.8	1
243825.10000000003	0.36	0.7	1
246450.30000000005	0.36	0.6	1
249092.30000000005	0.39	0.8	1
251751.10000000003	0.35	0.8	1
254433.00000000003	0.29	1.1	1
257127.50000000003	0.38	0.6	1
259838.80000000002	0.32	0.8	1
262564.80000000005	0.39	0.7	1
265303.4	0.42	0.6	1
268060.9	0.35	0.9	1
270831.0	0.5	0.6	1
273615.8	0.36	0.7	1
276417.39999999997	0.34	0.8	1
279233.69999999995	0.39	0.7	1
282062.6	0.4	0.6	1
284908.3	0.34	0.8	1
287768.7	0.38	0.7	1
290645.9	0.36	0.8	1
293539.9	0.34	0.8	1
296448.60000000003	0.43	0.7	1
299367.80000000005	0.48	0.5	1
302301.70000000007	0.4	0.7	1
305250.30000000005	0.41	0.7	1
308211.50000000006	0.38	0.6	1
311187.4000000001	0.38	0.7	1
314178.00000000006	0.43	0.7	1
317183.30000000005	0.38	0.7	1
320207.50000000006	0.31	0.9	1
323246.4000000001	0.44	0.7	1
326295.8000000001	0.44	0.5	1
329364.1000000001	0.33	0.9	1
332445.0000000001	0.39	0.6	1
335538.5000000001	0.4	0.6	1
338648.8000000001	0.34	0.8	1
341782.2000000001	0.3	1.1	1
344932.40000000014	0.35	0.8	1
348095.2000000001	0.38	0.6	1
351272.7000000001	0.4	0.7	1
354464.90000000014	0.35	0.7	1
357667.60000000015	0.5	0.5	1
360885.0000000002	0.4	0.7	1
364119.2000000002	0.35	0.8	1
367368.1000000002	0.41	0.7	1
370627.50000000023	0.43	0.5	1
373903.70000000024	0.37	0.8	1
377196.70000000024	0.37	0.8	1
380500.20000000024	0.48	0.5	1
383816.3000000002	0.39	0.6	1
387149.20000000024	0.35	0.8	1
390498.90000000026	0.31	0.8	1
393863.3000000003	0.33	0.7	1
397242.40000000026	0.35	0.7	1
400634.10000000027	0.42	0.6	1
404038.40000000026	0.41	0.6	1
