1.8734000000000002	0.36	0.7	1
5.6202000000000005	0.37	0.7	1
10.973700000000001	0.45	0.6	1
18.2006	0.45	0.7	1
27.3009	0.36	0.7	1
38.2746	0.39	0.7	1
50.855	0.38	0.6	1
65.30879999999999	0.4	0.7	1
81.36929999999998	0.46	0.6	1
99.03649999999999	0.41	0.6	1
118.31039999999999	0.46	0.6	1
139.19099999999997	0.48	0.6	1
160.14499999999998	0.58	0.4	1
182.70569999999998	0.4	0.6	1
207.13979999999998	0.42	0.7	1
233.18059999999997	0.43	0.6	1
260.82809999999995	0.41	0.6	1
290.34899999999993	0.37	0.7	1
321.47659999999996	0.47	0.6	1
354.47759999999994	0.34	0.7	1
389.08529999999996	0.47	0.6	1
425.56639999999993	0.39	0.7	1
463.9208999999999	0.38	0.7	1
504.1487999999999	0.4	0.7	1
546.2500999999999	0.38	0.7	1
589.9580999999998	0.47	0.6	1
635.2727999999998	0.4	0.6	1
681.9274999999999	0.47	0.5	1
729.9221999999999	0.47	0.5	1
779.5235999999999	0.39	0.6	1
830.7316999999998	0.4	0.6	1
883.0131999999999	0.6	0.4	1
936.9013999999999	0.48	0.6	1
992.3962999999999	0.44	0.6	1
1049.4978999999998	0.45	0.6	1
1108.2061999999999	0.35	0.6	1
1168.2544999999998	0.55	0.5	1
1229.9094999999998	0.38	0.6	1
1293.1711999999998	0.44	0.6	1
1357.7728999999997	0.5	0.5	1
1423.9812999999997	0.48	0.6	1
1491.7963999999997	0.4	0.6	1
1560.9514999999997	0.46	0.5	1
1631.4465999999998	0.43	0.5	1
1703.5483999999997	0.41	0.6	1
1777.5235999999998	0.36	0.7	1
1852.8387999999998	0.38	0.5	1
1930.0273999999997	0.42	0.7	1
2008.8226999999997	0.44	0.6	1
2089.4914	0.41	0.7	1
2171.7668	0.49	0.6	1
2255.9156	0.41	0.7	1
2341.4044	0.42	0.5	1
2428.2331999999997	0.43	0.5	1
2516.4019999999996	0.53	0.5	1
2606.4441999999995	0.36	0.7	1
2698.3597999999993	0.4	0.7	1
2792.1487999999995	0.4	0.7	1
2887.5444999999995	0.41	0.6	1
2984.8135999999995	0.36	0.7	1
3083.6893999999993	0.41	0.6	1
3184.1718999999994	0.48	0.6	1
3286.5277999999994	0.37	0.7	1
3389.9570999999996	0.59	0.4	1
3493.7263999999996	0.45	0.5	1
3599.3690999999994	0.36	0.7	1
3706.8851999999993	0.4	0.7	1
3816.274699999999	0.35	0.7	1
3927.270899999999	0.43	0.6	1
4040.140499999999	0.43	0.7	1
4154.883499999999	0.36	0.7	1
4271.233199999999	0.41	0.6	1
4389.189599999999	0.36	0.6	1
4509.019399999999	0.4	0.7	1
4630.455899999999	0.47	0.6	1
4753.232399999999	0.49	0.5	1
4877.882299999999	0.36	0.7	1
5004.138899999999	0.38	0.6	1
5132.002199999999	0.44	0.6	1
5261.738899999999	0.39	0.7	1
5393.348999999999	0.42	0.7	1
5526.8324999999995	0.45	0.7	1
5662.189399999999	0.38	0.7	1
5799.4196999999995	0.34	0.7	1
5938.2567	0.4	0.6	1
6078.7004	0.54	0.6	1
6221.0175	0.34	0.7	1
6365.208	0.4	0.7	1
6511.2719	0.39	0.7	1
6658.4092	0.54	0.4	1
6807.1532	0.47	0.6	1
6957.5039	0.41	0.6	1
7109.728	0.39	0.7	1
7263.8255	0.37	0.7	1
7419.7964	0.41	0.7	1
7577.374	0.41	0.6	1
7736.5583	0.4	0.6	1
7897.3493	0.45	0.6	1
8059.4803	0.48	0.5	1
8223.4847	0.41	0.7	1
8388.8291	0.41	0.5	1
8556.046900000001	0.38	0.7	1
8724.604700000002	0.45	0.5	1
8894.769200000002	0.43	0.6	1
9066.807100000002	0.35	0.7	1
9240.185000000001	0.47	0.5	1
9415.169600000001	0.43	0.6	1
9591.760900000001	0.44	0.6	1
9769.4256	0.55	0.4	1
9948.9637	0.35	0.7	1
10130.3752	0.37	0.7	1
10313.660100000001	0.39	0.7	1
10498.551700000002	0.5	0.6	1
10685.050000000001	0.45	0.6	1
10873.155	0.49	0.6	1
11062.6	0.44	0.5	1
11253.385	0.43	0.5	1
11446.0434	0.38	0.7	1
11640.308500000001	0.43	0.6	1
11836.447	0.36	0.7	1
12033.9255	0.41	0.5	1
12233.277399999999	0.41	0.7	1
12434.5027	0.38	0.7	1
12637.6014	0.37	0.7	1
12842.3068	0.4	0.6	1
13048.352200000001	0.45	0.5	1
13255.0043	0.41	0.6	1
13462.9964	0.43	0.5	1
13672.5952	0.42	0.6	1
13883.8007	0.45	0.6	1
14096.8796	0.36	0.7	1
14311.2985	0.47	0.5	1
14527.324100000002	0.46	0.6	1
14744.423100000002	0.61	0.4	1
14963.395500000002	0.36	0.7	1
15183.707900000003	0.49	0.5	1
15405.893700000002	0.36	0.7	1
15629.952900000002	0.37	0.7	1
15855.885500000002	0.37	0.7	1
16083.424800000003	0.47	0.6	1
16312.837500000003	0.4	0.7	1
16544.123600000003	0.44	0.7	1
16777.016400000004	0.43	0.6	1
17011.515900000006	0.42	0.6	1
17247.888800000004	0.4	0.7	1
17485.868400000003	0.41	0.6	1
17725.721400000002	0.38	0.7	1
17966.647800000002	0.5	0.4	1
18209.180900000003	0.39	0.6	1
18453.320700000004	0.42	0.6	1
18699.333900000005	0.35	0.7	1
18946.420500000004	0.54	0.4	1
19195.113800000003	0.45	0.6	1
19445.413800000002	0.41	0.6	1
19697.3205	0.44	0.6	1
19951.1006	0.42	0.7	1
20206.754100000002	0.4	0.7	1
20463.481000000003	0.59	0.4	1
20721.814600000005	0.42	0.6	1
20982.021600000004	0.4	0.7	1
21243.835300000002	0.47	0.6	1
21507.2557	0.47	0.6	1
21772.2828	0.4	0.6	1
22039.1833	0.35	0.7	1
22307.6905	0.47	0.6	1
22577.8044	0.42	0.6	1
22849.2583	0.5	0.5	1
23122.052200000002	0.45	0.5	1
23396.186100000003	0.46	0.5	1
23671.926700000004	0.42	0.6	1
23949.540700000005	0.37	0.7	1
24228.761400000007	0.42	0.6	1
24509.32210000001	0.56	0.5	1
24791.489500000007	0.44	0.6	1
25074.996900000006	0.49	0.5	1
25359.577700000005	0.39	0.4	1
25645.765200000005	0.38	0.6	1
25933.559400000006	0.38	0.6	1
26222.960300000006	0.42	0.6	1
26513.967900000007	0.41	0.6	1
26806.582200000008	0.48	0.6	1
27101.06990000001	0.46	0.7	1
27396.89760000001	0.49	0.5	1
27694.59870000001	0.37	0.7	1
27993.90650000001	0.41	0.6	1
28294.287700000008	0.6	0.4	1
28596.54230000001	0.38	0.7	1
28900.13690000001	0.46	0.5	1
29205.60490000001	0.4	0.7	1
29512.67960000001	0.37	0.6	1
29821.09430000001	0.51	0.5	1
30130.382400000013	0.44	0.7	1
30441.27720000001	0.45	0.6	1
30754.04540000001	0.38	0.7	1
31068.42030000001	0.42	0.6	1
31384.668600000008	0.38	0.7	1
31702.523600000008	0.43	0.6	1
32022.252000000008	0.39	0.7	1
32343.853800000008	0.42	0.7	1
32666.79560000001	0.5	0.5	1
32991.34410000001	0.47	0.6	1
33317.76600000001	0.39	0.7	1
33645.79460000001	0.45	0.6	1
33975.69660000001	0.42	0.7	1
34307.47200000001	0.35	0.7	1
34640.85410000001	0.45	0.6	1
34976.10960000001	0.39	0.7	1
35312.705100000014	0.41	0.5	1
35651.17400000001	0.4	0.7	1
35991.51630000001	0.34	0.7	1
36333.73200000001	0.46	0.7	1
36677.82110000001	0.39	0.7	1
37023.25020000001	0.55	0.5	1
37370.55270000001	0.34	0.7	1
37719.72860000001	0.4	0.7	1
38070.77790000001	0.37	0.7	1
38423.16720000001	0.46	0.5	1
38777.42990000001	0.32	0.7	1
39133.56600000001	0.4	0.7	1
39491.57550000001	0.39	0.7	1
39851.19170000001	0.41	0.6	1
40212.68130000001	0.4	0.7	1
40575.77760000001	0.41	0.6	1
40940.48060000001	0.37	0.6	1
41307.05700000001	0.44	0.7	1
41675.24010000001	0.36	0.6	1
42045.02990000001	0.42	0.6	1
42416.42640000001	0.45	0.6	1
42789.69630000001	0.38	0.7	1
43164.572900000014	0.38	0.6	1
43541.05620000001	0.37	0.6	1
43919.14620000001	0.36	0.6	1
44298.57620000001	0.48	0.5	1
44679.61290000001	0.41	0.6	1
45062.52300000001	0.37	0.7	1
45447.306500000006	0.41	0.7	1
45833.43000000001	0.49	0.5	1
46221.426900000006	0.4	0.7	1
46611.03050000001	0.36	0.6	1
47002.24080000001	0.45	0.6	1
47395.32450000001	0.37	0.7	1
47790.01490000001	0.41	0.6	1
48185.77870000001	0.62	0.4	1
48582.88250000001	0.49	0.5	1
48981.85970000001	0.4	0.7	1
49382.710300000006	0.4	0.7	1
49784.90090000001	0.48	0.5	1
50188.964900000006	0.35	0.7	1
50594.63560000001	0.38	0.6	1
51002.17970000001	0.36	0.7	1
51411.59720000001	0.33	0.7	1
51822.88810000001	0.35	0.7	1
52236.05240000001	0.37	0.7	1
52650.290100000006	0.68	0.4	1
53065.86780000001	0.45	0.5	1
53483.052200000006	0.38	0.6	1
53902.11000000001	0.41	0.7	1
54322.77450000001	0.39	0.6	1
54745.31240000001	0.37	0.7	1
55169.72370000001	0.38	0.7	1
55596.008400000006	0.36	0.7	1
56024.16650000001	0.41	0.7	1
56453.931300000004	0.45	0.6	1
56885.302800000005	0.41	0.6	1
57318.281	0.48	0.6	1
57753.132600000004	0.37	0.7	1
58189.8576	0.42	0.7	1
58628.456000000006	0.4	0.7	1
59068.927800000005	0.35	0.7	1
59510.73960000001	0.42	0.5	1
59954.15810000001	0.42	0.6	1
60399.450000000004	0.4	0.7	1
60846.615300000005	0.35	0.7	1
61295.1206	0.46	0.5	1
61745.2326	0.52	0.6	1
62197.218	0.37	0.7	1
62651.0768	0.43	0.7	1
63106.809	0.36	0.7	1
63564.414600000004	0.48	0.7	1
64023.0936	0.46	0.4	1
64483.1126	0.43	0.5	1
64945.005	0.35	0.7	1
65408.7708	0.39	0.7	1
65874.41	0.37	0.7	1
66341.9226	0.35	0.7	1
66811.3086	0.35	0.7	1
67282.568	0.4	0.7	1
