1.6067	0.45	0.6	1
5.0868	0.36	0.7	1
10.4403	0.41	0.7	1
17.6672	0.41	0.7	1
26.7675	0.38	0.7	1
37.7412	0.41	0.7	1
50.5883	0.42	0.7	1
65.30879999999999	0.38	0.7	1
81.636	0.44	0.6	1
99.56989999999999	0.43	0.6	1
119.11049999999999	0.45	0.6	1
139.72449999999998	0.65	0.4	1
162.21189999999999	0.36	0.7	1
186.5727	0.39	0.7	1
212.5402	0.42	0.6	1
239.3811	0.37	0.7	1
267.8287	0.39	0.6	1
297.6163	0.47	0.5	1
329.0106	0.37	0.6	1
362.2783	0.4	0.7	1
397.4194	0.44	0.7	1
434.4339	0.32	0.7	1
473.3218	0.43	0.7	1
513.8164	0.37	0.6	1
556.1844000000001	0.38	0.7	1
600.1591000000001	0.39	0.6	1
646.0072000000001	0.38	0.7	1
693.1953000000001	0.54	0.5	1
742.2568000000001	0.4	0.7	1
792.6583000000002	0.47	0.5	1
844.1332000000002	0.56	0.4	1
897.4815000000002	0.36	0.7	1
952.4365000000003	0.45	0.6	1
1008.7315000000002	0.55	0.5	1
1066.6332000000002	0.47	0.6	1
1126.4083000000003	0.34	0.7	1
1188.0568000000003	0.37	0.7	1
1251.3120000000004	0.41	0.6	1
1316.1739000000005	0.38	0.6	1
1382.9092000000005	0.4	0.7	1
1451.5179000000005	0.42	0.7	1
1521.4666000000004	0.44	0.5	1
1592.7553000000005	0.46	0.5	1
1665.6507000000006	0.42	0.6	1
1740.1528000000005	0.4	0.6	1
1816.5283000000006	0.34	0.7	1
1894.7772000000007	0.4	0.7	1
1974.0995000000007	0.56	0.4	1
2055.028500000001	0.41	0.6	1
2137.2975000000006	0.49	0.5	1
2221.1732000000006	0.44	0.6	1
2306.1223000000005	0.59	0.4	1
2392.1448000000005	0.52	0.4	1
2480.0407000000005	0.42	0.7	1
2569.5433000000003	0.41	0.6	1
2660.3859	0.42	0.5	1
2752.8352000000004	0.37	0.6	1
2846.1579000000006	0.39	0.7	1
2940.8206000000005	0.54	0.5	1
3037.0900000000006	0.45	0.6	1
3134.9661000000006	0.44	0.6	1
3234.4489000000003	0.41	0.6	1
3335.5384000000004	0.38	0.6	1
3438.5013000000004	0.37	0.7	1
3543.3376000000003	0.44	0.7	1
3649.2473000000005	0.51	0.4	1
3757.0304000000006	0.37	0.7	1
3866.4202000000005	0.45	0.6	1
3977.1500000000005	0.57	0.5	1
4089.7532000000006	0.36	0.7	1
4204.229800000001	0.5	0.7	1
4320.579800000001	0.38	0.7	1
4438.536500000001	0.39	0.6	1
4557.833200000001	0.44	0.5	1
4678.469900000001	0.44	0.5	1
4800.713300000001	0.43	0.6	1
4924.830100000001	0.38	0.7	1
5050.820300000001	0.39	0.7	1
5178.417200000002	0.44	0.6	1
5307.887500000002	0.38	0.7	1
5439.231200000002	0.34	0.7	1
5572.181600000002	0.4	0.6	1
5706.205400000002	0.58	0.4	1
5842.102600000002	0.37	0.7	1
5979.339800000002	0.45	0.5	1
6118.4504000000015	0.33	0.7	1
6258.901000000002	0.44	0.5	1
6401.225000000001	0.41	0.7	1
6545.422400000001	0.37	0.7	1
6691.493200000002	0.38	0.7	1
6839.1707000000015	0.42	0.6	1
6988.4549000000015	0.38	0.6	1
7139.612500000001	0.4	0.7	1
7292.376800000001	0.42	0.6	1
7447.014500000001	0.38	0.7	1
7603.258900000001	0.44	0.6	1
7761.376700000001	0.4	0.7	1
7921.101200000001	0.4	0.6	1
8082.432400000001	0.43	0.6	1
8245.3703	0.41	0.6	1
8409.9149	0.42	0.6	1
8576.3329	0.42	0.7	1
8743.8243	0.55	0.4	1
8912.9224	0.42	0.6	1
9083.627199999999	0.44	0.6	1
9255.938699999999	0.35	0.6	1
9429.856899999999	0.45	0.6	1
9605.115099999999	0.46	0.5	1
9781.98	0.45	0.6	1
9960.7183	0.32	0.7	1
10141.0633	0.45	0.6	1
10322.7483	0.43	0.5	1
10506.3067	0.36	0.7	1
10691.4718	0.46	0.6	1
10876.710299999999	0.53	0.4	1
11063.555499999999	0.39	0.6	1
11251.4741	0.6	0.4	1
11441.266099999999	0.34	0.7	1
11632.664799999999	0.42	0.6	1
11825.936899999999	0.36	0.7	1
12021.0824	0.41	0.7	1
12218.101299999998	0.4	0.7	1
12416.993599999998	0.41	0.7	1
12617.492599999998	0.44	0.6	1
12819.864999999998	0.4	0.7	1
13024.110799999999	0.35	0.7	1
13229.9633	0.39	0.6	1
13437.689199999999	0.38	0.7	1
13646.755099999998	0.47	0.5	1
13857.694399999998	0.38	0.7	1
14070.507099999999	0.39	0.7	1
14285.1932	0.39	0.7	1
14501.7527	0.41	0.7	1
14720.185599999999	0.36	0.7	1
14940.225199999999	0.5	0.6	1
15162.1382	0.46	0.7	1
15385.6579	0.43	0.6	1
15611.051	0.43	0.7	1
15838.3175	0.34	0.7	1
16067.4574	0.39	0.7	1
16297.670699999999	0.52	0.4	1
16528.9574	0.64	0.4	1
16762.1175	0.42	0.7	1
16996.6176	0.47	0.5	1
17232.724400000003	0.46	0.6	1
17470.171200000004	0.5	0.5	1
17709.224700000006	0.45	0.6	1
17950.151600000005	0.38	0.7	1
18192.951900000004	0.4	0.7	1
18437.625600000003	0.4	0.7	1
18683.906000000003	0.43	0.6	1
18931.793100000003	0.43	0.6	1
19181.286900000003	0.46	0.6	1
19432.654100000003	0.41	0.7	1
19685.894700000004	0.39	0.7	1
19941.008700000006	0.4	0.7	1
20197.996100000008	0.32	0.7	1
20456.590200000006	0.42	0.6	1
20716.524300000005	0.45	0.5	1
20978.331800000004	0.42	0.7	1
21241.479300000003	0.54	0.5	1
21506.500200000002	0.43	0.7	1
21773.127800000002	0.48	0.6	1
22041.362100000002	0.44	0.6	1
22311.469800000003	0.4	0.7	1
22582.650900000004	0.5	0.4	1
22855.705400000003	0.38	0.7	1
23130.6333	0.32	0.7	1
23407.1679	0.45	0.6	1
23685.5759	0.3	0.7	1
23965.0573	0.51	0.4	1
24246.4121	0.42	0.7	1
24529.373600000003	0.41	0.6	1
24814.208500000004	0.38	0.7	1
25100.916800000003	0.34	0.7	1
25389.4985	0.35	0.7	1
25679.9536	0.37	0.7	1
25972.2821	0.41	0.7	1
26266.2173	0.43	0.6	1
26561.7592	0.42	0.6	1
26859.1745	0.38	0.7	1
27158.196500000002	0.39	0.6	1
27459.091900000003	0.45	0.7	1
27761.594000000005	0.4	0.6	1
28065.169500000004	0.55	0.4	1
28369.351700000003	0.41	0.6	1
28675.140600000002	0.44	0.6	1
28982.536200000002	0.35	0.6	1
29291.271800000002	0.49	0.5	1
29601.880800000003	0.41	0.7	1
29913.563200000004	0.56	0.4	1
30226.585600000006	0.39	0.5	1
30541.481400000004	0.38	0.7	1
30858.250600000003	0.34	0.7	1
31176.626500000002	0.56	0.6	1
31496.3424	0.5	0.5	1
31817.665	0.46	0.6	1
32140.5943	0.44	0.6	1
32464.8636	0.53	0.5	1
32790.7396	0.4	0.6	1
33117.689	0.67	0.4	1
33446.5118	0.4	0.7	1
33777.208	0.36	0.7	1
34109.7776	0.38	0.7	1
34444.2206	0.41	0.7	1
34780.537000000004	0.31	0.7	1
35117.9268	0.56	0.4	1
35457.19	0.4	0.7	1
35798.3266	0.37	0.7	1
36141.3366	0.39	0.7	1
36485.6866	0.49	0.5	1
36831.6433	0.47	0.6	1
37179.4734	0.39	0.7	1
37528.910200000006	0.4	0.6	1
37879.687000000005	0.53	0.5	1
38232.3372	0.34	0.7	1
38586.8608	0.33	0.7	1
38943.2578	0.38	0.7	1
39301.2615	0.45	0.6	1
39661.1386	0.35	0.7	1
40022.0891	0.58	0.4	1
40384.913	0.41	0.7	1
40749.0769	0.42	0.5	1
41115.1142	0.42	0.7	1
41482.758200000004	0.39	0.6	1
41851.7422	0.51	0.5	1
42222.3329	0.4	0.6	1
42594.5303	0.41	0.6	1
42968.3344	0.48	0.6	1
43343.4785	0.56	0.5	1
43720.2293	0.46	0.6	1
44098.8535	0.41	0.7	1
44479.0844	0.44	0.6	1
44861.1887	0.41	0.7	1
45244.8997	0.48	0.6	1
45630.4841	0.37	0.7	1
46017.9419	0.4	0.7	1
46407.2731	0.39	0.7	1
46798.210999999996	0.38	0.6	1
47190.4889	0.5	0.5	1
47584.640199999994	0.38	0.7	1
47979.86489999999	0.55	0.4	1
48376.429599999996	0.53	0.5	1
48774.867699999995	0.35	0.7	1
49174.9125	0.43	0.6	1
49576.8307	0.39	0.7	1
49980.355599999995	0.41	0.6	1
50385.487199999996	0.44	0.6	1
50792.22549999999	0.46	0.6	1
51200.303799999994	0.47	0.5	1
51610.25549999999	0.35	0.7	1
52022.080599999994	0.36	0.7	1
52435.77909999999	0.41	0.7	1
52851.350999999995	0.39	0.7	1
53268.529599999994	0.42	0.6	1
53687.5816	0.41	0.7	1
54107.9736	0.51	0.5	1
54529.439	0.51	0.4	1
54952.511099999996	0.42	0.6	1
55377.1899	0.4	0.6	1
55803.475399999996	0.39	0.6	1
56231.1009	0.4	0.5	1
56660.066399999996	0.51	0.5	1
57090.6386	0.4	0.6	1
57522.8175	0.41	0.6	1
57956.8698	0.42	0.7	1
58392.7955	0.44	0.7	1
58830.3279	0.48	0.6	1
59269.7337	0.41	0.7	1
59710.746199999994	0.45	0.6	1
60153.632099999995	0.39	0.7	1
60598.12469999999	0.43	0.6	1
61044.223999999995	0.4	0.6	1
61492.19669999999	0.36	0.7	1
