1.8667	0.39	0.7	1
5.6001	0.43	0.7	1
10.9335	0.43	0.6	1
18.1336	0.39	0.7	1
27.200400000000002	0.35	0.7	1
37.867200000000004	0.45	0.6	1
50.134	0.45	0.6	1
64.2675	0.39	0.7	1
79.73429999999999	0.44	0.5	1
96.53439999999999	0.4	0.5	1
114.93449999999999	0.41	0.6	1
134.66789999999997	0.49	0.5	1
156.26799999999997	0.4	0.7	1
179.73479999999998	0.38	0.7	1
205.06829999999997	0.46	0.7	1
232.00179999999997	0.42	0.6	1
260.80199999999996	0.36	0.7	1
291.20219999999995	0.41	0.6	1
322.93569999999994	0.41	0.5	1
356.53589999999997	0.37	0.7	1
391.46939999999995	0.54	0.5	1
427.00289999999995	0.49	0.6	1
464.40309999999994	0.37	0.7	1
502.86999999999995	0.45	0.4	1
542.9368999999999	0.41	0.6	1
584.8704999999999	0.35	0.7	1
628.4040999999999	0.38	0.6	1
673.8043999999999	0.42	0.7	1
721.0713999999999	0.44	0.7	1
769.9383999999999	0.43	0.6	1
820.4053999999999	0.45	0.6	1
871.9390999999998	0.6	0.4	1
925.0727999999998	0.38	0.6	1
979.8064999999998	0.45	0.6	1
1036.1401999999998	0.41	0.6	1
1094.0738999999999	0.41	0.6	1
1153.8743	0.42	0.7	1
1215.2747	0.44	0.6	1
1278.5418	0.35	0.7	1
1343.4089	0.41	0.6	1
1410.1426999999999	0.4	0.7	1
1478.4764999999998	0.45	0.6	1
1548.6769999999997	0.41	0.7	1
1620.4774999999997	0.41	0.6	1
1694.1446999999998	0.36	0.7	1
1769.4118999999998	0.51	0.6	1
1846.5457999999999	0.38	0.7	1
1925.2796999999998	0.48	0.6	1
2005.3468999999998	0.5	0.5	1
2087.2808	0.38	0.7	1
2170.548	0.46	0.5	1
2255.6818999999996	0.44	0.7	1
2342.6824999999994	0.45	0.7	1
2431.2830999999996	0.36	0.6	1
2520.9503999999997	0.58	0.4	1
2611.9509999999996	0.46	0.5	1
2704.5516	0.45	0.6	1
2799.0188999999996	0.38	0.7	1
2895.0861999999997	0.42	0.6	1
2992.7535	0.37	0.6	1
3092.2875	0.37	0.7	1
3193.4215	0.44	0.6	1
3296.1555	0.44	0.6	1
3400.4894999999997	0.39	0.6	1
3506.4235	0.4	0.6	1
3613.9575	0.42	0.6	1
3722.8248	0.45	0.5	1
3833.2920999999997	0.42	0.6	1
3945.6260999999995	0.39	0.7	1
4059.5600999999997	0.42	0.6	1
4175.094099999999	0.43	0.6	1
4291.228099999999	0.39	0.6	1
4408.6954	0.43	0.5	1
4528.029399999999	0.37	0.7	1
4648.9634	0.43	0.6	1
4771.2307	0.43	0.5	1
4895.098	0.37	0.6	1
5020.2986	0.42	0.5	1
5147.3659	0.4	0.7	1
5276.2999	0.4	0.7	1
5407.1006	0.39	0.7	1
5539.5013	0.42	0.6	1
5673.2353	0.47	0.5	1
5808.5693	0.39	0.6	1
5945.77	0.43	0.7	1
6084.0374	0.59	0.4	1
6223.6381	0.39	0.5	1
6364.8388	0.47	0.6	1
6507.1062	0.55	0.4	1
6650.4403	0.64	0.4	1
6795.1077000000005	0.49	0.5	1
6941.3751	0.4	0.6	1
7089.5092	0.4	0.7	1
7239.2433	0.4	0.6	1
7390.5774	0.42	0.6	1
7543.5115000000005	0.41	0.6	1
7698.3123000000005	0.43	0.7	1
7854.713100000001	0.4	0.6	1
8012.713900000001	0.35	0.6	1
8172.314700000001	0.45	0.6	1
8333.782200000001	0.45	0.7	1
8496.8497	0.41	0.6	1
8661.7839	0.34	0.7	1
8828.3181	0.41	0.6	1
8996.719000000001	0.43	0.7	1
9166.453200000002	0.5	0.5	1
9337.787400000001	0.47	0.6	1
9510.7216	0.42	0.6	1
9685.522500000001	0.39	0.7	1
9861.3901	0.65	0.4	1
10039.1244	0.43	0.7	1
10218.725400000001	0.37	0.7	1
10400.1931	0.38	0.7	1
10583.5275	0.42	0.7	1
10768.4619	0.41	0.6	1
10954.9963	0.42	0.6	1
11143.130700000002	0.41	0.6	1
11332.8651	0.43	0.6	1
11524.1995	0.4	0.6	1
11717.4006	0.33	0.7	1
11911.935000000001	0.44	0.5	1
12108.069400000002	0.36	0.6	1
12306.070500000002	0.43	0.7	1
12505.404900000001	0.42	0.5	1
12706.606000000002	0.47	0.7	1
12909.673800000002	0.44	0.7	1
13113.808300000002	0.48	0.4	1
13319.009500000002	0.63	0.4	1
13525.077400000002	0.42	0.7	1
13732.745300000002	0.42	0.6	1
13942.279900000003	0.38	0.7	1
14153.681200000003	0.43	0.7	1
14366.682500000003	0.38	0.6	1
14581.283800000003	0.43	0.6	1
14797.485100000004	0.39	0.6	1
15015.553100000003	0.45	0.7	1
15235.487800000003	0.37	0.7	1
15456.755800000003	0.45	0.5	1
15679.890500000003	0.37	0.7	1
15904.358500000004	0.36	0.5	1
16130.426500000003	0.4	0.6	1
16358.361200000003	0.45	0.7	1
16587.629200000003	0.5	0.5	1
16818.7639	0.42	0.7	1
17051.765300000003	0.44	0.7	1
17286.366700000002	0.44	0.6	1
17522.568100000004	0.4	0.6	1
17760.369500000004	0.4	0.6	1
18000.037600000003	0.4	0.7	1
18241.305700000004	0.46	0.6	1
18484.173800000004	0.42	0.6	1
18728.908600000002	0.44	0.7	1
18975.510100000003	0.34	0.7	1
19223.978300000002	0.4	0.7	1
19473.779800000004	0.45	0.5	1
19724.648000000005	0.4	0.4	1
19977.382900000004	0.39	0.7	1
20231.717800000006	0.43	0.6	1
20487.652700000006	0.45	0.6	1
20745.454300000005	0.41	0.7	1
21005.122600000006	0.48	0.7	1
21265.857600000007	0.61	0.4	1
21527.925900000006	0.62	0.5	1
21791.860900000007	0.42	0.7	1
22057.395900000007	0.42	0.6	1
22324.797600000005	0.39	0.7	1
22593.799300000006	0.42	0.6	1
22864.401000000005	0.47	0.6	1
23136.602700000007	0.4	0.6	1
23410.137700000007	0.52	0.5	1
23685.272700000005	0.41	0.6	1
23962.007700000006	0.39	0.6	1
24240.609400000005	0.41	0.7	1
24521.077800000006	0.43	0.7	1
24803.412900000007	0.35	0.7	1
25087.081300000005	0.49	0.5	1
25372.349700000006	0.39	0.6	1
25659.218100000006	0.47	0.6	1
25947.686500000007	0.46	0.6	1
26237.754900000007	0.45	0.6	1
26529.156600000006	0.44	0.5	1
26822.425000000007	0.42	0.7	1
27117.560100000006	0.34	0.7	1
27414.295200000008	0.37	0.6	1
27712.630300000008	0.56	0.6	1
28012.832100000007	0.37	0.7	1
28314.900600000008	0.4	0.7	1
28618.835800000008	0.42	0.7	1
28924.371000000006	0.4	0.6	1
29231.239500000007	0.57	0.5	1
29539.441300000006	0.5	0.5	1
29849.243100000007	0.42	0.6	1
30159.378200000006	0.47	0.5	1
30471.380000000005	0.41	0.7	1
30785.248500000005	0.42	0.7	1
31100.717000000004	0.45	0.6	1
31418.052200000006	0.4	0.7	1
31737.254100000006	0.39	0.7	1
32058.322700000004	0.37	0.7	1
32380.991300000005	0.45	0.6	1
32705.526600000005	0.36	0.7	1
33031.395200000006	0.48	0.5	1
33359.13050000001	0.4	0.7	1
33688.732500000006	0.36	0.7	1
34020.2012	0.43	0.7	1
34353.53660000001	0.37	0.7	1
34688.73870000001	0.34	0.7	1
35025.54080000001	0.43	0.6	1
35364.20960000001	0.36	0.7	1
35704.47840000001	0.44	0.6	1
36046.080500000004	0.55	0.5	1
36389.282600000006	0.43	0.6	1
36734.08470000001	0.48	0.6	1
37080.486800000006	0.42	0.6	1
37428.755600000004	0.37	0.7	1
37778.3577	0.5	0.5	1
38129.8265	0.38	0.7	1
38482.628600000004	0.54	0.5	1
38837.2974	0.36	0.7	1
39193.2995	0.45	0.5	1
39550.9016	0.42	0.6	1
39910.3704	0.36	0.7	1
40271.7059	0.45	0.7	1
40634.9081	0.45	0.7	1
40999.4436	0.43	0.5	1
41365.845799999996	0.38	0.7	1
41733.848	0.43	0.6	1
42103.7169	0.42	0.7	1
42474.6525	0.53	0.4	1
42847.4548	0.41	0.7	1
43222.1238	0.4	0.7	1
43598.6595	0.35	0.7	1
43976.7952	0.43	0.6	1
44356.7976	0.39	0.7	1
44738.6667	0.38	0.7	1
45121.8691	0.44	0.5	1
45506.938200000004	0.4	0.7	1
45893.3406	0.39	0.5	1
46281.0763	0.46	0.5	1
46670.678700000004	0.44	0.7	1
47061.881100000006	0.42	0.6	1
47454.416800000006	0.51	0.5	1
47848.285800000005	0.49	0.5	1
48243.7548	0.44	0.6	1
48640.557100000005	0.37	0.5	1
49038.69270000001	0.46	0.5	1
49438.42830000001	0.4	0.6	1
49840.030600000006	0.36	0.7	1
50243.4996	0.41	0.7	1
50648.568600000006	0.44	0.6	1
51055.50430000001	0.38	0.7	1
51464.30670000001	0.35	0.7	1
51874.70910000001	0.42	0.6	1
52286.978200000005	0.38	0.7	1
52700.58060000001	0.49	0.5	1
53115.78300000001	0.41	0.6	1
53532.58540000001	0.43	0.6	1
53951.25450000001	0.39	0.7	1
54371.79030000001	0.36	0.7	1
54794.192800000004	0.36	0.7	1
55217.92860000001	0.53	0.5	1
55643.26440000001	0.43	0.6	1
56069.93350000001	0.51	0.5	1
56498.202600000004	0.43	0.6	1
56928.3384	0.41	0.7	1
57360.0742	0.38	0.6	1
57793.6767	0.41	0.7	1
58228.6125	0.5	0.5	1
58665.415	0.39	0.7	1
59103.8175	0.45	0.6	1
