0.8125	0.45	0.5	1
2.925	0.41	0.8	1
6.3374999999999995	0.31	0.8	1
10.725	0.47	0.6	1
16.4125	0.31	0.8	1
23.075000000000003	0.4	0.6	1
30.875000000000004	0.43	0.7	1
39.8125	0.39	0.7	1
49.8875	0.38	0.7	1
61.1	0.38	0.7	1
73.6125	0.41	0.8	1
86.425	0.36	0.8	1
101.35	0.27	1.3	1
117.4125	0.37	0.7	1
134.775	0.36	0.8	1
153.1125	0.42	0.6	1
172.5875	0.38	0.7	1
193.20000000000002	0.42	0.7	1
215.1125	0.39	0.8	1
238.0	0.48	0.6	1
262.025	0.4	0.7	1
287.1875	0.38	0.7	1
313.65	0.39	0.8	1
341.41249999999997	0.35	0.8	1
370.15	0.51	0.6	1
400.1875	0.32	0.8	1
431.0375	0.48	0.5	1
463.1875	0.38	0.8	1
496.3125	0.42	0.6	1
530.4125	0.46	0.6	1
565.65	0.41	0.7	1
601.8625	0.45	0.6	1
639.375	0.33	0.8	1
677.8625	0.43	0.6	1
717.8125	0.29	0.9	1
759.0625	0.39	0.8	1
801.45	0.4	0.7	1
845.1375	0.35	0.8	1
889.9625000000001	0.37	0.7	1
935.6000000000001	0.6	0.5	1
982.0500000000002	0.45	0.5	1
1029.6375000000003	0.41	0.7	1
1078.3625000000002	0.37	0.7	1
1128.0625000000002	0.47	0.6	1
1179.0625000000002	0.37	0.8	1
1231.5250000000003	0.35	0.9	1
1285.1250000000002	0.38	0.7	1
1339.7000000000003	0.42	0.6	1
1395.5750000000003	0.34	0.8	1
1452.9125000000004	0.33	0.9	1
1511.3875000000003	0.36	0.7	1
1571.0000000000002	0.38	0.7	1
1631.7500000000002	0.37	0.7	1
1693.9625000000003	0.33	0.9	1
1757.6375000000003	0.32	0.9	1
1822.6125000000002	0.35	0.8	1
1888.7250000000001	0.39	0.7	1
1955.4875000000002	0.63	0.4	1
2023.3875000000003	0.39	0.7	1
2092.5875	0.38	0.8	1
2162.7625000000003	0.42	0.6	1
2233.7500000000005	0.47	0.5	1
2306.0375000000004	0.35	0.8	1
2379.1375000000003	0.44	0.5	1
2453.2125	0.45	0.6	1
2528.75	0.3	0.9	1
2605.425	0.37	0.7	1
2683.0750000000003	0.38	0.6	1
2761.8625	0.38	0.7	1
2841.9500000000003	0.35	0.8	1
2923.3375	0.4	0.8	1
3006.025	0.37	0.8	1
3090.3375	0.27	1.0	1
3175.4625	0.49	0.5	1
3261.725	0.4	0.7	1
3348.2875	0.35	0.8	1
3436.15	0.35	0.8	1
3525.6375000000003	0.3	1.0	1
3616.1000000000004	0.43	0.6	1
3707.5375000000004	0.39	0.6	1
3800.2750000000005	0.37	0.8	1
3893.9875000000006	0.41	0.6	1
3989.162500000001	0.32	0.9	1
4085.8000000000006	0.38	0.9	1
4183.737500000001	0.35	0.8	1
4283.300000000001	0.3	1.0	1
4384.162500000001	0.29	0.8	1
4486.162500000001	0.4	0.7	1
4589.625000000001	0.34	0.9	1
4694.387500000001	0.31	0.8	1
4800.450000000001	0.31	0.8	1
4907.812500000001	0.43	0.8	1
5016.475000000001	0.35	0.8	1
5125.950000000002	0.41	0.5	1
5236.725000000001	0.34	0.8	1
5348.312500000001	0.48	0.5	1
5461.200000000001	0.34	0.8	1
5575.712500000001	0.31	1.0	1
5691.687500000001	0.27	0.9	1
5808.962500000001	0.34	0.8	1
5927.5375	0.35	0.8	1
6047.4125	0.42	0.8	1
6168.425	0.44	0.7	1
6290.7375	0.33	0.8	1
6414.35	0.36	0.8	1
6539.1	0.35	0.7	1
6665.150000000001	0.33	0.8	1
6792.6625	0.32	0.9	1
6921.475	0.41	0.8	1
7051.587500000001	0.33	0.8	1
7183.000000000001	0.39	0.8	1
7315.712500000001	0.33	0.8	1
7449.725	0.37	0.8	1
7585.200000000001	0.33	0.9	1
7721.650000000001	0.43	0.6	1
7859.562500000001	0.29	0.9	1
7998.775000000001	0.31	0.8	1
8139.450000000001	0.34	0.9	1
8281.425000000001	0.35	0.8	1
8424.862500000001	0.34	0.9	1
8569.7625	0.41	0.9	1
8715.962500000001	0.31	0.8	1
8863.462500000001	0.34	0.8	1
9012.425000000001	0.34	0.9	1
9162.85	0.34	0.9	1
9314.575	0.4	0.8	1
9467.7625	0.33	0.9	1
9622.25	0.33	0.8	1
9778.0375	0.34	0.8	1
9935.45	0.32	1.0	1
10094.325	0.38	0.9	1
10254.6625	0.33	0.9	1
10416.300000000001	0.37	0.8	1
10579.725	0.29	1.1	1
10744.612500000001	0.33	0.9	1
10910.475	0.46	0.6	1
11077.6375	0.34	0.8	1
11246.1	0.4	0.8	1
11415.7	0.34	0.7	1
11586.925000000001	0.31	1.0	1
11759.612500000001	0.3	0.9	1
11933.7625	0.3	0.9	1
12109.212500000001	0.36	0.8	1
12285.962500000001	0.35	0.8	1
12464.0125	0.39	0.8	1
12642.362500000001	0.35	0.8	1
12822.175000000001	0.31	0.9	1
13003.612500000001	0.29	1.0	1
13186.35	0.39	0.8	1
13370.225	0.44	0.7	1
13555.237500000001	0.41	0.7	1
13741.550000000001	0.34	0.8	1
13929.325	0.37	0.9	1
14118.400000000001	0.39	0.8	1
14308.775000000001	0.36	0.8	1
14500.612500000001	0.31	0.9	1
14693.9125	0.3	0.9	1
14888.35	0.35	0.7	1
15084.25	0.33	0.9	1
15281.45	0.37	0.8	1
15479.625	0.46	0.6	1
15678.775	0.39	0.6	1
15879.387499999999	0.33	0.9	1
16081.3	0.35	0.8	1
16284.8375	0.29	1.0	1
16489.675	0.34	0.8	1
16695.8125	0.38	0.8	1
16902.925	0.4	0.6	1
17111.337499999998	0.36	0.8	1
17321.05	0.43	0.8	1
17532.0625	0.34	0.8	1
17743.8875	0.45	0.5	1
17957.0125	0.35	0.8	1
18171.4375	0.34	0.8	1
18387.4875	0.28	1.0	1
18604.837499999998	0.38	0.8	1
18823.812499999996	0.31	1.0	1
19044.087499999998	0.38	0.8	1
19265.6625	0.35	0.8	1
19488.5375	0.37	0.8	1
19712.712499999998	0.35	0.8	1
19938.187499999996	0.4	0.8	1
20164.962499999998	0.36	0.8	1
20393.0375	0.32	0.8	1
20623.387499999997	0.25	1.4	1
20855.0375	0.38	0.8	1
21087.9875	0.36	0.8	1
21322.2375	0.37	0.8	1
21557.3	0.63	0.5	1
21793.825	0.28	0.9	1
22031.4875	0.33	0.7	1
22270.774999999998	0.31	1.0	1
22511.524999999998	0.32	0.9	1
22754.225	0.26	1.2	1
22998.712499999998	0.3	1.1	1
23244.337499999998	0.4	0.7	1
23491.587499999998	0.33	1.0	1
23740.137499999997	0.36	0.8	1
23990.149999999998	0.37	0.9	1
24241.137499999997	0.44	0.6	1
24493.1	0.47	0.6	1
24746.524999999998	0.36	0.9	1
25000.925	0.48	0.6	1
25256.3	0.4	0.6	1
25512.975	0.35	0.8	1
25770.7875	0.35	0.7	1
26030.0625	0.29	0.9	1
26290.6375	0.36	0.8	1
26552.5125	0.38	0.8	1
26815.3625	0.51	0.6	1
27079.5125	0.43	0.8	1
27344.3125	0.54	0.4	1
27609.925	0.46	0.5	1
27877.0	0.34	0.9	1
28145.375	0.34	0.8	1
28415.2125	0.33	0.9	1
28686.350000000002	0.42	0.8	1
28958.787500000002	0.37	0.8	1
29232.525	0.36	0.8	1
29506.5625	0.35	0.8	1
29782.225	0.26	1.0	1
30059.35	0.34	0.9	1
30337.774999999998	0.33	0.8	1
30617.6625	0.31	0.9	1
30898.85	0.29	0.8	1
31181.824999999997	0.29	1.1	1
31466.1	0.36	0.8	1
31751.837499999998	0.32	0.9	1
32038.874999999996	0.36	0.8	1
32327.374999999996	0.27	0.9	1
32617.174999999996	0.33	0.8	1
32908.6	0.3	1.0	1
33201.65	0.31	1.0	1
33496.1625	0.29	0.9	1
33792.1375	0.28	0.9	1
34089.4125	0.3	0.8	1
34387.987499999996	0.4	0.8	1
34688.024999999994	0.3	0.9	1
34989.362499999996	0.35	0.8	1
35292.1625	0.36	0.9	1
35596.424999999996	0.34	0.9	1
35901.987499999996	0.32	0.8	1
36208.85	0.4	0.8	1
36517.0125	0.34	0.8	1
36826.6375	0.34	0.9	1
37137.5625	0.37	0.8	1
37449.7875	0.31	0.8	1
37763.3125	0.38	0.8	1
38078.1375	0.32	0.8	1
38393.9375	0.48	0.6	1
38711.2	0.29	0.9	1
39029.7625	0.37	0.8	1
39349.7875	0.31	0.9	1
39671.275	0.34	0.9	1
39994.0625	0.33	0.8	1
40318.9625	0.29	1.3	1
40645.1625	0.33	0.8	1
40972.825	0.39	0.9	1
41301.7875	0.35	0.8	1
41632.049999999996	0.35	0.8	1
41963.612499999996	0.37	0.8	1
42296.6375	0.31	0.9	1
42630.962499999994	0.35	0.8	1
42966.74999999999	0.31	0.9	1
43304.32499999999	0.26	1.1	1
43643.36249999999	0.35	0.9	1
43983.69999999999	0.33	0.8	1
44325.49999999999	0.37	0.9	1
44668.59999999999	0.31	0.8	1
45013.81249999999	0.26	1.3	1
45360.16249999999	0.42	0.7	1
45707.81249999999	0.29	0.8	1
46056.924999999996	0.27	0.9	1
46407.337499999994	0.36	0.8	1
46759.049999999996	0.39	0.8	1
47112.06249999999	0.4	0.8	1
47466.53749999999	0.35	0.9	1
47822.79999999999	0.3	1.1	1
48180.52499999999	0.33	0.9	1
48539.71249999999	0.29	0.9	1
48900.36249999999	0.37	0.9	1
49262.63749999999	0.32	1.0	1
49626.21249999999	0.35	0.8	1
49991.08749999999	0.36	0.8	1
50357.26249999999	0.37	0.8	1
50724.73749999999	0.39	0.8	1
51093.67499999999	0.34	0.9	1
51463.91249999999	0.38	0.8	1
51835.61249999999	0.38	0.9	1
52208.61249999999	0.35	0.8	1
52583.562499999985	0.3	1.2	1
52959.974999999984	0.28	0.9	1
53337.849999999984	0.33	0.9	1
53717.02499999999	0.33	0.8	1
54097.499999999985	0.35	0.8	1
54479.599999999984	0.31	1.0	1
54862.999999999985	0.36	0.8	1
55248.187499999985	0.3	1.1	1
55634.83749999999	0.37	0.9	1
56022.94999999999	0.34	0.9	1
56412.36249999999	0.43	0.8	1
56803.07499999999	0.34	0.8	1
57195.08749999999	0.35	0.8	1
57589.21249999999	0.26	1.3	1
57992.92499999999	0.48	5.9	1
