0.7141000000000001	0.48	0.5	1
2.1423	0.42	0.5	1
4.568	0.37	0.7	1
7.849499999999999	0.48	0.6	1
11.845099999999999	0.43	0.5	1
16.979799999999997	0.37	0.8	1
22.828599999999998	0.42	0.5	1
29.391499999999997	0.5	0.5	1
36.951899999999995	0.42	0.7	1
45.5098	0.38	0.7	1
54.9235	0.46	0.6	1
65.3347	0.36	0.7	1
76.7434	0.42	0.7	1
88.7246	0.49	0.4	1
101.7033	0.4	0.7	1
115.6795	0.39	0.7	1
130.5115	0.41	0.6	1
146.341	0.44	0.7	1
163.0263	0.35	0.6	1
180.8507	0.32	0.8	1
198.6726	0.39	0.7	1
217.6336	0.41	0.8	1
237.4504	0.46	0.6	1
258.123	0.44	0.6	1
279.65139999999997	0.38	0.6	1
302.0356	0.47	0.6	1
325.4173	0.38	0.7	1
349.79650000000004	0.35	0.7	1
375.03150000000005	0.47	0.6	1
401.40560000000005	0.36	0.8	1
429.06050000000005	0.35	0.9	1
457.57120000000003	0.41	0.6	1
487.0794	0.43	0.7	1
517.5851	0.35	0.7	1
549.0883	0.45	0.7	1
581.4473	0.38	0.6	1
614.5204	0.47	0.5	1
648.591	0.4	0.7	1
683.5174	0.41	0.6	1
719.2995999999999	0.44	0.6	1
755.9376	0.47	0.6	1
793.4313999999999	0.41	0.6	1
831.4976999999999	0.56	0.4	1
870.7031	0.37	0.8	1
911.0476	0.37	0.8	1
952.2479	0.39	0.6	1
994.304	0.43	0.6	1
1037.2159	0.42	0.6	1
1080.9836	0.44	0.6	1
1125.6071	0.36	0.6	1
1171.0864	0.43	0.6	1
1217.2798	0.44	0.5	1
1264.6123	0.38	0.8	1
1312.8006	0.42	0.6	1
1361.9864	0.4	0.7	1
1412.028	0.39	0.6	1
1462.7837	0.52	0.5	1
1514.3952	0.43	0.6	1
1567.0041999999999	0.4	0.7	1
1620.6107	0.42	0.7	1
1675.0729999999999	0.35	0.6	1
1730.3910999999998	0.43	0.6	1
1786.7066999999997	0.4	0.7	1
1843.7363999999998	0.47	0.5	1
1901.7635999999998	0.43	0.7	1
1960.6465999999998	0.47	0.6	1
2020.3854	0.43	0.6	1
2080.6967	0.61	0.4	1
2141.8638	0.41	0.6	1
2203.6034	0.59	0.4	1
2266.0571	0.5	0.5	1
2329.3666	0.43	0.6	1
2393.2486	0.45	0.4	1
2458.1281	0.37	0.7	1
2523.8633999999997	0.43	0.6	1
2591.3044999999997	0.27	1.2	1
2659.6013999999996	0.44	0.6	1
2729.0373999999997	0.36	0.8	1
2799.3291999999997	0.39	0.6	1
2870.4767999999995	0.41	0.6	1
2942.3384999999994	0.41	0.5	1
3015.1976999999993	0.39	0.7	1
3088.9126999999994	0.45	0.6	1
3163.7667999999994	0.34	0.8	1
3239.4766999999993	0.38	0.6	1
3316.0423999999994	0.4	0.6	1
3393.4638999999993	0.46	0.6	1
3472.024499999999	0.34	0.8	1
3551.5825999999993	0.44	0.7	1
3632.2797999999993	0.39	0.8	1
3714.2577999999994	0.29	0.9	1
3797.0915999999993	0.48	0.6	1
3880.922899999999	0.39	0.7	1
3964.751699999999	0.35	0.7	1
4049.436299999999	0.47	0.6	1
4134.693399999999	0.55	0.4	1
4220.806299999999	0.45	0.6	1
4308.199999999999	0.32	0.9	1
4396.591199999999	0.43	0.7	1
4486.121499999999	0.31	0.8	1
4576.649299999999	0.39	0.7	1
4668.032899999999	0.4	0.6	1
4760.413999999999	0.44	0.7	1
4853.509199999999	0.39	0.5	1
4947.460199999999	0.43	0.6	1
5042.550299999999	0.33	0.8	1
5138.779499999999	0.36	0.8	1
5235.581199999999	0.55	0.4	1
5333.096999999999	0.59	0.5	1
5431.6102999999985	0.35	0.7	1
5531.1210999999985	0.41	0.7	1
5631.629399999999	0.48	0.7	1
5732.993499999999	0.46	0.6	1
5835.355099999999	0.41	0.7	1
5938.572499999998	0.44	0.6	1
6042.362399999998	0.7	0.4	1
6147.008099999998	0.38	0.6	1
6252.934599999998	0.39	0.9	1
6359.5751999999975	0.48	0.5	1
6467.638299999998	0.3	1.0	1
6576.5571999999975	0.44	0.6	1
6686.4735999999975	0.34	0.7	1
6796.820799999998	0.6	0.3	1
6908.165499999997	0.39	0.7	1
7020.932699999998	0.34	1.0	1
7134.697399999997	0.38	0.7	1
7249.459599999997	0.39	0.7	1
7365.077599999998	0.45	0.6	1
7481.551399999998	0.54	0.6	1
7598.880999999998	0.49	0.6	1
7717.208099999998	0.36	0.7	1
7836.532699999998	0.31	0.7	1
7956.996399999998	0.37	0.8	1
8078.315899999998	0.37	0.6	1
8200.491199999999	0.48	0.6	1
8323.663999999999	0.35	0.7	1
8447.9759	0.36	0.8	1
8573.426899999999	0.29	0.8	1
8699.733699999999	0.42	0.6	1
8827.1796	0.37	0.8	1
8955.906299999999	0.33	0.9	1
9085.4888	0.44	0.6	1
9215.927099999999	0.41	0.6	1
9347.221199999998	0.41	0.6	1
9479.229399999998	0.46	0.5	1
9611.951699999998	0.44	0.5	1
9745.246499999997	0.54	0.4	1
9879.255399999998	0.5	0.5	1
10014.261799999998	0.33	0.7	1
10150.123999999998	0.41	0.6	1
10286.841999999999	0.38	0.6	1
10424.274099999999	0.51	0.5	1
10562.703699999998	0.42	0.7	1
10701.989099999999	0.49	0.6	1
10842.271999999999	0.39	0.7	1
10983.268999999998	0.47	0.5	1
11125.121799999999	0.42	0.6	1
11267.830399999999	0.35	0.6	1
11411.6781	0.37	0.8	1
11555.9483	0.3	1.0	1
11700.6493	0.51	0.3	1
11846.631099999999	0.35	0.9	1
11993.4687	0.43	0.6	1
12141.445399999999	0.32	0.8	1
12290.2779	0.43	0.6	1
12440.107899999999	0.4	0.7	1
12590.793699999998	0.44	0.6	1
12742.476999999999	0.37	0.7	1
12895.157799999999	0.36	0.7	1
13048.836099999999	0.41	0.7	1
13203.653499999999	0.36	0.8	1
13359.609999999999	0.39	0.8	1
13516.422299999998	0.39	0.6	1
13674.0904	0.42	0.6	1
13832.756	0.36	0.7	1
13992.5607	0.34	0.8	1
14153.5045	0.33	0.8	1
14315.3041	0.42	0.6	1
14478.2428	0.37	0.8	1
14642.179	0.32	0.7	1
14807.396	0.35	0.9	1
14973.3271	0.48	0.5	1
15139.972300000001	0.52	0.5	1
15307.473300000001	0.46	0.6	1
15475.971800000001	0.37	0.7	1
15645.751100000001	0.34	0.9	1
15816.669500000002	0.37	0.8	1
15989.152000000002	0.29	1.1	1
16162.632000000001	0.41	0.7	1
16337.392800000001	0.36	0.9	1
16512.867700000003	0.5	0.5	1
16689.3401	0.35	0.7	1
16866.6683	0.44	0.6	1
17044.852300000002	0.42	0.6	1
17224.175400000004	0.34	0.8	1
17404.921000000002	0.31	1.0	1
17587.0891	0.31	1.0	1
17770.6797	0.32	1.0	1
17955.2678	0.41	0.7	1
18140.7117	0.36	0.6	1
18327.2947	0.39	0.8	1
18514.8752	0.4	0.7	1
18703.5948	0.41	0.8	1
18893.1702	0.4	0.6	1
19083.8847	0.37	0.8	1
19275.454999999998	0.42	0.6	1
19468.306099999998	0.35	0.9	1
19662.296299999998	0.34	0.8	1
19857.284	0.41	0.7	1
20053.410799999998	0.34	0.8	1
20250.676699999996	0.33	0.8	1
20448.940099999996	0.33	0.7	1
20647.917599999997	0.46	0.5	1
20848.459199999998	0.24	1.1	1
21049.9983	0.39	0.7	1
21252.3932	0.44	0.6	1
21455.6439	0.41	0.6	1
21659.7504	0.44	0.6	1
21864.571	0.44	0.5	1
22070.5307	0.34	0.8	1
22277.6295	0.3	0.8	1
22485.5841	0.42	0.6	1
22694.3945	0.37	0.6	1
22904.2024	0.41	0.7	1
23115.0078	0.4	0.7	1
23326.3857	0.5	0.4	1
23538.6194	0.38	0.6	1
23751.9922	0.29	0.8	1
23965.7958	0.6	0.3	1
24180.3135	0.46	0.5	1
24395.687	0.44	0.6	1
24612.058	0.38	0.7	1
24829.5681	0.35	0.8	1
25047.7923	0.49	0.5	1
25267.014	0.38	0.7	1
25487.0915	0.4	0.6	1
25708.1665	0.4	0.7	1
25930.238999999998	0.39	0.7	1
26153.308999999997	0.37	0.7	1
26377.2348	0.49	0.6	1
26602.158099999997	0.36	0.7	1
26828.078899999997	0.41	0.7	1
27055.138799999997	0.37	0.8	1
27283.1962	0.42	0.7	1
27511.967699999997	0.46	0.5	1
27741.3117	0.64	0.4	1
27971.511499999997	0.4	0.6	1
28202.850399999996	0.37	0.8	1
28434.186799999996	0.42	0.7	1
28666.378999999997	0.41	0.6	1
28899.568699999996	0.44	0.7	1
29133.755899999996	0.36	0.7	1
29369.082199999997	0.35	0.8	1
29605.405999999995	0.33	0.7	1
29842.727299999995	0.37	0.7	1
30081.046099999996	0.39	0.7	1
30320.220699999994	0.45	0.6	1
30560.534399999993	0.34	0.8	1
30801.987199999992	0.38	0.8	1
31044.57909999999	0.34	0.8	1
31288.168499999992	0.39	0.7	1
31533.038699999994	0.33	0.9	1
31779.472999999994	0.28	1.1	1
32026.763099999993	0.43	0.6	1
32275.19229999999	0.32	0.8	1
32524.61899999999	0.35	0.7	1
32774.90149999999	0.43	0.6	1
33026.18149999999	0.4	0.7	1
33278.175599999995	0.46	0.5	1
33531.167199999996	0.38	0.7	1
33785.2979	0.39	0.8	1
34040.4261	0.32	0.7	1
34296.410099999994	0.49	0.6	1
34553.53319999999	0.39	0.8	1
34811.51209999999	0.41	0.6	1
35070.48849999999	0.33	0.7	1
35330.46239999999	0.37	0.7	1
35591.43379999999	0.38	0.7	1
35853.827699999994	0.3	1.0	1
36117.219099999995	0.37	0.7	1
36381.60799999999	0.41	0.7	1
36646.852699999996	0.39	0.6	1
36912.66989999999	0.56	0.4	1
37179.62619999999	0.34	0.8	1
37447.72159999999	0.35	0.8	1
37716.67279999999	0.38	0.6	1
37986.479799999994	0.37	0.6	1
38257.567599999995	0.33	0.9	1
38529.652899999994	0.39	0.7	1
38802.73569999999	0.36	0.7	1
39076.67429999999	0.41	0.6	1
39351.89369999999	0.33	0.9	1
39628.535599999996	0.32	1.0	1
39906.174999999996	0.39	0.7	1
40185.095199999996	0.33	0.9	1
40465.012899999994	0.38	0.7	1
40746.21139999999	0.35	0.9	1
41028.4074	0.39	0.7	1
41311.6009	0.37	0.7	1
41595.7919	0.39	0.7	1
41880.98039999999	0.38	0.7	1
42167.166399999995	0.39	0.7	1
42454.4915	0.42	0.8	1
42742.814099999996	0.37	0.7	1
43032.275799999996	0.37	0.8	1
43322.31	0.48	0.4	1
43613.3417	0.38	0.7	1
43905.370899999994	0.33	0.7	1
44198.53919999999	0.33	0.8	1
44493.41329999999	0.28	1.2	1
44789.14319999999	0.43	0.6	1
45085.870599999995	0.35	0.7	1
45383.595499999996	0.38	0.7	1
45682.4595	0.37	0.8	1
45982.179299999996	0.44	0.6	1
46283.038199999995	0.34	0.8	1
46585.319599999995	0.33	1.0	1
46888.881799999996	0.34	0.9	1
47193.29979999999	0.36	0.6	1
47498.715299999996	0.4	0.7	1
47805.1283	0.36	0.7	1
48112.8221	0.33	0.9	1
48421.513399999996	0.42	0.7	1
48730.9188	0.41	0.5	1
49041.18	0.44	0.6	1
49352.5803	0.32	0.8	1
49664.6947	0.5	0.5	1
49977.5232	0.47	0.5	1
50291.349200000004	0.36	0.7	1
50606.314300000005	0.42	0.8	1
50922.276900000004	0.37	0.7	1
51239.237	0.39	0.7	1
51557.0529	0.41	0.6	1
51876.291300000004	0.28	1.0	1
52196.1022	0.57	0.4	1
52517.0522	0.35	0.8	1
52839.141299999996	0.38	0.8	1
53162.2279	0.38	0.7	1
53486.312	0.37	0.7	1
53811.6769	0.33	0.9	1
54138.1809	0.41	0.8	1
54465.6824	0.39	0.7	1
54794.323	0.34	0.8	1
55123.81939999999	0.41	0.6	1
55454.171599999994	0.48	0.6	1
55785.52129999999	0.5	0.7	1
56117.72679999999	0.49	0.6	1
56451.071399999986	0.37	0.8	1
56785.83849999998	0.3	1.0	1
57122.311399999984	0.27	1.2	1
57460.065099999985	0.33	0.9	1
