0.8058000000000001	0.44	0.6	1
2.4173999999999998	0.42	0.6	1
5.1015	0.4	0.8	1
8.5914	0.46	0.6	1
13.1538	0.37	0.8	1
18.6553	0.33	0.7	1
25.229300000000002	0.33	0.8	1
32.7424	0.41	0.7	1
41.328	0.37	0.8	1
50.5861	0.44	0.5	1
60.383300000000006	0.54	0.4	1
70.1196	0.34	0.7	1
80.92840000000001	0.4	0.8	1
92.40970000000002	0.49	0.5	1
104.83010000000002	0.38	0.7	1
118.05630000000002	0.42	0.6	1
132.22160000000002	0.39	0.7	1
147.05940000000004	0.53	0.5	1
162.70300000000003	0.43	0.6	1
179.15240000000003	0.42	0.6	1
196.54090000000002	0.47	0.7	1
215.00190000000003	0.38	0.8	1
234.53540000000004	0.43	0.8	1
255.54140000000004	0.28	1.1	1
277.75320000000005	0.31	0.9	1
300.9041	0.32	0.7	1
324.9941	0.36	0.7	1
350.6899	0.27	1.2	1
377.0582	0.43	0.5	1
404.3656	0.43	0.7	1
432.4788	0.4	0.6	1
461.39779999999996	0.43	0.6	1
491.25589999999994	0.36	0.7	1
521.9197999999999	0.39	0.6	1
553.5227999999998	0.41	0.7	1
586.1982999999998	0.33	0.8	1
619.8128999999998	0.41	0.7	1
654.6332999999997	0.33	0.9	1
690.3927999999997	0.42	0.7	1
727.0913999999998	0.39	0.7	1
764.7290999999998	0.38	0.7	1
803.3058999999998	0.41	0.7	1
842.6884999999999	0.46	0.6	1
883.1435999999999	0.36	0.8	1
924.8044999999998	0.39	0.9	1
967.2711999999999	0.48	0.6	1
1010.5437	0.4	0.6	1
1054.6219999999998	0.4	0.6	1
1099.5060999999998	0.41	0.6	1
1145.196	0.46	0.6	1
1191.6916999999999	0.46	0.6	1
1238.9932	0.43	0.6	1
1287.2338	0.44	0.7	1
1336.4134999999999	0.36	0.7	1
1386.5322999999999	0.42	0.7	1
1437.4569	0.45	0.6	1
1489.0539999999999	0.5	0.5	1
1541.4569	0.42	0.6	1
1594.7989	0.34	0.7	1
1649.2134	0.39	0.8	1
1704.7004000000002	0.36	0.8	1
1761.2599000000002	0.34	0.8	1
1818.7585000000001	0.42	0.7	1
1876.9296000000002	0.5	0.5	1
1935.9065000000003	0.43	0.6	1
1995.6892000000003	0.36	0.6	1
2056.2777	0.46	0.6	1
2117.8053	0.36	0.7	1
2180.4054	0.38	0.8	1
2243.678	0.33	0.5	1
2308.0231	0.32	0.8	1
2373.174	0.43	0.6	1
2439.3974	0.33	0.8	1
2506.2933	0.54	0.5	1
2574.1283	0.34	0.7	1
2643.1691	0.34	0.9	1
2713.0157	0.45	0.6	1
2783.9348	0.42	0.8	1
2856.0597	0.34	0.9	1
2928.9903999999997	0.44	0.6	1
3002.7268999999997	0.43	0.6	1
3077.2691999999997	0.39	0.6	1
3152.6173	0.48	0.6	1
3228.9045	0.41	0.7	1
3306.1308	0.42	0.7	1
3384.2961999999998	0.38	0.7	1
3463.1340999999998	0.48	0.5	1
3541.9111	0.34	0.7	1
3621.3606	0.49	0.5	1
3701.4826	0.5	0.5	1
3782.8104	0.32	0.9	1
3864.6773	0.59	0.4	1
3947.35	0.48	0.6	1
4030.8285	0.45	0.6	1
4115.2461	0.45	0.7	1
4200.602800000001	0.38	0.7	1
4286.765300000001	0.43	0.6	1
4373.733600000001	0.48	0.6	1
4461.641000000001	0.37	0.7	1
4550.487500000001	0.38	0.7	1
4640.273100000001	0.4	0.7	1
4730.8645000000015	0.37	0.6	1
4822.395000000001	0.4	0.7	1
4914.864600000002	0.4	0.7	1
5008.273300000002	0.42	0.7	1
5102.754500000002	0.32	0.8	1
5198.174800000002	0.34	0.7	1
5294.534200000002	0.39	0.7	1
5391.699400000002	0.42	0.6	1
5489.803700000002	0.4	0.7	1
5588.713800000002	0.47	0.6	1
5688.563000000002	0.36	0.7	1
5789.218000000002	0.43	0.6	1
5890.6788000000015	0.51	0.6	1
5993.345400000001	0.34	0.9	1
6097.084500000001	0.4	0.8	1
6201.762700000001	0.4	0.7	1
6307.113400000001	0.51	0.5	1
6413.403200000001	0.37	0.7	1
6520.365500000001	0.45	0.5	1
6627.866900000001	0.5	0.4	1
6736.307400000001	0.4	0.7	1
6845.420400000001	0.47	0.5	1
6955.205900000001	0.49	0.5	1
7066.063900000001	0.36	0.8	1
7178.127700000001	0.37	0.9	1
7291.130600000001	0.37	0.7	1
7404.939300000001	0.4	0.6	1
7519.687100000001	0.35	0.7	1
7635.107400000001	0.48	0.5	1
7751.200200000001	0.41	0.5	1
7868.098800000002	0.39	0.6	1
7986.203200000002	0.36	0.9	1
8105.2467000000015	0.42	0.7	1
8225.2293	0.4	0.7	1
8345.8844	0.43	0.5	1
8467.3453	0.42	0.6	1
8589.7453	0.36	0.7	1
8713.0844	0.41	0.7	1
8837.096	0.46	0.5	1
8961.7801	0.48	0.5	1
9087.27	0.38	0.6	1
9213.299	0.61	0.4	1
9340.0005	0.41	0.5	1
9467.5078	0.4	0.6	1
9596.087599999999	0.32	0.8	1
9725.606499999998	0.45	0.7	1
9856.197899999997	0.35	0.8	1
9987.595099999997	0.44	0.6	1
10119.931399999998	0.35	0.7	1
10253.206799999998	0.4	0.7	1
10387.287999999999	0.47	0.6	1
10522.175	0.38	0.6	1
10657.8678	0.44	0.6	1
10794.7664	0.34	0.9	1
10932.3375	0.58	0.5	1
11070.8477	0.45	0.7	1
11210.297	0.41	0.7	1
11350.5521	0.42	0.6	1
11492.1463	0.33	1.0	1
11634.5463	0.42	0.6	1
11777.8854	0.42	0.7	1
11922.030299999999	0.42	0.6	1
12066.980999999998	0.4	0.6	1
12213.004199999998	0.33	0.8	1
12359.833199999997	0.36	0.6	1
12507.201299999997	0.58	0.4	1
12655.375199999997	0.46	0.6	1
12804.621599999997	0.36	0.8	1
12954.807099999996	0.42	0.7	1
13105.931699999996	0.35	0.7	1
13257.862099999995	0.41	0.6	1
13410.731599999996	0.42	0.7	1
13564.540199999996	0.36	0.7	1
13719.154599999996	0.41	0.6	1
13874.441499999995	0.51	0.5	1
14030.667499999996	0.34	0.7	1
14187.565999999995	0.35	0.5	1
14345.536999999995	0.45	0.8	1
14503.180499999995	0.5	0.5	1
14661.629799999995	0.44	0.6	1
14821.018199999995	0.44	0.7	1
14981.212399999995	0.54	0.6	1
15142.345699999994	0.43	0.7	1
15304.418099999995	0.37	0.7	1
15467.429599999996	0.39	0.7	1
15631.380199999996	0.5	0.7	1
15796.136599999996	0.45	0.6	1
15961.832099999996	0.37	0.7	1
16128.600099999996	0.32	0.8	1
16296.173899999996	0.38	0.6	1
16464.686799999996	0.39	0.7	1
16634.005499999996	0.45	0.6	1
16804.263299999995	0.4	0.7	1
16975.593599999997	0.36	0.8	1
17147.862999999998	0.32	0.7	1
17321.3382	0.34	0.9	1
17496.2859	0.28	1.1	1
17671.772699999998	0.58	0.4	1
17848.198599999996	0.44	0.7	1
18025.296999999995	0.43	0.5	1
18203.601199999994	0.36	0.9	1
18382.711199999994	0.38	0.6	1
18562.626999999993	0.41	0.6	1
18743.348599999994	0.45	0.6	1
18925.142699999993	0.32	0.8	1
19107.87589999999	0.4	0.7	1
19291.54819999999	0.43	0.7	1
19476.15959999999	0.37	0.7	1
19661.84349999999	0.32	0.8	1
19848.59989999999	0.33	0.8	1
20036.29539999999	0.41	0.7	1
20224.929999999993	0.38	0.7	1
20414.370399999993	0.47	0.6	1
20604.616599999994	0.45	0.6	1
20796.068599999995	0.3	0.9	1
20989.526399999995	0.25	1.5	1
21184.056699999994	0.33	0.8	1
21379.526099999995	0.34	0.7	1
21576.334599999995	0.27	1.0	1
21774.082199999993	0.41	0.7	1
21972.768899999992	0.39	0.7	1
22172.528099999992	0.36	0.8	1
22373.09309999999	0.48	0.6	1
22574.86389999999	0.41	0.9	1
22777.44049999999	0.39	0.6	1
22980.82289999999	0.45	0.6	1
23184.877799999987	0.48	0.5	1
23390.00519999999	0.4	0.8	1
23596.07169999999	0.36	0.7	1
23803.21069999999	0.34	0.8	1
24011.288799999988	0.35	0.7	1
24220.305999999986	0.45	0.7	1
24430.128999999986	0.35	0.6	1
24640.891099999986	0.35	0.7	1
24852.592299999986	0.43	0.7	1
25065.365999999987	0.38	0.8	1
25279.07879999999	0.35	0.7	1
25493.330699999988	0.57	0.4	1
25708.65509999999	0.33	0.8	1
25925.05199999999	0.32	0.8	1
26142.12139999999	0.5	0.5	1
26359.996599999988	0.41	0.6	1
26578.677599999988	0.42	0.6	1
26798.431099999987	0.37	0.8	1
27019.123699999986	0.41	0.7	1
27240.755399999987	0.39	0.7	1
27463.459599999987	0.37	0.8	1
27687.236299999986	0.39	0.8	1
27911.952099999988	0.34	0.7	1
28137.60699999999	0.37	0.7	1
28364.20099999999	0.36	0.7	1
28591.60079999999	0.42	0.6	1
28820.07309999999	0.36	0.8	1
29049.35119999999	0.43	0.6	1
29279.70179999999	0.33	0.8	1
29510.991499999993	0.39	0.7	1
29743.353699999992	0.35	0.8	1
29976.788399999994	0.32	0.8	1
30211.162199999995	0.35	0.7	1
30446.741799999996	0.29	0.9	1
30683.260499999997	0.44	0.7	1
30921.1183	0.29	1.0	1
31159.781899999998	0.42	0.6	1
31399.517999999996	0.34	0.8	1
31639.459899999998	0.32	0.9	1
31880.6076	0.33	0.9	1
32122.6944	0.37	0.7	1
32365.7203	0.4	0.7	1
32609.952	0.36	0.9	1
32854.9895	0.37	0.6	1
33100.966100000005	0.39	0.7	1
33347.8818	0.42	0.7	1
33595.736600000004	0.4	0.7	1
33844.5305	0.33	0.7	1
34094.2635	0.41	0.7	1
34344.935600000004	0.37	0.7	1
34596.813500000004	0.34	0.9	1
34849.763900000005	0.34	0.8	1
35103.6534	0.36	0.7	1
35358.482	0.41	0.7	1
35614.2497	0.44	0.7	1
35870.8232	0.42	0.6	1
36128.4692	0.33	0.8	1
36387.5877	0.25	1.1	1
36647.6453	0.33	0.7	1
36908.642	0.4	0.7	1
37170.5778	0.36	0.7	1
37433.3194	0.46	0.6	1
37697.0001	0.37	0.7	1
37961.8866	0.37	0.9	1
38227.712199999994	0.38	0.7	1
38494.476899999994	0.4	0.7	1
38762.1807	0.37	0.7	1
39030.823599999996	0.4	0.7	1
39300.4056	0.37	0.7	1
39571.060099999995	0.36	0.8	1
39842.38709999999	0.48	0.5	1
40114.51989999999	0.42	0.6	1
40387.591799999995	0.37	0.7	1
40661.46949999999	0.5	0.6	1
40936.81969999999	0.28	1.1	1
41213.242399999996	0.33	0.8	1
41490.73759999999	0.35	0.8	1
41768.90529999999	0.4	0.5	1
42048.14549999999	0.29	0.8	1
42328.591499999995	0.34	0.9	1
42610.10999999999	0.31	0.8	1
42892.43429999999	0.4	0.6	1
43175.9644	0.29	0.9	1
43460.4336	0.4	0.7	1
43745.8419	0.38	0.7	1
44032.1893	0.36	0.7	1
44319.7425	0.33	0.9	1
44608.2348	0.43	0.7	1
44897.6662	0.38	0.7	1
45188.1701	0.34	0.8	1
45479.3465	0.5	0.5	1
45771.7287	0.32	0.9	1
46065.1834	0.39	0.8	1
46359.5772	0.36	0.7	1
46655.1768	0.36	0.9	1
46951.582200000004	0.45	0.6	1
47248.9267	0.36	0.7	1
47547.477000000006	0.32	0.9	1
47846.8331	0.42	0.6	1
48147.128300000004	0.36	0.7	1
48448.6293	0.33	0.9	1
48751.0694	0.38	0.7	1
49054.3153	0.43	0.6	1
49358.5003	0.38	0.7	1
49663.7578	0.32	0.8	1
49969.9544	0.37	0.7	1
50277.0901	0.39	0.7	1
50585.4316	0.33	0.9	1
50894.8456	0.32	0.8	1
51205.1987	0.35	0.7	1
51516.2243	0.43	0.5	1
51828.189	0.39	0.7	1
52141.2262	0.37	0.8	1
52455.2025	0.38	0.7	1
52769.984599999996	0.37	0.6	1
53085.972499999996	0.34	0.9	1
53402.7662	0.43	0.6	1
53720.365699999995	0.41	0.6	1
54039.03769999999	0.35	0.8	1
54359.0488	0.3	1.0	1
54679.998999999996	0.35	0.7	1
55001.621699999996	0.46	0.5	1
55324.1835	0.36	0.7	1
55647.6844	0.4	0.7	1
55972.1244	0.42	0.7	1
56297.5035	0.36	0.7	1
56623.6884	0.46	0.6	1
56950.8124	0.36	0.7	1
57278.6089	0.46	0.5	1
57607.2112	0.4	0.6	1
57936.7526	0.39	0.7	1
58267.099799999996	0.35	0.6	1
58598.519499999995	0.38	0.8	1
58930.8783	0.42	0.7	1
59264.176199999994	0.39	0.7	1
59598.279899999994	0.38	0.6	1
59933.189399999996	0.41	0.6	1
60268.9047	0.42	0.6	1
60605.4258	0.41	0.6	1
