2.8038	0.41	0.8	1
7.7114	0.41	0.6	1
13.6728	0.7	0.3	1
22.088	0.39	0.7	1
33.307	0.42	0.8	1
46.9798	0.42	0.7	1
62.106399999999994	0.39	0.7	1
80.0368	0.34	0.8	1
100.42099999999999	0.37	0.7	1
123.609	0.37	0.8	1
148.9008	0.44	0.6	1
176.2964	0.5	0.6	1
204.7458	0.88	0.3	1
235.299	0.53	0.6	1
267.30600000000004	0.36	0.7	1
301.06680000000006	0.44	0.5	1
336.93140000000005	0.48	0.6	1
374.19980000000004	0.54	0.4	1
412.52200000000005	0.62	0.3	1
452.94800000000004	0.49	0.6	1
495.47780000000006	0.42	0.6	1
540.4614	0.41	0.7	1
587.5488	0.39	0.6	1
637.09	0.39	0.7	1
689.085	0.43	0.7	1
743.8838000000001	0.36	0.8	1
801.1364000000001	0.36	0.7	1
860.8428000000001	0.34	0.7	1
922.6530000000001	0.4	0.6	1
986.5670000000001	0.4	0.6	1
1052.9348000000002	0.38	0.7	1
1120.7064000000003	0.53	0.4	1
1191.6318000000003	0.35	0.9	1
1264.6610000000003	0.43	0.6	1
1339.4440000000002	0.48	0.5	1
1416.3308000000002	0.44	0.6	1
1495.6714000000002	0.37	0.7	1
1577.1158000000003	0.42	0.6	1
1661.3640000000003	0.38	0.8	1
1747.7160000000003	0.51	0.6	1
1836.1718000000003	0.41	0.6	1
1927.0814000000003	0.37	0.7	1
2020.0948000000003	0.39	0.6	1
2114.862	0.54	0.5	1
2212.083	0.45	0.7	1
2312.1078	0.34	0.8	1
2415.6364000000003	0.31	1.0	1
2521.2688000000003	0.43	0.6	1
2627.9550000000004	0.6	0.3	1
2737.445	0.38	0.8	1
2850.0888	0.35	0.9	1
2965.5364	0.35	0.8	1
3083.7878	0.36	0.8	1
3203.443	0.63	0.4	1
3324.8520000000003	0.47	0.5	1
3448.7148	0.33	0.7	1
3575.0314000000003	0.36	0.7	1
3703.8018	0.38	0.7	1
3834.6760000000004	0.42	0.6	1
3967.3040000000005	0.5	0.5	1
4101.6858	0.44	0.5	1
4237.4714	0.4	0.4	1
4375.710800000001	0.41	0.7	1
4516.404	0.36	0.7	1
4659.901000000001	0.35	0.8	1
4805.501800000001	0.41	0.6	1
4954.956400000001	0.3	1.1	1
5106.164800000001	0.45	0.5	1
5259.827000000001	0.35	0.7	1
5415.593000000001	0.41	0.6	1
5571.062800000001	0.57	0.2	1
5729.3364	0.41	0.8	1
5889.7138	0.41	0.6	1
6051.845	0.49	0.5	1
6216.08	0.44	0.6	1
6382.7688	0.39	0.7	1
6551.9114	0.4	0.7	1
6723.5078	0.38	0.7	1
6897.558	0.32	0.7	1
7074.062	0.36	0.7	1
7253.3697999999995	0.37	0.8	1
7435.831399999999	0.31	0.9	1
7620.3967999999995	0.36	0.6	1
7807.066	0.47	0.6	1
7996.539	0.36	0.8	1
8188.4658	0.38	0.7	1
8383.5464	0.32	0.9	1
8580.7308	0.44	0.6	1
8780.719	0.34	0.8	1
8982.461	0.51	0.5	1
9187.3568	0.37	0.9	1
9394.7064	0.4	0.7	1
9604.1598	0.43	0.6	1
9815.017	0.63	0.4	1
10028.678	0.38	0.8	1
10244.7928	0.43	0.7	1
10463.0114	0.44	0.6	1
10682.9838	0.55	0.5	1
10905.41	0.38	0.7	1
11130.99	0.33	0.9	1
11358.6738	0.48	0.6	1
11589.1614	0.4	0.8	1
11821.7528	0.39	0.6	1
12057.498	0.33	0.9	1
12297.797	0.25	1.3	1
12539.8498	0.49	0.5	1
12782.9564	0.53	0.3	1
13028.5168	0.39	0.7	1
13276.530999999999	0.38	0.7	1
13525.598999999998	0.49	0.3	1
13776.770799999998	0.41	0.6	1
14030.0464	0.41	0.6	1
14286.1258	0.33	0.8	1
14545.009	0.38	0.8	1
14809.146	0.25	1.5	1
15075.3868	0.44	0.6	1
15345.1314	0.3	1.0	1
15616.3298	0.38	0.7	1
15890.332	0.36	0.8	1
16167.138	0.31	0.8	1
16446.7478	0.36	0.8	1
16728.4614	0.42	0.6	1
17013.6788	0.3	1.0	1
17301.350000000002	0.38	0.7	1
17592.875000000004	0.32	1.1	1
17886.853800000004	0.37	0.7	1
18183.286400000005	0.39	0.7	1
18482.172800000004	0.43	0.7	1
18783.163000000004	0.45	0.6	1
19086.607000000004	0.42	0.7	1
19392.154800000004	0.43	0.6	1
19700.156400000003	0.41	0.7	1
20010.961800000005	0.35	0.8	1
20323.871000000003	0.41	0.6	1
20637.834000000003	0.49	0.3	1
20953.900800000003	0.4	0.6	1
21272.7714	0.31	0.8	1
21594.4458	0.35	0.8	1
21918.924000000003	0.31	0.8	1
22245.856000000003	0.37	0.7	1
22575.941800000004	0.29	0.9	1
22909.181400000005	0.34	0.9	1
23244.874800000005	0.38	0.7	1
23583.022000000004	0.35	0.7	1
23923.973000000005	0.33	0.8	1
24267.377800000006	0.35	0.7	1
24614.286400000005	0.33	1.0	1
24963.648800000003	0.38	0.7	1
25315.465000000004	0.38	0.7	1
25669.735000000004	0.4	0.7	1
26026.458800000004	0.35	0.7	1
26386.336400000004	0.37	0.9	1
26747.617800000004	0.45	0.4	1
27111.353000000003	0.37	0.7	1
27477.542	0.38	0.7	1
27846.184800000003	0.41	0.7	1
28217.981400000004	0.33	0.9	1
28591.531800000004	0.44	0.5	1
28967.186000000005	0.44	0.6	1
29344.594000000005	0.48	0.5	1
29724.105800000005	0.39	0.6	1
30105.721400000006	0.39	0.6	1
30490.840800000005	0.3	1.0	1
30877.014000000006	0.49	0.3	1
31265.641000000007	0.39	0.7	1
31655.321800000005	0.79	0.3	1
32047.456400000006	0.42	0.7	1
32441.694800000005	0.41	0.6	1
32838.037000000004	0.41	0.6	1
33237.183000000005	0.36	0.8	1
33638.78280000001	0.4	0.7	1
34042.83640000001	0.36	0.7	1
34449.69380000001	0.31	0.8	1
34859.005000000005	0.45	0.7	1
35270.770000000004	0.35	0.7	1
35684.98880000001	0.39	0.7	1
36102.0114	0.35	0.8	1
36521.8378	0.38	0.8	1
36942.718	0.67	0.3	1
37367.452	0.3	1.1	1
37794.989799999996	0.37	0.8	1
38226.3814	0.27	1.1	1
38660.2268	0.36	0.7	1
39096.526	0.45	0.7	1
39535.629	0.34	0.8	1
39976.4858	0.52	0.5	1
