2.1067	0.41	0.7	1
4.4201	0.6	0.4	1
9.1402	0.37	0.8	1
15.667000000000002	0.48	0.6	1
24.9005	0.36	0.9	1
35.240700000000004	0.38	0.7	1
47.6876	0.38	0.7	1
62.241200000000006	0.37	0.7	1
78.3015	0.47	0.5	1
96.16850000000001	0.45	0.6	1
115.54220000000001	0.48	0.5	1
137.0226	0.39	0.7	1
160.0097	0.5	0.5	1
184.8035	0.42	0.6	1
212.00400000000002	0.43	0.8	1
241.01120000000003	0.35	0.6	1
271.8251	0.48	0.6	1
304.44570000000004	0.49	0.6	1
339.47300000000007	0.3	0.8	1
376.6070000000001	0.34	0.7	1
416.74770000000007	0.29	1.0	1
458.9951000000001	0.42	0.7	1
503.3492000000001	0.31	0.7	1
550.1100000000001	0.3	0.8	1
598.9775000000001	0.4	0.7	1
649.6517000000001	0.36	0.6	1
702.4326000000001	0.41	0.7	1
757.6202000000001	0.33	0.8	1
814.3145000000001	0.54	0.5	1
872.8155	0.46	0.6	1
933.4232000000001	0.43	0.7	1
995.5376000000001	0.47	0.5	1
1060.0587	0.43	0.8	1
1126.0865000000001	0.49	0.5	1
1193.921	0.37	0.6	1
1263.5622	0.53	0.6	1
1334.7101	0.47	0.5	1
1408.5647	0.32	0.9	1
1483.926	0.49	0.5	1
1560.194	0.64	0.3	1
1638.5687	0.35	0.7	1
1718.7501	0.42	0.6	1
1800.4382	0.49	0.5	1
1884.833	0.35	0.9	1
1971.3345000000002	0.38	0.7	1
2060.2427000000002	0.44	0.8	1
2150.6576000000005	0.44	0.5	1
2242.8792000000003	0.39	0.6	1
2337.2075000000004	0.41	0.7	1
2433.0425000000005	0.43	0.5	1
2530.3842000000004	0.46	0.5	1
2629.5326000000005	0.39	0.6	1
2731.0877000000005	0.36	0.8	1
2833.8495000000003	0.58	0.4	1
2938.7180000000003	0.34	0.7	1
3045.6932	0.42	0.7	1
3154.7751000000003	0.38	0.7	1
3265.6637000000005	0.42	0.6	1
3378.3590000000004	0.38	0.6	1
3493.1610000000005	0.36	0.7	1
3609.4697000000006	0.48	0.5	1
3728.1851000000006	0.36	0.8	1
3848.4072000000006	0.46	0.5	1
3970.4360000000006	0.47	0.6	1
4094.8715000000007	0.38	0.8	1
4221.113700000001	0.4	0.6	1
4349.162600000001	0.46	0.6	1
4479.918200000001	0.35	0.9	1
4611.780500000001	0.35	0.7	1
4746.049500000001	0.38	0.8	1
4882.125200000001	0.39	0.6	1
5019.407600000001	0.6	0.4	1
5159.096700000001	0.38	0.8	1
5301.192500000001	0.34	0.8	1
5444.795000000001	0.49	0.5	1
5590.504200000001	0.37	0.7	1
5738.020100000002	0.36	0.6	1
5887.942700000001	0.41	0.8	1
6039.072000000001	0.64	0.4	1
6192.008000000001	0.45	0.6	1
6347.350700000001	0.39	0.8	1
6504.800100000001	0.42	0.7	1
6664.356200000001	0.39	0.7	1
6825.719000000001	0.47	0.6	1
6989.488500000001	0.35	0.8	1
7155.064700000001	0.41	0.6	1
7322.4476	0.44	0.6	1
7491.6372	0.45	0.6	1
7662.9335	0.32	0.7	1
7836.0365	0.38	0.6	1
8011.5462	0.31	0.8	1
8189.1626	0.44	0.7	1
8368.885699999999	0.4	0.7	1
8550.4155	0.47	0.6	1
8734.351999999999	0.36	0.8	1
8920.395199999999	0.39	0.7	1
9108.845099999999	0.35	0.8	1
9299.401699999999	0.42	0.7	1
9492.064999999999	0.39	0.7	1
9687.134999999998	0.37	0.8	1
9884.311699999998	0.35	0.7	1
10084.195099999999	0.34	0.9	1
10285.885199999999	0.41	0.6	1
10489.382	0.43	0.6	1
10694.3855	0.48	0.5	1
10902.0957	0.33	0.9	1
11113.4126	0.26	1.2	1
11326.8362	0.4	0.7	1
11541.3665	0.47	0.7	1
11758.3035	0.35	0.8	1
11976.7472	0.42	0.5	1
12197.5976	0.38	0.8	1
12420.554699999999	0.45	0.7	1
12645.618499999999	0.4	0.7	1
12873.988999999998	0.32	1.1	1
13104.166199999998	0.37	0.6	1
13336.750099999997	0.37	0.8	1
13571.140699999998	0.46	0.6	1
13807.937999999998	0.39	0.8	1
14046.841999999999	0.37	0.7	1
14287.8527	0.37	0.7	1
14530.970099999999	0.42	0.7	1
14776.194199999998	0.34	0.7	1
15023.824999999999	0.37	0.8	1
15273.8625	0.3	0.8	1
15526.606699999998	0.3	0.9	1
15782.3576	0.29	1.0	1
16040.5152	0.36	0.8	1
16301.3795	0.35	0.9	1
16564.6505	0.35	0.8	1
16830.0282	0.39	0.7	1
17098.1126	0.34	0.9	1
17368.0037	0.48	0.6	1
17639.4015	0.42	0.5	1
17912.606	0.43	0.6	1
18187.3172	0.44	0.5	1
18465.0351	0.32	1.0	1
18744.5597	0.43	0.6	1
19025.891000000003	0.38	0.6	1
19309.029000000002	0.42	0.6	1
19594.2737	0.35	0.7	1
19881.6251	0.35	0.7	1
20170.7832	0.37	0.6	1
20461.448	0.39	0.5	1
20753.9195	0.43	0.6	1
21048.1977	0.42	0.6	1
21344.5826	0.35	0.7	1
21643.6742	0.28	0.9	1
21945.1725	0.37	0.8	1
22249.0775	0.32	0.8	1
22554.4892	0.41	0.5	1
22862.6076	0.3	0.9	1
23172.8327	0.41	0.7	1
23485.1645	0.38	0.7	1
23798.702999999998	0.52	0.4	1
24113.4482	0.46	0.4	1
24430.3001	0.37	0.7	1
24749.5587	0.38	0.8	1
25071.524	0.32	0.9	1
25395.896	0.34	0.8	1
25722.0747	0.4	0.6	1
26049.7601	0.5	0.5	1
26379.5522	0.36	0.7	1
26711.450999999997	0.37	0.7	1
27045.156499999997	0.43	0.6	1
27380.968699999998	0.43	0.7	1
27718.8876	0.44	0.7	1
28059.2132	0.36	0.8	1
28401.945499999998	0.39	0.8	1
28746.4845	0.42	0.6	1
29093.1302	0.34	0.7	1
29441.582599999998	0.43	0.6	1
29792.7417	0.33	0.9	1
30146.0075	0.41	0.7	1
30501.38	0.36	0.7	1
30858.5592	0.41	0.6	1
31216.645099999998	0.62	0.3	1
31578.037699999997	0.29	1.1	1
31941.836999999996	0.33	0.8	1
32308.342999999997	0.3	0.9	1
