64687.294661190965
129068.7706978561
0
1
648.3809034907598
1283.1939138933021
64687.294661190965
129068.7706978561
0
1
648.3809034907598
1283.1939138933021
64687.294661190965
129068.7706978561
0
1
648.3809034907598
1283.1939138933021
64687.294661190965
129068.7706978561
0
1
648.3809034907598
1283.1939138933021
64687.294661190965
129068.7706978561
0
1
648.3809034907598
1283.1939138933021
64687.294661190965
129068.7706978561
0
1
648.3809034907598
1283.1939138933021
64687.294661190965
129068.7706978561
0
1
648.3809034907598
1283.1939138933021
