1013	15	117.00002200357143	0	30.694160239257045	147.69418224282848
1014	11	121.00672295714286	0	36.593479707252165	157.60020266439503
1015	12	119.00002200357143	0	35.11567516525024	154.11569716882167
1016	2	113.0	0	62.52766710934041	175.52766710934043
1017	13	115.00002200357143	0	32.50240235147815	147.50242435504958
1018	19	121.00580477142857	0	24.11415361313723	145.1199583845658
1019	8	119.00672295714286	0	45.83622217086511	164.84294512800795
1020	16	119.00580477142857	0	30.423889144551826	149.4296939159804
1021	8	115.00672295714286	162.84294512800807	44.29550882058393	322.14517690573484
1022	14	117.00002200357143	0	33.01727057229936	150.01729257587078
1023	17	113.00580477142857	0	27.211867263882873	140.21767203531144
1024	15	119.00002200357143	136.69418224282845	31.218846739073406	286.91305098547326
1025	17	117.00580477142857	138.21767203531135	28.1751192024274	283.39859600916736
1026	0	119.0	0	100.57471264367815	219.57471264367814
1027	1	121.0	0	87.03783628254926	208.03783628254928
1028	6	121.0038109	0	52.42180053721515	173.42561143721514
1029	8	119.00672295714286	314.14517690573484	45.83622217086511	478.9881220337428
1030	11	115.00672295714286	141.60020266439506	34.778926994495855	291.3858526160338
1031	14	113.00002200357143	141.01729257587067	31.88847499717801	285.9057895766201
1032	12	115.00002200357143	137.11569716882173	33.935316336166196	286.0510355085593
1033	15	117.00002200357143	277.9130509854733	30.694160239257045	425.60723322830177
1034	7	117.0038109	0	46.57272510150466	163.57653600150468
1035	7	113.0038109	162.5765360015048	44.9804951835045	320.5608420850093
1036	14	117.00002200357143	280.90578957662	33.01727057229936	430.9230821524908
1037	7	121.0038109	318.5608420850094	48.16495501950482	487.72960800451426
1038	13	119.00002200357143	126.5024243550497	33.632920694138264	279.13536705275936
1039	11	113.00672295714286	282.38585261603384	34.17407609024376	429.5666516634205
1040	12	113.00002200357143	278.0510355085594	33.345136921624174	424.396194433755
1041	2	121.0	150.52766710934043	66.95440460380699	338.48207171314743
1042	15	113.00002200357143	416.60723322830177	29.644787239624325	559.2520424714975
1043	19	115.00580477142857	120.11995838456573	22.91841045876679	258.0441736147611
1044	8	117.00672295714286	463.9881220337429	45.06586549572452	626.0607104866103
1045	16	121.00580477142857	124.42969391598035	30.935215012527486	276.3707136999364
1046	6	119.0038109	155.42561143721514	51.55532449527771	325.9847468324929
1047	0	119.0	198.57471264367814	100.57471264367815	418.1494252873563
1048	16	115.00580477142857	273.37071369993646	29.401237408600505	417.7777558799655
1049	0	115.0	416.1494252873563	97.19405003380662	628.3434753211629
1050	4	121.0038109	0	55.693638957930595	176.6974498579306
1051	15	117.00002200357143	550.2520424714976	30.694160239257045	697.946224714326
1052	17	121.00580477142857	256.39859600916725	29.138371140971923	406.54277192156775
1053	13	121.00002200357143	264.1353670527594	34.19817986546832	419.33356892179916
1054	0	119.0	623.3434753211629	100.57471264367815	842.9181879648411
1055	16	115.00580477142857	410.7777558799655	29.401237408600505	555.1847980599946
1056	3	121.0	0	63.939970407947584	184.93997040794758
1057	10	121.00672295714286	0	37.11884164672679	158.12556460386963
1058	11	121.00672295714286	410.56665166342054	36.593479707252165	568.1668543278156
1059	15	121.00002200357143	689.946224714326	31.743533238889764	842.6897799567872
1060	0	121.0	836.9181879648411	102.26504394861392	1060.183231913455
1061	9	119.00672295714286	0	40.148448043184885	159.15517100032775
1062	0	113.0	1058.183231913455	95.50371872887085	1266.6869506423259
1063	0	121.0	1265.6869506423259	102.26504394861392	1488.9519945909399
1064	0	115.0	1487.9519945909396	97.19405003380662	1700.1460446247463
1065	0	113.0	1699.1460446247465	95.50371872887085	1907.6497633536173
1066	9	115.00672295714286	154.15517100032775	38.798920377867745	307.96081433533834
1067	3	113.0	173.9399704079476	59.712534347917995	346.6525047558656
1068	8	115.00672295714286	602.0607104866103	44.29550882058393	761.3629422643371
1069	12	113.00002200357143	395.396194433755	33.345136921624174	541.7413533589506
1070	19	113.00580477142857	231.04417361476112	22.519829407309977	366.5698077934997
1071	5	117.0038109	0	51.889302820649284	168.8931137206493
1072	0	113.0	1900.6497633536173	95.50371872887085	2109.153482082488
1073	5	121.0038109	166.89311372064935	53.663296079474904	341.56022070012426
1074	9	115.00672295714286	299.96081433533845	38.798920377867745	453.76645767034904
1075	5	119.0038109	339.5602207001243	52.7762994500621	511.3403310501864
1076	12	119.00002200357143	534.7413533589506	35.11567516525024	688.8570505277722
1077	0	119.0	2104.153482082488	100.57471264367815	2323.7281947261663
1078	15	117.00002200357143	823.6897799567873	30.694160239257045	971.3839621996158
1079	10	115.00672295714286	136.12556460386963	35.278237928707284	286.4105254897198
1080	3	119.0	333.6525047558657	62.88311139294019	515.535616148806
1081	3	117.0	514.535616148806	61.82625237793279	693.3618685267387
1082	17	117.00580477142857	376.5427719215677	28.1751192024274	521.7236958954237
1083	0	117.0	2317.7281947261663	98.88438133874239	2533.612576064909
1084	9	117.00672295714286	443.76645767034915	39.473684210526315	600.2468648380184
1085	17	117.00580477142857	518.7236958954236	28.1751192024274	663.9046198692795
1086	1	119.0	149.03783628254928	85.59919436052367	353.63703064307293
1087	0	119.0	2529.612576064909	100.57471264367815	2749.187288708587
1088	17	113.00580477142857	660.9046198692795	27.211867263882873	801.1222919045908
1089	0	121.0	2747.187288708587	102.26504394861392	2970.4523326572007
1090	6	119.0038109	281.9847468324929	51.55532449527771	452.5438822277706
1091	0	119.0	2968.4523326572007	100.57471264367815	3188.027045300879
1092	0	113.0	3187.027045300879	95.50371872887085	3395.5307640297497
1093	8	121.00672295714286	736.3629422643371	46.606578846005704	903.9762440674857
1094	17	115.00580477142857	795.1222919045908	27.693493233155134	937.8215899091745
1095	16	115.00580477142857	515.1847980599946	29.401237408600505	659.5918402400237
1096	8	119.00672295714286	900.9762440674858	45.83622217086511	1065.819189195494
1097	3	121.0	677.3618685267388	63.939970407947584	862.3018389346864
1098	11	115.00672295714286	528.1668543278156	34.778926994495855	677.9525042794543
1099	0	115.0	3388.5307640297497	97.19405003380662	3600.724814063556
1100	4	119.0038109	126.69744985793068	54.77308294209703	300.4743437000277
1101	0	117.0	3598.7248140635566	98.88438133874239	3814.609195402299
1102	10	117.00672295714286	263.41052548971993	35.89177250138046	416.30902094824324
1103	0	121.0	3812.6091954022995	102.26504394861392	4035.8742393509133
1104	0	117.0	4034.874239350913	98.88438133874239	4250.758620689655
1105	8	115.00672295714286	1056.819189195494	44.29550882058393	1216.1214209732207
1106	10	113.00672295714286	412.3090209482432	34.66470335603412	559.9804472614202
1107	1	115.0	332.6370306430729	82.72191051647245	530.3589411595453
1108	0	117.0	4246.758620689655	98.88438133874239	4462.643002028397
1109	18	115.00580477142857	0	26.8666479768246	141.87245274825318
1110	0	115.0	4460.643002028397	97.19405003380662	4672.837052062204
1111	10	119.00672295714286	554.9804472614201	36.505307074053626	710.4924772926165
1112	0	119.0	4670.837052062204	100.57471264367815	4890.411764705882
1113	0	119.0	4889.411764705882	100.57471264367815	5108.98647734956
1114	9	115.00672295714286	570.2468648380184	38.798920377867745	724.052508173029
1115	7	119.0038109	409.7296080045144	47.36884006050474	576.102258965019
1116	7	119.0038109	575.102258965019	47.36884006050474	741.4749099255237
1117	8	121.00672295714286	1204.1214209732207	46.606578846005704	1371.7347227763692
1118	9	115.00672295714286	720.0525081730289	38.798920377867745	873.8581515080394
1119	14	117.00002200357143	347.9230821524907	33.01727057229936	497.94037472836146
1120	8	113.00672295714286	1368.7347227763694	43.52515214544334	1525.2665978789555
1121	8	113.00672295714286	1524.2665978789555	43.52515214544334	1680.7984729815416
1122	9	117.00672295714286	869.8581515080396	39.473684210526315	1026.3385586757088
1123	0	117.0	5098.98647734956	98.88438133874239	5314.870858688302
1124	0	119.0	5313.870858688302	100.57471264367815	5533.44557133198
1125	16	121.00580477142857	629.5918402400237	30.935215012527486	781.5328600239797
1126	10	117.00672295714286	695.4924772926165	35.89177250138046	848.3909727511399
1127	8	121.00672295714286	1674.7984729815416	46.606578846005704	1842.4117747846901
1128	18	113.00580477142857	122.87245274825318	26.399401925053734	262.2776594447355
1129	8	115.00672295714286	1840.4117747846904	44.29550882058393	1999.7140065624171
1130	8	115.00672295714286	1998.7140065624171	44.29550882058393	2158.016238340144
1131	4	119.0038109	269.4743437000277	54.77308294209703	443.2512375421247
1132	15	115.00002200357143	917.3839621996158	30.169473739440686	1062.553457942628
1133	16	115.00580477142857	773.5328600239795	29.401237408600505	917.9399022040086
1134	1	115.0	503.35894115954534	82.72191051647245	701.0808516760178
1135	15	121.00002200357143	1059.553457942628	31.743533238889764	1212.2970131850893
1136	7	113.0038109	721.4749099255237	44.9804951835045	879.4592160090281
1137	3	113.0	822.3018389346864	59.712534347917995	995.0143732826044
1138	6	117.0038109	404.5438822277706	50.68884845334027	572.2365415811108
1139	0	113.0	5518.44557133198	95.50371872887085	5726.949290060851
1140	0	117.0	5725.949290060851	98.88438133874239	5941.833671399593
