33.87338962380952	0.6	12.7	1
66.68011258095238	0.6	12.3	1
98.9535022047619	0.6	12.1	1
115.76022516190476	0.4	6.3	1
149.6336147857143	0.6	12.7	1
182.44033774285714	0.6	12.3	1
199.2470607	0.4	6.3	1
232.58711699047618	0.6	12.5	1
249.39383994761903	0.4	6.3	1
282.7338962380952	0.6	12.5	1
299.00728586190473	0.4	6.1	1
332.3473421523809	0.6	12.5	1
365.6873984428571	0.6	12.5	1
399.0274547333333	0.6	12.5	1
415.83417769047617	0.4	6.3	1
447.5742339809524	0.6	11.9	1
480.91429027142857	0.6	12.5	1
495.05434656190477	0.2	5.3	1
509.19440285238096	0.2	5.3	1
526.0011258095238	0.4	6.3	1
542.8078487666667	0.4	6.3	1
575.8879613476187	0.4	6.1	1
623.6414635523803	0.2	5.5	1
703.6683553809512	0.6	12.1	1
800.501970166665	0.4	6.3	1
832.7753597904746	0.6	12.1	1
897.855472371427	0.6	12.3	1
996.2756412428553	0.6	12.5	1
1126.4358664047588	0.6	11.9	1
1273.402814523806	0.4	6.3	1
1335.0431522666622	0.2	5.5	1
1368.9165418904718	0.6	12.7	1
1384.6565981809479	0.4	5.9	1
1432.670044095234	0.6	12.1	1
1512.9568796333301	0.6	12.1	1
1625.5171047952358	0.6	12.1	1
1752.750719580951	0.2	5.5	1
1811.724390657142	0.6	11.9	1
1903.5047846904768	0.6	12.3	1
2029.1585683476205	0.6	12.7	1
2187.0857416285744	0.6	12.1	1
2377.286304533338	0.6	12.1	1
2394.093027490481	0.4	6.3	1
2426.3664171142905	0.6	12.1	1
2441.0398067381	0.2	5.5	1
2472.7798630285765	0.6	11.9	1
2489.053252652386	0.4	6.1	1
2521.6000319000054	0.4	6.1	1
2569.886867438101	0.4	5.9	1
2634.4470926000067	0.4	6.1	1
2732.3473740523887	0.6	12.5	1
2748.6207636761983	0.4	6.1	1
2797.1675429238176	0.6	12.1	1
2879.054378461913	0.6	12.5	1
2975.6146036238174	0.2	5.5	1
3103.9148850761976	0.6	11.9	1
3149.021889485721	0.4	6.3	1
3163.161945776197	0.2	5.3	1
3179.435335400007	0.4	6.1	1
3212.5154479809594	0.4	6.3	1
3262.4022835190544	0.4	6.3	1
3326.4291753476255	0.2	5.3	1
3423.2627901333394	0.6	12.3	1
3455.0028464238158	0.6	11.9	1
