26.77502200357143	0.6	11.9	1
67.7250660107143	0.4	6.3	1
79.65008801428573	0.2	5.3	1
106.42511001785715	0.6	11.9	1
120.60013202142858	0.4	6.3	1
149.175154025	0.6	12.7	1
176.85017602857144	0.6	12.3	1
205.42519803214287	0.6	12.7	1
233.1002200357143	0.6	12.3	1
261.2252420392857	0.6	12.5	1
273.60026404285713	0.2	5.5	1
314.10030804999985	0.6	12.5	1
366.5253740607139	0.2	5.3	1
379.80039606428534	0.4	5.9	1
407.0254180678568	0.6	12.1	1
434.7004400714282	0.6	12.3	1
462.37546207499963	0.6	12.3	1
474.30048407857106	0.2	5.3	1
487.5755060821425	0.4	5.9	1
500.85052808571396	0.4	5.9	1
512.7755500892854	0.2	5.3	1
526.5005720928568	0.4	6.1	1
553.7255940964283	0.6	12.1	1
582.3006160999997	0.6	12.7	1
638.1006601071427	0.6	12.1	1
650.4756821107142	0.2	5.5	1
677.7007041142856	0.6	12.1	1
690.075726117857	0.2	5.5	1
702.4507481214284	0.2	5.5	1
715.7257701249998	0.4	5.9	1
729.9007921285713	0.4	6.3	1
744.0758141321428	0.4	6.3	1
771.3008361357142	0.6	12.1	1
784.5758581392856	0.4	5.9	1
812.0259021464294	0.4	6.3	1
838.8009241500008	0.6	11.9	1
866.0259461535722	0.6	12.1	1
878.4009681571437	0.2	5.5	1
906.5259901607151	0.6	12.5	1
919.8010121642865	0.4	5.9	1
933.5260341678579	0.4	6.1	1
947.7010561714294	0.4	6.3	1
975.8260781750008	0.6	12.5	1
1003.9511001785722	0.6	12.5	1
1018.1261221821437	0.4	6.3	1
1030.0511441857152	0.2	5.3	1
1058.6261661892866	0.6	12.7	1
1071.001188192858	0.2	5.5	1
1095.3012322000004	0.2	5.3	1
1109.0262542035719	0.4	6.1	1
1137.6012762071432	0.6	12.7	1
1165.2762982107147	0.6	12.3	1
1192.051320214286	0.6	11.9	1
1205.3263422178575	0.4	5.9	1
1233.9013642214288	0.6	12.7	1
1261.1263862250003	0.6	12.1	1
1289.7014082285716	0.6	12.7	1
1318.276430232143	0.6	12.7	1
1332.0014522357144	0.4	6.1	1
1359.2264742392858	0.6	12.1	1
1372.5014962428572	0.4	5.9	1
1400.1765182464287	0.6	12.3	1
1440.2265622535722	0.2	5.5	1
1454.4015842571437	0.4	6.3	1
1482.301628264287	0.4	6.1	1
1495.5766502678584	0.4	5.9	1
1523.25167227143	0.6	12.3	1
1578.1517162785733	0.6	12.1	1
1590.0767382821448	0.2	5.3	1
1602.4517602857163	0.2	5.5	1
1642.5018042928605	0.6	12.3	1
1656.226826296432	0.4	6.1	1
1669.9518483000033	0.4	6.1	1
1684.1268703035748	0.4	6.3	1
1697.4018923071462	0.4	5.9	1
1710.6769143107176	0.4	5.9	1
1738.351936314289	0.6	12.3	1
1766.9269583178605	0.6	12.7	1
1795.051980321432	0.6	12.5	1
1850.8520243285761	0.6	12.3	1
1878.0770463321476	0.6	12.1	1
1904.852068335719	0.6	11.9	1
1916.7770903392905	0.2	5.3	1
1942.4271343464338	0.4	6.1	1
1954.8021563500054	0.2	5.5	1
1995.3022003571496	0.6	12.5	1
