19.987522003571428	0.6	12.3	1
39.975044007142856	0.6	12.3	1
49.562566010714285	0.4	5.9	1
58.17508801428571	0.2	5.3	1
78.16261001785713	0.6	12.3	1
88.40013202142856	0.4	6.3	1
108.38765402499999	0.6	12.3	1
149.0126980321429	0.6	12.7	1
169.65022003571434	0.6	12.7	1
179.56274203928578	0.4	6.1	1
188.5002640428572	0.2	5.5	1
198.73778604642862	0.4	6.3	1
208.32530805000005	0.4	5.9	1
217.91283005357147	0.4	5.9	1
228.1503520571429	0.4	6.3	1
248.13787406071432	0.6	12.3	1
257.07539606428577	0.2	5.5	1
277.0629180678572	0.6	12.3	1
286.0004400714286	0.2	5.5	1
294.61296207500004	0.2	5.3	1
313.9504840785715	0.6	11.9	1
323.86300608214293	0.4	6.1	1
332.47552808571436	0.2	5.3	1
352.4630500892858	0.6	12.3	1
393.0880940964282	0.6	12.7	1
401.70061609999965	0.2	5.3	1
419.2506601071421	0.2	5.5	1
429.4881821107135	0.4	6.3	1
438.42570411428494	0.2	5.5	1
457.7632261178564	0.6	11.9	1
467.35074812142784	0.4	5.9	1
486.6882701249993	0.6	11.9	1
496.60079212857073	0.4	6.1	1
515.9383141321422	0.6	11.9	1
535.6008361357136	0.6	12.1	1
556.2383581392851	0.6	12.7	1
586.7884021464281	0.4	6.1	1
607.1009241499995	0.6	12.5	1
615.7134461535709	0.2	5.3	1
635.0509681571423	0.6	11.9	1
655.6884901607137	0.6	12.7	1
665.9260121642851	0.4	6.3	1
675.5135341678565	0.4	5.9	1
685.1010561714279	0.4	5.9	1
705.7385781749994	0.6	12.7	1
725.7261001785707	0.6	12.3	1
746.3636221821422	0.6	12.7	1
755.3011441857136	0.2	5.5	1
764.888666189285	0.4	5.9	1
775.1261881928565	0.4	6.3	1
784.0637101964279	0.2	5.5	1
793.0012321999993	0.2	5.5	1
812.1762762071435	0.4	6.3	1
821.7637982107149	0.4	5.9	1
842.0763202142863	0.6	12.5	1
852.3138422178577	0.4	6.3	1
861.901364221429	0.4	5.9	1
870.8388862250005	0.2	5.5	1
889.6889302321446	0.4	6.1	1
899.9264522357159	0.4	6.3	1
919.5889742392874	0.6	12.1	1
939.9014962428588	0.6	12.5	1
959.2390182464302	0.6	11.9	1
979.5515402500016	0.6	12.5	1
989.139062253573	0.4	5.9	1
1018.0641062607149	0.6	11.9	1
1026.6766282642864	0.2	5.3	1
1047.3141502678577	0.6	12.7	1
1067.3016722714292	0.6	12.3	1
1087.6141942750007	0.6	12.5	1
1127.9142382821449	0.6	12.3	1
1147.9017602857164	0.6	12.3	1
1178.1268042928598	0.4	6.3	1
1198.7643262964311	0.6	12.7	1
1218.4268483000026	0.6	12.1	1
1228.339370303574	0.4	6.1	1
1238.2518923071455	0.4	6.1	1
1258.8894143107168	0.6	12.7	1
1267.5019363142883	0.2	5.3	1
1276.4394583178598	0.2	5.5	1
1296.4269803214313	0.6	12.3	1
1306.6645023250028	0.4	6.3	1
1336.2395463321461	0.6	11.9	1
1355.9020683357176	0.6	12.1	1
1376.539590339289	0.6	12.7	1
1407.4146343464301	0.4	6.3	1
1427.7271563500017	0.6	12.5	1
1437.9646783535732	0.4	6.3	1
1458.2772003571447	0.6	12.5	1
1488.8272443642888	0.4	6.3	1
1509.4647663678602	0.6	12.7	1
1549.7648103750014	0.6	12.1	1
1560.0023323785729	0.4	6.3	1
1579.1773763857163	0.2	5.5	1
1599.8148983892877	0.6	12.7	1
1609.402420392859	0.4	5.9	1
1627.927464400001	0.2	5.5	1
1637.5149864035725	0.4	5.9	1
1656.6900304107144	0.4	5.9	1
1666.2775524142858	0.4	5.9	1
1674.8900744178572	0.2	5.3	1
1694.8775964214287	0.6	12.3	1
1714.5401184250002	0.6	12.1	1
1724.1276404285716	0.4	5.9	1
1733.715162432143	0.4	5.9	1
1742.3276844357144	0.2	5.3	1
1760.5277284428578	0.4	5.9	1
1769.4652504464293	0.2	5.5	1
1798.7152944535735	0.6	12.5	1
1836.9028604642904	0.2	5.5	1
1846.8153824678618	0.4	6.1	1
1866.4779044714332	0.6	12.1	1
1885.8154264750046	0.6	11.9	1
1925.7904704821465	0.6	12.7	1
1946.102992485718	0.6	12.5	1
1954.7155144892895	0.2	5.3	1
1964.953036492861	0.4	6.3	1
1994.5280805000043	0.6	11.9	1
2014.5156025035758	0.6	12.3	1
2054.815646510719	0.6	12.5	1
2065.0531685142905	0.4	6.3	1
2074.9656905178617	0.4	6.1	1
2094.953212521433	0.6	12.3	1
2125.1782565285766	0.4	6.3	1
2133.790778532148	0.2	5.3	1
2142.4033005357196	0.2	5.3	1
2162.715822539291	0.6	12.5	1
2192.940866546435	0.4	6.1	1
2213.253388550006	0.6	12.5	1
2242.50343255715	0.2	5.5	1
2291.4159985678666	0.6	12.1	1
2301.003520571438	0.4	5.9	1
2309.6160425750095	0.2	5.3	1
2330.253564578581	0.6	12.7	1
2350.5660865821524	0.6	12.5	1
2370.2286085857236	0.6	12.1	1
2390.216130589295	0.6	12.3	1
2429.5411745964384	0.6	11.9	1
2449.52869660001	0.6	12.3	1
2479.7537406071533	0.4	6.3	1
2500.0662626107246	0.6	12.5	1
2520.378784614296	0.6	12.5	1
2528.9913066178674	0.2	5.3	1
2537.9288286214387	0.2	5.5	1
2567.503872628583	0.6	12.7	1
2587.4913946321544	0.6	12.3	1
2617.716438639298	0.4	6.3	1
2627.628960642869	0.4	6.1	1
2648.2664826464406	0.6	12.7	1
2677.516526653582	0.2	5.3	1
2698.1540486571535	0.6	12.7	1
2708.391570660725	0.4	6.3	1
2729.0290926642965	0.6	12.7	1
2739.266614667868	0.4	6.3	1
2758.6041366714394	0.6	11.9	1
2786.879180678581	0.2	5.5	1
2825.391746689296	0.4	6.3	1
2835.6292686928673	0.4	6.3	1
2865.8543127000107	0.6	12.3	1
2875.441834703582	0.4	5.9	1
2884.0543567071536	0.2	5.3	1
2902.904400714297	0.4	6.3	1
2922.2419227178684	0.6	11.9	1
2951.49196672501	0.4	6.1	1
2961.0794887285815	0.4	5.9	1
2990.9795327357233	0.6	12.5	1
2999.9170547392946	0.2	5.5	1
3017.4670987464388	0.2	5.3	1
3037.4546207500102	0.6	12.3	1
3066.0546647571537	0.2	5.3	1
3075.967186760725	0.4	6.1	1
