18.516915882539685	0.6	11.9	1
38.27827620952381	0.6	12.7	1
46.83963653650794	0.2	5.5	1
55.40099686349207	0.2	5.5	1
74.85124607936508	0.6	12.5	1
93.36816196190478	0.6	11.9	1
111.88507784444445	0.6	11.9	1
121.0686603936508	0.4	5.9	1
139.5855762761905	0.6	11.9	1
158.7247143809524	0.6	12.3	1
177.55274137460322	0.6	12.1	1
186.73632392380955	0.4	5.9	1
214.43682235555545	0.6	11.9	1
260.96534778095173	0.6	12.1	1
326.94412242222063	0.6	12.5	1
335.1943716380936	0.2	5.3	1
363.2059811809506	0.6	12.7	1
382.3451192857125	0.6	12.3	1
400.8620351682522	0.6	11.9	1
410.0456177174585	0.4	5.9	1
428.56253359999823	0.6	11.9	1
438.36833837142683	0.4	6.3	1
446.92969869841096	0.2	5.5	1
465.44661458095067	0.6	11.9	1
483.9635304634904	0.6	11.9	1
492.21377967936337	0.2	5.3	1
501.70847333968084	0.4	6.1	1
510.89205588888717	0.4	5.9	1
529.4089717714269	0.6	11.9	1
547.9258876539666	0.6	11.9	1
556.4872479809507	0.2	5.5	1
565.0486083079347	0.2	5.5	1
573.2988575238078	0.2	5.3	1
581.5491067396808	0.2	5.3	1
591.0438003999983	0.4	6.1	1
619.3665210539665	0.6	12.1	1
637.8834369365062	0.6	11.9	1
647.3781305968237	0.4	6.1	1
666.3675179174585	0.4	6.1	1
685.1955449111093	0.6	12.1	1
703.712460793649	0.6	11.9	1
713.2071544539665	0.4	6.1	1
723.0129592253951	0.4	6.3	1
732.5076528857126	0.4	6.1	1
742.3134576571412	0.4	6.3	1
762.0748179841253	0.6	12.7	1
780.591733866665	0.6	11.9	1
808.9144545206328	0.4	6.3	1
827.7424815142837	0.6	12.1	1
847.1927307301567	0.6	12.5	1
866.3318688349185	0.6	12.3	1
885.7821180507915	0.6	12.5	1
895.5879228222201	0.4	6.3	1
904.7715053714264	0.4	5.9	1
923.2884212539661	0.6	11.9	1
932.4720038031725	0.4	5.9	1
952.2333641301566	0.6	12.7	1
971.0613911238074	0.6	12.1	1
990.2005292285693	0.6	12.3	1
1000.0063339999979	0.4	6.3	1
1009.8121387714265	0.4	6.3	1
1018.3734990984105	0.2	5.5	1
1037.8237483142836	0.6	12.5	1
1046.3851086412678	0.2	5.5	1
1064.7522737396812	0.4	6.3	1
1083.269189622221	0.6	11.9	1
1092.4527721714273	0.4	5.9	1
1100.7030213873004	0.2	5.3	1
1117.203519819048	0.2	5.3	1
1136.6537690349212	0.6	12.5	1
1155.170684917461	0.6	11.9	1
1193.4489611269862	0.6	12.7	1
1202.9436547873036	0.4	6.1	1
1221.93304210794	0.4	6.1	1
1240.4499579904798	0.6	11.9	1
1277.4837897555606	0.6	11.9	1
1296.0007056381003	0.6	11.9	1
1323.0789818476255	0.2	5.5	1
1331.3292310634986	0.2	5.3	1
1358.7186183841352	0.6	12.3	1
1367.9022009333416	0.4	5.9	1
1385.33603269842	0.2	5.3	1
1395.1418374698485	0.4	6.3	1
1414.5920866857216	0.6	12.5	1
1422.8423359015947	0.2	5.3	1
1431.4036962285788	0.2	5.5	1
1439.653945444452	0.2	5.3	1
1449.4597502158804	0.4	6.3	1
1458.9544438761977	0.4	6.1	1
1478.715804203182	0.6	12.7	1
1487.2771645301661	0.2	5.5	1
1506.105191523817	0.6	12.1	1
1525.244329628579	0.6	12.3	1
1533.8056899555631	0.2	5.5	1
1553.5670502825474	0.6	12.7	1
1573.3284106095316	0.6	12.7	1
1582.511993158738	0.4	5.9	1
1599.9458249238164	0.2	5.3	1
1618.4627408063561	0.6	11.9	1
1627.9574344666735	0.4	6.1	1
1646.4743503492132	0.6	11.9	1
1674.7970710031827	0.4	6.3	1
1684.6028757746112	0.4	6.3	1
1703.430902768262	0.6	12.1	1
1712.6144853174685	0.4	5.9	1
1722.420290088897	0.4	6.3	1
1741.87053930477	0.6	12.5	1
1761.009677409532	0.6	12.3	1
1769.2599266254051	0.2	5.3	1
1788.399064730167	0.6	12.3	1
1816.721785384135	0.4	5.9	1
1863.8725330317527	0.6	12.1	1
1883.0116711365147	0.6	12.3	1
1892.1952536857211	0.4	5.9	1
1900.4455029015942	0.2	5.3	1
1910.2513076730227	0.4	6.3	1
1929.7015568888958	0.6	12.5	1
1949.1518061047689	0.6	12.5	1
1976.8523045365137	0.2	5.3	1
1986.03588708572	0.4	5.9	1
2005.175025190482	0.6	12.3	1
2044.0755236222278	0.6	12.7	1
2052.325772838101	0.2	5.3	1
2070.8426887206406	0.6	11.9	1
2107.8765204857214	0.6	11.9	1
2127.0156585904833	0.6	12.3	1
2146.4659078063564	0.6	12.5	1
2166.2272681333407	0.6	12.7	1
2185.0552951269915	0.6	12.1	1
2204.8166554539757	0.6	12.7	1
2223.3335713365154	0.6	11.9	1
2242.1615983301663	0.6	12.1	1
2251.3451808793725	0.4	5.9	1
2269.712345977784	0.4	5.9	1
2278.8959285269902	0.4	5.9	1
2287.146177742863	0.2	5.3	1
2296.6408714031804	0.4	6.1	1
2315.319147612706	0.4	5.9	1
2323.88050793969	0.2	5.5	1
2341.625450815881	0.4	5.9	1
2350.186811142865	0.2	5.5	1
2359.370393692071	0.4	5.9	1
2376.804225457149	0.2	5.3	1
2385.365585784133	0.2	5.5	1
2412.754973104769	0.6	12.1	1
2422.249666765086	0.4	6.1	1
2441.388804869848	0.6	12.3	1
2470.022636634927	0.4	6.1	1
2489.7839969619113	0.6	12.7	1
2518.106717615881	0.2	5.5	1
2527.601411276198	0.4	6.1	1
2546.74054938096	0.6	12.3	1
2556.2352430412775	0.4	6.1	1
2585.491297028581	0.6	12.7	1
2604.3193240222317	0.6	12.1	1
2612.8806843492157	0.2	5.5	1
2631.247849447629	0.4	6.3	1
2639.498098663502	0.2	5.3	1
2647.7483478793747	0.2	5.3	1
2655.9985970952475	0.2	5.3	1
2675.7599574222318	0.6	12.7	1
2703.77156696509	0.2	5.3	1
2750.6112035016013	0.6	12.1	1
2759.172563828585	0.2	5.5	1
2767.733924155569	0.2	5.5	1
2776.295284482553	0.2	5.5	1
2794.662449580963	0.4	6.3	1
2803.846032130169	0.4	5.9	1
2822.67405912382	0.6	12.1	1
2831.857641673026	0.4	5.9	1
2851.6190020000104	0.6	12.7	1
2871.0692512158835	0.6	12.5	1
2899.7030829809614	0.4	5.9	1
2908.2644433079454	0.2	5.5	1
2926.009386184133	0.4	5.9	1
2934.2596354000057	0.2	5.3	1
2950.760133831753	0.2	5.3	1
2986.7108814793755	0.6	12.5	1
3006.4722418063598	0.6	12.7	1
3034.483851349218	0.2	5.3	1
3081.012376774618	0.6	11.9	1
3099.840403768269	0.6	12.1	1
3119.601764095253	0.6	12.7	1
3139.3631244222374	0.6	12.7	1
3178.263622853985	0.6	12.3	1
3198.0249831809692	0.6	12.7	1
3206.275232396842	0.2	5.3	1
3225.414370501604	0.6	12.3	1
3243.9312863841437	0.6	11.9	1
3262.7593133777946	0.6	12.1	1
3271.3206737047785	0.2	5.5	1
3279.8820340317625	0.2	5.5	1
