7.797471438095238	0.2	5.5	1
16.72827620952381	0.4	6.3	1
33.87574764761905	0.6	12.1	1
51.58988575238095	0.6	12.5	1
59.38735719047619	0.2	5.5	1
67.75149529523809	0.4	5.9	1
84.89896673333332	0.6	12.1	1
102.3297715047619	0.6	12.3	1
110.12724294285714	0.2	5.5	1
127.84138104761904	0.6	12.5	1
136.20551915238093	0.4	5.9	1
153.91965725714283	0.6	12.5	1
162.56712869523807	0.4	6.1	1
171.2146001333333	0.4	6.1	1
179.86207157142854	0.4	6.1	1
187.6595430095238	0.2	5.5	1
204.5236811142857	0.6	11.9	1
221.67115255238093	0.6	12.1	1
239.38529065714283	0.6	12.5	1
247.18276209523808	0.2	5.5	1
255.54690019999998	0.4	5.9	1
264.4777049714286	0.4	6.3	1
271.9918430761905	0.2	5.3	1
289.4226478476191	0.6	12.3	1
306.286785952381	0.6	11.9	1
324.2842573904763	0.6	12.7	1
341.4317288285715	0.6	12.1	1
349.7958669333334	0.4	5.9	1
367.226671704762	0.6	12.3	1
384.9408098095239	0.6	12.5	1
392.4549479142858	0.2	5.3	1
401.3857526857144	0.4	6.3	1
409.7498907904763	0.4	5.9	1
427.1806955619049	0.6	12.3	1
434.6948336666668	0.2	5.3	1
442.2089717714287	0.2	5.3	1
451.1397765428573	0.4	6.3	1
468.28724798095254	0.6	12.1	1
485.4347194190478	0.6	12.1	1
520.012995628571	0.6	12.3	1
571.7387432761905	0.6	12.1	1
588.8862147142856	0.6	12.1	1
596.6836861523809	0.2	5.5	1
605.3311575904761	0.4	6.1	1
623.3286290285713	0.6	12.7	1
650.256905238095	0.4	6.3	1
659.1877100095236	0.4	6.3	1
686.1159862190482	0.6	12.7	1
703.2634576571434	0.6	12.1	1
721.2609290952386	0.6	12.7	1
729.0584005333338	0.2	5.5	1
746.2058719714291	0.6	12.1	1
764.2033434095243	0.6	12.7	1
773.1341481809529	0.4	6.3	1
798.9290910571442	0.6	11.9	1
815.7932291619061	0.6	11.9	1
849.5215053714317	0.6	11.9	1
857.8856434761935	0.4	5.9	1
874.7497815809554	0.6	11.9	1
892.4639196857173	0.6	12.5	1
900.8280577904792	0.4	5.9	1
918.5421958952411	0.6	12.5	1
926.906334000003	0.4	5.9	1
944.0538054380982	0.6	12.1	1
979.1987483142899	0.6	12.7	1
997.1962197523851	0.6	12.7	1
1014.3436911904803	0.6	12.1	1
1023.2744959619089	0.4	6.3	1
1031.9219674000042	0.4	6.1	1
1049.6361055047662	0.6	12.5	1
1067.6335769428615	0.6	12.7	1
1076.56438171429	0.4	6.3	1
1102.9259912571479	0.6	12.3	1
1120.3567960285764	0.6	12.3	1
1129.0042674666715	0.4	6.1	1
1146.4350722381	0.6	12.3	1
1171.6633484476247	0.2	5.5	1
1180.5941532190532	0.4	6.3	1
1189.2416246571483	0.4	6.1	1
1206.3890960952435	0.6	12.1	1
1241.250705638102	0.6	12.5	1
1283.9097866190561	0.2	5.5	1
1301.0572580571513	0.6	12.1	1
1319.0547294952466	0.6	12.7	1
1336.7688676000087	0.6	12.5	1
1354.4830057047707	0.6	12.5	1
1372.480477142866	0.6	12.7	1
1381.1279485809612	0.4	6.1	1
1398.7062247904862	0.4	6.3	1
1433.9986391047742	0.6	12.5	1
1450.862777209536	0.6	11.9	1
1485.1577200857282	0.6	12.3	1
1494.0885248571567	0.4	6.3	1
1519.883467733348	0.6	11.9	1
1562.542548714303	0.6	11.9	1
1579.9733534857314	0.6	12.3	1
1606.3349630285893	0.4	6.3	1
1641.6273773428766	0.4	6.3	1
1685.8505964285932	0.4	6.3	1
1702.714734533355	0.6	11.9	1
1736.4430107428807	0.6	11.9	1
1754.440482180976	0.6	12.7	1
1779.952091723833	0.2	5.3	1
1787.466229828595	0.2	5.3	1
1812.9778393714519	0.6	12.7	1
1846.0035870190704	0.2	5.3	1
1863.434391790499	0.6	12.3	1
1871.7985298952608	0.4	5.9	1
1879.3126680000228	0.2	5.3	1
1887.6768061047846	0.4	5.9	1
1914.0384156476437	0.6	12.7	1
1931.1858870857388	0.6	12.1	1
1938.983358523834	0.2	5.5	1
1955.1449680666904	0.4	5.9	1
1963.7924395047855	0.4	6.1	1
1980.6565776095474	0.6	11.9	1
2014.384853819073	0.6	11.9	1
2023.3156585905015	0.4	6.3	1
2032.24646336193	0.4	6.3	1
2059.1747395714547	0.6	12.7	1
2077.1722110095498	0.6	12.7	1
2112.6004872190733	0.6	12.3	1
2130.031291990502	0.6	12.3	1
2138.3954300952637	0.4	5.9	1
2154.5570396381227	0.2	5.5	1
2172.2711777428844	0.6	12.5	1
2189.1353158476463	0.6	11.9	1
2213.7969253905053	0.2	5.5	1
2230.661063495267	0.6	11.9	1
2255.039339704793	0.2	5.3	1
2262.836811142888	0.2	5.5	1
2271.20094924765	0.4	5.9	1
2280.1317540190785	0.4	6.3	1
2297.710030228603	0.4	6.1	1
2322.802444542891	0.2	5.3	1
2330.316582647653	0.2	5.3	1
2338.680720752415	0.4	5.9	1
2364.475663628607	0.6	12.3	1
2372.2731350667023	0.2	5.5	1
2387.868077942892	0.2	5.5	1
2396.7988827143204	0.4	6.3	1
2413.9463541524156	0.6	12.1	1
2448.807963695274	0.6	12.5	1
2500.5337113428945	0.6	11.9	1
2517.3978494476564	0.6	11.9	1
2534.2619875524183	0.6	11.9	1
2568.5569304286105	0.6	12.3	1
2611.2160114095655	0.4	5.9	1
2628.646816180994	0.6	12.3	1
2637.5776209524224	0.4	6.3	1
2663.655897161947	0.6	12.1	1
2672.5867019333755	0.4	6.3	1
2690.3008400381373	0.6	12.5	1
2725.445782914328	0.6	12.3	1
2742.30992101909	0.6	11.9	1
2749.824059123852	0.2	5.3	1
2767.2548638952803	0.6	12.3	1
2775.0523353333756	0.2	5.5	1
2791.7806115428984	0.4	6.3	1
2826.5063591905173	0.6	12.7	1
2834.0204972952793	0.2	5.3	1
2842.6679687333744	0.4	6.1	1
2868.462911609566	0.6	12.1	1
2876.827049714328	0.4	5.9	1
2894.824521152423	0.6	12.7	1
2921.7527973619467	0.4	6.3	1
2965.8285450095664	0.6	12.1	1
2974.1926831143282	0.4	5.9	1
2990.070959323854	0.2	5.3	1
2998.718430761949	0.4	6.1	1
3015.582568866711	0.6	11.9	1
3023.946706971473	0.4	5.9	1
3040.6749831809984	0.4	5.9	1
3057.5391212857603	0.6	11.9	1
3065.0532593905223	0.2	5.3	1
3089.714868933379	0.6	12.1	1
3123.3072832476655	0.4	6.3	1
3140.738088019094	0.6	12.3	1
3175.883030895285	0.6	12.5	1
3192.747169000047	0.6	11.9	1
3217.9754452095726	0.4	5.9	1
3225.4895833143346	0.2	5.3	1
3242.920388085763	0.6	12.3	1
3278.3486642952876	0.6	12.7	1
3286.146135733383	0.2	5.5	1
3301.457745276239	0.2	5.3	1
3318.321883381001	0.6	11.9	1
3327.2526881524295	0.4	6.3	1
3353.6142976952874	0.6	12.3	1
3361.4117691333827	0.2	5.5	1
3379.1259072381445	0.6	12.5	1
3396.2733786762396	0.6	12.1	1
3413.1375167810015	0.6	11.9	1
3420.934988219097	0.2	5.5	1
3437.096597761953	0.4	5.9	1
3444.610735866715	0.2	5.3	1
3468.9890120762384	0.6	11.9	1
3500.8814263905256	0.2	5.3	1
3509.812231161954	0.4	6.3	1
3526.5405073714787	0.2	5.5	1
3535.187978809574	0.4	6.1	1
3552.4829216857656	0.4	6.1	1
3577.2920026667207	0.2	5.3	1
3585.6561407714826	0.4	5.9	1
3602.9510836476747	0.4	6.3	1
3620.09855508577	0.6	12.1	1
3646.176831295295	0.4	6.3	1
3680.902578942916	0.4	6.1	1
3689.8333837143446	0.4	6.3	1
3706.6975218191064	0.6	11.9	1
3724.6949932572015	0.6	12.7	1
3760.6899361333917	0.6	12.7	1
3769.0540742381536	0.4	5.9	1
3786.3490171143458	0.4	6.3	1
3820.5080980953007	0.6	11.9	1
3828.305569533396	0.2	5.5	1
3853.817179076256	0.6	12.5	1
3862.464650514351	0.4	6.1	1
3887.9762600572094	0.6	11.9	1
3896.907064828638	0.4	6.3	1
3905.2712029333998	0.4	5.9	1
3913.6353410381616	0.4	5.9	1
3939.9969505810204	0.6	12.7	1
3948.3610886857823	0.4	5.9	1
3956.725226790544	0.4	5.9	1
3982.236836333403	0.6	12.1	1
4016.112583981025	0.4	5.9	1
4034.1100554191203	0.6	12.7	1
4052.1075268572154	0.6	12.7	1
4068.9716649619772	0.6	11.9	1
4103.26660783817	0.6	12.3	1
4145.359022152458	0.2	5.5	1
4162.22316025722	0.6	11.9	1
4187.451436466746	0.4	5.9	1
4195.815574571508	0.4	5.9	1
4221.327184114367	0.6	12.1	1
4239.041322219129	0.6	12.5	1
4247.972126990558	0.4	6.3	1
4265.68626509532	0.6	12.5	1
4282.8337365334155	0.6	12.1	1
4308.9120127429405	0.4	6.3	1
4326.059484181036	0.6	12.1	1
4342.923622285798	0.6	11.9	1
4368.435231828657	0.4	6.1	1
4386.4327032667525	0.6	12.7	1
4413.077646142943	0.4	6.1	1
4430.225117581039	0.6	12.1	1
4447.939255685801	0.6	12.5	1
4474.300865228659	0.4	6.1	1
4491.731670000087	0.6	12.3	1
4499.529141438183	0.2	5.5	1
4507.326612876278	0.2	5.5	1
4533.121555752471	0.6	12.7	1
4576.06397006676	0.6	12.1	1
4584.711441504855	0.4	6.1	1
4610.223051047714	0.6	11.9	1
