16.139138104761905	0.6	12.1	1
32.81160954285714	0.6	12.5	1
48.68408098095238	0.6	11.9	1
55.756552419047615	0.2	5.3	1
64.16235719047619	0.4	6.3	1
71.23482862857142	0.2	5.3	1
88.17396673333333	0.6	12.7	1
96.57977150476191	0.4	6.3	1
113.51890960952382	0.6	12.7	1
129.9247143809524	0.6	12.3	1
146.8638524857143	0.6	12.7	1
154.2029905904762	0.2	5.5	1
161.27546202857144	0.2	5.3	1
168.61460013333334	0.2	5.5	1
175.95373823809524	0.2	5.5	1
184.3595430095238	0.4	6.3	1
192.76534778095237	0.4	6.3	1
208.6378192190476	0.6	11.9	1
224.51029065714283	0.6	11.9	1
240.64942876190474	0.6	12.1	1
263.8610383047615	0.2	5.3	1
280.26684307619007	0.6	12.3	1
297.205981180952	0.6	12.7	1
330.55092405714316	0.6	12.3	1
380.5683383714289	0.6	12.5	1
387.64080980952417	0.2	5.3	1
395.51328124761943	0.4	5.9	1
403.3857526857147	0.4	5.9	1
410.7248907904766	0.2	5.5	1
418.59736222857185	0.4	5.9	1
426.4698336666671	0.4	5.9	1
442.8756384380957	0.6	12.3	1
459.0147765428576	0.6	12.1	1
474.88724798095285	0.6	11.9	1
482.7597194190481	0.4	5.9	1
499.1655241904767	0.6	12.3	1
523.7104670666665	0.4	6.1	1
564.9278813809512	0.6	12.5	1
581.3336861523799	0.6	12.3	1
589.4728242571417	0.4	6.1	1
606.4119623619036	0.6	12.7	1
614.8177671333323	0.4	6.3	1
623.2235719047609	0.4	6.3	1
631.0960433428561	0.4	5.9	1
638.9685147809513	0.4	5.9	1
663.5134576571417	0.6	12.5	1
696.4642053047597	0.4	6.3	1
704.6033434095216	0.4	6.1	1
721.5424815142835	0.6	12.7	1
728.6149529523788	0.2	5.3	1
745.0207577238074	0.6	12.3	1
752.0932291619026	0.2	5.3	1
759.4323672666645	0.2	5.5	1
767.3048387047597	0.4	5.9	1
774.6439768095216	0.2	5.5	1
781.9831149142835	0.2	5.5	1
790.1222530190454	0.4	6.1	1
806.2613911238072	0.6	12.1	1
838.8063339999974	0.6	12.3	1
855.7454721047593	0.6	12.7	1
872.1512768761879	0.6	12.3	1
880.0237483142831	0.4	5.9	1
896.162886419045	0.6	12.1	1
904.5686911904736	0.4	6.3	1
912.7078292952355	0.4	6.1	1
928.5803007333307	0.6	11.9	1
944.4527721714259	0.6	11.9	1
952.5919102761877	0.4	6.1	1
977.6701864857112	0.6	12.7	1
986.0759912571398	0.4	6.3	1
994.4817960285684	0.4	6.3	1
1019.0267389047582	0.6	12.1	1
1051.7108198857095	0.4	6.1	1
1067.5832913238048	0.6	11.9	1
1084.5224294285667	0.6	12.7	1
1101.4615675333287	0.6	12.7	1
1135.3398437428514	0.6	12.7	1
1143.74564851428	0.4	6.3	1
1151.084786619042	0.2	5.5	1
1158.1572580571371	0.2	5.3	1
1175.096396161899	0.6	12.7	1
1207.9080057047552	0.6	11.9	1
1224.0471438095171	0.6	12.1	1
1248.5920866857073	0.4	6.3	1
1281.2761676666587	0.4	6.1	1
1289.148639104754	0.4	5.9	1
1305.160248647611	0.4	6.1	1
1321.8327200857063	0.6	12.5	1
1338.7718581904683	0.6	12.7	1
1346.9109962952302	0.4	6.1	1
1363.3168010666589	0.6	12.3	1
1370.389272504754	0.2	5.3	1
1377.728410609516	0.2	5.5	1
1385.6008820476113	0.4	5.9	1
1394.00668681904	0.4	6.3	1
1402.4124915904686	0.4	6.3	1
1409.4849630285637	0.2	5.3	1
1426.157434466659	0.6	12.5	1
1433.496572571421	0.2	5.5	1
1440.835710676183	0.2	5.5	1
1457.774848780945	0.6	12.7	1
1474.1806535523735	0.6	12.3	1
1490.8531249904688	0.6	12.5	1
1515.6647345333251	0.4	6.1	1
1532.0705393047538	0.6	12.3	1
1565.4154821809436	0.6	12.7	1
1573.287953619039	0.4	5.9	1
1597.8328964952293	0.6	12.5	1
1613.9720345999913	0.6	12.1	1
1630.9111727047532	0.6	12.7	1
1647.8503108095151	0.6	12.7	1
1664.789448914277	0.6	12.7	1
1671.8619203523722	0.2	5.3	1
1680.0010584571341	0.4	6.1	1
1688.1401965618961	0.4	6.1	1
1704.4184727714196	0.4	6.1	1
1721.3576108761815	0.6	12.7	1
1728.6967489809435	0.2	5.5	1
1735.7692204190387	0.2	5.3	1
1743.9083585238006	0.4	6.1	1
1750.9808299618958	0.2	5.3	1
1758.053301399991	0.2	5.3	1
1774.7257728380862	0.6	12.5	1
1808.3373823809425	0.6	12.7	1
1825.2765204857044	0.6	12.7	1
1841.1489919237997	0.6	11.9	1
1849.5547966952283	0.4	6.3	1
1865.6939347999903	0.6	12.1	1
1897.7055443428471	0.6	11.9	1
1937.8562919904657	0.4	6.1	1
1994.679511076179	0.6	12.5	1
2003.0853158476077	0.4	6.3	1
2019.363592057131	0.4	5.9	1
2043.781006371416	0.4	6.1	1
2051.920144476178	0.4	6.1	1
2067.792615914273	0.6	11.9	1
2084.4650873523683	0.6	12.5	1
2091.5375587904637	0.2	5.3	1
2105.682501666655	0.2	5.3	1
2121.55497310475	0.6	11.9	1
2145.29991598094	0.4	5.9	1
2161.439054085702	0.6	12.1	1
2185.7173302952256	0.4	6.1	1
2194.123135066654	0.4	6.3	1
2202.5289398380824	0.4	6.3	1
2210.4014112761774	0.4	5.9	1
2235.213020819034	0.6	12.7	1
2243.6188255904626	0.4	6.3	1
2259.097101799986	0.2	5.3	1
2275.5029065714143	0.6	12.3	1
2283.6420446761763	0.4	6.1	1
2292.0478494476047	0.4	6.3	1
2308.859458990461	0.4	6.3	1
2317.2652637618894	0.4	6.3	1
2324.604401866651	0.2	5.5	1
2340.4768733047463	0.6	11.9	1
2348.6160114095082	0.4	6.1	1
2364.4884828476033	0.6	11.9	1
2380.6276209523653	0.6	12.1	1
2397.3000923904606	0.6	12.5	1
2404.372563828556	0.2	5.3	1
2420.245035266651	0.6	11.9	1
2428.6508400380794	0.4	6.3	1
2453.995782914269	0.6	12.7	1
2470.4015876856975	0.6	12.3	1
2494.6798638952205	0.4	5.9	1
2511.085668666649	0.6	12.3	1
2527.758140104744	0.6	12.5	1
2544.697278209506	0.6	12.7	1
2577.5088877523617	0.6	11.9	1
2593.381359190457	0.6	11.9	1
2616.5929687333137	0.2	5.5	1
2632.7321068380757	0.6	12.1	1
2665.0103830476028	0.6	12.1	1
2672.3495211523646	0.2	5.5	1
2696.6277973618885	0.6	12.7	1
2737.578545009507	0.6	12.5	1
2753.7176831142688	0.6	12.1	1
2760.790154552364	0.2	5.3	1
2776.2684307618847	0.4	6.3	1
2800.152511742833	0.4	6.3	1
2817.091649847595	0.6	12.7	1
2832.96412128569	0.6	11.9	1
2857.2423974952135	0.4	6.3	1
2873.1148689333086	0.6	11.9	1
2896.059811809499	0.2	5.3	1
2903.398949914261	0.2	5.5	1
2918.610559457118	0.4	5.9	1
2926.4830308952132	0.4	5.9	1
2943.422168999975	0.6	12.7	1
2976.5004452094977	0.6	12.1	1
2983.572916647593	0.2	5.3	1
2999.712054752355	0.6	12.1	1
3031.7236642952153	0.6	11.9	1
3048.1294690666437	0.6	12.3	1
3064.535273838072	0.6	12.3	1
3081.2077452761673	0.6	12.5	1
3106.2860214856937	0.4	6.3	1
3122.4251595904557	0.6	12.1	1
3138.2976310285508	0.6	11.9	1
3170.5759072380743	0.6	12.3	1
3209.9266548856926	0.2	5.3	1
3218.332459657121	0.4	6.3	1
3226.204931095216	0.4	5.9	1
3250.4832073047396	0.6	12.3	1
3267.4223454095013	0.6	12.7	1
3300.233954952357	0.6	11.9	1
3316.9064263904525	0.6	12.5	1
3349.7180359333124	0.6	12.1	1
3366.657174038074	0.6	12.7	1
3382.529645476169	0.6	11.9	1
3398.4021169142643	0.6	11.9	1
3430.9470597904547	0.6	12.5	1
3480.164474104743	0.6	12.5	1
3546.0543598571294	0.6	12.5	1
3562.460164628558	0.6	12.3	1
3595.271774171414	0.6	12.3	1
3636.4891884856984	0.4	6.3	1
3644.6283265904603	0.4	6.1	1
3661.0341313618887	0.6	12.3	1
3693.5790742380786	0.6	12.1	1
3710.5182123428403	0.6	12.7	1
3735.329821885696	0.4	5.9	1
3777.080569533314	0.6	12.7	1
3785.486374304742	0.4	6.3	1
3810.5646505142654	0.6	12.5	1
3817.6371219523608	0.2	5.3	1
3841.6487314952146	0.6	12.7	1
3874.066145809496	0.4	6.3	1
3881.938617247591	0.4	5.9	1
3906.4835601237814	0.6	12.5	1
3946.9009744380696	0.6	11.9	1
3995.45752685712	0.4	6.1	1
4003.5966649618817	0.4	6.1	1
4019.608274504742	0.4	5.9	1
4051.4923554856973	0.6	11.9	1
4067.6314935904593	0.6	12.1	1
4084.3039650285546	0.6	12.5	1
4117.648907904748	0.6	12.5	1
4167.132988885705	0.6	12.1	1
4233.289541304762	0.6	12.5	1
4240.362012742857	0.2	5.3	1
4264.106955619044	0.6	12.5	1
4296.257703266663	0.4	6.3	1
4312.663508038092	0.6	12.3	1
4336.408450914282	0.2	5.5	1
4367.492531895235	0.2	5.5	1
4383.36500333333	0.6	11.9	1
4415.376612876186	0.6	12.1	1
4455.260693857142	0.4	5.9	1
4463.6664986285705	0.4	6.3	1
4480.21144150476	0.4	6.1	1
4487.283912942855	0.2	5.3	1
4510.4955224857085	0.6	12.1	1
4550.379603466661	0.6	12.5	1
4557.452074904756	0.2	5.3	1
4572.397017780943	0.4	5.9	1
4603.481098761892	0.6	12.1	1
4611.886903533321	0.4	6.3	1
4636.165179742844	0.6	11.9	1
4644.037651180939	0.4	5.9	1
4660.443455952368	0.6	12.3	1
4692.988398828557	0.6	12.1	1
4732.872479809513	0.2	5.5	1
4779.829032228563	0.2	5.3	1
4796.768170333325	0.6	12.7	1
4820.77977987618	0.2	5.3	1
4861.197194190462	0.6	12.3	1
4868.536332295224	0.2	5.5	1
4884.942137066653	0.6	12.3	1
4917.220413276176	0.6	11.9	1
4965.637827590461	0.6	12.1	1
5021.127713342844	0.2	5.3	1
5037.266851447605	0.6	12.1	1
5070.345127657132	0.6	12.7	1
5110.76254197142	0.2	5.5	1
5158.2524277238035	0.2	5.3	1
5221.881451580945	0.6	12.1	1
5228.95392301904	0.2	5.3	1
5243.898865895228	0.4	5.9	1
5252.038003999989	0.4	6.1	1
5268.316280209516	0.4	6.1	1
5291.933694523808	0.2	5.5	1
5331.690246942862	0.6	12.1	1
5388.385937466682	0.6	12.7	1
5405.058408904777	0.6	12.5	1
5438.136685114304	0.6	12.3	1
5487.620766095259	0.6	12.3	1
5553.777318514308	0.6	12.5	1
5561.11645661907	0.2	5.5	1
5576.861399495261	0.4	6.3	1
5600.745480476213	0.4	6.1	1
5616.617951914308	0.6	11.9	1
5648.896228123832	0.6	12.3	1
5697.04697577145	0.6	11.9	1
5761.070194857163	0.6	11.9	1
5769.475999628592	0.4	6.3	1
5785.220942504782	0.2	5.5	1
5801.626747276211	0.6	12.3	1
5817.499218714306	0.6	11.9	1
5850.310828257163	0.6	12.7	1
5866.983299695258	0.6	12.5	1
5890.728242571451	0.2	5.3	1
5921.8123235524035	0.2	5.5	1
5938.218128323832	0.6	12.3	1
5962.496404533355	0.4	5.9	1
5993.847152180973	0.2	5.3	1
6042.13703793335	0.6	12.7	1
6098.299395123821	0.4	5.9	1
