37.5038109	0.6	12.5	1
75.6076218	0.6	12.7	1
91.5114327	0.2	5.3	1
125.11905450000006	0.4	5.9	1
162.02286540000006	0.6	12.3	1
215.4304872000001	0.2	5.5	1
233.7342981000001	0.4	6.1	1
271.8381090000001	0.6	12.7	1
290.7419199000001	0.4	6.3	1
306.6457308000001	0.2	5.3	1
324.94954170000005	0.4	6.1	1
343.2533526	0.4	6.1	1
399.06097439999996	0.6	12.5	1
434.76478529999997	0.6	11.9	1
453.06859619999994	0.4	6.1	1
491.17240709999993	0.6	12.7	1
509.4762179999999	0.4	6.1	1
564.0838397999999	0.6	12.1	1
579.9876506999999	0.2	5.3	1
595.8914616	0.2	5.3	1
632.1952725	0.6	12.1	1
668.4990834	0.6	12.1	1
686.8028943	0.4	6.1	1
724.9067052	0.6	12.7	1
743.8105161000001	0.4	6.3	1
780.7143270000001	0.6	12.3	1
799.0181379000002	0.4	6.1	1
836.5219488000001	0.6	12.5	1
872.2257597000001	0.6	11.9	1
909.7295706000001	0.6	12.5	1
928.6333815000002	0.4	6.3	1
966.1371924000001	0.6	12.5	1
982.6410033000001	0.2	5.5	1
1019.5448142000001	0.6	12.3	1
1056.4486251	0.6	12.3	1
1093.952436	0.6	12.5	1
1131.4562469	0.6	12.5	1
1168.3600578	0.6	12.3	1
1206.4638687000001	0.6	12.7	1
1242.7676796	0.6	12.1	1
1260.4714905	0.4	5.9	1
1298.5753014000002	0.6	12.7	1
1315.0791123000001	0.2	5.5	1
1352.5829232	0.6	12.5	1
1370.8867341	0.4	6.1	1
1405.094355900001	0.2	5.3	1
1441.998166800001	0.6	12.3	1
1460.901977700001	0.4	6.3	1
1516.7095995000004	0.6	12.3	1
1553.0134104000003	0.6	12.1	1
1571.3172213000003	0.4	6.1	1
1607.0210322000003	0.6	11.9	1
1644.5248431000002	0.6	12.5	1
1660.4286540000003	0.2	5.3	1
