35.7038109	0.6	11.9	1
54.607621800000004	0.4	6.3	1
71.11143270000001	0.2	5.5	1
107.41524360000001	0.6	12.1	1
126.31905450000001	0.4	6.3	1
142.22286540000002	0.2	5.3	1
158.7266763	0.2	5.5	1
194.43048720000002	0.6	11.9	1
210.3342981	0.2	5.3	1
226.838109	0.2	5.5	1
245.7419199	0.4	6.3	1
282.0457308	0.6	12.1	1
297.9495417	0.2	5.3	1
335.4533526	0.6	12.5	1
391.2609743999998	0.4	6.1	1
407.1647852999998	0.2	5.3	1
423.6685961999998	0.2	5.5	1
439.5724070999998	0.2	5.3	1
474.38002890000007	0.4	6.3	1
512.4838398	0.6	12.7	1
548.1876507000001	0.6	11.9	1
585.0914616000001	0.6	12.3	1
621.3952725000001	0.6	12.1	1
637.2990834000002	0.2	5.3	1
690.7067052000004	0.6	12.5	1
709.0105161000005	0.4	6.1	1
726.7143270000005	0.4	5.9	1
742.6181379000005	0.2	5.3	1
780.7219488000005	0.6	12.7	1
798.4257597000005	0.4	5.9	1
814.3295706000006	0.2	5.3	1
832.6333815000006	0.4	6.1	1
870.1371924000006	0.6	12.5	1
907.6410033000005	0.6	12.5	1
945.7448142000005	0.6	12.7	1
982.0486251000005	0.6	12.1	1
1034.2562469000013	0.2	5.3	1
1053.1600578000014	0.4	6.3	1
1091.2638687000015	0.6	12.7	1
1128.7676796000014	0.6	12.5	1
1203.1753014000012	0.6	12.3	1
1240.6791123000012	0.6	12.5	1
1278.7829232000013	0.6	12.7	1
1316.2867341000012	0.6	12.5	1
1332.7905450000012	0.2	5.5	1
1367.5981668000009	0.4	6.1	1
1405.1019777000008	0.6	12.5	1
1422.8057886000008	0.4	5.9	1
1438.7095995000009	0.2	5.3	1
1492.7172213000003	0.6	12.7	1
1564.4286539999998	0.4	5.9	1
1602.5324649	0.6	12.7	1
1638.8362757999998	0.6	12.1	1
1656.5400866999998	0.4	5.9	1
