32.80672295714286	0.6	12.3	1
66.14677924761905	0.6	12.5	1
82.9535022047619	0.4	6.3	1
98.6935584952381	0.4	5.9	1
132.0336147857143	0.6	12.5	1
181.64706070000005	0.4	6.1	1
214.4537836571429	0.6	12.3	1
229.12717328095243	0.2	5.5	1
260.86722957142865	0.6	11.9	1
275.54061919523815	0.2	5.5	1
309.4140088190477	0.6	12.7	1
325.6873984428572	0.4	6.1	1
357.42745473333343	0.6	11.9	1
390.7675110238096	0.6	12.5	1
456.3809569380954	0.6	12.1	1
488.6543465619049	0.6	12.1	1
521.9944028523811	0.6	12.5	1
589.2078487666669	0.6	12.7	1
671.0946843047617	0.2	5.5	1
767.1215761333325	0.2	5.3	1
895.421857585713	0.6	12.1	1
956.5288619952365	0.6	12.3	1
972.802251619046	0.4	6.1	1
1004.8156975333319	0.4	5.9	1
1021.6224204904747	0.4	6.3	1
1054.962476780951	0.6	12.5	1
1069.1025330714272	0.2	5.3	1
1083.2425893619034	0.2	5.3	1
1116.5826456523796	0.6	12.5	1
1166.1960915666655	0.4	6.1	1
1248.082927104761	0.6	12.1	1
1363.843152266666	0.6	12.7	1
1494.2767670523801	0.2	5.5	1
1510.5501566761895	0.4	6.1	1
1560.1636025904754	0.6	12.5	1
1625.5171047952374	0.4	5.9	1
1723.677329957142	0.6	12.3	1
1838.110944742856	0.4	6.1	1
1870.3843343666654	0.6	12.1	1
1903.1910573238083	0.6	12.3	1
1935.9977802809512	0.6	12.3	1
1951.7378365714274	0.4	5.9	1
1966.4112261952368	0.2	5.5	1
1995.7580054428556	0.2	5.5	1
2039.7781743142837	0.2	5.5	1
2099.538399476188	0.4	5.9	1
2191.572014261902	0.6	12.1	1
2207.3120705523784	0.4	5.9	1
2255.325516466665	0.6	12.1	1
2335.0790186714275	0.6	11.9	1
2447.6392438333337	0.6	12.3	1
2576.472858619049	0.4	6.1	1
2638.6465296952406	0.6	12.5	1
2655.4532526523835	0.4	6.3	1
2688.2599756095265	0.6	12.3	1
2705.0666985666694	0.4	6.3	1
2737.8734215238123	0.6	12.3	1
2753.6134778142887	0.4	5.9	1
2769.353534104765	0.4	5.9	1
2784.0269237285747	0.2	5.5	1
2815.766980019051	0.6	11.9	1
2863.7804259333375	0.4	6.1	1
2896.5871488904804	0.6	12.3	1
2930.46053851429	0.6	12.7	1
