2.4067	0.38	0.9	1
6.953399999999999	0.45	0.8	1
13.3735	0.49	0.7	1
21.667	0.51	0.7	1
31.8339	0.48	0.7	1
42.6075	0.62	0.6	1
55.2545	0.48	0.7	1
70.7082	0.38	1.8	1
159.5019	0.93	27.5	1
250.43560000000002	0.44	0.8	1
343.2427	0.46	0.7	1
438.1898	0.46	0.8	1
535.0103	0.49	0.7	1
634.2375000000001	0.41	0.9	1
735.8714000000001	0.37	0.9	1
840.5120000000001	0.49	1.5	1
947.0260000000001	0.52	0.7	1
1055.4134000000001	0.46	0.7	1
1165.6742000000002	0.52	0.7	1
1391.4084000000003	0.74	43.3	1
1619.8160000000003	0.41	1.0	1
1850.3636000000004	0.45	0.8	1
2158.5179000000003	0.93	29.1	1
2563.4789	0.79	36.3	1
2970.8466	0.4	0.9	1
3380.3543	0.43	0.8	1
