1.8734000000000002	0.52	0.7	1
5.3535	0.57	0.6	1
10.707	0.44	0.7	1
17.000500000000002	0.35	1.1	1
25.1674	0.48	0.7	1
118.6743	0.89	32.0	1
214.0546	0.53	0.7	1
389.1749	0.94	29.9	1
566.1686	0.47	0.7	1
744.769	0.54	0.6	1
924.9761	0.56	0.6	1
1107.3232	0.4	0.8	1
1291.277	0.56	0.6	1
1477.1042	0.51	0.7	1
1664.5381	0.54	0.6	1
1853.3787	0.43	0.9	1
2044.626	0.38	0.9	1
2237.48	0.61	0.6	1
2432.2074000000002	0.45	0.7	1
2639.4748000000004	0.08	4.7	1
2849.1489000000006	0.4	0.9	1
3060.9630000000006	0.42	0.8	1
3275.450500000001	0.36	1.0	1
3590.211400000001	0.77	37.6	1
3907.645700000001	0.37	1.0	1
4227.753400000001	0.4	1.0	1
4550.8011000000015	0.36	1.1	1
