2.4	0.39	0.9	1
6.6667000000000005	0.53	0.7	1
12.8001	0.49	0.7	1
19.8002	0.5	0.7	1
28.667	0.47	0.7	1
38.8671	0.62	0.5	1
50.9339	0.52	0.7	1
63.8674	0.51	0.7	1
79.0009	0.32	1.2	1
96.2677	0.41	0.8	1
115.4012	0.47	0.7	1
136.1347	0.54	0.6	1
271.8682	0.72	43.5	1
409.4684	0.56	0.7	1
549.7352999999999	0.36	1.0	1
803.3354999999999	0.73	42.5	1
1059.3356999999999	0.37	0.9	1
1316.6691999999998	0.63	0.5	1
1575.8693999999998	0.5	0.7	1
1932.1362999999997	0.78	36.4	1
2293.4698999999996	0.38	1.9	1
2659.6034999999997	0.4	1.8	1
3028.4037999999996	0.35	1.0	1
3399.3373999999994	0.46	0.8	1
3886.0042999999996	0.7	43.4	1
4374.804499999999	0.44	0.8	1
4866.2714	0.37	1.0	1
