1.1391	0.45	0.8	1
3.559	0.4	0.9	1
6.9764	0.48	0.7	1
11.391300000000001	0.5	0.7	1
16.945300000000003	0.43	0.8	1
23.355100000000004	0.59	0.6	1
31.187400000000004	0.37	1.0	1
40.1588	0.45	0.8	1
50.2693	0.4	0.8	1
60.8023	0.39	1.0	1
73.3244	0.5	1.4	1
87.12729999999999	0.36	0.9	1
102.3527	0.38	1.0	1
118.7172	0.42	0.8	1
136.3625	0.36	0.9	1
155.8553	0.31	1.3	1
176.6289	0.4	0.9	1
197.825	0.36	1.0	1
220.7269	0.29	1.2	1
244.7679	0.4	0.8	1
270.6564	0.28	1.3	1
304.3424	0.13	5.5	1
339.1675	0.42	0.8	1
375.4151	0.37	1.0	1
412.8018	0.43	0.8	1
451.3276	0.46	0.8	1
490.9925	0.4	0.8	1
582.7882	0.78	37.5	1
675.5813999999999	0.48	0.7	1
820.6553999999999	0.8	36.9	1
1014.7518999999999	0.84	34.6	1
1246.2541999999999	0.97	26.4	1
1516.1539999999998	0.94	27.1	1
1834.3678999999997	0.84	34.1	1
2154.0042999999996	0.37	1.0	1
2474.6381999999994	0.45	0.7	1
2801.7945999999993	0.08	4.6	1
3169.615099999999	0.95	28.7	1
3538.291399999999	0.54	0.6	1
3907.2484999999992	0.38	0.9	1
4279.1864	0.34	2.1	1
4652.1218	0.49	0.7	1
5026.1963	0.44	0.8	1
5473.5183	0.64	51.7	1
5921.9794	0.47	0.8	1
6373.2796	0.35	2.0	1
6826.7106	0.43	1.5	1
7335.397400000001	0.77	39.0	1
7845.648300000001	0.34	1.1	1
8358.03	0.45	1.5	1
8928.2175	0.74	40.8	1
9552.669100000001	0.78	38.3	1
10240.1682	0.69	44.5	1
