1.2058	0.4	0.9	1
3.7506999999999997	0.37	1.0	1
7.5014	0.39	0.9	1
12.3246	0.46	0.8	1
18.4869	0.38	1.0	1
25.7217	0.45	0.8	1
34.1623	0.39	0.9	1
43.942	0.37	1.0	1
56.3942	0.34	2.0	1
71.2522	0.38	1.8	1
87.44930000000001	0.36	1.0	1
104.11890000000001	0.32	1.1	1
121.72760000000001	0.52	0.7	1
140.67540000000002	0.36	1.0	1
160.82900000000004	0.38	0.9	1
182.05510000000004	0.45	0.8	1
204.08700000000005	0.57	0.6	1
227.05800000000005	0.48	0.7	1
252.56810000000004	0.37	1.9	1
279.28400000000005	0.4	0.9	1
307.20570000000004	0.41	0.9	1
337.5332	0.39	1.8	1
368.9332	0.48	0.8	1
401.6723	0.37	1.0	1
435.3505	0.44	0.7	1
470.3678	0.35	1.0	1
505.1909	0.59	0.6	1
540.9531	0.48	0.7	1
579.2543999999999	0.37	1.9	1
618.8947999999999	0.37	1.0	1
660.141	0.31	1.2	1
702.193	0.52	0.6	1
745.5841	0.33	1.0	1
790.3143	0.32	1.0	1
836.117	0.46	0.8	1
883.1255	0.44	0.9	1
931.4730999999999	0.37	1.0	1
980.5597999999999	0.5	1.3	1
1074.319	0.84	33.5	1
1171.9506999999999	0.12	2.9	1
1271.0548999999999	0.35	1.1	1
1371.0982	0.45	0.7	1
1472.3473	0.41	0.9	1
1575.0689	0.32	1.1	1
1680.463	0.34	2.0	1
1854.7296	0.61	52.4	1
2030.6019999999999	0.3	1.2	1
2276.7469	0.64	52.7	1
2589.2976	0.65	49.8	1
2953.1874	0.75	38.5	1
3318.1497	0.44	0.8	1
3684.4511	0.34	1.0	1
4099.425	0.82	36.5	1
4515.738	0.32	1.0	1
