9.6058	0.1	7.2	1
20.6841	0.32	1.1	1
32.9682	0.4	0.9	1
46.3248	0.46	0.8	1
60.4872	0.48	0.6	1
75.9887	0.35	1.0	1
98.4293	0.07	5.2	1
121.94239999999999	0.43	0.8	1
145.528	0.48	0.8	1
170.4527	0.33	1.0	1
196.5832	0.4	0.9	1
223.9195	0.42	0.9	1
252.1949	0.41	0.7	1
281.9428	0.34	1.1	1
312.6298	0.48	0.7	1
344.3893	0.44	0.8	1
377.3546	0.38	0.9	1
412.7257	0.41	1.8	1
449.3026	0.38	0.9	1
487.08529999999996	0.4	0.9	1
526.2071	0.36	1.0	1
566.5346999999999	0.36	0.9	1
607.9347999999999	0.42	0.8	1
650.4073999999998	0.42	0.8	1
693.6857999999999	0.53	0.6	1
736.7699999999999	0.58	0.6	1
780.7932999999998	0.53	0.7	1
825.8890999999999	0.44	0.8	1
872.4573999999999	0.37	1.1	1
920.3648	0.4	1.0	1
969.6112999999999	0.35	1.0	1
1020.1968999999999	0.35	1.0	1
1071.855	0.43	0.8	1
1124.5856	0.44	0.8	1
1178.5220000000002	0.4	0.9	1
1288.2642	0.73	42.6	1
1451.6122	0.75	40.2	1
1616.2993000000001	0.33	1.0	1
1826.9922000000001	0.83	34.5	1
2039.6242000000002	0.34	2.2	1
2308.1287	0.71	41.9	1
2577.7057000000004	0.47	0.8	1
2848.4885000000004	0.39	0.9	1
3120.2104000000004	0.46	0.7	1
3393.4048000000003	0.34	1.1	1
3713.5383	0.81	35.2	1
4034.6109	0.51	0.7	1
4356.4893	0.59	0.6	1
4726.373500000001	0.81	36.0	1
5157.996800000001	0.64	46.3	1
5590.559200000001	0.47	0.7	1
6066.4607000000005	0.87	32.5	1
