1.8734000000000002	0.52	0.7	1
5.3535	0.56	0.6	1
10.973600000000001	0.47	0.8	1
18.467100000000002	0.47	0.7	1
27.834000000000003	0.51	0.7	1
37.8076	0.51	0.6	1
48.4546	0.33	1.0	1
61.2416	0.42	0.8	1
78.30199999999999	0.42	1.6	1
96.9691	0.52	0.6	1
116.9762	0.64	0.5	1
228.19	0.81	34.2	1
429.0105	0.86	33.6	1
633.6377	0.39	1.8	1
840.1383	0.54	0.7	1
1059.4456	0.08	4.8	1
1280.6263	0.5	0.7	1
1506.347	0.43	1.7	1
1736.8744	0.38	1.8	1
1969.2752	0.47	0.7	1
2203.5494	0.53	0.7	1
2439.9636	0.43	0.8	1
2679.3178	0.36	1.1	1
3007.4786999999997	0.84	33.3	1
3337.7796	0.42	0.8	1
3669.6872	0.59	0.6	1
4150.1348	0.59	55.7	1
4632.4558	0.47	0.7	1
5116.3835	0.56	0.6	1
5602.4511999999995	0.44	0.8	1
6090.3922999999995	0.48	0.7	1
6580.4734	0.42	0.8	1
