6757081	1000.0	3	1000.0	0.1	0	1.0	1.1
2219203	1000.0	0	500.0	0.1	0	2.0	2.1
2219210	1000.0	0	500.0	0.1	2.1	2.0	4.2
2219201	1000.0	2	1000.0	0.1	0	1.0	1.1
2219204	1000.0	2	1000.0	0.1	1.1	1.0	2.2
2219192	1000.0	2	1000.0	0.1	2.2	1.0	3.3000000000000003
2219206	1000.0	2	1000.0	0.1	3.3	1.0	4.4
2219209	1000.0	2	1000.0	0.1	4.4	1.0	5.5
2219202	1000.0	2	1000.0	0.1	5.5	1.0	6.6
2219227	1000.0	2	1000.0	0.1	6.6	1.0	7.699999999999999
2219231	1000.0	2	1000.0	0.1	7.7	1.0	8.8
2219218	1000.0	3	1000.0	0.1	0	1.0	1.1
2219220	1000.0	3	1000.0	0.1	1.1	1.0	2.2
2219213	1000.0	3	1000.0	0.1	2.2	1.0	3.3000000000000003
2219199	1000.0	3	1000.0	0.1	3.3	1.0	4.4
2219195	1000.0	3	1000.0	0.1	4.4	1.0	5.5
2219194	1000.0	3	1000.0	0.1	5.5	1.0	6.6
2219191	1000.0	3	1000.0	0.1	6.6	1.0	7.699999999999999
2219225	1000.0	3	1000.0	0.1	7.7	1.0	8.8
2219224	1000.0	3	1000.0	0.1	8.8	1.0	9.9
2219233	1000.0	3	1000.0	0.1	9.9	1.0	11.0
2219185	1000.0	3	1000.0	0.1	11.0	1.0	12.1
2219221	1000.0	3	1000.0	0.1	12.1	1.0	13.2
2219207	2000.0	4	4000.0	0.2038	0	0.5	0.7038
2219190	2000.0	4	4000.0	0.2038	0.7038	0.5	1.4076
2219223	1000.0	6	5000.0	0.1038	0	0.2	0.3038
2219208	1000.0	7	5000.0	0.1038	0	0.2	0.3038
2219216	2000.0	8	5000.0	0.2067	0	0.4	0.6067
2219214	2000.0	8	5000.0	0.2067	0.6067	0.4	1.2134
2219193	1000.0	9	6000.0	0.1067	0	0.1667	0.2734
2219196	1000.0	10	6000.0	0.1067	0	0.1667	0.2734
2219197	1000.0	11	6000.0	0.1067	0	0.1667	0.2734
2219230	1000.0	11	6000.0	0.1067	0.2734	0.1667	0.5468
2219222	1000.0	12	6000.0	0.1	0	0.1667	0.2667
2219232	1000.0	12	6000.0	0.1	0.2667	0.1667	0.5334
2219198	1000.0	13	8000.0	0.1	0	0.125	0.225
2219205	1000.0	13	8000.0	0.1	0.225	0.125	0.45
2219229	1000.0	13	8000.0	0.1	0.45	0.125	0.675
2219187	1000.0	14	12000.0	0.1	0	0.0833	0.18330000000000002
2219215	1000.0	15	16000.0	0.1	0	0.0625	0.1625
2219211	1000.0	15	16000.0	0.1	0.1625	0.0625	0.325
2219184	1000.0	15	16000.0	0.1	0.325	0.0625	0.48750000000000004
2219200	1000.0	16	18000.0	0.1058	0	0.0556	0.1614
2219188	1000.0	16	18000.0	0.1058	0.1614	0.0556	0.3228
2219217	1000.0	17	24000.0	0.1058	0	0.0417	0.14750000000000002
2219212	2000.0	17	24000.0	0.2058	0.1475	0.0833	0.4366
2219219	1000.0	18	30000.0	0.1058	0	0.0333	0.1391
2219228	1000.0	18	30000.0	0.1058	0.1391	0.0333	0.2782
2219226	1000.0	18	30000.0	0.1058	0.2782	0.0333	0.4173
2219186	1000.0	18	30000.0	0.1058	0.4173	0.0333	0.5564
2219189	1000.0	19	30000.0	0.1058	0	0.0333	0.1391
6569473	6000.0	4	4000.0	0.6038	0	1.5	2.1038
6569472	5000.0	4	4000.0	0.5038	2.1038	1.25	3.8576
6569471	5000.0	6	5000.0	0.5038	0	1.0	1.5038
6569479	4000.0	7	5000.0	0.4038	0	0.8	1.2038
6569470	5000.0	10	6000.0	0.5067	0	0.8333	1.34
6569478	6000.0	11	6000.0	0.6067	0	1.0	1.6067
6569476	7000.0	12	6000.0	0.7	0	1.1667	1.8667
6569469	5000.0	15	16000.0	0.5	0	0.3125	0.8125
6569477	8000.0	16	18000.0	0.8058	0	0.4444	1.2502
6569480	6000.0	18	30000.0	0.6058	0	0.2	0.8058000000000001
6569475	7000.0	19	30000.0	0.7058	0	0.2333	0.9391
2247497	8000.0	6	5000.0	0.8038	0	1.6	2.4038
2246332	7000.0	11	6000.0	0.7067	0	1.1667	1.8734000000000002
2247871	8000.0	14	12000.0	0.8	0	0.6667	1.4667
2248302	10000.0	14	12000.0	1.0	1.4667	0.8333	3.3
2245188	17000.0	14	12000.0	1.7	3.3	1.4167	6.4167000000000005
2247082	10000.0	15	16000.0	1.0	0	0.625	1.625
2246822	8000.0	15	16000.0	0.8	1.625	0.5	2.925
2248772	8000.0	15	16000.0	0.8	2.925	0.5	4.225
2246995	9000.0	15	16000.0	0.9	4.225	0.5625	5.6875
2244270	10000.0	15	16000.0	1.0	5.6875	0.625	7.3125
2244334	9000.0	16	18000.0	0.9058	0	0.5	1.4058000000000002
2244587	10000.0	17	24000.0	1.0058	0	0.4167	1.4225
2244253	9000.0	17	24000.0	0.9058	1.4225	0.375	2.7033
2247315	10000.0	17	24000.0	1.0058	2.7033	0.4167	4.1258
2245752	9000.0	17	24000.0	0.9058	4.1258	0.375	5.4066
2245480	9000.0	18	30000.0	0.9058	0	0.3	1.2058
2243785	8000.0	18	30000.0	0.8058	1.2058	0.2667	2.2783
2245290	9000.0	18	30000.0	0.9058	2.2783	0.3	3.4841
2248615	8000.0	18	30000.0	0.8058	3.4841	0.2667	4.5566
2244489	10000.0	19	30000.0	1.0058	0	0.3333	1.3391
2244798	9000.0	19	30000.0	0.9058	1.3391	0.3	2.5448999999999997
2248695	11000.0	9	6000.0	1.1067	0	1.8333	2.94
2246724	12000.0	10	6000.0	1.2067	0	2.0	3.2067
2245652	8000.0	11	6000.0	0.8067	0.8734	1.3333	3.0134
