71.082
30.303
26.183
18.415
13.87
11.786
15.522
15.051
11.005
9.631
8.35
13.434
15.126
12.841
13.044
13.549
14.931
13.36
12.718
16.023
10.866
10.836
15.944
13.879
11.346
12.196
10.403
14.212
11.178
13.559
9.913
12.835
10.518
12.048
9.723
12.809
12.944
13.362
10.36
13.446
13.124
11.944
14.159
11.845
12.388
11.702
13.919
12.881
13.628
12.365
13.312
13.448
19.199
13.848
14.116
14.669
15.777
11.006
15.09
12.725
13.862
13.08
11.438
11.879
13.337
15.881
16.443
15.535
17.572
14.897
13.764
14.332
11.437
11.923
17.409
12.328
14.34
17.233
11.982
11.028
13.763
13.156
14.266
16.724
13.066
14.186
14.525
13.548
16.673
10.831
10.348
12.493
17.694
11.707
14.597
12.45
12.398
15.881
14.732
17.903
13.358
12.654
14.93
14.009
12.508
12.349
16.067
15.344
17.202
11.437
11.132
11.115
16.255
11.37
13.218
10.506
12.176
14.024
12.211
10.807
14.118
11.88
13.429
10.321
12.389
12.168
10.986
13.242
11.475
10.199
12.18
11.867
12.769
12.243
13.629
10.966
13.907
12.74
9.794
13.618
12.17
10.609
12.341
10.309
11.239
10.822
12.244
12.43
12.256
11.577
12.427
12.89
12.346
12.09
11.633
10.343
12.412
11.015
12.317
12.328
10.057
12.028
12.47
12.299
10.789
11.305
9.382
12.276
9.852
10.199
13.506
11.903
9.854
11.339
9.403
11.096
12.137
10.863
12.953
10.203
13.691
12.414
11.224
9.91
9.856
9.382
11.614
9.962
8.332
11.437
11.395
11.109
14.189
12.114
11.86
8.873
12.132
8.974
10.498
9.676
9.785
13.106
12.781
8.575
9.87
10.221
9.019
10.04
9.068
10.206
11.315
14.22
8.943
11.295
12.879
10.946
9.106
7.537
7.448
10.56
10.199
10.225
7.895
10.869
12.844
13.606
10.152
9.192
9.463
13.418
10.264
9.271
11.72
9.741
9.297
8.556
10.221
11.533
10.139
9.347
8.933
8.916
9.632
8.776
11.265
8.172
8.887
8.861
8.741
10.82
9.152
7.062
9.39
12.345
16.33
9.879
11.542
10.445
13.559
8.616
7.673
9.875
7.543
12.0
8.046
8.603
10.262
9.953
8.569
10.56
7.632
8.92
10.479
9.77
8.36
9.674
9.898
12.749
10.22
8.678
8.539
10.478
8.663
9.097
9.017
11.257
7.832
11.062
7.711
9.373
10.823
12.349
9.665
9.209
9.321
10.476
10.822
9.824
7.977
9.534
7.597
6.779
7.215
8.569
6.868
7.762
9.767
9.118
7.824
7.374
9.289
6.897
9.142
8.345
8.691
9.814
7.947
6.01
8.058
10.632
7.803
8.315
8.686
7.945
9.598
8.978
5.276
9.29
6.374
9.354
13.768
7.232
8.062
6.391
10.403
8.829
7.668
9.84
8.919
7.62
11.921
7.614
7.345
8.255
8.176
7.879
5.493
6.585
7.065
7.154
10.721
5.782
7.931
10.855
7.339
10.234
6.079
8.355
7.085
9.041
6.41
7.547
6.953
5.329
8.509
9.537
7.73
7.584
9.044
6.33
8.717
7.439
4.86
10.856
7.133
7.542
10.257
10.489
6.669
7.345
6.811
6.311
7.515
7.332
9.103
8.576
6.617
11.653
11.512
6.338
7.17
8.953
6.618
7.341
6.342
7.277
6.381
7.626
6.28
9.398
7.057
6.222
7.475
8.579
10.307
7.074
7.627
7.29
7.795
7.616
7.466
6.702
5.802
7.834
5.746
9.706
5.596
8.23
7.689
8.37
6.119
7.393
10.554
7.335
7.943
8.105
7.852
7.548
9.721
7.114
6.994
9.857
9.371
9.131
10.39
8.379
6.016
7.762
7.277
7.713
11.929
9.298
8.054
7.333
7.76
8.587
6.537
9.917
7.327
6.299
6.636
5.662
9.535
8.864
8.456
5.98
8.093
7.407
5.499
6.255
8.91
7.614
8.038
8.487
6.098
8.551
7.784
7.126
7.273
6.983
8.533
7.79
7.931
8.367
7.63
6.061
4.139
6.35
6.479
5.936
5.698
7.015
6.323
5.539
9.574
5.24
5.343
7.549
7.745
8.472
7.64
7.125
7.436
5.766
7.852
6.299
7.415
6.684
7.188
7.646
5.969
8.389
8.015
6.967
6.279
6.862
8.42
9.324
6.749
7.552
5.619
9.199
5.383
6.228
7.434
6.914
5.799
6.198
7.128
5.867
6.411
5.882
6.427
7.399
8.811
8.188
5.817
8.109
5.76
9.82
7.194
8.033
7.285
9.038
5.687
7.45
8.213
7.005
8.39
10.379
7.9
8.757
7.443
5.939
8.207
9.364
8.297
9.006
8.991
9.084
6.228
5.999
6.069
5.693
7.826
8.598
6.524
6.443
7.415
7.511
7.203
7.315
7.135
7.57
4.435
5.938
8.57
7.602
4.687
7.291
6.114
6.679
8.293
7.928
5.955
8.102
6.217
7.262
5.877
5.633
7.161
5.835
5.676
7.22
6.306
7.951
6.055
4.767
6.545
7.115
7.492
6.314
6.071
5.477
6.089
7.158
8.79
7.352
6.272
5.683
5.55
7.036
5.854
4.371
5.746
5.827
5.254
5.37
5.331
5.211
5.52
5.619
5.686
5.834
4.05
5.746
5.407
5.412
4.22
6.316
6.823
5.273
7.938
5.112
4.929
5.999
6.46
4.699
5.376
10.036
4.251
4.586
4.044
3.676
5.709
4.576
6.504
4.195
4.759
6.699
4.382
7.236
5.738
5.067
6.414
6.388
5.145
5.24
4.989
7.287
4.326
5.75
6.075
6.113
5.77
5.596
5.795
4.878
5.166
4.965
6.567
5.287
4.663
7.008
5.53
4.784
3.413
5.263
4.545
6.828
5.508
3.262
5.756
4.238
4.371
3.59
4.581
3.702
4.517
3.316
3.68
3.329
4.109
5.374
5.568
5.259
4.325
5.926
5.508
4.088
3.539
4.716
5.31
5.528
5.224
5.661
4.436
5.582
6.645
2.776
5.051
3.878
6.401
5.021
5.509
4.615
3.715
4.498
5.371
3.697
5.032
5.245
3.297
3.16
5.865
5.449
5.263
5.6
4.251
5.545
6.614
4.744
7.409
5.422
4.382
4.377
7.25
5.756
4.562
4.034
4.199
3.064
6.296
8.39
4.685
6.754
4.998
3.73
5.45
3.956
4.257
4.27
4.944
4.611
4.359
5.235
6.329
4.64
6.018
6.016
6.384
6.02
4.922
5.214
5.158
5.164
4.975
3.987
5.733
5.154
5.226
7.141
5.261
6.22
5.481
5.521
5.748
6.883
5.571
4.885
3.73
5.718
5.313
6.172
5.348
4.752
5.594
5.472
4.646
6.824
5.207
6.187
5.803
5.229
3.225
5.329
3.755
6.279
6.468
4.102
5.754
4.368
4.821
7.25
6.669
3.566
5.684
4.885
2.94
7.951
3.119
4.596
2.836
2.563
2.658
3.21
2.101
2.855
2.517
2.751
3.043
1.689
2.947
3.749
2.35
3.751
4.096
3.391
3.183
4.812
4.539
4.154
3.48
4.35
6.178
3.769
3.609
3.648
6.385
5.194
6.367
7.815
5.439
8.106
4.685
6.242
4.665
5.266
5.302
4.275
4.156
3.628
2.839
4.912
2.828
5.061
3.904
3.75
3.929
3.797
2.985
3.93
3.596
4.006
3.338
3.173
6.249
3.334
5.083
4.827
4.172
5.402
5.272
3.428
4.118
6.075
6.23
5.016
4.574
5.773
4.126
6.043
5.886
4.657
6.772
3.623
4.576
3.746
5.11
4.101
3.859
3.102
4.219
7.662
4.841
3.054
5.194
4.735
4.835
4.607
4.666
4.191
5.252
4.809
5.387
3.765
5.448
5.222
3.31
5.666
3.486
4.994
6.969
4.617
5.723
5.446
3.04
4.227
4.785
4.688
6.173
5.676
4.88
4.634
5.62
4.006
4.434
4.803
5.129
4.178
4.076
5.325
3.078
3.17
3.648
5.535
3.276
4.327
6.918
4.535
4.347
3.124
3.725
3.011
5.505
4.427
6.109
3.559
3.491
6.412
5.359
3.864
5.535
6.924
6.613
4.448
4.682
6.677
4.44
6.542
3.991
3.551
5.138
4.763
4.094
2.948
4.432
6.999
4.569
5.624
7.639
4.887
5.567
3.572
4.649
5.496
3.725
5.618
3.329
3.928
2.637
3.47
5.227
3.871
3.727
4.322
4.75
4.581
5.732
4.101
3.777
4.737
4.317
5.279
4.252
6.135
4.55
4.018
4.992
5.756
5.064
3.855
5.516
4.784
6.457
5.515
5.909
6.833
4.816
6.288
2.962
7.669
3.394
6.807
4.799
6.071
4.677
3.706
4.086
4.526
7.146
5.139
5.414
4.251
4.995
3.101
2.846
3.715
4.602
3.813
3.491
3.771
4.518
3.163
3.137
4.058
4.864
4.384
2.884
3.925
4.187
5.386
3.895
3.356
4.731
3.025
3.779
4.063
3.907
3.612
4.48
4.714
4.433
5.878
3.871
3.549
2.509
4.511
4.449
4.546
4.102
3.586
4.854
3.822
3.532
3.576
2.308
3.298
3.22
4.078
2.592
3.567
3.292
2.615
2.281
3.091
2.094
4.319
3.176
3.656
2.937
4.686
3.29
3.275
5.277
4.501
4.129
2.848
4.534
3.72
2.273
3.36
2.757
3.727
3.053
3.338
5.225
4.518
4.756
2.803
4.964
3.736
3.066
4.265
2.284
3.129
2.272
2.549
2.724
4.079
3.376
3.577
3.675
3.679
2.144
2.055
1.361
1.692
2.229
2.564
2.902
1.983
4.0
1.969
2.029
4.067
2.659
2.793
2.402
3.665
4.943
1.305
3.641
2.66
3.075
2.997
2.16
1.866
3.062
1.405
4.568
2.095
1.991
2.654
3.727
3.089
3.696
3.129
1.95
3.828
4.181
3.271
1.938
1.914
2.485
3.787
3.253
3.62
3.232
4.688
4.239
3.391
3.95
2.778
2.881
2.339
2.718
3.258
3.631
2.843
2.702
3.215
2.493
2.198
2.8
3.134
5.172
3.898
3.601
4.568
3.561
3.732
3.367
4.047
3.115
1.836
5.207
4.478
6.385
4.318
4.703
3.849
5.69
3.117
4.212
4.616
2.486
2.908
2.9
3.974
3.412
3.639
2.675
3.996
4.073
3.876
3.643
2.782
2.638
3.494
3.783
2.518
3.398
2.981
5.22
5.46
3.856
5.166
3.945
4.038
4.059
3.938
3.847
4.51
4.481
3.315
4.538
5.229
5.373
5.016
2.932
4.96
3.866
3.196
1.901
4.255
2.666
3.44
4.831
3.691
4.096
1.907
3.844
3.845
5.077
5.001
7.171
2.051
4.432
3.496
1.857
3.485
4.376
2.778
3.872
3.556
4.896
3.988
4.043
4.429
5.289
3.735
3.087
4.648
3.413
2.296
3.772
3.655
2.56
4.422
5.442
3.526
2.159
1.938
4.097
3.237
3.498
4.728
1.923
3.348
2.302
2.866
3.348
3.278
3.664
4.254
2.203
2.792
3.628
2.512
4.329
3.47
1.723
2.231
3.929
2.686
2.868
3.262
3.076
6.125
2.851
1.919
3.676
3.103
6.196
3.099
2.643
2.961
3.156
2.768
1.809
3.582
4.543
3.629
3.099
4.423
2.402
2.19
3.868
4.236
4.801
2.909
1.984
3.01
2.264
3.621
4.156
2.3
4.002
5.182
4.139
4.314
4.667
4.394
5.705
5.692
3.381
3.604
6.416
5.234
3.098
4.233
4.743
8.665
2.798
4.641
3.863
7.271
4.496
2.878
4.453
2.487
2.637
5.568
3.234
3.947
2.272
4.537
4.723
5.128
3.825
3.49
4.292
3.506
2.166
3.969
4.062
5.155
4.486
2.556
2.816
3.574
4.885
3.631
2.98
4.149
7.185
3.474
3.438
4.02
3.17
3.059
2.626
3.525
2.42
5.735
2.481
3.886
3.595
3.945
2.363
4.862
2.788
4.783
2.591
3.061
4.683
4.26
6.783
4.553
4.892
3.625
3.584
7.348
4.082
6.458
3.514
3.681
3.485
5.679
3.698
2.735
2.844
2.551
2.736
2.377
2.244
3.671
4.997
3.431
3.402
2.788
3.611
3.662
4.986
4.239
2.964
4.52
3.852
2.907
2.442
2.531
2.562
2.1
3.287
5.368
4.43
4.018
3.563
2.209
2.847
4.181
2.415
5.101
2.389
4.0
1.917
2.273
2.347
2.65
3.62
5.977
2.859
2.691
3.293
2.811
2.785
1.943
2.082
1.881
2.42
3.026
2.867
3.683
3.303
3.18
3.451
3.523
1.581
4.133
4.95
2.503
3.433
2.916
4.046
2.137
4.073
2.902
4.268
2.554
1.603
2.102
2.026
3.785
3.651
3.342
3.622
4.445
2.885
1.828
2.221
4.245
3.089
3.054
2.779
4.466
3.387
2.594
3.157
2.408
3.145
2.435
2.196
2.659
2.514
2.123
4.191
2.481
2.913
5.483
2.044
4.689
2.224
5.288
2.092
2.241
5.962
2.637
1.672
2.73
4.912
2.717
4.161
3.611
2.633
2.781
3.652
3.727
4.511
2.599
3.131
3.313
2.991
3.316
3.218
3.769
1.349
1.46
4.348
2.368
3.858
5.598
4.902
3.16
3.027
3.76
2.981
4.666
2.982
4.955
4.489
2.881
2.453
2.311
2.497
2.462
6.204
2.618
3.501
4.047
1.878
4.252
3.095
3.771
4.456
2.48
3.252
2.845
4.567
3.983
2.51
3.683
1.99
1.661
6.236
1.807
2.886
2.767
1.895
3.822
3.252
1.865
3.488
4.185
1.631
2.959
3.021
5.517
4.051
2.851
1.552
1.618
3.044
2.152
4.082
2.585
4.498
5.867
2.429
2.874
3.7
1.693
2.864
2.23
4.786
2.973
2.46
3.237
4.725
3.209
3.586
3.146
5.573
3.105
3.209
3.677
3.436
3.385
7.016
5.733
5.783
3.813
5.297
6.487
3.81
4.365
6.146
2.806
6.051
4.465
6.69
4.203
5.75
2.836
6.78
5.967
4.278
2.875
5.435
4.779
1.875
2.373
5.79
2.825
6.541
4.608
5.41
4.332
3.305
2.499
5.157
4.276
2.905
4.004
4.676
6.722
4.027
4.638
2.838
2.975
1.321
4.126
2.859
2.466
3.463
3.331
3.584
2.632
2.199
3.118
4.668
5.172
3.535
3.892
5.572
4.565
3.688
2.193
3.536
4.205
4.411
4.321
2.987
3.794
3.38
4.747
5.708
4.371
6.747
4.547
5.812
4.159
1.612
3.653
2.85
3.993
4.103
7.86
4.97
5.032
6.13
1.992
3.642
2.616
3.572
4.77
2.266
3.507
3.387
6.957
4.119
4.294
2.795
3.567
2.37
3.725
5.161
2.315
2.939
3.699
3.71
3.67
4.225
3.382
3.071
4.492
2.53
4.505
4.318
5.286
4.262
5.61
3.939
2.961
4.635
5.16
5.397
2.982
7.586
5.232
4.83
3.327
4.651
3.398
3.427
2.413
6.039
3.896
4.026
5.041
4.408
2.524
3.84
4.228
3.786
4.431
3.439
4.267
3.832
6.359
4.046
4.738
6.255
1.47
4.802
4.909
3.435
4.758
4.546
6.522
4.258
3.083
3.165
4.885
6.063
3.512
2.207
3.501
4.71
4.087
4.103
3.664
4.417
4.88
2.954
3.681
2.303
4.25
7.104
3.007
4.251
4.119
4.648
5.317
4.974
3.502
1.913
4.161
4.985
5.512
3.132
4.55
5.474
5.993
3.374
3.594
2.645
3.824
3.943
6.672
5.374
6.213
3.022
5.414
4.475
3.178
4.384
3.663
1.664
5.66
4.205
5.786
3.714
4.596
6.27
3.322
2.334
3.563
2.682
6.149
4.244
3.656
3.179
2.573
3.49
3.7
2.793
4.363
4.962
4.166
4.373
2.371
4.445
2.725
4.132
3.276
4.08
4.003
2.942
2.581
4.606
2.779
3.397
4.187
3.138
5.586
3.375
3.686
3.161
4.978
3.321
4.623
3.147
2.996
3.922
5.059
4.257
3.81
3.358
6.02
2.201
1.875
2.197
3.802
4.971
4.575
4.125
3.308
4.113
3.377
3.854
4.156
2.946
4.946
4.305
4.234
7.227
6.358
4.337
3.703
2.9
1.77
3.694
3.812
2.512
3.892
5.268
5.097
4.602
3.032
3.876
3.001
4.628
2.877
3.89
2.628
3.715
2.944
3.276
1.992
4.581
4.584
4.489
3.304
1.565
2.192
4.9
2.483
1.39
3.385
2.555
3.581
6.447
3.911
5.347
3.002
2.957
6.072
3.81
5.33
4.379
3.217
4.102
5.395
3.312
4.858
4.95
5.02
1.07
4.922
2.324
6.472
3.715
5.173
4.278
6.575
3.277
2.84
5.089
5.256
4.708
4.906
2.991
4.33
2.803
6.087
3.524
3.184
4.14
3.738
2.133
4.87
4.882
4.203
4.292
4.03
2.666
3.343
4.65
4.355
1.954
2.849
4.742
4.187
5.104
5.575
4.005
6.337
5.532
3.366
5.667
5.351
5.747
3.286
4.848
3.099
2.754
8.031
5.004
3.08
4.938
1.83
4.893
2.396
2.57
3.645
4.83
5.502
5.959
5.544
3.458
3.989
6.703
4.697
8.171
4.251
2.336
4.139
3.864
6.101
5.527
3.14
4.072
3.204
3.394
4.082
2.876
3.476
6.534
4.748
3.304
3.018
4.083
4.442
4.133
5.953
4.18
3.241
6.125
3.988
5.966
4.611
3.855
4.103
2.614
2.822
5.292
4.027
5.002
3.056
3.884
2.03
4.716
4.682
5.277
6.968
5.47
5.44
4.51
3.827
5.277
3.458
5.64
3.5
4.562
4.898
3.053
3.96
4.541
5.555
3.889
3.81
3.009
5.043
2.752
4.005
2.627
3.127
3.65
1.489
3.472
5.335
2.42
6.096
4.515
4.546
4.302
3.429
2.457
2.005
4.495
4.934
5.028
5.663
3.665
3.789
5.164
9.517
5.57
4.736
5.679
8.926
2.977
5.856
8.689
3.364
4.839
6.291
3.198
6.586
3.266
3.462
5.265
9.111
3.662
2.566
7.844
5.226
4.623
5.092
5.287
4.413
4.502
4.258
4.859
2.495
5.075
9.08
4.831
8.615
6.424
7.863
3.855
4.701
5.446
7.738
5.453
5.76
4.233
4.403
3.694
10.163
4.061
6.584
4.717
5.983
7.252
2.584
5.531
3.604
7.715
6.333
5.799
7.846
3.761
3.714
3.77
6.228
4.508
3.819
5.886
5.474
7.171
2.16
6.431
2.289
4.467
2.495
7.255
8.79
3.848
4.292
3.05
7.634
6.931
4.23
5.219
6.365
9.666
3.781
5.286
6.526
7.521
6.661
9.35
5.444
10.047
8.157
4.996
6.373
5.399
4.748
3.505
9.634
4.708
4.082
7.125
6.102
6.577
4.709
6.367
3.318
5.582
3.776
6.521
5.51
5.436
5.437
6.282
5.2
3.889
8.171
3.063
6.3
4.537
3.367
3.266
8.442
6.442
7.939
4.611
4.372
8.715
4.574
4.371
3.243
5.854
4.355
4.306
2.978
6.328
8.645
6.964
8.7
6.402
3.786
6.94
6.673
5.396
7.764
4.878
9.701
4.469
4.701
4.146
5.56
7.892
4.872
5.455
6.849
2.779
7.886
9.901
11.701
6.264
11.895
8.701
5.056
6.824
2.459
11.572
7.026
5.39
7.445
5.909
5.092
7.848
4.496
5.681
4.259
6.409
7.06
4.639
10.635
8.65
5.582
2.86
5.018
8.972
4.991
5.638
7.52
7.821
5.116
4.651
8.046
3.6
5.054
7.318
6.59
5.993
6.945
7.039
4.368
5.051
7.148
3.876
6.477
8.034
2.637
4.468
6.487
6.884
7.653
6.704
6.082
5.503
4.808
3.028
7.065
2.856
6.758
3.905
4.691
6.814
7.165
7.269
4.619
3.774
2.603
4.509
9.53
6.782
3.836
9.289
2.519
4.564
8.117
5.17
4.777
5.823
3.233
5.551
9.82
4.548
5.139
3.356
6.215
8.488
3.935
5.651
4.601
3.947
4.859
2.952
2.82
5.702
7.067
3.325
6.406
6.176
5.854
6.605
7.161
4.134
4.98
5.601
9.304
2.263
4.656
4.309
5.302
6.54
4.854
4.478
2.413
5.654
8.114
6.833
7.613
3.535
5.84
13.226
6.116
5.557
3.762
9.285
5.176
9.09
7.596
5.467
5.756
9.781
12.027
6.593
4.031
7.021
8.744
5.782
5.611
10.041
7.461
11.305
5.338
2.705
6.016
8.314
6.178
3.945
3.935
6.766
5.075
5.86
10.088
7.509
4.084
2.133
2.818
7.356
7.012
3.887
5.367
6.104
3.89
3.6
4.828
4.358
3.718
4.248
6.152
3.847
5.917
7.932
4.425
5.767
9.077
5.847
8.291
4.723
5.367
4.5
9.634
7.972
6.878
3.277
3.548
2.535
6.796
7.685
6.257
4.738
10.376
5.392
2.835
8.691
7.457
9.151
4.65
7.009
6.051
6.086
8.48
5.78
4.872
2.233
6.902
8.695
7.996
5.263
4.288
6.247
9.308
7.746
5.525
6.138
3.396
13.845
4.562
10.213
4.502
6.556
8.94
4.928
5.705
7.82
4.679
7.655
9.231
6.606
7.955
10.054
6.89
7.798
2.961
10.476
9.168
10.408
6.543
8.519
9.61
3.92
5.237
6.474
7.505
3.864
7.093
6.103
7.438
9.183
6.224
8.426
4.822
7.52
3.641
6.851
9.823
6.978
4.41
7.145
9.145
6.741
9.094
9.164
9.046
3.629
6.237
7.205
4.951
5.91
7.961
5.445
13.562
8.884
8.808
3.189
7.045
5.321
6.739
5.35
7.5
9.261
10.225
12.16
1.594
9.705
6.57
4.313
4.847
5.783
8.064
3.776
8.241
6.723
9.526
3.748
7.81
9.454
8.291
9.56
11.802
6.401
14.066
7.648
5.229
6.431
4.692
2.7
10.543
8.825
8.598
4.594
6.934
6.292
5.568
4.249
8.176
6.784
4.608
5.918
4.463
7.001
5.141
4.576
4.607
4.729
4.875
4.698
8.42
7.421
9.831
5.9
4.852
7.003
9.64
5.294
7.94
4.489
7.819
6.4
8.233
6.992
7.594
8.476
5.791
4.709
8.822
7.028
8.331
7.905
8.48
9.345
5.442
10.09
7.036
9.421
5.003
6.256
4.389
2.785
8.238
6.258
1.856
3.759
6.713
5.194
5.656
5.907
7.602
8.425
5.705
3.544
5.595
4.938
9.068
2.165
6.204
5.631
3.629
4.222
7.643
4.173
4.997
4.598
5.628
6.443
5.724
4.74
6.578
3.422
4.631
5.156
7.965
6.409
7.384
5.091
5.926
3.297
4.906
4.184
1.822
2.888
3.528
5.261
5.887
3.652
3.47
3.747
5.621
5.844
5.085
2.622
6.807
4.046
4.07
3.692
6.771
2.485
8.83
2.832
6.897
2.259
6.519
4.805
4.278
4.994
4.379
6.536
5.39
4.733
2.904
4.019
4.689
8.229
2.218
4.985
5.301
2.359
3.676
6.908
7.469
5.362
3.059
5.462
3.035
3.122
3.217
2.432
2.986
6.751
2.54
2.578
5.26
3.08
2.449
3.96
5.086
3.573
3.372
3.322
3.425
1.762
4.082
3.194
2.518
3.343
2.955
4.791
3.753
2.089
3.84
3.226
1.984
3.877
3.599
2.192
5.399
5.743
3.828
2.553
5.114
2.801
3.217
4.011
3.748
3.414
3.152
2.162
5.055
2.685
3.575
3.185
3.386
3.277
1.271
1.696
5.041
4.159
3.529
6.657
8.493
5.429
4.355
3.135
6.09
5.574
3.545
6.354
5.383
7.946
6.108
3.895
3.252
9.45
4.796
6.809
2.717
4.022
6.737
2.026
3.296
5.206
8.127
4.02
8.703
6.8
7.298
2.467
5.164
2.433
7.587
5.696
6.746
6.937
9.05
4.266
2.481
11.81
4.289
3.941
6.838
4.831
5.546
8.91
5.889
3.756
2.987
2.431
5.35
4.225
3.817
4.549
2.105
5.998
4.576
9.045
6.763
5.831
4.3
4.993
5.084
7.439
3.828
6.144
3.748
3.338
7.807
4.774
6.158
8.256
3.393
4.01
4.035
2.445
4.87
3.226
3.237
7.089
3.039
4.347
4.131
2.433
2.507
6.317
9.371
6.166
10.593
8.63
7.024
4.086
5.619
2.763
5.281
6.51
5.013
6.402
3.217
8.881
6.797
7.004
5.182
3.767
3.126
2.769
2.712
7.007
11.473
3.439
6.669
4.885
8.509
4.936
3.387
3.777
7.818
5.156
5.654
5.502
10.699
4.177
6.701
4.015
4.717
7.476
6.446
4.962
2.907
5.023
8.344
4.948
5.044
2.274
4.966
9.055
5.619
2.323
6.18
2.709
3.266
6.328
5.056
5.544
2.732
8.826
7.872
7.606
1.651
5.053
4.051
7.107
5.497
5.049
4.482
2.081
4.13
3.191
6.309
6.152
6.278
8.15
4.091
4.614
1.476
2.713
6.247
5.712
8.286
5.195
11.61
5.762
6.285
7.266
7.865
9.32
5.992
3.855
6.614
4.6
6.906
4.097
3.396
3.237
2.957
4.99
6.272
1.312
8.87
3.713
5.095
6.702
5.464
2.748
5.968
7.107
8.345
4.315
6.578
3.436
7.778
8.362
5.779
5.877
4.618
12.304
7.481
10.435
7.774
5.94
4.944
8.348
1.996
8.809
3.228
6.684
7.436
9.078
4.319
2.575
5.254
10.677
10.419
5.294
7.126
3.243
6.804
5.953
3.236
7.433
7.079
9.13
7.026
5.963
3.186
5.914
8.47
6.219
3.892
5.135
6.25
4.368
3.685
2.675
8.621
3.177
4.276
3.007
6.715
6.463
2.697
2.149
4.857
6.245
7.215
4.195
5.049
4.527
4.202
6.004
2.814
5.042
9.725
8.452
2.488
7.331
5.156
10.737
9.654
7.837
7.807
6.797
3.053
4.693
6.093
4.287
8.039
9.169
4.652
5.167
11.485
5.181
3.799
7.428
2.766
8.137
4.733
5.688
5.865
5.894
5.943
6.986
7.013
3.903
6.039
9.733
6.75
5.724
7.938
7.445
6.797
5.225
3.787
5.594
5.764
5.906
6.545
6.492
7.265
5.816
5.381
6.166
3.187
7.909
5.146
5.453
3.037
2.702
3.421
5.36
5.153
7.251
6.414
6.473
6.056
8.41
3.016
4.657
6.653
4.154
3.876
8.302
7.28
3.163
6.44
6.616
5.792
4.225
2.94
5.737
8.041
7.399
6.938
5.561
4.206
5.595
6.562
4.82
6.705
7.433
4.972
1.999
4.321
6.68
11.078
6.602
3.052
8.364
7.055
8.333
5.276
3.891
2.342
3.806
5.402
7.261
7.064
5.62
8.614
6.764
9.627
3.064
7.92
4.613
4.62
8.7
7.553
6.803
7.99
7.116
9.853
3.101
7.587
3.358
4.964
4.521
4.566
4.562
6.053
4.219
9.495
5.565
10.69
7.972
3.499
5.831
5.129
5.17
4.198
4.445
1.855
6.5
4.026
4.219
3.136
6.564
5.062
6.839
4.915
2.85
7.107
4.88
6.816
4.812
4.193
4.607
8.564
1.95
5.814
9.083
7.156
5.439
7.453
5.245
3.114
4.496
2.74
5.986
6.188
3.476
6.207
8.823
10.741
5.099
1.67
10.012
7.424
4.009
3.147
5.687
2.224
5.88
3.344
10.529
8.274
8.923
7.568
4.362
5.358
3.45
5.555
6.049
5.908
4.329
9.167
3.343
4.336
6.428
7.631
7.184
4.508
4.735
8.096
5.774
4.656
3.486
7.742
6.267
4.916
3.039
5.5
4.095
4.294
3.433
7.883
5.937
4.041
5.006
7.357
3.788
8.203
5.961
7.511
4.218
5.069
3.033
9.624
2.203
2.521
5.087
7.683
6.494
6.525
5.45
3.012
4.286
5.989
6.914
6.262
7.866
5.034
8.126
7.598
5.037
3.619
9.412
5.482
9.549
6.977
5.988
8.143
4.798
2.297
4.091
3.099
3.073
5.414
7.581
3.679
7.404
3.62
4.235
4.793
5.447
1.99
3.803
5.731
7.243
7.784
4.717
7.056
4.317
5.471
6.533
7.808
4.518
8.33
4.861
6.347
7.627
7.173
2.854
5.861
8.194
5.264
5.188
5.597
5.346
4.003
4.939
3.398
8.389
6.797
1.789
5.701
9.593
9.287
1.801
2.751
7.072
3.075
2.357
8.095
11.335
2.402
5.006
5.035
4.475
6.714
5.589
2.819
9.22
2.482
3.345
3.949
12.831
3.013
6.906
6.628
6.189
1.928
4.638
5.648
4.223
8.821
3.011
9.807
5.855
8.163
5.552
8.785
3.641
6.559
3.188
7.597
5.764
6.048
6.356
9.495
8.39
6.776
4.131
6.904
6.37
5.192
7.018
5.912
5.759
4.768
5.036
4.452
6.924
6.105
3.693
5.888
5.134
4.692
8.504
2.506
5.202
2.686
1.82
4.524
9.77
4.094
8.092
5.012
6.115
3.841
6.091
7.586
6.208
1.912
6.781
8.739
4.94
7.192
1.691
1.64
5.752
1.809
5.556
2.314
1.529
5.709
2.279
10.881
13.527
3.123
9.152
2.52
3.462
3.557
2.416
7.381
1.705
4.554
8.499
3.219
3.495
2.097
5.089
6.129
3.141
8.44
3.649
4.033
4.91
1.95
1.144
4.739
4.499
3.803
7.752
3.811
8.908
2.636
5.083
3.151
5.92
2.972
2.537
2.298
1.984
3.183
3.89
7.586
1.973
3.416
7.119
4.326
4.121
3.229
2.077
5.014
3.928
6.964
2.764
6.227
1.573
2.004
1.466
1.672
0.996
4.502
3.527
5.789
7.107
3.506
7.044
2.093
2.309
4.734
2.995
6.052
4.013
1.602
7.147
1.292
6.538
6.211
4.034
4.987
2.455
2.323
9.484
4.786
11.757
4.968
5.868
3.986
6.097
3.647
3.415
3.997
3.493
3.526
1.759
2.167
3.983
1.211
3.019
3.111
3.967
3.285
5.071
10.745
3.187
5.06
2.568
3.655
2.185
2.9
2.184
3.158
4.271
1.476
2.76
4.728
1.799
3.882
5.171
7.177
5.616
4.288
4.304
3.804
6.87
5.262
3.731
5.139
8.77
4.949
5.924
8.192
4.871
6.58
2.731
4.228
3.056
3.99
5.344
2.449
4.518
5.081
7.413
3.108
5.461
4.256
3.004
3.072
6.977
9.973
3.383
3.081
1.96
4.286
2.627
3.316
10.127
6.319
3.662
5.773
11.518
3.492
7.052
3.634
7.61
4.42
3.034
8.102
3.34
7.069
5.983
3.75
5.577
3.036
11.347
9.215
2.546
4.806
8.613
4.737
5.719
2.782
6.423
3.363
8.32
2.6
1.453
3.929
2.097
6.987
8.231
8.137
2.597
4.896
4.189
2.64
2.446
5.261
6.536
4.604
5.474
2.173
5.251
4.917
5.182
6.629
6.47
3.5
8.919
6.708
5.484
4.538
5.222
10.064
9.618
3.765
4.11
6.155
8.846
7.34
5.969
5.992
4.017
6.494
3.766
10.132
5.819
6.948
5.082
8.337
2.61
6.326
3.875
7.9
5.689
12.853
7.248
7.675
4.917
5.444
2.763
4.916
6.215
3.836
2.416
5.267
8.516
5.196
4.11
6.854
4.244
6.734
5.347
7.244
5.295
11.186
1.627
6.25
7.303
7.309
4.901
6.629
5.916
4.247
4.921
4.357
6.374
7.02
6.415
6.436
5.518
7.966
6.937
4.15
6.555
2.863
5.821
3.932
4.452
7.446
6.332
2.311
4.529
5.648
4.073
3.675
9.038
6.558
5.795
6.162
9.136
8.34
2.813
4.723
4.244
8.771
4.092
7.668
5.676
7.583
4.396
5.055
1.647
6.124
3.938
8.581
2.275
6.044
1.418
6.865
5.897
2.022
9.299
1.279
4.297
2.374
7.706
6.0
4.262
5.164
1.865
4.073
8.769
2.585
4.25
2.895
3.473
5.009
7.101
3.256
2.653
2.516
4.274
8.727
6.565
1.417
4.002
2.808
4.573
4.029
2.568
2.312
1.446
5.607
6.684
4.998
2.009
2.806
3.826
3.004
2.58
1.928
5.017
4.765
3.75
4.337
1.718
5.499
3.224
6.963
2.112
4.664
6.834
4.711
3.921
3.878
1.485
5.158
7.692
4.355
2.998
7.132
2.724
4.442
2.854
3.829
3.865
3.328
3.801
4.435
1.065
8.142
3.302
4.195
4.884
4.012
3.397
3.362
3.33
2.702
4.002
4.278
4.151
7.33
4.303
3.233
4.357
1.18
7.98
5.716
4.282
4.053
3.351
1.451
6.274
1.903
1.179
8.065
3.919
7.573
5.123
7.865
2.262
4.57
2.841
6.7
2.733
1.415
4.262
6.321
2.543
4.02
4.661
5.748
2.784
2.406
2.705
4.318
1.227
1.886
4.218
2.612
7.446
1.48
3.374
3.017
5.041
3.926
3.078
5.657
2.725
3.916
1.019
3.654
5.594
2.809
2.579
3.929
2.236
2.387
3.911
1.157
2.486
4.991
6.282
3.152
1.381
4.369
2.836
4.763
6.23
6.859
4.346
4.136
5.976
5.036
5.385
3.821
4.473
3.867
2.984
4.204
2.907
2.293
4.644
3.324
12.638
1.581
8.306
6.389
3.48
2.747
7.336
5.365
5.828
5.418
4.493
1.445
3.853
2.079
3.123
4.748
5.496
6.752
6.622
1.64
2.819
2.405
9.249
7.209
5.805
2.795
2.869
4.953
3.512
6.517
2.673
4.576
2.933
5.891
4.775
3.819
3.267
3.881
5.337
4.956
1.722
8.036
2.007
5.615
1.64
3.017
5.701
3.235
2.247
1.155
6.979
2.951
3.103
4.717
1.575
2.23
9.142
1.704
3.587
1.114
2.376
3.149
4.093
6.434
3.191
2.409
2.469
3.07
2.568
3.18
2.301
5.68
4.268
3.685
1.957
1.146
1.572
1.272
1.32
6.652
2.775
2.392
6.558
4.532
4.169
3.04
9.387
3.766
5.188
3.455
3.768
3.533
5.267
3.231
5.024
1.027
1.872
2.014
1.914
6.211
3.973
3.523
2.499
2.212
4.221
2.124
2.043
8.529
8.321
2.23
4.147
3.735
5.551
1.802
5.41
3.71
2.71
2.933
4.205
3.42
3.737
3.643
2.816
4.623
3.888
5.94
4.126
3.093
2.656
1.84
1.865
3.999
3.874
2.928
5.397
2.764
4.169
2.499
3.627
4.222
5.197
2.612
2.959
1.771
1.871
4.014
4.949
2.22
1.725
3.287
6.82
1.682
3.416
8.83
3.048
0.952
4.116
7.09
1.566
2.113
3.786
4.143
4.159
3.714
4.365
3.762
6.986
6.792
2.683
4.174
2.104
1.751
5.545
3.834
3.706
4.927
3.581
2.923
6.178
4.377
3.427
2.449
2.746
4.752
2.966
3.35
3.303
3.506
3.02
3.227
3.945
5.698
3.858
1.068
1.218
2.751
1.519
3.163
6.947
1.672
1.299
3.117
2.573
7.029
4.076
1.183
3.62
3.198
2.757
3.453
6.458
8.238
1.481
0.976
6.778
4.196
4.989
1.93
1.689
1.922
3.048
6.8
5.469
5.72
7.397
3.739
2.987
7.275
5.382
2.802
4.134
6.375
3.821
3.815
4.25
4.795
3.312
3.913
5.498
2.688
3.596
3.081
3.702
4.407
7.787
3.116
12.459
8.559
5.684
4.827
6.184
2.243
4.367
5.669
4.012
0.821
4.766
2.586
3.354
3.396
3.636
1.719
3.011
5.653
6.365
1.666
4.444
2.627
3.159
5.978
2.153
6.949
5.072
3.57
4.988
4.381
3.571
4.22
2.034
5.095
4.45
4.531
4.92
4.196
4.626
2.247
3.89
6.051
2.302
3.865
2.374
3.023
4.005
7.024
4.298
1.555
2.523
4.953
3.753
2.386
4.568
2.514
1.458
3.088
3.79
3.105
4.618
5.33
4.114
6.476
3.286
3.279
2.449
5.727
7.562
2.036
6.134
3.622
2.101
0.955
6.866
2.286
2.818
2.49
5.649
5.06
3.934
3.463
4.332
4.032
2.165
5.764
3.645
2.92
2.837
1.308
3.644
2.891
7.927
1.208
2.686
1.501
5.073
6.102
2.655
4.515
4.682
2.454
3.723
3.133
5.946
4.021
5.372
2.453
3.034
3.624
4.337
4.916
1.772
3.128
1.326
1.605
7.495
2.676
5.879
5.382
1.784
2.868
2.307
2.487
8.52
4.224
3.566
3.744
6.896
2.61
6.364
2.867
1.819
4.859
3.822
2.991
2.388
5.176
3.412
3.289
4.667
6.489
5.859
3.346
2.275
2.845
1.641
2.297
1.938
4.375
1.133
2.554
5.08
3.702
1.406
2.444
2.254
2.07
2.448
4.41
2.143
5.368
2.178
4.472
3.366
3.171
2.146
1.241
1.125
3.366
1.237
4.183
4.454
3.624
2.99
1.317
3.857
6.977
4.147
3.875
4.372
1.702
1.787
0.979
4.453
2.08
5.517
1.256
2.351
1.629
2.043
2.955
3.035
3.276
1.353
2.169
1.067
2.589
1.87
1.882
3.191
3.122
1.314
3.374
2.398
3.467
7.381
4.488
6.024
1.196
1.145
4.213
3.036
3.476
1.072
2.071
2.628
4.248
0.857
1.58
2.938
3.177
3.501
3.48
1.158
2.785
3.728
2.044
1.186
2.468
2.077
2.758
6.431
2.84
1.289
2.911
1.193
2.816
2.412
1.494
1.752
1.444
2.946
1.582
3.15
4.24
3.357
2.664
2.36
2.553
2.662
2.939
1.636
5.893
1.257
2.599
3.079
4.083
3.231
8.194
2.844
1.254
10.097
3.577
2.512
2.338
4.471
2.21
2.553
1.665
1.543
3.309
5.081
3.949
3.56
6.759
5.719
3.742
2.804
2.743
1.091
2.213
2.706
0.652
3.54
2.017
5.167
1.271
3.048
3.852
4.988
1.556
2.801
3.096
1.216
7.068
1.995
1.432
2.792
1.429
2.542
1.349
5.062
1.208
1.999
2.774
3.108
2.922
1.224
4.684
1.173
4.695
4.602
3.315
1.206
0.988
3.436
3.323
1.606
3.794
2.166
4.163
5.019
2.259
3.141
3.178
2.017
1.585
6.022
1.817
2.308
8.84
2.863
2.177
3.694
0.878
4.551
2.377
6.899
7.627
2.633
1.797
2.059
4.937
6.681
3.075
3.814
1.118
2.014
3.645
2.23
2.661
2.63
0.838
5.922
3.319
5.837
1.296
3.589
2.315
2.767
4.626
7.462
4.12
2.07
4.519
4.05
2.632
6.772
3.373
1.827
2.748
3.608
1.45
4.834
3.056
1.076
4.998
2.727
2.754
3.803
5.884
1.865
4.669
4.239
1.866
3.641
4.666
5.138
6.728
4.965
2.306
1.198
5.304
6.536
3.351
3.712
5.734
2.977
2.971
1.359
4.724
1.999
2.227
3.851
3.93
1.78
3.296
6.812
3.856
4.771
2.421
3.596
3.475
4.306
5.139
4.378
2.364
4.303
3.093
5.076
2.679
6.026
2.244
6.797
2.393
4.793
7.97
3.212
5.289
3.995
5.654
3.261
2.066
13.522
11.112
3.699
3.23
4.725
3.605
2.173
10.454
4.323
5.713
9.695
3.548
2.021
4.663
2.575
1.336
5.673
4.202
4.888
3.346
2.069
5.398
5.961
1.818
2.918
3.383
1.859
1.114
3.208
7.319
7.088
2.81
0.737
4.02
10.38
2.568
4.741
1.369
3.649
2.816
2.927
2.075
1.36
4.964
9.382
1.434
2.568
2.857
2.103
5.029
5.31
4.849
3.472
1.997
4.049
2.171
6.472
6.119
3.798
5.603
1.273
1.712
4.418
3.219
2.35
7.126
2.74
1.764
3.026
1.861
1.562
8.508
4.689
2.185
2.756
5.168
4.133
2.662
2.034
4.808
3.233
2.691
3.989
4.292
2.513
4.708
2.797
3.228
4.665
2.253
1.775
3.859
3.511
5.405
3.766
2.253
0.94
1.571
2.435
1.639
1.363
2.915
2.257
3.016
1.375
7.543
2.273
2.281
4.436
3.048
2.174
3.333
1.811
1.415
3.737
4.179
2.66
1.594
2.725
1.246
3.418
2.012
4.477
1.26
3.195
1.695
3.357
10.522
3.477
3.85
2.284
1.094
3.209
4.178
1.811
1.107
1.333
3.303
1.617
5.462
4.199
3.112
4.44
2.369
4.348
2.381
8.096
3.821
1.76
1.502
4.451
2.011
2.155
0.857
6.633
3.663
1.685
1.656
4.495
3.986
5.599
1.42
5.206
5.897
3.508
3.071
1.952
2.477
2.523
4.75
2.796
6.31
4.29
3.341
2.373
8.216
1.438
4.602
3.778
6.368
4.285
0.555
3.688
4.56
6.618
3.369
3.033
1.743
5.259
4.282
3.606
1.33
5.21
3.657
1.392
4.952
8.234
4.043
5.056
5.208
1.631
5.329
3.555
3.764
6.004
5.314
5.008
1.585
4.021
2.742
8.689
2.801
3.121
4.886
6.574
5.165
4.544
2.873
7.067
5.576
12.016
3.407
2.057
2.785
5.12
9.356
3.537
5.922
4.057
6.263
4.16
5.547
5.243
5.904
9.58
1.961
8.389
4.511
5.903
3.693
4.63
4.018
4.265
5.051
5.0
8.519
5.648
6.271
1.714
3.575
7.209
4.646
5.124
4.711
2.418
4.715
5.981
5.295
3.906
8.012
5.447
1.7
3.543
4.664
4.296
7.24
3.865
5.573
6.431
3.191
6.732
5.082
5.237
8.829
4.021
5.233
3.365
11.014
3.697
7.049
7.861
7.294
4.997
6.639
2.594
3.562
2.832
5.58
6.166
2.783
4.571
2.863
5.718
2.114
4.298
4.081
3.164
6.856
3.15
6.906
6.782
8.185
8.409
6.181
6.927
5.214
5.872
3.684
5.538
4.617
8.111
4.589
9.213
3.701
3.302
5.559
5.905
6.126
3.766
5.711
6.838
7.766
6.761
9.509
8.349
6.846
1.641
3.147
1.517
5.7
6.903
5.843
3.331
2.058
2.9
5.2
2.975
4.136
3.164
4.208
3.391
5.969
3.064
1.699
5.542
3.954
3.675
1.462
4.98
3.13
4.983
2.489
1.34
3.879
8.38
4.545
4.733
4.222
3.344
2.993
3.657
8.397
3.231
5.531
4.917
7.227
2.841
2.475
3.882
6.177
7.707
3.377
