9.222
6.072
5.295
4.545
4.164
4.006
4.148
4.307
3.674
3.75
3.637
4.068
4.201
4.016
4.053
4.226
4.436
4.4
4.03
4.527
4.067
4.113
4.352
4.089
4.226
4.165
4.183
4.517
4.187
4.359
4.193
4.368
4.124
4.339
4.163
4.31
4.135
4.375
4.164
4.382
4.504
4.307
4.543
4.273
4.446
4.496
4.392
4.375
4.662
4.341
4.448
4.691
4.692
4.348
4.489
4.667
4.549
4.385
4.492
4.485
4.629
4.362
4.241
4.33
4.696
4.709
4.535
4.667
4.86
4.555
4.586
4.588
4.32
4.421
4.655
4.179
4.522
4.687
4.414
4.258
4.609
4.392
4.511
4.682
4.491
4.31
4.4
4.37
4.939
4.232
4.355
4.336
4.741
4.247
4.452
4.419
4.373
4.374
4.769
4.551
4.51
4.407
4.472
4.221
4.549
4.412
4.775
4.481
4.782
4.412
4.34
4.37
4.41
4.225
4.47
4.121
4.276
4.377
4.415
4.062
4.574
4.25
4.33
4.138
4.35
4.183
4.17
4.27
4.176
4.198
4.099
4.124
4.262
4.163
4.463
4.398
4.319
4.284
3.933
4.302
4.368
4.106
4.297
3.97
4.201
4.342
4.193
4.359
4.344
4.137
4.574
4.285
4.379
4.304
4.191
4.205
4.365
4.317
4.408
4.002
4.184
4.357
4.072
4.196
4.167
4.14
4.055
4.33
4.184
4.199
4.262
4.015
3.993
4.182
3.864
3.981
4.395
4.395
4.537
4.209
4.45
4.378
4.129
4.26
4.323
4.01
4.136
4.165
4.017
4.394
4.246
4.16
4.387
4.29
4.094
3.995
4.07
4.003
4.125
3.981
3.928
4.163
4.192
3.826
4.373
4.233
4.03
3.975
3.938
4.086
4.152
3.96
4.131
4.419
4.211
4.413
4.019
3.955
3.999
4.238
4.191
4.11
4.027
4.351
4.027
4.531
4.049
4.116
4.09
4.209
4.073
4.139
4.178
3.933
4.035
3.98
4.099
4.161
4.287
4.074
3.855
4.097
3.959
3.945
4.27
4.23
4.097
3.764
4.034
3.888
3.93
3.946
4.092
4.448
4.183
4.054
4.372
4.104
4.561
4.111
3.927
4.036
3.953
4.225
3.957
4.032
4.163
4.153
3.865
4.145
3.891
3.926
4.015
4.111
4.104
4.13
4.116
4.038
4.004
3.749
3.918
3.968
3.854
3.853
3.997
4.212
3.806
4.113
3.802
3.871
4.272
4.367
4.091
3.936
3.856
4.1
4.092
3.913
3.963
3.927
3.846
3.791
3.75
3.957
3.781
3.717
3.954
3.77
3.681
3.704
3.738
3.726
3.994
3.86
3.726
3.924
3.689
3.494
3.782
4.099
3.857
3.84
3.845
3.77
3.791
4.013
3.567
3.735
3.535
3.834
4.066
3.628
3.69
3.599
3.981
3.774
3.691
3.751
3.779
3.548
4.25
3.689
3.736
3.763
3.957
3.972
3.604
3.884
3.79
3.828
3.965
3.653
3.778
4.01
3.626
4.096
3.635
3.829
3.805
3.724
3.697
3.477
3.78
3.506
3.816
4.086
3.74
3.621
4.002
3.714
3.76
3.784
3.525
3.924
3.648
3.811
3.892
4.106
3.893
3.686
3.68
3.572
3.689
3.786
3.746
3.603
3.801
3.929
3.986
3.673
3.673
3.904
3.547
3.631
3.669
3.69
3.467
3.846
3.6
3.835
3.61
3.736
3.774
3.789
3.902
3.812
3.929
3.801
3.843
3.623
3.888
3.731
3.63
3.879
3.574
4.112
3.603
3.839
3.921
3.924
3.883
3.88
4.04
3.891
3.851
3.835
3.627
3.786
3.97
3.979
3.672
3.784
3.951
3.923
3.778
3.884
3.792
3.734
3.805
3.889
3.787
4.072
3.724
3.677
3.922
3.957
3.565
4.328
3.669
3.799
3.869
3.597
3.807
3.939
3.95
3.836
3.788
3.932
3.524
3.804
4.021
3.797
3.942
3.843
3.759
3.975
3.938
3.748
3.847
3.798
3.758
3.673
3.818
3.721
3.829
3.587
3.434
3.644
3.512
3.672
3.704
3.794
3.632
3.629
3.936
3.616
3.491
3.604
3.77
3.855
3.742
3.723
3.814
3.507
3.744
3.643
3.853
3.941
3.671
3.72
3.568
3.607
3.64
3.638
3.692
3.748
3.851
3.879
3.8
3.891
3.678
3.983
3.633
3.594
3.742
3.585
3.505
3.592
3.68
3.648
3.706
3.66
3.741
3.74
3.99
3.91
3.709
3.869
3.777
3.991
3.753
3.918
3.84
3.91
3.775
3.875
4.052
3.768
3.93
3.941
3.958
3.813
3.954
3.758
3.91
3.921
3.843
3.978
3.8
4.085
3.59
3.701
3.669
3.532
3.737
3.818
3.619
3.658
3.735
3.719
3.709
3.729
3.817
3.693
3.562
3.569
3.781
3.654
3.478
3.713
3.565
3.612
3.712
3.531
3.696
3.741
3.774
3.717
3.704
3.648
3.757
3.502
3.619
3.663
3.595
3.792
3.639
3.649
3.693
3.786
3.738
3.587
3.658
3.624
3.568
3.597
3.568
3.533
3.564
3.559
3.424
3.614
3.36
3.423
3.411
3.519
3.574
3.403
3.529
3.575
3.597
3.57
3.613
3.509
3.475
3.536
3.41
3.469
3.39
3.467
3.672
3.611
3.607
3.596
3.439
3.481
3.414
3.353
3.625
3.675
3.418
3.461
3.525
3.5
3.665
3.43
3.695
3.473
3.475
3.702
3.573
3.77
3.542
3.597
3.849
3.887
3.573
3.598
3.717
3.666
3.498
3.556
3.515
3.609
3.596
3.531
3.629
3.592
3.534
3.427
3.531
3.425
3.512
3.614
3.414
3.322
3.201
3.343
3.368
3.61
3.357
3.288
3.436
3.441
3.289
3.124
3.154
3.259
3.283
3.363
3.365
3.26
3.381
3.51
3.519
3.479
3.395
3.732
3.419
3.59
3.476
3.442
3.519
3.52
3.545
3.591
3.343
3.56
3.662
3.353
3.404
3.552
3.529
3.565
3.44
3.48
3.393
3.476
3.451
3.424
3.321
3.62
3.438
3.309
3.507
3.524
3.479
3.546
3.586
3.517
3.536
3.579
3.895
3.607
3.562
3.463
3.612
3.62
3.595
3.489
3.639
3.453
3.613
3.714
3.419
3.441
3.6
3.507
3.646
3.465
3.513
3.434
3.549
3.594
3.745
3.533
3.777
3.613
3.722
3.681
3.759
3.796
3.584
3.678
3.541
3.709
3.611
3.656
3.699
3.864
3.652
4.012
3.735
3.881
3.857
3.549
3.742
3.76
3.728
3.857
3.57
3.677
3.82
3.872
3.74
3.558
3.671
3.696
3.71
3.667
3.823
3.82
3.881
3.802
3.682
3.821
3.777
3.803
3.811
3.735
3.792
3.763
3.796
3.984
3.939
3.62
3.584
3.773
3.363
3.552
3.306
3.499
3.135
3.116
2.922
2.981
2.853
2.824
2.834
2.893
2.828
2.721
2.888
3.108
2.902
3.198
3.131
3.228
3.287
3.188
3.288
3.457
3.328
3.519
3.574
3.604
3.482
3.541
3.574
3.646
3.66
4.036
3.665
3.688
3.374
3.413
3.49
3.555
3.492
3.323
3.357
3.545
3.355
3.571
3.136
3.4
3.382
3.301
3.348
3.248
3.434
3.47
3.374
3.483
3.269
3.526
3.671
3.533
3.607
3.622
3.49
3.685
3.696
3.509
3.653
3.807
3.928
3.703
3.692
3.772
3.595
3.584
3.624
3.647
3.696
3.608
3.6
3.258
3.427
3.366
3.385
3.447
3.421
3.853
3.454
3.537
3.691
3.537
3.596
3.7
3.721
3.778
3.775
3.717
3.752
3.538
3.806
3.606
3.657
3.764
3.72
3.677
3.74
3.715
3.84
3.751
3.532
3.72
3.679
3.516
3.699
3.815
3.587
3.683
3.692
3.532
3.386
3.646
3.595
3.665
3.586
3.737
3.612
3.626
3.597
3.611
3.575
3.649
3.754
3.506
3.728
3.486
3.599
3.525
3.634
3.597
3.725
3.659
3.522
3.792
3.803
3.513
3.781
3.874
3.866
3.747
3.818
3.891
3.718
3.981
3.694
3.834
3.897
3.825
3.766
3.655
3.796
3.953
3.933
4.069
4.076
3.811
3.823
3.681
3.743
3.832
3.792
3.958
3.654
3.694
3.616
3.645
3.916
3.775
3.862
3.895
3.906
3.747
3.924
3.802
3.673
3.781
3.818
3.82
3.863
4.05
3.861
3.942
3.941
3.873
3.903
3.798
3.919
3.938
4.245
4.144
4.154
4.369
4.174
4.191
3.926
4.005
3.878
4.197
4.139
4.106
3.9
3.819
3.901
3.994
3.957
3.896
4.033
3.936
3.939
3.892
3.877
3.785
3.937
3.829
3.816
3.889
3.915
3.675
3.755
3.948
3.844
3.899
3.882
4.038
3.946
4.049
4.037
3.914
4.04
4.094
3.969
4.014
3.88
3.834
3.964
4.079
3.963
4.159
4.051
3.961
3.87
3.966
3.816
3.901
3.825
3.893
3.842
3.96
3.832
3.824
3.6
3.779
3.701
3.694
3.476
3.615
3.479
3.533
3.363
3.806
3.588
3.692
3.923
4.117
3.815
3.758
3.846
3.77
3.849
3.877
3.987
3.688
3.667
3.703
3.811
3.802
3.774
3.722
3.691
3.632
3.674
3.72
3.835
3.701
3.711
3.837
3.625
3.587
3.447
3.498
3.428
3.521
3.448
3.369
3.154
3.202
3.154
3.276
3.257
3.236
3.025
3.078
3.244
3.213
3.295
3.253
3.346
3.26
3.367
3.213
3.225
3.448
3.351
3.31
3.357
3.329
3.402
3.398
3.386
3.314
3.194
3.201
3.317
3.346
3.475
3.312
3.327
3.504
3.559
3.394
3.488
3.525
3.389
3.592
3.596
3.552
3.48
3.54
3.652
3.347
3.572
3.654
3.564
3.732
3.563
3.862
3.739
3.6
3.574
3.452
3.605
3.604
3.703
3.554
3.659
3.783
3.648
3.499
3.71
3.715
3.854
3.604
3.873
3.954
3.761
3.797
3.764
3.833
3.592
3.602
3.851
3.938
3.877
3.904
3.713
3.724
3.982
3.794
3.802
3.913
3.76
3.668
3.737
3.833
3.773
3.799
3.946
3.932
3.954
3.911
4.117
3.973
4.003
4.124
3.797
3.904
3.851
3.796
3.855
4.311
4.189
4.308
4.271
4.262
4.161
4.111
4.174
4.269
4.064
4.009
3.983
4.175
4.059
4.269
3.949
4.031
3.877
4.092
3.848
4.063
3.966
3.996
4.039
4.028
4.053
4.053
4.168
4.058
4.032
4.261
4.121
3.812
4.089
3.934
3.857
4.134
4.015
4.176
4.076
4.221
3.981
4.073
3.992
4.123
3.937
3.907
3.927
3.943
3.896
3.899
3.908
3.832
3.862
4.115
3.977
3.848
3.671
3.641
3.879
3.887
3.846
3.939
3.714
3.865
3.72
3.748
3.935
3.771
3.8
3.877
4.02
3.998
3.886
3.758
3.879
4.151
3.91
3.84
3.979
3.97
3.999
3.984
3.889
3.942
3.984
3.847
4.107
4.037
4.248
3.975
4.13
4.087
4.008
3.997
3.904
4.051
3.926
3.939
4.148
3.984
3.925
3.956
3.962
4.089
4.161
4.118
3.934
3.904
4.094
4.078
4.307
4.057
4.22
4.199
4.131
4.137
4.166
4.289
4.331
4.25
4.264
4.27
4.331
4.371
4.3
4.287
4.389
4.426
4.242
4.276
4.117
4.615
4.331
4.166
4.283
4.295
4.258
4.447
3.922
4.226
4.079
4.269
4.242
4.277
4.152
4.195
4.101
4.184
4.135
4.144
4.482
4.417
4.148
4.179
4.467
4.34
4.264
4.453
4.361
4.401
4.379
4.235
4.316
4.385
4.241
4.347
4.152
4.315
4.102
4.213
4.13
4.23
4.175
4.222
4.223
4.312
4.235
4.203
4.246
4.208
4.256
4.383
4.402
4.401
4.369
4.302
4.287
4.595
4.329
4.543
4.264
4.384
4.222
4.385
4.453
4.232
4.22
4.172
4.068
4.079
4.113
4.116
4.266
4.097
4.028
4.106
4.09
3.891
4.281
4.206
4.086
4.132
4.049
4.072
4.081
4.062
4.145
4.121
4.277
4.257
4.269
4.214
4.28
4.277
4.126
4.308
4.149
4.231
4.048
4.209
4.168
4.272
4.147
4.2
4.303
4.139
4.152
4.196
4.309
4.282
4.334
4.223
4.237
4.277
4.128
4.338
4.449
4.339
4.471
4.262
4.26
4.22
4.147
4.302
4.257
4.17
4.167
4.174
4.197
4.23
4.298
4.26
4.215
4.19
4.227
4.089
4.252
4.226
4.263
4.413
4.38
4.309
4.355
4.177
4.21
4.376
4.158
4.246
4.23
4.111
4.446
4.258
4.256
4.275
4.159
4.111
4.172
4.139
4.272
4.155
4.215
4.126
4.273
4.315
4.12
4.241
4.273
4.419
4.283
4.181
4.513
4.314
4.342
4.457
4.333
4.219
4.259
4.335
4.306
4.457
4.414
4.325
4.365
4.461
4.533
4.551
4.283
4.403
4.486
4.417
4.285
4.268
4.431
4.353
4.471
4.539
4.658
4.482
4.586
4.437
4.431
4.557
4.478
4.657
4.533
4.415
4.322
4.335
4.52
4.538
4.665
4.268
4.41
4.515
4.5
4.623
4.415
4.532
4.528
4.45
4.485
4.548
4.575
4.522
4.446
4.472
4.461
4.415
4.619
4.444
4.407
4.387
4.583
4.556
4.435
4.453
4.605
4.476
4.542
4.521
4.63
4.668
4.668
4.514
4.436
4.464
4.54
4.572
4.454
4.459
4.567
4.691
4.672
4.673
4.648
4.618
4.616
4.524
4.73
4.578
4.572
4.607
4.781
4.54
4.658
4.543
4.579
4.594
4.509
4.469
4.653
4.573
4.756
4.701
4.688
4.791
4.646
4.728
4.771
4.675
4.688
4.65
4.889
4.87
5.03
4.884
4.714
4.985
4.996
4.881
4.752
4.703
4.781
4.725
4.725
4.631
4.691
4.586
4.764
4.806
4.885
4.654
4.565
4.583
4.763
4.803
4.555
4.682
4.649
4.752
4.58
4.899
4.693
5.021
4.82
4.944
4.722
4.874
4.668
4.681
4.666
4.751
4.637
4.87
4.949
4.81
4.906
4.768
4.895
4.974
4.83
4.629
4.838
4.839
4.823
4.988
4.967
4.999
4.897
4.859
4.844
4.873
4.894
4.778
4.991
4.767
4.532
4.775
4.993
5.002
4.817
4.943
4.956
4.868
5.017
4.764
4.843
4.606
4.823
4.699
4.655
4.823
4.684
4.983
4.691
4.807
4.71
4.743
4.8
4.905
4.595
4.758
4.793
4.68
4.757
4.751
5.01
4.729
4.709
4.767
4.889
4.807
4.83
5.042
4.894
4.971
5.087
4.956
4.931
4.899
4.73
4.651
4.946
4.84
4.885
4.857
4.875
4.798
4.634
4.742
4.814
4.816
4.787
4.738
4.783
4.787
4.68
5.055
4.794
4.888
4.84
4.732
4.63
4.837
5.028
4.81
4.859
4.8
4.749
4.825
4.79
4.703
4.801
4.971
4.911
4.899
5.011
4.948
5.12
4.859
4.998
5.003
4.991
4.925
5.071
4.74
4.871
4.833
4.918
4.807
4.83
4.766
4.879
4.786
4.803
4.877
4.901
5.037
5.089
4.926
4.995
5.117
5.111
5.196
4.935
4.988
5.11
5.123
5.027
4.846
4.877
4.764
4.817
5.155
5.122
5.268
5.111
5.021
5.077
4.867
4.854
4.869
4.843
5.08
4.904
4.956
5.053
4.766
5.042
4.84
4.882
5.065
5.014
5.266
5.353
5.221
5.181
5.211
5.065
5.121
5.035
5.219
5.131
5.218
5.164
5.093
5.161
5.125
5.157
4.949
4.942
5.07
4.863
4.998
5.006
4.903
4.907
4.933
4.91
4.966
4.922
5.053
5.174
5.125
4.92
5.12
4.946
5.135
5.257
5.263
5.22
5.119
5.185
5.166
5.039
5.015
5.113
5.177
5.307
5.076
5.274
5.287
5.168
5.192
5.358
5.276
5.356
5.383
5.377
5.303
5.356
5.412
5.239
5.288
5.269
5.202
5.33
5.279
5.247
5.178
5.276
5.271
5.306
5.314
5.475
5.334
5.39
5.429
5.397
5.339
5.341
5.469
5.22
5.225
5.35
5.409
5.537
5.291
5.164
5.073
5.197
5.16
5.241
5.234
5.457
5.342
5.577
5.283
5.299
5.113
5.217
5.449
5.307
5.265
5.134
5.416
5.264
5.32
5.388
5.422
5.258
5.548
5.278
5.446
5.362
5.282
5.44
5.331
5.442
5.537
5.366
5.462
5.58
5.224
5.627
5.53
5.379
5.379
5.248
5.455
5.438
5.301
5.1
5.318
5.252
5.39
5.345
5.368
5.308
5.257
5.226
5.255
5.558
5.362
5.398
5.545
5.593
5.617
5.538
5.63
5.754
5.804
5.609
5.575
5.565
5.59
5.611
5.433
5.466
5.497
5.455
5.646
5.434
5.483
5.507
5.376
5.376
5.491
5.324
5.292
5.405
5.642
5.536
5.543
5.436
5.611
5.555
5.61
5.558
5.494
5.489
5.484
5.571
5.472
5.604
5.346
5.578
5.324
5.579
5.61
5.558
5.635
5.536
5.638
5.414
5.46
5.557
5.618
5.606
5.605
5.758
5.46
5.822
5.693
5.626
5.583
5.666
5.573
5.583
5.553
5.699
5.477
5.756
5.538
5.516
5.59
5.548
5.727
5.38
5.615
5.72
5.663
5.452
5.492
5.559
5.381
5.7
5.694
5.514
5.476
5.32
5.346
5.558
5.562
5.538
5.68
5.626
5.613
5.525
5.536
5.439
5.639
5.568
5.407
5.542
5.657
5.292
5.567
5.631
5.508
5.675
5.511
5.355
5.547
5.733
5.9
5.55
5.541
5.702
5.453
5.591
5.727
5.917
5.703
5.842
5.959
5.674
5.789
5.766
5.649
5.834
5.879
5.707
5.799
5.533
5.598
5.592
5.817
5.637
5.657
5.655
5.65
5.874
5.293
5.661
5.525
5.451
5.69
5.607
5.62
5.847
5.781
5.589
5.495
5.555
5.616
5.346
5.506
5.55
5.743
5.474
5.303
5.574
5.495
5.533
5.663
5.278
5.703
5.735
5.591
5.725
5.762
5.522
5.664
5.709
5.78
5.726
5.557
5.45
5.568
5.482
5.635
5.32
5.327
5.549
5.671
5.521
5.317
5.591
5.371
5.491
5.54
5.581
5.674
5.553
5.781
5.913
6.061
5.921
5.765
5.803
5.85
6.074
5.837
6.138
6.156
6.2
5.917
6.18
5.942
6.163
5.972
5.832
5.989
6.061
5.872
5.746
6.036
5.825
5.89
5.574
5.654
5.704
5.64
5.805
5.471
5.65
5.561
5.766
5.531
5.913
5.777
5.679
5.458
5.748
5.636
5.547
5.753
5.589
5.744
5.673
5.727
5.661
5.717
5.82
5.801
5.799
5.738
5.926
5.796
5.73
5.832
5.937
5.774
5.847
5.797
5.638
5.92
5.557
5.688
5.847
5.735
5.747
5.828
5.852
5.975
5.979
5.91
5.499
5.758
6.157
5.747
6.033
5.783
5.669
5.811
5.772
5.826
5.869
6.009
5.794
5.816
5.77
5.641
5.751
5.714
5.437
5.903
5.81
5.919
5.691
5.561
5.76
5.678
5.703
5.772
5.722
5.968
5.963
5.758
5.794
5.788
5.684
5.818
5.691
5.802
5.764
5.876
5.743
5.656
5.546
5.76
5.895
5.712
5.655
5.747
5.782
5.816
5.825
5.942
5.818
5.8
5.915
5.689
5.803
5.841
5.811
5.971
5.809
5.829
5.724
5.573
5.792
5.734
5.742
5.702
5.805
6.125
5.932
5.895
6.111
5.836
5.749
5.857
5.879
6.116
6.089
5.77
6.212
5.826
5.869
6.074
6.141
5.939
6.031
5.795
5.712
5.907
5.902
6.018
5.717
5.953
5.867
5.981
5.967
5.952
5.966
5.829
5.873
5.961
6.045
6.057
5.958
5.971
6.118
5.962
5.93
5.775
5.687
5.746
5.963
5.832
5.82
6.089
5.994
5.956
5.896
6.037
6.172
6.199
6.106
6.101
5.958
5.93
6.064
6.268
6.18
6.102
6.023
5.952
5.976
6.032
6.193
6.12
6.006
6.22
5.938
6.124
6.104
5.742
6.097
6.134
6.145
5.91
6.076
6.293
6.158
5.82
5.861
6.002
6.186
6.101
5.966
6.054
6.055
6.015
6.378
6.315
6.372
6.273
6.211
6.149
6.055
6.214
6.258
6.409
6.222
6.221
6.063
5.925
6.259
5.942
6.178
6.222
6.0
5.939
6.022
5.96
6.018
6.148
5.928
5.938
5.788
6.046
5.911
6.357
6.2
6.106
6.112
6.156
6.141
6.286
6.421
6.129
6.071
6.392
6.287
6.061
6.417
6.225
6.132
6.077
6.24
6.1
6.212
6.227
6.43
6.229
6.119
6.328
6.339
6.362
6.152
6.103
6.449
6.412
6.103
6.304
6.287
6.117
6.488
6.168
6.25
6.12
6.087
6.175
6.05
5.967
6.319
6.379
6.41
6.392
6.179
6.336
6.224
6.341
6.358
6.091
6.378
6.092
6.277
6.112
6.368
6.267
6.157
6.246
6.473
6.333
6.222
6.272
6.392
6.374
6.293
6.312
6.283
6.173
6.393
6.273
6.23
6.325
6.285
6.238
6.456
6.37
6.422
6.47
6.577
6.233
6.183
6.354
6.32
6.188
6.159
6.133
5.831
6.479
6.345
6.377
6.145
6.064
6.042
6.159
6.165
6.133
6.258
6.268
6.129
5.856
6.041
6.108
6.051
6.125
6.135
6.128
6.257
6.399
6.24
6.451
6.409
6.359
6.297
6.49
6.501
6.31
6.338
6.586
6.399
6.266
6.1
6.085
6.136
6.343
6.444
6.484
6.355
6.308
6.504
6.341
6.584
6.252
6.409
6.302
6.204
6.297
6.521
6.289
6.214
6.211
6.284
6.418
6.165
6.453
6.34
6.416
6.356
6.186
6.315
6.378
6.159
6.092
6.349
6.5
6.363
6.396
6.444
6.593
6.579
6.468
6.502
6.445
6.722
6.541
6.622
6.768
6.606
6.554
6.695
6.443
6.485
6.692
6.517
6.595
6.356
6.72
6.703
6.291
6.619
6.543
6.448
6.329
6.591
6.455
6.471
6.164
6.135
6.13
6.264
6.398
6.311
6.394
6.49
6.342
6.334
6.194
6.275
6.578
6.102
6.15
6.541
6.117
6.529
6.325
6.418
6.411
6.341
6.606
6.493
6.305
6.342
6.271
5.945
6.159
6.409
6.289
6.29
6.054
6.222
6.395
6.329
6.211
6.398
6.068
6.461
6.408
6.273
6.422
6.26
6.404
6.387
6.667
6.307
6.513
6.441
6.515
6.303
6.563
6.458
6.542
6.535
6.519
6.755
6.546
6.579
6.634
6.342
6.34
6.342
6.384
6.19
6.404
6.087
6.335
6.476
6.486
6.259
6.369
6.292
6.259
6.302
6.379
6.138
6.206
6.404
6.181
6.229
6.174
6.257
6.155
6.23
6.189
6.164
6.15
6.309
6.196
6.266
6.302
6.125
6.152
6.217
6.111
6.276
6.124
6.046
6.176
6.383
6.21
6.382
6.173
6.348
6.357
6.2
6.563
6.182
6.302
6.267
6.169
6.27
6.189
6.062
6.141
6.14
6.362
6.133
6.118
6.071
6.155
6.233
6.171
6.316
6.233
6.384
6.319
6.372
6.656
6.411
6.516
6.216
6.511
6.364
6.559
6.469
6.356
6.387
6.455
6.284
6.451
6.612
6.479
6.777
6.41
6.494
6.573
6.528
6.609
6.557
6.794
6.606
6.559
6.477
6.576
6.474
6.588
6.461
6.655
6.535
6.483
6.494
6.757
6.596
6.488
6.787
6.605
6.427
6.521
6.592
6.929
6.769
6.505
6.587
6.551
6.615
6.534
6.447
6.576
6.475
6.519
6.698
6.346
6.322
6.411
6.683
6.387
6.515
6.681
6.516
6.468
6.508
6.671
6.407
6.627
6.455
6.515
6.663
6.556
6.379
6.426
6.412
6.423
6.71
6.466
6.46
6.478
6.56
6.528
6.464
6.386
6.497
6.711
6.618
6.744
6.755
6.641
6.403
6.586
6.59
6.55
6.742
6.649
6.526
6.64
6.669
6.617
6.589
6.416
6.608
6.536
6.416
6.532
6.542
6.605
6.595
6.725
6.754
6.575
6.622
6.537
6.648
6.783
6.7
6.71
6.598
6.848
6.632
6.656
6.606
6.87
6.796
6.603
6.891
6.747
6.814
6.911
6.789
6.701
6.759
6.865
6.889
6.771
6.617
6.766
6.484
6.601
6.597
6.453
6.575
6.358
6.617
6.593
6.447
6.419
6.541
6.524
6.839
6.661
6.711
6.733
6.513
6.898
6.747
6.932
6.569
6.694
6.855
6.846
6.615
6.556
6.65
7.014
6.656
6.964
6.721
6.886
6.813
6.888
6.845
6.863
6.888
6.874
6.603
6.801
6.622
6.858
6.669
6.584
6.554
6.506
6.831
6.704
6.551
6.654
6.469
6.624
6.717
6.61
6.509
6.544
6.723
6.715
6.573
6.567
6.63
6.737
6.891
6.919
6.82
6.834
7.126
7.017
6.937
6.672
6.703
6.716
6.823
6.826
7.012
6.848
6.834
6.988
6.879
6.802
6.668
6.684
6.721
6.909
6.804
6.723
6.707
6.901
6.639
6.782
6.604
6.627
6.693
6.641
6.612
6.586
6.592
6.891
6.675
6.682
6.662
6.67
6.772
6.534
6.705
6.637
6.67
6.717
6.83
6.818
6.659
6.796
6.59
6.771
6.95
6.745
6.957
6.683
6.696
6.753
6.772
6.916
6.807
6.935
7.036
6.955
6.622
6.721
7.03
6.814
6.749
6.992
6.848
6.75
6.983
6.847
6.947
7.068
6.931
6.836
6.804
7.104
6.953
6.97
6.834
6.808
6.89
6.815
6.832
6.984
6.938
6.913
6.886
6.954
6.76
7.019
6.979
6.883
7.131
6.852
7.086
6.953
6.826
6.807
6.913
6.969
7.019
7.019
7.037
6.863
6.681
6.858
6.944
6.976
7.161
6.794
6.738
6.741
6.761
6.676
6.91
6.761
6.908
7.076
7.048
6.998
7.2
7.046
7.146
6.946
6.734
7.002
7.116
6.954
6.859
6.911
6.882
7.046
6.748
6.886
6.761
6.991
6.935
6.753
6.809
6.847
6.649
6.749
6.933
6.921
7.024
6.839
6.671
6.912
6.773
7.071
6.743
6.765
6.888
6.82
7.089
6.93
6.83
6.721
6.896
7.105
7.071
6.94
6.929
6.947
7.095
7.123
6.875
6.995
6.935
6.946
7.126
6.858
6.952
6.939
6.942
6.981
6.998
6.968
6.871
6.831
7.059
6.864
6.628
7.058
6.91
7.055
7.147
7.296
7.251
7.209
7.319
6.976
7.088
7.08
7.043
7.053
7.228
7.385
7.207
6.967
7.106
7.181
7.218
6.856
6.89
6.855
7.013
7.003
6.949
7.043
6.944
7.022
6.902
6.869
7.111
6.939
7.113
7.224
7.143
6.886
6.957
6.803
6.818
6.845
6.839
6.882
6.843
6.861
6.938
6.793
7.038
6.854
6.956
6.744
6.909
6.797
6.922
6.842
6.891
6.983
7.092
6.851
6.805
7.098
6.92
7.048
6.909
7.113
6.884
7.15
6.89
6.962
6.839
6.778
6.896
6.773
6.834
7.05
6.83
6.812
6.839
6.831
6.787
6.722
6.737
6.932
6.959
6.735
6.916
7.231
6.944
6.756
6.819
6.864
6.871
6.834
6.836
7.032
6.992
6.944
6.694
6.802
6.596
6.877
6.961
6.826
6.85
6.839
6.855
6.814
6.91
6.948
6.69
6.593
6.782
6.901
6.962
6.945
6.86
6.739
7.045
6.669
6.837
6.716
6.695
6.883
6.778
6.726
6.86
6.817
6.864
6.903
7.075
6.611
6.808
6.635
6.714
6.88
6.589
6.619
6.589
6.797
7.012
6.974
6.786
7.018
6.745
6.698
6.813
6.838
6.686
6.86
6.662
6.807
6.841
6.698
6.761
6.836
6.926
6.758
6.759
6.93
6.734
7.026
7.187
6.864
7.06
6.852
6.774
6.667
6.878
6.837
6.813
6.788
7.054
6.95
6.959
6.806
7.187
6.649
6.726
6.83
6.809
6.899
7.015
6.765
6.627
6.729
6.827
6.881
7.083
6.753
6.758
6.781
6.946
6.851
6.904
6.854
6.826
7.072
6.886
7.237
6.937
7.136
6.969
7.165
6.876
6.881
6.995
6.963
6.971
7.002
7.159
7.08
6.961
7.135
6.988
7.119
7.168
7.149
7.344
7.225
7.176
7.006
7.042
6.858
7.264
7.014
6.921
6.995
6.795
6.667
6.917
6.851
6.976
6.828
6.674
6.823
6.839
6.813
6.944
6.907
7.03
6.894
7.175
7.09
7.178
7.088
7.123
7.0
7.089
6.913
7.059
6.757
6.923
6.875
6.948
6.702
6.77
6.977
6.828
6.846
7.092
6.896
7.0
6.786
7.085
6.914
6.728
6.992
6.71
6.778
6.885
6.8
6.966
6.97
6.864
7.1
6.905
7.04
7.069
7.04
6.959
6.866
6.878
7.099
6.894
6.844
7.077
6.837
7.006
6.864
7.1
6.903
6.944
6.829
6.817
6.711
6.826
6.741
6.736
6.673
6.548
6.715
6.816
6.723
7.012
6.686
6.58
6.927
6.758
6.82
6.803
7.037
6.961
6.786
6.776
6.812
6.818
6.927
6.821
6.859
7.112
6.96
6.889
6.759
6.786
6.655
6.705
6.862
7.138
6.781
6.918
6.696
6.934
7.165
6.739
7.062
6.711
6.73
6.8
6.941
6.812
6.823
6.888
6.903
6.917
6.909
6.767
6.917
6.814
6.801
6.884
6.803
6.798
6.793
6.942
6.973
6.912
6.869
6.882
7.31
7.032
7.103
6.946
7.028
7.028
6.95
7.011
6.984
7.116
6.85
6.838
6.961
6.858
7.059
6.842
6.971
6.85
6.891
6.925
7.204
6.964
7.036
6.944
6.906
6.947
7.009
7.016
7.182
6.877
6.957
6.981
6.957
6.851
6.917
6.968
6.891
6.875
6.906
6.819
6.743
6.873
6.806
6.83
7.005
6.775
7.062
6.88
6.922
7.048
6.974
6.932
6.825
6.859
6.97
6.748
7.008
6.833
6.634
6.801
6.746
6.931
6.765
6.985
6.873
6.869
6.822
6.819
6.788
6.87
6.883
7.16
7.002
6.785
7.018
7.259
6.919
6.944
6.724
6.924
6.724
6.913
6.726
6.825
6.747
6.673
7.022
6.889
6.815
6.724
6.814
6.657
6.68
6.558
6.709
6.779
6.814
6.747
6.641
6.857
6.776
7.072
7.09
7.168
7.275
7.249
7.032
7.068
7.139
6.961
7.188
6.939
6.939
6.808
6.963
6.888
6.76
6.934
6.955
6.767
6.75
6.664
6.729
6.89
6.967
6.898
6.839
6.945
6.894
6.978
6.857
6.705
6.977
6.789
6.759
6.736
7.059
6.836
6.985
7.006
6.938
6.654
6.754
6.919
6.868
6.926
6.907
6.744
6.917
6.988
6.962
6.853
7.009
6.896
6.878
6.861
6.895
6.956
7.026
6.858
6.75
6.95
6.848
6.797
6.894
6.928
6.977
6.801
6.949
7.046
6.941
6.892
6.808
6.893
6.853
6.992
7.093
7.035
6.797
6.969
6.883
6.893
6.858
7.121
7.025
6.979
6.979
6.987
7.055
6.946
6.894
6.811
6.796
6.848
6.967
6.911
6.912
6.891
6.936
6.96
6.901
6.762
6.911
6.873
6.964
6.766
7.008
6.839
6.702
6.932
6.753
6.955
6.827
6.902
6.903
6.848
6.817
6.868
6.894
7.006
6.786
6.914
6.678
6.87
6.828
6.754
6.787
6.871
6.837
6.807
6.819
6.96
6.713
6.851
6.581
6.721
6.8
6.761
6.933
6.736
6.748
6.889
6.773
6.635
6.71
6.686
6.858
6.785
6.699
6.601
6.818
6.625
6.814
6.593
6.787
6.867
6.939
6.702
6.75
6.919
6.759
6.956
6.851
6.774
6.821
6.828
6.635
6.621
6.841
6.732
6.647
6.73
6.854
7.014
6.85
7.022
6.784
6.668
6.954
6.833
6.944
6.927
7.023
6.906
6.849
7.02
7.026
6.941
6.879
6.764
6.896
7.019
6.839
7.063
6.747
6.826
6.823
6.86
6.83
6.824
6.911
7.056
6.828
6.792
6.852
7.009
6.914
6.908
7.009
6.721
6.728
6.748
6.796
6.839
6.786
6.903
6.967
6.963
6.798
6.805
6.871
6.822
6.716
6.576
6.657
6.516
6.549
6.582
6.723
6.751
6.668
6.764
6.662
6.764
6.718
6.758
6.918
6.688
6.828
6.771
6.966
6.84
6.927
6.845
6.726
6.75
7.036
6.785
6.521
6.601
6.711
6.747
6.604
6.643
6.753
6.66
6.747
6.927
6.704
6.725
6.631
7.01
6.877
6.775
6.876
6.85
6.895
6.874
6.898
6.816
6.907
6.849
6.797
6.865
7.007
7.044
7.12
6.976
6.962
7.16
7.24
7.347
7.074
7.155
6.924
6.92
6.957
6.883
6.99
7.026
7.176
7.126
7.119
7.088
7.129
7.268
7.426
7.28
7.345
7.153
7.213
7.261
7.278
7.114
7.383
7.249
7.18
7.124
7.289
7.106
7.142
7.23
7.171
7.153
7.43
7.142
7.302
7.272
7.16
7.235
7.168
7.176
7.023
7.055
7.114
6.978
7.305
7.135
7.1
7.178
7.061
7.05
6.991
7.188
6.982
7.022
7.107
6.989
6.938
6.945
7.06
6.816
6.933
6.9
6.964
7.034
7.099
7.012
6.973
6.989
6.977
7.02
7.228
7.189
7.152
7.256
7.311
7.101
7.152
7.19
7.009
7.114
7.197
7.079
7.066
7.101
6.959
6.952
6.862
7.025
6.838
7.209
7.233
6.977
7.123
7.325
7.022
7.104
7.184
7.41
7.393
7.533
7.235
7.331
7.351
7.589
7.422
7.41
7.381
7.371
7.415
7.4
7.66
7.009
7.074
6.963
6.972
7.095
7.072
7.002
6.876
6.852
6.861
6.868
7.099
7.25
7.138
7.226
7.088
7.087
6.871
7.02
6.952
6.97
7.03
7.072
6.908
7.094
7.002
7.038
6.821
6.849
6.868
6.991
6.861
6.972
6.91
6.986
6.691
6.76
6.765
6.74
6.553
6.783
6.722
6.661
6.85
7.071
6.953
7.149
7.121
6.999
7.122
6.984
6.889
7.074
6.871
7.056
7.046
7.13
6.944
7.062
6.846
6.867
6.919
7.007
7.015
6.982
6.999
6.943
6.845
6.822
6.944
6.866
7.1
7.092
7.077
6.9
6.906
6.962
7.136
7.12
7.087
6.993
7.129
7.028
7.118
7.031
6.93
7.045
7.061
7.207
7.136
7.121
7.107
7.1
6.972
7.302
7.29
7.038
7.261
7.014
7.016
7.11
7.074
6.959
6.989
7.114
6.959
6.932
7.155
7.005
6.854
6.968
7.058
7.214
7.018
6.919
7.313
7.147
7.226
7.133
7.154
7.253
7.026
7.05
7.001
7.275
7.11
7.162
6.913
7.002
6.9
6.954
6.865
6.796
6.857
6.88
6.885
6.926
6.878
6.95
6.928
6.87
6.802
6.848
6.956
6.859
6.845
6.785
6.766
6.699
6.787
6.742
6.87
6.906
6.838
6.942
6.793
6.736
6.639
6.616
6.951
6.828
6.802
6.889
6.667
6.663
6.582
6.709
6.97
6.761
6.822
6.791
6.79
6.857
6.925
6.777
6.772
6.817
6.731
6.86
6.865
6.879
6.805
6.795
6.923
6.891
6.893
6.873
6.869
6.703
6.965
6.881
6.759
6.868
6.87
6.84
6.721
6.954
6.987
6.816
6.604
6.677
6.6
6.62
6.727
6.714
6.813
6.83
6.677
6.71
6.849
6.705
6.858
6.83
6.768
6.66
6.768
6.784
6.747
6.6
6.594
6.779
6.54
6.902
6.794
6.698
6.702
6.675
6.679
6.723
6.772
6.825
6.74
6.728
6.712
6.657
6.921
6.821
6.756
6.71
6.599
6.494
6.684
6.8
6.56
6.794
6.762
6.662
6.678
6.653
6.683
6.704
6.691
6.757
6.876
6.778
6.721
6.891
6.728
6.727
6.809
6.888
6.813
6.802
6.889
6.812
6.985
6.966
6.798
7.004
7.031
6.896
6.813
6.802
6.837
6.836
6.999
6.914
6.801
7.04
6.961
6.896
6.707
6.902
6.808
6.86
7.018
6.971
6.956
6.82
6.88
6.792
6.988
6.893
6.882
6.857
6.874
6.806
6.998
6.967
6.973
6.881
6.739
6.766
6.822
6.79
6.886
6.836
6.796
6.792
6.724
6.815
6.899
6.768
6.67
6.882
6.676
6.758
6.709
6.731
6.754
6.806
6.858
6.843
6.871
6.936
6.926
6.983
6.867
6.947
7.038
7.065
6.938
7.187
6.943
7.12
7.131
7.195
7.133
7.039
7.02
6.875
7.11
7.084
7.02
7.011
7.081
7.15
7.073
7.151
6.986
6.936
6.908
6.885
6.969
6.925
7.099
6.818
6.976
6.98
7.118
7.127
7.02
7.117
7.226
7.263
7.088
7.223
7.091
7.105
6.795
7.073
7.269
7.104
7.139
6.829
6.994
6.949
7.09
6.967
7.241
6.93
7.1
7.158
7.061
6.973
7.194
6.989
6.951
7.263
6.913
6.866
6.942
6.547
6.248
6.208
6.077
6.114
6.235
6.146
6.092
6.062
6.238
6.512
6.461
6.594
6.651
6.533
6.554
6.529
6.546
6.705
6.731
6.826
6.762
6.754
6.635
6.666
6.816
6.648
6.737
6.612
6.788
6.631
6.609
6.54
6.588
6.72
6.693
6.809
6.761
6.678
6.519
6.662
6.537
6.404
6.603
6.584
6.774
6.64
6.638
6.632
6.624
6.844
6.944
6.883
7.02
6.838
6.808
6.867
6.88
6.887
6.942
6.884
6.73
6.928
6.87
6.789
7.146
7.044
7.138
7.007
6.862
6.895
6.839
6.976
7.066
7.031
6.925
6.883
6.952
7.204
6.895
6.981
6.918
7.03
6.85
7.07
7.011
6.905
6.852
7.043
7.012
7.085
6.875
7.014
6.88
7.14
7.044
7.165
6.982
6.918
6.976
7.099
7.117
7.255
7.24
7.146
7.023
7.214
6.939
7.163
7.089
7.117
7.17
7.29
7.09
7.141
7.372
7.138
7.291
7.419
7.201
7.243
7.075
7.271
7.199
7.218
7.162
7.224
7.26
7.386
7.136
7.491
7.331
7.172
7.38
7.263
7.3
7.143
7.108
7.108
7.236
7.165
7.221
7.281
7.317
7.235
7.365
7.137
7.322
7.317
7.292
7.376
7.241
7.464
7.423
7.662
7.513
7.47
7.451
7.568
7.545
7.5
7.679
7.568
7.365
7.402
7.409
7.449
7.48
7.517
7.45
7.349
7.358
7.338
7.379
7.371
7.357
7.374
7.365
7.449
7.419
7.345
7.447
7.351
7.458
7.471
7.42
7.634
7.502
7.362
7.528
7.418
7.487
7.502
7.467
7.467
7.417
7.277
7.374
7.658
7.376
7.285
7.316
7.496
7.324
7.348
7.3
7.425
7.211
7.301
7.385
7.376
7.285
7.327
7.319
7.317
7.388
7.345
7.527
7.298
7.355
7.441
7.423
7.221
7.48
7.365
7.33
7.553
7.533
7.361
7.471
7.495
7.429
7.444
7.496
7.515
7.448
7.548
7.437
7.279
7.391
7.336
7.473
7.384
7.596
7.485
7.351
7.404
7.656
7.4
7.566
7.355
7.778
7.43
7.593
7.437
7.48
7.478
7.61
7.605
7.417
7.458
7.455
7.428
7.454
7.242
7.238
7.445
7.6
7.312
7.573
7.366
7.398
7.309
7.157
7.253
7.381
7.416
7.297
7.288
7.181
7.233
7.104
7.32
7.439
7.171
7.398
7.324
7.145
7.361
7.357
7.46
7.422
7.509
7.351
7.382
7.614
7.426
7.685
7.322
7.261
7.298
7.525
7.348
7.437
7.259
7.428
7.378
7.435
7.405
7.271
7.637
7.412
7.544
7.492
7.545
7.389
7.292
7.284
7.344
7.352
7.361
7.407
7.36
7.273
7.221
7.313
7.365
7.29
7.514
7.174
7.265
7.51
7.262
7.436
7.345
7.231
7.352
7.462
7.285
7.475
7.322
7.529
7.411
7.615
7.386
7.448
7.548
7.445
7.442
7.166
7.254
7.39
7.439
7.408
7.411
7.195
7.202
7.483
7.425
7.361
7.237
7.351
7.391
7.266
7.639
7.544
7.692
7.656
7.44
7.678
7.452
7.446
7.674
7.517
7.651
7.486
7.598
7.676
7.807
7.697
7.572
7.461
7.763
7.618
7.541
7.41
7.651
7.508
7.673
7.578
7.418
7.621
7.394
7.69
7.422
7.475
7.64
7.485
7.577
7.791
7.467
7.799
7.888
7.267
7.595
7.652
7.541
7.494
7.344
7.548
7.496
7.57
7.709
7.714
7.775
8.085
7.467
7.713
7.909
7.85
7.56
7.61
7.585
7.696
7.708
7.54
7.753
7.714
7.527
7.58
7.814
7.708
7.732
7.835
7.664
7.481
7.688
7.694
7.622
7.684
7.641
7.751
7.647
7.703
7.691
7.893
7.604
7.627
7.719
7.686
7.76
7.776
7.714
7.57
7.497
7.589
7.691
7.58
7.739
7.598
7.508
7.649
7.677
7.804
7.825
8.029
7.708
7.788
7.878
7.986
7.832
7.766
7.847
7.487
7.713
7.484
7.719
7.813
7.712
7.678
7.805
7.805
7.707
7.736
7.784
7.735
7.707
7.754
7.83
7.789
7.553
7.754
7.883
7.74
7.679
7.61
7.637
7.428
7.696
7.279
7.276
7.315
7.221
7.436
7.085
7.168
7.054
6.961
7.057
7.14
7.146
7.07
7.142
7.188
7.274
7.225
7.235
7.267
7.372
7.262
7.271
7.474
7.58
7.374
7.366
7.16
7.355
7.367
7.41
7.61
7.403
7.603
7.532
7.661
7.512
7.476
7.433
7.719
7.76
7.645
