103.68982370328814	0.2	5.5	1
389.57726147813634	0.8	15.0	1
1292.4179790469243	1.0	52.5	1
2356.14493202816	0.6	12.5	1
3503.7090174945533	0.2	4.5	1
4752.700178788881	0.4	7.1	1
6131.971107129273	0.4	9.1	1
7693.439649541226	0.8	15.0	1
9362.105806024738	0.4	7.5	1
11118.379633237035	0.2	4.7	1
13027.769157618153	0.6	11.9	1
15024.766352728055	0.2	4.7	1
17160.69912224946	0.4	9.7	1
19403.829505842426	0.4	7.5	1
22705.308353365308	1.0	90.0	1
26081.19798776428	0.2	4.0	1
29561.399967113	0.4	7.3	1
33166.11117526416	0.4	8.7	1
36936.888977656854	0.6	12.9	1
40843.71708533924	0.4	9.5	1
44888.11981370319	0.6	10.7	1
49114.720156138705	0.8	15.0	1
53471.60026562028	0.4	9.1	1
57958.76014214793	0.4	9.1	1
62584.85559308707	0.4	9.7	1
67364.06674119504	0.6	11.9	1
72262.01657986183	0.4	8.3	1
77255.11516574465	0.2	5.1	1
82375.60824955172	0.4	8.9	1
87591.25008057483	0.2	5.1	1
92931.40114040037	0.4	8.7	1
98445.38933271107	0.6	13.5	1
104091.77178687426	0.6	10.3	1
109868.43400808351	0.4	9.1	1
115760.94965072976	0.4	8.1	1
121814.35152878845	0.6	12.5	1
128018.27892460143	0.6	11.7	1
134317.35506763044	0.2	5.1	1
140707.80941963187	0.2	4.9	1
147241.01875114394	0.6	11.1	1
153878.54042760577	0.4	7.3	1
160645.86618650553	0.6	10.1	1
167558.5371043305	0.6	11.3	1
174581.29090534884	0.4	7.7	1
181741.61932704874	0.6	10.7	1
189037.99805403835	0.4	9.5	1
196516.5743950995	0.8	15.0	1
204161.2173304022	0.6	12.9	1
211944.7958401164	0.4	9.7	1
219852.88357863302	0.4	8.7	1
227873.93946946485	0.4	7.9	1
236036.81620382998	0.4	9.9	1
244373.53007068028	0.6	13.5	1
252761.088860384	0.2	2.75	1
261232.7631111848	0.4	5.9	1
269814.52024517895	0.4	7.7	1
278529.442415341	0.4	9.3	1
287426.56219957455	0.8	15.0	1
296461.2566044897	0.6	10.7	1
305626.23077645095	0.4	9.1	1
314936.55010733736	0.6	11.3	1
324394.80477656354	0.6	11.5	1
333977.5686745921	0.4	8.7	1
343679.07126317953	0.4	8.3	1
353505.0830805694	0.4	8.7	1
363455.60412676167	0.4	8.7	1
373519.0933252691	0.4	7.9	1
383725.33750328724	0.6	11.1	1
393958.8607401361	0.2	1.5	1
405250.7324409149	1.0	90.0	1
416724.8017557653	0.8	15.0	1
428372.7082031008	0.6	13.5	1
440150.89441748237	0.4	9.1	1
452095.1472261055	0.6	12.9	1
464656.35331452254	1.0	52.5	1
477305.1670736684	0.2	4.7	1
490096.73581232486	0.6	11.1	1
503946.6530149113	1.0	90.0	1
518854.9186814276	1.0	90.0	1
533911.1196862836	0.6	11.5	1
549051.1578236249	0.2	4.5	1
564265.6067478422	0.2	4.0	1
579617.630292741	0.6	10.7	1
595151.8514517115	0.8	15.0	1
610773.0733409008	0.4	6.1	1
626489.4439773061	0.2	5.1	1
642336.0943807575	0.4	9.1	1
658313.024551255	0.4	9.1	1
674379.8407210932	0.4	6.3	1
690579.0511527839	0.6	10.3	1
706865.2623146934	0.4	6.1	1
723254.1633003062	0.2	5.5	1
739750.2618999905	0.4	7.5	1
756394.2958380146	0.6	11.5	1
773180.150619572	0.4	9.9	1
790107.8262446627	0.4	9.9	1
807142.699483825	0.4	7.5	1
824794.5260027812	1.0	52.5	1
843063.3058015314	1.0	52.5	1
861472.2504003777	0.6	10.9	1
880023.9499787346	0.6	11.1	1
898736.535792504	0.6	12.5	1
917579.4013733194	0.4	9.1	1
936449.5460129656	0.2	1.5	1
955403.8061137089	0.4	5.9	1
974975.0194942461	1.0	52.5	1
994662.0862962203	0.4	8.1	1
1014490.9739417279	0.4	9.9	1
1034370.7065100889	0.2	2.75	1
1054301.2840013034	0.2	2.75	1
1074362.1412595639	0.4	9.1	1
1094834.1931219809	0.8	33.75	1
1115448.0658279313	0.4	9.9	1
1136196.9229751485	0.6	10.5	1
1157047.2071981938	0.4	7.1	1
1177996.4107066987	0.2	5.3	1
1199111.6808094452	0.6	12.9	1
1221064.6017840537	1.0	71.25	1
1243101.638219759	0.4	5.9	1
1265263.183884267	0.4	8.7	1
1287526.1566246029	0.4	7.1	1
1309888.0486503984	0.2	5.3	1
1332348.8599616536	0.2	5.3	1
1354908.5905583685	0.2	5.3	1
1377621.436852252	0.6	11.9	1
1400361.5622049666	0.2	1.5	1
1423267.7541519224	0.6	12.9	1
1447232.2945628082	1.0	90.0	1
1471344.7703120338	0.6	11.5	1
1496074.1993410534	1.0	52.5	1
1520931.0228679972	0.4	8.9	1
1546199.0409990975	0.8	33.75	1
1571614.9944685376	0.6	11.5	1
1597123.7192064403	0.4	6.5	1
1623470.0948162049	1.0	71.25	1
1649900.3075584546	0.2	4.5	1
1676423.2915691668	0.4	6.5	1
1703062.129001316	0.4	8.1	1
1729811.0493166584	0.4	7.7	1
1756742.1672460726	0.8	15.0	1
1784510.9360473487	1.0	71.25	1
1812395.5582700616	0.4	8.1	1
1840428.1158311144	0.6	11.5	1
1868570.7562753605	0.4	7.7	1
1897330.3499994006	1.0	52.5	1
1926272.1413375123	0.8	15.0	1
1955348.917116891	0.6	10.5	1
1985263.3437681315	1.0	71.25	1
2015351.6075518571	0.6	13.5	1
2045622.0689496545	0.8	15.0	1
2076030.1049681334	0.6	10.7	1
2106562.650215415	0.4	8.7	1
2137190.3442099122	0.2	5.1	1
2167902.1536655067	0.4	5.9	1
2199025.157725258	0.8	33.75	1
2230232.277246106	0.4	5.9	1
2261574.381208221	0.6	10.5	1
2293061.8303292613	0.6	11.3	1
2324702.3951474703	0.6	11.9	1
2356426.7970981644	0.2	4.5	1
2388333.39666293	0.8	15.0	1
2420376.0465329853	0.4	9.5	1
2452571.8121002098	0.6	11.9	1
2484920.693364603	0.6	11.9	1
2517379.6575121894	0.4	7.7	1
2549971.7866959437	0.4	9.3	1
2582704.0806797943	0.6	10.9	1
2615584.3100019847	0.6	11.5	1
2648615.0648419294	0.6	11.7	1
2681787.640525407	0.4	9.9	1
2715076.069630322	0.4	8.1	1
2748512.4340735767	0.6	11.5	1
2782107.094572829	0.6	12.3	1
2815852.2805898357	0.6	11.7	1
2849753.172483426	0.6	12.1	1
2883790.114682306	0.4	9.5	1
2918009.2544952575	0.8	15.0	1
2952373.7394671342	0.6	11.3	1
2986856.96312957	0.4	8.3	1
3021503.663206832	0.6	12.7	1
3056293.118263605	0.6	11.1	1
3091493.7679245346	0.8	33.75	1
3126804.5004686574	0.4	7.7	1
3162289.0701452657	0.6	13.5	1
3197876.329645577	0.2	5.5	1
3233562.508431348	0.2	5.3	1
3269378.491299557	0.6	10.1	1
3305278.589628863	0.4	5.9	1
3342237.036422099	1.0	90.0	1
3379328.648251503	0.4	9.3	1
3416594.0972133917	0.6	13.5	1
3453952.3174437433	0.4	6.5	1
3491417.7352881664	0.4	7.5	1
3529033.678650344	0.6	11.7	1
3566762.5901648365	0.4	7.9	1
3604575.3388118143	0.2	4.5	1
3642524.137764082	0.4	9.5	1
3680602.740798787	0.6	10.1	1
3718816.3282747595	0.6	10.5	1
3757177.8510890715	0.6	11.5	1
3795590.218826237	0.2	2.75	1
3834109.784177474	0.4	7.5	1
3872728.268814171	0.2	5.3	1
3911474.147948792	0.4	8.9	1
3950356.077388703	0.4	9.5	1
3989348.0897118067	0.4	7.7	1
4028414.512821787	0.2	4.0	1
4067599.674622326	0.4	8.3	1
4106887.5262465687	0.2	5.5	1
4146270.526618027	0.2	5.1	1
4185793.6917895814	0.6	10.9	1
4225419.54678484	0.2	5.5	1
4265206.28801551	0.6	12.5	1
4305830.680118042	1.0	71.25	1
4346588.237256742	0.4	9.3	1
4387504.09045144	0.6	12.3	1
4429036.896925932	1.0	52.5	1
4470733.17981525	0.6	12.7	1
4512456.7417634	0.2	1.5	1
4554307.698209474	0.4	8.9	1
4596233.065442423	0.2	4.0	1
4638288.236757811	0.6	10.1	1
4680427.523534296	0.4	5.9	1
4722709.565290292	0.6	11.1	1
4765110.345736846	0.4	8.3	1
4808569.474647331	1.0	90.0	1
4852121.374826278	0.4	6.5	1
4895783.357888417	0.4	7.7	1
4939538.11221902	0.4	6.5	1
4983402.949432815	0.4	7.7	1
5027380.754798926	0.4	7.9	1
5071532.397297523	0.6	13.5	1
5115794.122679313	0.4	7.7	1
5160139.9635222	0.4	5.9	1
5204593.001979158	0.4	7.5	1
5249133.648106845	0.2	4.7	1
5293758.409695629	0.4	5.9	1
5338518.15572568	0.6	10.5	1
5383460.099369803	0.8	15.0	1
5428493.421222899	0.2	4.9	1
5473685.0391319925	0.6	12.3	1
5518960.772502183	0.4	5.9	1
5564374.080493054	0.6	10.7	1
5609943.09436051	0.6	12.1	1
5655613.535303793	0.4	7.1	1
5701695.1708512325	0.8	33.75	1
5747935.10245467	0.6	12.3	1
5794338.510472935	0.6	12.7	1
5840843.345567027	0.4	7.1	1
5887399.025583973	0.2	2.75	1
5934097.46058043	0.6	11.1	1
5980978.093190958	0.8	15.0	1
6027960.152877314	0.4	7.1	1
6075559.165843464	1.0	52.5	1
6123250.950078077	0.4	6.5	1
6171049.931926761	0.4	7.5	1
6219002.029472614	0.6	11.9	1
6267056.8168421695	0.2	5.5	1
6315162.449134579	0.2	2.75	1
6363397.885509427	0.6	10.1	1
6411736.011707977	0.2	5.5	1
6460209.122347795	0.6	10.5	1
6508777.381734829	0.2	5.1	1
6557470.150350666	0.4	8.7	1
6606213.763889356	0.2	2.75	1
6655052.5261752615	0.2	5.1	1
6704012.912420847	0.4	8.5	1
6753136.775081261	0.6	12.7	1
6802416.343618258	0.6	12.1	1
6851779.749287739	0.2	4.5	1
6901280.729577903	0.6	10.7	1
6950886.022213016	0.4	7.3	1
7000575.430309226	0.4	5.9	1
7050417.954102605	0.6	11.9	1
7101318.826359914	1.0	90.0	1
7152246.9776760535	0.2	1.5	1
7203202.408051024	0.2	1.5	1
7254250.609694458	0.4	6.5	1
7305436.385958572	0.6	10.7	1
7356732.24510588	0.4	7.7	1
7408129.531329016	0.4	7.1	1
7459657.097319198	0.4	9.1	1
7511358.500441865	0.6	13.5	1
7563220.7897999445	0.6	12.5	1
7615216.244194192	0.4	9.3	1
7667298.699318659	0.4	6.1	1
7719511.434210171	0.4	9.1	1
7771837.137253999	0.4	7.9	1
7824270.0379118975	0.4	7.5	1
7876753.78349265	0.2	2.75	1
7929356.267763961	0.4	8.3	1
7982140.949649344	0.8	15.0	1
8035099.468667212	0.6	13.5	1
8088191.152721248	0.4	9.3	1
8142120.487647146	1.0	71.25	1
8196152.512396747	0.2	5.5	1
8250306.1611060295	0.4	8.5	1
8304555.466352896	0.4	6.7	1
8358888.887060859	0.4	5.9	1
8413296.718555698	0.2	4.0	1
8467731.829109369	0.2	1.5	1
8522265.858948499	0.2	5.3	1
8576895.037534844	0.2	5.1	1
8632582.56458512	1.0	90.0	1
8688406.141940685	0.4	9.5	1
8744336.916910322	0.4	7.5	1
8800386.430570519	0.4	8.3	1
8856576.109030811	0.6	10.9	1
8912947.985105174	0.8	15.0	1
8969453.026215704	0.4	9.3	1
9026795.718198098	1.0	71.25	1
9084165.689239323	0.2	1.5	1
9141627.038489519	0.2	4.9	1
9199195.585353786	0.4	7.5	1
9256901.706838736	0.6	10.7	1
9314753.173482612	0.6	11.3	1
9372729.149355289	0.4	8.7	1
9430887.322842037	0.8	15.0	1
9489180.480770053	0.6	10.5	1
9547561.246368797	0.2	4.7	1
9606037.668505127	0.4	6.7	1
9664647.255677624	0.4	9.3	1
9723349.614118584	0.4	6.5	1
9782173.596519222	0.4	8.5	1
9841101.891264813	0.4	7.3	1
9900154.695239205	0.4	8.7	1
9959352.844372522	0.6	11.3	1
10018666.846927276	0.4	8.1	1
10078113.243743883	0.6	10.3	1
10137687.035058415	0.4	8.9	1
10197350.712372286	0.4	6.3	1
10257196.58730023	0.8	15.0	1
10317161.200918732	0.4	8.3	1
10377299.65166972	0.6	13.5	1
10437540.79224441	0.2	5.5	1
10497937.638695683	0.6	12.1	1
10558422.092817686	0.2	4.7	1
10619088.744553762	0.8	15.0	1
10679905.92180759	0.6	11.7	1
10740856.264097588	0.4	9.3	1
10802217.800991742	0.8	33.75	1
10863712.502922062	0.4	9.3	1
10925357.730370138	0.6	11.7	1
10987030.236877043	0.2	1.5	1
11048786.580516433	0.2	4.5	1
11110635.695424287	0.4	6.5	1
11172648.286746968	0.6	12.7	1
11234752.256278621	0.2	4.9	1
11297006.751328029	0.6	11.7	1
11359363.936201138	0.2	5.5	1
11421884.597489076	0.6	12.7	1
11484523.997467572	0.4	8.3	1
11547293.201528506	0.6	10.1	1
11610202.570389537	0.6	10.9	1
11673241.743333006	0.6	10.1	1
11736897.869556269	1.0	52.5	1
11800720.062373772	0.6	12.9	1
11864669.6496892	0.4	8.9	1
11928801.434618698	0.8	15.0	1
11993051.958238756	0.4	8.3	1
12057450.417197155	0.6	11.5	1
12121876.155214384	0.2	1.5	1
12186436.87767288	0.6	10.5	1
12251153.30600796	0.6	12.1	1
12316002.899379209	0.4	9.3	1
12380879.771809287	0.2	1.5	1
12446594.295111228	1.0	71.25	1
12512482.655545652	0.6	13.5	1
12578473.70580378	0.2	5.5	1
12644612.691400249	0.6	11.5	1
12710858.874610787	0.4	7.5	1
12777722.011101121	1.0	52.5	1
12844717.541853307	0.6	10.3	1
12911876.54902032	0.6	12.7	1
12979168.721223501	0.4	9.3	1
13046556.549964266	0.4	6.7	1
13114071.773202956	0.4	8.9	1
13181720.161477813	0.4	9.3	1
13249487.28844323	0.4	8.3	1
13318312.763872577	1.0	90.0	1
13387975.890173785	1.0	71.25	1
13457766.410972917	0.4	8.9	1
13527691.916213317	0.6	10.5	1
13597799.619067788	0.8	15.0	1
13668524.275202053	1.0	52.5	1
13739344.080083534	0.2	5.1	1
13810251.492635744	0.2	4.7	1
13881304.250346879	0.6	11.3	1
13952441.12351911	0.4	5.9	1
14023696.7353819	0.4	8.3	1
14095076.856473492	0.4	8.7	1
14167073.930844879	1.0	52.5	1
14239181.08809946	0.4	7.7	1
14311389.672429867	0.4	7.1	1
14383737.192334687	0.4	9.7	1
14456171.712969726	0.4	6.1	1
14528745.169179177	0.4	9.7	1
14601479.51162404	0.6	12.5	1
14674341.248566827	0.4	8.9	1
14747287.100970712	0.4	5.9	1
14821070.604246458	1.0	71.25	1
14894945.485731177	0.2	4.9	1
14968894.77800277	0.2	4.0	1
15042939.219021581	0.2	5.1	1
15117131.59537873	0.6	11.5	1
15191351.25079471	0.2	1.5	1
15265718.841549031	0.6	11.5	1
15340244.728359351	0.6	12.3	1
15415828.963633599	1.0	90.0	1
15491505.97017631	0.4	6.5	1
15567307.485947823	0.4	8.7	1
15643247.937293747	0.4	9.7	1
15719279.766848644	0.2	4.9	1
15795438.990901466	0.4	8.9	1
15871740.035797821	0.4	9.9	1
15948177.130999466	0.4	9.5	1
16024735.850160792	0.4	8.5	1
16101429.553763384	0.6	10.5	1
16178253.061448414	0.6	10.1	1
16255179.258957148	0.2	5.5	1
16332215.539349075	0.4	7.7	1
16409335.9352021	0.4	5.9	1
16486549.102323586	0.4	6.5	1
16563836.68023195	0.2	4.0	1
16641260.3084456	0.4	9.5	1
16718802.675349811	0.4	8.3	1
16796443.96153948	0.2	5.3	1
16874203.98641971	0.4	8.3	1
16952111.94663828	0.6	11.5	1
17030129.98974004	0.4	7.7	1
17108277.83692424	0.6	10.1	1
17187263.3349803	1.0	71.25	1
17266341.604304828	0.4	6.5	1
17345541.497589033	0.4	8.5	1
17425579.0417451	1.0	71.25	1
17505752.63620646	0.4	9.5	1
17586025.149953276	0.2	5.3	1
17666432.648141358	0.6	10.5	1
17746975.13077071	0.6	10.5	1
17827652.597841326	0.6	10.5	1
17908947.01819174	1.0	52.5	1
17990329.04621288	0.2	4.7	1
18071798.68190475	0.2	4.7	1
18153352.154729106	0.2	4.5	1
18235001.284091044	0.4	6.7	1
18316795.75861191	0.6	11.3	1
18398680.119132116	0.4	6.3	1
18480704.64445242	0.6	10.9	1
18562831.859596424	0.2	5.5	1
18645057.994025886	0.2	5.3	1
18727383.04774081	0.2	5.3	1
18809782.512242608	0.2	4.0	1
18892268.977474626	0.4	6.1	1
18974900.78786557	0.6	11.3	1
19057642.681139708	0.4	7.7	1
19140540.28029043	0.6	12.1	1
19223550.847593464	0.4	7.9	1
19306680.15358706	0.4	8.3	1
19389897.06725138	0.2	4.7	1
19473216.67073941	0.2	5.5	1
19556689.389924604	0.6	11.9	1
19640286.618338604	0.4	8.7	1
19724036.96244977	0.6	11.9	1
19807940.422258105	0.6	11.9	1
19891973.68614888	0.6	10.1	1
19976162.655916236	0.6	12.1	1
20060447.282221176	0.4	6.7	1
20144759.187584948	0.2	1.5	1
20229098.37200755	0.2	1.5	1
20314275.20730201	1.0	71.25	1
20399597.3877554	0.6	11.3	1
20485058.503783204	0.4	9.7	1
20571357.270682868	1.0	71.25	1
20657806.563100286	0.6	11.7	1
20744348.626786165	0.4	6.5	1
20831000.77335524	0.4	7.7	1
20917816.396339137	0.6	12.7	1
21004719.626993768	0.2	4.7	1
21091730.05526247	0.4	7.5	1
21178870.287613608	0.6	10.1	1
21267068.868428677	1.0	90.0	1
21355441.28637623	0.6	13.5	1
21443915.131399613	0.4	7.1	1
21532523.96086426	0.6	10.5	1
21621262.594411347	0.6	10.1	1
21710092.606167406	0.2	4.9	1
21799073.14344122	0.6	11.7	1
21888211.97677103	0.6	12.3	1
21977524.647233326	0.6	13.5	1
22066969.711957473	0.6	10.3	1
22156560.121840548	0.6	11.3	1
22246243.302992083	0.4	6.5	1
22336022.140681203	0.4	6.7	1
22425942.799213856	0.4	9.9	1
22515947.294878997	0.2	4.5	1
22606112.67677955	0.6	12.5	1
22696408.338447146	0.4	9.1	1
22786844.16491484	0.6	10.9	1
22877427.926720873	0.6	11.5	1
22968151.853327002	0.6	10.9	1
23058985.862816326	0.4	7.7	1
23149909.75830499	0.4	6.3	1
23240975.474637188	0.4	9.9	1
23332148.388583455	0.4	7.5	1
23423464.057509236	0.6	11.1	1
23514872.497703478	0.4	6.5	1
23606423.69287723	0.6	11.1	1
23698076.31512681	0.4	7.1	1
23789812.774508875	0.2	4.5	1
23882607.58235487	1.0	90.0	1
23975492.276200205	0.4	6.3	1
24068507.249812588	0.4	9.1	1
24162139.176704764	1.0	52.5	1
24255911.268397037	0.6	10.9	1
24349813.639856357	0.4	9.1	1
24443811.66785326	0.4	6.7	1
24537975.762444403	0.6	12.9	1
24632322.054649618	0.8	15.0	1
24726771.036678538	0.2	5.5	1
24821344.52793626	0.4	8.7	1
24916755.670065846	1.0	71.25	1
25012282.665616866	0.4	8.1	1
25107939.465250324	0.6	10.1	1
25203726.06896622	0.6	10.1	1
25299619.870296188	0.4	7.5	1
25395626.639778472	0.4	7.9	1
25491807.24639324	0.6	13.5	1
25588074.85373823	0.4	6.1	1
25684516.298215702	0.6	13.5	1
25781070.71084549	0.4	7.9	1
25877732.32108935	0.4	7.5	1
25974541.866671547	0.6	11.5	1
26071447.06879133	0.4	6.7	1
26169189.921782974	1.0	71.25	1
26267071.71034903	0.4	9.7	1
26365098.84407401	0.6	11.3	1
26463238.94595131	0.4	7.9	1
26561463.163289703	0.4	5.9	1
26659830.135607608	0.6	11.1	1
26758315.84661607	0.4	8.3	1
26856928.952122457	0.4	8.9	1
26955697.76350543	0.6	12.1	1
27054604.149509083	0.6	10.7	1
27153676.602106977	0.6	12.9	1
27252884.03914614	0.6	10.5	1
27352195.788530253	0.4	7.3	1
27451558.382837217	0.2	2.75	1
27551033.945296496	0.4	7.9	1
27650672.984170604	0.6	12.7	1
27750404.794313174	0.4	6.5	1
27850232.260993328	0.4	6.7	1
27950215.433550064	0.6	12.1	1
28051036.25697866	1.0	71.25	1
28151959.770230964	0.2	5.5	1
28253025.1043268	0.4	9.9	1
28354209.177113194	0.4	8.3	1
28455492.169185046	0.2	5.3	1
28556911.21156219	0.4	9.5	1
28658421.632148307	0.2	4.9	1
28760027.20148164	0.2	5.1	1
28861791.06687097	0.6	12.3	1
28963670.785681736	0.4	8.1	1
29065645.65323972	0.2	5.1	1
29167794.357930187	0.6	13.5	1
29270090.997958995	0.6	11.5	1
29372798.83259196	0.8	33.75	1
29475672.733819164	0.6	12.9	1
29578671.144275174	0.4	8.7	1
29681812.309710693	0.6	11.1	1
29785057.78749116	0.4	7.3	1
29889361.61373556	1.0	90.0	1
29993823.736035958	0.6	12.3	1
30098401.71175779	0.4	8.1	1
30203596.640759416	1.0	52.5	1
30308879.177431773	0.2	4.7	1
30414256.862851344	0.2	5.1	1
30519777.30325043	0.6	11.1	1
30625432.728090778	0.6	10.5	1
30731198.23581432	0.4	7.7	1
30837055.121746838	0.2	4.9	1
30943004.778947815	0.4	6.5	1
31049058.748493742	0.4	7.3	1
31155217.03038462	0.4	7.3	1
31261518.06725501	0.6	11.1	1
31367961.85910491	0.6	11.1	1
31474544.58652922	0.4	9.7	1
31581270.068933044	0.6	11.1	1
31688099.863681816	0.4	7.3	1
31795111.856044658	0.8	15.0	1
31902248.357636303	0.4	8.7	1
32009567.056842018	0.8	15.0	1
32117038.871744905	0.6	11.9	1
32224663.80234496	0.6	11.9	1
32332427.668519426	0.4	9.7	1
32440313.158653572	0.4	8.5	1
32548343.993946645	0.6	11.3	1
32656538.305654544	0.6	12.7	1
32764906.454494927	0.6	13.5	1
32873685.79793947	0.8	33.75	1
32983523.48984794	1.0	90.0	1
33093448.182486627	0.4	6.1	1
33203508.925430607	0.4	9.5	1
33313688.407065146	0.4	8.3	1
33423957.774699025	0.4	6.3	1
33534638.33693706	0.8	33.75	1
33645452.064211264	0.4	9.3	1
33756316.63640832	0.2	2.75	1
33867265.04573786	0.2	4.5	1
33978240.73412623	0.2	1.5	1
34089323.62012868	0.4	7.5	1
34200499.277399585	0.4	6.5	1
34311813.870244905	0.4	9.7	1
34423238.54597341	0.4	7.7	1
34534805.97668143	0.6	11.1	1
34646463.2933888	0.4	6.3	1
34758204.44722865	0.2	4.5	1
34870020.01185537	0.2	4.0	1
34981980.92164102	0.6	11.3	1
35094124.02904074	0.8	15.0	1
35206678.331044614	0.8	33.75	1
35319362.43713093	0.6	10.1	1
35432212.609811485	0.6	12.9	1
35545221.07854804	0.6	12.3	1
35658411.74489866	0.8	15.0	1
35771721.14993985	0.4	8.3	1
35885160.35906347	0.6	10.1	1
35998698.48747255	0.2	5.3	1
36112376.78068173	0.6	10.9	1
36226210.77976749	0.6	12.1	1
36340177.173115104	0.6	10.3	1
36454231.17413345	0.2	4.7	1
36568435.70066955	0.6	11.7	1
36682730.113204986	0.4	6.3	1
36798082.87420435	1.0	90.0	1
36913486.480126575	0.2	2.75	1
37029029.02162321	0.4	9.7	1
37144674.252943546	0.2	5.5	1
37260452.649300046	0.4	9.3	1
37376391.93189196	0.6	12.5	1
37492421.10048322	0.4	6.3	1
37608600.794592224	0.6	11.7	1
37724864.32583372	0.2	4.5	1
37841230.546898924	0.2	5.5	1
37957721.27719293	0.4	8.7	1
38074333.63144661	0.4	8.5	1
38191041.64223787	0.4	6.7	1
38307871.27698882	0.4	8.5	1
38424854.027436934	0.6	11.9	1
38541911.188671924	0.2	4.0	1
38659142.187039405	0.6	13.5	1
38776465.95667534	0.4	6.5	1
38893927.30093197	0.6	10.7	1
39011475.64591881	0.4	6.1	1
39129160.04121094	0.4	9.5	1
39247002.73255907	0.6	12.3	1
39364948.1137309	0.2	5.5	1
39483035.31574626	0.4	9.9	1
39601285.994176455	0.6	12.7	1
39719682.017765574	0.6	11.3	1
39838188.12423789	0.4	7.7	1
39956810.084131636	0.4	8.1	1
40076490.392489314	1.0	90.0	1
40197008.35171885	1.0	71.25	1
40317668.13179192	0.4	9.9	1
40438432.22420994	0.4	7.3	1
40559354.61268396	0.6	12.3	1
40680407.28092503	0.4	9.1	1
40801510.794088945	0.2	2.75	1
40922796.504866935	0.8	15.0	1
41044230.15098327	0.6	11.5	1
41165788.3063284	0.4	8.7	1
41287459.42982585	0.4	7.9	1
41409221.93153227	0.2	4.9	1
41531058.84402557	0.2	4.0	1
41653025.5606013	0.6	10.1	1
41775153.16341245	0.6	12.5	1
41897387.96383767	0.4	7.5	1
42019727.07660784	0.4	7.3	1
42143124.53784194	1.0	90.0	1
42266664.754055545	0.6	11.1	1
42390294.856268495	0.4	6.3	1
42514065.12328154	0.6	10.9	1
42637965.67006163	0.4	9.1	1
42762040.05397421	0.6	13.5	1
42886218.750231735	0.4	7.3	1
43010485.05415999	0.2	4.7	1
43134912.24432366	0.6	12.5	1
43259458.17317789	0.4	8.3	1
43384136.49629397	0.6	10.3	1
43508978.29582488	0.6	12.7	1
43633983.57177061	0.6	12.7	1
43759107.5864069	0.4	8.3	1
43884341.68392639	0.4	7.7	1
44009710.76588714	0.6	10.5	1
44135917.49871976	1.0	71.25	1
44263182.58001631	1.0	90.0	1
44390613.72790709	0.6	12.9	1
44518203.17185388	0.6	12.3	1
44645945.73149783	0.6	11.9	1
44774525.94201364	1.0	71.25	1
44903239.31756563	0.4	9.3	1
45032051.61240307	0.2	5.3	1
45160953.793239854	0.4	6.3	1
45289986.25384368	0.4	9.1	1
45419125.91206158	0.4	7.5	1
45548355.45627882	0.4	6.3	1
45678422.651367925	1.0	71.25	1
45808622.24071888	0.6	10.3	1
45938905.66720232	0.2	4.5	1
46069329.25848586	0.6	10.9	1
46199827.26055627	0.2	4.0	1
46330427.95245039	0.2	5.5	1
46461055.92340334	0.2	1.5	1
46591834.41987404	0.6	11.7	1
46722746.08138091	0.4	9.3	1
46853752.89163499	0.2	5.1	1
46984905.047048	0.6	11.3	1
47116189.59672286	0.6	10.3	1
47247598.65562653	0.4	8.7	1
47379163.42040677	0.6	12.1	1
47511345.13846682	1.0	52.5	1
47643622.00527408	0.2	5.1	1
47776017.610771894	0.4	8.3	1
47908505.987538174	0.4	6.5	1
48041611.31758425	1.0	52.5	1
48174872.35350691	0.6	12.1	1
48308294.27566498	0.6	12.5	1
48442774.54628698	1.0	90.0	1
48577394.98170907	0.6	10.9	1
48712178.89354599	0.6	12.7	1
48847098.85568821	0.4	9.5	1
48982166.75316876	0.6	11.5	1
49117645.84525347	0.8	33.75	1
49253175.78226103	0.2	2.75	1
49388858.83496576	0.6	11.9	1
49524705.36408532	0.6	12.7	1
49660647.54974246	0.4	6.7	1
49796745.441276185	0.6	12.1	1
49932996.44850708	0.6	11.9	1
50069346.37502343	0.2	5.3	1
50205835.2371142	0.4	9.7	1
50342466.85418448	0.6	11.1	1
50479264.537848994	0.6	12.9	1
50616210.15685185	0.6	11.5	1
50753288.17011656	0.6	10.3	1
50890498.57764312	0.6	10.3	1
51027833.49439848	0.4	8.7	1
51165242.82194072	0.2	4.0	1
51302789.724103644	0.6	10.7	1
51440484.56160491	0.6	11.5	1
51578230.24402902	0.2	2.75	1
51716068.6977216	0.4	6.5	1
51854008.578490004	0.4	7.1	1
51992049.88633424	0.4	7.1	1
52130178.8018492	0.2	4.7	1
52268445.29198485	0.6	10.7	1
52406867.48799708	0.6	12.1	1
52545393.99635425	0.4	7.3	1
52684102.7023255	0.8	15.0	1
52822899.01596748	0.2	4.7	1
52961858.80602428	0.6	12.7	1
53100908.48208043	0.4	6.3	1
53240045.76580731	0.2	4.7	1
53379278.706071764	0.4	6.7	1
53518595.761797324	0.4	5.9	1
53658034.44148256	0.4	8.5	1
53797586.08932011	0.4	7.9	1
53937290.85285483	0.6	11.9	1
54077612.56966935	1.0	52.5	1
54218551.23976366	1.0	52.5	1
54359663.74699046	0.6	13.5	1
54500906.05829969	0.6	10.1	1
54642272.87883773	0.4	8.7	1
54784256.65265556	1.0	52.5	1
54926331.80468236	0.2	4.9	1
55068539.35097101	0.6	10.3	1
55210830.73439215	0.2	4.5	1
55353249.51231121	0.4	8.9	1
55495763.438977495	0.2	5.1	1
55639115.016515635	1.0	71.25	1
55783304.24492564	1.0	71.25	1
55927656.94975047	0.6	12.7	1
56072102.42584376	0.4	6.5	1
56216680.296198905	0.6	10.3	1
56362095.817425914	1.0	71.25	1
56507922.533257075	0.8	33.75	1
56653844.397835456	0.2	5.1	1
56799893.65691176	0.4	8.9	1
56946070.31048599	0.4	8.9	1
57092420.8011927	0.6	13.5	1
57238919.22723775	0.6	11.5	1
57385559.47412634	0.4	9.9	1
57532315.57443636	0.4	8.1	1
57679178.87236045	0.4	7.5	1
57826182.33508465	0.6	10.9	1
57973273.405479565	0.2	4.7	1
58120459.624621704	0.2	5.1	1
58267779.00880001	0.4	9.3	1
58415208.475861505	0.4	7.7	1
58562820.140537076	0.8	15.0	1
58710592.691448055	0.6	12.5	1
58858449.07949152	0.2	4.5	1
59006332.74659382	0.2	1.5	1
59154346.217778556	0.6	10.1	1
59302481.31292297	0.4	8.5	1
59450709.17933585	0.4	6.5	1
59599011.4565356	0.2	4.0	1
59747448.71817662	0.6	10.5	1
59896026.14461774	0.6	10.9	1
60045220.52433865	1.0	52.5	1
60195031.85733935	1.0	52.5	1
60344894.03526291	0.2	2.75	1
60495593.86405833	1.0	71.25	1
60646383.57885309	0.4	6.3	1
60797308.27808912	0.6	10.5	1
60948351.716015704	0.4	8.3	1
61099496.58101812	0.4	7.1	1
61250728.44675075	0.4	6.1	1
61402116.01835997	0.6	12.1	1
61553656.705666356	0.6	11.9	1
61705333.44327803	0.4	9.5	1
61857131.804849386	0.4	8.5	1
62009029.085706204	0.2	5.3	1
62161071.71172194	0.6	11.3	1
62313209.4864849	0.2	5.1	1
62465479.65550971	0.6	10.3	1
62617887.3991552	0.6	10.7	1
62770382.14353091	0.4	6.1	1
62922981.20025157	0.4	7.3	1
63075720.42177233	0.6	10.9	1
63228575.496714525	0.4	8.1	1
63381534.884001665	0.4	7.3	1
63534642.206627145	0.6	11.5	1
63687837.13692336	0.2	4.7	1
63841082.912142426	0.2	2.75	1
63994470.50820503	0.4	9.9	1
64147995.678888306	0.6	10.7	1
64301661.01437168	0.6	10.9	1
64455459.51489122	0.4	9.3	1
64609356.93469623	0.2	5.3	1
64763391.92912191	0.6	10.7	1
64917477.76847045	0.2	2.75	1
65071724.4940544	0.6	12.5	1
65226073.90946205	0.2	5.5	1
65380474.169792555	0.2	2.75	1
65535712.08099493	1.0	71.25	1
65691361.18680145	0.8	33.75	1
65847129.03129853	0.4	8.3	1
66003027.15556266	0.4	9.1	1
66159032.477440864	0.4	7.5	1
66315156.53800962	0.4	8.3	1
66471416.64888367	0.4	9.5	1
66627789.727910034	0.4	7.9	1
66784264.23401223	0.4	7.1	1
66940876.31473511	0.6	10.7	1
67097644.101334564	0.6	12.1	1
67254562.41345178	0.6	11.7	1
67411644.20198381	0.6	12.7	1
67568838.95866816	0.4	7.9	1
67726871.36622438	1.0	71.25	1
67885010.97139467	0.4	7.5	1
68043260.65944816	0.4	7.7	1
68201620.43038483	0.4	7.7	1
68360138.4973775	0.6	12.3	1
68518792.61467546	0.4	9.5	1
68677545.65125889	0.2	5.3	1
68836394.34437989	0.4	6.7	1
68995403.9237363	0.6	12.5	1
69154824.69769688	0.8	33.75	1
69314329.58711855	0.4	5.9	1
69473995.36277564	0.6	12.5	1
69634278.09171252	1.0	52.5	1
69795619.16911332	1.0	90.0	1
69957070.32939732	0.4	7.7	1
70119138.44296111	1.0	52.5	1
70281296.44252425	0.4	6.3	1
70443599.78724632	0.6	11.3	1
70606520.08524817	1.0	52.5	1
70769851.57785419	0.8	33.75	1
70933336.18615736	0.6	11.9	1
71097002.99207461	0.8	15.0	1
71260761.17620084	0.2	4.9	1
71424685.42692131	0.6	12.9	1
71588745.72794707	0.4	9.5	1
71752916.11185603	0.4	7.7	1
71917170.61122608	0.4	5.9	1
72081591.17719036	0.6	12.9	1
72246149.31777534	0.6	10.7	1
72410829.08231999	0.4	8.5	1
72575643.8313059	0.6	10.5	1
72740585.97478975	0.4	8.9	1
72905619.49648257	0.2	4.9	1
73070808.72405197	0.6	12.1	1
73236089.32983033	0.2	4.9	1
73401459.82160805	0.4	6.3	1
73566914.15051825	0.2	4.5	1
73732526.77548444	0.6	12.3	1
73898271.79471248	0.6	10.3	1
74064152.86424582	0.4	9.5	1
74230167.09881532	0.4	9.3	1
74396317.38369012	0.4	9.5	1
74562494.94762374	0.2	1.5	1
74728815.26653688	0.6	11.1	1
74895223.19312075	0.2	4.7	1
75062248.07298441	1.0	52.5	1
75230331.301312	1.0	90.0	1
75398575.415875	0.6	12.5	1
75566920.95751382	0.4	7.1	1
75735365.4184381	0.2	5.3	1
75903992.07697646	0.8	15.0	1
76072737.47420537	0.4	8.3	1
76241624.69227783	0.4	9.9	1
76410662.43586804	0.6	11.7	1
76579866.24605249	0.6	12.9	1
76749180.13912013	0.4	7.7	1
76918654.91842319	0.6	12.5	1
77088236.89534031	0.4	7.5	1
77257956.44687812	0.6	10.7	1
77427813.57303661	0.6	10.7	1
77597813.45417461	0.6	11.1	1
77767897.4507737	0.4	5.9	1
77938077.10391039	0.4	6.7	1
78108352.41358465	0.4	6.7	1
78278769.54410245	0.4	9.9	1
78449344.97067624	0.6	12.3	1
78619971.2421729	0.2	2.75	1
78790700.20349325	0.2	5.5	1
78961590.05104902	0.6	12.5	1
79132638.19466078	0.6	12.3	1
79303825.27384695	0.4	9.7	1
79475142.15711556	0.6	10.1	1
79646554.69692177	0.4	6.7	1
79818091.74595676	0.4	8.7	1
79989747.53368232	0.4	8.3	1
80161536.48644404	0.4	9.3	1
80333376.28412862	0.2	2.75	1
80505266.92673606	0.2	2.75	1
80677295.14396417	0.6	10.7	1
80849407.47665338	0.4	5.9	1
81021594.22012947	0.2	4.0	1
81193908.35810348	0.4	8.9	1
81366335.4642298	0.4	7.9	1
81538902.73515622	0.6	10.9	1
81711562.77735111	0.4	6.5	1
81884273.66446885	0.2	2.75	1
82057150.61818084	0.6	12.9	1
82230172.91705175	0.6	11.3	1
82403325.02000509	0.6	10.1	1
82576614.69757912	0.6	10.7	1
82750007.06497684	0.2	5.5	1
82923560.31860998	0.6	12.5	1
83097524.76684728	0.8	33.75	1
83271613.72431338	0.4	8.7	1
83445841.61735389	0.4	9.7	1
83620212.26537392	0.6	11.1	1
83794720.48801462	0.6	10.7	1
83969367.64622974	0.4	9.7	1
84144117.49426857	0.2	5.5	1
84319704.99317925	1.0	71.25	1
84495319.77114876	0.2	1.5	1
84671022.15678899	0.2	4.7	1
84846877.6581264	0.6	11.9	1
85022854.78342348	0.4	8.5	1
85198972.07352068	0.6	10.9	1
85375176.36434808	0.4	6.1	1
85551523.410155	0.6	11.1	1
85727997.85045984	0.4	8.9	1
85904596.79999349	0.4	8.7	1
86081300.06187208	0.4	7.3	1
86258107.63609563	0.4	7.3	1
86435022.40793324	0.4	7.5	1
86612047.26265404	0.4	7.7	1
86789204.51163669	0.6	10.3	1
86966451.6466187	0.4	6.3	1
87143820.40556037	0.4	8.5	1
87321276.77217278	0.2	4.7	1
87498851.87747575	0.4	8.3	1
87676563.033084	0.4	9.5	1
87854384.27157545	0.4	7.7	1
88032353.44540524	0.6	11.5	1
88210486.09564987	0.6	12.7	1
88388779.6321299	0.6	12.5	1
88567208.15305118	0.6	10.5	1
88745782.0191314	0.6	11.3	1
88924496.05001172	0.6	10.9	1
89103360.6064098	0.6	11.7	1
89282343.90149844	0.4	8.3	1
89461463.24689236	0.4	9.5	1
89640993.78689045	0.8	33.75	1
89820611.32761875	0.4	6.1	1
90000321.6396155	0.4	6.5	1
90180159.3461102	0.4	8.9	1
90360086.93860422	0.4	6.3	1
90540154.69589834	0.6	10.9	1
90720323.88026829	0.4	7.1	1
90900591.9839237	0.2	5.3	1
91081477.04085891	1.0	52.5	1
91262486.60702291	0.4	8.7	1
91443629.33822308	0.4	9.3	1
91624945.90655574	0.6	13.5	1
