83.15501606835014	0.2	4.5	1
238.22560442007497	0.2	4.0	1
442.113155592736	0.2	2.75	1
730.8515003477373	0.2	4.7	1
1068.4068079236747	0.2	2.75	1
1477.8776877829869	0.2	4.0	1
1913.0669210007968	0.2	1.5	1
2433.1069478009467	0.2	4.7	1
3034.301990669447	0.2	4.5	1
3661.215386896445	0.2	1.5	1
4336.945745944379	0.2	2.75	1
5061.49306781325	0.2	2.75	1
5857.955961965495	0.2	4.0	1
6703.235818938676	0.2	2.75	1
7629.670691980207	0.2	4.5	1
8581.823918380236	0.2	1.5	1
9615.132160848616	0.2	4.5	1
10733.291196899336	0.2	4.7	1
11877.168586308553	0.2	1.5	1
13069.862938538707	0.2	2.75	1
14311.374253589796	0.2	2.75	1
15601.702531461822	0.2	2.75	1
16917.749162692347	0.2	1.5	1
18282.61275674381	0.2	2.75	1
19732.32714437761	0.2	4.7	1
21207.75988536991	0.2	1.5	1
22768.043419944548	0.2	4.7	1
24400.24252680256	0.2	4.0	1
26081.25859648151	0.2	2.75	1
27811.091628981398	0.2	2.75	1
29589.74162430222	0.2	2.75	1
31394.10997298154	0.2	1.5	1
33224.19667501936	0.2	1.5	1
35139.13417063952	0.2	4.7	1
37138.92245984202	0.2	4.7	1
39187.527711865456	0.2	2.75	1
41317.28797995724	0.2	4.5	1
43518.9638203324	0.2	4.0	1
45801.79467677591	0.2	4.5	1
48156.5411055028	0.2	4.0	1
50596.13832781203	0.2	4.7	1
53116.8905661896	0.2	4.5	1
55686.45976738811	0.2	2.75	1
58327.94454087	0.2	4.0	1
60995.14766771038	0.2	1.5	1
63711.1677573717	0.2	2.75	1
66452.90620039152	0.2	1.5	1
69220.36299676984	0.2	1.5	1
72072.6705867305	0.2	4.7	1
75009.82897027349	0.2	4.7	1
78018.90292609986	0.2	4.0	1
81112.82767550857	0.2	4.7	1
84291.60321849961	0.2	4.7	1
87519.1957243116	0.2	2.75	1
90818.70380240696	0.2	4.0	1
94199.36689657067	0.2	4.5	1
97651.94556301775	0.2	4.0	1
101153.34119228578	0.2	2.75	1
104680.45517491229	0.2	1.5	1
108256.38612035975	0.2	2.75	1
111917.16785938955	0.2	4.7	1
115649.86517070272	0.2	4.0	1
119467.41327559823	0.2	4.7	1
123366.1163965621	0.2	4.5	1
127345.9745335943	0.2	4.5	1
131374.64963344744	0.2	2.75	1
135484.47974936894	0.2	4.5	1
139620.02821864892	0.2	1.5	1
143840.42748151126	0.2	4.7	1
148086.5450977321	0.2	1.5	1
152413.81773002128	0.2	4.5	1
156766.80871566897	0.2	1.5	1
161145.51805467514	0.2	1.5	1
165596.14296596468	0.2	4.0	1
170118.6834495376	0.2	4.0	1
174690.04089593148	0.2	2.75	1
179333.31391460873	0.2	4.0	1
184025.4038961069	0.2	2.75	1
188789.40944988845	0.2	4.0	1
193579.1333570285	0.2	1.5	1
198440.77283645194	0.2	4.0	1
203351.2292786963	0.2	2.75	1
208310.5026837616	0.2	2.75	1
213350.93110489522	0.2	4.5	1
218440.1764888498	0.2	2.75	1
223555.14022616288	0.2	1.5	1
228751.2589795443	0.2	4.5	1
233973.09608628423	0.2	1.5	1
239266.84876530754	0.2	4.0	1
244586.31979768933	0.2	1.5	1
249977.7064023545	0.2	4.0	1
255417.9099698406	0.2	2.75	1
260942.96433090905	0.2	4.7	1
266549.17370804586	0.2	4.5	1
272240.233878765	0.2	4.7	1
278016.1448430665	0.2	4.7	1
283863.9713796514	0.2	4.0	1
289796.6487098186	0.2	4.7	1
295810.4810560541	0.2	4.5	1
301909.164195872	0.2	4.7	1
