83.09687266391684	0.2	4.5	1
191.89271755152026	0.2	1.5	1
385.4786284657225	0.2	4.7	1
660.1614120438417	0.2	4.5	1
1015.9410682858777	0.2	4.5	1
1456.5107905545124	0.2	4.7	1
1978.177385487064	0.2	4.5	1
2525.5429526433018	0.2	1.5	1
3098.6074920232263	0.2	1.5	1
3756.4620974297495	0.2	4.7	1
4499.106768862872	0.2	4.7	1
5322.848312959911	0.2	4.5	1
6227.686729720866	0.2	4.5	1
7204.389035739035	0.2	4.0	1
8229.872772497652	0.2	2.75	1
9304.137939996719	0.2	2.75	1
10459.499980159702	0.2	4.5	1
11663.643451063135	0.2	2.75	1
12948.883794630485	0.2	4.5	1
14259.823110421521	0.2	1.5	1
15655.552492239156	0.2	4.7	1
17076.980846280476	0.2	1.5	1
18579.506072985714	0.2	4.5	1
20166.82136571755	0.2	4.7	1
21802.918089189836	0.2	2.75	1
23464.713784885807	0.2	1.5	1
25207.606353245697	0.2	4.5	1
27022.3628108628	0.2	4.0	1
28921.9093345065	0.2	4.7	1
30893.319747407415	0.2	4.0	1
32890.429132532016	0.2	1.5	1
34936.31994839707	0.2	2.75	1
37030.99219500257	0.2	2.75	1
39151.36341383175	0.2	1.5	1
41320.51606340138	0.2	2.75	1
43570.76558563493	0.2	4.5	1
45846.71408009217	0.2	1.5	1
48194.526463806615	0.2	4.0	1
50627.12891354766	0.2	4.7	1
53144.521429315304	0.2	4.7	1
55743.010817746865	0.2	4.5	1
58367.199178402116	0.2	1.5	1
61076.17760508396	0.2	4.7	1
63833.937462506256	0.2	2.75	1
66676.48738595514	0.2	4.7	1
69567.81874014449	0.2	2.75	1
72540.24696699774	0.2	4.5	1
75538.37416607469	0.2	1.5	1
78617.59823781555	0.2	4.5	1
81722.5212817801	0.2	1.5	1
84912.23439177124	0.2	4.7	1
88150.72893250284	0.2	2.75	1
91474.01353926104	0.2	4.7	1
94846.07957675969	0.2	2.75	1
98266.92704499878	0.2	2.75	1
101772.56457926448	0.2	4.7	1
105326.98354427062	0.2	2.75	1
108966.19257530337	0.2	4.7	1
112631.1005785598	0.2	1.5	1
116321.70755403991	0.2	1.5	1
120038.01350174371	0.2	1.5	1
123780.0184216712	0.2	1.5	1
127603.1202142626	0.2	4.5	1
131475.00343759445	0.2	2.75	1
135431.6767269529	0.2	4.7	1
139460.21390556855	0.2	4.0	1
143537.53251492468	0.2	2.75	1
147686.715013538	0.2	4.0	1
151884.67894289177	0.2	2.75	1
156154.50676150277	0.2	4.0	1
160496.19846937095	0.2	4.0	1
164909.75406649636	0.2	4.0	1
169349.00863584547	0.2	1.5	1
173869.3600778585	0.2	4.5	1
178461.57540912874	0.2	4.0	1
183102.5721711394	0.2	2.75	1
187824.665805814	0.2	4.5	1
192631.5495065152	0.2	4.7	1
197487.21463795684	0.2	2.75	1
202427.6698354251	0.2	4.7	1
207452.91509891994	0.2	4.7	1
212503.85933463846	0.2	1.5	1
217639.5936363836	0.2	4.7	1
222856.42481079264	0.2	4.5	1
228154.3528578656	0.2	4.5	1
233533.37777760247	0.2	4.5	1
238984.26658659655	0.2	4.0	1
244460.85436781435	0.2	1.5	1
250022.23221505873	0.2	4.7	1
255632.39149304357	0.2	2.75	1
261327.340837055	0.2	4.7	1
267094.1540703236	0.2	4.0	1
272942.0641762562	0.2	4.5	1
278861.83817144594	0.2	4.0	1
284866.4022326623	0.2	4.7	1
290896.66526610235	0.2	1.5	1
297008.02517220634	0.2	4.5	1
303191.2489675675	0.2	4.0	1
309400.17173515237	0.2	1.5	1
315680.95839199447	0.2	4.0	1
