71.48121199255301	0.2	4.0	1
277.1333888503176	0.4	9.7	1
614.3316289520126	0.6	10.5	1
1034.5202892943323	0.2	4.7	1
1624.1253103778276	0.6	13.5	1
2352.850454204702	0.6	11.1	1
3208.0722882758746	0.6	10.1	1
4207.463618090059	0.6	11.5	1
5363.647876146337	0.6	12.5	1
6545.637602452055	0.2	1.5	1
7874.321511000602	0.6	11.7	1
9329.502109793446	0.6	10.1	1
10928.852204329303	0.6	11.5	1
13351.854060204478	1.0	71.25	1
15919.025411822664	0.6	11.5	1
18565.613124182026	0.2	4.5	1
21305.91343528036	0.2	5.3	1
24172.023621994733	0.4	9.1	1
27192.402050451383	0.6	12.3	1
30306.493077647003	0.2	5.3	1
33510.72264408215	0.2	5.1	1
36840.76208613333	0.4	9.1	1
40277.10219555248	0.4	7.7	1
43850.03774121519	0.6	10.9	1
47559.56872312146	0.6	10.9	1
51366.38636326615	0.2	5.5	1
55259.76848315092	0.2	4.9	1
59302.36947177833	0.6	11.9	1
63479.04121014949	0.6	10.7	1
67726.1941605132	0.2	4.0	1
72059.91159061699	0.2	4.9	1
76552.9466354627	0.6	12.7	1
81071.78714855784	0.2	1.5	1
85616.43312990242	0.2	1.5	1
90286.88898686304	0.4	9.1	1
95038.5622434441	0.4	5.9	1
99924.40646489037	0.4	9.7	1
104944.42165120186	0.4	9.7	1
110079.09859413048	0.4	8.3	1
115360.46971930194	0.6	11.7	1
120724.83126471401	0.2	4.7	1
126225.78824636966	0.6	10.9	1
131855.76660476942	0.6	10.3	1
137586.4715710377	0.4	7.3	1
143468.92009254842	0.6	12.1	1
149529.8822516774	0.8	15.0	1
155688.78398892516	0.4	7.1	1
162004.47865441503	0.6	12.5	1
168464.3428156479	0.6	11.5	1
175058.37794174597	0.4	9.7	1
181804.1566230865	0.6	12.1	1
189590.60068138107	1.0	90.0	1
197983.68288540025	1.0	52.5	1
206508.1490245349	0.4	9.5	1
215058.42063191903	0.2	1.5	1
223742.86320416836	0.4	9.7	1
232586.62339115958	0.6	12.7	1
241587.1765063929	0.6	12.5	1
250671.7340509964	0.4	6.1	1
259882.7882858442	0.6	10.1	1
269219.652396308	0.4	9.1	1
278637.7339063923	0.4	5.9	1
289096.4807934306	1.0	90.0	1
299689.39864533406	0.4	9.7	1
310413.8625604815	0.6	10.5	1
321236.2660537477	0.4	7.1	1
332220.5118482556	0.6	12.9	1
343336.3037060074	0.6	10.5	1
354549.3822219977	0.2	5.5	1
365916.7289797303	0.6	12.3	1
377418.14648720657	0.6	10.7	1
389053.7349595481	0.4	9.7	1
400770.54083151004	0.4	5.9	1
412596.4344005897	0.4	7.9	1
424542.5637857859	0.4	8.7	1
436581.0586896015	0.4	6.7	1
449660.21897037106	1.0	90.0	1
462787.5225912616	0.2	2.75	1
476046.2101472677	0.4	9.5	1
489433.4946086395	0.4	9.3	1
502962.4238792545	0.6	11.3	1
516650.6707646114	0.6	12.7	1
530387.0609900893	0.2	2.75	1
544243.6870316839	0.4	8.7	1
558231.8591365223	0.6	10.5	1
572354.1019911044	0.6	10.7	1
586602.1547213027	0.4	9.1	1
600984.3784163661	0.4	9.7	1
615489.6249572958	0.4	8.9	1
630081.6629573455	0.4	6.3	1
644805.0848925106	0.4	9.5	1
659643.1685842928	0.4	8.3	1
674578.5389343135	0.2	5.5	1
689655.5540935773	0.6	11.3	1
704869.1646890847	0.6	10.9	1
720261.2889222105	0.8	15.0	1
735750.6998135746	0.2	5.5	1
751357.5594913055	0.4	8.5	1
767113.6380377791	0.6	11.9	1
782992.739430119	0.4	8.9	1
799912.506199413	1.0	90.0	1
816911.689329448	0.2	4.5	1
834057.566641726	0.6	11.7	1
851282.860314745	0.2	4.5	1
868620.0287146315	0.4	8.1	1
886135.7107521362	0.8	15.0	1
903760.4804867586	0.4	7.9	1
921472.041680501	0.4	6.3	1
939209.4083424928	0.2	1.5	1
957036.3534933542	0.4	6.5	1
974964.025252084	0.4	7.3	1
993025.7677605577	0.6	10.7	1
1011193.8109363993	0.4	7.7	1
1029540.3677498591	0.8	15.0	1
1048012.7344389351	0.4	9.1	1
1066510.9065962604	0.2	1.5	1
1085138.1001303298	0.6	10.3	1
1103888.3165102657	0.4	8.9	1
1123679.1982671556	1.0	90.0	1
1143556.8714831653	0.4	6.3	1
1163571.1401354186	0.6	10.9	1
1183988.3144448085	0.8	33.75	1
1204514.576451316	0.4	7.9	1
1225152.713184691	0.4	8.1	1
1246193.7555752026	0.8	33.75	1
1267343.8856628318	0.4	7.9	1
1289534.681127415	1.0	90.0	1
1311864.5967147416	0.6	11.1	1
1334321.0089923125	0.6	10.1	1
1356926.6401386259	0.6	11.9	1
1379618.8357646794	0.2	4.9	1
1402480.447751474	0.6	13.5	1
1425744.9653954054	0.8	33.75	1
1449118.5707364543	0.4	7.9	1
1472575.166497744	0.2	4.7	1
1496175.9317547765	0.6	11.5	1
1519946.1133725503	0.6	13.5	1
1543764.4383304452	0.2	2.75	1
1567672.9018275796	0.2	5.1	1
1591665.3697540842	0.4	6.1	1
1615812.1059223309	0.6	12.3	1
1640092.9128403214	0.6	10.7	1
1664463.8582975515	0.2	5.1	1
1688994.1213695235	0.6	12.7	1
1713673.603310238	0.6	11.9	1
1738522.501611694	0.6	13.5	1
1763397.2053813993	0.2	1.5	1
1788362.047690344	0.2	5.1	1
1813444.3387856558	0.4	8.5	1
1838660.8008458326	0.4	9.7	1
1863969.6284246289	0.4	6.7	1
1890102.1077647645	1.0	71.25	1
1916346.4618317673	0.4	8.1	1
1942734.9853945132	0.6	11.5	1
1969270.203139502	0.6	11.7	1
1995939.5918493562	0.4	9.7	1
2022738.0019359542	0.6	10.3	1
2049662.9087127966	0.6	10.1	1
2076635.95882976	0.2	2.75	1
2103758.227815466	0.6	11.9	1
2131014.5675509158	0.6	10.7	1
2158407.5027226093	0.6	10.9	1
2185917.8866806696	0.4	8.5	1
2213559.654573845	0.4	9.5	1
2241295.13506576	0.2	5.3	1
2269150.851373791	0.4	8.7	1
2297140.738646688	0.4	9.7	1
2325267.221355828	0.6	10.9	1
2353441.847405089	0.2	2.75	1
2381700.4778837203	0.4	6.1	1
2410065.4090297194	0.4	7.7	1
2438527.626833957	0.2	5.5	1
2467104.506394812	0.4	8.3	1
2495782.112563535	0.4	7.3	1
2524606.412914501	0.6	11.7	1
2553511.9306650874	0.4	5.9	1
2582498.6658152943	0.4	5.9	1
2611555.882177494	0.2	4.0	1
2640694.315939314	0.4	5.9	1
2669987.0179428766	0.6	12.3	1
2699408.3168518045	0.4	9.3	1
2728963.786725598	0.4	9.7	1
2758598.6729601324	0.2	4.5	1
2788360.055884911	0.6	10.1	1
2818205.44323906	0.4	6.1	1
2848205.0988349514	0.6	12.3	1
2878327.7772767087	0.4	8.9	1
2908520.936930459	0.2	4.0	1
2938803.675073079	0.4	6.5	1
2969220.5841805637	0.4	9.7	1
2999752.1550446656	0.4	8.3	1
3030381.012567006	0.2	5.5	1
3061099.448578216	0.4	6.5	1
3091866.0279295472	0.2	2.75	1
3122769.2027171217	0.6	10.9	1
3153742.858716689	0.2	4.0	1
3184797.732115877	0.4	5.9	1
3215953.332122933	0.4	7.3	1
3247192.9365593595	0.4	6.1	1
3278522.6795350253	0.2	5.1	1
3309983.8064458068	0.4	9.5	1
3341584.0534793315	0.6	11.1	1
3373328.470008599	0.6	11.5	1
3405475.7921950035	0.8	33.75	1
3437706.1048016483	0.2	4.7	1
3470053.8661946603	0.4	8.5	1
3502491.206076542	0.4	6.5	1
3535059.929893539	0.4	9.5	1
3567762.8246754007	0.4	9.7	1
3600585.9552733796	0.4	8.7	1
3633555.780053601	0.6	11.7	1
3666631.9055011906	0.4	7.7	1
3699834.5276390244	0.6	10.1	1
3733188.893332101	0.6	12.1	1
3766655.1337520448	0.4	8.1	1
3800247.1840476044	0.4	9.1	1
3833920.4517427846	0.4	5.9	1
3867747.987679707	0.6	12.3	1
3901724.742485372	0.6	11.9	1
3935835.6682559024	0.4	9.7	1
3970036.732565672	0.2	5.1	1
4004399.6391766835	0.6	12.9	1
4038879.994574062	0.4	8.5	1
4073466.6506388085	0.4	7.7	1
4108137.311132925	0.4	6.1	1
4142905.9112051604	0.4	7.1	1
4177803.1081827614	0.4	9.3	1
4212836.900596606	0.6	10.9	1
4248694.344771789	1.0	71.25	1
4284685.859696717	0.6	10.7	1
4320806.3959983885	0.6	10.3	1
4357016.51078893	0.4	6.5	1
4393363.583574086	0.4	9.9	1
4429808.595937362	0.4	7.1	1
4466351.547878756	0.4	7.1	1
4502977.49024039	0.2	4.7	1
4539723.668418142	0.4	8.7	1
4576495.652064143	0.2	1.5	1
4613406.755832887	0.6	11.1	1
4650444.356291875	0.6	10.1	1
4687593.8314777315	0.4	8.1	1
4724826.297083828	0.2	4.7	1
4762145.327169664	0.2	4.9	1
4799595.903318744	0.6	10.5	1
4837180.550217568	0.6	10.7	1
4875371.835262117	1.0	52.5	1
4913588.925774915	0.2	1.5	1
4951896.154826953	0.2	5.1	1
4990326.406724857	0.4	8.9	1
5028846.797162001	0.2	5.1	1
5067506.307721888	0.6	11.1	1
5106255.396770644	0.4	6.5	1
5145133.082724767	0.4	9.3	1
5184154.938174632	0.6	11.5	1
5223338.635925739	0.6	12.9	1
5262669.027859089	0.6	11.7	1
5302122.442638305	0.4	8.9	1
5341745.273778263	0.6	13.5	1
5381499.488853335	0.4	9.5	1
5421346.0694470275	0.4	6.7	1
5462233.315417673	1.0	90.0	1
5503217.848046558	0.2	5.5	1
5544346.550171185	0.6	11.5	1
5585632.045224055	0.6	12.5	1
5626996.956637666	0.2	4.5	1
5668455.580650016	0.2	5.3	1
5710034.440478482	0.4	8.7	1
5751736.323152815	0.4	8.9	1
5793547.293524265	0.4	7.9	1
5835484.76058596	0.6	10.1	1
5878462.8930246085	1.0	90.0	1
5921595.293705	0.6	12.3	1
5964775.837725512	0.2	2.75	1
6008115.6993607655	0.6	12.7	1
6051602.2551782625	0.6	11.7	1
6095186.097653998	0.2	5.5	1
6138867.879707852	0.4	7.1	1
6182632.652181947	0.2	4.7	1
6227221.076417381	1.0	71.25	1
6271966.293581057	0.6	12.5	1
6316868.303672976	0.6	12.5	1
6361909.433887637	0.6	11.1	1
6407089.684225042	0.6	11.1	1
6452384.5963190645	0.4	8.3	1
6497805.3182887025	0.4	9.1	1
6543312.604738081	0.2	4.9	1
6588910.029726699	0.2	5.1	1
6634627.690531434	0.4	8.7	1
6680415.83254816	0.2	4.0	1
6726324.210381003	0.4	8.7	1
6772361.609590591	0.6	10.3	1
6818508.096497296	0.4	7.9	1
6864766.458130869	0.4	8.1	1
6911171.513946685	0.6	11.7	1
6957733.362690743	0.6	12.5	1
7004432.169429416	0.4	9.9	1
7051954.627929428	1.0	71.25	1
7099558.30382906	0.4	5.9	1
7147279.428515059	0.4	8.5	1
7195101.279808926	0.4	7.3	1
7243046.15394866	0.4	8.9	1
7291094.541726013	0.4	7.5	1
7339282.049626108	0.6	11.1	1
7387623.825767946	0.6	12.3	1
7436114.820778527	0.6	11.9	1
7484685.232149849	0.2	4.5	1
7533378.666367036	0.4	8.9	1
7582153.317983844	0.4	5.9	1
7631010.960020893	0.2	4.7	1
7679965.888716181	0.2	5.5	1
7729054.888161212	0.6	10.7	1
7778277.958355987	0.6	10.7	1
7827626.838426379	0.4	9.1	1
7877117.363306013	0.6	11.3	1
7926656.031525768	0.2	2.75	1
7976346.443300766	0.6	12.1	1
8026143.155743131	0.4	7.7	1
8076054.529942114	0.4	8.3	1
8126091.714016713	0.4	9.1	1
8176218.476580182	0.4	6.5	1
8226479.309893394	0.6	10.7	1
8276860.379022723	0.4	8.7	1
8327347.74881942	0.4	7.7	1
8377935.845223986	0.4	7.3	1
8428655.487691795	0.6	10.5	1
8479461.694639346	0.2	4.9	1
8530385.350373263	0.4	8.5	1
8581443.076856922	0.6	10.7	1
8632662.645641824	0.6	12.9	1
8683965.204846967	0.2	4.7	1
8735406.884174854	0.6	11.1	1
8786960.438229607	0.4	8.1	1
8838675.834585601	0.6	12.9	1
8890494.744579215	0.4	7.5	1
8943354.319949782	1.0	90.0	1
8996383.31168109	0.6	13.5	1
9049532.539228514	0.4	8.7	1
9102818.362212183	0.6	10.9	1
9156250.879378093	0.6	11.7	1
9209842.714158747	0.6	12.7	1
9263543.636636518	0.4	7.9	1
9317331.35057341	0.4	6.3	1
9371202.05493054	0.2	4.7	1
9425229.552215913	0.6	12.5	1
9480297.71487824	1.0	90.0	1
9535463.817118688	0.4	7.1	1
9590758.940735878	0.6	10.3	1
9646877.716114407	1.0	71.25	1
9703155.80910768	0.6	12.7	1
9759578.071596695	0.6	11.5	1
9816129.355462454	0.6	10.3	1
9872803.66217408	0.4	8.9	1
9929609.51494895	0.6	10.5	1
9986584.784084558	0.6	13.5	1
10043677.502006536	0.4	8.5	1
10100890.45574463	0.4	8.7	1
10158204.136090592	0.4	7.3	1
10215599.033836175	0.4	5.9	1
10273064.41279375	0.2	4.0	1
10330673.961247068	0.6	11.5	1
10388420.467695002	0.4	9.9	1
10446316.193011677	0.6	11.9	1
10504260.061668474	0.2	2.75	1
10562229.73579352	0.2	1.5	1
10620338.53004131	0.6	11.1	1
10678583.919725342	0.6	10.9	1
10736955.119284991	0.4	9.1	1
10795457.702779755	0.4	9.5	1
10854094.357024264	0.6	10.7	1
10912831.73787664	0.4	7.3	1
10971672.632366635	0.4	7.5	1
11030603.665395869	0.2	5.1	1
11089652.14721147	0.4	8.5	1
11148771.110239064	0.2	4.0	1
11208019.094643403	0.6	10.3	1
11267360.79164648	0.2	5.3	1
11326825.511495424	0.4	8.9	1
11386316.036812617	0.2	1.5	1
11446630.213891149	1.0	71.25	1
11507113.807330422	0.6	13.5	1
11567681.405199066	0.4	6.1	1
11628342.715666449	0.2	5.3	1
11689090.81759295	0.4	6.3	1
11750879.584896406	1.0	90.0	1
11812820.095755106	0.6	12.1	1
11874899.726736547	0.6	11.1	1
11937116.315712605	0.4	9.9	1
11999461.501594028	0.4	9.3	1
12062209.593132587	0.8	33.75	1
12125055.624249265	0.4	7.1	1
12188024.67821181	0.4	8.9	1
12251163.148535095	0.6	13.5	1
12314448.313040623	0.6	11.7	1
12377870.072982395	0.6	10.9	1
12441438.52710641	0.6	11.7	1
12505055.124570547	0.2	2.75	1
12568786.3837913	0.4	8.3	1
12632635.09179842	0.4	8.5	1
12696610.296495784	0.6	10.1	1
12760719.672158014	0.4	9.7	1
12824983.316061987	0.6	12.3	1
12889333.524445698	0.2	4.9	1
12953790.033496778	0.4	7.7	1
13018372.352423474	0.4	9.1	1
13083083.268255536	0.4	9.3	1
13147842.327427719	0.2	2.75	1
13212737.982036145	0.6	10.9	1
13277745.51137144	0.4	8.1	1
13342878.850582348	0.4	9.1	1
13408037.995261507	0.2	1.5	1
13473245.283280788	0.2	2.75	1
13538614.413601309	0.6	12.9	1
13604062.960282572	0.2	4.5	1
13669642.89089895	0.4	9.5	1
13735315.187033948	0.4	6.7	1
13801099.357895812	0.4	8.1	1
13866984.255365545	0.4	7.3	1
13932966.439493516	0.2	5.5	1
13999035.415080609	0.4	6.3	1
14066145.056044655	1.0	90.0	1
14133393.817131445	0.6	11.1	1
14200743.304826103	0.4	7.3	1
14268231.912643505	0.6	11.1	1
14336544.172222245	1.0	71.25	1
14404982.241676603	0.4	9.1	1
14473490.792342952	0.2	4.0	1
14542093.05560804	0.2	5.3	1
14610793.258451248	0.4	7.1	1
14679596.974932073	0.4	7.5	1
14748529.288318263	0.4	9.3	1
14817558.888362693	0.2	5.5	1
14886725.083843365	0.6	10.9	1
14956053.12162528	0.6	12.9	1
15025530.378275938	0.6	11.9	1
15095169.477227837	0.6	12.9	1
15164957.795048479	0.6	11.9	1
15234907.955170363	0.6	12.9	1
15304947.693781117	0.4	6.5	1
15375096.520088987	0.4	7.9	1
15445360.008153476	0.4	8.3	1
15515752.517594708	0.6	10.3	1
15586751.665181665	1.0	52.5	1
15657821.293980613	0.2	4.0	1
15729069.436417181	0.8	15.0	1
15800456.698976493	0.6	11.1	1
15871923.377896545	0.2	4.5	1
15943504.718573214	0.4	8.3	1
16015212.555940129	0.6	10.1	1
16086990.874519035	0.2	4.0	1
16158859.331637181	0.2	5.1	1
16230879.53231057	0.6	12.1	1
16303054.0012257	0.6	12.3	1
16375385.263069073	0.6	12.5	1
16447795.941273186	0.2	4.5	1
16520332.429352917	0.4	9.1	1
16592961.282951266	0.4	6.7	1
16665715.946425231	0.4	9.1	1
16738609.730021939	0.6	11.1	1
16811609.814286016	0.4	7.7	1
16884691.115949713	0.4	5.9	1
16957875.931251027	0.4	7.5	1
17031086.55202059	0.2	1.5	1
17104456.490404896	0.6	12.7	1
17177935.51648632	0.4	7.9	1
17251817.44822488	0.8	33.75	1
17325833.550928306	0.4	9.7	1
17400456.291777458	1.0	52.5	1
17475188.120323725	0.4	7.9	1
17550069.167738736	0.6	11.9	1
17625091.85996299	0.6	11.3	1
17700208.264785983	0.2	5.3	1
17775439.331365593	0.4	8.3	1
17850793.42079107	0.4	8.9	1
17926234.301675666	0.4	6.3	1
18001816.827369507	0.6	11.3	1
18077522.375909213	0.4	8.9	1
18153325.211107157	0.2	5.5	1
18229209.26370472	0.4	5.9	1
18305119.121770535	0.2	1.5	1
18381188.29745109	0.6	12.7	1
18457426.88949239	0.6	13.5	1
18533782.930320054	0.4	8.5	1
18610225.53562746	0.2	4.9	1
18686799.686998107	0.6	10.5	1
18763508.00933362	0.4	9.7	1
18841256.99704609	1.0	90.0	1
18920046.650135513	1.0	90.0	1
18998920.307654306	0.4	6.1	1
19077972.478810716	0.8	15.0	1
19157125.376574993	0.4	7.3	1
19236435.067267515	0.6	12.5	1
19315888.92745578	0.6	11.5	1
19395390.93098416	0.2	2.75	1
19475052.25212729	0.6	12.7	1
19554810.859928656	0.2	5.5	1
19635176.105875745	1.0	52.5	1
19715661.58763895	0.4	8.7	1
19796293.7635844	0.6	11.7	1
19877012.50400959	0.2	4.9	1
19957882.98799002	0.6	12.1	1
20038907.740212195	0.6	12.3	1
20120041.580131486	0.4	7.9	1
20201284.507747896	0.4	7.9	1
20282642.097120922	0.4	8.3	1
20364111.561220817	0.4	8.1	1
20445725.194816455	0.6	11.5	1
20527421.818832334	0.2	4.7	1
20609249.826783326	0.4	9.5	1
20691209.218669433	0.4	9.5	1
20773302.681305286	0.6	10.7	1
20855493.430599377	0.2	5.5	1
20937813.20127021	0.6	10.3	1
21020261.568846412	0.4	9.3	1
21102830.17223873	0.4	8.7	1
21185553.04387279	0.6	12.3	1
21268409.986256592	0.6	10.7	1
21351669.83429753	0.8	33.75	1
21435019.26082734	0.4	6.5	1
21518462.399955887	0.2	5.3	1
21602031.348960053	0.4	9.1	1
21685749.51683296	0.6	11.9	1
21769637.101066608	0.6	13.5	1
21853653.282205623	0.4	9.3	1
21937808.58346738	0.6	11.1	1
22022070.185396504	0.4	7.7	1
22106424.152844246	0.4	6.7	1
22190956.63392961	0.8	15.0	1
22275633.284510717	0.6	11.5	1
22360416.23575919	0.4	7.7	1
22445292.899606403	0.2	5.3	1
22530348.077091236	0.8	15.0	1
22615534.63851118	0.4	9.5	1
22701124.105588265	0.8	33.75	1
22787537.224426687	1.0	71.25	1
22874059.430962227	0.4	7.9	1
22960674.003016386	0.4	6.7	1
23047430.219879787	0.6	11.3	1
23135227.102120142	1.0	90.0	1
23223127.49799812	0.4	7.5	1
23311174.588058338	0.6	11.7	1
23399308.469577674	0.4	6.3	1
23487604.193398252	0.6	12.9	1
23576056.71014707	0.6	12.5	1
23664599.36543513	0.2	5.1	1
23753234.386241812	0.4	6.7	1
23842023.675290234	0.6	12.3	1
23930894.181738276	0.4	5.9	1
24019916.43174156	0.6	12.1	1
24109075.63973946	0.4	9.9	1
24198332.1343956	0.2	5.5	1
24287700.503778607	0.4	8.1	1
24377139.354373604	0.2	4.0	1
24466714.800404847	0.6	10.9	1
24556383.959034827	0.2	5.3	1
24646182.13904155	0.6	10.3	1
24736089.406745393	0.4	7.9	1
24826114.123235602	0.4	8.5	1
24916228.97826505	0.2	5.1	1
25006452.92099162	0.4	7.9	1
25096770.576316923	0.2	5.3	1
25187219.777705472	0.6	10.5	1
25277828.296708763	0.6	12.7	1
25368839.721369192	0.8	33.75	1
25460012.988330863	0.6	12.9	1
25551267.472692154	0.4	5.9	1
25642658.552489687	0.6	10.9	1
25734167.08107359	0.4	8.5	1
25825827.353212733	0.6	12.1	1
25917619.17141512	0.6	10.5	1
26009520.077314626	0.4	7.9	1
26101491.464426123	0.2	4.0	1
26193607.02103336	0.6	11.5	1
26286329.215786327	1.0	52.5	1
26379185.481289037	0.6	10.7	1
26472167.55666736	0.4	9.1	1
26565243.344644427	0.2	5.3	1
26658480.97492273	0.6	12.9	1
26751789.08641303	0.2	4.0	1
26845266.61426407	0.6	13.5	1
26938913.558475852	0.6	13.5	1
27032664.01632525	0.4	7.5	1
27126545.858109765	0.4	9.5	1
27220528.42650215	0.4	7.3	1
27314590.411255274	0.2	4.5	1
27408783.942071643	0.6	10.5	1
27503086.56058513	0.4	7.9	1
27597509.41491473	0.4	8.7	1
27692066.4402092	0.4	9.7	1
27786707.469933037	0.4	6.1	1
27881474.99634712	0.6	10.1	1
27976401.84037594	0.6	12.7	1
28071507.198042385	0.8	15.0	1
28166738.365584444	0.4	9.1	1
28262111.177935746	0.6	11.3	1
28357607.013132915	0.4	8.9	1
28453128.65379833	0.2	1.5	1
28548776.104339365	0.4	9.1	1
28644529.855547767	0.4	7.7	1
28740373.185245037	0.4	6.5	1
28836385.93130305	0.6	13.5	1
28932496.61693918	0.4	7.1	1
29028704.589233547	0.2	5.5	1
29124999.352987036	0.4	6.3	1
29221319.922208775	0.2	1.5	1
29317782.136239756	0.6	11.3	1
29414380.945706982	0.6	10.9	1
29511099.990990326	0.4	8.7	1
29607942.059119534	0.4	8.9	1
29704918.197998486	0.6	10.7	1
29802008.998634055	0.4	8.3	1
29899923.451030962	1.0	71.25	1
29997924.69488699	0.4	6.3	1
30096065.058865763	0.6	11.1	1
30194311.723511904	0.4	7.7	1
30292689.77209316	0.4	9.5	1
30391204.77866903	0.4	9.9	1
30489799.20160564	0.2	4.5	1
30588474.84194187	0.4	5.9	1
30687284.553027846	0.6	10.7	1
30786223.285490565	0.6	10.3	1
30885279.46673965	0.4	8.5	1
30984494.96560348	0.6	12.7	1
31083842.01053055	0.6	10.5	1
31183259.536669616	0.2	4.0	1
31282763.62728842	0.2	4.9	1
31382394.214597467	0.6	10.1	1
31482118.514505256	0.2	5.3	1
31582004.656714287	0.6	12.9	1
31682008.247709684	0.4	8.5	1
31782414.744362216	0.8	33.75	1
31883644.89277609	1.0	71.25	1
31985006.425125077	0.4	9.5	1
32086451.961903434	0.4	6.1	1
32187991.211280532	0.2	5.3	1
32289687.25358587	0.6	12.5	1
32391481.23546933	0.4	7.1	1
32493362.00881191	0.4	6.3	1
32595332.360643357	0.4	6.5	1
32697441.83259755	0.6	11.1	1
32799720.720912483	0.6	13.5	1
32902083.613656785	0.4	6.1	1
33004585.62652383	0.6	11.1	1
33107234.333573118	0.6	11.7	1
33210024.685431648	0.6	11.3	1
33312926.912017047	0.4	8.1	1
33415908.554963186	0.2	4.5	1
33518960.67912132	0.2	4.0	1
33622135.82612532	0.4	8.9	1
33725390.38949006	0.2	4.5	1
33828771.44954505	0.6	10.1	1
33932304.253155276	0.6	12.1	1
34035923.848224625	0.4	6.3	1
34139677.51404372	0.6	10.7	1
34243585.44810455	0.6	12.3	1
34347613.6179815	0.4	8.7	1
34451745.301496066	0.4	7.5	1
34555997.22082675	0.4	8.7	1
34660398.35902618	0.6	11.9	1
34764889.635764845	0.2	5.1	1
34869515.08346838	0.4	9.7	1
34974238.47075003	0.4	7.1	1
35079076.519788295	0.4	8.3	1
35183997.5592468	0.2	4.7	1
35289022.11234293	0.4	7.5	1
35394117.14665105	0.2	4.0	1
35499298.74543891	0.2	4.9	1
35604627.03840902	0.6	11.7	1
35710109.599620864	0.6	12.3	1
35815729.11882732	0.4	9.9	1
35921449.36464165	0.4	7.3	1
36027348.1240936	0.8	15.0	1
36133358.75827242	0.4	8.1	1
36239459.53099047	0.2	5.1	1
36345719.621323265	0.6	12.7	1
36452063.716085434	0.4	6.1	1
36558505.09750584	0.2	5.5	1
36665080.549675986	0.6	10.7	1
36771770.663602754	0.4	8.3	1
36878531.25874151	0.2	4.0	1
36985381.99241951	0.2	5.1	1
37092315.71651775	0.2	4.7	1
37199347.380194105	0.4	7.1	1
37306513.11462021	0.6	10.7	1
37413857.36268393	0.8	15.0	1
37521358.40367589	0.6	12.5	1
37628938.86102859	0.2	4.5	1
37736663.48787703	0.6	11.5	1
37844494.415392846	0.4	7.7	1
37952411.9073884	0.2	4.9	1
38060466.357378565	0.4	9.9	1
38168568.95070885	0.2	2.75	1
38276805.715004005	0.4	9.7	1
38385139.7659574	0.2	5.5	1
38493588.47866741	0.4	8.3	1
38602129.55689604	0.4	6.7	1
38711073.5407818	0.8	33.75	1
38820169.26822281	0.6	12.1	1
38929362.28232206	0.2	5.5	1
39038664.38411842	0.4	7.9	1
39148069.99955241	0.4	7.5	1
39257569.32758513	0.2	5.3	1
39367202.72636759	0.6	10.7	1
39476982.8193323	0.6	11.7	1
39586849.70375613	0.4	6.3	1
39696803.37963908	0.4	6.3	1
39806891.12627177	0.6	10.7	1
39917113.043869324	0.4	9.7	1
40027941.59961261	1.0	52.5	1
40138870.88196376	0.4	7.3	1
40249893.876913644	0.2	5.3	1
40361319.77752067	0.8	33.75	1
40472897.42168294	0.6	12.1	1
40584592.51463158	0.4	8.5	1
40696407.84339633	0.4	8.7	1
40808343.40797719	0.4	8.7	1
40920457.486195676	0.8	15.0	1
41032619.707754284	0.2	2.75	1
41144907.73918851	0.4	9.1	1
41257332.72861735	0.4	9.9	1
41369919.56034743	0.6	12.9	1
41482621.053834125	0.4	8.3	1
41595491.963681564	0.6	13.5	1
41708494.41959225	0.6	10.5	1
41821614.32428929	0.4	8.5	1
41934827.94158508	0.2	5.3	1
42048125.563310236	0.4	6.1	1
42161577.45327713	0.6	12.3	1
42275144.00500065	0.4	8.3	1
42388811.283332035	0.4	7.3	1
42502609.945598535	0.4	9.5	1
42616811.51352217	0.8	33.75	1
42731147.25241067	0.4	9.7	1
42845565.98171942	0.2	4.7	1
42960121.306464404	0.6	10.9	1
43075500.282970734	1.0	71.25	1
43190949.740689054	0.2	4.0	1
43306478.61476812	0.2	4.5	1
43422141.65981204	0.4	9.7	1
43537901.991514206	0.2	5.5	1
43653774.19794324	0.4	8.1	1
43769775.00127764	0.4	9.3	1
43885954.31824966	0.8	15.0	1
44002213.05158241	0.2	4.5	1
44118600.38182053	0.4	9.3	1
44235091.22569627	0.4	7.5	1
44352622.73494897	1.0	90.0	1
44470280.05407728	0.4	9.1	1
44588027.511744834	0.2	5.1	1
44706598.621173725	1.0	71.25	1
44825292.75344848	0.4	8.9	1
44944012.69119149	0.2	1.5	1
45062813.846334115	0.4	5.9	1
45181774.319091484	0.6	12.7	1
45300841.09251622	0.4	7.7	1
45419998.0044802	0.2	5.1	1
45539311.709372416	0.6	12.5	1
45658731.714932	0.4	7.7	1
45778249.00714982	0.2	5.5	1
45897849.28978789	0.2	4.7	1
46017586.1678622	0.6	10.9	1
46137416.75853524	0.2	5.3	1
46257384.307202905	0.4	9.9	1
46377501.07473931	0.6	11.9	1
46497740.86512158	0.4	8.9	1
46618150.07186459	0.6	13.5	1
46738652.99120634	0.2	5.3	1
46859226.39176008	0.2	4.0	1
46979933.96327869	0.4	9.7	1
47100790.753666036	0.6	11.9	1
47221759.41878025	0.4	8.1	1
47342839.95862134	0.4	8.1	1
47464069.71733116	0.6	11.9	1
47585414.13779761	0.4	8.3	1
47706876.007050425	0.4	8.5	1
47828469.26023835	0.4	9.5	1
47950221.831041016	0.6	12.7	1
48072100.89853393	0.6	10.1	1
48194158.47966447	0.8	15.0	1
48316241.86626325	0.2	1.5	1
48438728.158519164	0.8	33.75	1
48561358.620270826	0.6	11.5	1
48684120.62808573	0.6	10.5	1
48806972.21438951	0.4	6.5	1
48929950.29738353	0.6	10.1	1
49053085.173305795	0.6	12.5	1
49176309.62771693	0.4	6.5	1
49300140.720273785	1.0	52.5	1
49424053.03023026	0.4	5.9	1
49548106.98499598	0.6	11.3	1
49672272.81448857	0.4	8.1	1
49796597.96159589	0.6	12.7	1
49921043.34451934	0.4	8.7	1
50045630.372252025	0.6	11.3	1
50170304.19144383	0.4	6.3	1
50295092.67239226	0.4	8.3	1
50420009.75024605	0.4	9.3	1
50545078.57165508	0.6	12.1	1
50670217.87427611	0.2	4.0	1
50795460.690534756	0.4	7.5	1
50920826.52963927	0.4	8.9	1
51046271.78510452	0.2	4.5	1
51171840.06341564	0.4	8.9	1
51297497.92021563	0.4	6.5	1
51423238.767435856	0.2	4.7	1
51549069.75319532	0.2	5.1	1
51674926.544423044	0.2	1.5	1
51800866.326071	0.2	4.7	1
51927846.77309591	1.0	90.0	1
52055005.73375844	0.8	15.0	1
52182301.289857216	0.6	10.9	1
52309680.85038536	0.4	6.1	1
52437130.892125495	0.2	4.0	1
52564684.44750325	0.4	7.5	1
52692364.49957125	0.6	10.1	1
52820178.62238899	0.6	10.7	1
52948096.25884435	0.4	7.5	1
53076106.26081833	0.4	6.7	1
53204257.90760156	0.6	11.3	1
53332435.35985303	0.2	1.5	1
53460749.407540746	0.6	10.9	1
53589197.62619333	0.4	9.7	1
53717752.14551328	0.4	7.7	1
53846424.113619596	0.4	8.5	1
53975230.25269078	0.4	9.7	1
54104193.1846902	0.6	12.5	1
54233334.63032724	0.8	15.0	1
54362579.5896019	0.4	7.5	1
54491955.93281167	0.4	9.5	1
54621491.593636185	0.6	12.7	1
54751178.99801595	0.6	12.1	1
54880972.70306308	0.4	7.7	1
55010915.62697895	0.6	11.9	1
55141899.21627177	1.0	90.0	1
55273037.07380634	0.6	12.3	1
55404311.88933552	0.4	9.9	1
55535723.30030095	0.6	10.9	1
55667254.94708249	0.4	8.7	1
55798948.43616527	0.6	12.9	1
55930753.799974926	0.4	8.1	1
56062690.547719695	0.4	9.5	1
56194755.89236983	0.4	9.3	1
56326938.68580633	0.4	8.5	1
56459215.191841565	0.2	5.3	1
56591574.68829704	0.2	4.7	1
56724051.63353889	0.4	8.5	1
56856655.07547098	0.6	10.1	1
56989410.26095831	0.6	12.1	1
57122322.239373885	0.6	12.5	1
57255403.6341502	0.6	13.5	1
57388636.77248176	0.6	12.1	1
57522011.55562256	0.6	11.3	1
57655484.27834149	0.4	7.1	1
57789083.497750655	0.6	10.1	1
57922814.10109494	0.4	9.5	1
58056670.51431484	0.4	9.1	1
58190630.441172354	0.4	7.5	1
58324638.51136999	0.2	2.75	1
58458783.17700387	0.6	10.9	1
58593087.16025249	0.6	12.7	1
58727525.31446598	0.4	9.7	1
58862078.13043608	0.4	8.3	1
58996756.7562818	0.4	9.1	1
59132476.04750448	1.0	90.0	1
59268307.213454016	0.4	8.1	1
59404297.697018296	0.6	12.7	1
59540417.20195932	0.6	10.3	1
59676706.12326109	0.6	13.5	1
59813020.85003111	0.2	1.5	1
59949447.45152799	0.4	8.1	1
60086052.56666249	0.8	15.0	1
60222755.621375114	0.4	7.1	1
60360282.327849075	1.0	71.25	1
60497923.69607966	0.4	8.3	1
60635679.72606685	0.4	8.3	1
60773558.778899916	0.4	8.9	1
60911592.09997472	0.6	12.3	1
61049759.592014395	0.4	9.7	1
61188068.72886331	0.6	11.3	1
61326468.00425146	0.2	5.1	1
61465011.449135356	0.6	11.5	1
61603709.162260994	0.6	12.3	1
61742515.96308375	0.4	7.9	1
61881466.93340225	0.6	11.5	1
62020466.04706087	0.2	2.75	1
62159551.72519923	0.2	4.9	1
62298771.474087335	0.6	10.7	1
62438061.70418743	0.2	4.0	1
62577478.43097777	0.6	10.1	1
62717001.458435476	0.4	7.7	1
62856650.982583426	0.6	10.1	1
62996415.168487996	0.4	8.3	1
63136276.6410508	0.2	5.5	1
63276219.33101323	0.4	5.9	1
63416303.6657849	0.6	11.3	1
63556547.318171315	0.6	12.7	1
63696872.18795735	0.4	5.9	1
63837294.9973215	0.4	7.1	1
63977824.107353024	0.4	7.7	1
64118482.23876129	0.6	10.3	1
64259249.457866676	0.4	7.9	1
64400148.223035306	0.6	10.5	1
64541126.40456467	0.2	4.5	1
64682253.804962784	0.6	11.9	1
64823535.47360264	0.6	12.3	1
64964887.62345448	0.2	4.0	1
65106332.13882495	0.4	6.7	1
65248600.30595675	1.0	71.25	1
65391005.43108317	0.4	9.9	1
65533508.49578771	0.4	7.1	1
65676153.20530149	0.6	11.3	1
65818926.93619202	0.6	10.3	1
65961809.75477967	0.4	7.9	1
66104841.79223605	0.6	11.9	1
66248000.32638268	0.6	10.1	1
66391765.49867503	1.0	52.5	1
66535657.16765763	0.6	10.1	1
66679630.05403985	0.4	5.9	1
66824209.578567795	1.0	52.5	1
66968909.338911854	0.4	8.7	1
67113701.46477453	0.4	6.7	1
67258573.00699796	0.2	4.5	1
67403531.11370112	0.2	4.9	1
67548609.4562204	0.4	8.7	1
67693826.91886242	0.6	11.1	1
67839128.3859338	0.4	6.1	1
67985253.50476654	1.0	71.25	1
68131781.5292564	0.8	33.75	1
68278456.24792852	0.6	11.7	1
68425224.67919937	0.2	5.3	1
68572072.52683096	0.2	4.5	1
68719014.08706129	0.2	5.3	1
68866078.67013748	0.4	8.9	1
69013230.0446728	0.4	6.3	1
69160538.21213636	0.6	12.5	1
69307995.59846866	0.6	11.9	1
69455607.2530427	0.6	12.3	1
69603339.14343286	0.4	8.7	1
69751157.59830275	0.2	4.9	1
69899068.41869126	0.4	6.7	1
70047116.1970744	0.4	9.9	1
70195261.91503565	0.4	7.1	1
70343564.42592515	0.6	12.5	1
70491973.23748201	0.4	7.7	1
70640523.69384812	0.6	11.3	1
70789174.87682208	0.4	7.3	1
70937977.8033513	0.6	12.1	1
71086917.68787512	0.4	9.9	1
71236464.21054468	1.0	52.5	1
71386094.7376436	0.4	6.1	1
71535871.95892477	0.6	11.7	1
71685742.89280468	0.2	5.3	1
71835684.30789658	0.2	4.0	1
71985787.56528972	0.6	12.9	1
72135994.33632047	0.4	7.5	1
72286360.42496598	0.6	12.7	1
72436860.58436123	0.6	10.7	1
72587467.04442383	0.4	7.7	1
72738217.67398219	0.6	11.5	1
72889058.44207978	0.2	5.1	1
73039980.427577	0.4	5.9	1
73191044.05788346	0.6	11.3	1
73342236.70956665	0.6	10.3	1
73493568.4813726	0.6	11.1	1
73645046.94736078	0.6	11.7	1
73796640.0751056	0.4	8.3	1
73948377.37234615	0.6	11.5	1
74101155.33496365	1.0	90.0	1
74254070.25557576	0.4	9.9	1
74407154.59254862	0.6	13.5	1
74560375.8875161	0.4	9.9	1
74714420.8342449	1.0	71.25	1
74868555.91951296	0.2	5.1	1
75022772.22218063	0.4	5.9	1
75177071.51526855	0.2	4.7	1
75331463.17387508	0.4	6.7	1
75485936.04988123	0.4	5.9	1
75641015.56403312	1.0	52.5	1
75796188.79078373	0.2	5.3	1
75951493.40146947	0.4	9.5	1
76106915.46094157	0.4	8.5	1
76262424.3118728	0.4	6.3	1
76418003.64401601	0.2	4.0	1
76573666.9805886	0.4	6.1	1
76729414.32159056	0.4	6.1	1
76885187.46806076	0.2	1.5	1
77041050.7530702	0.2	5.1	1
77197011.32473789	0.2	5.5	1
77353094.91925144	0.4	8.9	1
77509312.58451474	0.6	10.7	1
77665630.97638589	0.4	7.3	1
77822055.66892442	0.4	7.7	1
77978561.57886256	0.4	5.9	1
78135206.60892345	0.6	11.1	1
78291985.8099492	0.4	9.7	1
78448851.80243409	0.4	6.3	1
78605765.93825908	0.2	2.75	1
78762794.7358407	0.4	8.3	1
78919921.47300042	0.4	7.1	1
79077179.59409527	0.4	9.5	1
79234569.09912524	0.4	9.5	1
