63.92066785883739	0.2	4.0	1
189.76200357651217	0.2	4.0	1
357.5506124382091	0.2	2.75	1
598.4449901990399	0.2	4.7	1
901.2600358187082	0.2	4.0	1
1277.1808503375105	0.2	4.7	1
1675.0755432855196	0.2	1.5	1
2114.917509377551	0.2	2.75	1
2616.68014332842	0.2	4.0	1
3140.4166557084955	0.2	1.5	1
3734.0631938333345	0.2	4.5	1
4369.657005102195	0.2	2.75	1
5027.224694800263	0.2	1.5	1
5726.7396576423525	0.2	2.75	1
6468.201893628465	0.2	2.75	1
7231.638008043784	0.2	1.5	1
8056.99479031794	0.2	4.0	1
8924.298845736119	0.2	2.75	1
9833.55017429832	0.2	2.75	1
10812.711528605283	0.2	4.5	1
11861.782908657011	0.2	4.5	1
12952.80156185276	0.2	2.75	1
14116.925983947644	0.2	4.7	1
15322.997679186548	0.2	2.75	1
16598.979400170218	0.2	4.5	1
17896.934999583093	0.2	1.5	1
19256.811266854806	0.2	4.0	1
20686.597559871283	0.2	4.5	1
22189.489621786895	0.2	4.7	1
23765.48745260164	0.2	4.7	1
25403.40595127522	0.2	4.0	1
27063.29832837801	0.2	1.5	1
28745.164583910006	0.2	1.5	1
30449.00471787121	0.2	1.5	1
32174.818730261617	0.2	1.5	1
33922.606621081235	0.2	1.5	1
35743.500280799984	0.2	4.7	1
37626.31460837757	0.2	4.0	1
39531.102814384365	0.2	1.5	1
41477.838293535184	0.2	2.75	1
43494.48379843077	0.2	4.5	1
45553.07657647037	0.2	2.75	1
47681.579380254734	0.2	4.5	1
49852.029457183125	0.2	2.75	1
52092.389559856274	0.2	4.5	1
54402.65968827419	0.2	4.5	1
56786.035585591235	0.2	4.7	1
59191.38536133749	0.2	1.5	1
61669.84090598288	0.2	4.7	1
64190.24372377229	0.2	2.75	1
66772.56720942054	0.2	4.0	1
69376.864573498	0.2	1.5	1
72023.10921071947	0.2	2.75	1
74711.30112108498	0.2	2.75	1
77469.40305719525	0.2	4.5	1
80249.47887173473	0.2	1.5	1
83071.50195941822	0.2	2.75	1
85955.44571496056	0.2	4.0	1
88861.3633489321	0.2	1.5	1
91789.25486133284	0.2	1.5	1
94790.25214263271	0.2	4.7	1
97853.17009179143	0.2	4.0	1
100958.03531409417	0.2	2.75	1
104124.82120425576	0.2	4.0	1
107361.5171201621	0.2	4.5	1
110671.31880496758	0.2	4.7	1
114054.22625867219	0.2	4.7	1
117510.23948127593	0.2	4.7	1
121039.35847277881	0.2	4.7	1
124641.58323318082	0.2	4.7	1
128313.7180193276	0.2	4.5	1
132007.82668390358	0.2	1.5	1
135763.8560163384	0.2	4.0	1
139541.85922720243	0.2	1.5	1
143381.78310592528	0.2	4.0	1
147291.61701039292	0.2	4.5	1
151223.42479328974	0.2	1.5	1
155197.1798493306	0.2	2.75	1
159232.8555732303	0.2	4.0	1
163338.44132287477	0.2	4.5	1
167513.937098264	0.2	4.5	1
171711.40675208243	0.2	1.5	1
175930.85028433008	0.2	1.5	1
180192.24108972173	0.2	2.75	1
184475.6057735426	0.2	1.5	1
188832.0762262626	0.2	4.7	1
193230.49395212662	0.2	2.75	1
197690.83234584949	0.2	4.0	1
202173.14461800156	0.2	1.5	1
206677.43076858282	0.2	1.5	1
211251.62694490887	0.2	4.5	1
215847.7969996641	0.2	1.5	1
220485.91432756337	0.2	2.75	1
225165.97892860667	0.2	2.75	1
229868.01740807915	0.2	1.5	1
234631.97655541048	0.2	4.0	1
239417.90958117103	0.2	1.5	1
244273.75263267633	0.2	4.5	1
249171.54295732564	0.2	2.75	1
254091.30716040416	0.2	1.5	1
