232.10832973672854	0.6	13.5	1
1483.226370306431	1.0	71.25	1
3753.354121709107	1.0	71.25	1
6203.353258523954	0.4	8.7	1
9171.930513595167	0.8	33.75	1
13427.941087613293	1.0	90.0	1
17867.98100992663	0.4	8.9	1
22458.786577470866	0.4	7.3	1
27568.17026327147	0.8	33.75	1
33964.98726801899	1.0	90.0	1
40520.885843763484	0.4	7.7	1
47827.370522227015	1.0	52.5	1
55334.51640051791	0.4	9.7	1
62989.08653431161	0.2	4.7	1
70690.02611135089	0.2	1.5	1
79678.39900733708	1.0	90.0	1
88800.90569702201	0.4	6.5	1
98942.42209753992	1.0	71.25	1
109222.23025463962	0.4	6.7	1
119674.68982880161	0.6	10.1	1
130293.52143576463	0.2	5.3	1
141059.77729823047	0.2	4.7	1
152010.0625089915	0.4	8.9	1
163107.77197525537	0.2	4.7	1
174410.30060422962	0.4	9.9	1
185901.01654438212	0.4	9.1	1
198142.31858725366	1.0	52.5	1
210508.93914544673	0.2	4.0	1
223089.4748237664	0.6	12.5	1
235859.85512875847	0.6	11.1	1
248826.73867069487	0.4	9.5	1
261990.34412314775	0.6	11.5	1
275307.6897568695	0.2	4.9	1
288856.143720328	0.6	13.5	1
302621.9514458351	0.6	12.7	1
316617.6827794562	0.8	15.0	1
330789.1275356064	0.4	8.5	1
345082.23219680623	0.4	5.9	1
359578.93605236657	0.6	11.9	1
374200.95842324843	0.2	4.0	1
388990.3782908934	0.4	8.1	1
403952.48611710547	0.2	5.5	1
419069.51755143143	0.4	7.5	1
434387.2101855848	0.4	9.7	1
449911.9406560207	0.6	12.1	1
465577.7794561933	0.2	4.5	1
481416.26967342827	0.6	10.1	1
497426.3153503093	0.4	8.3	1
513577.46935692703	0.2	4.5	1
529904.3367860739	0.4	8.5	1
546451.9966191914	0.6	12.9	1
563124.9749676305	0.2	4.0	1
579936.2450726513	0.4	6.7	1
596927.3865630843	0.4	8.7	1
614065.1357358652	0.4	7.1	1
631361.9664796431	0.4	7.7	1
648848.6418500934	0.6	11.1	1
666531.820457488	0.4	9.5	1
684401.405049633	0.6	10.9	1
702502.0979715148	0.6	13.5	1
720728.1094087181	0.2	4.0	1
739973.1305567543	1.0	71.25	1
759343.4702201121	0.2	4.0	1
778864.5755287008	0.4	7.3	1
798599.5959574161	0.6	12.5	1
818518.6457344266	0.4	8.9	1
838617.5668968492	0.4	8.7	1
858902.8940440223	0.6	10.9	1
879341.9613724643	0.2	4.9	1
899974.3119695007	0.6	11.3	1
920799.9458351316	0.6	11.3	1
941785.6358077974	0.2	5.1	1
962971.9869802906	0.4	9.7	1
984358.4987052223	0.6	11.7	1
1005870.8282980866	0.4	6.1	1
1027555.8458495181	0.2	5.5	1
1049394.6035822185	0.2	4.9	1
1071464.4696446555	0.6	13.5	1
1093701.7332038556	0.4	8.1	1
1116092.7369443246	0.2	4.9	1
1139002.3188030499	0.8	33.75	1
1162115.4998561358	0.6	11.9	1
1185354.4987771544	0.4	6.1	1
1208783.3423248453	0.6	11.1	1
1232405.4691411308	0.6	11.3	1
1256224.3178679326	0.6	11.5	1
1280793.7526974536	1.0	52.5	1
1305543.0589123867	0.4	8.7	1
1330338.7345705654	0.2	1.5	1
1355180.7796719896	0.2	1.5	1
1380144.4846784635	0.4	5.9	1
1405311.788879298	0.6	11.9	1
1430604.411595454	0.2	4.0	1
1456069.6857286722	0.6	10.1	1
1481707.6478204576	0.2	5.5	1
1507521.6999712272	0.6	10.3	1
1533511.8421809813	0.6	10.3	1
1559669.3818874983	0.4	8.1	1
1586010.9509423105	0.4	8.9	1
1612528.6100561072	0.6	10.3	1
1639180.4029636024	0.4	6.5	1
1666032.3564235363	0.6	11.7	1
1693114.2334915842	0.8	15.0	1
1720368.798518199	0.2	5.5	1
1747770.7878003167	0.2	4.7	1
1775327.7006905484	0.4	7.5	1
1803064.4849661922	0.4	8.7	1
1831001.4297942745	0.6	11.7	1
1859126.5619335352	0.4	9.1	1
1887410.7756437927	0.4	7.7	1
1915842.4136095531	0.2	4.7	1
1944437.2911091936	0.4	7.9	1
1973192.224715869	0.2	5.1	1
2002143.8802330608	0.6	11.5	1
2031271.2491727816	0.4	8.5	1
2060612.533232629	0.6	12.5	1
2090121.2147892397	0.4	8.1	1
2119859.819953964	0.8	15.0	1
2149757.5066896854	0.4	7.7	1
2179776.8533304567	0.4	5.9	1
2210001.019133938	0.4	9.9	1
2240435.661415624	0.6	12.3	1
2271388.881815566	0.8	33.75	1
2302467.42073083	0.2	4.0	1
2333759.874766221	0.6	12.5	1
2365228.4188605957	0.6	10.3	1
2396890.246223565	0.6	11.3	1
2428705.8137678034	0.2	4.9	1
2460643.041217091	0.4	5.9	1
2492706.0865343115	0.4	6.1	1
2526056.565170479	1.0	90.0	1
2559620.958926773	0.6	12.5	1
2593352.7501798305	0.4	8.1	1
2627239.4650410013	0.4	7.5	1
2661293.5773989353	0.4	8.1	1
2695552.50891958	0.4	9.9	1
2730032.232844195	0.6	12.9	1
2764683.5122284563	0.4	8.3	1
2799468.9254064164	0.4	6.5	1
2834484.2621924905	0.8	15.0	1
2869624.917493886	0.2	4.0	1
2904890.891310603	0.2	4.0	1
2941444.298446267	1.0	90.0	1
2978156.787152928	0.4	7.7	1
3015044.9892821177	0.4	8.5	1
3052093.2475183425	0.2	5.1	1
3089321.3771399795	0.4	8.7	1
3126700.2724068477	0.4	7.3	1
3164234.09128183	0.4	7.5	1
3201972.729319522	0.4	9.9	1
3239849.6591137964	0.4	6.7	1
3277902.678967055	0.6	10.3	1
3316159.298014674	0.6	11.9	1
3354587.472521939	0.4	8.3	1
3393199.676377499	0.4	8.9	1
3431946.0140267583	0.4	6.5	1
3470852.4077830524	0.2	5.1	1
3509899.909869083	0.2	4.5	1
3549127.2833405263	0.4	8.7	1
3589373.6665228023	1.0	71.25	1
3629783.289238958	0.4	7.9	1
3670352.968062149	0.2	5.1	1
3711152.5704934536	0.8	15.0	1
3752159.210761041	0.6	12.1	1
3793324.932599625	0.4	7.7	1
3835009.232556466	0.8	33.75	1
3876815.1924183564	0.4	5.9	1
3918801.023665659	0.4	8.7	1
3960962.944971946	0.6	10.3	1
4003304.7376636453	0.4	8.7	1
4045819.2183139115	0.2	5.5	1
4088544.175442382	0.6	12.3	1
4131473.9517335636	0.4	9.9	1
4174557.4682060136	0.2	4.9	1
4218391.5707811825	1.0	52.5	1
4262422.395266868	0.6	11.5	1
4307740.6530715	1.0	90.0	1
4353241.878218961	0.6	10.7	1
4398935.448640483	0.4	9.3	1
4444795.391094807	0.2	5.3	1
4490785.3093799455	0.4	6.3	1
4536821.59710833	0.2	1.5	1
4582992.018630412	0.4	6.5	1
4629350.627463674	0.4	9.1	1
4675940.344626673	0.6	13.5	1
4722718.249100849	0.4	9.1	1
4769668.841533593	0.2	5.5	1
4816757.725722918	0.4	6.7	1
4864365.1880305	0.8	33.75	1
4912135.889871961	0.4	7.9	1
4960117.068191628	0.6	12.3	1
5009117.256222127	1.0	71.25	1
5059136.4539634595	1.0	71.25	1
5109338.61904762	0.6	10.7	1
5159687.3918141285	0.4	7.1	1
5210157.824485687	0.4	5.9	1
5260794.629190045	0.2	5.3	1
5311561.40972522	0.4	6.3	1
5362469.298590131	0.2	4.5	1
5413561.216803337	0.4	8.9	1
5464825.822975111	0.2	5.5	1
5516609.007265141	0.8	33.75	1
5568567.904977701	0.4	8.5	1
5620699.4906488275	0.2	5.5	1
5673027.79823047	0.6	11.5	1
5725402.475255359	0.2	1.5	1
5777911.286073946	0.4	6.5	1
5830616.818803051	0.6	11.5	1
5883529.389368437	0.6	12.1	1
5936652.436412028	0.6	12.3	1
5989941.8554884195	0.2	5.3	1
6043452.066968782	0.6	12.9	1
6097121.360020141	0.4	7.7	1
6150928.944828083	0.4	6.7	1
6204936.690188463	0.6	11.7	1
6259099.359156957	0.4	7.5	1
6313438.118184435	0.6	10.3	1
6367965.064523092	0.4	9.1	1
6422664.6622788105	0.6	10.1	1
6478114.846137248	1.0	52.5	1
6533753.2173068635	0.4	9.1	1
6589521.564307295	0.4	6.3	1
6645493.510502087	0.6	11.9	1
6701696.565026616	0.6	13.5	1
6758087.806862323	0.4	9.1	1
6814689.525176235	0.6	12.3	1
6871429.535246728	0.4	6.7	1
6928920.131419941	1.0	52.5	1
6986557.335275501	0.4	7.1	1
7044361.936627825	0.4	8.1	1
7102377.014458353	0.6	12.3	1
7160585.375557475	0.6	11.3	1
7218973.608042009	0.4	8.7	1
7277408.20996979	0.2	1.5	1
7336022.683282982	0.4	8.7	1
7394851.0717163	0.6	12.5	1
7453842.6996834995	0.4	7.9	1
7514121.760969645	1.0	90.0	1
7574590.666882464	0.6	11.1	1
7635219.628902317	0.2	5.1	1
7696038.435548843	0.6	11.1	1
7757053.745432313	0.4	9.5	1
7818286.409077832	0.6	12.7	1
7879666.496978853	0.2	4.7	1
7941243.306790391	0.6	11.5	1
8003024.93576464	0.4	9.9	1
8065023.918500937	0.6	12.7	1
8127254.00956697	0.6	13.5	1
8189634.866278235	0.4	7.3	1
8252191.436412029	0.4	8.5	1
8314965.360307871	0.6	12.7	1
8377927.471514892	0.4	9.1	1
8441044.506330026	0.4	7.5	1
8504315.28132643	0.2	4.9	1
8567796.532801038	0.6	12.3	1
8631461.81362394	0.4	8.9	1
8695315.281758022	0.4	9.1	1
8759322.490073372	0.2	4.9	1
8824617.131707668	1.0	90.0	1
8890087.86340095	0.6	10.3	1
8955769.071572436	0.6	12.3	1
9021681.388073659	0.6	13.5	1
9087640.074018126	0.2	1.5	1
9153720.419867644	0.4	5.9	1
9219987.171701912	0.6	10.9	1
9286388.057329878	0.4	6.5	1
9354076.376276793	1.0	90.0	1
9421971.73305999	0.6	12.1	1
9490039.777801754	0.2	5.5	1
9558262.746151632	0.4	7.5	1
9626661.427924039	0.4	8.5	1
9695260.270248884	0.6	11.7	1
9764069.589051934	0.6	12.3	1
9833020.016184721	0.2	4.5	1
9902125.366925621	0.4	7.5	1
9971448.07142857	0.6	12.7	1
10040943.463890087	0.2	5.5	1
10110593.779959718	0.4	7.5	1
10180394.861674579	0.4	7.3	1
10250359.18292332	0.4	7.9	1
10320509.910156813	0.6	10.9	1
10390871.113868508	0.6	12.3	1
10461404.968997266	0.6	10.1	1
10532149.30060423	0.6	12.3	1
10603034.74054093	0.2	4.5	1
10674075.104085743	0.4	7.5	1
10745303.654941736	0.4	9.1	1
10816715.173140556	0.6	10.7	1
10888331.510502087	0.4	9.9	1
10961235.281182565	1.0	90.0	1
11034314.765285572	0.4	8.5	1
11107594.409941018	0.6	11.7	1
11181015.162926199	0.2	4.5	1
11254561.234426703	0.2	4.0	1
11328266.387498204	0.4	7.7	1
11402201.464177819	0.8	15.0	1
11476261.859372756	0.2	4.0	1
11550497.967990221	0.4	8.5	1
11625753.086318519	1.0	71.25	1
11701161.944828086	0.2	4.9	1
11776777.841173936	0.6	12.1	1
11852597.336714145	0.6	11.9	1
11928599.799597183	0.6	10.7	1
12004774.913897283	0.6	10.1	1
12081117.425694147	0.4	8.1	1
12157632.625449577	0.2	5.5	1
12234337.66983168	0.6	11.1	1
12311256.62933391	0.6	12.5	1
12388376.250035968	0.4	9.7	1
12465696.031290464	0.6	11.7	1
12543766.398647679	1.0	52.5	1
12622012.856063878	0.6	10.3	1
12700397.605236659	0.4	6.7	1
12778942.410516474	0.2	5.1	1
12857704.56955834	0.6	12.7	1
12936656.573226877	0.6	11.1	1
13015791.544238241	0.6	10.7	1
13096213.948568553	1.0	90.0	1
13176857.145302836	0.6	12.9	1
13257683.309379946	0.6	10.7	1
13338685.563516041	0.6	10.3	1
13419817.793482952	0.4	6.3	1
13501071.683354912	0.4	5.9	1
13582459.707020571	0.4	6.5	1
13664044.452596748	0.6	11.5	1
13745825.701409869	0.4	9.5	1
13827786.478923896	0.6	10.5	1
13909914.653934686	0.4	8.1	1
13992189.436627824	0.4	7.1	1
14074656.564595023	0.4	9.3	1
14157209.536541505	0.2	2.75	1
14239962.669040427	0.6	11.7	1
14322879.041073227	0.4	7.9	1
14405881.257085312	0.2	2.75	1
14489113.39670551	0.8	15.0	1
14572508.775859589	0.4	7.9	1
14656029.9728816	0.4	6.1	1
14739637.013882894	0.2	2.75	1
14823440.776794706	0.6	11.5	1
14907427.507049344	0.6	10.7	1
14991535.897209033	0.4	5.9	1
15075811.684865486	0.4	8.1	1
15160246.554092934	0.4	7.7	1
15244727.79276363	0.2	1.5	1
15329350.139764061	0.2	4.5	1
15414176.085958853	0.6	11.9	1
15499202.192706084	0.6	11.7	1
15584412.32880161	0.4	8.9	1
15669798.178319665	0.4	8.5	1
15755314.003668536	0.4	6.3	1
15840955.147532728	0.2	4.0	1
15926730.425190618	0.4	6.5	1
16013524.712559342	1.0	71.25	1
16100460.108257802	0.2	4.5	1
16187571.217378791	0.4	8.5	1
16274836.06668105	0.2	4.9	1
16362307.953819592	0.6	12.1	1
16449984.660120843	0.4	9.9	1
16537807.974104442	0.4	7.1	1
16626650.297798874	1.0	71.25	1
16715703.09797151	0.6	12.3	1
16804987.006473884	0.6	13.5	1
16894475.73413897	0.4	9.9	1
16984089.780319374	0.2	4.0	1
17073750.195943024	0.2	1.5	1
17163496.455545958	0.2	2.75	1
17253397.638757005	0.4	7.5	1
17343471.50992662	0.2	5.5	1
17433670.69961156	0.2	4.0	1
17524045.97935548	0.6	10.3	1
17614638.61286145	0.6	12.7	1
17705414.21371025	0.6	10.7	1
17796365.527981576	0.4	8.5	1
17887523.880089186	0.6	12.1	1
17978808.050064728	0.4	6.1	1
18070280.40735145	0.4	9.1	1
18161970.11840022	0.6	12.7	1
18253835.54287152	0.4	8.5	1
18345894.250611413	0.6	11.3	1
18438078.27686663	0.2	4.0	1
18530387.621637166	0.2	4.0	1
18622893.469644647	0.4	9.5	1
18715629.24126024	0.8	15.0	1
18808585.805279806	0.6	12.9	1
18901705.608833253	0.4	7.9	1
18994976.17803193	0.4	7.3	1
19088387.855560344	0.2	4.5	1
19181958.614659753	0.4	7.7	1
19275736.411595445	0.6	12.1	1
19369721.24636742	0.6	12.1	1
19463926.873543367	0.6	12.9	1
19558287.424327426	0.4	7.5	1
19652815.37260825	0.4	8.1	1
19747536.604157664	0.6	11.3	1
19842421.075240962	0.4	7.9	1
19937510.36548697	0.4	9.9	1
20032729.63156379	0.4	6.3	1
20128152.496834975	0.6	11.9	1
20223768.645374753	0.6	11.3	1
20319568.823262826	0.4	8.9	1
20415553.030499194	0.4	8.9	1
20511690.977916833	0.2	4.9	1
20607958.901165288	0.4	6.3	1
20704398.379873388	0.4	8.3	1
20801058.650985457	0.6	12.9	1
20897860.030427262	0.2	4.5	1
20994812.1755143	0.4	7.3	1
21091974.79707954	0.6	12.3	1
21189284.02632713	0.4	7.1	1
21286800.293411	0.6	12.1	1
21384463.98475038	0.2	4.7	1
21482320.95935835	0.6	11.3	1
21580328.699611552	0.4	7.3	1
21678503.837361515	0.4	8.1	1
21776908.898719594	0.8	15.0	1
21875435.619982723	0.4	5.9	1
21974117.264853965	0.4	7.5	1
22072987.097036384	0.4	9.1	1
22172375.50733706	0.8	33.75	1
22271902.209394317	0.4	6.7	1
22371600.466911223	0.4	8.3	1
22471461.963962007	0.4	7.9	1
22571507.490361087	0.4	8.9	1
22671729.10681915	0.6	10.3	1
22772154.322471574	0.6	11.9	1
22872709.513954815	0.4	6.3	1
22973350.54941734	0.2	2.75	1
23074181.429506537	0.6	11.1	1
23175205.592864327	0.6	11.3	1
23276402.40763918	0.6	10.1	1
23377789.067040704	0.6	11.1	1
23479369.009710822	0.6	11.3	1
23581112.191914823	0.4	7.9	1
23683010.297726937	0.4	7.5	1
23785068.459646083	0.2	5.1	1
23887260.75535893	0.4	6.5	1
23989645.39634584	0.4	9.3	1
24092202.725291315	0.2	5.5	1
24194845.898216072	0.2	2.75	1
24297649.127247866	0.2	5.1	1
24400577.674794983	0.2	4.0	1
24503673.61983886	0.4	8.1	1
24606976.60271902	0.6	12.1	1
24710442.825133063	0.4	7.9	1
24814105.76945762	0.6	11.5	1
24917815.08322542	0.2	1.5	1
25021649.715508547	0.2	4.0	1
25125674.192418344	0.6	11.1	1
25229852.40950941	0.2	4.9	1
25334231.2878003	0.4	9.7	1
25438744.299884893	0.4	6.5	1
25543460.911163844	0.6	11.9	1
25648344.91993956	0.4	8.1	1
25753446.282477323	0.6	12.7	1
25858720.29643215	0.6	10.1	1
25964744.896489695	1.0	52.5	1
26070961.8418213	0.4	9.3	1
26177304.60502084	0.4	6.1	1
26283854.40605666	0.6	12.1	1
26390576.858509544	0.6	10.1	1
26498318.32067326	1.0	71.25	1
26606249.62746365	0.6	11.1	1
26714353.622212607	0.2	5.5	1
26822640.584304392	0.6	10.7	1
26931053.364264112	0.4	6.1	1
27039625.225794826	0.4	7.7	1
27148338.19565528	0.2	4.5	1
27257801.75161845	1.0	52.5	1
27368284.31729245	1.0	71.25	1
27478905.174723037	0.4	6.7	1
27589712.438138373	0.6	10.9	1
27700641.36145876	0.4	5.9	1
27811729.36635014	0.4	7.7	1
27922990.05920009	0.2	5.5	1
28034336.596029323	0.2	2.75	1
28145829.740540903	0.4	7.1	1
28258341.894763317	1.0	71.25	1
28371033.92037114	0.4	8.7	1
28483811.78995825	0.2	2.75	1
28596796.69738164	0.6	12.1	1
28709998.958567083	0.6	12.7	1
28823408.257588807	0.6	12.1	1
28936990.208027594	0.6	10.1	1
29050756.187814675	0.4	8.9	1
29164668.775284104	0.4	7.1	1
29278788.400589816	0.6	12.1	1
29393038.001726344	0.4	6.3	1
29507492.42202558	0.4	9.9	1
29623234.275643766	1.0	90.0	1
29739160.158610247	0.4	8.9	1
29855265.91296214	0.4	8.7	1
29971544.3552726	0.2	5.5	1
30087982.85369009	0.2	5.1	1
30204607.758092336	0.6	10.9	1
30321437.481657293	0.4	9.9	1
30438434.60271901	0.4	8.1	1
30555594.963314608	0.4	7.9	1
30672896.432239942	0.2	4.5	1
30790380.868508104	0.6	10.7	1
30908061.808013212	0.4	9.5	1
31025956.662638444	0.6	12.5	1
31144082.625593416	0.6	13.5	1
31262356.01280389	0.2	4.7	1
31380770.5083441	0.2	4.5	1
31499374.84851098	0.6	11.1	1
31618158.71737877	0.6	10.5	1
31737093.35189179	0.4	7.3	1
31857315.419723757	1.0	90.0	1
31977663.305423655	0.4	6.1	1
32098152.299453292	0.2	4.5	1
32218872.401812665	0.6	13.5	1
32339772.032872945	0.6	10.5	1
32460718.03337647	0.2	1.5	1
32581857.31714859	0.6	11.3	1
32703193.104157653	0.4	9.5	1
32824711.858509544	0.6	10.7	1
32946447.966623485	0.6	12.7	1
33069203.08444826	1.0	71.25	1
33192154.924183547	0.6	11.5	1
33315306.924471274	0.6	11.7	1
33438580.58466405	0.4	5.9	1
33562046.59013089	0.4	9.3	1
33685705.87886632	0.6	11.3	1
33809883.745720014	0.8	33.75	1
33934580.19069196	0.8	33.75	1
34060295.645374745	1.0	71.25	1
34186190.62875843	0.6	10.5	1
34312261.7022011	0.6	10.3	1
34438505.463602334	0.2	5.5	1
34564890.333333306	0.2	4.5	1
34691506.31139401	0.6	13.5	1
34818327.10861743	0.4	9.9	1
34945273.723708786	0.4	6.1	1
35072420.99999997	0.4	9.7	1
35199731.51582503	0.4	7.9	1
35327242.19220253	0.6	11.7	1
35454924.42403968	0.4	8.3	1
35582731.974392146	0.2	4.0	1
35710729.36937129	0.6	11.1	1
35838899.41576749	0.6	10.1	1
35967262.74543229	0.6	11.3	1
36095819.35836568	0.6	11.3	1
36224535.052870065	0.4	7.7	1
36353433.714717284	0.6	10.7	1
36482520.563875675	0.4	9.1	1
36611774.810530834	0.4	8.1	1
36741176.48144149	0.2	4.7	1
36870770.497626215	0.4	9.3	1
37000883.09192919	0.8	33.75	1
37131121.5041001	0.4	6.1	1
37261507.340526514	0.2	4.7	1
37392123.10056104	0.8	15.0	1
37522864.179110885	0.2	4.0	1
37653746.36599047	0.2	4.5	1
37784766.844626635	0.4	6.7	1
37915970.290605634	0.6	10.7	1
38047349.826643616	0.6	10.3	1
38178892.60221548	0.4	7.9	1
38310640.19695005	0.4	9.9	1
38442473.635663904	0.2	2.75	1
38574486.60307866	0.6	10.5	1
38706729.49410154	0.8	15.0	1
38839138.757157214	0.2	5.3	1
38971734.42619764	0.6	10.9	1
39104513.06258089	0.6	10.7	1
39238579.13228309	1.0	90.0	1
39372811.57401809	0.2	5.3	1
39507232.20306427	0.4	9.1	1
39641828.54553298	0.4	8.5	1
39776654.811609805	0.8	15.0	1
39911636.00129474	0.4	7.5	1
40046742.509495	0.2	4.0	1
40182062.93281538	0.6	12.5	1
40317573.200762436	0.6	11.1	1
40453290.506545775	0.6	12.1	1
40589180.50028768	0.2	5.5	1
40725821.080132306	1.0	52.5	1
40862620.74154793	0.4	7.7	1
40999630.87944175	0.6	12.3	1
41136820.54603649	0.6	10.5	1
41274176.584664024	0.2	5.3	1
41412820.05661051	1.0	90.0	1
41551630.926053755	0.4	8.1	1
41690624.76283983	0.6	10.7	1
41829756.891382486	0.4	6.7	1
41969014.33844046	0.2	4.0	1
42108426.70910656	0.4	7.5	1
42248039.740972474	0.4	9.7	1
42387812.82894543	0.2	5.1	1
42528336.5030211	1.0	52.5	1
42669032.82851383	0.6	10.1	1
42809892.39354044	0.4	7.9	1
42951770.96827789	1.0	71.25	1
43094168.12113359	0.8	33.75	1
43236695.249820106	0.4	6.3	1
43379408.784491375	0.6	10.9	1
43522353.42749238	0.6	13.5	1
43665494.573730335	0.4	9.5	1
43808819.74931658	0.4	8.9	1
43952230.76888211	0.2	2.75	1
44095862.580851614	0.6	12.9	1
44239687.67608971	0.6	11.3	1
44383699.17731256	0.6	10.9	1
44527911.33973523	0.4	9.7	1
44672245.16206296	0.4	5.9	1
44816758.51309159	0.6	10.5	1
44961492.65652419	0.6	12.9	1
45106440.715076916	0.6	12.5	1
45251581.118903704	0.4	9.3	1
45396807.366709776	0.2	2.75	1
45542213.14321675	0.6	10.5	1
45687819.58092356	0.4	9.7	1
45833615.863257036	0.6	11.1	1
45979587.85901304	0.4	8.5	1
46125764.67393176	0.4	9.9	1
46272171.41245859	0.8	15.0	1
46419865.58430437	1.0	90.0	1
46567790.864479885	0.6	13.5	1
46715762.514098644	0.2	1.5	1
46863880.77139975	0.4	7.1	1
47012228.952308975	0.8	15.0	1
47160711.267011896	0.4	6.5	1
47309398.40087753	0.4	9.9	1
47459372.9680621	1.0	90.0	1
47610634.96856563	1.0	90.0	1
47762022.287584476	0.2	4.0	1
47913568.68817432	0.4	7.7	1
48066134.098475	1.0	71.25	1
48218866.90627244	0.4	8.1	1
48371762.95360376	0.4	7.9	1
48524780.66084013	0.4	5.9	1
48677990.713350564	0.4	9.3	1
48831373.41727806	0.6	10.1	1
48984940.150553845	0.4	8.9	1
49138695.07114081	0.4	9.1	1
49292650.65292761	0.4	9.7	1
49446813.27255068	0.6	12.1	1
49601158.85951658	0.6	10.7	1
49755664.502589524	0.2	5.1	1
49910304.27945616	0.4	6.5	1
50065157.97144292	0.6	12.5	1
50220204.008703746	0.4	9.3	1
50375426.13602356	0.6	10.3	1
50530824.353402354	0.6	10.3	1
50686419.29269166	0.6	11.5	1
50842214.8931808	0.4	9.7	1
50998210.65422238	0.6	11.7	1
51154361.33887207	0.4	7.5	1
51310665.763703026	0.2	4.9	1
51467016.55797723	0.2	1.5	1
51623559.697525494	0.4	9.3	1
51780332.760681875	0.8	15.0	1
51937289.85318655	0.4	8.9	1
52094430.97503952	0.4	8.9	1
52251744.78485106	0.2	5.5	1
52410346.02798154	1.0	90.0	1
52569135.458423205	0.4	9.1	1
52728078.629046135	0.2	4.9	1
52887160.09142565	0.4	6.7	1
53046442.21500499	0.4	9.7	1
53205878.0787656	0.2	4.9	1
53365360.31196946	0.2	1.5	1
53525015.19659038	0.6	10.1	1
53684829.1627823	0.4	7.7	1
53844781.42073079	0.4	6.7	1
54004881.10293479	0.2	4.7	1
54165153.436555855	0.6	10.1	1
54325547.43008196	0.4	5.9	1
54486142.0848079	0.4	9.7	1
54646783.10897709	0.2	1.5	1
54807942.71126453	0.8	33.75	1
54969295.59682056	0.6	11.3	1
55130845.20428711	0.6	11.5	1
55292577.77909649	0.6	10.7	1
55454486.443964854	0.6	10.3	1
55616599.92799593	0.4	9.9	1
55778867.15220827	0.2	4.9	1
55941180.745863855	0.2	1.5	1
56103648.079700716	0.2	4.9	1
56266332.76729962	0.6	12.7	1
56429143.27276646	0.4	6.1	1
56593241.21155225	1.0	90.0	1
56757543.96950074	0.4	9.9	1
56921994.15170474	0.2	4.7	1
57086665.12631271	0.6	12.9	1
57251546.57739888	0.6	12.3	1
57416604.11854404	0.6	10.3	1
57581858.38159972	0.6	11.5	1
57748400.07797434	1.0	90.0	1
57915096.697957076	0.4	7.5	1
58081919.135807745	0.4	6.1	1
58248924.541001245	0.6	10.7	1
58416140.42267295	0.6	12.3	1
58583482.12221258	0.4	6.1	1
58751003.35045312	0.6	10.5	1
58918716.92396773	0.4	9.3	1
59087449.50719316	1.0	71.25	1
59256370.27772978	0.4	9.1	1
59425511.84067036	0.6	12.9	1
59594836.370953776	0.6	10.7	1
59764282.561142236	0.4	5.9	1
59933933.57049341	0.4	9.9	1
60103744.635951616	0.2	5.1	1
60273752.42332034	0.6	11.5	1
60443890.186519876	0.4	6.3	1
60614245.30348147	0.6	12.7	1
60784773.07186012	0.6	10.1	1
60955454.58042004	0.2	4.9	1
61126266.064810775	0.4	6.3	1
61297282.36836422	0.4	9.9	1
61468439.780247405	0.2	4.5	1
61639744.61638609	0.2	4.7	1
61811095.82196803	0.2	1.5	1
61982613.39958276	0.2	5.3	1
62154256.795065425	0.4	6.1	1
62326088.377859265	0.4	9.1	1
62498938.97036394	1.0	71.25	1
62672540.148971334	1.0	52.5	1
62846341.988778554	0.4	9.7	1
63020303.88469281	0.2	5.1	1
63194458.12588113	0.4	9.3	1
63368785.055028014	0.2	5.5	1
63543332.77657887	0.6	12.9	1
63718060.026830636	0.6	10.5	1
63892962.99050493	0.4	8.5	1
64068059.23744781	0.6	11.3	1
64243328.13580776	0.6	10.1	1
64418764.431664474	0.4	8.1	1
64594390.57214786	0.6	11.1	1
64770176.76873828	0.2	5.1	1
64946123.02143573	0.2	5.1	1
65122253.30348148	0.4	8.9	1
65298587.18472159	0.6	11.9	1
65475114.34923029	0.6	11.3	1
65651792.279384226	0.4	7.3	1
65828666.712775104	0.4	9.5	1
66005694.88634725	0.2	4.9	1
66182870.4841749	0.2	4.7	1
66360176.057833366	0.4	6.3	1
66537661.160192735	0.6	10.5	1
66715300.00273338	0.2	4.9	1
66893085.45295637	0.4	7.1	1
67071059.090490535	0.4	9.1	1
67249186.46820597	0.2	4.9	1
67427544.95425114	0.6	13.5	1
67605989.28427559	0.2	2.75	1
67784650.9680621	0.6	12.7	1
67963398.4958279	0.2	2.75	1
68142338.36886775	0.4	9.3	1
68321466.42921878	0.4	9.1	1
68500720.30743775	0.4	6.1	1
68680179.00481942	0.4	9.9	1
68859855.05596314	0.6	12.7	1
69039734.70630123	0.6	11.9	1
69220364.94274202	1.0	52.5	1
69401215.9715868	0.6	12.9	1
69582201.13422526	0.4	6.5	1
69763386.45741618	0.6	11.7	1
69944722.54625231	0.4	7.3	1
70126234.72514743	0.6	10.3	1
70307894.32829805	0.2	4.7	1
70490572.9411595	1.0	71.25	1
70673427.64407994	0.6	10.3	1
70856408.16486831	0.4	6.1	1
71039589.34685652	0.4	9.7	1
71223521.11494744	1.0	52.5	1
71407632.75442377	0.4	8.7	1
71591958.30902022	0.6	12.5	1
71776477.14688528	0.6	11.3	1
71961227.09308007	0.6	13.5	1
72146156.56797577	0.6	10.5	1
72331315.96647958	0.8	15.0	1
72516672.08689392	0.6	11.5	1
72702175.63156375	0.2	4.7	1
72888197.75435184	0.8	33.75	1
73074416.59905045	0.6	11.5	1
73260819.47309735	0.4	8.9	1
73447418.8503812	0.4	9.5	1
73634214.73090199	0.4	9.5	1
73822029.62113361	1.0	71.25	1
74010011.908862	0.4	8.1	1
74198214.98899435	0.6	12.9	1
74386539.72903176	0.4	5.9	1
74575044.34045458	0.4	8.7	1
74764299.53798011	1.0	52.5	1
74953738.76485394	0.4	8.9	1
75143381.59092213	0.6	11.9	1
75333204.28837574	0.4	8.7	1
75523181.90943745	0.4	7.5	1
75713678.10861742	0.8	33.75	1
75904300.12566534	0.4	6.1	1
76095108.548698	0.6	10.9	1
76286051.10552435	0.4	6.5	1
76477169.37577324	0.4	8.5	1
76668467.51740754	0.4	8.7	1
76859912.26672418	0.4	7.1	1
77051510.7562221	0.2	4.9	1
77243340.35404974	0.6	13.5	1
77435304.0856711	0.4	6.5	1
77627468.47849227	0.4	9.7	1
77819846.78643358	0.6	12.5	1
78012310.93835416	0.2	2.75	1
78204989.00539488	0.6	12.5	1
78397850.03977841	0.6	10.7	1
78590858.49841745	0.2	4.7	1
78784067.61825633	0.4	9.7	1
78977463.14407995	0.6	10.9	1
79171042.69925188	0.4	8.9	1
79364822.41497622	0.6	11.7	1
79558727.4492159	0.2	4.0	1
79752792.53956261	0.2	5.1	1
79947011.37009059	0.2	4.9	1
80141413.1679614	0.6	10.7	1
80335861.33527546	0.2	1.5	1
80530514.32175222	0.4	9.9	1
80725213.67767224	0.2	1.5	1
80921200.4669112	1.0	90.0	1
81117367.12753557	0.4	8.7	1
81313734.44935976	0.4	9.7	1
81510269.16868073	0.4	8.1	1
81706963.94410872	0.2	5.1	1
81903780.37944177	0.4	5.9	1
82100776.34347571	0.6	10.5	1
82297944.99546823	0.2	5.5	1
82495235.3073658	0.4	5.9	1
82692679.35944465	0.2	4.9	1
82890257.54531719	0.4	6.5	1
83088035.89174217	0.6	11.7	1
83285998.26751544	0.4	8.9	1
83484101.75161844	0.2	4.5	1
83682360.15932956	0.4	7.5	1
83880802.59638898	0.4	8.9	1
84079370.35196371	0.2	4.0	1
84278141.70673281	0.6	11.9	1
84477043.03733273	0.4	6.3	1
84676069.68644796	0.2	4.0	1
84875242.94324555	0.4	7.1	1
85074602.60602787	0.6	10.9	1
85274113.03445543	0.4	7.3	1
85473770.8871385	0.2	4.7	1
85673604.82988055	0.6	10.3	1
85873643.59178531	0.4	9.9	1
86073845.59322396	0.4	7.9	1
86274244.31657311	0.6	11.5	1
86475161.61804053	0.8	33.75	1
86676829.50561066	1.0	52.5	1
86878668.94864044	0.4	8.3	1
87080698.23629689	0.6	11.1	1
87282878.28959857	0.4	7.3	1
87485144.18687953	0.2	2.75	1
87687557.508416	0.2	4.7	1
87890143.48136953	0.6	10.1	1
88092876.0620054	0.4	7.1	1
88295796.82995246	0.4	9.1	1
88498924.63573581	0.6	12.1	1
88702248.94475609	0.4	9.5	1
88905780.29161265	0.6	12.1	1
89109501.4830959	0.6	11.1	1
89314510.10789809	1.0	90.0	1
89520037.31081852	0.8	33.75	1
89725761.23564948	0.6	11.5	1
89931531.52992369	0.2	1.5	1
90137522.61660187	0.6	12.9	1
90344532.71299088	1.0	71.25	1
90551715.46079695	0.6	10.1	1
90759064.58063583	0.2	5.3	1
90966620.73831098	0.6	12.1	1
91174377.55718596	0.4	9.7	1
91382337.97525531	0.6	11.9	1
91590449.15896988	0.4	7.3	1
91798736.43274343	0.6	10.3	1
92007157.8403107	0.4	6.5	1
92215763.27722624	0.4	8.9	1
92424541.36555885	0.6	10.1	1
92633838.03200972	0.8	33.75	1
92843348.61358072	0.6	12.5	1
93053035.2852107	0.6	10.3	1
93262872.72248591	0.4	7.3	1
93472886.24982011	0.6	10.3	1
93683047.20140982	0.2	4.7	1
93893349.26132925	0.2	4.5	1
94103822.87670833	0.4	8.3	1
94314476.36347282	0.4	8.7	1
94525296.22227012	0.2	5.3	1
94736162.45051065	0.2	1.5	1
94947114.52273047	0.2	2.75	1
95158283.94871235	0.6	12.7	1
95369499.74413747	0.2	1.5	1
95580840.8580779	0.2	4.0	1
95792413.08034807	0.6	13.5	1
96004195.77909645	0.6	12.3	1
96216104.29571277	0.4	6.1	1
96428172.86843611	0.2	5.1	1
96640382.5494892	0.2	4.5	1
96852768.32060127	0.6	10.3	1
97065347.37498194	0.6	11.3	1
97278123.15127312	0.6	11.5	1
97491105.96540058	0.6	12.1	1
97704276.96683922	0.4	9.1	1
97917586.26003444	0.4	6.7	1
98131075.42461507	0.4	8.7	1
98344719.51280382	0.4	7.5	1
98558536.28895114	0.2	5.5	1
98772474.72500351	0.4	5.9	1
98986931.73917413	0.8	33.75	1
99201595.79118103	0.6	12.1	1
99416432.5311465	0.2	5.5	1
99631457.45842315	0.4	9.1	1
99846678.88893674	0.4	9.5	1
100062121.11185431	0.6	12.9	1
100277729.70680468	0.2	5.3	1
100493479.41008478	0.2	4.5	1
100710516.54668383	1.0	90.0	1
100927712.76485388	0.4	7.7	1
101145122.89814405	0.6	12.5	1
101362658.34994955	0.2	4.0	1
101580366.45317212	0.6	10.1	1
101798200.3742626	0.4	6.1	1
102016120.13933237	0.2	2.75	1
102234211.45986179	0.4	8.3	1
102452495.12566526	0.4	9.3	1
102670983.61063145	0.4	9.9	1
102889635.33513153	0.4	7.9	1
103108476.90425827	0.6	11.1	1
103327515.19529553	0.6	11.5	1
103546745.83160685	0.4	9.3	1
103766117.57624792	0.2	4.5	1
103985689.48144141	0.6	11.7	1
104205434.07459347	0.2	5.5	1
104425325.27542788	0.4	7.1	1
104645409.75953089	0.6	11.3	1
104865678.2729822	0.4	8.9	1
105086157.2629117	0.6	12.3	1
105306850.16796134	0.6	12.5	1
105527722.60171188	0.6	10.5	1
105748742.45971793	0.2	4.7	1
105969808.68716721	0.2	1.5	1
106191047.56603356	0.6	10.1	1
106412433.05258225	0.4	7.1	1
106634025.57696722	0.6	12.1	1
106855759.20968194	0.2	4.5	1
107077686.12566525	0.6	11.3	1
107299743.01747938	0.4	6.3	1
107523087.34261245	1.0	90.0	1
107746607.7578045	0.6	10.3	1
107970300.86095512	0.2	5.5	1
108194225.07243548	0.6	13.5	1
108418342.56718443	0.6	11.3	1
108642601.17026313	0.2	4.5	1
108867052.11861588	0.4	9.3	1
109091624.72687368	0.4	5.9	1
109316351.07531275	0.2	4.9	1
109541199.08365688	0.4	5.9	1
109766172.41051632	0.2	4.0	1
109991376.84570551	0.6	13.5	1
110217099.85901295	0.8	33.75	1
110443023.03287283	0.6	11.7	1
110669132.61271745	0.6	10.9	1
110895434.53783613	0.4	9.3	1
111121862.28082275	0.4	6.1	1
111349309.0335202	1.0	71.25	1
111576885.76204848	0.4	6.3	1
111804642.36196217	0.4	8.7	1
112032587.14918703	0.4	9.1	1
112260678.54409423	0.4	7.1	1
112488916.54668379	0.4	7.1	1
112717361.58710963	0.6	12.1	1
112945986.15623637	0.6	10.5	1
113174736.04387844	0.2	4.0	1
113403662.02157949	0.6	10.3	1
113632798.47575875	0.6	12.3	1
113862094.98604503	0.2	5.1	1
114091608.85009336	0.6	12.7	1
114321269.32182404	0.4	7.1	1
114551116.19953948	0.6	10.9	1
114781139.1673139	0.6	10.3	1
115011247.97906761	0.2	2.75	1
115241550.07408991	0.6	11.3	1
115472066.08423235	0.6	12.5	1
115702766.12372306	0.4	8.9	1
115933626.21932082	0.2	5.1	1
116164653.71241534	0.4	8.1	1
116395822.3138396	0.2	4.5	1
116627194.51445821	0.6	11.9	1
116859854.14839578	1.0	90.0	1
117093801.21565229	1.0	90.0	1
117327941.5661774	0.6	11.3	1
117562254.60466106	0.2	5.5	1
117796730.88267861	0.4	7.9	1
118031293.00467545	0.2	2.75	1
118266605.712775	1.0	52.5	1
118502084.79290736	0.2	5.3	1
118737764.53423955	0.4	9.7	1
118974194.86167444	1.0	52.5	1
119210808.15645218	0.6	10.7	1
119447576.37483802	0.4	7.5	1
119684561.94698592	0.6	12.7	1
119921710.75866769	0.4	7.9	1
120159032.25830804	0.2	5.5	1
120396529.4713709	0.4	8.5	1
