197.16740646797717	0.6	12.9	1
496.7463538363982	0.2	4.0	1
927.1750158528853	0.2	5.1	1
1494.6372859860494	0.4	7.7	1
2206.303741280913	0.4	8.1	1
3089.6827309236946	0.6	11.3	1
4098.74085816952	0.2	4.9	1
5238.6487000634115	0.2	5.1	1
6544.272458254069	0.4	9.3	1
8046.063622912703	0.6	12.9	1
9695.644261255547	0.4	8.3	1
11449.99091101247	0.4	5.9	1
13360.765800042273	0.6	10.3	1
15464.651236525046	0.6	12.7	1
17694.21581061086	0.2	4.9	1
20129.118368209678	0.6	13.5	1
22754.074614246456	0.6	12.5	1
25498.138025787357	0.4	6.7	1
28450.649756922423	0.8	15.0	1
31593.215176495454	0.6	12.5	1
34907.4931304164	0.6	11.3	1
38399.59733671528	0.6	11.7	1
42063.414077362075	0.6	11.3	1
45868.42168674698	0.2	5.5	1
49775.84083703233	0.2	4.0	1
53788.02599873176	0.4	5.9	1
57990.264848869156	0.6	12.5	1
62385.61424645952	0.6	12.7	1
66946.56246036779	0.6	10.9	1
71673.22659057281	0.4	9.3	1
76583.8306911858	0.6	12.1	1
81666.14732614669	0.6	11.3	1
86917.76516592686	0.4	9.5	1
92302.8313253012	0.4	7.5	1
97792.66349608962	0.4	5.9	1
103444.62629465229	0.4	9.1	1
109566.84781230184	0.8	33.75	1
115801.00591841049	0.4	6.3	1
122193.70936377087	0.4	8.9	1
128739.78418938913	0.6	10.1	1
135472.85584443033	0.6	12.3	1
142389.8674698795	0.6	12.1	1
149475.5347706616	0.6	11.1	1
156697.22236313674	0.2	5.3	1
164105.90678503487	0.6	12.3	1
171626.5277953921	0.4	6.3	1
179184.92813358697	0.2	1.5	1
186936.43901923482	0.6	12.7	1
194792.71591629676	0.4	5.9	1
202817.6484886916	0.6	11.1	1
212026.93299513843	1.0	90.0	1
221409.10399492705	0.4	9.7	1
230946.23504544492	0.4	8.7	1
240658.1354893257	0.6	11.5	1
250535.75184950326	0.4	9.3	1
261103.82350454447	1.0	52.5	1
271709.6744874234	0.2	1.5	1
282477.65609807655	0.4	9.1	1
293386.25660536886	0.4	7.9	1
304451.2853519341	0.6	10.3	1
315647.16381314734	0.2	5.1	1
326976.4905939548	0.4	7.5	1
338501.9847812302	0.6	12.9	1
350147.98752906366	0.2	4.7	1
361913.0974424012	0.4	6.7	1
373834.63559501164	0.6	10.3	1
386226.43246670894	0.8	33.75	1
398774.65757767914	0.6	10.3	1
411491.5383639822	0.6	11.1	1
424370.5497780596	0.4	9.1	1
437386.59480025363	0.4	7.7	1
450543.8306911858	0.2	5.5	1
463820.17374762206	0.4	6.7	1
477274.3430564363	0.6	11.7	1
490766.29169308813	0.2	1.5	1
504378.748890298	0.2	4.7	1
518181.25977594586	0.6	12.5	1
532127.9748467554	0.4	8.1	1
546240.4058338617	0.4	9.3	1
560497.0410061297	0.4	8.1	1
574925.3887127456	0.6	11.3	1
589479.4155569646	0.2	4.9	1
604148.7803846966	0.2	4.5	1
618933.4831959415	0.2	4.5	1
633844.4637497356	0.4	7.1	1
648945.4979919677	0.6	12.5	1
664208.6628619741	0.4	9.1	1
679677.1657154934	0.6	13.5	1
695338.7791164657	0.6	12.7	1
711205.7305009511	0.6	13.5	1
727213.3007820755	0.4	7.9	1
743374.2424434578	0.6	10.1	1
759676.3749735783	0.2	5.5	1
776099.0160642568	0.2	4.7	1
792991.9158740222	0.8	33.75	1
810029.0198689492	0.4	8.1	1
827192.4016064254	0.4	7.1	1
844489.2316634958	0.4	7.5	1
861973.0585499891	0.6	12.3	1
879597.5043331217	0.4	7.9	1
897378.3783555271	0.6	10.3	1
915321.3830057067	0.4	9.1	1
933369.1536673005	0.4	5.9	1
951558.1151976323	0.2	5.5	1
969873.3544705133	0.4	7.1	1
988258.6891777633	0.2	2.75	1
1006824.9069964063	0.6	11.9	1
1025516.8039526523	0.2	4.9	1
1044414.0388924113	0.6	13.5	1
1063473.4044599445	0.4	9.1	1
1082725.8805749307	0.6	12.7	1
1102147.01236525	0.6	11.1	1
1121704.1644472622	0.2	5.3	1
1141363.7280701748	0.2	4.0	1
1161204.1748044805	0.6	11.9	1
1181199.5815895153	0.4	8.7	1
1201378.9283449582	0.6	12.1	1
1221745.271929824	0.6	12.3	1
1242271.1006129778	0.6	10.5	1
1262899.3408370318	0.2	4.0	1
1283664.6146692026	0.4	7.7	1
1304550.3970619314	0.2	4.7	1
1325632.3468611282	0.6	12.9	1
1346919.634643838	0.6	13.5	1
1368361.882477277	0.4	8.7	1
1389912.4816106525	0.4	6.1	1
1412153.5360388919	1.0	52.5	1
1434499.3564785453	0.4	5.9	1
1457007.307545973	0.4	9.1	1
1479683.9142887336	0.6	11.1	1
1502568.9693510884	0.8	15.0	1
1525628.793806806	0.6	11.5	1
1548818.4812935952	0.4	7.3	1
1572045.948108222	0.2	1.5	1
1595343.510357218	0.2	2.75	1
1618797.500845487	0.6	10.3	1
1642370.59849926	0.4	6.7	1
1666084.315049672	0.4	7.9	1
1689970.918093426	0.4	9.7	1
1714010.8925174377	0.6	10.1	1
1738216.5828577464	0.4	9.3	1
1762552.1362291267	0.4	7.3	1
1787041.060980765	0.6	10.1	1
1811695.7016486998	0.4	9.3	1
1836465.8641936164	0.4	6.5	1
1861355.133904037	0.4	6.7	1
1886359.7415979707	0.2	4.5	1
1911530.065208201	0.4	9.3	1
1936837.422426548	0.4	7.7	1
1962316.4921792431	0.6	11.3	1
1987914.6690974422	0.4	6.7	1
2013653.4649122804	0.4	7.9	1
2039557.8595434367	0.6	10.9	1
2065640.0804269707	0.6	11.7	1
2091887.9001268228	0.6	10.9	1
2118254.826992179	0.4	6.7	1
2144758.7874656515	0.4	7.7	1
2171428.463855421	0.4	9.3	1
2198202.906256605	0.4	5.9	1
2225103.6264003376	0.4	7.1	1
2252148.550729232	0.4	8.1	1
2279346.846438384	0.6	10.1	1
2306675.991862185	0.2	5.1	1
2334695.592580849	1.0	52.5	1
2363185.4520186	0.8	33.75	1
2391848.1979496926	0.4	9.7	1
2420658.7333544698	0.4	8.3	1
2449627.8140984983	0.4	8.9	1
2478701.660853941	0.4	5.9	1
2507926.8823715905	0.4	8.5	1
2537267.6257662214	0.4	6.5	1
2566761.7405411103	0.6	10.1	1
2596364.206615936	0.4	6.1	1
2626114.462164446	0.4	8.3	1
2656001.751321072	0.4	7.7	1
2686058.341682518	0.4	9.5	1
2716287.8185373056	0.4	9.7	1
2746622.0614035074	0.4	5.9	1
2777064.6555696456	0.4	6.1	1
2807680.136229126	0.4	9.7	1
2838431.637180299	0.2	5.3	1
2869339.566370745	0.6	10.3	1
2900363.017438173	0.4	6.5	1
2931527.0874022394	0.4	7.9	1
2962793.568907207	0.2	4.0	1
2994253.160959627	0.6	12.7	1
3025824.6896005063	0.4	6.3	1
3057577.1013527787	0.6	11.9	1
3090266.916719509	1.0	71.25	1
3123108.1068484457	0.4	8.5	1
3156127.1232297607	0.6	11.7	1
3189351.4775945884	0.6	13.5	1
3222735.317057704	0.6	10.5	1
3256309.210209258	0.6	12.5	1
3289987.8693722254	0.4	5.9	1
3323835.184210526	0.6	11.1	1
3357784.9105897266	0.2	4.0	1
3391888.0083491853	0.6	10.1	1
3426093.517649545	0.2	4.0	1
3460464.625766222	0.6	10.9	1
3494972.7674910156	0.4	7.7	1
3529670.9629042475	0.6	12.5	1
3564538.4595222985	0.4	9.5	1
3599547.1470090877	0.2	5.5	1
3634664.185795814	0.4	6.1	1
3670471.679877403	1.0	52.5	1
3706438.6590572805	0.6	10.5	1
3742517.574825617	0.4	6.3	1
3778772.962375818	0.4	9.9	1
3815206.1761783967	0.6	11.7	1
3851814.1593743386	0.6	11.5	1
3888596.911963643	0.6	11.5	1
3925560.5476643406	0.6	11.9	1
3962686.725322341	0.6	10.7	1
4000002.9566687793	0.6	12.5	1
4037389.2834495865	0.2	2.75	1
4074968.720777847	0.6	12.7	1
4112716.8137814403	0.6	11.1	1
4150618.2781652915	0.6	10.1	1
4188706.7393785655	0.6	12.3	1
4226925.063622911	0.4	7.3	1
4265309.103783554	0.4	9.3	1
4303867.913337559	0.6	11.5	1
4342583.151130837	0.6	10.3	1
4381476.215176494	0.6	11.7	1
4420550.162333543	0.6	11.9	1
4459783.59458888	0.6	10.5	1
4499179.157471992	0.4	9.1	1
4538733.265694356	0.4	8.9	1
4578438.748678925	0.4	8.5	1
4618274.094694567	0.4	7.3	1
4658221.377298667	0.4	6.3	1
4698298.52293384	0.4	7.3	1
4738553.49482139	0.6	11.7	1
4778971.008666243	0.6	10.7	1
4819551.0644684	0.6	10.7	1
4860235.88628197	0.4	5.9	1
4901056.728387233	0.2	5.3	1
4942058.453603889	0.6	11.9	1
4983180.687381103	0.2	4.7	1
5024454.295920524	0.4	8.5	1
5065904.376241809	0.4	9.9	1
5107505.831325301	0.4	8.5	1
5149276.587613612	0.4	9.5	1
5191202.303952653	0.4	8.7	1
5233232.786303108	0.4	5.9	1
5275368.034664976	0.4	5.9	1
5317647.487212007	0.4	8.1	1
5360067.558655676	0.4	7.9	1
5402662.399492709	0.6	11.5	1
5445947.695624605	1.0	52.5	1
5489337.757767915	0.4	5.9	1
5532869.010779963	0.2	5.5	1
5576584.203762419	0.6	12.1	1
5620472.283238216	0.4	9.7	1
5664532.0752483625	0.6	11.3	1
5708775.807228916	0.6	12.1	1
5753156.572817586	0.4	7.7	1
5797670.786725851	0.4	7.5	1
5842371.997463538	0.6	12.3	1
5887263.2618896635	0.6	12.5	1
5932320.125132107	0.6	10.9	1
5977546.28957937	0.4	9.5	1
6022977.792010146	0.6	13.5	1
6068535.572183471	0.4	7.1	1
6114208.690340309	0.2	4.5	1
6160047.407313465	0.6	10.9	1
6206019.572606215	0.4	7.5	1
6252110.84506447	0.4	6.7	1
6298322.626083282	0.2	4.7	1
6344739.745085607	0.6	13.5	1
6391318.994715706	0.4	9.1	1
6438042.448530967	0.4	8.1	1
6484928.032974003	0.4	9.1	1
6531964.992179245	0.4	8.5	1
6579174.837877829	0.4	9.7	1
6626422.46290425	0.2	1.5	1
6673814.292115834	0.4	8.1	1
6721896.57662228	1.0	52.5	1
6770123.065313889	0.4	8.1	1
6818483.0023250915	0.4	7.5	1
6867011.595011627	0.6	11.1	1
6915680.806594802	0.4	7.9	1
6964540.0718664145	0.6	12.5	1
7013536.370746144	0.4	7.7	1
7062704.382160221	0.6	11.3	1
7112031.878672587	0.6	10.5	1
7161537.20143733	0.6	11.7	1
7211238.691608541	0.6	12.9	1
7261095.141830481	0.4	8.7	1
7311085.040372015	0.4	7.5	1
7361268.049461002	0.6	12.7	1
7411616.774466286	0.4	9.3	1
7462173.947791165	0.8	15.0	1
7512801.216550413	0.2	2.75	1
7563590.615937434	0.4	9.1	1
7614545.614140774	0.6	10.9	1
7665672.324878462	0.6	11.3	1
7716992.146163602	0.6	12.7	1
7768498.964278166	0.6	12.3	1
7820124.889558234	0.4	6.7	1
7871907.243077574	0.6	10.3	1
7923804.934580428	0.2	4.5	1
7975833.475797929	0.2	5.1	1
8028013.391777637	0.4	8.5	1
8080318.986894948	0.2	4.9	1
8132796.294546608	0.6	11.3	1
8185430.03043754	0.6	10.3	1
8238236.652821814	0.4	9.7	1
8291239.442612556	0.6	12.9	1
8344426.172373706	0.6	12.1	1
8397717.66814627	0.4	5.9	1
8451113.929930247	0.4	5.9	1
8504625.713591207	0.4	6.5	1
8558306.798456986	0.4	9.5	1
8612144.311562037	0.6	10.3	1
8666154.71116043	0.4	9.7	1
8720370.448742338	0.6	13.5	1
8774698.122912703	0.4	6.3	1
8829195.098287888	0.4	9.5	1
8883818.351405622	0.4	7.1	1
8938556.94250687	0.2	4.5	1
8993403.884908054	0.4	6.1	1
9048941.282604102	1.0	52.5	1
9104633.640350878	0.4	8.7	1
9160437.934686113	0.4	6.3	1
9216423.112132741	0.6	11.9	1
9272613.627562882	0.6	13.5	1
9328969.741809342	0.6	10.9	1
9385502.327837666	0.4	9.9	1
9442171.947474107	0.4	7.7	1
9498960.674276052	0.4	6.7	1
9555914.999894315	0.6	10.9	1
9613074.66349609	0.6	13.5	1
9670346.263686325	0.4	6.3	1
9727795.690128937	0.6	11.7	1
9785407.658528853	0.6	10.7	1
9843209.680617206	0.6	12.5	1
9901049.482033396	0.2	1.5	1
9959073.223419996	0.6	12.1	1
10017262.563622912	0.6	10.9	1
10075567.241809342	0.2	4.5	1
10133997.599133374	0.2	4.9	1
10192596.61213274	0.6	11.1	1
10251326.474846752	0.2	5.1	1
10310192.357852459	0.2	5.3	1
10369206.03033185	0.4	8.3	1
10428396.174593106	0.4	9.9	1
10487744.864193613	0.4	8.9	1
10547265.266328467	0.6	11.3	1
10606981.835869791	0.6	12.9	1
10666813.927288096	0.4	6.5	1
10726820.788099764	0.6	11.5	1
10786984.077150704	0.6	10.3	1
10847309.908158949	0.6	10.7	1
10907831.90657366	0.6	12.9	1
10968469.426865354	0.4	6.5	1
11029272.663073344	0.4	9.3	1
11090187.835869793	0.4	6.3	1
11151293.06235468	0.6	12.5	1
11212573.05823293	0.6	11.5	1
11273972.161276683	0.4	6.7	1
11335547.736102302	0.4	9.9	1
11397271.100401605	0.4	8.3	1
11459202.9130205	0.8	15.0	1
11521275.344536036	0.4	7.9	1
11583553.114035085	0.6	13.5	1
11645971.502430772	0.4	7.9	1
11708566.362608325	0.4	9.9	1
11771281.731346436	0.2	4.7	1
11834067.195518915	0.2	2.75	1
11896989.693299511	0.4	7.7	1
11960070.73641936	0.4	8.9	1
12023292.970407944	0.2	5.5	1
12086646.054111179	0.2	5.1	1
12150150.51257662	0.4	8.5	1
12213845.024730498	0.6	12.5	1
12277726.533713799	0.6	12.3	1
12341788.925808493	0.6	11.9	1
12406029.144155566	0.6	11.7	1
12470413.5666878	0.4	8.1	1
12534994.156626502	0.6	12.9	1
12599711.78017332	0.4	7.7	1
12664573.6079053	0.4	8.1	1
12729607.148171628	0.6	11.3	1
12794809.344113288	0.6	11.1	1
12860130.647220453	0.4	6.7	1
12925624.83682096	0.4	9.7	1
12991245.304164017	0.4	7.1	1
13056935.866941443	0.2	2.75	1
13122728.841259768	0.2	4.0	1
13188691.116782913	0.4	9.5	1
13254772.499471562	0.4	6.7	1
13321012.427499464	0.4	8.9	1
13387364.292115824	0.4	6.3	1
13453881.755548503	0.6	10.9	1
13521089.674276045	1.0	52.5	1
13588402.359015001	0.4	5.9	1
13655892.870006334	0.6	11.7	1
13723523.999894306	0.4	7.9	1
13791317.671739582	0.6	10.7	1
13860048.747199316	1.0	71.25	1
13928988.270978643	0.8	15.0	1
13998075.584231654	0.4	8.3	1
14067853.35277953	1.0	52.5	1
14137804.007820748	0.4	9.7	1
14207941.659691388	0.6	12.3	1
14278149.406996397	0.2	2.75	1
14348510.525681665	0.6	10.1	1
14418979.995666869	0.4	6.1	1
14489585.485943766	0.2	5.3	1
14560295.742232077	0.4	5.9	1
14631174.65419572	0.6	11.1	1
14702246.676706817	0.6	12.7	1
14773388.794652283	0.2	2.75	1
14844633.324138649	0.2	4.0	1
14915982.61963643	0.4	5.9	1
14988516.267068261	1.0	90.0	1
15061152.326040994	0.2	4.0	1
15133908.893574286	0.2	4.7	1
15206828.00306488	0.6	10.7	1
15279903.540794747	0.6	10.3	1
15353163.018495021	0.6	12.1	1
15426566.700380458	0.4	8.1	1
15500440.64098498	0.8	33.75	1
15574455.772458242	0.2	5.5	1
15648622.27869371	0.4	8.5	1
15722826.564257015	0.2	1.5	1
15797187.278059592	0.6	10.3	1
15871731.93183258	0.6	12.1	1
15946402.863348115	0.4	7.1	1
16021217.999048812	0.4	8.1	1
16096159.41249206	0.4	7.1	1
16171205.59194672	0.4	5.9	1
16246444.881948832	0.6	12.7	1
16321860.64373281	0.4	9.9	1
16397438.94747409	0.6	10.7	1
16473161.455400532	0.4	8.1	1
16549020.996935092	0.4	7.7	1
16625024.742654813	0.4	8.1	1
16701154.766117083	0.4	7.1	1
16777428.993764516	0.4	8.1	1
16853896.3319594	0.6	12.7	1
16930547.610124692	0.6	12.1	1
17007388.941978425	0.6	12.5	1
17084356.551574703	0.4	7.1	1
17161449.840308584	0.2	4.9	1
17238751.57736206	0.8	15.0	1
17316123.40984991	0.2	2.75	1
17393607.178926215	0.4	6.3	1
17471281.001690958	0.6	12.5	1
17550139.176389754	1.0	90.0	1
17629178.23419994	0.6	11.9	1
17708413.459416598	0.6	12.9	1
17787778.547664326	0.4	7.3	1
17867259.157789037	0.4	6.5	1
17946855.10589726	0.2	4.5	1
18026604.42538574	0.6	10.1	1
18106516.286831524	0.6	10.7	1
18186581.519657563	0.6	10.1	1
18266806.237581894	0.6	10.5	1
18347200.256711043	0.4	9.5	1
18427720.55358274	0.4	7.1	1
18508418.676706813	0.6	11.7	1
18589221.5658423	0.4	5.9	1
18670062.234305628	0.2	1.5	1
18751092.95645739	0.6	12.5	1
18832267.882794317	0.4	8.1	1
18913648.147114757	0.6	13.5	1
18995201.29792854	0.4	9.7	1
19076932.274994697	0.6	11.7	1
19158775.188649315	0.4	6.3	1
19240733.44028745	0.2	4.5	1
19322821.554956652	0.4	7.3	1
19405028.77679136	0.4	6.7	1
19487365.86165714	0.4	7.3	1
19569880.772775296	0.6	11.7	1
19652498.095434353	0.2	4.0	1
19735230.939970393	0.4	6.5	1
19818129.38332275	0.6	10.9	1
19901136.177975044	0.4	6.1	1
19984317.7420207	0.6	11.5	1
20067630.155781005	0.2	5.1	1
20151115.45603465	0.4	9.7	1
20234763.298245598	0.6	10.7	1
20318592.02356794	0.6	11.9	1
20402536.270767264	0.4	6.5	1
20486643.05992389	0.6	10.7	1
20570870.357641075	0.2	4.7	1
20655251.026738517	0.6	10.1	1
20739806.46522932	0.6	11.5	1
20824509.693193812	0.4	8.3	1
20909378.637074597	0.4	9.3	1
20994388.199852023	0.4	7.9	1
21079534.796237566	0.4	7.7	1
21164834.764003366	0.6	10.1	1
21250289.691819895	0.4	8.7	1
21335782.398964263	0.2	1.5	1
21421480.444092143	0.6	13.5	1
21507344.20513632	0.4	9.3	1
21593416.41450009	0.8	15.0	1
21679593.389875278	0.4	5.9	1
21765935.96406678	0.6	10.9	1
21852393.876241796	0.2	4.5	1
21938921.88385118	0.2	2.75	1
22025920.150179654	0.8	33.75	1
22113091.303001467	0.4	9.7	1
22200398.476114973	0.2	5.3	1
22287871.248044796	0.6	10.9	1
22375473.883005694	0.4	7.3	1
22463266.571655028	0.6	12.5	1
22551243.20027477	0.6	12.1	1
22639394.598287873	0.6	11.5	1
22727705.481399264	0.6	10.5	1
22816185.665715475	0.4	9.5	1
22904817.224793892	0.4	8.5	1
22993919.042591397	0.8	33.75	1
23083491.119107988	0.8	33.75	1
23173222.68072287	0.6	10.5	1
23263105.617099956	0.4	8.5	1
23353184.72088351	0.6	12.9	1
23443366.236207966	0.2	4.0	1
23533713.46744872	0.4	9.3	1
23624204.902874634	0.4	8.1	1
23714815.445466053	0.4	6.7	1
23805580.9481082	0.4	8.7	1
23896524.277002726	0.6	11.7	1
23987505.385225087	0.2	1.5	1
24078605.600612953	0.4	6.7	1
24169862.244240094	0.6	10.3	1
24261156.66719507	0.2	1.5	1
24352631.973261442	0.6	11.9	1
24445291.631261863	1.0	90.0	1
24538088.322870404	0.4	7.7	1
24631078.125026397	0.6	12.7	1
24724230.46913969	0.6	10.7	1
24817555.69974633	0.4	9.7	1
24911818.333967425	1.0	71.25	1
25006243.098816294	0.4	9.1	1
25100842.633058526	0.6	11.5	1
25195578.18759245	0.2	5.3	1
25290473.227224663	0.6	10.5	1
25385483.60484039	0.2	4.5	1
25480627.43077571	0.4	7.5	1
25575933.798668332	0.6	10.7	1
25671380.785457596	0.4	7.9	1
25766996.427922193	0.6	11.1	1
25862752.689283427	0.4	7.9	1
25958645.984252777	0.4	7.7	1
26054714.04861549	0.6	11.5	1
26150926.317163363	0.4	8.1	1
26247316.411963616	0.6	11.7	1
26343818.443352327	0.4	6.3	1
26440453.923060633	0.4	7.5	1
26537220.252483588	0.2	5.1	1
26634164.40815892	0.6	11.7	1
26731286.390086632	0.6	11.7	1
26828534.649756894	0.4	7.1	1
26925948.50824347	0.6	10.9	1
27023528.082646348	0.4	9.3	1
27121255.446522906	0.4	8.3	1
27219178.977805935	0.6	12.9	1
27317278.980870824	0.4	9.9	1
27415498.091101218	0.4	6.7	1
27513901.14130202	0.6	12.1	1
27612341.97083066	0.2	1.5	1
27711473.255654164	1.0	52.5	1
27810770.256393965	0.4	9.3	1
27910245.083386146	0.6	11.7	1
28009849.773409396	0.4	7.3	1
28109632.289685026	0.6	11.7	1
28210599.15789471	1.0	90.0	1
28311703.059712507	0.4	7.7	1
28413991.313464355	1.0	90.0	1
28516416.600824323	0.4	7.7	1
28618998.31642356	0.6	10.3	1
28721748.687698133	0.6	11.1	1
28824682.998943113	0.6	12.1	1
28927742.989325695	0.2	4.9	1
29030980.805960655	0.6	11.7	1
29135156.026210073	1.0	71.25	1
29239506.015852854	0.6	11.5	1
29343967.942084093	0.4	6.3	1
29448598.523990665	0.6	11.1	1
29553391.236525014	0.4	9.1	1
29658380.11646583	0.6	12.9	1
29763506.03001476	0.4	7.7	1
29868757.622701295	0.2	4.9	1
29974167.76072708	0.4	8.9	1
30079698.407313425	0.2	4.7	1
30185416.050729193	0.6	12.3	1
30291171.4734728	0.2	1.5	1
30397089.438173708	0.6	10.7	1
30503200.51342207	0.6	12.7	1
30609477.18748675	0.6	10.9	1
30715950.028957896	0.6	12.9	1
30822585.001056816	0.4	9.1	1
30929345.652293343	0.2	4.9	1
31036257.678292073	0.4	8.5	1
31143290.212851364	0.2	4.7	1
31250476.118790913	0.6	10.1	1
31357773.96131892	0.4	6.3	1
31465252.68695832	0.6	11.9	1
31572879.202071406	0.4	8.3	1
31680639.165504083	0.4	7.5	1
31788561.259564534	0.4	9.1	1
31896598.875501968	0.4	6.5	1
32004762.170577005	0.2	4.9	1
32113133.913971636	0.8	15.0	1
32221646.276262905	0.4	7.9	1
32330299.829422913	0.2	5.5	1
32439061.73388286	0.4	6.1	1
32547983.123441093	0.6	10.5	1
32657082.339251705	0.6	11.7	1
32766315.003381908	0.4	7.5	1
32875617.762946483	0.2	2.75	1
32985039.62967656	0.4	6.7	1
33094666.834390152	0.6	13.5	1
33204470.510885607	0.4	9.9	1
33314376.598921962	0.2	4.0	1
33424398.2088353	0.4	6.5	1
33534528.170048572	0.4	6.1	1
33644788.98097649	0.2	5.1	1
33755218.44757975	0.6	11.1	1
33865763.43605999	0.4	6.5	1
33976495.42136965	0.6	12.3	1
34087399.119213656	0.6	11.3	1
34198414.75364612	0.4	6.3	1
34309468.167406425	0.2	1.5	1
34420626.347178146	0.4	5.9	1
34531886.93849076	0.2	4.0	1
34643288.14870002	0.4	7.9	1
34754826.392517395	0.4	7.7	1
34866485.14489533	0.2	4.7	1
34978303.38237155	0.6	10.5	1
35090290.275523104	0.6	11.1	1
35202448.88120901	0.6	11.3	1
35315544.89050937	1.0	71.25	1
35428749.25110966	0.4	6.1	1
35542140.60853938	0.6	12.3	1
35655697.56478541	0.6	10.9	1
35769462.969351046	0.8	15.0	1
35884412.72585073	1.0	90.0	1
36000052.93764528	1.0	52.5	1
36116630.55305428	1.0	71.25	1
36233349.359332025	0.2	5.5	1
36350170.577150665	0.2	4.0	1
36467127.815261	0.2	5.3	1
36584256.765905686	0.6	11.3	1
36701557.42908472	0.6	11.3	1
36818977.19942925	0.4	6.7	1
36936526.83280486	0.4	7.3	1
37054191.98805745	0.4	6.5	1
37172034.96956242	0.6	11.7	1
37290068.004755825	0.6	12.5	1
37408203.45149013	0.2	4.0	1
37526522.83819484	0.6	12.1	1
37644982.84379619	0.4	7.9	1
37763480.62872539	0.2	1.5	1
37882171.524202034	0.6	12.7	1
38001552.87497354	1.0	52.5	1
38121093.71084334	0.6	10.5	1
38240839.88469665	0.6	13.5	1
38360730.26273511	0.4	8.1	1
38480732.577362046	0.4	6.3	1
38600850.22997249	0.2	4.5	1
38721142.651976295	0.6	11.5	1
38841611.545761965	0.4	9.9	1
38962255.208941	0.6	11.5	1
39083061.002747804	0.4	9.1	1
39203904.57588245	0.2	1.5	1
39324884.16930879	0.2	5.3	1
39445999.78302682	0.2	5.3	1
39567270.35679558	0.4	8.7	1
39688652.867152795	0.4	6.3	1
39810240.71549352	0.6	13.5	1
39932519.01912912	1.0	52.5	1
40054948.697526924	0.4	8.5	1
40177526.16539841	0.4	8.3	1
40300208.39928131	0.4	5.9	1
40422998.984464146	0.4	6.1	1
40545926.6032551	0.4	7.7	1
40668974.73060661	0.2	4.7	1
40792195.74445146	0.4	9.7	1
40915560.96248148	0.4	8.1	1
41038996.27594586	0.2	2.75	1
41162562.43912489	0.2	5.1	1
41286264.622595616	0.2	5.3	1
41410121.766117066	0.4	8.7	1
41534449.16835761	0.8	33.75	1
41658846.66603252	0.2	2.75	1
41783440.3311139	0.6	12.9	1
41908163.859226346	0.4	7.3	1
42033063.85912066	0.4	9.9	1
42158141.68526735	0.6	11.7	1
42283350.36112869	0.2	5.1	1
42408667.388289966	0.4	6.1	1
42534168.35542165	0.6	12.1	1
42659865.4899598	0.6	12.9	1
42785703.24339459	0.4	7.9	1
42911721.87994078	0.6	11.9	1
43037902.64711474	0.4	9.1	1
43164270.41111812	0.6	12.3	1
43291575.57873596	1.0	71.25	1
43419024.95053896	0.4	8.1	1
43546594.830902524	0.2	4.7	1
43674318.08264634	0.6	10.1	1
43802196.29444089	0.4	8.7	1
43930179.272246845	0.4	5.9	1
44058292.11308388	0.4	7.3	1
44186549.158106074	0.4	8.1	1
44314931.88226587	0.2	4.9	1
44443483.262101	0.6	11.1	1
44572207.52842947	0.4	9.7	1
44701127.96216441	0.6	12.9	1
44830985.79951381	1.0	71.25	1
44961048.97484672	0.6	13.5	1
45091252.76907627	0.4	7.9	1
45221590.01162542	0.4	7.5	1
45352089.384802334	0.4	9.1	1
45482772.69794966	0.6	12.1	1
45613526.10653136	0.2	2.75	1
45744487.96343265	0.8	15.0	1
45875609.30543222	0.6	10.5	1
46006896.24624812	0.6	10.9	1
46138287.95307543	0.4	5.9	1
46269805.33904035	0.2	4.9	1
46401470.514478944	0.4	8.3	1
46533276.88078628	0.2	5.5	1
46666020.65070807	1.0	71.25	1
46799948.77256392	1.0	90.0	1
46934039.43637706	0.6	10.7	1
47068307.926442586	0.6	11.7	1
47202702.09564571	0.2	4.9	1
47337280.20481925	0.6	12.1	1
47472045.310822204	0.6	12.3	1
47606918.7681251	0.4	6.1	1
47741970.05168038	0.6	11.7	1
47877158.36884377	0.4	7.7	1
48012451.452018574	0.4	5.9	1
48147925.41830477	0.6	11.9	1
48283555.81283024	0.6	10.3	1
48419391.54533922	0.6	13.5	1
48555386.762946494	0.6	10.5	1
48691501.08771927	0.4	6.7	1
48827756.60336078	0.2	5.5	1
48964114.53054319	0.2	4.0	1
49101656.80965966	1.0	90.0	1
49239325.36651868	0.4	7.1	1
49377150.351616964	0.6	10.3	1
49515165.39040369	0.6	12.5	1
49653338.97452967	0.4	8.9	1
49791663.93341785	0.4	8.5	1
49930100.828894496	0.4	6.3	1
50068707.02557596	0.4	9.5	1
50207428.56024093	0.2	4.5	1
50346309.58000419	0.6	10.5	1
50485349.14510671	0.4	8.9	1
50624561.59670257	0.4	9.7	1
50763899.72743603	0.2	4.9	1
50904422.21010354	1.0	90.0	1
51045085.311667696	0.4	7.9	1
51185863.75121536	0.2	4.5	1
51326850.63908262	0.8	15.0	1
51467945.87824982	0.4	6.1	1
51609174.56573661	0.4	7.5	1
51750529.53096595	0.4	7.1	1
51892025.68706402	0.2	5.5	1
52033630.19446203	0.4	6.1	1
52175350.03984356	0.2	4.5	1
52317244.65461845	0.6	11.5	1
52459177.04872118	0.2	1.5	1
52601284.21221727	0.6	11.5	1
52743575.31568377	0.6	12.1	1
52886010.62333543	0.4	8.1	1
53029383.334601544	1.0	71.25	1
53172928.932361	0.4	9.7	1
53316604.39315153	0.4	7.3	1
53460454.62333542	0.6	11.5	1
53604466.98414709	0.4	9.1	1
53748616.37856687	0.4	7.7	1
53892971.11097017	0.6	13.5	1
54037531.18135698	0.6	13.5	1
54183028.65535825	1.0	71.25	1
54328659.57767911	0.4	7.5	1
54474427.533608094	0.4	7.7	1
54620326.33925172	0.2	5.1	1
54766915.60019021	1.0	52.5	1
54913623.9682942	0.4	6.7	1
55060472.95529484	0.4	7.9	1
55207508.9391249	0.6	12.3	1
55354738.03350241	0.6	12.7	1
55502135.78355525	0.6	11.1	1
55649571.312935926	0.2	1.5	1
55797166.32741489	0.6	10.5	1
55944936.11128722	0.6	11.5	1
56093890.2470936	1.0	90.0	1
56243006.92485729	0.6	10.7	1
56392264.79348971	0.2	5.5	1
56541691.96332695	0.4	9.5	1
56691239.64172476	0.2	4.7	1
56840857.41555693	0.2	2.75	1
56990622.978862785	0.4	8.3	1
57140561.42866198	0.4	9.7	1
57290537.657789014	0.2	1.5	1
57440583.98235042	0.2	2.75	1
57590778.0963855	0.4	8.3	1
57741140.86609592	0.6	11.1	1
57891615.5723948	0.4	6.3	1
58042259.5798985	0.4	9.5	1
58193005.9989431	0.2	4.0	1
58343872.92654826	0.2	4.7	1
58494912.74064676	0.4	9.7	1
58646073.06330582	0.2	4.7	1
58797409.857746735	0.4	9.9	1
58948905.19752691	0.4	8.9	1
59100573.423800424	0.4	9.7	1
59252711.908793025	0.8	33.75	1
59405022.10631997	0.6	11.3	1
59557463.15356157	0.2	5.1	1
59710100.36820964	0.6	12.9	1
59862906.88406252	0.4	9.5	1
60015871.94525466	0.4	8.9	1
60168963.28418934	0.4	7.1	1
60322250.790530495	0.6	12.9	1
60475731.4074191	0.6	12.7	1
60629359.81378139	0.4	8.3	1
60784172.57207773	1.0	90.0	1
60939129.534559235	0.4	8.1	1
61094188.90858164	0.2	4.0	1
61249406.827943295	0.4	8.9	1
61404694.84273932	0.2	2.75	1
61560094.794123806	0.4	6.3	1
61716185.20080315	1.0	52.5	1
61872452.079264365	0.4	9.9	1
62029656.36134004	1.0	71.25	1
62187037.11519758	0.4	9.9	1
62344538.37761567	0.2	4.7	1
62502165.31917136	0.2	4.9	1
62659965.1472204	0.4	9.7	1
62817891.25301199	0.4	7.1	1
62975986.66000839	0.4	9.5	1
63134772.52229966	1.0	52.5	1
63294248.83988579	1.0	52.5	1
63453872.946945615	0.4	8.3	1
63613659.59596273	0.6	10.7	1
63773586.86387649	0.4	7.9	1
63933690.603572115	0.4	9.9	1
64094731.7468822	1.0	71.25	1
64255966.00073974	0.6	12.7	1
64417315.59258079	0.2	4.5	1
64578827.31504961	0.4	9.1	1
64740475.05781013	0.2	5.3	1
64903307.1525047	1.0	90.0	1
65066292.61857952	0.6	10.1	1
65229418.70355099	0.4	7.9	1
65392714.08972727	0.4	9.5	1
65556139.33893462	0.4	7.3	1
65719676.52473044	0.4	6.3	1
65883322.061826184	0.4	6.1	1
66047088.10748249	0.2	4.7	1
66210958.91915022	0.4	5.9	1
66375022.8413654	0.6	12.7	1
66539276.81726901	0.6	12.5	1
66703684.16455288	0.6	10.1	1
66868278.50866618	0.6	12.3	1
67033343.111498564	0.8	33.75	1
67198538.5640456	0.2	5.1	1
67363906.90308596	0.4	9.7	1
67529745.50084542	0.8	33.75	1
67695710.37634742	0.4	7.1	1
67861811.27214113	0.2	5.3	1
68028102.22162327	0.6	12.5	1
68195330.57471986	1.0	71.25	1
68362767.37613605	0.8	15.0	1
68530362.7228915	0.4	8.9	1
68698113.02969767	0.4	8.7	1
68866038.1058972	0.6	11.5	1
69034132.48330155	0.4	9.5	1
69202435.3090255	0.8	15.0	1
69370911.02124278	0.4	9.7	1
69539540.10484032	0.6	10.1	1
69708353.12840828	0.6	12.1	1
69877353.14880566	0.6	12.3	1
70046512.65430133	0.6	10.5	1
70215780.51109694	0.4	6.1	1
70385235.36472197	0.6	12.3	1
70554823.66666658	0.4	7.5	1
70724553.15947995	0.2	5.5	1
70894401.75945881	0.4	6.7	1
71064443.46998513	0.6	12.7	1
71234587.59205234	0.2	4.0	1
71404890.25945881	0.4	8.9	1
71575333.54576191	0.4	7.9	1
71745931.79211575	0.4	8.7	1
71916650.54703014	0.2	4.7	1
72087506.33555265	0.4	7.7	1
72258466.89008658	0.4	5.9	1
72429542.78260401	0.2	4.5	1
72601088.93384053	0.8	33.75	1
72772800.68389337	0.6	10.9	1
72944624.37053467	0.4	6.3	1
73116610.18780375	0.4	9.1	1
73288698.41661373	0.2	4.0	1
73460923.67903182	0.4	7.7	1
73633342.05199736	0.6	12.7	1
73805901.04385956	0.4	7.9	1
73978585.71485935	0.2	4.9	1
74151308.16518697	0.2	1.5	1
74324156.89325714	0.4	7.1	1
74497124.72849283	0.4	6.7	1
74670233.75459725	0.2	5.5	1
74843461.88786717	0.4	6.7	1
75016883.13168454	0.6	12.7	1
75190423.48266742	0.4	6.7	1
75364126.3756076	0.6	10.7	1
75537931.68008868	0.2	4.0	1
75711877.6034664	0.4	7.9	1
75885989.24276042	0.4	9.3	1
76060230.74508551	0.4	7.3	1
76234662.30109903	0.6	12.5	1
76409163.95254692	0.2	2.75	1
76583784.71116033	0.4	6.7	1
76758549.6739589	0.4	8.1	1
76933450.65704915	0.2	5.3	1
77108526.40953277	0.6	11.5	1
77283739.1956245	0.4	7.7	1
77459022.0771506	0.2	2.75	1
77634513.4069963	0.8	15.0	1
77810120.07482551	0.2	4.5	1
77985870.94683988	0.4	8.1	1
78161757.83914594	0.2	5.3	1
78337765.24001257	0.2	4.7	1
78514710.04449366	1.0	71.25	1
78691781.12671728	0.4	7.1	1
78870036.56087497	1.0	90.0	1
79048362.09046702	0.2	2.75	1
79226817.48309015	0.4	7.3	1
79405393.38427383	0.2	4.7	1
79584102.7337771	0.4	7.5	1
79763005.19382784	0.6	12.7	1
79942066.19921781	0.4	8.9	1
80121289.33523557	0.4	9.1	1
80300668.89949259	0.6	10.3	1
80480226.290002	0.6	11.7	1
80659949.3964277	0.4	9.3	1
80839798.78059596	0.4	7.1	1
81019819.87729856	0.6	11.3	1
81199970.83703223	0.4	7.3	1
81380248.07450844	0.4	7.1	1
81560665.9308813	0.4	7.9	1
81741253.08845899	0.4	9.5	1
81921878.0253645	0.2	1.5	1
82102643.58116665	0.4	7.9	1
82283571.26759659	0.4	9.1	1
82464664.66994281	0.4	9.3	1
82645951.18283649	0.6	12.7	1
82827346.0470301	0.4	6.1	1
83008778.69055156	0.2	1.5	1
83190373.87603033	0.6	10.7	1
83372084.39949259	0.2	4.5	1
83553942.71242854	0.4	8.3	1
83735952.4001267	0.4	8.5	1
83918098.10811655	0.2	5.3	1
84100369.49524401	0.2	4.9	1
84282782.0732402	0.2	5.5	1
84465338.85542156	0.4	8.1	1
84648000.40361433	0.4	5.9	1
84830795.4001267	0.4	7.5	1
85014774.74857311	1.0	90.0	1
85198891.13062765	0.4	7.7	1
85383176.1683575	0.6	11.1	1
85567594.65440696	0.4	7.5	1
85752189.61223829	0.4	9.9	1
85936892.92136955	0.4	6.1	1
86121801.56848432	0.6	13.5	1
86306883.10209244	0.4	9.7	1
86492085.14426112	0.2	4.7	1
86677474.18325922	0.6	12.3	1
86863047.16222772	0.6	12.1	1
87048793.02768956	0.4	9.7	1
87234672.341471	0.4	7.5	1
87420717.37116873	0.4	9.3	1
87606935.28735982	0.4	9.7	1
87793261.55485083	0.4	6.1	1
87979750.36429915	0.6	10.7	1
88166369.03677854	0.4	7.3	1
88353156.36493327	0.6	11.1	1
88540013.78852236	0.2	2.75	1
88727030.69720975	0.6	10.5	1
88914222.37529048	0.6	11.5	1
89101550.07366292	0.2	5.3	1
89289014.80564347	0.4	7.7	1
89476949.7963431	0.8	33.75	1
89665025.97791149	0.2	5.5	1
89853253.53424208	0.4	8.5	1
90042665.44250672	1.0	90.0	1
90232246.00644669	0.6	11.1	1
90421942.09226364	0.4	6.5	1
90611812.94747396	0.6	11.5	1
