28.3538109	0.4	8.1	1
71.4076218	0.6	12.3	1
386.41143270000003	1.0	90.0	1
417.56524360000003	0.4	8.9	1
452.2190545	0.4	9.9	1
701.5978654	1.0	71.25	1
738.3516763	0.6	10.5	1
772.3054872	0.4	9.7	1
804.8592981	0.4	9.3	1
850.013109	0.6	12.9	1
892.3669199	0.6	12.1	1
1141.7457308	1.0	71.25	1
1166.5995417000001	0.4	7.1	1
1219.1033526	0.8	15.0	1
1228.7321635	0.2	2.75	1
1273.8859744000001	0.6	12.9	1
1302.9397853	0.4	8.3	1
1334.7935962000001	0.4	9.1	1
1340.0474071	0.2	1.5	1
1379.601218	0.6	11.3	1
1412.1550289	0.4	9.3	1
1437.7088397999999	0.4	7.3	1
1484.9626506999998	0.6	13.5	1
1528.0164615999997	0.6	12.3	1
1560.5702724999996	0.4	9.3	1
1586.1240833999996	0.4	7.3	1
1624.9778942999997	0.6	11.1	1
1642.8317051999998	0.2	5.1	1
1695.3355160999997	0.8	15.0	1
1739.7893269999997	0.6	12.7	1
1792.2931378999997	0.8	15.0	1
1824.1469487999998	0.4	9.1	1
1849.7007596999997	0.4	7.3	1
1885.7545705999996	0.6	10.3	1
1908.5083814999996	0.4	6.5	1
1941.0621923999995	0.4	9.3	1
1976.4160032999996	0.6	10.1	1
2019.4698141999995	0.6	12.3	1
2048.5236250999997	0.4	8.3	1
2081.0774359999996	0.4	9.3	1
2330.4562468999998	1.0	71.25	1
2351.1100577999996	0.4	5.9	1
2381.5638686999996	0.4	8.7	1
2398.0176795999996	0.2	4.7	1
2423.5714904999995	0.4	7.3	1
2468.7253013999994	0.6	12.9	1
2497.0791122999995	0.4	8.1	1
2521.9329231999995	0.4	7.1	1
2556.5867340999994	0.4	9.9	1
2601.740544999999	0.6	12.9	1
2643.394355899999	0.6	11.9	1
2670.348166799999	0.4	7.7	1
2702.201977699999	0.4	9.1	1
2721.4557885999993	0.2	5.5	1
2765.2095994999995	0.6	12.5	1
2783.0634103999996	0.2	5.1	1
2792.6922213	0.2	2.75	1
2824.5460322	0.4	9.1	1
2861.9998431	0.6	10.7	1
2893.1536539999997	0.4	8.9	1
2912.4074649	0.2	5.5	1
2929.5612757999997	0.2	4.9	1
2948.1150866999997	0.2	5.3	1
2980.6688975999996	0.4	9.3	1
3021.6227084999996	0.6	11.7	1
3049.2765193999994	0.4	7.9	1
3101.7803302999996	0.8	15.0	1
3149.0341412	0.6	13.5	1
3189.2879521	0.6	11.5	1
3221.841763	0.4	9.3	1
3241.0955739	0.2	5.5	1
3277.1493848	0.6	10.3	1
3395.2781957	0.8	33.75	1
3400.5320066000004	0.2	1.5	1
3453.0358175000006	0.8	15.0	1
3482.0896284000005	0.4	8.3	1
3505.5434393000005	0.4	6.7	1
3530.3972502000006	0.4	7.1	1
3560.8510611000006	0.4	8.7	1
3598.3048720000006	0.6	10.7	1
3782.058682900001	1.0	52.5	1
3804.1124938000007	0.4	6.3	1
3843.6663047000006	0.6	11.3	1
3879.7201156000006	0.6	10.3	1
3902.4739265000007	0.4	6.5	1
3945.5277374000007	0.6	12.3	1
3970.3815483000008	0.4	7.1	1
4007.135359200001	0.6	10.5	1
4040.389170100001	0.4	9.5	1
4069.442981000001	0.4	8.3	1
4083.4467919000012	0.2	4.0	1
4106.200602800001	0.4	6.5	1
4142.254413700001	0.6	10.3	1
4175.508224600001	0.4	9.5	1
4202.462035500001	0.4	7.7	1
4223.815846400001	0.4	6.1	1
4268.2696573	0.6	12.7	1
4300.1234682	0.4	9.1	1
4344.5772791	0.6	12.7	1
4349.83109	0.2	1.5	1
