161.33714423333333	0.6	12.1	1
456.0114327	0.6	10.3	1
838.1895320666667	0.4	6.1	1
1355.8714423333336	0.4	9.3	1
1982.0571635000001	0.4	7.5	1
2698.246695566667	0.2	4.7	1
3531.9400385333333	0.4	8.1	1
4486.1371924	0.4	8.3	1
5608.338157166666	0.6	12.9	1
6863.876266166666	0.6	10.3	1
8254.918186066665	0.4	9.3	1
9757.463916866665	0.4	7.7	1
11311.013458566666	0.2	2.75	1
12958.566811166666	0.2	4.9	1
14717.623974666665	0.4	7.7	1
16594.184949066665	0.4	8.1	1
18600.249734366666	0.4	8.9	1
20682.318330566664	0.2	4.0	1
23182.265737666665	0.8	33.75	1
25793.716955666663	0.4	7.7	1
28489.671984566663	0.4	5.9	1
31318.130824366664	0.4	9.1	1
34293.260141733335	0.6	11.3	1
37444.39327	0.6	13.5	1
40697.53020916667	0.2	5.3	1
44102.670959233335	0.6	11.7	1
47628.315520200005	0.4	8.3	1
51239.96389206668	0.2	4.5	1
54953.61607483334	0.2	5.3	1
58693.27206850001	0.2	1.5	1
62592.93187306668	0.6	12.3	1
66676.09548853335	0.8	15.0	1
70852.76291490001	0.4	6.5	1
75140.93415216668	0.4	7.7	1
79505.10920033335	0.2	4.0	1
83955.28805940002	0.2	4.5	1
88560.13739603334	0.6	11.9	1
93303.49054356667	0.4	9.5	1
98148.847502	0.2	5.3	1
103102.70827133334	0.4	7.5	1
108195.07285156667	0.4	9.5	1
113436.77457603333	0.6	11.5	1
119096.3551114	0.8	33.75	1
124897.272791	0.6	10.9	1
130858.1942815	0.6	12.3	1
136921.1195829	0.2	5.3	1
144060.04869519998	1.0	90.0	1
152274.98161839996	1.0	90.0	1
160673.41835249995	0.8	15.0	1
169122.85889749994	0.2	2.75	1
177692.80325339994	0.4	8.3	1
186364.75142019993	0.2	5.3	1
195186.03673123327	0.6	11.5	1
204109.3258531666	0.2	5.3	1
213174.11878599995	0.4	9.7	1
222383.4155297333	0.4	9.9	1
231678.7160843666	0.2	4.5	1
241085.52044989992	0.4	7.7	1
250630.82862633324	0.4	9.5	1
260359.64061366656	0.8	15.0	1
270253.7897452332	0.6	12.7	1
280291.94268769986	0.6	11.1	1
290479.4327743999	0.6	11.5	1
300800.2600053332	0.6	10.3	1
311215.09104716656	0.2	4.9	1
321750.4258998999	0.4	8.3	1
332391.26456353324	0.4	7.3	1
343186.77370473323	0.6	11.9	1
354072.78665683325	0.4	6.3	1
365097.30341983325	0.4	9.5	1
376276.4906603999	0.6	11.9	1
387553.6817118666	0.2	5.1	1
398980.20990756655	0.6	11.5	1
410540.07524749986	0.6	10.3	1
422193.4443983332	0.4	6.5	1
434012.1506933999	0.6	12.7	1
445966.36079936655	0.4	9.3	1
458096.5747162332	0.6	13.5	1
470356.29244399985	0.4	8.9	1
482762.68064933317	0.6	11.3	1
495259.0726655665	0.2	4.7	1
507781.46849269985	0.2	1.5	1
520436.36813073314	0.4	9.1	1
533205.7715796664	0.4	7.9	1
546135.1788394997	0.6	12.3	1
559208.589910233	0.6	11.1	1
573133.0047918664	1.0	71.25	1
587159.9234843997	0.4	7.1	1
601307.345987833	0.4	8.3	1
615563.2723021663	0.4	7.5	1
629845.2024273997	0.2	1.5	1
644287.136363533	0.6	12.3	1
658846.5741105663	0.4	8.1	1
673500.0156684996	0.2	4.9	1
688255.461037333	0.2	5.3	1
703143.4102170663	0.4	9.1	1
718449.2382076996	0.8	33.75	1
733806.070009233	0.2	2.75	1
749304.2389549996	0.6	10.9	1
764913.9117116663	0.4	7.7	1
