146.79984624750418	0.6	10.5	1
428.3558320312634	0.4	8.5	1
854.250474666778	0.4	9.1	1
1451.1099981807977	0.6	12.3	1
2198.696523423573	0.4	9.5	1
3120.0440445038535	0.6	12.5	1
4182.536049997389	0.4	8.9	1
5355.93466075443	0.2	5.1	1
6694.705922471976	0.6	11.9	1
8204.442065068028	0.6	12.3	1
9885.143088542583	0.6	12.3	1
11665.464354729893	0.4	6.3	1
13586.930105330457	0.4	8.9	1
15662.584047055527	0.6	11.1	1
17892.159162947853	0.4	9.7	1
20246.907901060935	0.4	7.9	1
22747.45648542152	0.6	10.5	1
26129.678453168373	1.0	71.25	1
29688.45753171173	0.6	12.7	1
33366.02188759884	0.4	7.5	1
37162.37152082971	0.4	7.5	1
41109.44815578933	0.4	9.5	1
45172.115895654206	0.4	7.3	1
49337.598050670334	0.4	6.5	1
53679.63731648297	0.6	12.7	1
58175.59775646286	0.4	9.7	1
62831.33861748526	0.6	11.5	1
67641.0006526749	0.4	9.7	1
72482.57908534206	0.2	1.5	1
77443.84081302672	0.2	5.5	1
82520.69364561663	0.4	7.3	1
88479.2198615928	1.0	71.25	1
94566.11387222823	0.4	8.1	1
101090.26999326212	0.8	33.75	1
107757.4298455845	0.6	10.3	1
115306.26308129315	1.0	71.25	1
122998.1000482903	0.6	10.3	1
130818.30480994671	0.4	8.1	1
138760.48902138538	0.4	7.7	1
146808.6818204138	0.4	6.7	1
155005.47058064872	0.6	10.7	1
163370.42810680316	0.6	12.1	1
171850.6805830981	0.2	5.3	1
180478.46588868328	0.4	9.3	1
189217.15779953197	0.2	5.1	1
198129.61070621817	0.6	12.5	1
207139.80518353687	0.2	4.5	1
216323.76065669308	0.6	12.5	1
226389.38951323554	1.0	71.25	1
236548.25026761377	0.4	5.9	1
246861.03219615924	0.4	9.7	1
257344.77900558323	0.6	12.3	1
268016.2673856397	0.6	13.5	1
278812.929387917	0.4	7.9	1
289741.153357292	0.4	8.3	1
300848.7305524225	0.6	12.9	1
311988.22414503054	0.2	1.5	1
323276.31369884504	0.6	10.7	1
334683.1885300033	0.4	7.5	1
346233.06709245004	0.6	10.3	1
358896.90050472686	1.0	90.0	1
371680.41721202113	0.2	5.5	1
384651.67548994796	0.6	13.5	1
397725.74818302604	0.4	6.5	1
410886.5915845441	0.2	4.0	1
424150.2494012134	0.4	6.5	1
437582.07598380226	0.6	12.1	1
451139.07618861186	0.4	7.9	1
464837.2208778347	0.4	8.9	1
478711.922677854	0.6	12.7	1
492738.01655403886	0.6	10.9	1
506912.70639143017	0.6	10.7	1
521249.972764823	0.6	11.7	1
536701.1939880459	1.0	90.0	1
552328.9723220653	0.6	12.7	1
568059.5650712359	0.4	6.5	1
583886.5838906808	0.4	6.1	1
599876.1792461271	0.6	11.7	1
615962.2006718478	0.4	6.1	1
632170.2015473507	0.4	7.7	1
648480.3323383632	0.2	4.7	1
665227.725239774	0.8	33.75	1
682090.4130913253	0.2	5.3	1
699059.6192032632	0.2	4.9	1
716185.8096212846	0.6	11.3	1
733452.2076556354	0.6	10.1	1
750897.9589157418	0.6	12.9	1
768503.4905968907	0.6	11.5	1
786246.9725900143	0.4	8.7	1
804136.2544293855	0.6	10.5	1
822132.0545291431	0.2	4.9	1
840275.387458191	0.4	9.3	1
858598.0736129944	0.6	12.9	1
877031.6663730614	0.2	5.1	1
896346.9325165146	1.0	71.25	1
915802.4062762973	0.6	10.1	1
935437.2332618355	0.6	12.9	1
956186.0150972038	1.0	90.0	1
977072.7472445468	0.4	8.7	1
998147.2209625222	0.6	13.5	1
1019658.9567908961	0.8	33.75	1
1041292.6720690524	0.4	7.7	1
1063064.3376591832	0.4	8.7	1
1084938.8176644654	0.4	6.5	1
1106928.592619888	0.2	5.3	1
1129089.3324561892	0.6	12.3	1
1151349.6925352032	0.4	6.3	1
1173764.2408053416	0.6	11.1	1
1196238.1326284388	0.2	2.75	1
1218905.8097288797	0.8	15.0	1
1241708.242968857	0.4	8.5	1
1264670.4566298767	0.6	11.5	1
1287747.965241037	0.2	5.3	1
1310925.0940949102	0.4	6.3	1
1334289.9645194157	0.6	13.5	1
1357814.615364964	0.6	11.5	1
1381480.410694925	0.4	8.9	1
1405261.7971297917	0.4	7.3	1
1429186.1872959468	0.6	10.3	1
1453238.945256761	0.4	8.1	1
1477479.4447882078	0.6	13.5	1
1501899.29754541	0.6	12.9	1
1526512.935579956	0.8	15.0	1
1551280.7618056266	0.6	11.1	1
1576141.819929133	0.4	5.9	1
1601196.6633299831	0.8	15.0	1
1626422.4716117117	0.6	12.3	1
1651802.2010676076	0.4	9.7	1
1677323.0750079167	0.4	8.9	1
1703012.1177141452	0.6	12.1	1
1728819.9456977176	0.4	7.5	1
1755741.72853112	1.0	90.0	1
1783100.773474921	0.8	33.75	1
1810556.2444889962	0.4	6.1	1
1838159.2483323617	0.4	9.3	1
1865877.5471258676	0.2	5.3	1
1893789.6311967173	0.8	15.0	1
1921821.3985625843	0.2	5.5	1
1949959.1745160413	0.4	6.7	1
1978203.4687298846	0.2	4.9	1
2006598.4899454569	0.4	9.5	1
2035161.6799269486	0.6	12.1	1
2063870.6697546877	0.6	10.5	1
2092611.5759799043	0.2	1.5	1
2122234.155588507	1.0	71.25	1
2151956.3554398227	0.4	6.3	1
2181855.112401935	0.6	12.7	1
2211896.8730953354	0.6	10.3	1
2242820.3071721224	1.0	71.25	1
2273920.298359706	0.6	12.7	1
2305208.031117922	0.6	13.5	1
2336689.549153482	0.8	15.0	1
2368302.6291561397	0.4	8.3	1
2400017.8390743067	0.2	4.7	1
2431883.7759942026	0.4	9.5	1
2463929.066139854	0.6	12.9	1
2496162.097856138	0.6	13.5	1
2528539.4682292733	0.4	9.1	1
2561035.6238797526	0.4	7.5	1
2593650.5648075757	0.4	7.5	1
2626419.6939265234	0.6	11.1	1
2659326.773357446	0.4	8.7	1
2692374.0604046974	0.6	10.1	1
2725556.1035914854	0.4	8.5	1
2758903.519429234	0.6	11.9	1
2792419.104032902	0.6	12.1	1
2826074.8962528994	0.6	10.1	1
2859887.8038195027	0.4	9.9	1
2893852.1034622714	0.6	10.9	1
2927922.41169263	0.4	6.7	1
2962052.0634759474	0.2	2.75	1
2996329.248088555	0.4	9.3	1
3030760.620892287	0.6	11.1	1
3065841.385612962	1.0	52.5	1
3100981.493886595	0.2	2.75	1
3136270.198121435	0.6	10.7	1
3171701.9060875634	0.6	10.3	1
3207284.3410554207	0.4	9.5	1
3242977.6826285413	0.2	5.1	1
3278777.5424620486	0.2	4.9	1
3314712.158435092	0.4	8.5	1
3350762.3655130407	0.4	7.3	1
3386963.964667155	0.6	10.9	1
3423267.6937367786	0.2	4.7	1
3459733.999342404	0.6	11.7	1
3496368.4737139484	0.6	12.1	1
3533089.7187939333	0.2	4.0	1
3569951.1714902474	0.6	10.1	1
3606934.603636344	0.4	7.7	1
3644020.16569795	0.2	4.7	1
3681227.707209338	0.4	7.7	1
3718622.990291359	0.6	13.5	1
3756169.6654495453	0.6	10.9	1
3793819.155022883	0.4	6.5	1
3831527.988149179	0.2	2.75	1
3869371.577415012	0.4	8.5	1
3908329.1215306744	1.0	90.0	1
3947460.4266421744	0.6	12.5	1
3986720.099548334	0.4	8.1	1
4026130.4994562217	0.4	9.5	1
4066422.572747496	1.0	71.25	1
4107828.6008886	1.0	90.0	1
4149372.5793416793	0.4	8.7	1
4191798.231178145	1.0	71.25	1
4234283.226567569	0.2	2.75	1
4277882.176806823	1.0	90.0	1
4321654.888041915	0.6	12.5	1
4366076.991193949	1.0	52.5	1
4410617.879623327	0.4	7.5	1
4455245.538761145	0.2	4.0	1
4500004.759866061	0.4	8.3	1
4544898.737110512	0.4	8.5	1
4590906.669204794	1.0	90.0	1
4637074.381720118	0.6	11.5	1
4683429.8358060755	0.6	13.5	1
4730666.963275419	1.0	71.25	1
4777997.322642597	0.4	5.9	1
4825359.598407254	0.2	1.5	1
4872827.8827595	0.4	6.7	1
4920439.170843035	0.6	10.3	1
4968153.273341721	0.4	6.5	1
5016038.340721285	0.6	12.3	1
5064066.411832138	0.6	10.3	1
5112209.777893132	0.2	5.3	1
5160446.375851961	0.4	5.9	1
5208830.50664008	0.4	9.3	1
5257325.544033463	0.2	5.1	1
5305939.36670419	0.4	7.5	1
5354703.916376646	0.4	9.5	1
5403571.280464252	0.4	6.5	1
5452875.906662257	0.8	33.75	1
5502326.33270651	0.6	10.5	1
5551874.500321396	0.2	4.5	1
5601547.841558502	0.4	7.9	1
5651658.444906007	0.8	33.75	1
5701912.051984799	0.6	10.3	1
5752311.458909839	0.6	10.5	1
5802867.850140964	0.6	11.3	1
5853546.22082187	0.4	7.7	1
5904330.600090366	0.4	6.7	1
5955259.318015713	0.4	9.1	1
6006336.631902267	0.6	10.7	1
6057516.760203972	0.4	6.5	1
6108845.484466884	0.6	10.7	1
6160233.552282755	0.2	2.75	1
6211769.1529279165	0.4	9.3	1
6263423.538850421	0.4	7.5	1
6315257.277998681	0.6	12.9	1
6367267.574257738	0.6	12.7	1
6419446.039282714	0.6	12.1	1
6471789.876958651	0.6	11.9	1
6524279.514480835	0.6	10.5	1
6576884.44695316	0.2	5.3	1
6629595.897685871	0.2	4.9	1
6682429.327868365	0.4	7.7	1
6735365.572466009	0.4	6.5	1
6788436.57320319	0.4	8.5	1
6841614.092200758	0.2	4.9	1
6894850.954751284	0.2	2.75	1
6948212.990924031	0.4	7.9	1
7001732.142443383	0.4	9.9	1
7055413.870498737	0.6	11.7	1
7109195.218796805	0.4	6.3	1
7163130.755285996	0.6	11.1	1
7217172.810035574	0.2	4.9	1
7271355.072401482	0.6	10.1	1
7325677.542383719	0.6	10.1	1
7380110.91897122	0.2	5.1	1
7434631.066267161	0.2	4.0	1
7489273.193012884	0.4	7.7	1
7544066.7118347725	0.6	10.9	1
7598979.015934004	0.4	7.5	1
7654540.711950179	1.0	52.5	1
7710264.984502356	0.6	11.7	1
7766104.552004673	0.2	5.3	1
7822381.381617388	0.8	33.75	1
7878796.161542078	0.4	8.7	1
7935379.110232687	0.6	12.1	1
7992072.96552856	0.2	5.1	1
8048863.246894707	0.4	6.1	1
8105753.148503567	0.4	6.3	1
8162819.607223224	0.6	12.7	1
8220051.438593841	0.6	11.9	1
8277398.861069364	0.4	7.3	1
8334886.491161215	0.6	10.1	1
8392512.071565041	0.4	8.7	1
8450294.767315473	0.4	9.9	1
8508220.466797194	0.6	10.3	1
8566289.170010203	0.6	10.3	1
8624479.852672994	0.4	7.7	1
8682729.878888745	0.2	2.75	1
8741105.078726716	0.4	7.9	1
8799602.25801447	0.4	7.7	1
8858218.222579567	0.4	7.5	1
8916991.171450747	0.6	11.3	1
8975951.86189256	0.6	13.5	1
9035072.332755417	0.6	11.5	1
9094327.559757808	0.4	8.5	1
9153736.707934367	0.4	9.7	1
9213264.64138827	0.4	7.5	1
9272907.869792312	0.2	5.3	1
9332666.393146496	0.2	5.3	1
9392593.0852666	0.6	12.1	1
9452617.518957336	0.2	4.5	1
9512763.932097854	0.4	7.7	1
9573030.02853339	0.2	5.5	1
9633434.075280901	0.4	8.7	1
9693956.907305755	0.4	7.5	1
9754611.301297707	0.4	8.3	1
9815367.82520517	0.2	4.7	1
9876275.07611436	0.4	9.5	1
9937336.248197718	0.4	9.7	1
9998562.792932035	0.6	11.9	1
10059951.914202355	0.6	11.7	1
10121498.15081928	0.4	9.9	1
10183159.97854111	0.4	7.3	1
10245015.591540284	0.8	15.0	1
10307021.931541188	0.4	9.5	1
10369172.610198943	0.4	9.1	1
10431463.496473027	0.6	10.1	1
10493892.333059086	0.4	8.7	1
10556508.911215777	0.6	13.5	1
10619253.857167127	0.4	8.1	1
10682158.58353952	0.6	11.5	1
10745178.604862053	0.2	5.3	1
10808301.440599738	0.4	6.5	1
10871603.629563179	0.6	12.9	1
10935060.006717743	0.6	11.1	1
10998692.940983105	0.6	12.7	1
11062975.26716541	1.0	52.5	1
11127906.985264655	1.0	52.5	1
11193009.668244781	0.6	12.3	1
11258263.078226635	0.4	9.5	1
11323635.273485832	0.4	7.5	1
11389129.448194811	0.4	7.7	1
11454758.379043328	0.4	8.5	1
11520535.90585305	0.6	10.7	1
11586372.776215732	0.2	2.75	1
11652363.834769538	0.6	11.1	1
11718506.28539951	0.6	10.9	1
11785085.998139879	0.8	33.75	1
11851845.064106004	0.6	12.9	1
11918738.886211665	0.4	8.5	1
11985786.629491495	0.4	9.7	1
12052994.153192366	0.6	11.5	1
12120298.10296351	0.4	6.1	1
12187742.260350985	0.6	10.1	1
12255308.397188243	0.4	7.7	1
12323062.275596133	0.6	13.5	1
12390967.546080187	0.6	10.9	1
12458983.723169506	0.2	5.1	1
12527173.661254661	0.6	12.5	1
12595479.190444723	0.4	7.3	1
12663947.296170786	0.6	11.7	1
12732518.216312	0.4	6.5	1
12801243.057627382	0.4	9.7	1
12870144.45605356	0.6	12.7	1
12939197.246555904	0.6	10.9	1
13008336.807766687	0.2	4.0	1
13077633.353283554	0.6	11.3	1
13147811.572183808	1.0	71.25	1
13218163.5520799	0.6	12.5	1
13288678.108511992	0.6	11.7	1
13359317.838566305	0.4	7.9	1
13430606.96053756	1.0	52.5	1
13502058.659044817	0.6	11.7	1
13573947.619662473	0.8	33.75	1
13645990.768471254	0.6	11.1	1
13718175.061764447	0.4	8.9	1
13790497.305369616	0.4	8.7	1
13862919.169217497	0.4	6.3	1
13935443.162980888	0.2	4.7	1
14008132.52939524	0.6	11.9	1
14081471.287726533	1.0	52.5	1
14154955.845904075	0.6	10.5	1
14228536.83015189	0.4	6.1	1
14302211.04629754	0.4	5.9	1
14376050.635094153	0.6	11.9	1
14449987.965461398	0.2	4.5	1
14524023.037399273	0.2	4.5	1
14598209.501413316	0.6	10.9	1
14672547.357503522	0.6	10.9	1
14747000.804698635	0.4	7.3	1
14821648.037171092	0.8	15.0	1
14896469.030639386	0.6	12.5	1
14971447.139454287	0.4	9.9	1
15046576.640345352	0.6	10.9	1
15121865.92165746	0.6	11.5	1
15197348.988246912	0.8	15.0	1
15272973.199320776	0.4	8.9	1
15348728.97236174	0.4	8.3	1
15424627.749133991	0.6	10.3	1
15500672.32575249	0.6	10.5	1
15577154.164481387	0.8	33.75	1
15653773.953522258	0.4	8.7	1
15730491.484133761	0.2	4.5	1
15807311.829160416	0.4	6.5	1
15884291.954608114	0.6	11.5	1
15962153.7534392	1.0	71.25	1
16040126.458875546	0.2	5.1	1
16118233.92045143	0.4	8.5	1
16196489.97798852	0.6	10.7	1
16274919.79652145	0.6	12.5	1
16353451.744969888	0.2	4.7	1
16432154.658299204	0.6	12.3	1
16510969.968560986	0.4	7.1	1
16589897.675755236	0.4	7.1	1
16668982.498296091	0.4	9.9	1
16748208.46532136	0.4	8.9	1
16827466.348744106	0.2	1.5	1
16906868.570823703	0.4	9.1	1
16986419.388864506	0.6	10.7	1
17066116.00675156	0.6	10.5	1
17145905.856536448	0.4	5.9	1
17225847.0983975	0.6	10.9	1
17305881.57215639	0.4	5.9	1
17386038.02536506	0.4	7.7	1
17466359.85122469	0.6	11.9	1
17546849.84585024	0.6	12.1	1
17627441.9703913	0.2	4.7	1
17708182.690893568	0.6	10.7	1
17789102.76462159	0.6	12.9	1
17870904.511733	1.0	71.25	1
17952868.83538041	0.6	11.7	1
18034932.779270533	0.4	6.3	1
18117167.688041534	0.6	12.3	1
18199505.41122769	0.4	6.5	1
18282036.919691186	0.8	15.0	1
18364715.960983973	0.4	9.3	1
18447513.787554104	0.4	7.5	1
18530411.234366946	0.4	6.3	1
18613474.05383075	0.6	11.9	1
18696710.634290393	0.6	12.5	1
18780053.733010422	0.2	4.9	1
18863507.738335714	0.2	5.1	1
18947115.664835174	0.4	9.7	1
19030782.93488759	0.2	2.75	1
19114575.37856223	0.4	7.9	1
19198474.340497255	0.2	4.9	1
19282524.02943401	0.4	9.5	1
19366679.726958353	0.4	6.7	1
19451003.593248617	0.6	12.1	1
19535476.055500086	0.6	10.7	1
19620068.201046575	0.2	5.5	1
19704782.326042846	0.4	7.7	1
19789673.00814991	0.6	12.7	1
19874757.47553432	0.8	15.0	1
19959957.23786887	0.2	5.3	1
20045313.984509505	0.6	11.3	1
20130773.54556529	0.4	6.5	1
20216292.450174034	0.2	2.75	1
20301965.542973902	0.6	11.1	1
20387770.197740868	0.4	8.3	1
20473748.613503672	0.6	12.5	1
20559889.605802476	0.6	11.7	1
20646181.32510301	0.4	9.5	1
20732652.3976293	0.6	12.9	1
20819243.153450605	0.2	5.5	1
20905920.679980353	0.2	4.0	1
20992732.962649636	0.4	8.5	1
21079657.642251387	0.4	7.1	1
21166710.689647797	0.4	8.1	1
21253863.35728692	0.4	6.3	1
21341170.213117164	0.6	11.1	1
21428576.689190123	0.4	6.3	1
21516148.53791404	0.6	11.9	1
21603864.725294814	0.4	9.1	1
21692018.174785983	0.8	33.75	1
21780287.21538206	0.4	7.3	1
21869670.21082796	1.0	90.0	1
21959155.336189374	0.2	4.7	1
22048738.20312142	0.2	4.5	1
22138970.461970408	1.0	52.5	1
22229359.836166	0.4	9.9	1
22319808.553914554	0.2	2.75	1
22410363.2802507	0.4	6.7	1
22501033.59769175	0.4	7.3	1
22591846.918864086	0.6	10.3	1
22682831.2049173	0.6	12.3	1
22774009.27624786	0.8	15.0	1
22865286.967821132	0.4	6.3	1
22956724.439815447	0.6	11.5	1
23048307.711656008	0.6	10.5	1
23140006.27844671	0.2	5.3	1
23231836.407204513	0.4	8.3	1
23323791.709584534	0.4	7.9	1
23415853.53022494	0.2	4.9	1
23508053.301177323	0.4	8.7	1
23600363.97873497	0.2	5.1	1
23692790.247397523	0.4	7.3	1
23785360.854716927	0.4	9.1	1
23878042.368641593	0.2	5.1	1
23970783.226119217	0.2	2.75	1
24063695.04847772	0.6	12.3	1
24156709.000751734	0.2	4.7	1
24249829.471286133	0.2	4.9	1
24343126.49893133	0.6	12.7	1
24436455.442974005	0.2	1.5	1
24529938.308190845	0.4	9.7	1
24623518.914978318	0.2	4.5	1
24717287.263336424	0.6	13.5	1
24811492.873804927	0.8	33.75	1
24905820.463723212	0.4	7.7	1
25000305.168988105	0.4	9.9	1
25094849.217805956	0.2	2.75	1
25189528.02276334	0.4	8.5	1
25284322.12267087	0.2	5.3	1
25379227.12918366	0.2	5.1	1
25474277.9355427	0.6	10.5	1
25570210.415285125	1.0	71.25	1
25666280.845339525	0.4	8.7	1
25762545.06067127	0.8	15.0	1
25858952.279734302	0.6	10.3	1
25955796.760907732	0.8	33.75	1
26052756.833186068	0.4	7.3	1
26149813.33153468	0.4	6.1	1
26247010.974367704	0.4	8.9	1
26344354.417046975	0.6	10.5	1
26441800.6741414	0.4	6.5	1
26539340.16313366	0.4	5.9	1
26636976.07819619	0.4	6.1	1
26734708.419329	0.4	6.1	1
26832586.560308054	0.6	10.5	1
26930624.48170815	0.6	11.5	1
27028810.999069452	0.6	10.7	1
27127137.724047083	0.6	10.1	1
27225567.263439868	0.4	6.5	1
27325110.757682484	1.0	90.0	1
27425768.206774928	1.0	90.0	1
27526525.276110083	0.4	6.3	1
27627476.130722582	0.8	15.0	1
27728545.770612426	0.4	7.5	1
27829746.972469367	0.4	8.3	1
27931119.139207188	0.6	12.3	1
28032606.600895148	0.2	5.3	1
28134251.177929714	0.4	9.9	1
28236061.127615243	0.6	11.9	1
28337977.595561158	0.2	4.9	1
28439987.295404907	0.4	5.9	1
28542028.911646135	0.2	1.5	1
28644129.87144032	0.2	2.75	1
28746346.126184646	0.2	5.3	1
28848709.913758263	0.4	9.3	1
28951230.685637962	0.6	11.3	1
29053911.237938706	0.6	11.5	1
29156698.308499835	0.2	4.9	1
29259572.149769403	0.2	4.0	1
29362603.106385577	0.4	9.9	1
29466283.454918694	1.0	52.5	1
29570109.60329806	0.6	10.5	1
29673967.668074902	0.2	1.5	1
29777918.964749582	0.4	5.9	1
29882008.211736236	0.4	8.7	1
29986184.229431327	0.2	4.0	1
30090482.2265762	0.4	7.7	1
30194928.819682285	0.6	10.7	1
30299526.139790095	0.4	9.5	1
30404291.628663827	0.6	12.1	1
30509154.85910819	0.2	4.5	1
30614137.77284757	0.2	5.5	1
30719308.428157583	0.6	13.5	1
30824633.004641764	0.4	9.7	1
30930044.351834383	0.2	4.0	1
31035609.88721813	0.6	11.1	1
31141329.610793	0.6	11.1	1
31247190.47885228	0.4	8.9	1
31353933.02029495	1.0	71.25	1
31460795.245032635	0.2	5.5	1
31567795.420082293	0.4	8.7	1
31674939.933788806	0.4	9.1	1
31782258.208491158	0.6	12.5	1
31889716.69080984	0.6	10.1	1
31997362.914699152	0.6	13.5	1
32105166.25393507	0.4	9.9	1
32213069.2134137	0.4	6.3	1
32321090.958169676	0.4	7.5	1
32429218.71151324	0.4	6.7	1
32537525.81808256	0.6	12.9	1
32645990.039998487	0.4	9.9	1
32754565.168519676	0.2	5.1	1
32863291.68911703	0.6	10.9	1
32972175.19402047	0.6	11.3	1
33081193.455063444	0.4	8.5	1
33190327.011056557	0.2	5.3	1
33299492.48344715	0.2	1.5	1
33408717.2993907	0.2	2.75	1
33518080.065646224	0.4	8.7	1
33627545.6463169	0.4	6.5	1
33737152.37147199	0.4	8.9	1
33847873.05147691	1.0	90.0	1
33958787.51675917	0.8	15.0	1
34069814.3789739	0.4	7.1	1
34181015.00218447	0.6	12.5	1
34292330.92034518	0.2	5.3	1
34403678.75490337	0.2	1.5	1
34515151.76308378	0.4	7.9	1
34626804.12448994	0.6	12.9	1
34738559.30031125	0.4	6.5	1
34850474.256553605	0.6	11.5	1
34962576.954366595	0.6	13.5	1
35074830.37918131	0.4	9.5	1
35187203.487291045	0.2	5.5	1
35299714.545712754	0.4	8.7	1
35413107.27751785	1.0	71.25	1
35526645.80916919	0.6	10.5	1
35640312.70861519	0.4	8.1	1
35754136.7234078	0.4	9.9	1
35868131.70308129	0.6	12.3	1
35982258.244721875	0.4	8.3	1
36096484.40660517	0.4	6.3	1
36210803.8003863	0.4	5.9	1
36325296.95516327	0.6	12.5	1
36439924.86607978	0.4	8.5	1
36554726.53799212	0.6	12.5	1
36669646.99518181	0.4	7.5	1
36784755.19394213	0.6	13.5	1
36900039.94981325	0.6	12.7	1
37015444.38897938	0.2	5.5	1
37130959.73475078	0.2	5.1	1
37246577.89493733	0.4	6.5	1
37362289.28702171	0.4	5.9	1
37478125.852728315	0.4	7.9	1
37594133.3833158	0.6	12.3	1
37710243.043818794	0.2	4.7	1
37826463.61092705	0.2	5.1	1
37942857.93903115	0.6	12.5	1
38059406.18830941	0.4	9.7	1
38176052.1791583	0.2	4.5	1
38292852.09118136	0.4	9.7	1
38409803.395280585	0.6	10.9	1
38526854.319622524	0.4	6.3	1
38644036.80593156	0.4	8.3	1
38761387.461006515	0.6	12.1	1
38878844.63434186	0.2	4.9	1
38996430.175471865	0.4	8.1	1
39114134.501879215	0.4	7.5	1
39231986.36111585	0.4	9.3	1
39349934.64642276	0.4	6.1	1
39468037.1199208	0.6	11.1	1
39586296.57772492	0.6	11.3	1
39704655.655771755	0.4	6.3	1
39823451.99592899	0.8	33.75	1
39942370.315536	0.4	7.7	1
40061386.37671365	0.2	4.5	1
40180518.0289962	0.4	7.3	1
40299755.68986634	0.4	6.7	1
40419121.71853114	0.4	8.1	1
40538598.6538012	0.2	5.1	1
40658175.20931398	0.4	6.3	1
40777917.13747772	0.6	11.9	1
40897803.404298306	0.4	9.1	1
41017721.587516375	0.2	1.5	1
41137807.93950036	0.6	12.1	1
41258032.24179632	0.4	8.7	1
41378371.839042425	0.2	5.3	1
41499360.828205466	1.0	52.5	1
41620492.821099795	0.6	10.3	1
41741790.18664509	0.6	11.9	1
41863198.458795644	0.2	5.1	1
41984746.93856253	0.6	10.1	1
42106489.203606755	0.8	15.0	1
42228363.03061808	0.4	8.3	1
42350365.225424066	0.4	8.1	1
42472513.2200763	0.6	10.5	1
42594764.02914368	0.4	6.5	1
42717174.61863211	0.6	11.5	1
42839707.18757032	0.4	7.7	1
42962390.483510256	0.4	9.5	1
43085184.68605546	0.2	5.1	1
43208123.22725751	0.4	9.1	1
43331196.524599105	0.4	8.5	1
43454363.05383853	0.4	5.9	1
43577645.17418286	0.4	7.3	1
43701576.68644413	1.0	52.5	1
43825623.49365555	0.2	5.3	1
43949832.87740296	0.6	11.7	1
44074192.98815211	0.4	9.5	1
44199202.490818195	1.0	52.5	1
44324314.80789943	0.4	6.5	1
44449513.89568911	0.2	4.0	1
44574828.27842893	0.2	5.3	1
44700202.0047217	0.2	2.75	1
44825746.69589536	0.6	12.3	1
44951387.81313929	0.4	6.1	1
45077163.68652276	0.4	8.5	1
45203051.95683869	0.4	7.1	1
45329055.52210476	0.2	5.3	1
45455230.05225171	0.6	12.3	1
45581553.17835987	0.6	10.7	1
45707972.73053831	0.4	6.1	1
45834586.06799409	0.8	15.0	1
45961314.99655477	0.4	7.3	1
46088192.52107666	0.6	10.7	1
46215263.83087589	0.8	15.0	1
46342469.89681466	0.4	8.5	1
46469835.74317447	0.6	11.5	1
46597316.884484425	0.2	5.3	1
46724985.76736501	0.6	13.5	1
46852822.81901151	0.6	12.1	1
46980825.24330898	0.6	11.9	1
47109004.22471724	0.6	12.7	1
47237282.82636821	0.4	6.3	1
47365659.16958982	0.2	4.5	1
47494155.19610644	0.2	5.5	1
47622792.36710748	0.4	8.9	1
47751586.65345512	0.4	9.9	1
47880546.312453724	0.6	11.9	1
48009699.75672967	0.8	15.0	1
48138981.56880028	0.4	8.1	1
48268403.588487215	0.6	10.1	1
48397988.18471015	0.6	11.7	1
48527604.697330564	0.2	1.5	1
48657340.893245995	0.2	5.5	1
48787234.20450803	0.4	9.9	1
48917255.883564726	0.4	8.1	1
49047456.915847175	0.6	12.9	1
49177837.301355384	0.6	12.9	1
49308349.24883069	0.4	8.3	1
49438963.3262215	0.2	4.7	1
49569724.93644161	0.4	9.3	1
49700632.34650796	0.6	10.5	1
49831632.98847215	0.4	5.9	1
49962726.86233417	0.4	5.9	1
50093923.55061135	0.4	6.5	1
50225207.00959696	0.2	4.0	1
50356669.82180833	0.6	12.9	1
50488569.8961301	0.8	33.75	1
50621583.9253017	1.0	90.0	1
50754708.86107856	0.2	5.1	1
50887981.32968471	0.4	9.3	1
51021903.19020781	1.0	52.5	1
51155922.792301536	0.2	4.5	1
51290061.17967261	0.4	7.5	1
51424356.55134976	0.6	11.3	1
51559765.87787674	1.0	90.0	1
51695318.208135016	0.6	10.3	1
51831035.91104425	0.6	11.9	1
51966859.62254107	0.4	6.7	1
52102821.284349866	0.4	8.7	1
52238970.6877293	0.6	13.5	1
52375235.682213634	0.4	7.3	1
52511671.64157885	0.6	12.3	1
52648544.86305447	0.8	33.75	1
52785450.00092756	0.2	1.5	1
52922495.34641698	0.6	10.1	1
53059669.05970106	0.4	8.1	1
53196994.16506131	0.6	10.9	1
53334415.69649183	0.4	6.1	1
53472024.96949298	0.6	13.5	1
53609805.20737501	0.6	12.3	1
53747726.58974145	0.4	8.9	1
53885807.75252894	0.6	11.5	1
54023920.83171391	0.2	1.5	1
54162162.278693534	0.4	8.1	1
54300500.151743434	0.4	6.1	1
54438995.14013994	0.4	9.9	1
54577669.48176219	0.6	12.9	1
54716492.41934566	0.6	10.7	1
54855347.273326606	0.2	1.5	1
54994301.747550264	0.4	6.3	1
55133349.45367175	0.4	5.9	1
55272584.90136388	0.6	13.5	1
55411919.96929871	0.4	6.3	1
55551426.00211443	0.6	12.3	1
55691029.77650078	0.2	4.5	1
55830812.90411288	0.6	12.9	1
55970749.95289915	0.4	9.7	1
56110874.743256055	0.6	13.5	1
56251118.3188903	0.4	7.5	1
56391421.23807751	0.2	2.75	1
56531826.28718022	0.2	4.7	1
56672407.89339373	0.6	12.7	1
56813091.629522756	0.2	4.7	1
56954889.3205016	1.0	90.0	1
57096815.37927511	0.4	8.1	1
57238935.22332597	0.8	15.0	1
57381205.79437855	0.4	9.5	1
57523611.12157067	0.4	8.5	1
57666148.01072989	0.4	8.3	1
57808784.52013182	0.4	6.3	1
57951536.62063865	0.4	7.3	1
58094388.3413882	0.4	6.3	1
58237326.83284619	0.2	4.0	1
58380377.72123664	0.4	7.1	1
58523521.84152493	0.4	5.9	1
58666813.49464251	0.4	9.3	1
58810198.379657924	0.4	5.9	1
58953757.02566918	0.6	12.5	1
59097431.26278534	0.4	7.3	1
59241273.66866741	0.6	12.1	1
59385289.83554533	0.6	12.5	1
59529421.297373384	0.2	5.3	1
59673671.54447878	0.4	7.5	1
59818073.18366035	0.6	10.9	1
59962629.01103304	0.6	11.1	1
60107216.75480321	0.2	1.5	1
60251902.24014401	0.2	4.5	1
60396707.40877982	0.2	5.5	1
60541663.9694918	0.6	10.9	1
60686732.92713625	0.4	7.1	1
60831958.86908678	0.6	11.3	1
60977834.202954255	1.0	52.5	1
61123741.453219205	0.2	1.5	1
61269680.61988164	0.2	1.5	1
61415739.46983909	0.2	5.5	1
61561830.236194015	0.2	1.5	1
61707980.3461019	0.2	2.75	1
61854252.43545957	0.4	7.7	1
62000646.504267015	0.4	7.7	1
62147194.49424863	0.4	9.7	1
62294391.87614719	1.0	52.5	1
62441763.01904158	0.6	12.5	1
62589193.50548894	0.2	2.75	1
62736721.733506925	0.2	4.5	1
62884349.581767626	0.4	6.3	1
63032142.802679285	0.6	11.9	1
63180084.61955215	0.6	10.7	1
63328173.96925431	0.4	9.3	1
63476437.0799523	0.6	12.5	1
63624845.990496546	0.6	10.5	1
63773361.419301175	0.2	4.9	1
63922036.628526844	0.6	11.5	1
64070871.61817356	0.6	11.5	1
64219826.29111529	0.2	5.5	1
64368951.928937905	0.6	12.3	1
64518251.32775635	0.6	12.5	1
64667693.73030609	0.6	10.3	1
64817251.72396073	0.4	7.3	1
64966963.638789535	0.4	9.7	1
65116829.47479251	0.4	9.7	1
65266817.29024527	0.4	7.7	1
65416945.31331436	0.6	10.1	1
65567160.10709189	0.2	4.0	1
65717529.08906054	0.6	11.1	1
65869012.02587902	1.0	90.0	1
66020620.13631972	0.4	7.9	1
66172363.00289996	0.4	8.5	1
66324203.61105083	0.2	4.5	1
66476137.45109954	0.4	5.9	1
66628196.464770466	0.4	7.9	1
66780434.83166715	0.6	12.9	1
66932844.16344471	0.6	12.3	1
67085353.115464985	0.4	6.3	1
67237977.3624354	0.2	5.3	1
67390729.97720048	0.4	8.1	1
67543670.3335362	0.6	13.5	1
67697724.64472173	1.0	90.0	1
67851927.55186847	0.6	10.7	1
68006298.62778114	0.6	12.1	1
68161783.65854363	1.0	90.0	1
68317431.26584212	0.6	11.7	1
68473221.87687191	0.6	10.3	1
68629160.02073099	0.4	9.3	1
68785246.76055127	0.6	10.7	1
68941458.67399378	0.4	7.9	1
69097847.14454708	0.6	12.7	1
69254354.40037772	0.4	7.5	1
69410993.21817546	0.4	8.3	1
69568069.29808359	0.8	33.75	1
69725283.3283037	0.4	8.7	1
69882640.3622551	0.6	10.3	1
70040140.39993778	0.6	10.3	1
70197736.86369075	0.4	6.1	1
70355479.12728997	0.6	10.5	1
70513378.37519526	0.6	11.3	1
70671428.35010229	0.4	9.5	1
70829638.10543035	0.6	11.5	1
70987963.15570855	0.2	5.3	1
71146387.82622947	0.4	6.3	1
71304952.70436671	0.6	10.1	1
71463633.17360887	0.4	7.3	1
71622492.99607678	0.6	12.9	1
71781509.80285077	0.6	11.3	1
71940641.9045749	0.2	5.3	1
72099947.76729487	0.6	12.5	1
72259410.61432092	0.6	11.3	1
72419013.6689633	0.6	10.1	1
72578787.68848656	0.6	12.3	1
72738706.04666668	0.4	9.1	1
72898683.74839975	0.2	2.75	1
73058808.98296212	0.4	9.3	1
73219081.75035377	0.4	9.3	1
73379514.29816647	0.6	11.5	1
73540596.2378961	1.0	52.5	1
73701854.73473653	0.6	12.7	1
73863235.21102674	0.4	7.7	1
74024763.22014625	0.4	9.3	1
74186462.19414663	0.6	12.3	1
74348283.1475968	0.4	7.7	1
74510223.78434199	0.2	5.5	1
74672289.5947094	0.4	7.9	1
74834534.75830255	0.6	12.9	1
74996905.09551793	0.4	7.9	1
75159446.3976142	0.6	12.3	1
75322102.9946606	0.2	5.3	1
75484916.7070536	0.4	9.9	1
75647887.4037527	0.6	11.3	1
75810969.00705706	0.2	5.1	1
75974244.39563875	0.8	15.0	1
76137626.30248083	0.2	4.9	1
76301120.60625538	0.4	7.1	1
76464717.72444509	0.4	6.5	1
76628412.58420542	0.2	4.5	1
76792301.2292431	0.8	15.0	1
76956300.78088604	0.2	5.1	1
77120431.89449608	0.4	8.3	1
77284704.15259054	0.4	8.9	1
77449035.75423795	0.2	2.75	1
77613513.1557316	0.6	10.5	1
77778169.91045102	0.6	12.9	1
77942983.78051704	0.4	9.9	1
78107917.33387809	0.2	5.5	1
78273021.85212	0.6	12.3	1
78438274.96632312	0.6	10.7	1
78603587.42407921	0.2	2.75	1
78769059.66225633	0.6	11.5	1
78934688.88473953	0.6	11.3	1
79100475.22256935	0.4	9.9	1
79266380.34567651	0.4	7.5	1
79433167.14216706	1.0	71.25	1
79600102.53461881	0.6	10.7	1
79767197.7074916	0.6	11.5	1
79934472.23359016	0.6	12.9	1
80102860.71453853	1.0	90.0	1
80271345.62155718	0.4	6.1	1
80439945.82352597	0.2	5.3	1
80608664.8107721	0.4	7.5	1
80777537.98620936	0.6	11.1	1
80946533.14109641	0.4	7.7	1
81115679.68805963	0.6	10.9	1
81284941.52997297	0.2	5.3	1
81454235.2882838	0.2	1.5	1
81623628.66683733	0.4	6.3	1
81793173.43746704	0.6	10.9	1
81963599.88148013	1.0	71.25	1
82134463.58760361	0.8	33.75	1
82305484.40907371	0.4	9.9	1
82476656.62261997	0.6	10.9	1
82647971.83989753	0.6	10.3	1
82819409.03662486	0.4	7.7	1
82990994.8293134	0.6	10.7	1
83162723.62573323	0.6	10.3	1
83334484.33855054	0.2	1.5	1
83506383.00167982	0.4	8.7	1
83678461.01803486	0.6	12.9	1
83850641.84880504	0.4	6.5	1
84022979.79492183	0.4	9.9	1
84195439.7204884	0.4	7.7	1
84368073.40705082	0.6	12.5	1
84540857.82061496	0.4	9.5	1
84713793.62625527	0.6	10.9	1
84886825.85796586	0.4	6.1	1
85059970.48660891	0.4	7.1	1
85233214.73549467	0.4	6.3	1
85406613.17257155	0.6	11.1	1
85580146.36578797	0.4	8.5	1
85753781.6889199	0.2	4.7	1
85927536.69534685	0.2	5.5	1
86101397.71036139	0.4	6.7	1
86275409.45237766	0.4	9.5	1
86449561.40201026	0.6	10.1	1
86623867.53983398	0.6	11.1	1
86799287.63250753	1.0	90.0	1
86974794.49588953	0.2	4.0	1
87150439.3095835	0.4	8.7	1
87326241.23862407	0.4	9.9	1
87502480.42977503	0.8	33.75	1
87678841.60037579	0.4	7.7	1
87855322.45427155	0.2	5.5	1
88031991.04973796	0.6	13.5	1
88208718.98875733	0.2	2.75	1
88385597.65477842	0.4	9.5	1
88562591.61574966	0.2	5.3	1
88740022.83883129	0.8	33.75	1
88917572.84719026	0.4	7.5	1
89095216.08744706	0.4	5.9	1
89272965.84596425	0.2	4.9	1
89450818.4188966	0.4	6.5	1
89628799.35962361	0.4	8.1	1
89806959.65357637	0.6	12.9	1
89985273.8687033	0.4	9.7	1
90163700.4807627	0.4	7.1	1
90342281.28101322	0.6	11.1	1
90521511.47318068	1.0	52.5	1
90700856.96029828	0.2	5.3	1
90880300.18898652	0.2	4.5	1
91059917.1786706	0.6	12.5	1
91239653.85164969	0.2	5.5	1
91419558.69339469	0.6	12.1	1
91599550.30584814	0.2	4.0	1
91779673.48026869	0.4	8.3	1
91959967.6195701	0.6	12.3	1
92140386.93249375	0.4	7.9	1
92320960.43360852	0.6	11.1	1
92501678.27338015	0.4	9.1	1
92682527.67511886	0.4	8.3	1
92863522.87670383	0.6	10.5	1
93044680.6548248	0.6	11.7	1
93226012.1939416	0.6	12.5	1
93407486.73678969	0.6	10.3	1
