25.34005629047619	0.4	9.5	1
54.94677924761905	0.6	11.1	1
89.35350220476191	0.6	12.9	1
110.96022516190476	0.4	8.1	1
133.6336147857143	0.4	8.5	1
160.57367107619046	0.6	10.1	1
193.38039403333332	0.6	12.3	1
283.38711699047616	0.8	33.75	1
290.72717328095234	0.2	2.75	1
316.0672295714285	0.4	9.5	1
343.54061919523804	0.6	10.3	1
377.4140088190476	0.6	12.7	1
402.22073177619046	0.4	9.3	1
422.76078806666663	0.4	7.7	1
436.36751102380947	0.2	5.1	1
440.37423398095234	0.2	1.5	1
461.9809569380952	0.4	8.1	1
489.4543465619047	0.6	10.3	1
514.7944028523809	0.4	9.5	1
542.2677924761905	0.6	10.3	1
564.9411821	0.4	8.5	1
584.9479050571429	0.4	7.5	1
609.7546280142857	0.4	9.3	1
627.0946843047619	0.4	6.5	1
654.0347405952381	0.6	10.1	1
680.4414635523809	0.4	9.9	1
705.2481865095237	0.4	9.3	1
732.1882427999999	0.6	10.1	1
755.3949657571427	0.4	8.7	1
759.4016887142856	0.2	1.5	1
773.5417450047618	0.2	5.3	1
913.5484679619046	1.0	52.5	1
1103.5551909190476	1.0	71.25	1
1128.3619138761906	0.4	9.3	1
1143.0353035	0.2	5.5	1
1175.3086931238095	0.6	12.1	1
1189.4487494142857	0.2	5.3	1
1206.2554723714286	0.4	6.3	1
1229.4621953285714	0.4	8.7	1
1260.6689182857142	0.6	11.7	1
1277.4756412428571	0.4	6.3	1
1317.4823642	0.8	15.0	1
1349.222420490476	0.6	11.9	1
1383.6291434476188	0.6	12.9	1
1394.3025330714283	0.2	4.0	1
1420.175922695238	0.4	9.7	1
1610.1826456523809	1.0	71.25	1
1644.5893686095237	0.6	12.9	1
1667.7960915666665	0.4	8.7	1
1687.269481190476	0.4	7.3	1
1706.7428708142854	0.4	7.3	1
1724.616260438095	0.4	6.7	1
1751.0229833952378	0.4	9.9	1
1767.2963730190472	0.4	6.1	1
1781.4364293095234	0.2	5.3	1
1798.7764855999997	0.4	6.5	1
1888.7832085571424	0.8	33.75	1
1906.1232648476187	0.4	6.5	1
1927.7299878047615	0.4	8.1	1
1961.603377428571	0.6	12.7	1
1985.3434337190472	0.4	8.9	1
2002.6834900095234	0.4	6.5	1
2028.556879633333	0.4	9.7	1
2041.0969359238093	0.2	4.7	1
2056.8369922142856	0.4	5.9	1
2089.6437151714285	0.6	12.3	1
2120.3171047952383	0.6	11.5	1
2153.6571610857145	0.6	12.5	1
2187.530550709524	0.6	12.7	1
2218.203940333334	0.6	11.5	1
2241.410663290477	0.4	8.7	1
2268.350719580953	0.6	10.1	1
2297.9574425380956	0.6	11.1	1
2312.6308321619053	0.2	5.5	1
2341.1708884523814	0.6	10.7	1
2360.1109447428576	0.4	7.1	1
2379.0510010333337	0.4	7.1	1
2399.5910573238098	0.4	7.7	1
2423.331113614286	0.4	8.9	1
2450.2711699047622	0.6	10.1	1
2480.944559528572	0.6	11.5	1
2492.9512824857147	0.2	4.5	1
2732.9580054428575	1.0	90.0	1
2751.8980617333336	0.4	7.1	1
2783.63811802381	0.6	11.9	1
2811.1115076476194	0.6	10.3	1
2836.984897271429	0.4	9.7	1
2858.0582868952383	0.4	7.9	1
2862.065009852381	0.2	1.5	1
3002.071732809524	1.0	52.5	1
3029.5451224333333	0.6	10.3	1
3063.951845390476	0.6	12.9	1
3067.958568347619	0.2	1.5	1
3087.4319579714283	0.4	7.3	1
3121.305347595238	0.6	12.7	1
3261.3120705523806	1.0	52.5	1
3273.3187935095234	0.2	4.5	1
3290.1255164666663	0.4	6.3	1
3312.798906090476	0.4	8.5	1
3341.8722957142854	0.6	10.9	1
