226.95537525354968	0.6	12.3	1
683.5564570655847	0.6	12.5	1
1374.1839080459768	0.6	12.9	1
2297.837728194726	0.6	12.9	1
3457.517917511832	0.6	12.9	1
4849.534144692359	0.6	12.7	1
6487.647734956051	0.6	13.5	1
8351.097363083163	0.6	12.7	1
10458.644354293441	0.6	13.5	1
12786.146720757268	0.6	12.3	1
15339.985125084517	0.6	12.7	1
18113.778904665316	0.6	12.3	1
21133.67004732928	0.6	13.5	1
24386.897227856665	0.6	12.7	1
27864.0797836376	0.6	12.3	1
31567.217714672082	0.6	12.3	1
35499.001352265055	0.6	12.5	1
39662.12102772145	0.6	12.7	1
44054.886409736326	0.6	12.5	1
48684.67816091956	0.6	12.9	1
53539.425287356346	0.6	12.3	1
58619.818120351614	0.6	12.5	1
63937.23732251524	0.6	12.9	1
69489.68289384722	0.6	12.9	1
75268.08384043275	0.6	12.3	1
81275.13049357677	0.6	12.5	1
87501.13252197433	0.6	12.3	1
93953.08992562545	0.6	12.3	1
100638.38336713999	0.6	12.7	1
