30.673389623809527	0.6	11.5	1
60.280112580952384	0.6	11.1	1
82.9535022047619	0.4	8.5	1
112.02689182857142	0.6	10.9	1
136.83361478571427	0.4	9.3	1
165.9070044095238	0.6	10.9	1
194.98039403333334	0.6	10.9	1
226.1871169904762	0.6	11.7	1
248.86050661428573	0.4	8.5	1
273.13389623809525	0.4	9.1	1
302.2072858619048	0.6	10.9	1
332.347342152381	0.6	11.3	1
393.1607880666669	0.6	11.5	1
424.36751102380975	0.6	11.7	1
448.6409006476193	0.4	9.1	1
472.9142902714288	0.4	9.1	1
495.5876798952383	0.4	8.5	1
541.4677924761904	0.4	8.7	1
572.6745154333332	0.6	11.7	1
602.8145717238094	0.6	11.3	1
626.5546280142856	0.4	8.9	1
657.7613509714286	0.6	11.7	1
718.0414635523803	0.6	10.9	1
747.1148531761897	0.6	10.9	1
771.3882427999993	0.4	9.1	1
796.1949657571421	0.4	9.3	1
826.3350220476183	0.6	11.3	1
850.6084116714278	0.4	9.1	1
905.5551909190469	0.6	11.5	1
935.6952472095231	0.6	11.3	1
995.9753597904757	0.6	11.3	1
1019.715416080952	0.4	8.9	1
1042.9221390380949	0.4	8.7	1
1096.2689182857132	0.6	11.3	1
1120.0089745761893	0.4	8.9	1
1172.8224204904757	0.6	10.9	1
1197.095810114285	0.4	9.1	1
1226.702533071428	0.6	11.1	1
1251.509256028571	0.4	9.3	1
1280.5826456523805	0.6	10.9	1
1309.65603527619	0.6	10.9	1
1333.9294248999995	0.4	9.1	1
1357.1361478571423	0.4	8.7	1
1381.4095374809517	0.4	9.1	1
1404.6162604380945	0.4	8.7	1
1428.889650061904	0.4	9.1	1
1452.0963730190467	0.4	8.7	1
1483.3030959761895	0.6	11.7	1
1537.7165418904763	0.4	8.7	1
1622.8033774285736	0.6	11.5	1
1654.0101003857164	0.6	11.7	1
1707.8902129666699	0.4	8.5	1
1792.4437151714344	0.6	11.5	1
1822.0504381285773	0.6	11.1	1
1845.25716108572	0.4	8.7	1
1867.9305507095296	0.4	8.5	1
1915.4106632904836	0.4	9.3	1
1938.6173862476264	0.4	8.7	1
1968.2241092047693	0.6	11.1	1
1991.9641654952454	0.4	8.9	1
2039.9776114095316	0.4	9.1	1
2069.5843343666743	0.6	11.1	1
2099.191057323817	0.6	11.1	1
2157.871169904768	0.6	10.9	1
