25.87502200357143	0.6	11.5	1
51.75004400714286	0.6	11.5	1
72.67506601071429	0.4	9.3	1
98.10008801428572	0.6	11.3	1
119.02511001785714	0.4	9.3	1
139.50013202142858	0.4	9.1	1
160.425154025	0.4	9.3	1
185.40017602857145	0.6	11.1	1
211.2751980321429	0.6	11.5	1
235.80022003571432	0.6	10.9	1
286.65026404285715	0.6	11.7	1
312.0752860464286	0.6	11.3	1
337.50030805	0.6	11.3	1
358.42533005357143	0.4	9.3	1
379.35035205714286	0.4	9.3	1
399.3753740607143	0.4	8.9	1
420.30039606428574	0.4	9.3	1
445.2754180678572	0.6	11.1	1
470.7004400714286	0.6	11.3	1
495.67546207500004	0.6	11.1	1
514.8004840785715	0.4	8.5	1
541.1255060821429	0.6	11.7	1
562.0505280857144	0.4	9.3	1
587.9255500892858	0.6	11.5	1
608.8505720928572	0.4	9.3	1
634.7255940964286	0.6	11.5	1
654.7506161	0.4	8.9	1
679.2756381035714	0.6	10.9	1
699.7506601071428	0.4	9.1	1
725.6256821107143	0.6	11.5	1
770.6257261178565	0.4	8.5	1
796.0507481214279	0.6	11.3	1
815.1757701249993	0.4	8.5	1
835.2007921285707	0.4	8.9	1
859.7258141321421	0.6	10.9	1
879.3008361357136	0.4	8.7	1
918.9008801428565	0.4	8.9	1
945.225902146428	0.6	11.7	1
971.1009241499994	0.6	11.5	1
996.5259461535709	0.6	11.3	1
1017.0009681571423	0.4	9.1	1
1037.9259901607138	0.4	9.3	1
1083.8260341678572	0.6	11.1	1
1110.1510561714285	0.6	11.7	1
1129.276078175	0.4	8.5	1
1155.1511001785716	0.6	11.5	1
1176.076122182143	0.4	9.3	1
1195.6511441857144	0.4	8.7	1
1215.6761661892858	0.4	8.9	1
1236.1511881928573	0.4	9.1	1
1277.1012322	0.4	9.1	1
1303.4262542035713	0.6	11.7	1
1329.3012762071428	0.6	11.5	1
1354.2762982107142	0.6	11.1	1
1375.2013202142857	0.4	9.3	1
1399.726342217857	0.6	10.9	1
1424.2513642214285	0.6	10.9	1
1443.376386225	0.4	8.5	1
1467.9014082285714	0.6	10.9	1
1488.3764302321429	0.4	9.1	1
1512.9014522357143	0.6	10.9	1
1532.9264742392857	0.4	8.9	1
1572.0765182464277	0.4	8.5	1
1593.0015402499992	0.4	9.3	1
1612.1265622535707	0.4	8.5	1
1631.2515842571422	0.4	8.5	1
1650.8266062607136	0.4	8.7	1
1690.4266502678547	0.4	8.9	1
1755.0017162785664	0.6	11.1	1
1779.5267382821378	0.6	10.9	1
1824.5267822892797	0.4	9.1	1
1849.5018042928511	0.6	11.1	1
1870.4268262964226	0.4	9.3	1
1890.001848299994	0.4	8.7	1
1935.901892307135	0.6	11.7	1
2001.376958317846	0.4	8.7	1
2021.8519803214174	0.4	9.1	1
2040.977002324989	0.4	8.5	1
2061.9020243285604	0.4	9.3	1
2087.7770463321317	0.6	11.5	1
2132.7770903392757	0.4	8.5	1
2159.1021123428472	0.6	11.7	1
2178.677134346419	0.4	8.7	1
2198.2521563499904	0.4	8.7	1
2223.677178353562	0.6	11.3	1
2273.627222360705	0.6	10.9	1
