18.20580477142857	0.6	11.7	1
54.61741431428571	0.6	11.7	1
72.51210797460317	0.6	11.5	1
107.67927307301586	0.6	11.1	1
121.52952228888888	0.4	8.9	1
136.00199372698413	0.4	9.3	1
149.85224294285715	0.4	8.9	1
180.97496359682557	0.6	11.1	1
197.9363239238097	0.6	10.9	1
232.7923779111112	0.6	11.5	1
246.020404904762	0.4	8.5	1
259.2484318984128	0.4	8.5	1
276.2097922253969	0.6	10.9	1
290.6822636634921	0.4	9.3	1
304.53251287936513	0.4	8.9	1
332.85523353333355	0.4	9.3	1
374.405981180953	0.4	8.5	1
387.6340081746038	0.4	8.5	1
402.10647961269905	0.4	9.3	1
419.06783993968315	0.6	10.9	1
432.9180891555562	0.4	8.9	1
450.50167170476254	0.6	11.3	1
464.6630320317467	0.4	9.1	1
496.4079749079374	0.6	11.3	1
510.56933523492154	0.4	9.1	1
524.4195844507946	0.4	8.9	1
555.2311939936519	0.6	10.9	1
569.7036654317471	0.4	9.3	1
586.6650257587313	0.6	10.9	1
604.2486083079376	0.6	11.3	1
618.0988575238106	0.4	8.9	1
635.0602178507947	0.6	10.9	1
648.2882448444456	0.4	8.5	1
661.5162718380964	0.4	8.5	1
675.9887432761916	0.4	9.3	1
689.2167702698424	0.4	8.5	1
703.3781305968265	0.4	9.1	1
717.2283798126995	0.4	8.9	1
735.1230734730169	0.6	11.5	1
770.2902385714292	0.6	11.1	1
784.4515988984133	0.4	9.1	1
812.7743195523808	0.4	9.1	1
826.6245687682538	0.4	8.9	1
844.5192624285712	0.6	11.5	1
861.4806227555554	0.6	10.9	1
875.0197608603173	0.4	8.7	1
888.5588989650793	0.4	8.7	1
903.0313704031745	0.4	9.3	1
916.2593973968253	0.4	8.5	1
934.4652021682539	0.6	11.7	1
948.626562495238	0.4	9.1	1
965.8990339333332	0.6	11.1	1
984.1048387047617	0.6	11.7	1
1019.5831149142859	0.6	11.1	1
1033.433364130159	0.4	8.9	1
1047.2836133460319	0.4	8.9	1
1065.1783070063493	0.6	11.5	1
1079.6507784444445	0.4	9.3	1
1096.6121387714286	0.6	10.9	1
1109.8401657650793	0.4	8.5	1
1123.6904149809523	0.4	8.9	1
1155.746468968254	0.6	11.7	1
1172.707829295238	0.6	10.9	1
1187.1803007333333	0.4	9.3	1
1218.614132498411	0.6	10.9	1
1233.0866039365062	0.4	9.3	1
1250.3590753746014	0.6	11.1	1
1263.587102368252	0.4	8.5	1
1281.4817960285695	0.6	11.5	1
1317.271183349204	0.6	11.5	1
1331.121432565077	0.4	8.9	1
1344.97168178095	0.4	8.9	1
1373.2944024349183	0.4	9.3	1
1390.5668738730135	0.6	11.1	1
1408.772678644442	0.6	11.7	1
1423.2451500825373	0.4	9.3	1
1436.473177076188	0.4	8.5	1
1450.0123151809498	0.4	8.7	1
1468.2181199523784	0.6	11.7	1
1481.7572580571402	0.4	8.7	1
1499.6519517174577	0.6	11.5	1
1535.130227926981	0.6	11.3	1
1548.3582549206317	0.4	8.5	1
1565.941837469838	0.6	11.3	1
1583.8365311301554	0.6	11.5	1
1615.2703628952343	0.4	8.7	1
1628.809500999996	0.4	8.7	1
1646.7041946603135	0.6	11.5	1
1661.1766660984088	0.4	9.3	1
1675.649137536504	0.4	9.3	1
1688.8771645301547	0.4	8.5	1
1703.0385248571388	0.4	9.1	1
1716.8887740730117	0.4	8.9	1
1730.7390232888847	0.4	8.9	1
1747.7003836158688	0.6	10.9	1
1765.5950772761862	0.6	11.5	1
1801.6955757079318	0.6	11.7	1
1851.0241011333267	0.4	8.5	1
1864.5632392380885	0.4	8.7	1
1879.0357106761837	0.4	9.3	1
1892.5748487809456	0.4	8.7	1
1909.8473202190407	0.6	11.1	1
1944.7033742063436	0.6	11.3	1
1961.9758456444388	0.6	11.1	1
1975.5149837492006	0.4	8.7	1
1993.098566298407	0.6	11.3	1
2006.3265932920576	0.4	8.5	1
2033.0937583904686	0.4	8.7	1
2046.9440076063415	0.4	8.9	1
2077.7556171491988	0.6	10.9	1
2095.028088587294	0.6	11.1	1
2125.8396981301526	0.4	8.7	1
2139.0677251238035	0.4	8.5	1
2166.146001333326	0.4	8.9	1
2179.996250549199	0.4	8.9	1
2193.22427754285	0.4	8.5	1
2207.6967489809454	0.4	9.3	1
2225.2803315301517	0.6	11.3	1
2243.175025190469	0.6	11.5	1
2256.40305218412	0.4	8.5	1
2274.6088569555486	0.6	11.7	1
2310.398244276182	0.6	11.3	1
2324.5596046031665	0.4	9.1	1
2356.9267697015785	0.6	11.7	1
2374.5103522507848	0.6	11.3	1
2410.29973957142	0.6	11.7	1
2428.5055443428487	0.6	11.7	1
2441.7335713364996	0.4	8.5	1
2455.2727094412617	0.4	8.7	1
2482.662096761898	0.4	8.9	1
2496.20123486666	0.4	8.7	1
2527.323955520629	0.6	11.3	1
2540.8630936253912	0.4	8.7	1
2555.3355650634867	0.4	9.3	1
2572.608036501582	0.6	11.1	1
2589.569396828566	0.6	10.9	1
2602.797423822217	0.4	8.5	1
2616.0254508158678	0.4	8.5	1
2643.10372702539	0.4	8.9	1
2656.331754019041	0.4	8.5	1
2673.293114346025	0.6	10.9	1
2686.521141339676	0.4	8.5	1
2717.3327508825314	0.6	11.3	1
2730.5607778761823	0.4	8.5	1
2745.033249314278	0.4	9.3	1
2759.194609641262	0.4	9.1	1
2772.733747746024	0.4	8.7	1
2800.4342461777715	0.4	9.1	1
2846.0294382698353	0.6	11.5	1
2859.5685763745973	0.4	8.7	1
2891.0024081396778	0.6	11.5	1
2908.274879577773	0.6	11.1	1
2925.547351015868	0.6	11.1	1
2960.714516114282	0.6	11.5	1
2975.1869875523776	0.4	9.3	1
2993.392792323806	0.6	11.7	1
3029.1821796444397	0.6	11.3	1
3082.866260625391	0.6	11.5	1
3097.3387320634865	0.4	9.3	1
3125.350341606342	0.4	8.7	1
3138.578368599993	0.4	8.5	1
3152.117506704755	0.4	8.7	1
3166.2788670317395	0.4	9.1	1
3180.751338469835	0.4	9.3	1
3209.074059123802	0.4	8.9	1
3251.247028993642	0.4	8.9	1
3269.4528337650704	0.6	11.7	1
3305.553332196815	0.6	11.5	1
3319.7146925237994	0.4	9.1	1
3337.2982750730057	0.6	11.3	1
3373.087662393641	0.6	11.7	1
3390.6712449428474	0.6	11.3	1
3404.5214941587205	0.4	8.9	1
3435.644214812689	0.6	11.1	1
3453.227797361895	0.6	11.3	1
3467.0780465777684	0.4	8.9	1
3495.089656120626	0.4	9.1	1
3509.2510164476103	0.4	9.1	1
3527.1457101079277	0.6	11.5	1
3558.5795418730067	0.4	8.7	1
3576.7853466444353	0.6	11.7	1
3590.3244847491974	0.4	8.7	1
3604.1747339650706	0.4	8.9	1
3618.0249831809438	0.4	8.9	1
3646.3477038349124	0.4	9.3	1
3688.2095625936413	0.4	8.7	1
3701.7487006984034	0.4	8.7	1
3716.221172136499	0.4	9.3	1
3730.071421352372	0.4	8.9	1
3758.0830308952295	0.4	9.1	1
3775.3555023333247	0.6	11.1	1
3789.516862660309	0.4	9.1	1
