11.87247143809524	0.4	8.9	1
23.211609542857147	0.4	8.5	1
35.35074764761905	0.4	9.1	1
62.02902385714281	0.6	10.9	1
73.63482862857138	0.4	8.7	1
97.64643817142863	0.4	9.3	1
109.78557627619054	0.4	9.1	1
124.59138104761911	0.6	11.1	1
140.1971858190477	0.6	11.7	1
151.5363239238096	0.4	8.5	1
163.14212869523817	0.4	8.7	1
175.0146001333334	0.4	8.9	1
186.62040490476198	0.4	8.7	1
201.1595430095239	0.6	10.9	1
213.2986811142858	0.4	9.1	1
237.84362399047635	0.4	9.3	1
253.18276209523825	0.6	11.5	1
268.5219002000002	0.6	11.5	1
283.8610383047621	0.6	11.5	1
295.4668430761906	0.4	8.7	1
307.8726478476192	0.4	9.3	1
320.0117859523811	0.4	9.1	1
335.350924057143	0.6	11.5	1
365.49586693333384	0.6	11.1	1
377.9016717047624	0.4	9.3	1
392.4408098095243	0.6	10.9	1
407.2466145809529	0.6	11.1	1
422.85241935238145	0.6	11.7	1
453.2640288952387	0.6	11.1	1
468.86983366666726	0.6	11.7	1
483.9423051047625	0.6	11.3	1
499.54810987619106	0.6	11.7	1
515.1539146476197	0.6	11.7	1
526.7597194190482	0.4	8.7	1
542.3655241904768	0.6	11.7	1
554.7713289619054	0.4	9.3	1
566.9104670666673	0.4	9.1	1
579.0496051714291	0.4	9.1	1
594.6554099428577	0.6	11.7	1
609.9945480476196	0.6	11.5	1
621.8670194857148	0.4	8.9	1
634.2728242571434	0.4	9.3	1
649.3452956952386	0.6	11.3	1
661.4844338000005	0.4	9.1	1
673.6235719047623	0.4	9.1	1
688.1627100095243	0.6	10.9	1
700.3018481142861	0.4	9.1	1
727.2467909904763	0.6	11.1	1
739.3859290952381	0.4	9.1	1
754.7250672	0.6	11.5	1
769.7975386380953	0.6	11.3	1
784.8700100761905	0.6	11.3	1
797.2758148476191	0.4	9.3	1
809.1482862857143	0.4	8.9	1
823.9540910571429	0.6	11.1	1
853.5657006000009	0.6	11.1	1
865.4381720380961	0.4	8.9	1
892.9164482476198	0.6	11.7	1
905.0555863523816	0.4	9.1	1
916.3947244571435	0.4	8.5	1
931.2005292285721	0.6	11.1	1
957.3454721047634	0.4	8.5	1
972.4179435428587	0.6	11.3	1
983.7570816476206	0.4	8.5	1
1009.6353578571448	0.6	10.9	1
1024.70782929524	0.6	11.3	1
1036.8469674000019	0.4	9.1	1
1049.2527721714305	0.4	9.3	1
1061.658576942859	0.4	9.3	1
1077.2643817142878	0.6	11.7	1
1089.4035198190497	0.4	9.1	1
1101.5426579238117	0.4	9.1	1
1116.8817960285737	0.6	11.5	1
1147.8267389047646	0.6	11.7	1
1162.8992103428598	0.6	11.3	1
1175.3050151142884	0.4	9.3	1
1199.316624657145	0.4	8.7	1
1214.9224294285737	0.6	11.7	1
1245.0673723047641	0.6	10.9	1
1257.4731770761928	0.4	9.3	1
1269.0789818476214	0.4	8.7	1
1284.68478661905	0.6	11.7	1
1296.0239247238121	0.4	8.5	1
1310.563062828574	0.6	10.9	1
1325.635534266669	0.6	11.3	1
1355.78047714286	0.6	11.3	1
1367.3862819142887	0.4	8.7	1
1391.1312247904793	0.4	9.1	1
1427.2819724380981	0.4	9.3	1
1442.6211105428602	0.6	11.5	1
1457.6935819809553	0.6	11.3	1
1472.4993867523838	0.6	11.1	1
1502.3776629619083	0.6	11.3	1
1544.6617439428621	0.4	9.3	1
1559.200882047624	0.6	10.9	1
1585.879158257149	0.4	9.1	1
1601.4849630285776	0.6	11.7	1
1631.629905904768	0.6	10.9	1
1646.4357106761965	0.6	11.1	1
1676.8473202190546	0.6	11.7	1
1689.2531249904832	0.4	9.3	1
1712.9980678666732	0.4	8.5	1
1728.0705393047683	0.6	11.3	1
1754.4821488476261	0.4	8.5	1
1766.6212869523881	0.4	9.1	1
1777.9604250571501	0.4	8.5	1
1793.2995631619121	0.6	11.5	1
1805.7053679333408	0.4	9.3	1
1821.0445060381028	0.6	11.5	1
1832.3836441428648	0.4	8.5	1
1846.9227822476266	0.6	10.9	1
1858.795253685722	0.4	8.9	1
1873.867725123817	0.6	11.3	1
1886.006863228579	0.4	9.1	1
1898.146001333341	0.4	9.1	1
1922.1576108761979	0.4	8.9	1
1958.0416918571498	0.4	8.9	1
1970.1808299619117	0.4	9.1	1
1997.6591061714353	0.6	11.5	1
2040.7431871523877	0.6	11.7	1
2055.2823252571498	0.6	10.9	1
2067.4214633619117	0.4	9.1	1
2081.960601466674	0.6	10.9	1
2108.1055443428654	0.4	8.7	1
2149.0562919904855	0.6	11.1	1
2201.6128444095352	0.4	8.7	1
2213.4853158476303	0.4	8.9	1
2237.2302587238205	0.4	8.9	1
2252.302730161916	0.6	11.3	1
2267.6418682666776	0.6	11.5	1
2298.0534778095353	0.6	11.3	1
2343.5375587904887	0.6	11.3	1
2355.1433635619173	0.4	8.7	1
2370.482501666679	0.6	11.5	1
2382.354973104774	0.4	8.9	1
2409.566582647631	0.6	11.5	1
2421.439054085726	0.4	8.9	1
2433.8448588571546	0.4	9.3	1
2458.3898017333445	0.4	9.1	1
2472.9289398381065	0.6	10.9	1
2502.8072160476313	0.6	11.5	1
2547.491297028585	0.6	11.1	1
2559.630435133347	0.4	9.1	1
2572.0362399047754	0.4	9.3	1
2598.9811827809654	0.6	10.9	1
2614.586987552394	0.6	11.7	1
2642.3319304285847	0.4	9.1	1
2654.737735200013	0.4	9.3	1
2679.5493447428694	0.4	9.3	1
2691.6884828476313	0.4	9.1	1
2716.2334257238213	0.4	9.3	1
2755.584173371439	0.6	11.1	1
2767.4566448095343	0.4	8.9	1
2779.5957829142963	0.4	9.1	1
2804.140725790486	0.4	9.3	1
2843.491473438104	0.6	11.1	1
2858.2972782095326	0.6	11.1	1
2873.9030829809612	0.6	11.7	1
2900.8480258571517	0.4	8.5	1
2912.1871639619135	0.4	8.5	1
2935.6654401714377	0.4	9.1	1
2947.0045782761995	0.4	8.5	1
2969.6828544857235	0.4	8.5	1
2985.0219925904853	0.6	11.5	1
3000.0944640285807	0.6	11.3	1
3012.2336021333426	0.4	9.1	1
3039.978545009533	0.6	11.7	1
3055.051016447628	0.6	11.3	1
3070.656821219057	0.6	11.7	1
3101.8684307619105	0.6	11.7	1
3145.2191784095226	0.4	9.1	1
3156.824983180951	0.4	8.7	1
3172.43078795238	0.6	11.7	1
3199.3757308285667	0.4	8.5	1
3241.1264784761825	0.6	11.1	1
3255.932283247611	0.6	11.1	1
3282.8772261238023	0.4	9.1	1
3295.0163642285643	0.4	9.1	1
3321.6946404380915	0.6	10.9	1
3363.4453880857113	0.6	11.3	1
3378.25119285714	0.6	11.1	1
3404.9294690666643	0.4	8.9	1
3416.535273838093	0.4	8.7	1
3443.48021671428	0.6	11.5	1
3486.0309643618957	0.6	11.7	1
3501.6367691333244	0.6	11.7	1
3529.1150453428445	0.4	8.9	1
3571.1324596571267	0.6	10.9	1
3586.4715977618885	0.6	11.5	1
3617.4165406380794	0.6	11.7	1
3632.755678742841	0.6	11.5	1
3662.6339549523655	0.6	10.9	1
3675.039759723794	0.4	9.3	1
3702.7847025999836	0.6	11.5	1
3714.6571740380787	0.4	8.9	1
3727.062978809507	0.4	9.3	1
3742.6687835809357	0.6	11.7	1
3773.0803931237892	0.6	11.1	1
3784.419531228551	0.4	8.5	1
3796.292002666646	0.4	8.9	1
3810.831140771408	0.6	10.9	1
3840.7094169809293	0.6	11.5	1
3852.5818884190244	0.4	8.9	1
3878.9934979618815	0.6	10.9	1
3893.79930273331	0.6	11.1	1
3923.1442456095015	0.6	10.9	1
3938.216717047597	0.6	11.3	1
3953.8225218190255	0.6	11.7	1
3968.894993257121	0.6	11.3	1
3995.839936133308	0.4	8.9	1
4008.2457409047365	0.4	9.3	1
4023.318212342832	0.6	11.3	1
4050.263155219019	0.4	8.9	1
4092.813902866635	0.6	11.7	1
4147.770455285676	0.4	9.3	1
4217.5328124761445	0.6	11.1	1
4232.338617247573	0.6	11.1	1
4247.1444220190015	0.6	11.1	1
4273.289364895193	0.4	8.5	1
4311.573445876146	0.4	9.1	1
4361.729998295198	0.4	8.9	1
4373.86913639996	0.4	9.1	1
4385.474941171388	0.4	8.7	1
4411.619884047575	0.6	10.9	1
4449.370631695188	0.4	8.7	1
4501.66051744756	0.6	10.9	1
4513.532988885655	0.4	8.9	1
4540.744598428512	0.6	11.5	1
4579.562012742798	0.4	8.7	1
4591.967817514227	0.4	9.3	1
4607.573622285656	0.6	11.7	1
4623.1794270570845	0.6	11.7	1
4653.857703266604	0.6	11.3	1
4665.7301747046995	0.4	8.9	1
4689.741784247556	0.4	9.1	1
4705.347589018985	0.6	11.7	1
4732.292531895172	0.4	8.5	1
4744.165003333267	0.4	8.9	1
4771.376612876124	0.6	11.5	1
4782.715750980887	0.4	8.5	1
4797.788222418982	0.6	11.3	1
4809.927360523743	0.4	9.1	1
4822.066498628505	0.4	9.1	1
4849.544774838032	0.6	11.5	1
4891.828855818988	0.6	11.1	1
4945.718741571373	0.4	8.7	1
4957.324546342802	0.4	8.7	1
4968.663684447564	0.4	8.5	1
4992.408627323755	0.4	9.3	1
5031.22604163804	0.6	11.3	1
5081.6492607237515	0.4	8.7	1
5097.25506549518	0.6	11.7	1
5127.9333417047	0.6	11.3	1
5169.9507560189795	0.4	8.5	1
5182.356560790408	0.4	9.3	1
5197.162365561837	0.6	11.1	1
5223.573975104695	0.4	8.7	1
5261.858056085644	0.4	8.9	1
5276.3971941904065	0.6	10.9	1
5302.808803733261	0.4	8.9	1
5314.947941838022	0.4	9.1	1
5338.42621804755	0.4	8.5	1
5376.710299028506	0.6	11.1	1
5430.333518114225	0.6	11.5	1
5498.762541971372	0.6	11.1	1
5510.1016800761345	0.4	8.5	1
5536.779956285659	0.6	11.5	1
5578.264037266612	0.6	11.1	1
5589.603175371374	0.4	8.5	1
5613.081451580898	0.4	9.1	1
5651.898865895188	0.6	11.5	1
5666.9713373332825	0.6	11.3	1
5693.382946876137	0.4	8.5	1
5734.60036119042	0.6	11.1	1
5787.423580276132	0.4	8.7	1
5799.562718380894	0.4	9.1	1
5814.101856485656	0.6	10.9	1
5844.246799361844	0.6	11.7	1
5858.785937466606	0.6	10.9	1
5888.6642136761275	0.6	11.5	1
5933.3482946570775	0.6	11.1	1
5945.487432761839	0.4	9.1	1
5969.765708971366	0.4	9.1	1
6009.383123285658	0.6	11.5	1
6021.255594723753	0.4	8.9	1
6044.733870933277	0.4	8.7	1
6080.351285247559	0.4	9.1	1
6092.49042335232	0.4	9.1	1
6119.70203289518	0.6	11.3	1
6131.041170999943	0.4	8.5	1
6142.646975771371	0.4	8.7	1
6169.858585314225	0.6	11.7	1
6211.875999628503	0.6	11.1	1
6227.215137733266	0.6	11.5	1
6257.626747276123	0.6	11.3	1
6303.110828257072	0.6	11.3	1
6317.916633028501	0.6	11.1	1
6347.5282425713585	0.6	11.1	1
6389.545656885646	0.4	9.3	1
6443.168875971362	0.4	8.7	1
6454.508014076124	0.4	8.5	1
6477.186290285648	0.4	8.5	1
6515.470371266601	0.6	11.7	1
6565.36025701898	0.4	8.7	1
6580.166061790408	0.6	11.1	1
6610.044337999932	0.6	11.3	1
6652.328418980883	0.4	9.3	1
6705.951638066595	0.4	8.5	1
6717.557442838023	0.4	8.7	1
6744.5023857142105	0.6	11.5	1
