26.7038109	0.4	8.9	1
61.8076218	0.6	11.7	1
96.9114327	0.6	11.7	1
130.8152436	0.6	11.3	1
164.7190545	0.6	11.3	1
233.72667629999984	0.6	11.7	1
268.8304871999998	0.6	11.7	1
301.53429809999983	0.6	10.9	1
336.03810899999985	0.6	11.5	1
363.3419198999998	0.4	9.1	1
390.04573079999983	0.4	8.9	1
444.05335259999936	0.4	9.1	1
469.5571634999994	0.4	8.5	1
503.4609743999994	0.6	11.3	1
536.7647852999994	0.6	11.1	1
563.4685961999994	0.4	8.9	1
597.9724070999994	0.6	11.5	1
624.6762179999994	0.4	8.9	1
659.1800288999993	0.6	11.5	1
685.8838397999994	0.4	8.9	1
747.0914615999989	0.6	11.5	1
835.6028942999982	0.4	9.1	1
869.5067051999982	0.6	11.3	1
896.2105160999982	0.4	8.9	1
922.3143269999982	0.4	8.7	1
950.2181378999983	0.4	9.3	1
984.1219487999983	0.6	11.3	1
1018.6257596999983	0.6	11.5	1
1080.433381499998	0.4	9.1	1
1108.337192399998	0.4	9.3	1
1135.041003299998	0.4	8.9	1
1170.144814199998	0.6	11.7	1
1196.2486250999982	0.4	8.7	1
1229.5524359999981	0.6	11.1	1
1264.6562468999982	0.6	11.7	1
1299.1600577999982	0.6	11.5	1
1331.8638686999982	0.6	10.9	1
1357.3676795999982	0.4	8.5	1
1385.2714904999982	0.4	9.3	1
1445.8791122999976	0.6	10.9	1
1479.1829231999975	0.6	11.1	1
1514.2867340999976	0.6	11.7	1
1547.5905449999975	0.6	11.1	1
1580.2943558999975	0.6	10.9	1
1614.7981667999975	0.6	11.5	1
1648.1019776999974	0.6	11.1	1
1709.3095994999983	0.4	9.3	1
1734.8134103999982	0.4	8.5	1
1769.9172212999983	0.6	11.7	1
1797.2210321999983	0.4	9.1	1
1832.3248430999984	0.6	11.7	1
1865.6286539999983	0.6	11.1	1
1892.9324648999982	0.4	9.1	1
1919.0362757999983	0.4	8.7	1
