26.70672295714286	0.4	8.9	1
61.813445914285715	0.6	11.7	1
96.92016887142857	0.6	11.7	1
124.82689182857143	0.4	9.3	1
157.5336147857143	0.6	10.9	1
185.44033774285714	0.4	9.3	1
219.3470607	0.6	11.3	1
247.25378365714283	0.4	9.3	1
273.9605066142857	0.4	8.9	1
301.2672295714286	0.4	9.1	1
363.0806754857144	0.6	11.5	1
451.0008443571429	0.4	8.7	1
483.70756731428577	0.6	10.9	1
517.0142902714286	0.6	11.1	1
550.3210132285715	0.6	11.1	1
577.0277361857143	0.4	8.9	1
603.1344591428572	0.4	8.7	1
636.4411821	0.6	11.1	1
661.9479050571429	0.4	8.5	1
688.6546280142857	0.4	8.9	1
721.3613509714285	0.6	10.9	1
787.3747968857143	0.6	11.1	1
812.8815198428572	0.4	8.5	1
863.8949657571433	0.4	8.5	1
890.0016887142862	0.4	8.7	1
916.108411671429	0.4	8.7	1
949.4151346285719	0.6	11.1	1
982.7218575857147	0.6	11.1	1
1016.0285805428575	0.6	11.1	1
1041.5353035000003	0.4	8.5	1
1067.6420264571432	0.4	8.7	1
1094.948749414286	0.4	9.1	1
1120.4554723714289	0.4	8.5	1
1154.3621953285717	0.6	11.3	1
1180.4689182857146	0.4	8.7	1
1208.3756412428575	0.4	9.3	1
1235.0823642000003	0.4	8.9	1
1260.589087157143	0.4	8.5	1
1293.895810114286	0.6	11.1	1
1320.0025330714288	0.4	8.7	1
1345.5092560285716	0.4	8.5	1
1380.6159789857145	0.6	11.7	1
1407.9227019428574	0.4	9.1	1
1434.0294249000003	0.4	8.7	1
1469.1361478571432	0.6	11.7	1
1495.242870814286	0.4	8.7	1
1555.2563167285725	0.6	11.3	1
1589.1630396857154	0.6	11.3	1
1614.6697626428581	0.4	8.5	1
1641.376485600001	0.4	8.9	1
1668.6832085571439	0.4	9.1	1
1722.6966544714292	0.4	8.9	1
1749.403377428572	0.4	8.9	1
1783.3101003857148	0.6	11.3	1
