24.27338962380952	0.4	9.1	1
47.48011258095238	0.4	8.7	1
72.28683553809523	0.4	9.3	1
120.30028145238103	0.4	8.7	1
142.97367107619056	0.4	8.5	1
166.71372736666675	0.4	8.9	1
196.3204503238096	0.6	11.1	1
226.99383994761914	0.6	11.5	1
257.66722957142866	0.6	11.5	1
287.2739525285715	0.6	11.1	1
311.547342152381	0.4	9.1	1
366.49412140000015	0.6	11.5	1
391.30084435714303	0.4	9.3	1
414.5075673142859	0.4	8.7	1
466.78767989523845	0.6	10.9	1
490.5277361857146	0.4	8.9	1
519.6011258095241	0.6	10.9	1
571.8812383904767	0.4	8.7	1
654.834740595239	0.6	11.5	1
760.4616324238107	0.4	8.5	1
889.8285805428583	0.4	8.9	1
912.5019701666678	0.4	8.5	1
966.38208274762	0.6	11.7	1
1050.4022516190485	0.6	11.3	1
1164.5624767809534	0.6	11.3	1
1301.9294249000013	0.4	8.7	1
1363.5697626428591	0.4	9.1	1
1387.8431522666688	0.4	9.1	1
1417.4498752238117	0.6	11.1	1
1469.7299878047647	0.4	8.5	1
1551.6168233428605	0.6	11.1	1
1663.1103818380998	0.6	11.1	1
1804.743996623816	0.6	11.3	1
1827.9507195809588	0.4	8.7	1
1880.7641654952438	0.6	11.1	1
1962.651001033339	0.6	10.9	1
2067.2112261952434	0.4	8.5	1
2196.044840980957	0.4	9.1	1
2220.3182306047665	0.4	9.1	1
2242.9916202285763	0.4	8.5	1
2296.8717328095286	0.6	11.7	1
2381.4252350142897	0.6	11.5	1
2496.65212684286	0.6	11.5	1
2636.1524082952396	0.4	9.1	1
2700.459412704762	0.4	9.3	1
2787.973140071427	0.4	8.7	1
2899.760257061901	0.4	9.1	1
3042.754097009518	0.6	11.7	1
3208.4213265809435	0.4	8.5	1
3238.028049538086	0.6	11.1	1
3269.234772495229	0.6	11.7	1
3324.1815517428477	0.4	8.9	1
3402.3350539476096	0.4	8.7	1
3503.1619457761803	0.4	8.5	1
3634.6622272285604	0.6	11.5	1
3657.33561685237	0.4	8.5	1
3703.2157294333224	0.4	8.7	1
3778.169231638083	0.6	10.9	1
3882.729456799986	0.6	11.1	1
4016.8964049190326	0.6	11.1	1
4046.5031278761753	0.6	11.1	1
4099.849907123795	0.4	8.9	1
4176.403409328558	0.4	8.7	1
4276.6969678237965	0.4	8.9	1
