1023	10	73.00672295714286	0	33.59101785385606	106.59774081099891
1024	18	79.00580477142857	0	27.684328567423602	106.69013333885218
1025	2	73.0	0	60.59096945551129	133.5909694555113
1026	10	77.00672295714286	103.59774081099886	35.431621571875574	216.0360853400173
1027	4	75.0038109	0	51.78127589063794	126.78508679063795
1028	6	77.0038109	0	50.03899142188718	127.0428023218872
1029	4	77.0038109	124.78508679063793	53.16210991438829	254.95100760502623
1030	19	77.00580477142857	0	23.018055721630994	100.02386049305957
1031	0	77.0	0	97.61663286004055	174.61663286004057
1032	17	75.00580477142857	0	27.0914607715648	102.09726554299337
1033	3	75.0	0	59.44831959416613	134.44831959416612
1034	18	73.00580477142857	96.69013333885209	25.58172133445472	195.2776594447354
1035	13	81.00002200357143	0	34.33949465830083	115.33951666187227
1036	1	75.0	0	80.92360811394043	155.92360811394042
1037	0	81.0	168.61663286004068	102.68762677484786	352.3042596348885
1038	12	79.00002200357143	0	34.96813031161473	113.96815231518616
1039	11	77.00672295714286	0	34.930139720558884	111.93686267770174
1040	12	77.00002200357143	111.96815231518622	34.0828611898017	223.05103550855932
1041	16	75.00580477142857	0	28.76208007363092	103.76788484505948
1042	15	79.00002200357143	0	31.08767511411931	110.08769711769074
1043	19	75.00580477142857	87.0238604930596	22.42018414444577	184.44984940893397
1044	15	75.00002200357143	108.08769711769082	29.513615614670233	212.60133473593248
1045	1	81.0	146.92360811394042	87.39749676305567	315.32110487699606
1046	5	73.0038109	0	48.56306546035125	121.56687636035124
1047	15	77.00002200357143	209.6013347359326	30.30064536439477	316.9020021038988
1048	4	79.0038109	235.95100760502623	54.542943938138635	369.4977624431649
1049	15	79.00002200357143	314.90200210389867	31.08767511411931	424.9896992215894
1050	14	75.00002200357143	0	31.747375550287842	106.74739755385927
1051	12	73.00002200357143	212.05103550855938	32.312322946175634	317.36338045830644
1052	10	73.00672295714286	190.03608534001728	33.59101785385606	296.6338261510162
1053	2	77.0	105.59096945551119	63.911022576361226	246.50199203187242
1054	6	79.0038109	101.04280232188717	51.33870548479334	231.38531870668052
1055	0	75.0	334.30425963488847	95.0811359026369	504.38539553752537
1056	0	77.0	503.38539553752526	97.61663286004055	678.0020283975658
1057	0	75.0	677.0020283975659	95.0811359026369	847.0831643002028
1058	8	77.00672295714286	0	44.488097989369074	121.49482094651194
1059	3	81.0	108.44831959416615	64.20418516169943	253.65250475586558
1060	12	73.00002200357143	308.36338045830644	32.312322946175634	413.6757254080535
1061	3	75.0	251.6525047558655	59.44831959416613	386.10082435003164
1062	13	73.00002200357143	88.33951666187227	30.947939630320498	192.28747829576417
1063	0	73.0	841.083164300203	92.54563894523326	1006.6288032454362
1064	17	77.00580477142857	70.09726554299345	27.813899725473195	174.91697003989523
1065	0	75.0	1004.6288032454363	95.0811359026369	1174.7099391480733
1066	0	77.0	1173.7099391480733	97.61663286004055	1348.3265720081138
1067	6	77.0038109	218.38531870668044	50.03899142188718	345.42812102856766
1068	13	75.00002200357143	186.28747829576423	31.79582838731558	293.0833286866512
1069	2	81.0	230.5019920318723	67.23107569721115	378.7330677290835
1070	1	75.0	290.32110487699606	80.92360811394043	446.2447129909365
1071	19	81.00580477142857	156.44984940893391	24.213798876001434	261.6694530563639
1072	0	81.0	1342.3265720081135	102.68762677484786	1526.0141987829613
1073	0	77.0	1525.014198782961	97.61663286004055	1699.6308316430016
1074	18	77.00580477142857	155.2776594447355	26.98345948976731	259.2669237059314
1075	18	79.00580477142857	258.2669237059313	27.684328567423602	364.9570570447835
1076	17	81.00580477142857	162.9169700398952	29.258777633289984	273.18155244461377
1077	3	75.0	370.10082435003164	59.44831959416613	504.5491439441978
1078	19	75.00580477142857	254.66945305636386	22.42018414444577	352.09544197223823
1079	12	77.00002200357143	394.6757254080535	34.0828611898017	505.7586086014266
1080	5	81.0038109	87.56687636035122	53.8850452368281	222.45573249717933
1081	16	79.00580477142857	63.7678848450596	30.296057677557904	173.0697472940461
1082	11	73.00672295714286	68.93686267770181	33.115587007802574	175.05917264264724
1083	16	75.00580477142857	171.069747294046	28.76208007363092	274.8376321391055
1084	10	75.00672295714286	264.63382615101614	34.51131971286581	374.15186882102483
1085	14	79.00002200357143	71.74739755385917	33.44056891296986	184.18798847040046
1086	0	75.0	1686.6308316430013	95.0811359026369	1856.7119675456383
1087	0	81.0	1855.7119675456383	102.68762677484786	2039.3995943204861
1088	11	73.00672295714286	169.05917264264735	33.115587007802574	275.1814826075928
1089	0	81.0	2037.3995943204864	102.68762677484786	2221.0872210953344
1090	6	73.0038109	322.4281210285676	47.43956329607486	442.8714952246425
1091	12	77.00002200357143	493.75860860142666	34.0828611898017	604.8414917947998
1092	15	81.00002200357143	381.9896992215895	31.87470486384385	494.8644260890048
1093	1	73.0	423.2447129909365	78.76564523090202	575.0103582218385
1094	4	81.0038109	323.4977624431649	55.92377796188898	460.4253513050539
1095	17	75.00580477142857	254.18155244461377	27.0914607715648	356.27881798760717
1096	2	79.0	351.73306772908336	65.57104913678619	496.30411686586956
1097	12	73.00002200357143	598.8414917947998	32.312322946175634	704.1538367445469
1098	9	73.00672295714286	0	36.94331983805668	109.95004279519954
1099	0	75.0	2211.0872210953344	95.0811359026369	2381.1683569979714
1100	0	79.0	2380.1683569979714	100.1521298174442	2559.3204868154157
1101	5	79.0038109	201.45573249717927	52.55455029270889	333.01409368988817
1102	7	79.0038109	0	47.16981132075471	126.17362222075471
1103	18	79.00580477142857	336.9570570447836	27.684328567423602	443.6471903836358
1104	1	73.0	564.0103582218385	78.76564523090202	715.7760034527405
1105	5	77.0038109	329.0140936898881	51.22405534858967	457.2419599384778
1106	0	79.0	2553.3204868154157	100.1521298174442	2732.47261663286
1107	9	75.00672295714286	100.95004279519958	37.955465587044536	213.91223133938698
1108	15	75.00002200357143	478.86442608900484	29.513615614670233	583.3780637072465
1109	15	73.00002200357143	582.3780637072464	28.72658586494569	684.1046715757635
1110	17	79.00580477142857	341.2788179876072	28.53633867938159	448.8209614384174
1111	11	73.00672295714286	252.1814826075929	33.115587007802574	358.3037925725383
1112	0	79.0	2726.47261663286	100.1521298174442	2905.6247464503044
1113	0	79.0	2904.6247464503044	100.1521298174442	3083.776876267749
1114	4	77.0038109	440.42535130505394	53.16210991438829	570.5912721194422
1115	0	79.0	3081.776876267749	100.1521298174442	3260.929006085193
1116	0	75.0	3259.9290060851927	95.0811359026369	3430.0101419878297
1117	13	81.00002200357143	244.08332868665116	34.33949465830083	359.4228453485234
1118	1	77.0	701.7760034527405	83.08157099697884	861.8575744497193
1119	3	73.0	462.5491439441978	57.86303107165504	593.4121750158529
1120	0	73.0	3426.01014198783	92.54563894523326	3591.5557809330635
1121	12	79.00002200357143	680.1538367445469	34.96813031161473	794.121989059733
1122	12	75.00002200357143	793.1219890597331	33.197592067988666	901.3196031312932
1123	5	79.0038109	439.24195993847775	52.55455029270889	570.8003211311866
1124	17	79.00580477142857	434.82096143841727	28.53633867938159	542.3631048892274
1125	0	81.0	3586.555780933064	102.68762677484786	3770.243407707912
1126	6	79.0038109	406.87149522464256	51.33870548479334	537.2140116094359
1127	16	81.00580477142857	230.8376321391056	31.063046479521393	342.9064833900556
1128	0	73.0	3767.2434077079124	92.54563894523326	3932.7890466531458
1129	0	75.0	3931.789046653146	95.0811359026369	4101.870182555783
1130	0	75.0	4100.870182555783	95.0811359026369	4270.951318458419
1131	2	73.0	461.3041168658697	60.59096945551129	594.895086321381
1132	7	79.0038109	96.17362222075462	47.16981132075471	222.34724444150936
1133	19	79.00580477142857	297.0954419722382	23.615927298816214	399.71717404248295
1134	2	81.0	591.8950863213809	67.23107569721115	740.126162018592
1135	5	75.0038109	558.8003211311866	49.89356040447046	683.697692435657
1136	19	73.00580477142857	396.71717404248284	21.82231256726055	491.545291381172
1137	0	77.0	4263.951318458419	97.61663286004055	4438.56795131846
1138	15	81.00002200357143	655.1046715757634	31.87470486384385	767.9793984431786
1139	11	81.00672295714286	330.30379257253844	36.74469243331519	448.0552079629965
1140	11	75.00672295714286	447.0552079629965	34.02286336418073	556.0847942843201
1141	9	81.00672295714286	179.91223133938706	40.991902834008094	301.91085713053803
1142	0	77.0	4433.56795131846	97.61663286004055	4608.1845841785
1143	15	75.00002200357143	762.9793984431785	29.513615614670233	867.4930360614202
1144	0	75.0	4606.1845841785	95.0811359026369	4776.265720081136
1145	9	75.00672295714286	297.91085713053803	37.955465587044536	410.87304567472546
1146	17	73.00580477142857	520.3631048892275	26.369021817656407	619.7379314783125
1147	17	81.00580477142857	618.7379314783125	29.258777633289984	729.002513883031
1148	11	73.00672295714286	548.0847942843202	33.115587007802574	654.2071042492656
1149	15	79.00002200357143	861.4930360614203	31.08767511411931	971.580733179111
1150	5	77.0038109	668.697692435657	51.22405534858967	796.9255586842467
