1.34	0.48	0.5	1
4.5534	0.46	0.7	1
10.7068	0.33	1.1	1
18.200200000000002	0.43	0.5	1
28.100300000000004	0.36	0.9	1
39.3404	0.39	0.5	1
53.2539	0.32	1.0	1
69.3074	0.35	0.8	1
86.9676	0.42	0.6	1
107.5678	0.27	1.1	1
130.8414	0.3	1.0	1
155.98839999999998	0.39	0.7	1
183.8088	0.32	1.0	1
213.5026	0.4	0.7	1
245.0698	0.36	0.7	1
278.777	0.37	0.8	1
314.8909	0.3	0.9	1
353.4115	0.47	0.9	1
394.3388	0.36	0.9	1
438.4728	0.28	1.2	1
484.2135	0.4	0.6	1
532.6276	0.3	1.0	1
583.7151	0.31	1.0	1
636.9426	0.36	0.8	1
692.0435	0.4	0.7	1
748.2178	0.51	0.4	1
806.2655	0.37	0.7	1
866.9866	0.31	1.0	1
929.5811	0.44	0.7	1
995.1156	0.32	1.1	1
1062.5235	0.37	0.7	1
1131.8048000000001	0.41	0.7	1
1202.6928	0.39	0.6	1
1275.4542000000001	0.38	0.7	1
1349.6223000000002	0.33	0.9	1
1425.6638000000003	0.37	0.7	1
1503.0453000000002	0.43	0.5	1
1581.5002000000002	0.54	0.4	1
1661.8285	0.42	0.7	1
1744.0302000000001	0.44	0.7	1
1828.3719	0.37	0.8	1
1912.987	0.58	0.1	1
1998.9421	0.46	0.5	1
2086.2372	0.49	0.5	1
2174.6057	0.51	0.4	1
2264.8476	0.44	0.7	1
2358.5629	0.3	1.3	1
2454.9516	0.33	1.0	1
2552.9469999999997	0.42	0.6	1
2652.8158	0.39	0.7	1
2755.6245999999996	0.3	1.1	1
2859.7733999999996	0.48	0.5	1
2966.3288999999995	0.33	0.9	1
3074.7577999999994	0.37	0.7	1
3185.0600999999992	0.35	0.7	1
3296.2357999999995	0.38	0.7	1
3408.7514999999994	0.49	0.5	1
3522.3405999999995	0.37	0.4	1
3637.5363999999995	0.47	0.6	1
3755.9388999999996	0.29	1.2	1
3878.3480999999997	0.27	1.5	1
4003.6973	0.32	1.1	1
4131.4532	0.36	0.9	1
4261.3491	0.4	0.8	1
4391.785000000001	0.59	0.2	1
4524.894300000001	0.36	1.0	1
4659.877	0.37	0.7	1
4795.9331	0.44	0.4	1
4934.9292000000005	0.29	1.1	1
5077.1320000000005	0.3	1.2	1
5220.941500000001	0.45	0.6	1
5365.024400000001	0.77	0.1	1
5512.847300000001	0.28	1.4	1
5662.810200000002	0.33	0.8	1
5814.646500000002	0.4	0.7	1
5969.689500000001	0.32	1.2	1
6127.139200000001	0.36	0.9	1
6286.995600000001	0.33	0.9	1
6450.058700000001	0.33	1.2	1
6615.528500000001	0.33	0.9	1
6784.205000000001	0.3	1.2	1
6954.221500000001	0.49	0.5	1
7126.378000000001	0.36	0.8	1
7298.807900000001	0.68	0.1	1
7473.1112	0.35	0.7	1
7649.8212	0.35	0.9	1
7828.9379	0.32	0.9	1
8008.5946	0.58	0.2	1
8192.5247	0.26	1.6	1
8378.5948	0.36	0.8	1
8567.6049	0.31	1.1	1
8758.2217	0.42	0.6	1
8950.7119	0.4	0.7	1
9145.0755	0.38	0.7	1
9341.3125	0.39	0.7	1
9539.9562	0.42	0.9	1
9742.873300000001	0.24	1.6	1
9947.6638	0.43	0.7	1
10154.061	0.42	0.6	1
10362.3316	0.37	0.7	1
10572.2089	0.41	0.6	1
10785.2929	0.27	1.2	1
11000.7836	0.37	0.9	1
11219.7477	0.33	1.3	1
11442.9852	0.25	1.6	1
11669.429399999999	0.29	1.2	1
11898.8136	0.3	1.1	1
12130.0712	0.46	0.7	1
12363.7355	0.35	0.9	1
12599.006500000001	0.4	0.6	1
12836.1509	0.35	0.7	1
13074.3687	0.54	0.4	1
13313.926500000001	0.42	0.5	1
13554.557700000001	0.59	0.4	1
13799.462300000001	0.25	1.6	1
14044.640300000001	0.72	0.1	1
14290.8917	0.62	0.4	1
14539.0831	0.33	1.1	1
14788.8812	0.37	0.6	1
15041.6193	0.3	1.1	1
15296.7641	0.29	0.9	1
15554.8489	0.3	1.1	1
15816.4071	0.26	1.3	1
16080.6387	0.34	1.0	1
16348.077	0.29	1.2	1
16618.1887	0.35	1.0	1
16890.1738	0.4	0.7	1
17164.5656	0.38	0.9	1
17440.564100000003	0.43	0.6	1
17719.769300000004	0.31	1.2	1
18001.381200000003	0.3	0.9	1
18284.866500000004	0.36	0.7	1
18570.225200000004	0.39	0.7	1
18857.723900000005	0.39	0.8	1
19147.362600000004	0.38	0.8	1
19440.208000000002	0.32	1.2	1
19735.526800000003	0.26	1.3	1
20032.719000000005	0.4	0.7	1
