1.6067	0.37	0.6	1
5.0868	0.37	0.7	1
9.9069	0.44	0.5	1
16.3337	0.39	0.6	1
24.3672	0.39	0.6	1
34.007400000000004	0.47	0.6	1
45.521	0.37	0.7	1
57.574600000000004	0.41	0.2	1
72.8349	0.3	1.2	1
89.96860000000001	0.42	0.7	1
107.37570000000001	0.65	0.1	1
126.92280000000001	0.35	0.8	1
148.3433	0.45	0.7	1
170.3038	0.76	0.2	1
193.87099999999998	0.43	0.6	1
219.31159999999997	0.42	0.7	1
246.62559999999996	0.43	0.7	1
275.813	0.4	0.7	1
306.6071	0.43	0.6	1
338.4746	0.47	0.4	1
373.2821	0.33	1.1	1
411.29630000000003	0.31	1.2	1
451.98390000000006	0.32	1.0	1
494.54490000000004	0.38	0.7	1
539.2459	0.36	0.8	1
585.8203	0.42	0.7	1
633.2681	0.37	0.7	1
682.5893	0.36	0.7	1
734.0504999999999	0.39	0.8	1
787.6516999999999	0.36	0.8	1
843.6595999999998	0.35	0.9	1
899.9408999999998	0.56	0.1	1
957.5621999999998	0.51	0.5	1
1017.0568999999998	0.37	0.7	1
1078.4249999999997	0.35	0.7	1
1141.9330999999997	0.36	0.8	1
1208.1145999999997	0.33	1.0	1
1275.3694999999996	0.54	0.4	1
1344.2310999999995	0.39	0.6	1
1413.3660999999995	0.64	0.1	1
1484.3744999999994	0.39	0.7	1
1556.4562999999994	0.6	0.4	1
1630.9447999999993	0.33	0.9	1
1707.5732999999993	0.33	0.8	1
1785.5417999999993	0.52	0.5	1
1864.8502999999994	0.52	0.5	1
1945.7654999999993	0.41	0.6	1
2028.2873999999993	0.45	0.6	1
2112.6826999999994	0.38	0.7	1
2199.2179999999994	0.39	0.8	1
2287.6266999999993	0.36	0.7	1
2377.642099999999	0.37	0.6	1
2470.6641999999993	0.28	1.5	1
2565.026299999999	0.5	0.5	1
2662.328399999999	0.29	1.1	1
2762.303899999999	0.33	1.0	1
2863.3527999999988	0.52	0.4	1
2967.0750999999987	0.32	1.0	1
3074.270799999999	0.33	1.3	1
3183.339899999999	0.43	0.7	1
3295.3489999999993	0.32	1.1	1
3409.7647999999995	0.29	0.9	1
3526.0539999999996	0.39	0.7	1
3643.9498999999996	0.39	0.6	1
3764.7857999999997	0.3	1.1	1
3887.4950999999996	0.39	0.7	1
4013.1443999999997	0.26	1.1	1
4142.0004	0.26	1.2	1
4273.2631	0.34	0.9	1
4406.3992	0.39	0.7	1
4541.4087	0.4	0.7	1
4679.6249	0.32	1.2	1
4818.3811	0.46	0.2	1
4959.0107	0.39	0.7	1
5101.780299999999	0.37	0.8	1
5246.4232999999995	0.41	0.7	1
5392.673	0.46	0.6	1
5540.529399999999	0.39	0.6	1
5689.992499999999	0.46	0.6	1
5840.7955999999995	0.48	0.5	1
5994.805399999999	0.27	1.2	1
6150.421899999999	0.41	0.6	1
6309.245099999999	0.27	1.2	1
6470.208299999999	0.34	0.8	1
6631.711499999999	0.45	0.2	1
6796.154699999999	0.31	1.1	1
6964.3378999999995	0.3	1.4	1
7133.861099999999	0.51	0.5	1
7305.257699999999	0.42	0.7	1
7477.7276999999995	0.57	0.4	1
7651.804399999999	0.4	0.6	1
7829.087799999999	0.25	1.2	1
8007.7112	0.39	0.5	1
8186.8746	0.56	0.2	1
8369.2447	0.29	1.2	1
8553.754799999999	0.37	0.8	1
8739.604899999998	0.53	0.5	1
8928.128399999998	0.34	1.0	1
9117.991899999997	0.53	0.5	1
9309.195399999997	0.52	0.5	1
9502.272299999997	0.42	0.7	1
9697.755899999996	0.29	0.9	1
9895.912899999996	0.32	1.0	1
10096.476599999996	0.32	0.9	1
10299.180299999996	0.33	0.8	1
10502.423999999997	0.5	0.2	1
10708.607699999997	0.33	1.1	1
10916.931399999998	0.37	0.8	1
11127.661799999998	0.34	0.9	1
11340.532199999998	0.4	0.8	1
11555.009299999998	0.4	0.6	1
11772.159799999998	0.33	1.0	1
11992.250299999998	0.31	1.1	1
12214.480799999998	0.35	0.8	1
12439.917999999998	0.28	1.2	1
12668.028599999998	0.32	1.0	1
12899.612599999999	0.29	1.3	1
13131.803299999998	0.45	0.6	1
13366.400699999998	0.36	0.9	1
13602.871499999997	0.36	0.7	1
13841.482299999998	0.34	0.8	1
14081.966499999999	0.35	0.7	1
14324.324099999998	0.34	0.7	1
14568.555099999998	0.4	0.7	1
14815.459499999997	0.33	1.0	1
15065.570599999997	0.29	1.2	1
15317.555099999998	0.39	0.7	1
15571.412999999999	0.43	0.7	1
15827.677599999999	0.34	0.9	1
16085.8156	0.38	0.7	1
16347.9603	0.23	1.5	1
16612.5117	0.39	0.9	1
16877.336499999998	0.6	0.1	1
17144.568	0.34	0.9	1
17412.672899999998	0.39	0.7	1
17682.651199999997	0.4	0.7	1
17954.502899999996	0.46	0.7	1
18227.961299999995	0.37	0.6	1
