2.7	0.29	1.2	1
5.8500000000000005	0.54	0.2	1
9.9	0.51	0.4	1
15.3	0.44	0.6	1
22.5	0.34	0.8	1
31.275	0.37	0.7	1
42.525	0.3	1.1	1
55.575	0.37	0.8	1
70.42500000000001	0.35	0.8	1
86.85000000000001	0.39	0.7	1
105.07500000000002	0.33	0.8	1
125.32500000000002	0.34	0.9	1
146.70000000000002	0.47	0.5	1
169.425	0.39	0.6	1
193.95000000000002	0.36	0.8	1
220.275	0.33	0.8	1
247.725	0.43	0.5	1
275.625	0.61	0.2	1
305.775	0.3	1.0	1
337.95	0.37	0.9	1
371.7	0.4	0.7	1
407.47499999999997	0.34	0.9	1
443.7	0.68	0.2	1
482.625	0.31	1.2	1
522.9	0.37	0.6	1
564.75	0.45	0.7	1
608.175	0.4	0.7	1
653.175	0.42	0.7	1
698.75	0.35	0.7	1
746.35	0.35	0.9	1
796.4250000000001	0.33	1.1	1
847.85	0.43	0.6	1
900.4	0.47	0.5	1
954.525	0.4	0.7	1
1010.0	0.41	0.6	1
1066.6	0.44	0.5	1
1125.225	0.36	0.9	1
1186.1	0.31	1.0	1
1249.225	0.32	1.0	1
1313.925	0.4	0.7	1
1380.2	0.36	0.7	1
1448.5	0.34	0.9	1
1519.05	0.26	1.0	1
1591.625	0.33	0.9	1
1665.55	0.44	0.6	1
1741.725	0.3	1.0	1
1819.475	0.37	0.7	1
1898.35	0.43	0.5	1
1979.6999999999998	0.3	1.1	1
2062.3999999999996	0.38	0.6	1
2146.8999999999996	0.32	0.8	1
2234.5499999999997	0.22	1.4	1
2323.5499999999997	0.46	0.6	1
2414.1249999999995	0.35	0.7	1
2506.2749999999996	0.38	0.7	1
2599.9999999999995	0.43	0.7	1
2695.2999999999997	0.44	0.7	1
2791.725	0.39	0.5	1
2888.275	0.55	0.5	1
2985.9500000000003	0.46	0.5	1
3085.2000000000003	0.34	0.7	1
3184.9	0.54	0.2	1
3285.9500000000003	0.4	0.6	1
3388.1250000000005	0.39	0.5	1
3491.2000000000003	0.54	0.4	1
3596.3	0.32	0.9	1
3702.75	0.38	0.6	1
3811.675	0.31	1.1	1
3922.175	0.4	0.7	1
4034.025	0.42	0.6	1
4146.325	0.59	0.2	1
4261.099999999999	0.32	1.1	1
4377.45	0.38	0.7	1
4495.15	0.48	0.6	1
4614.65	0.37	0.8	1
4736.174999999999	0.34	0.9	1
4861.074999999999	0.28	1.5	1
4986.424999999999	0.58	0.2	1
5114.025	0.29	1.0	1
5243.65	0.34	0.9	1
5374.625	0.43	0.6	1
5506.95	0.45	0.6	1
5641.3	0.37	0.9	1
5777.225	0.38	0.7	1
5914.950000000001	0.37	0.8	1
6054.925000000001	0.29	1.0	1
6196.475000000001	0.36	0.7	1
6339.825000000002	0.32	0.8	1
6484.750000000002	0.4	0.7	1
6631.475000000002	0.36	0.8	1
6780.000000000002	0.37	0.8	1
6929.425000000002	0.56	0.4	1
7079.750000000002	0.52	0.4	1
7232.100000000002	0.35	0.9	1
7386.700000000003	0.29	1.0	1
7542.875000000003	0.38	0.7	1
7699.950000000003	0.49	0.4	1
7859.050000000003	0.39	0.9	1
8019.275000000003	0.55	0.5	1
8181.750000000004	0.34	1.0	1
8345.350000000004	0.47	0.5	1
8510.525000000003	0.38	0.7	1
8677.725000000004	0.36	0.9	1
8847.850000000004	0.27	1.3	1
9019.100000000004	0.47	0.5	1
9191.925000000005	0.42	0.7	1
9367.000000000005	0.34	1.0	1
9544.775000000005	0.28	1.2	1
9723.000000000005	0.49	0.2	1
9903.700000000006	0.33	1.1	1
10087.775000000007	0.26	1.5	1
10272.975000000008	0.44	0.5	1
10459.750000000007	0.39	0.7	1
10648.550000000007	0.34	0.9	1
10839.375000000007	0.34	0.9	1
11032.000000000007	0.38	0.8	1
11226.650000000007	0.33	0.9	1
11422.650000000007	0.43	0.6	1
11621.125000000007	0.28	1.1	1
11821.175000000007	0.41	0.7	1
12022.575000000006	0.46	0.6	1
12225.550000000007	0.42	0.7	1
12429.550000000007	0.34	0.9	1
12634.450000000006	0.43	0.4	1
12841.375000000005	0.35	0.9	1
13050.775000000005	0.31	1.1	1
13261.750000000005	0.33	0.7	1
13474.075000000006	0.41	0.6	1
13687.975000000006	0.38	0.7	1
13904.350000000006	0.33	1.1	1
14123.200000000006	0.33	1.1	1
14344.075000000006	0.34	0.9	1
14566.075000000006	0.46	0.5	1
14790.325000000006	0.34	1.0	1
15016.375000000005	0.41	0.8	1
15245.350000000006	0.25	1.3	1
15477.700000000006	0.25	1.5	1
15711.625000000005	0.45	0.7	1
15948.475000000006	0.28	1.3	1
16187.575000000006	0.32	1.0	1
16429.150000000005	0.3	1.1	1
16671.300000000007	0.35	0.7	1
16915.025000000005	0.47	0.7	1
