1.2502	0.34	0.8	1
3.7506	0.34	0.8	1
8.1235	0.31	1.2	1
13.746599999999999	0.32	0.8	1
20.619899999999998	0.36	0.8	1
29.521199999999997	0.27	1.3	1
39.9839	0.31	1.0	1
52.1635	0.34	1.1	1
65.9045	0.33	1.0	1
81.2069	0.32	1.0	1
97.91510000000001	0.38	0.9	1
116.02910000000001	0.38	0.9	1
135.5489	0.31	0.9	1
157.0967	0.27	1.3	1
180.20589999999999	0.29	1.0	1
205.3431	0.31	1.3	1
232.0417	0.31	1.0	1
260.1461	0.34	0.9	1
290.7452	0.25	1.6	1
322.59450000000004	0.35	0.8	1
356.3163	0.25	1.2	1
391.59950000000003	0.35	1.0	1
428.9107	0.29	1.3	1
467.7833	0.32	1.0	1
507.9061	0.37	0.8	1
550.5236	0.23	1.6	1
595.1691	0.29	1.3	1
641.376	0.3	1.0	1
689.2998	0.32	1.1	1
738.785	0.29	1.0	1
789.8316	0.32	1.0	1
842.1283999999999	0.36	0.8	1
895.8309999999999	0.34	0.9	1
950.7837999999999	0.37	0.8	1
1007.2979999999999	0.35	1.0	1
1065.2179999999998	0.36	0.9	1
1124.8548999999998	0.32	1.1	1
1185.8975999999998	0.38	0.9	1
1248.3460999999998	0.36	0.9	1
1312.3559999999998	0.32	1.0	1
1377.9272999999998	0.28	1.0	1
1444.7487999999998	0.35	0.8	1
1512.8204999999998	0.37	0.8	1
1582.4535999999998	0.33	1.0	1
1653.4924999999998	0.34	0.9	1
1726.5593999999999	0.24	1.3	1
1801.3431999999998	0.31	1.1	1
1877.3772	0.35	0.8	1
1954.817	0.35	0.9	1
2033.8182	0.36	1.0	1
2114.8474	0.26	1.3	1
2197.1268	0.41	0.8	1
2280.6564	0.36	0.8	1
2365.5917999999997	0.3	0.9	1
2452.0885999999996	0.33	1.0	1
2540.1467999999995	0.32	1.0	1
2629.9218999999994	0.33	1.1	1
2722.0360999999994	0.26	1.5	1
2815.4004999999993	0.34	0.8	1
2910.7928999999995	0.27	1.3	1
3008.0577999999996	0.28	1.2	1
3106.8840999999998	0.33	1.0	1
3206.9606	0.32	0.8	1
3308.5985	0.32	1.0	1
3411.4866	0.34	0.8	1
3515.7805000000003	0.31	0.9	1
3621.3246000000004	0.38	0.8	1
3728.2745000000004	0.32	0.9	1
3837.0969000000005	0.28	1.2	1
3947.1695000000004	0.4	0.8	1
4058.8035000000004	0.32	1.0	1
4171.6877	0.36	0.8	1
4286.2888	0.29	1.1	1
4402.1401000000005	0.38	0.8	1
4519.2416	0.34	0.8	1
4637.7489000000005	0.36	0.9	1
4757.5064	0.34	0.8	1
4879.1364	0.3	1.2	1
5002.0166	0.37	0.8	1
5126.4582	0.36	1.0	1
5252.3056	0.32	0.9	1
5379.4032	0.36	0.8	1
5508.2177	0.33	1.1	1
5638.5936	0.34	1.0	1
5770.6864000000005	0.28	1.1	1
5904.0294	0.38	0.8	1
6038.933800000001	0.32	1.0	1
6175.7107000000005	0.28	1.2	1
6314.204500000001	0.32	1.1	1
6455.037400000001	0.26	1.5	1
6597.431700000001	0.34	1.0	1
6741.231800000001	0.36	0.9	1
6886.748800000001	0.3	1.1	1
7033.516000000001	0.34	0.8	1
7181.689000000001	0.35	0.9	1
7331.4234000000015	0.35	1.0	1
7483.030300000001	0.26	1.2	1
7636.509700000001	0.3	1.2	1
7791.550500000001	0.31	1.0	1
7948.1527000000015	0.32	1.0	1
8106.005100000001	0.39	0.8	1
8265.1077	0.33	0.8	1
8425.460500000001	0.34	0.8	1
8586.3747	0.32	1.0	1
8748.6947	0.36	0.9	1
8912.2649	0.37	0.8	1
9077.552	0.3	1.1	1
9244.2449	0.33	0.9	1
9412.4992	0.34	1.0	1
9582.1593	0.3	0.9	1
9754.002999999999	0.25	1.4	1
9927.252499999999	0.33	0.9	1
10102.0634	0.39	1.0	1
10278.591199999999	0.29	1.1	1
10456.3692	0.34	0.8	1
10635.553	0.37	0.9	1
10816.2982	0.36	1.0	1
10998.9159	0.28	1.2	1
11182.7838	0.36	0.8	1
11368.835299999999	0.27	1.4	1
11556.136999999999	0.35	0.8	1
11745.466699999999	0.28	1.3	1
11936.3578	0.31	1.0	1
12128.499099999999	0.39	0.8	1
12322.668399999999	0.28	1.3	1
12518.399099999999	0.34	1.0	1
12715.5356	0.35	0.9	1
12913.922299999998	0.38	0.8	1
13113.870399999998	0.31	1.0	1
13315.224299999998	0.38	0.9	1
13518.295099999998	0.3	1.1	1
13722.771699999998	0.35	0.9	1
13929.120799999997	0.29	1.2	1
14136.720099999997	0.4	0.8	1
14345.880799999997	0.3	1.0	1
14556.291699999998	0.4	0.8	1
14768.263999999997	0.34	1.0	1
14981.797699999997	0.31	1.0	1
15196.737199999998	0.35	0.9	1
15413.082499999999	0.34	0.9	1
15630.677999999998	0.34	0.8	1
15849.990399999999	0.31	1.1	1
16070.552999999998	0.38	0.8	1
16292.832499999999	0.3	1.1	1
16516.8289	0.29	1.1	1
16742.0755	0.31	0.8	1
16968.5723	0.39	0.8	1
17196.3193	0.37	0.8	1
17425.6277	0.3	1.0	1
17656.3419	0.32	0.9	1
17888.773	0.3	1.1	1
18122.4543	0.35	0.8	1
18357.8525	0.31	1.1	1
18594.9676	0.3	1.1	1
18833.3329	0.32	0.8	1
19073.104000000003	0.33	0.9	1
19314.903100000003	0.29	1.3	1
19558.108000000004	0.31	0.9	1
19803.340900000003	0.28	1.3	1
20050.757400000002	0.28	1.4	1
20299.8908	0.32	1.1	1
20550.274400000002	0.35	0.8	1
20801.9082	0.4	0.8	1
21054.9478	0.34	0.9	1
21309.393200000002	0.32	0.9	1
21565.555500000002	0.32	1.1	1
21823.123600000003	0.34	0.9	1
22082.2531	0.27	1.0	1
22342.7884	0.31	0.9	1
22604.7295	0.33	0.9	1
22868.232	0.31	1.0	1
23132.9847	0.39	0.8	1
23399.143200000002	0.34	0.9	1
23666.707500000004	0.36	0.9	1
23935.833200000005	0.33	1.0	1
24206.831400000003	0.27	1.2	1
24479.702100000002	0.29	1.2	1
24754.2897	0.31	1.1	1
25030.127500000002	0.35	0.8	1
25307.371100000004	0.34	0.9	1
25586.331600000005	0.3	1.1	1
25867.009000000005	0.29	1.1	1
26149.558900000004	0.28	1.2	1
26433.670200000004	0.3	1.0	1
26719.342900000003	0.35	1.0	1
27006.732500000002	0.25	1.1	1
27295.683500000003	0.36	1.0	1
27586.195900000002	0.32	1.0	1
27877.9585	0.34	0.8	1
28171.2825	0.33	1.0	1
28466.1679	0.29	1.0	1
28762.7702	0.3	1.1	1
29060.6227	0.35	0.8	1
29359.7254	0.35	0.8	1
29660.2339	0.37	0.9	1
29961.992599999998	0.37	0.8	1
30265.4682	0.29	1.1	1
30570.5052	0.27	1.0	1
30876.7924	0.39	0.8	1
31184.796499999997	0.3	1.1	1
31494.050799999997	0.38	0.8	1
31805.021999999997	0.31	1.1	1
32117.554599999996	0.29	1.0	1
32431.648599999997	0.3	1.0	1
32747.303999999996	0.31	1.0	1
33064.6763	0.27	1.1	1
33383.61	0.33	1.0	1
33703.9495	0.33	0.9	1
34026.317	0.27	1.3	1
34350.7125	0.26	1.3	1
34677.758200000004	0.22	1.7	1
35006.676400000004	0.3	1.2	1
35337.156	0.35	1.0	1
35668.885800000004	0.37	0.8	1
36002.177	0.33	1.0	1
36336.718400000005	0.4	0.8	1
36672.821200000006	0.26	1.0	1
37010.640900000006	0.33	1.1	1
37349.866400000006	0.3	0.9	1
37690.49770000001	0.28	0.9	1
38032.53480000001	0.37	0.9	1
38375.822100000005	0.36	0.8	1
38720.981900000006	0.28	1.2	1
39067.85860000001	0.3	1.1	1
39416.296700000006	0.3	1.0	1
39765.98500000001	0.36	0.8	1
40117.07910000001	0.33	0.9	1
40469.89010000001	0.29	1.1	1
40824.26250000001	0.32	1.0	1
41180.50740000001	0.33	1.2	1
41538.46920000001	0.31	1.1	1
41897.30350000001	0.31	1.2	1
42257.388000000006	0.39	0.8	1
42618.722700000006	0.36	0.8	1
42981.618800000004	0.3	1.0	1
43346.0763	0.31	1.0	1
43712.0952	0.32	1.0	1
44079.51990000001	0.36	0.9	1
44448.3504	0.37	0.9	1
44818.5867	0.32	0.9	1
45190.5399	0.29	1.1	1
45564.521100000005	0.28	1.3	1
45939.90810000001	0.39	0.9	1
46317.01200000001	0.33	1.1	1
46695.67730000001	0.35	1.0	1
47075.74840000001	0.37	0.9	1
47457.38090000001	0.29	1.0	1
47840.26360000001	0.36	0.8	1
48225.17430000001	0.29	1.3	1
48611.95750000001	0.31	1.2	1
49000.45760000001	0.35	1.1	1
49390.83020000001	0.29	1.2	1
49782.76420000001	0.33	1.0	1
50176.104000000014	0.33	0.9	1
50570.69400000001	0.38	0.8	1
50967.000900000014	0.29	1.1	1
51364.71360000001	0.34	0.9	1
51764.14320000001	0.3	1.1	1
52164.97860000002	0.37	0.9	1
52567.064200000015	0.37	0.8	1
52970.555600000014	0.34	0.9	1
53375.452800000014	0.33	0.9	1
53782.68910000001	0.26	1.5	1
54191.48680000001	0.33	1.0	1
54602.157000000014	0.3	1.2	1
55014.544100000014	0.34	1.1	1
55428.95920000001	0.31	1.3	1
55845.09120000001	0.3	1.1	1
56263.56230000001	0.26	1.5	1
56683.28360000001	0.36	0.8	1
57105.18850000001	0.26	1.4	1
57529.43250000001	0.26	1.5	1
57955.23790000001	0.34	1.0	1
58382.91580000001	0.33	1.2	1
58811.84390000001	0.41	0.8	1
59242.80000000001	0.26	1.3	1
59675.161900000014	0.32	0.9	1
60108.92960000001	0.34	0.9	1
60544.25870000001	0.33	1.0	1
60981.304700000015	0.29	1.1	1
61420.06760000002	0.34	1.1	1
61860.39190000002	0.31	1.0	1
62302.744200000016	0.26	1.3	1
62746.65790000001	0.33	1.0	1
63192.444100000015	0.3	1.2	1
63639.63610000002	0.3	0.9	1
64088.38950000002	0.35	1.0	1
64538.85980000002	0.31	1.1	1
64990.89150000002	0.31	1.0	1
65444.48460000002	0.33	1.0	1
65899.63910000001	0.31	1.0	1
66356.35500000001	0.33	1.0	1
66814.63230000001	0.39	1.0	1
67274.471	0.31	1.0	1
67735.55990000001	0.36	0.8	1
68198.2102	0.33	1.0	1
68662.2663	0.33	0.9	1
69128.1949	0.26	1.2	1
69595.52930000001	0.33	0.9	1
70064.42510000001	0.32	1.0	1
70534.88230000001	0.37	1.0	1
71006.74530000001	0.37	0.9	1
71480.79190000001	0.28	1.4	1
71956.55540000001	0.28	1.1	1
72433.56910000001	0.42	0.8	1
72911.98860000001	0.36	0.9	1
73392.12500000001	0.31	1.1	1
73873.97830000002	0.29	1.1	1
74357.39300000001	0.32	1.0	1
74843.14680000002	0.27	1.5	1
75331.08420000001	0.27	1.4	1
75820.7385	0.31	1.1	1
76311.79860000001	0.39	0.9	1
76804.1089	0.38	0.8	1
77298.7583	0.25	1.5	1
77795.28020000001	0.33	1.2	1
78293.20790000001	0.37	0.9	1
78792.69700000001	0.33	1.0	1
79293.43630000002	0.36	0.8	1
79795.73700000002	0.32	1.0	1
80299.28790000002	0.37	0.8	1
80804.55570000003	0.36	1.1	1
81311.85150000003	0.25	1.3	1
81821.17530000003	0.28	1.3	1
82332.21600000003	0.31	1.1	1
82844.66250000003	0.41	0.9	1
83359.60370000004	0.26	1.6	1
83876.26180000004	0.31	1.1	1
84395.10350000004	0.27	1.4	1
84915.19540000004	0.36	0.8	1
85436.53750000003	0.38	0.8	1
85959.59650000003	0.31	1.1	1
86484.06130000003	0.34	0.9	1
87009.93190000003	0.36	0.9	1
87537.98610000002	0.26	1.4	1
88067.60170000003	0.3	1.0	1
88598.93420000003	0.29	1.1	1
89131.82810000003	0.31	1.0	1
89665.97220000003	0.41	0.8	1
90201.67770000003	0.34	1.0	1
90739.72230000002	0.26	1.5	1
91279.01710000003	0.38	0.8	1
91819.71770000002	0.36	0.9	1
92361.82410000003	0.37	0.9	1
92905.33630000002	0.35	0.9	1
93450.40990000003	0.32	1.0	1
93996.88930000002	0.32	0.9	1
94544.93010000003	0.33	1.0	1
95094.53230000002	0.36	1.0	1
95646.16250000002	0.3	1.3	1
96199.35410000003	0.28	1.0	1
96753.95150000002	0.33	0.9	1
97310.26580000002	0.29	1.1	1
97868.29700000002	0.36	1.1	1
98427.57840000003	0.38	0.8	1
98989.35450000003	0.24	1.6	1
99552.84750000003	0.33	1.1	1
100117.90190000003	0.34	1.0	1
100684.82880000003	0.25	1.2	1
101253.31710000003	0.31	1.0	1
101823.67790000002	0.31	1.2	1
102396.22230000002	0.3	1.4	1
102970.01690000002	0.31	0.8	1
103545.52840000001	0.28	1.1	1
104122.60130000001	0.32	1.0	1
104701.39110000001	0.31	1.1	1
105281.4311	0.36	0.8	1
105863.188	0.34	1.1	1
106446.6618	0.3	1.1	1
107031.85250000001	0.34	1.1	1
107618.29340000001	0.34	0.8	1
108205.9845	0.37	0.8	1
108795.23700000001	0.31	1.0	1
109385.7397	0.38	0.8	1
109977.64820000001	0.33	0.9	1
110570.96250000001	0.31	0.9	1
111166.1493	0.26	1.2	1
111762.8975	0.29	1.0	1
112361.5182	0.31	1.2	1
112961.3891	0.35	0.8	1
113563.288	0.28	1.3	1
114166.5927	0.35	0.9	1
114771.3032	0.32	0.9	1
115377.5751	0.32	1.0	1
115986.0306	0.26	1.4	1
116596.0475	0.37	1.0	1
117206.6258	0.32	1.0	1
117819.0766	0.3	1.2	1
118433.2443	0.32	1.1	1
119048.8178	0.32	0.9	1
119665.6415	0.37	0.8	1
120284.4932	0.3	1.3	1
120904.9063	0.31	1.0	1
121527.0363	0.28	1.1	1
122150.5721	0.36	0.9	1
122776.13590000001	0.31	1.3	1
123403.2611	0.3	1.0	1
124031.7921	0.35	0.9	1
124661.8845	0.33	1.0	1
125294.1605	0.28	1.4	1
125927.9979	0.28	1.0	1
126563.7078	0.27	1.2	1
127201.1346	0.29	1.1	1
127839.9672	0.32	0.9	1
128480.05	0.36	0.8	1
129121.8497	0.3	1.1	1
129765.2108	0.34	1.0	1
130410.2888	0.34	1.1	1
131057.08369999999	0.31	1.1	1
131705.44	0.31	1.0	1
132355.2021	0.32	0.9	1
133006.2144	0.39	0.8	1
133659.0992	0.27	1.2	1
134313.2342	0.38	0.8	1
134969.5528	0.26	1.4	1
135627.7439	0.3	1.2	1
136287.4964	0.29	1.0	1
136948.9658	0.28	1.1	1
137611.68540000002	0.38	0.8	1
138275.8108	0.32	0.9	1
138941.342	0.36	0.9	1
139608.5901	0.3	1.1	1
140277.244	0.35	0.9	1
140947.30370000002	0.37	0.9	1
141619.54700000002	0.27	1.4	1
142293.50720000002	0.32	1.1	1
142969.02880000003	0.34	1.0	1
143646.11180000004	0.35	1.0	1
144324.60060000003	0.36	0.9	1
145004.33960000004	0.36	0.8	1
145685.64000000004	0.3	1.0	1
146368.81290000005	0.26	1.2	1
147053.54720000006	0.34	1.0	1
147739.68730000005	0.33	0.9	1
148427.23320000005	0.32	0.9	1
149116.65160000004	0.28	1.2	1
149807.47580000004	0.32	0.9	1
150499.70580000005	0.29	0.9	1
151193.49720000004	0.31	1.0	1
151888.85000000003	0.25	1.0	1
152585.60860000004	0.36	0.9	1
153284.08410000004	0.31	1.1	1
153983.96540000004	0.36	0.9	1
154685.40810000006	0.33	1.0	1
155388.25660000005	0.34	0.9	1
156092.82200000004	0.29	1.1	1
156798.94880000004	0.28	1.0	1
157507.57030000005	0.25	1.6	1
158218.21980000005	0.29	1.3	1
158930.11950000006	0.4	0.8	1
159643.58060000004	0.34	1.0	1
160358.44750000004	0.34	0.9	1
161074.87580000004	0.3	1.0	1
161792.86550000004	0.35	1.0	1
162513.03880000004	0.26	1.4	1
163234.46230000004	0.4	0.8	1
163957.44720000005	0.32	1.0	1
164681.83790000004	0.32	0.9	1
165407.79000000004	0.35	1.0	1
166134.92570000005	0.25	1.4	1
166863.31160000004	0.36	0.8	1
167593.41440000004	0.33	1.1	1
168324.92300000004	0.37	0.9	1
169058.14850000004	0.3	1.1	1
169792.77980000005	0.36	0.9	1
170528.66130000004	0.33	0.8	1
171266.10420000003	0.32	1.0	1
172004.95290000003	0.34	0.9	1
172745.36300000004	0.34	1.0	1
173487.33450000006	0.33	1.0	1
174230.86740000005	0.3	1.0	1
174975.96170000004	0.32	1.0	1
175722.30620000005	0.33	0.8	1
176470.05650000006	0.32	0.9	1
177219.52370000008	0.28	1.1	1
177970.55230000007	0.32	1.0	1
178722.98670000007	0.32	0.9	1
179476.82690000007	0.31	0.9	1
180232.38400000008	0.3	1.1	1
180989.81360000008	0.3	1.2	1
181749.27120000008	0.26	1.3	1
182510.29020000008	0.3	1.0	1
183272.87060000008	0.32	1.0	1
184037.79010000007	0.27	1.5	1
184804.42650000006	0.28	1.1	1
185572.46870000006	0.38	0.9	1
186342.22780000005	0.29	1.1	1
187113.54830000005	0.29	1.0	1
187886.43020000006	0.34	1.0	1
188660.87350000007	0.37	1.0	1
189437.34480000008	0.28	1.3	1
190215.53300000008	0.3	1.1	1
190995.4381000001	0.32	1.1	1
191777.0601000001	0.32	1.1	1
192559.9323000001	0.33	0.8	1
193344.0547000001	0.39	0.8	1
194130.2051000001	0.26	1.3	1
194918.6946000001	0.24	1.5	1
195708.9010000001	0.28	1.1	1
196500.9799000001	0.28	1.2	1
197294.6202000001	0.34	1.0	1
198089.5107000001	0.36	0.8	1
198886.2737000001	0.3	1.2	1
199684.44250000012	0.37	0.9	1
200483.86150000012	0.38	0.8	1
201284.9974000001	0.27	1.1	1
202087.6947000001	0.35	1.0	1
202892.2645000001	0.27	1.2	1
203698.3957000001	0.32	1.0	1
204506.2438000001	0.27	1.1	1
205315.65330000012	0.35	1.0	1
206127.4019000001	0.31	1.5	1
206940.7119000001	0.32	1.0	1
207756.9833000001	0.22	1.9	1
208574.50490000012	0.4	0.8	1
209393.2767000001	0.35	0.8	1
210213.9210000001	0.29	1.2	1
211035.97110000008	0.32	0.9	1
211859.42700000008	0.37	0.9	1
212684.75540000008	0.28	1.2	1
213511.4896000001	0.34	0.9	1
214340.71850000008	0.25	1.6	1
215171.50880000007	0.33	1.0	1
216003.70490000007	0.35	0.9	1
216837.15120000008	0.4	0.8	1
217672.15890000007	0.32	1.0	1
218508.57240000006	0.33	0.9	1
219347.16950000008	0.27	1.4	1
220187.4835000001	0.33	1.1	1
221029.35890000008	0.29	1.0	1
221872.48450000008	0.39	0.8	1
222717.17150000008	0.31	1.0	1
223563.10870000007	0.4	0.8	1
224410.76280000008	0.34	1.1	1
225259.82270000008	0.36	0.9	1
226110.44400000008	0.36	1.0	1
226963.09330000007	0.27	1.3	1
227817.14840000006	0.31	0.9	1
228672.45370000007	0.35	0.8	1
229529.47590000008	0.3	1.1	1
230388.0595000001	0.32	1.0	1
231247.89330000008	0.32	0.8	1
232109.9107000001	0.29	1.4	1
232973.48950000008	0.35	1.0	1
233838.78520000007	0.32	1.1	1
234706.10890000008	0.28	1.3	1
235574.9940000001	0.34	1.0	1
236445.5960000001	0.33	1.1	1
237317.6038000001	0.32	0.9	1
238191.1730000001	0.34	1.0	1
239066.7702000001	0.27	1.3	1
239944.23990000007	0.29	1.2	1
240823.27100000007	0.31	1.0	1
241703.55230000007	0.35	0.8	1
242585.70610000007	0.28	1.2	1
243469.57680000007	0.33	1.1	1
244354.69770000008	0.39	0.8	1
245241.5355000001	0.29	1.1	1
246130.2458000001	0.29	1.2	1
247020.9841000001	0.28	1.3	1
247913.2838000001	0.28	1.0	1
248807.6115000001	0.31	1.3	1
249703.81170000008	0.29	1.2	1
250601.57330000008	0.34	1.0	1
251500.58510000008	0.34	0.8	1
252401.4694000001	0.28	1.2	1
253304.2262000001	0.26	1.2	1
254208.6999000001	0.31	1.1	1
255115.0461000001	0.26	1.2	1
