1.2808000000000002	0.32	0.9	1
3.1341	0.51	0.4	1
6.2682	0.34	0.9	1
10.399799999999999	0.4	0.7	1
15.670499999999999	0.37	0.8	1
21.2303	0.5	0.2	1
28.4959	0.29	1.2	1
36.759	0.39	0.7	1
47.0112	0.25	1.4	1
58.685900000000004	0.33	1.0	1
72.4914	0.26	1.5	1
87.861	0.29	1.1	1
104.36970000000001	0.37	0.8	1
122.30090000000001	0.3	1.0	1
141.65460000000002	0.3	1.0	1
162.28910000000002	0.34	0.9	1
184.20440000000002	0.33	0.9	1
207.40050000000002	0.35	0.9	1
232.16070000000002	0.26	1.1	1
258.485	0.32	1.1	1
286.0901	0.34	0.9	1
315.2593	0.33	1.1	1
346.1343	0.3	1.2	1
378.2901	0.32	0.9	1
412.01	0.3	1.1	1
447.294	0.3	1.1	1
483.2921	0.47	0.5	1
520.8543	0.3	1.1	1
558.564	0.55	0.1	1
597.8378	0.31	1.1	1
638.5341	0.35	1.0	1
679.9445	0.46	0.5	1
722.6356999999999	0.36	0.9	1
766.3244	0.37	0.7	1
810.1605999999999	0.55	0.1	1
855.1358999999999	0.42	0.8	1
901.5336999999998	0.33	1.0	1
949.2122999999998	0.38	0.9	1
998.1716999999998	0.37	0.9	1
1048.8368999999998	0.31	1.2	1
1100.9245999999998	0.27	1.0	1
1153.3013999999998	0.59	0.2	1
1207.5257	0.3	1.3	1
1262.4641	0.44	0.5	1
1319.25	0.28	1.3	1
1377.175	0.38	0.8	1
1436.8057999999999	0.32	1.2	1
1497.1507	0.44	0.5	1
1558.7764	0.33	0.9	1
1621.5412	0.36	0.8	1
1686.1535	0.23	1.3	1
1751.9049	0.31	0.8	1
1819.3621	0.3	1.2	1
1888.1001	0.35	0.9	1
1957.9772	0.37	0.8	1
2028.9934	0.34	0.8	1
2101.4321	0.31	1.0	1
2175.1516	0.33	0.9	1
2249.4436	0.5	0.4	1
2325.1581	0.33	1.0	1
2402.1534	0.33	0.9	1
2480.7128000000002	0.34	1.1	1
2560.128	0.44	0.6	1
2640.5407	0.43	0.7	1
2722.0925	0.35	0.8	1
2804.7834000000003	0.34	0.8	1
2888.7551000000003	0.32	0.9	1
2973.8659000000002	0.38	0.8	1
3059.8325000000004	0.46	0.6	1
3146.6549000000005	0.38	0.6	1
3234.1914000000006	0.54	0.5	1
3324.2837000000004	0.22	1.8	1
3415.2318000000005	0.41	0.6	1
3507.3190000000004	0.36	0.8	1
3600.2620000000006	0.41	0.6	1
3694.0608000000007	0.45	0.6	1
3789.4237000000007	0.3	1.1	1
3886.067400000001	0.33	0.9	1
3983.8502000000008	0.38	0.8	1
4083.197100000001	0.31	1.1	1
4183.683100000001	0.38	0.8	1
4285.308200000001	0.36	0.8	1
4388.072400000001	0.39	0.8	1
4491.975700000001	0.39	0.8	1
4597.3015000000005	0.3	1.0	1
4703.3414	0.49	0.5	1
4810.5204	0.39	0.8	1
4918.6969	0.39	0.7	1
5028.1542	0.33	0.9	1
5139.034	0.3	1.0	1
5251.3363	0.32	1.0	1
5365.0611	0.32	1.0	1
5480.0667	0.35	0.9	1
5595.9281	0.38	0.6	1
5712.787	0.42	0.7	1
5830.218400000001	0.6	0.4	1
5948.6473000000005	0.36	0.7	1
6068.073700000001	0.38	0.7	1
6187.789200000001	0.53	0.2	1
6308.927200000001	0.34	1.0	1
6431.629300000001	0.29	1.1	1
6555.7539000000015	0.32	1.0	1
6680.026000000002	0.48	0.1	1
6805.578900000001	0.34	0.9	1
6932.270900000001	0.32	0.8	1
7059.252000000001	0.55	0.2	1
7187.230600000002	0.37	0.7	1
7316.490000000002	0.32	0.9	1
7447.030200000002	0.33	0.9	1
7579.134500000002	0.33	1.1	1
7711.386300000002	0.58	0.1	1
7845.2022000000015	0.31	1.1	1
7979.873900000001	0.42	0.6	1
8115.968100000001	0.34	1.0	1
8252.7764	0.61	0.5	1
8391.0072	0.32	1.0	1
8530.5188	0.34	0.9	1
8671.4529	0.29	1.0	1
8812.2428	0.43	0.6	1
8954.8802	0.3	1.3	1
9098.7984	0.34	0.9	1
9243.5724	0.45	0.6	1
9389.9105	0.31	1.1	1
9536.8211	0.48	0.4	1
9684.870799999999	0.33	0.8	1
9833.7763	0.41	0.6	1
9983.962599999999	0.35	0.9	1
10134.863	0.54	0.5	1
10287.3275	0.32	1.1	1
10441.2145	0.32	1.0	1
10596.099	0.36	0.7	1
10752.972600000001	0.26	1.4	1
10911.127	0.35	0.9	1
11070.4205	0.37	0.8	1
11231.2781	0.3	1.1	1
11393.1332	0.36	0.7	1
11556.2691	0.35	0.9	1
11721.3941	0.3	1.4	1
11887.9416	0.33	1.0	1
12055.2032	0.44	0.5	1
12224.1706	0.35	1.2	1
12394.5605	0.33	1.0	1
12565.9479	0.37	0.7	1
12739.041099999999	0.29	1.2	1
12913.556799999998	0.36	1.0	1
13089.778299999998	0.29	1.2	1
13267.422299999998	0.3	1.0	1
13446.347099999999	0.33	0.9	1
13626.410999999998	0.32	0.8	1
13807.613999999998	0.36	0.8	1
13990.664499999997	0.29	1.3	1
14174.995799999997	0.33	0.9	1
14360.607899999997	0.32	0.9	1
14547.642499999998	0.33	1.0	1
14735.957899999998	0.32	0.9	1
14925.270799999998	0.42	0.7	1
15115.864499999998	0.3	0.9	1
15308.447299999998	0.28	1.4	1
15503.019199999999	0.28	1.4	1
15697.8802	0.4	0.2	1
15894.021999999999	0.36	0.9	1
16091.869599999998	0.28	1.2	1
16291.139699999998	0.3	1.0	1
16491.8323	0.32	1.0	1
16693.947399999997	0.35	1.0	1
16897.059999999998	0.4	0.7	1
17101.5951	0.31	1.0	1
17307.2693	0.36	0.8	1
17514.2243	0.39	0.9	1
17722.1768	0.4	0.7	1
17931.5518	0.32	1.0	1
18142.6326	0.28	1.2	1
18354.710900000002	0.36	0.7	1
18568.211700000003	0.3	1.0	1
18783.276600000005	0.3	1.1	1
18999.764000000003	0.33	1.0	1
19217.6739	0.29	1.0	1
19437.0063	0.33	1.0	1
19657.4778	0.37	0.8	1
19879.3718	0.29	1.0	1
20102.9716	0.3	1.2	1
20327.9939	0.31	1.0	1
20554.722	0.29	1.2	1
20782.872600000002	0.33	1.0	1
21012.445700000004	0.29	1.0	1
21243.299600000002	0.36	0.9	1
21475.4343	0.33	0.9	1
21708.7081	0.33	0.8	1
21943.2627	0.34	0.9	1
22179.3814	0.3	1.1	1
22416.639199999998	0.34	0.8	1
22655.461099999997	0.29	1.1	1
22895.988799999996	0.28	1.2	1
23136.805599999996	0.52	0.2	1
23378.761499999997	0.33	0.8	1
23621.714899999995	0.37	0.7	1
23866.232399999997	0.33	1.1	1
24112.030699999996	0.33	0.9	1
24359.251499999995	0.33	1.0	1
24608.178099999994	0.3	1.2	1
24858.952199999992	0.25	1.3	1
25110.86539999999	0.36	0.8	1
25362.92609999999	0.6	0.1	1
25615.98429999999	0.4	0.7	1
25870.18159999999	0.36	0.8	1
26125.37639999999	0.34	0.7	1
26381.85199999999	0.34	0.9	1
26639.60839999999	0.33	0.9	1
26899.21229999999	0.28	1.3	1
27159.955299999987	0.35	0.8	1
27421.979099999986	0.31	0.9	1
27685.425399999986	0.31	1.0	1
27949.019199999984	0.47	0.1	1
28214.177099999983	0.29	1.1	1
28480.332499999982	0.45	0.7	1
28746.63539999998	0.69	0.1	1
29013.93579999998	0.36	0.7	1
29281.80869999998	0.52	0.4	1
29551.387399999978	0.3	1.2	1
29822.388599999977	0.29	1.0	1
30094.528899999976	0.37	0.8	1
30367.666699999976	0.42	0.7	1
30642.085299999977	0.33	0.9	1
30917.64299999998	0.34	0.8	1
31194.48149999998	0.33	0.9	1
31472.60079999998	0.36	0.9	1
31752.70919999998	0.28	1.4	1
32033.95669999998	0.36	0.8	1
32316.05999999998	0.43	0.6	1
32599.16079999998	0.35	0.7	1
32882.55069999998	0.58	0.2	1
33167.22139999998	0.38	0.9	1
33453.17289999998	0.34	0.9	1
33740.54689999999	0.35	1.0	1
34028.77669999999	0.44	0.6	1
34318.28729999999	0.32	0.9	1
34609.07869999999	0.32	0.9	1
34901.15089999999	0.37	0.9	1
35194.78719999999	0.3	1.1	1
35489.56259999999	0.28	0.8	1
35785.335499999994	0.4	0.7	1
36082.24749999999	0.35	0.8	1
36380.01529999999	0.43	0.6	1
36679.48889999999	0.32	1.2	1
36980.951599999986	0.26	1.4	1
37283.55339999998	0.38	0.8	1
37587.29429999998	0.39	0.8	1
37892.03269999998	0.34	0.7	1
38198.193599999984	0.3	1.0	1
38505.49359999999	0.4	0.8	1
38814.357699999986	0.3	1.1	1
39123.93589999999	0.48	0.5	1
39434.653199999986	0.35	0.8	1
39747.35959999999	0.25	1.4	1
40060.355099999986	0.4	0.2	1
40374.773099999984	0.3	1.0	1
40690.47189999998	0.35	0.9	1
41007.168199999986	0.37	0.7	1
41325.14529999998	0.36	0.9	1
41643.82819999998	0.26	1.2	1
41963.79189999998	0.35	0.9	1
42285.17809999998	0.31	1.0	1
42608.41179999998	0.27	1.3	1
42933.06799999998	0.33	1.0	1
43259.146699999976	0.31	1.0	1
43585.93949999998	0.47	0.5	1
43914.01309999998	0.33	0.9	1
44243.08419999998	0.36	0.7	1
44573.86109999998	0.29	1.2	1
44906.48549999998	0.27	1.3	1
45239.39899999998	0.6	0.2	1
45573.30999999998	0.4	0.7	1
45907.510099999985	0.51	0.2	1
46242.707699999984	0.28	0.7	1
46579.61109999999	0.26	1.2	1
46917.65359999999	0.34	0.8	1
47257.40189999999	0.28	1.2	1
47597.72269999999	0.5	0.4	1
47939.18259999999	0.41	0.8	1
48282.34829999999	0.28	1.2	1
48627.07809999999	0.31	1.1	1
48973.93869999999	0.25	1.5	1
49322.646799999995	0.27	1.3	1
49672.49399999999	0.35	0.8	1
50023.48029999999	0.35	0.8	1
50375.889099999986	0.33	1.0	1
50730.00369999999	0.31	1.2	1
51085.96579999998	0.28	1.3	1
51443.775399999984	0.28	1.3	1
51803.007499999985	0.34	1.0	1
52163.66209999999	0.32	1.0	1
52525.314199999986	0.42	0.7	1
52888.67209999999	0.29	1.2	1
53253.31079999999	0.34	0.9	1
53619.51359999999	0.31	1.1	1
53986.00549999999	0.8	0.2	1
54352.786499999995	0.42	0.2	1
54720.13999999999	0.54	0.4	1
55088.490999999995	0.42	0.7	1
55458.1228	0.37	0.9	1
55828.8937	0.37	0.8	1
56201.3704	0.29	1.2	1
56574.9862	0.33	0.8	1
56950.0245	0.32	1.0	1
57326.0603	0.37	0.7	1
57702.243599999994	0.77	0.1	1
58079.990999999995	0.3	1.1	1
58459.160899999995	0.31	1.0	1
58839.7533	0.33	1.0	1
59220.4932	0.65	0.1	1
59601.947199999995	0.44	0.5	1
59984.68199999999	0.36	0.9	1
60368.69759999999	0.35	0.9	1
60754.13569999999	0.35	1.0	1
61140.85459999999	0.3	0.9	1
61528.99599999999	0.32	1.0	1
61917.426499999994	0.53	0.2	1
62307.846099999995	0.26	1.4	1
62699.6882	0.33	1.0	1
63092.10279999999	0.57	0.4	1
63484.80649999999	0.48	0.2	1
63879.21599999999	0.29	1.2	1
64273.9146	0.55	0.2	1
64669.6107	0.43	0.7	1
65067.154299999995	0.28	1.3	1
65466.403699999995	0.26	1.2	1
65867.35889999999	0.29	1.2	1
66269.45319999999	0.39	0.8	1
66672.68659999999	0.33	0.8	1
67077.48409999999	0.31	1.1	1
67482.99569999998	0.49	0.5	1
67889.92979999998	0.34	1.0	1
68298.28639999998	0.33	1.0	1
68707.64049999998	0.37	0.7	1
69118.55869999998	0.3	1.1	1
69530.89939999998	0.33	1.0	1
69944.94589999998	0.27	1.2	1
70360.69819999997	0.27	1.2	1
70776.59799999997	0.69	0.1	1
71194.34529999997	0.27	1.3	1
71613.37339999997	0.31	0.9	1
72033.96559999997	0.3	1.1	1
72456.26359999996	0.31	1.2	1
72879.70069999996	0.35	0.8	1
73303.42689999996	0.51	0.2	1
73727.86719999996	0.57	0.5	1
74152.87999999996	0.52	0.4	1
74579.45689999996	0.31	1.1	1
75007.17289999996	0.37	0.8	1
75436.45299999996	0.29	1.1	1
75867.58059999997	0.28	1.3	1
76299.70569999998	0.36	0.7	1
76732.54489999998	0.4	0.5	1
77167.51489999998	0.24	1.5	1
77603.76569999997	0.35	0.9	1
78041.29729999998	0.36	0.9	1
78479.40139999997	0.6	0.4	1
78918.64459999997	0.37	0.8	1
79359.87689999997	0.25	1.4	1
79802.38999999997	0.37	0.9	1
80245.75889999997	0.45	0.6	1
80689.41689999997	0.71	0.2	1
81134.35569999997	0.37	0.9	1
81580.57529999997	0.32	0.9	1
82028.64239999997	0.29	1.3	1
82478.13199999997	0.35	1.0	1
82929.04409999997	0.28	1.0	1
83381.52029999997	0.29	1.1	1
83834.56899999997	0.54	0.4	1
84289.46519999998	0.28	1.3	1
84745.21719999997	0.45	0.6	1
85202.67499999997	0.28	1.2	1
85661.41359999997	0.35	0.9	1
86121.43299999998	0.35	0.9	1
86582.44989999998	0.41	0.7	1
87044.74759999997	0.29	0.9	1
87508.89279999997	0.27	1.3	1
87974.17709999997	0.38	0.8	1
88441.45049999998	0.26	1.4	1
88909.01299999998	0.51	0.2	1
89377.71459999998	0.37	0.8	1
89848.26369999998	0.27	1.3	1
90320.09359999998	0.32	0.9	1
90793.06259999998	0.41	0.8	1
91266.32069999998	0.5	0.2	1
91740.71789999999	0.38	0.8	1
92215.26259999999	0.68	0.1	1
92690.09639999998	0.55	0.2	1
93166.06929999997	0.37	0.8	1
93643.88969999997	0.33	1.3	1
94123.41589999996	0.32	1.2	1
94604.22289999996	0.36	0.9	1
95087.16069999996	0.24	1.5	1
95570.37929999996	0.38	0.9	1
96054.73699999995	0.34	0.8	1
96540.51719999994	0.3	1.0	1
97027.15319999994	0.36	0.6	1
97515.06999999995	0.34	0.9	1
98003.84259999995	0.29	0.6	1
98493.89599999995	0.34	0.9	1
98985.37189999995	0.32	1.0	1
99478.41189999995	0.31	1.1	1
99972.59099999994	0.34	0.8	1
100467.90919999994	0.34	0.8	1
100963.65819999993	0.37	0.3	1
101461.11299999994	0.26	1.2	1
101959.70689999995	0.39	0.8	1
102459.58159999995	0.35	0.9	1
102961.02039999995	0.29	1.1	1
103463.88169999995	0.33	1.0	1
103968.59049999995	0.26	1.3	1
104474.86339999994	0.3	1.1	1
104982.41709999995	0.36	0.9	1
105491.67659999995	0.27	1.2	1
106002.07519999995	0.37	0.8	1
106514.32129999995	0.29	1.3	1
107028.41489999995	0.3	1.3	1
107542.65599999994	0.63	0.1	1
108058.88619999995	0.25	1.4	1
108576.11389999995	0.42	0.7	1
109094.48069999996	0.4	0.8	1
109614.12829999995	0.3	0.9	1
110135.48169999995	0.31	1.2	1
110658.39919999994	0.28	1.1	1
111182.88079999994	0.31	1.1	1
111708.50149999994	0.36	0.8	1
112235.26129999994	0.34	0.8	1
112763.58519999994	0.35	1.1	1
113293.47319999995	0.3	1.1	1
113824.78369999996	0.32	1.0	1
114357.65829999995	0.3	1.1	1
114892.38039999995	0.3	1.3	1
115428.52499999995	0.31	1.0	1
115965.52539999995	0.44	0.6	1
116504.23159999996	0.27	1.2	1
117044.07689999996	0.41	0.8	1
117585.20299999995	0.37	0.9	1
118127.60989999995	0.37	0.9	1
118671.43929999995	0.36	1.0	1
119216.12449999996	0.47	0.6	1
119762.65719999996	0.3	1.3	1
120311.17899999996	0.24	1.4	1
120861.54829999997	0.28	1.3	1
121413.90669999996	0.23	1.4	1
121967.82919999996	0.3	1.1	1
122523.45749999996	0.29	1.2	1
123081.07489999996	0.29	1.4	1
123639.97309999996	0.34	0.9	1
124200.01039999996	0.36	0.8	1
124760.62019999996	0.28	0.4	1
125322.79409999996	0.3	1.1	1
125886.81549999995	0.27	1.3	1
126452.40099999995	0.29	1.1	1
127019.40899999996	0.29	1.0	1
127587.55609999996	0.37	0.8	1
128156.70069999996	0.4	0.7	1
128727.26779999996	0.33	1.0	1
129299.25739999996	0.31	1.0	1
129872.95279999996	0.29	1.2	1
130447.92899999996	0.35	0.9	1
131024.18599999996	0.36	0.9	1
131602.00709999996	0.28	1.1	1
132181.25069999995	0.34	1.0	1
132761.77509999994	0.34	0.9	1
133343.86359999995	0.3	1.1	1
133927.09119999997	0.36	0.8	1
134511.74129999997	0.27	1.0	1
135096.53889999996	0.64	0.1	1
135682.47559999995	0.32	0.8	1
136269.55139999994	0.36	0.8	1
136858.33299999993	0.29	1.2	1
137448.82039999994	0.3	1.2	1
138040.73029999994	0.34	1.0	1
138633.49599999993	0.45	0.6	1
139227.40079999992	0.32	0.8	1
139822.86969999992	0.32	1.1	1
140419.6193999999	0.35	0.9	1
141016.5081999999	0.38	0.8	1
141614.3944999999	0.35	0.7	1
142214.1282999999	0.23	1.3	1
142815.2845999999	0.31	1.0	1
143417.8633999999	0.33	1.0	1
144021.8646999999	0.3	1.0	1
144627.5717999999	0.29	1.2	1
145234.5596999999	0.39	0.9	1
145842.82839999988	0.35	0.9	1
146452.8028999999	0.29	1.2	1
147064.76649999988	0.32	1.4	1
147678.01089999988	0.33	0.9	1
148292.6777999999	0.35	1.0	1
148909.0504999999	0.31	1.2	1
149526.5622999999	0.38	0.8	1
150145.7798999999	0.29	1.2	1
150766.98659999992	0.24	1.4	1
151389.89909999992	0.29	1.2	1
152015.5090999999	0.23	1.9	1
152642.6831999999	0.3	1.1	1
153271.9880999999	0.27	1.5	1
153902.8570999999	0.34	1.1	1
154535.2901999999	0.29	1.1	1
155169.2873999999	0.29	1.1	1
155804.42369999993	0.34	0.8	1
156440.84079999992	0.33	0.9	1
157078.68039999992	0.31	1.0	1
157717.65909999993	0.42	0.8	1
158358.20189999993	0.28	1.1	1
159000.30879999994	0.29	1.1	1
159644.26319999993	0.3	1.3	1
160289.78169999993	0.31	1.1	1
160936.58099999995	0.36	0.9	1
161585.22779999994	0.28	1.3	1
162235.15539999993	0.32	0.9	1
162886.22209999993	0.4	0.8	1
163539.13629999993	0.29	1.3	1
164193.33129999993	0.37	0.9	1
164848.94879999993	0.34	1.0	1
165505.70539999992	0.37	0.8	1
166163.88449999993	0.34	1.0	1
166823.76939999993	0.31	1.2	1
167484.93509999994	0.33	0.9	1
168147.09829999995	0.38	0.7	1
168810.54229999994	0.34	0.9	1
169475.26709999994	0.33	0.9	1
170142.12269999995	0.27	1.5	1
170810.82579999996	0.3	1.3	1
171481.65969999996	0.28	1.5	1
172153.91609999997	0.39	1.0	1
172827.59499999997	0.34	1.0	1
173502.83799999996	0.3	1.1	1
174179.64509999997	0.3	1.1	1
174858.15799999997	0.3	1.2	1
175537.80999999997	0.43	0.8	1
176219.02609999996	0.31	1.1	1
176901.80629999997	0.32	1.1	1
177586.43399999998	0.28	1.3	1
178272.0592	0.39	0.7	1
178958.96519999998	0.42	0.9	1
179647.43529999998	0.32	1.1	1
180337.46949999998	0.31	1.1	1
181028.9262	0.33	1.0	1
181722.0887	0.3	1.2	1
182417.2403	0.26	1.4	1
183113.53100000002	0.4	0.8	1
183811.52750000003	0.29	1.2	1
184511.37150000004	0.25	1.3	1
185212.49630000003	0.29	0.9	1
185915.32690000001	0.33	1.2	1
186619.58000000002	0.31	1.0	1
187325.2556	0.33	1.0	1
188032.4953	0.29	1.1	1
188741.58250000002	0.3	1.3	1
189452.51720000003	0.24	1.3	1
190164.59100000004	0.37	0.8	1
190878.22890000005	0.34	1.1	1
191593.43090000004	0.26	1.1	1
192309.91370000003	0.35	0.9	1
193028.38560000004	0.28	1.4	1
193748.42160000003	0.32	1.1	1
194470.44670000003	0.24	1.4	1
195193.75260000004	0.31	0.9	1
195918.90600000005	0.3	1.3	1
196645.34020000004	0.34	0.9	1
197373.19690000004	0.34	1.0	1
198102.61770000003	0.34	1.1	1
198834.16930000004	0.26	1.5	1
199567.42670000004	0.28	1.2	1
200301.96490000005	0.34	0.9	1
201037.92560000005	0.32	1.0	1
201775.02540000004	0.39	0.8	1
202513.40600000005	0.35	0.9	1
203253.06740000006	0.35	0.9	1
203994.15130000006	0.33	1.0	1
204737.08270000006	0.29	1.3	1
205481.43660000004	0.33	1.0	1
206227.49630000006	0.28	1.2	1
206974.55350000007	0.41	0.7	1
207723.74150000006	0.26	1.5	1
208474.35200000007	0.32	1.0	1
209226.38500000007	0.34	1.0	1
209979.55710000006	0.34	0.8	1
210734.43500000006	0.3	1.2	1
