0.2725	0.52	0.2	1
1.7508000000000001	0.36	0.9	1
4.5682	0.33	1.0	1
7.5247	0.65	0.1	1
11.8203	0.33	1.0	1
17.1884	0.37	0.8	1
23.8956	0.31	1.0	1
31.808600000000002	0.33	0.9	1
40.927400000000006	0.34	0.9	1
50.98530000000001	0.39	0.7	1
62.64900000000001	0.28	1.2	1
75.5185	0.33	0.9	1
89.3271	0.39	0.7	1
104.2082	0.34	0.8	1
120.2951	0.38	0.9	1
137.7211	0.33	1.0	1
155.4196	0.61	0.2	1
174.9906	0.29	1.4	1
196.1674	0.24	1.2	1
217.61669999999998	0.46	0.2	1
240.1385	0.39	0.8	1
263.7328	0.41	0.8	1
288.9329	0.27	1.2	1
314.4055	0.62	0.2	1
340.9506	0.33	0.8	1
368.7015	0.47	0.9	1
396.7249	0.6	0.2	1
425.9541	0.32	0.9	1
456.5224	0.35	1.0	1
488.1632	0.35	0.8	1
520.0765	0.49	0.2	1
552.9289	0.39	0.7	1
586.5871	0.42	0.6	1
621.5844	0.28	1.0	1
657.7874999999999	0.33	0.9	1
696.1297	0.22	1.6	1
735.5444	0.37	0.8	1
775.0982	0.59	0.1	1
815.8578	0.38	0.9	1
858.4899	0.27	1.4	1
902.4611	0.31	1.0	1
948.0381	0.33	1.2	1
994.9542	0.32	1.0	1
1043.3428000000001	0.33	1.1	1
1092.6705000000002	0.42	0.7	1
1143.3373000000001	0.34	1.0	1
1195.4766000000002	0.29	1.1	1
1247.8884000000003	0.49	0.2	1
1301.3727000000003	0.37	0.8	1
1355.7961000000003	0.38	0.7	1
1411.5586000000003	0.3	1.0	1
1468.2602000000004	0.39	0.7	1
1526.3009000000004	0.37	1.0	1
1585.5474000000004	0.38	0.9	1
1646.5330000000004	0.3	1.3	1
1708.3244000000004	0.43	0.6	1
1771.0549000000005	0.33	0.7	1
1835.2579000000005	0.3	1.1	1
1900.6667000000004	0.33	0.9	1
1967.8146000000004	0.29	1.3	1
2036.7016000000003	0.28	1.3	1
2107.0611000000004	0.28	1.1	1
2178.4931	0.36	0.8	1
2250.7309	0.39	0.6	1
2324.4412	0.28	1.1	1
2398.2906000000003	0.51	0.1	1
2472.8125000000005	0.44	0.5	1
2549.3402000000006	0.24	1.5	1
2628.0070000000005	0.24	1.6	1
2708.2796000000003	0.27	1.2	1
2790.1580000000004	0.28	1.2	1
2873.7755	0.32	1.3	1
2958.7321	0.32	1.0	1
3045.0278000000003	0.31	1.0	1
3132.5293	0.35	0.9	1
3220.1699000000003	0.62	0.1	1
3309.4163000000003	0.27	1.2	1
3398.9352000000003	0.47	0.2	1
3490.3266000000003	0.32	1.4	1
3583.9905000000003	0.22	1.7	1
3678.3269000000005	0.42	0.5	1
3774.1358000000005	0.29	1.1	1
3871.0172000000007	0.36	0.8	1
3969.2377000000006	0.33	1.0	1
4069.0640000000008	0.28	1.2	1
4170.096100000001	0.38	0.9	1
4272.4673	0.29	1.0	1
4376.5776000000005	0.26	1.3	1
4481.493700000001	0.4	0.6	1
4587.215600000001	0.43	0.6	1
4693.343300000001	0.35	0.3	1
4800.943500000001	0.27	1.1	1
4910.016200000001	0.3	1.1	1
5020.028000000001	0.41	0.7	1
5131.512300000001	0.28	1.1	1
5243.935700000001	0.35	0.7	1
5356.631600000001	0.45	0.2	1
5471.200000000001	0.28	1.4	1
5586.840900000001	0.36	0.8	1
5703.420900000001	0.44	0.7	1
5821.206700000001	0.31	0.9	1
5940.3316	0.34	1.0	1
6060.7956	0.3	1.0	1
6181.398700000001	0.62	0.1	1
6303.740900000001	0.28	1.3	1
6427.422200000001	0.32	1.0	1
6551.376000000001	0.53	0.2	1
6675.6689000000015	0.31	1.0	1
6801.700900000002	0.29	1.3	1
6928.805400000002	0.32	0.8	1
7057.782400000002	0.28	1.4	1
7186.898500000002	0.49	0.1	1
7317.0871000000025	0.36	0.8	1
7448.881500000002	0.28	1.2	1
7582.415000000003	0.32	1.3	1
7716.887600000003	0.4	0.7	1
7852.5660000000025	0.3	0.9	1
7989.450200000003	0.35	0.9	1
8127.273500000003	0.35	0.7	1
8266.702600000002	0.29	1.2	1
8407.204200000002	0.37	0.8	1
8547.978300000002	0.45	0.2	1
8690.358200000002	0.3	1.2	1
8834.743900000003	0.24	1.5	1
8980.468700000003	0.29	1.0	1
9127.399300000003	0.33	0.9	1
9275.402400000003	0.38	0.8	1
9424.478000000003	0.35	0.8	1
9574.892700000002	0.33	1.0	1
9726.379900000002	0.35	0.8	1
9879.072900000001	0.34	0.9	1
10033.105000000001	0.31	1.0	1
10187.276200000002	0.75	0.1	1
10342.519900000003	0.36	0.8	1
10499.502700000003	0.29	1.3	1
10658.224600000003	0.29	1.3	1
10818.552300000003	0.29	1.2	1
10980.085800000003	0.38	0.9	1
11143.491800000003	0.27	1.4	1
11308.503600000004	0.27	1.2	1
11473.654500000004	0.54	0.1	1
11640.144500000004	0.28	1.0	1
11807.973600000005	0.31	1.0	1
11976.608500000004	0.42	0.6	1
12146.582500000004	0.32	1.0	1
12317.762300000004	0.3	0.9	1
12490.681200000005	0.28	1.3	1
12665.072600000005	0.3	1.1	1
12840.003100000005	0.3	0.4	1
13016.272700000005	0.29	1.0	1
13194.414800000004	0.27	1.4	1
13373.762700000005	0.33	0.9	1
13553.516400000004	0.47	0.3	1
13734.342600000004	0.33	0.8	1
13916.907900000004	0.27	1.3	1
14100.679000000004	0.37	0.9	1
14285.922600000004	0.26	1.1	1
14472.772000000003	0.29	1.2	1
14661.627200000003	0.22	1.5	1
14850.754900000004	0.46	0.2	1
15041.355100000004	0.33	1.1	1
15232.894400000005	0.39	0.7	1
15425.906200000005	0.3	1.1	1
15620.257100000004	0.31	1.0	1
15816.080500000004	0.31	1.1	1
16013.376400000003	0.3	1.1	1
16212.278100000003	0.32	1.2	1
16412.252300000004	0.37	0.8	1
16612.765600000002	0.51	0.4	1
16814.084700000003	0.37	0.6	1
17016.476300000002	0.38	0.8	1
17220.207000000002	0.28	1.0	1
17424.2102	0.5	0.2	1
17629.952500000003	0.26	1.3	1
17837.300600000002	0.3	1.2	1
18045.054500000002	0.43	0.3	1
18254.147500000003	0.32	1.0	1
18464.313000000002	0.29	0.8	1
18676.351000000002	0.29	1.4	1
18889.328100000002	0.36	0.7	1
19103.3777	0.38	0.8	1
19318.6331	0.39	0.9	1
19535.361	0.27	1.1	1
19753.6947	0.28	1.2	1
19973.2342	0.37	0.9	1
20193.979499999998	0.35	0.9	1
20415.930599999996	0.34	0.9	1
20639.087499999998	0.38	0.9	1
20863.316899999998	0.39	0.8	1
21088.485399999998	0.34	0.7	1
21314.859699999997	0.34	0.9	1
21542.573099999998	0.32	1.0	1
21771.092299999997	0.48	0.6	1
22000.950599999996	0.32	1.0	1
22232.014699999996	0.35	0.9	1
22464.151299999998	0.35	0.8	1
22697.4937	0.37	0.9	1
22932.0419	0.33	0.9	1
23167.7959	0.36	0.9	1
23405.4224	0.28	1.4	1
23644.388	0.31	1.0	1
23883.8927	0.36	0.4	1
24124.7365	0.33	1.0	1
24367.052799999998	0.31	1.1	1
24610.974899999997	0.26	1.2	1
24855.836099999997	0.33	0.7	1
25102.169799999996	0.3	1.1	1
25349.309299999997	0.44	0.6	1
25597.387899999998	0.38	0.7	1
25846.6723	0.36	0.9	1
26096.0958	0.6	0.1	1
26346.4584	0.42	0.7	1
26598.2935	0.28	1.1	1
26851.3344	0.34	0.9	1
27104.6478	0.6	0.2	1
27359.8337	0.26	1.4	1
27616.2254	0.3	0.9	1
27874.3562	0.24	1.3	1
28133.2928	0.36	0.6	1
28392.3685	0.58	0.1	1
28652.7833	0.35	1.0	1
28914.403899999998	0.33	0.9	1
29177.2303	0.34	0.9	1
29441.1292	0.39	0.8	1
29706.2339	0.37	0.9	1
29972.6777	0.33	1.0	1
30240.8606	0.21	1.3	1
30510.2493	0.35	0.9	1
30780.5771	0.43	0.7	1
31052.377399999998	0.3	1.1	1
31324.2502	0.35	0.8	1
31597.5955	0.32	1.1	1
31872.1466	0.33	0.9	1
32146.9702	0.68	0.2	1
32423.3996	0.29	1.2	1
32701.0348	0.33	0.9	1
32979.6091	0.4	0.7	1
33259.5225	0.29	1.0	1
33540.775	0.37	1.0	1
33823.5	0.3	1.1	1
34107.6975	0.33	1.1	1
34393.1008	0.36	0.9	1
34679.7099	0.39	0.9	1
34967.391500000005	0.37	0.8	1
35256.1456	0.37	0.8	1
35546.6388	0.29	1.3	1
35838.7378	0.31	1.2	1
36132.3093	0.3	1.1	1
36426.5533	0.49	0.5	1
36721.8698	0.39	0.8	1
37017.7254	0.37	0.4	1
37314.6535	0.4	0.8	1
37613.1874	0.27	1.2	1
37911.993800000004	0.57	0.2	1
38211.206000000006	0.47	0.3	1
38511.624	0.37	0.9	1
38812.3145	0.52	0.2	1
39113.9441	0.39	0.7	1
39416.9128	0.33	1.0	1
39720.6873	0.49	0.6	1
40025.1343	0.55	0.5	1
40330.7871	0.34	0.9	1
40638.3124	0.26	1.4	1
40946.376800000005	0.6	0.4	1
41255.780300000006	0.33	1.0	1
41566.5229	0.35	1.0	1
41878.604600000006	0.33	1.0	1
42192.82540000001	0.29	1.6	1
42508.78530000001	0.3	1.3	1
42825.81770000001	0.41	0.8	1
43144.18920000001	0.33	1.0	1
43462.96650000001	0.4	0.3	1
43783.21630000001	0.32	1.1	1
44104.80520000001	0.32	1.0	1
44427.46660000001	0.32	0.8	1
44750.267100000005	0.81	0.1	1
45074.140100000004	0.38	0.8	1
45399.3522	0.32	1.0	1
45725.2368	0.46	0.5	1
46052.3272	0.31	0.9	1
46380.4901	0.34	0.8	1
46709.9921	0.33	1.0	1
47040.033200000005	0.53	0.4	1
47371.680100000005	0.3	1.2	1
47704.9328	0.28	1.2	1
48039.3913	0.34	0.9	1
48374.922300000006	0.38	0.8	1
48711.659100000004	0.35	0.9	1
49049.86840000001	0.29	1.1	1
49389.283500000005	0.35	0.9	1
49729.771100000005	0.36	0.8	1
50071.7312	0.29	1.1	1
50413.8304	0.57	0.1	1
50756.4687	0.52	0.4	1
51100.3128	0.3	0.9	1
51445.496	0.35	1.0	1
51791.7517	0.35	0.8	1
52138.9465	0.37	0.7	1
52487.3471	0.33	0.9	1
52836.0202	0.55	0.2	1
53186.1658	0.28	1.1	1
53537.5172	0.35	0.9	1
53889.4077	0.32	0.4	1
54242.6373	0.31	1.0	1
54596.1394	0.51	0.2	1
54951.2473	0.28	1.2	1
55308.361000000004	0.26	1.5	1
55666.8138	0.34	1.0	1
56026.739100000006	0.32	1.1	1
56388.40350000001	0.29	1.3	1
56750.87370000001	0.43	0.6	1
57113.61640000001	0.64	0.2	1
57476.631600000015	0.6	0.2	1
57840.58590000001	0.32	0.7	1
58206.27930000001	0.28	1.3	1
58573.31180000001	0.32	1.0	1
58942.48340000001	0.25	1.6	1
59312.59410000001	0.42	0.7	1
59682.977300000006	0.61	0.2	1
60055.09960000001	0.28	1.3	1
60428.294400000006	0.35	0.8	1
60801.7617	0.6	0.2	1
61177.234800000006	0.29	1.5	1
61553.913700000005	0.35	0.9	1
61931.9317	0.31	1.0	1
62311.2888	0.36	1.0	1
62692.785	0.22	1.6	1
63074.420300000005	0.64	0.1	1
63457.5281	0.32	1.1	1
63842.375	0.3	1.3	1
64228.161	0.36	0.7	1
64615.4195	0.33	1.1	1
65004.283800000005	0.3	1.2	1
65394.4872	0.33	1.0	1
65786.0297	0.26	1.0	1
66178.778	0.27	0.9	1
66572.9988	0.31	1.1	1
66968.5587	0.29	1.0	1
67365.3244	0.34	0.9	1
67763.5626	0.32	1.1	1
68163.00660000001	0.32	0.9	1
68563.78970000001	0.32	1.0	1
68965.6453	0.37	0.8	1
69369.1067	0.28	1.2	1
69772.84060000001	0.56	0.2	1
70178.1803	0.27	1.2	1
70583.79250000001	0.53	0.2	1
70991.1438	0.27	1.3	1
71399.56760000001	0.35	0.8	1
71808.66390000001	0.46	0.5	1
72218.03270000001	0.58	0.2	1
72629.274	0.25	1.4	1
73041.9878	0.29	1.1	1
73455.6407	0.37	0.7	1
73869.5661	0.46	0.2	1
74284.8306	0.33	1.0	1
74701.8342	0.26	1.3	1
75120.17689999999	0.3	1.0	1
75539.99209999999	0.28	1.1	1
75961.27979999999	0.3	1.1	1
76382.84	0.54	0.2	1
76805.7393	0.33	1.0	1
77230.1111	0.33	1.1	1
77656.4887	0.29	1.5	1
78084.6054	0.29	1.3	1
78514.4612	0.29	1.3	1
78945.9228	0.31	1.2	1
79378.3235	0.4	0.7	1
79811.79669999999	0.35	0.8	1
80246.74239999999	0.27	1.1	1
80682.8939	0.33	0.9	1
81120.9179	0.27	1.4	1
81560.0144	0.41	0.8	1
82000.1834	0.36	0.8	1
82441.6915	0.33	1.0	1
82884.2721	0.39	0.8	1
83328.1918	0.34	1.0	1
83773.184	0.37	0.8	1
84219.382	0.34	0.9	1
84666.7858	0.32	0.9	1
85114.4621	0.51	0.2	1
85563.7442	0.25	1.2	1
86013.2988	0.66	0.2	1
86463.79250000001	0.36	0.7	1
86915.2253	0.34	0.7	1
87367.4639	0.4	0.6	1
87821.0416	0.31	1.0	1
88276.2251	0.33	1.2	1
88733.0144	0.32	1.2	1
89191.0095	0.33	0.9	1
89649.2771	0.53	0.2	1
90108.4838	0.41	0.7	1
90569.2963	0.28	1.2	1
91031.0479	0.4	0.7	1
91494.0053	0.35	0.9	1
91958.3018	0.34	1.0	1
92424.0708	0.28	1.1	1
92890.11230000001	0.7	0.2	1
93356.4263	0.61	0.2	1
93823.9461	0.36	0.9	1
94292.9384	0.29	1.1	1
94762.8698	0.41	0.7	1
95233.7403	0.34	0.7	1
95706.2166	0.3	1.2	1
96179.7654	0.37	0.8	1
96654.12000000001	0.43	0.6	1
97130.34710000001	0.28	1.4	1
97606.64670000001	0.38	0.8	1
98084.28540000001	0.33	1.0	1
98563.52990000001	0.33	1.2	1
99043.8469	0.35	0.8	1
99525.36970000001	0.33	0.9	1
100008.4983	0.33	1.2	1
100492.966	0.31	1.0	1
100978.7728	0.32	1.0	1
101466.0521	0.23	1.1	1
101954.67050000001	0.32	1.0	1
102444.8947	0.27	1.2	1
102936.5914	0.3	1.1	1
103429.6272	0.29	1.0	1
103923.73550000001	0.4	0.8	1
104419.3163	0.27	1.1	1
104916.5029	0.32	1.2	1
105415.16200000001	0.3	1.1	1
105914.89360000001	0.36	0.8	1
106416.36430000002	0.32	1.3	1
106918.77410000001	0.42	0.7	1
107422.123	0.43	0.7	1
107926.94440000001	0.32	1.1	1
108431.90490000001	0.52	0.1	1
108937.80450000001	0.38	0.7	1
109444.77660000001	0.36	0.8	1
109953.48780000002	0.26	1.3	1
110463.13810000001	0.34	0.7	1
110973.99420000002	0.35	0.9	1
111486.58940000001	0.25	1.3	1
112000.25710000002	0.36	0.8	1
112515.39730000001	0.3	1.1	1
113032.6766	0.25	1.6	1
113551.29500000001	0.34	1.0	1
114070.98590000001	0.31	0.8	1
114591.88260000001	0.32	0.9	1
115114.51840000002	0.33	1.3	1
115639.02670000002	0.23	1.4	1
116164.87410000002	0.34	1.0	1
116692.19400000002	0.34	1.1	1
117220.45300000002	0.39	0.7	1
117749.78450000002	0.33	0.8	1
118280.18850000002	0.37	0.8	1
118811.66500000002	0.33	0.8	1
119344.88060000002	0.27	1.3	1
119879.56870000002	0.3	1.1	1
120415.06260000002	0.38	0.6	1
120952.02900000002	0.29	1.1	1
121489.13450000003	0.73	0.1	1
122027.57910000003	0.3	1.0	1
122567.22950000003	0.33	0.9	1
123107.81900000003	0.36	0.7	1
123649.61430000003	0.37	0.9	1
124192.61540000002	0.31	0.9	1
124737.08900000002	0.27	1.1	1
125283.16840000002	0.29	1.2	1
125830.72030000003	0.31	1.1	1
126379.61130000003	0.32	1.0	1
126929.84140000003	0.31	1.0	1
127481.01060000004	0.38	0.7	1
128033.25230000004	0.35	0.8	1
128586.69980000003	0.35	0.9	1
129141.61980000003	0.3	1.1	1
129697.74560000002	0.34	0.9	1
130255.21050000003	0.31	1.0	1
130813.61450000003	0.42	0.7	1
131373.09100000001	0.35	0.8	1
131933.7733	0.32	0.9	1
132495.5281	0.34	0.8	1
133058.4887	0.34	0.9	1
133622.3884	0.41	0.7	1
134187.4939	0.36	0.9	1
134753.5385	0.41	0.7	1
135320.9222	0.28	1.0	1
135889.3784	0.37	0.8	1
136459.4404	0.3	1.2	1
137030.7082	0.33	0.9	1
137603.3151	0.27	1.0	1
138177.2611	0.31	1.0	1
138752.5462	0.33	1.0	1
139329.30380000002	0.3	1.1	1
139907.8005	0.3	1.3	1
140487.7697	0.32	1.1	1
141069.6114	0.23	1.4	1
141652.5256	0.33	0.8	1
142236.7789	0.36	1.0	1
142822.7713	0.28	1.3	1
143410.3695	0.29	1.2	1
143999.5735	0.29	1.2	1
144590.3833	0.27	1.2	1
145182.66559999998	0.27	1.1	1
145775.42039999997	0.27	1.1	1
146369.91429999997	0.26	1.3	1
146965.7473	0.35	1.0	1
147563.7194	0.23	1.6	1
148163.0306	0.33	1.0	1
148764.8809	0.2	1.9	1
149368.0703	0.29	1.0	1
149972.4655	0.37	0.9	1
150577.79979999998	0.41	0.7	1
151184.3399	0.33	0.9	1
151792.7525	0.25	1.4	1
152402.7709	0.3	1.2	1
153013.9951	0.32	0.9	1
153626.6918	0.31	1.1	1
154240.9943	0.31	1.2	1
154856.9026	0.27	1.2	1
155474.6834	0.27	1.4	1
156094.47	0.25	1.5	1
156715.3291	0.41	0.8	1
157337.52730000002	0.32	1.0	1
157961.198	0.3	1.1	1
158586.07450000002	0.41	0.9	1
159212.2901	0.34	1.0	1
159839.57820000002	0.37	0.8	1
160468.07210000002	0.37	0.9	1
161097.5051	0.38	0.7	1
161728.54390000002	0.26	1.2	1
162361.05520000003	0.28	1.1	1
162994.90560000003	0.29	1.0	1
163630.09510000004	0.34	1.0	1
164266.89040000003	0.29	1.2	1
164905.15820000003	0.33	1.1	1
165545.16510000004	0.28	1.3	1
166186.51110000003	0.32	1.0	1
166829.19620000003	0.34	1.0	1
167473.62040000004	0.32	1.3	1
168119.38370000003	0.34	1.0	1
168766.35280000002	0.35	0.9	1
169414.66100000002	0.33	1.0	1
170064.84170000002	0.24	1.4	1
170716.2282	0.36	0.9	1
171368.8205	0.36	0.9	1
172022.7519	0.31	1.0	1
172677.8891	0.39	0.9	1
173334.2321	0.36	0.9	1
173991.78089999998	0.34	0.9	1
174650.53549999997	0.31	0.9	1
175310.89589999997	0.3	1.2	1
175972.72879999998	0.31	1.1	1
176636.83419999998	0.24	1.7	1
177302.14539999998	0.33	0.9	1
177968.92909999998	0.29	1.1	1
178637.98529999997	0.24	1.7	1
179308.24729999996	0.35	0.9	1
179980.51509999996	0.25	1.5	1
180654.52199999997	0.29	1.3	1
181329.60139999996	0.34	0.8	1
182005.75329999995	0.41	0.8	1
182683.64429999996	0.29	1.3	1
183363.00779999996	0.33	1.1	1
184043.57709999997	0.34	0.9	1
184725.08549999996	0.43	0.7	1
185408.06639999995	0.35	1.1	1
186092.51979999995	0.34	1.1	1
186778.31229999996	0.37	1.0	1
187465.44389999995	0.34	1.0	1
188153.91459999996	0.29	1.0	1
188843.85779999997	0.3	1.1	1
189535.40679999997	0.31	1.2	1
190228.29489999998	0.34	1.0	1
190922.6555	0.33	1.1	1
191618.6219	0.31	1.2	1
192316.5941	0.28	1.5	1
193016.1721	0.31	1.2	1
193716.9559	0.34	0.9	1
194419.4788	0.27	1.3	1
195123.7408	0.27	1.3	1
195829.6086	0.25	1.2	1
196536.94890000002	0.31	1.1	1
197245.49500000002	0.36	0.9	1
197955.51360000003	0.3	1.1	1
198666.87130000003	0.36	1.0	1
199379.70150000002	0.34	1.1	1
200094.27080000003	0.28	1.3	1
200810.57920000004	0.25	1.3	1
201528.62670000002	0.27	1.3	1
202248.94670000003	0.23	1.7	1
202971.40580000004	0.22	1.6	1
203695.47070000003	0.3	1.2	1
204421.00810000004	0.3	1.1	1
205147.88460000005	0.36	1.0	1
205875.96690000006	0.31	0.9	1
206605.92170000006	0.29	1.4	1
207337.61560000008	0.27	1.3	1
208070.91530000008	0.28	1.2	1
208805.42080000008	0.34	0.9	1
209541.2654000001	0.38	1.0	1
210278.18250000008	0.38	0.8	1
211016.17210000008	0.36	0.8	1
211755.76750000007	0.3	1.2	1
212496.56870000006	0.33	0.9	1
213238.70900000006	0.34	1.0	1
213982.72180000006	0.25	1.4	1
214727.94040000005	0.35	0.9	1
