2.4538	0.39	0.7	1
5.611400000000001	0.44	0.2	1
9.472800000000001	0.49	0.2	1
14.038	0.48	0.2	1
19.307000000000002	0.4	0.2	1
25.2798	0.4	0.2	1
31.956400000000002	0.54	0.2	1
39.336800000000004	0.5	0.2	1
47.42100000000001	0.41	0.2	1
56.209	0.42	0.2	1
65.7008	0.49	0.2	1
76.2464	0.37	0.3	1
86.49579999999999	0.54	0.2	1
97.44899999999998	0.64	0.2	1
109.10599999999998	0.45	0.2	1
120.46679999999998	0.58	0.2	1
132.53139999999996	0.61	0.2	1
145.29979999999995	0.65	0.2	1
158.77199999999993	0.45	0.2	1
172.94799999999992	0.48	0.2	1
187.8277999999999	0.55	0.2	1
203.4113999999999	0.64	0.2	1
219.6987999999999	0.47	0.2	1
236.68999999999988	0.48	0.2	1
