1.8734000000000002	0.35	0.7	1
6.1535	0.3	0.9	1
13.107	0.31	1.0	1
22.4672	0.38	0.9	1
34.5008	0.33	1.0	1
46.8078	0.65	0.1	1
60.7215	0.43	0.6	1
76.5086	0.4	0.7	1
92.5691	0.64	0.1	1
108.903	0.58	0.1	1
127.9103	0.32	1.0	1
149.591	0.33	1.0	1
171.8117	0.48	0.2	1
195.3724	0.52	0.5	1
220.0065	0.5	0.4	1
247.04729999999998	0.36	0.9	1
276.76149999999996	0.32	1.0	1
309.1491	0.34	1.0	1
343.41009999999994	0.41	0.7	1
380.07779999999997	0.32	0.9	1
418.3522	0.4	0.6	1
458.5	0.44	0.7	1
499.1878	0.52	0.2	1
541.4823	0.39	0.6	1
586.7168	0.29	1.1	1
633.2913000000001	0.53	0.5	1
681.2058000000001	0.45	0.5	1
730.1937	0.45	0.4	1
779.7216000000001	0.58	0.2	1
830.1229000000001	0.39	0.7	1
882.3976	0.39	0.7	1
937.3457	0.3	1.0	1
992.8338	0.59	0.2	1
1049.9286	0.31	0.6	1
1108.3634	0.45	0.5	1
1169.2049	0.32	0.9	1
1232.9864	0.3	1.1	1
1298.6413	0.37	0.7	1
1366.4362	0.37	0.8	1
1437.4378000000002	0.29	1.2	1
1509.7794000000001	0.51	0.5	1
1583.9944	0.4	0.7	1
1659.8161	0.43	0.6	1
1737.2445	0.37	0.6	1
1816.8129	0.34	0.8	1
1897.7213	0.51	0.5	1
1980.7696999999998	0.37	0.8	1
2065.6915	0.38	0.7	1
2153.02	0.33	0.9	1
2242.2219	0.39	0.7	1
2334.6305	0.29	1.2	1
2428.9125000000004	0.34	0.7	1
2524.8012000000003	0.38	0.6	1
2622.2966	0.45	0.6	1
2721.3987	0.4	0.6	1
2822.1075	0.42	0.6	1
2924.1563	0.52	0.5	1
3026.2785	0.61	0.4	1
3129.7407	0.45	0.5	1
3235.3428999999996	0.4	0.8	1
3343.0851	0.38	0.8	1
3452.7007	0.35	0.7	1
3565.7897	0.27	1.3	1
3680.7520999999997	0.42	0.7	1
3797.3212	0.43	0.6	1
3916.5636999999997	0.35	1.0	1
4038.7461999999996	0.29	1.1	1
4162.8021	0.4	0.7	1
4289.5314	0.31	1.0	1
4418.1341	0.44	0.7	1
4549.9435	0.27	1.2	1
4684.1596	0.36	0.9	1
4819.4491	0.59	0.4	1
4956.0786	0.51	0.5	1
5095.648099999999	0.29	1.1	1
5237.891	0.33	1.0	1
5383.3405999999995	0.31	1.2	1
5533.0635999999995	0.23	1.6	1
5683.0599999999995	0.76	0.1	1
5834.6631	0.49	0.6	1
5988.6729	0.36	0.9	1
6144.8227	0.38	0.8	1
6302.5792	0.37	0.6	1
6462.2091	0.38	0.7	1
6622.379	0.54	0.2	1
6783.8889	0.49	0.5	1
6949.1388	0.26	1.4	1
7115.7287	0.55	0.5	1
7285.7919999999995	0.27	1.3	1
7457.195299999999	0.46	0.5	1
7630.2053	0.45	0.6	1
7804.821999999999	0.46	0.6	1
7981.312099999999	0.4	0.7	1
8159.6756	0.39	0.7	1
8339.9125	0.35	0.7	1
8523.0894	0.3	1.1	1
8707.606300000001	0.48	0.5	1
8895.5966	0.26	1.3	1
9085.1936	0.45	0.6	1
9276.1306	0.53	0.5	1
9468.941	0.43	0.7	1
9664.4248	0.34	1.0	1
9862.848600000001	0.29	1.1	1
10064.2124	0.32	1.1	1
10268.249600000001	0.28	1.0	1
10474.1602	0.42	0.7	1
10681.9442	0.42	0.7	1
10892.1349	0.35	0.9	1
11105.265599999999	0.27	1.1	1
11320.536299999998	0.39	0.8	1
11538.480399999999	0.33	1.0	1
11758.297899999998	0.43	0.7	1
11980.522099999998	0.38	0.9	1
12205.952999999998	0.31	1.2	1
12432.457299999998	0.49	0.4	1
12660.568299999999	0.46	0.6	1
12892.152699999999	0.25	1.3	1
13125.077099999999	0.46	0.5	1
13358.874899999999	0.42	0.7	1
13595.079399999999	0.34	0.9	1
13834.4906	0.3	1.2	1
14076.041799999999	0.4	0.8	1
14319.4664	0.4	0.7	1
14564.7644	0.39	0.7	1
14811.1358	0.55	0.4	1
15059.6472	0.38	0.8	1
15311.632	0.3	1.3	1
15566.2902	0.33	1.0	1
15824.6884	0.28	1.4	1
16085.226599999998	0.35	0.8	1
16348.704799999998	0.31	1.1	1
16614.056399999998	0.35	0.7	1
16881.014699999996	0.36	0.6	1
17149.846399999995	0.41	0.7	1
17420.018099999994	0.45	0.5	1
17693.396499999995	0.28	1.2	1
17969.981599999996	0.29	1.2	1
18249.240099999995	0.28	1.0	1
18530.371999999996	0.4	0.7	1
18812.577299999997	0.52	0.4	1
19097.1893	0.38	0.9	1
