1.34	0.11	0.5	1
1.6134	0.94	0.1	1
2.6935	0.12	0.3	1
4.580299999999999	0.12	0.3	1
6.186999999999999	0.58	0.6	1
9.4004	0.54	0.6	1
14.4872	0.51	0.7	1
16.093899999999998	0.33	0.6	1
19.307299999999998	0.32	0.6	1
23.594099999999997	0.69	0.4	1
24.934099999999997	0.9	0.5	1
26.007499999999997	0.9	0.4	1
28.154299999999996	0.96	0.4	1
30.027699999999996	0.45	0.7	1
31.101099999999995	0.52	0.4	1
33.247899999999994	0.55	0.4	1
34.321299999999994	0.44	0.4	1
36.7347	0.38	0.5	1
38.34139999999999	0.8	0.6	1
39.6814	0.74	0.5	1
42.0948	0.86	0.4	1
45.5816	0.95	0.4	1
50.4084	0.8	0.5	1
56.5752	0.76	0.5	1
64.08200000000001	0.82	0.5	1
72.92880000000001	0.84	0.5	1
82.84900000000002	0.88	0.4	1
94.10920000000002	0.77	0.5	1
106.70940000000002	0.8	0.5	1
120.64960000000002	0.8	0.5	1
121.98960000000002	1.0	0.5	1
124.66960000000003	0.98	0.5	1
128.68960000000004	0.99	0.5	1
130.56300000000005	0.31	0.7	1
131.90300000000005	1.0	0.5	1
134.58300000000006	1.0	0.5	1
138.60300000000007	0.94	0.5	1
143.96300000000008	1.0	0.5	1
150.66300000000007	0.97	0.5	1
158.70300000000006	1.0	0.5	1
167.81640000000007	1.0	0.4	1
178.26980000000006	0.99	0.5	1
190.06320000000005	0.95	0.5	1
203.19660000000005	0.94	0.5	1
217.67000000000004	1.0	0.5	1
233.48340000000005	0.97	0.5	1
249.37020000000004	0.99	0.4	1
266.33040000000005	1.0	0.4	1
284.6306000000001	1.0	0.5	1
304.27080000000007	0.98	0.5	1
324.98440000000005	0.97	0.4	1
346.7714	0.97	0.4	1
369.89840000000004	0.98	0.5	1
394.09880000000004	1.0	0.4	1
419.37260000000003	0.99	0.4	1
445.7198	0.97	0.4	1
473.1404	0.93	0.4	1
501.901	1.0	0.5	1
531.735	0.96	0.4	1
562.909	0.94	0.5	1
595.1564	0.97	0.4	1
628.4771999999999	0.97	0.4	1
663.1379999999999	0.96	0.5	1
698.8721999999999	1.0	0.4	1
735.6797999999999	1.0	0.4	1
773.5607999999999	0.95	0.4	1
812.5151999999998	1.0	0.4	1
852.8095999999998	0.94	0.5	1
888.9773999999998	0.99	0.7	1
927.0185999999998	0.98	0.7	1
928.3585999999998	0.94	0.5	1
929.9652999999998	0.29	0.6	1
932.9119999999998	0.93	0.5	1
936.9320999999998	0.32	0.4	1
942.8255999999998	0.34	0.7	1
950.5924999999997	0.81	0.7	1
959.6993999999997	0.5	0.5	1
969.8796999999997	0.32	0.4	1
981.6666999999998	0.31	0.6	1
995.0603999999997	0.81	0.6	1
1010.3274999999998	0.24	0.7	1
1027.4679999999998	0.36	0.7	1
1045.9484999999997	0.38	0.5	1
1065.5023999999999	0.71	0.4	1
1086.6629999999998	0.86	0.6	1
1109.697	0.37	0.7	1
1134.6044	0.2	0.7	1
1160.8518	0.26	0.5	1
1188.9725999999998	0.23	0.7	1
1218.4334	0.86	0.5	1
1248.9676	0.96	0.4	1
1281.1085	0.21	0.6	1
1314.5894	0.97	0.5	1
1349.4103	0.83	0.5	1
1385.5712	0.85	0.5	1
1423.0721	0.3	0.5	1
1461.913	0.92	0.5	1
1502.3606	0.28	0.6	1
1544.1482	0.88	0.5	1
1587.0092000000002	0.23	0.4	1
1631.2102000000002	0.9	0.5	1
1676.4846000000002	0.98	0.4	1
1723.3657000000003	0.26	0.6	1
1772.1202000000003	0.17	0.7	1
1822.4814000000003	0.27	0.6	1
1873.9160000000004	0.35	0.4	1
1926.4240000000004	0.34	0.4	1
1980.2720000000004	0.94	0.5	1
2035.7267000000004	0.23	0.6	1
2092.5214000000005	0.29	0.5	1
2150.9228000000007	0.92	0.6	1
2210.6642000000006	0.26	0.5	1
2272.012300000001	0.24	0.6	1
2334.9671000000008	0.82	0.6	1
2399.261900000001	0.3	0.5	1
2464.8967000000007	0.28	0.5	1
2532.404900000001	0.69	0.7	1
2600.986500000001	0.35	0.4	1
2670.641500000001	0.35	0.4	1
2742.1699000000012	0.22	0.7	1
2815.038300000001	0.53	0.5	1
2889.246700000001	0.51	0.5	1
2965.061800000001	0.27	0.6	1
3042.483600000001	0.38	0.6	1
3120.978800000001	0.34	0.4	1
3200.8140000000008	0.28	0.5	1
3281.722600000001	0.71	0.4	1
3363.704600000001	0.33	0.4	1
3447.026600000001	0.96	0.5	1
3531.688600000001	0.59	0.5	1
3618.224000000001	0.23	0.7	1
3706.099400000001	0.88	0.5	1
3795.314800000001	0.27	0.5	1
3886.136900000001	0.79	0.6	1
3978.299000000001	0.33	0.5	1
4072.334500000001	0.23	0.7	1
4167.976700000001	0.83	0.6	1
4264.958900000001	0.29	0.5	1
4363.547800000001	0.85	0.6	1
4463.743400000001	0.27	0.6	1
4565.279000000001	0.93	0.5	1
4668.154600000002	0.29	0.5	1
4771.9036000000015	0.17	0.7	1
4877.2593000000015	0.41	0.6	1
4983.955000000002	0.26	0.5	1
5091.724100000002	0.33	0.4	1
5200.833200000002	0.26	0.5	1
5311.549000000002	0.43	0.6	1
5424.138200000002	0.25	0.7	1
5538.600800000002	0.33	0.7	1
5654.936800000002	0.36	0.7	1
5773.146200000002	0.34	0.7	1
5893.229000000002	0.39	0.7	1
6015.185200000002	0.39	0.7	1
6139.014800000002	0.24	0.7	1
6264.451100000002	0.53	0.6	1
6390.960800000002	0.33	0.4	1
6519.343900000002	0.29	0.7	1
6649.600400000002	0.38	0.7	1
6781.730300000002	0.4	0.7	1
6915.466900000002	0.26	0.6	1
7049.810200000002	0.33	0.6	1
7186.026900000002	0.31	0.7	1
7324.117000000002	0.3	0.7	1
7463.280500000002	0.25	0.4	1
7604.317400000002	0.28	0.7	1
7746.427700000002	0.24	0.4	1
7889.878000000002	0.2	0.5	1
8034.401700000002	0.21	0.4	1
8180.265400000002	0.23	0.5	1
8328.002500000002	0.17	0.7	1
8477.079600000003	0.29	0.5	1
8628.030100000004	0.18	0.7	1
8780.587300000003	0.19	0.6	1
8934.217900000003	0.37	0.4	1
9089.455200000004	0.18	0.6	1
9245.765900000004	0.32	0.4	1
9403.150000000003	0.22	0.4	1
9562.140800000003	0.32	0.6	1
9722.738300000003	0.22	0.6	1
9885.209200000003	0.19	0.7	1
10049.286800000003	0.21	0.6	1
10214.971100000004	0.14	0.6	1
10382.528800000004	0.18	0.7	1
10551.426500000003	0.16	0.5	1
10721.397600000004	0.33	0.4	1
10893.242100000003	0.17	0.7	1
11066.693300000003	0.2	0.6	1
11241.484500000002	0.28	0.5	1
11418.149100000002	0.18	0.7	1
11596.420400000003	0.23	0.6	1
11776.298400000003	0.19	0.6	1
11957.049800000003	0.16	0.7	1
12139.674600000002	0.29	0.7	1
12323.906100000002	0.15	0.6	1
12509.477600000002	0.18	0.5	1
12696.922500000002	0.21	0.7	1
12886.240800000003	0.24	0.7	1
13077.432500000003	0.21	0.7	1
13269.964200000002	0.21	0.5	1
13463.835900000002	0.14	0.5	1
13659.314300000002	0.18	0.6	1
13856.666100000002	0.23	0.7	1
14055.624600000003	0.14	0.6	1
14256.456500000002	0.12	0.7	1
14458.628400000001	0.22	0.5	1
14662.140300000001	0.15	0.5	1
14867.2589	0.11	0.6	1
15073.9842	0.21	0.6	1
15282.316200000001	0.18	0.6	1
15492.254900000002	0.19	0.6	1
15703.533600000002	0.22	0.5	1
15916.152300000002	0.16	0.5	1
16130.377700000001	0.18	0.6	1
16345.9431	0.13	0.5	1
16563.3819	0.16	0.7	1
16782.6941	0.22	0.7	1
17003.079700000002	0.14	0.4	1
17225.3387	0.19	0.7	1
17448.9377	0.23	0.5	1
17673.876699999997	0.16	0.5	1
17900.422399999996	0.2	0.6	1
18128.041499999996	0.16	0.4	1
18357.533999999996	0.23	0.7	1
18588.899899999997	0.13	0.7	1
18821.339199999995	0.2	0.4	1
19055.118499999993	0.22	0.5	1
19290.771199999992	0.12	0.7	1
19528.29729999999	0.26	0.7	1
19767.69679999999	0.15	0.7	1
20008.70299999999	0.18	0.6	1
20251.04919999999	0.12	0.5	1
20495.00209999999	0.18	0.6	1
20740.29499999999	0.21	0.5	1
20987.46129999999	0.21	0.7	1
21235.70099999999	0.19	0.4	1
21485.28069999999	0.12	0.5	1
21736.733799999987	0.16	0.7	1
21989.793599999986	0.14	0.6	1
22244.460099999986	0.12	0.6	1
22500.466599999985	0.2	0.5	1
22758.346499999985	0.19	0.7	1
23016.566399999985	0.3	0.5	1
23276.392999999985	0.23	0.6	1
23538.092999999986	0.14	0.7	1
23801.399699999987	0.13	0.6	1
24066.31309999999	0.24	0.6	1
24332.56649999999	0.13	0.5	1
24600.69329999999	0.24	0.7	1
24869.89349999999	0.17	0.4	1
25140.96709999999	0.23	0.7	1
25413.11409999999	0.18	0.4	1
25686.867799999993	0.13	0.6	1
25961.69489999999	0.21	0.4	1
26238.12869999999	0.26	0.6	1
26515.90249999999	0.22	0.5	1
26795.01629999999	0.15	0.5	1
27075.736799999988	0.19	0.6	1
27357.797299999987	0.13	0.5	1
27641.464499999987	0.28	0.6	1
27927.005099999988	0.3	0.7	1
28214.41909999999	0.21	0.7	1
28503.43979999999	0.13	0.6	1
28793.80049999999	0.14	0.5	1
29086.03459999999	0.27	0.7	1
29379.608699999993	0.24	0.5	1
29674.256199999993	0.34	0.4	1
29970.510399999992	0.13	0.6	1
30268.10459999999	0.16	0.5	1
30567.30549999999	0.14	0.6	1
30868.11309999999	0.13	0.6	1
31169.994099999993	0.31	0.4	1
31473.748499999994	0.12	0.7	1
31779.376299999993	0.13	0.7	1
32086.077499999992	0.38	0.4	1
32394.11869999999	0.22	0.5	1
32704.033299999992	0.28	0.7	1
33015.82129999999	0.15	0.7	1
33328.949299999986	0.13	0.5	1
33643.68399999999	0.18	0.6	1
33959.758699999984	0.15	0.5	1
34277.173399999985	0.14	0.5	1
34596.19479999998	0.23	0.6	1
34916.822899999985	0.15	0.6	1
35239.05769999998	0.13	0.6	1
35562.899199999985	0.2	0.6	1
35888.614099999984	0.16	0.7	1
36215.93569999999	0.15	0.6	1
36544.59729999999	0.13	0.5	1
36874.33229999999	0.35	0.4	1
37205.673999999985	0.12	0.6	1
37538.08909999998	0.16	0.4	1
37872.110899999985	0.27	0.6	1
38207.739399999984	0.12	0.6	1
38544.441299999984	0.3	0.4	1
38882.216599999985	0.14	0.4	1
39221.33189999998	0.17	0.5	1
39561.787199999984	0.2	0.5	1
39903.84919999998	0.13	0.6	1
40247.251199999984	0.12	0.5	1
40592.25989999998	0.14	0.6	1
40938.608599999985	0.15	0.5	1
41286.03069999999	0.16	0.4	1
41634.79279999999	0.12	0.5	1
41985.161599999985	0.4	0.6	1
42336.60379999998	0.16	0.4	1
42689.385999999984	0.14	0.5	1
43044.04159999998	0.1	0.7	1
43400.037199999984	0.16	0.5	1
43757.90619999998	0.26	0.7	1
44117.381899999986	0.21	0.6	1
44478.464299999985	0.2	0.6	1
44841.15339999999	0.17	0.6	1
45205.44919999999	0.13	0.6	1
45571.351699999985	0.12	0.6	1
45939.127599999985	0.19	0.7	1
46308.77689999998	0.25	0.7	1
46680.032899999984	0.11	0.6	1
47052.89559999998	0.15	0.6	1
47427.63169999998	0.29	0.7	1
47803.97449999998	0.12	0.6	1
48181.923999999985	0.14	0.6	1
48560.94689999999	0.2	0.4	1
48941.84319999999	0.14	0.7	1
49323.81289999999	0.15	0.4	1
49707.38929999999	0.27	0.6	1
50092.83909999999	0.32	0.7	1
50479.89559999999	0.14	0.6	1
50868.55879999999	0.26	0.6	1
51258.82869999999	0.13	0.6	1
51650.705299999994	0.12	0.6	1
52043.921899999994	0.13	0.5	1
52432.74519999999	0.46	0.6	1
52654.44189999999	0.99	0.7	1
52877.21199999999	0.98	0.4	1
52973.32209999999	0.41	0.5	1
53071.03889999999	0.37	0.6	1
53170.09569999999	0.41	0.5	1
53270.22589999999	0.44	0.4	1
53371.962799999994	0.39	0.6	1
53475.306399999994	0.32	0.6	1
53579.98999999999	0.35	0.5	1
53686.01359999999	0.45	0.5	1
53793.64389999999	0.35	0.6	1
53902.34759999999	0.46	0.4	1
54012.39129999999	0.4	0.5	1
54124.04169999999	0.39	0.6	1
54237.29879999999	0.36	0.6	1
54352.16259999999	0.35	0.6	1
54468.36639999999	0.39	0.5	1
54586.17689999999	0.36	0.6	1
54705.327399999995	0.41	0.5	1
54826.084599999995	0.34	0.6	1
54948.18179999999	0.42	0.5	1
55071.88569999999	0.33	0.6	1
55197.19629999999	0.36	0.6	1
55324.11359999999	0.36	0.6	1
55452.37089999999	0.41	0.5	1
55581.96819999999	0.38	0.5	1
55712.905499999986	0.33	0.5	1
55845.18279999999	0.44	0.5	1
55978.800099999986	0.4	0.5	1
56113.75739999999	0.41	0.5	1
56250.054699999986	0.38	0.5	1
56387.69199999999	0.41	0.5	1
56526.66929999999	0.4	0.5	1
56667.25329999999	0.37	0.6	1
56809.44399999999	0.38	0.6	1
56953.24139999999	0.35	0.6	1
57098.64549999999	0.33	0.6	1
57245.389599999995	0.38	0.5	1
57393.473699999995	0.42	0.5	1
57542.89779999999	0.44	0.5	1
57693.92859999999	0.35	0.6	1
57846.56609999999	0.34	0.6	1
58000.54359999999	0.36	0.5	1
58156.12779999999	0.33	0.6	1
58313.58539999999	0.29	0.7	1
58472.64969999999	0.36	0.6	1
58473.989699999984	0.08	0.5	1
58475.86309999998	0.83	0.7	1
58479.60989999998	0.79	0.7	1
58480.94989999998	0.48	0.5	1
58483.363299999975	0.53	0.4	1
58487.11669999998	0.48	0.5	1
58492.476799999975	0.42	0.6	1
58499.17689999998	0.5	0.5	1
58500.51689999997	0.34	0.5	1
58503.730299999974	0.26	0.7	1
58505.33699999997	0.55	0.6	1
58508.55039999997	0.53	0.6	1
58513.63719999997	0.48	0.7	1
58520.59739999997	0.47	0.7	1
58529.43099999997	0.53	0.7	1
58540.13799999997	0.48	0.7	1
58552.45169999997	0.57	0.6	1
58566.63879999997	0.5	0.7	1
58567.71219999997	0.26	0.4	1
58569.858999999975	0.25	0.4	1
58573.07919999998	0.77	0.4	1
58577.63939999998	0.8	0.5	1
58579.246099999975	0.88	0.6	1
58580.85279999997	0.81	0.6	1
58582.45949999997	0.71	0.6	1
58585.67289999997	0.66	0.6	1
58590.492999999966	0.7	0.6	1
58596.91979999997	0.69	0.6	1
58604.953299999965	0.7	0.6	1
58614.593499999966	0.72	0.6	1
58625.573699999964	0.8	0.5	1
58638.42729999997	0.69	0.7	1
58652.887599999965	0.7	0.6	1
58668.95459999997	0.69	0.6	1
58686.62829999997	0.67	0.6	1
58705.90869999997	0.66	0.6	1
58726.79579999997	0.73	0.6	1
58749.28959999997	0.7	0.6	1
58773.39009999997	0.68	0.6	1
58799.097299999965	0.67	0.6	1
58826.411199999966	0.72	0.6	1
58855.33179999996	0.66	0.6	1
58885.859099999965	0.7	0.6	1
58917.99309999996	0.69	0.6	1
58919.066499999964	0.84	0.4	1
58921.47989999996	0.84	0.5	1
58922.55329999996	0.6	0.4	1
58923.626699999964	0.52	0.4	1
58925.77349999997	0.48	0.4	1
58928.99369999997	0.51	0.4	1
58933.28729999997	0.51	0.4	1
58938.654299999966	0.45	0.4	1
58940.52769999996	0.9	0.7	1
58944.27449999996	0.97	0.7	1
58945.347899999964	0.22	0.4	1
58946.68789999996	0.11	0.5	1
58949.36789999996	0.1	0.5	1
58953.38789999996	0.11	0.5	1
58954.994599999955	0.54	0.6	1
58958.207999999955	0.47	0.6	1
58962.76139999995	0.59	0.5	1
58968.65479999995	0.56	0.5	1
58972.15489999995	0.45	0.6	1
58977.26169999995	0.47	0.6	1
58978.33509999995	0.52	0.4	1
58979.408499999954	0.66	0.4	1
58981.82189999995	0.5	0.5	1
58986.10869999995	0.69	0.7	1
58991.468899999956	0.66	0.4	1
58998.435799999956	0.74	0.6	1
59007.27609999996	0.63	0.7	1
59017.18979999996	0.56	0.4	1
59028.97689999996	0.64	0.7	1
59041.83739999996	0.52	0.4	1
59056.57129999996	0.66	0.7	1
59071.37859999996	0.72	0.4	1
59088.05929999996	0.7	0.7	1
59106.61339999996	0.58	0.7	1
59126.507499999956	0.51	0.5	1
59147.474999999955	0.43	0.4	1
59170.31589999996	0.69	0.7	1
59195.03019999996	0.62	0.7	1
59221.617899999954	0.63	0.7	1
59248.078999999954	0.6	0.7	1
59275.41349999995	0.65	0.7	1
59276.48689999995	0.1	0.4	1
59278.633699999955	0.27	0.4	1
59281.85389999996	0.28	0.4	1
59286.147499999955	0.2	0.4	1
59291.514499999954	0.21	0.4	1
59297.95489999995	0.09	0.4	1
59305.468699999954	0.29	0.4	1
59314.055899999956	0.25	0.4	1
59323.71649999996	0.5	0.4	1
59334.450499999955	0.2	0.4	1
59335.79049999995	0.52	0.5	1
59338.47049999995	0.56	0.5	1
59342.22389999995	0.58	0.4	1
59347.31729999995	0.54	0.5	1
59353.75069999995	0.52	0.5	1
59361.257499999956	0.55	0.4	1
59370.637699999956	0.46	0.7	1
59381.35789999996	0.47	0.5	1
59393.151499999956	0.55	0.4	1
59406.81849999996	0.47	0.7	1
59422.092199999955	0.47	0.6	1
59438.97259999996	0.53	0.6	1
59440.579299999954	0.6	0.6	1
59441.91929999995	0.15	0.5	1
59443.25929999995	0.93	0.5	1
59445.93929999995	0.81	0.5	1
59450.225999999944	0.73	0.6	1
59456.386099999945	0.27	0.7	1
59464.41959999994	0.62	0.7	1
59474.059799999945	0.69	0.6	1
59485.30669999994	0.69	0.6	1
59498.426999999945	0.66	0.7	1
59513.153999999944	0.72	0.6	1
59529.75439999995	0.66	0.7	1
59547.69479999995	0.89	0.5	1
59567.24189999995	0.42	0.6	1
59588.39569999995	0.71	0.6	1
59610.88949999995	0.91	0.5	1
59634.98999999995	0.29	0.6	1
59660.697199999944	0.74	0.6	1
59688.277799999945	0.59	0.7	1
59717.46509999994	0.7	0.6	1
59748.259099999945	0.66	0.6	1
59780.65979999994	0.69	0.6	1
59814.667199999945	0.39	0.6	1
59850.014599999944	0.77	0.5	1
59886.96869999995	0.81	0.6	1
59925.262799999946	0.78	0.5	1
59964.89689999995	0.6	0.5	1
60006.13769999995	0.71	0.6	1
60048.71849999995	0.77	0.5	1
60092.63929999995	0.77	0.5	1
60137.90009999995	0.58	0.5	1
60184.76759999995	0.71	0.6	1
60232.975099999945	0.81	0.5	1
60282.789299999946	0.67	0.6	1
60333.94349999994	0.74	0.5	1
60386.437699999944	0.79	0.5	1
60440.27189999994	0.78	0.5	1
60495.97949999994	0.68	0.7	1
60553.29379999994	0.7	0.6	1
60612.48149999994	0.26	0.7	1
60673.00919999994	0.79	0.5	1
60734.876899999945	0.76	0.5	1
60798.084599999944	0.73	0.5	1
60862.63229999995	0.35	0.5	1
60928.786699999946	0.74	0.6	1
60996.54779999995	0.28	0.6	1
61065.64889999995	0.87	0.5	1
61136.356699999946	0.72	0.6	1
61208.671199999946	0.73	0.6	1
61282.59239999994	0.71	0.6	1
61357.853599999944	0.99	0.5	1
61359.19359999994	0.85	0.5	1
61361.87359999994	0.78	0.5	1
61365.62699999994	0.81	0.4	1
61370.453799999945	0.78	0.4	1
61376.35399999994	0.85	0.4	1
61383.32759999994	0.8	0.4	1
61391.64119999994	0.8	0.5	1
61401.29479999994	0.77	0.5	1
61412.28839999994	0.79	0.5	1
61424.35539999994	0.78	0.4	1
61437.76239999994	0.86	0.5	1
61452.509399999944	0.79	0.5	1
61468.32979999994	0.77	0.4	1
61485.49019999994	0.76	0.5	1
61503.723999999944	0.82	0.4	1
61520.03119999995	0.97	0.4	1
61521.63789999994	0.74	0.6	1
61524.851299999944	0.8	0.6	1
61529.93809999994	0.73	0.7	1
61536.63159999994	0.79	0.6	1
61544.93179999994	0.79	0.6	1
61555.10539999994	0.78	0.7	1
61567.15239999994	0.75	0.7	1
61581.07279999994	0.77	0.7	1
61596.59989999994	0.77	0.6	1
61614.000399999946	0.72	0.7	1
61633.27429999995	0.71	0.7	1
61654.42159999994	0.79	0.7	1
61677.442299999944	0.72	0.7	1
61702.06969999994	0.77	0.6	1
61728.57049999994	0.72	0.7	1
61756.67799999994	0.75	0.6	1
61786.658899999944	0.69	0.7	1
61818.51319999994	0.71	0.7	1
61852.240899999946	0.73	0.7	1
61887.841999999946	0.76	0.7	1
61925.04979999994	0.76	0.6	1
61964.13099999994	0.72	0.7	1
62005.08559999994	0.78	0.7	1
62047.91359999994	0.71	0.7	1
62092.61499999994	0.71	0.7	1
62139.18979999994	0.72	0.7	1
62187.37129999994	0.74	0.6	1
62237.42619999994	0.72	0.7	1
62289.08779999994	0.79	0.6	1
62342.62279999995	0.7	0.7	1
62398.03119999995	0.73	0.7	1
62455.04629999994	0.77	0.6	1
62513.668099999944	0.79	0.6	1
62573.89659999994	0.74	0.6	1
62635.99849999994	0.74	0.7	1
62699.97379999994	0.75	0.7	1
62765.822499999944	0.76	0.7	1
62833.54459999994	0.75	0.7	1
62903.140099999946	0.71	0.7	1
62974.342299999946	0.77	0.6	1
63047.41789999994	0.73	0.7	1
63122.36689999994	0.74	0.7	1
63198.92259999994	0.74	0.6	1
63276.35169999994	0.72	0.7	1
63277.42509999994	0.23	0.4	1
63279.571899999944	0.25	0.4	1
63282.79209999995	0.25	0.4	1
63287.085699999945	0.24	0.4	1
63292.45269999994	0.5	0.4	1
63298.89309999994	0.26	0.4	1
63303.940199999946	0.18	0.6	1
63305.54689999994	0.07	0.6	1
63308.76029999994	0.05	0.6	1
63313.58039999994	0.08	0.6	1
63320.00719999994	0.1	0.6	1
63321.61389999994	0.41	0.6	1
63324.82729999994	0.45	0.6	1
63329.647399999936	0.44	0.6	1
63336.07419999994	0.47	0.6	1
63344.107699999935	0.45	0.6	1
63353.74789999994	0.42	0.6	1
63364.994799999935	0.45	0.6	1
63366.86819999993	0.69	0.7	1
63370.61499999993	0.63	0.7	1
63376.23519999993	0.67	0.7	1
63383.46209999993	0.65	0.6	1
63392.29569999993	0.63	0.6	1
63403.00269999993	0.66	0.7	1
63415.31639999993	0.68	0.6	1
63429.23679999993	0.58	0.6	1
63444.76389999993	0.65	0.6	1
63462.164399999936	0.64	0.7	1
63481.171599999936	0.66	0.6	1
63502.05219999993	0.63	0.7	1
63524.80619999993	0.61	0.7	1
63549.16689999993	0.66	0.6	1
63575.13429999993	0.63	0.6	1
63602.70839999993	0.65	0.6	1
63631.88919999993	0.73	0.6	1
63662.67669999993	0.61	0.6	1
63695.33759999993	0.68	0.7	1
63729.87189999993	0.66	0.7	1
63766.012899999936	0.72	0.6	1
63804.027299999936	0.65	0.7	1
63843.91509999993	0.66	0.7	1
63885.40959999993	0.68	0.6	1
63928.51079999993	0.61	0.6	1
63973.48539999993	0.61	0.7	1
64020.33339999993	0.59	0.7	1
64068.78809999993	0.63	0.6	1
64118.84949999993	0.73	0.6	1
64170.25089999993	0.64	0.5	1
64223.25899999993	0.63	0.6	1
64278.140499999936	0.68	0.7	1
64334.895399999936	0.65	0.7	1
64393.52369999993	0.67	0.7	1
64454.02539999993	0.65	0.7	1
64516.13379999993	0.68	0.6	1
64580.11559999993	0.67	0.7	1
64645.97079999993	0.64	0.7	1
64713.69939999993	0.65	0.7	1
64783.30139999993	0.66	0.7	1
64854.776799999934	0.69	0.7	1
64927.592199999934	0.75	0.5	1
65002.01429999994	0.71	0.6	1
65078.04309999994	0.6	0.6	1
65155.678599999934	0.65	0.6	1
65235.187499999935	0.61	0.7	1
65316.30309999993	0.68	0.6	1
65398.75869999993	0.71	0.5	1
65483.08769999993	0.59	0.7	1
65569.02339999993	0.59	0.6	1
65656.56579999994	0.67	0.6	1
65745.98159999994	0.63	0.7	1
65837.27079999994	0.66	0.7	1
65930.43339999994	0.64	0.7	1
66025.20269999994	0.6	0.6	1
66121.84539999993	0.68	0.7	1
66220.36149999993	0.67	0.7	1
66320.48429999992	0.7	0.6	1
66422.48049999992	0.62	0.7	1
66525.81669999992	0.69	0.5	1
66631.02629999992	0.63	0.7	1
66738.10929999992	0.61	0.7	1
66847.06569999992	0.68	0.7	1
66957.89549999993	0.65	0.7	1
67070.59869999993	0.66	0.7	1
67184.90859999992	0.73	0.6	1
67301.09189999993	0.66	0.7	1
67419.14859999993	0.68	0.7	1
67538.54529999993	0.67	0.5	1
67659.81539999992	0.63	0.7	1
67782.69219999992	0.67	0.6	1
67905.90899999991	1.0	0.5	1
68030.46579999992	0.98	0.5	1
68156.36259999992	0.99	0.5	1
68283.86609999993	0.88	0.6	1
68412.70959999993	0.95	0.5	1
68542.89309999993	0.98	0.5	1
68674.41659999992	0.96	0.5	1
68807.28009999993	0.96	0.5	1
68941.48359999993	0.96	0.5	1
69077.02709999993	0.96	0.5	1
69213.91059999993	0.92	0.5	1
69336.13409999992	0.89	0.5	1
69459.43099999992	0.89	0.4	1
69490.33459999993	0.49	0.6	1
69522.57819999993	0.92	0.5	1
69556.42849999994	0.48	0.6	1
69591.35219999994	0.81	0.4	1
69627.34929999993	0.9	0.4	1
69664.95309999993	0.53	0.6	1
69704.16359999993	0.54	0.6	1
69744.44749999992	0.88	0.4	1
69786.33809999992	0.5	0.6	1
69829.83539999992	0.49	0.6	1
69874.40609999992	0.85	0.4	1
69920.05019999993	0.85	0.4	1
69967.30099999992	0.48	0.6	1
70015.62519999992	0.8	0.4	1
70065.55609999993	0.49	0.6	1
70116.56039999993	0.8	0.4	1
70168.63809999992	0.8	0.4	1
70221.78919999993	0.84	0.4	1
70276.01369999992	0.71	0.4	1
70331.57819999992	0.78	0.5	1
70388.21609999992	0.8	0.4	1
70446.46069999992	0.47	0.6	1
70506.31199999992	0.48	0.6	1
70567.23669999992	0.85	0.4	1
70629.23479999992	0.73	0.4	1
70692.83959999992	0.47	0.6	1
70757.51779999991	0.75	0.4	1
70823.53599999992	0.48	0.5	1
70891.16089999992	0.54	0.6	1
70959.85919999992	0.86	0.4	1
71029.89749999992	0.84	0.5	1
71101.00919999991	0.78	0.4	1
71173.19429999992	0.91	0.4	1
71246.45279999991	0.86	0.4	1
71320.78469999992	0.86	0.4	1
71396.45659999992	0.52	0.5	1
71472.20189999991	0.87	0.4	1
71495.02059999992	0.64	0.4	1
71518.91269999991	0.59	0.4	1
71543.87819999992	0.59	0.4	1
71569.91709999992	0.54	0.4	1
71597.02939999991	0.6	0.4	1
71625.21509999991	0.61	0.4	1
71654.47419999991	0.58	0.4	1
71684.80669999991	0.66	0.4	1
71716.21259999991	0.61	0.4	1
71748.69189999992	0.52	0.4	1
71782.24459999992	0.53	0.4	1
71816.87069999991	0.51	0.4	1
71852.57019999991	0.64	0.4	1
71889.34309999991	0.6	0.4	1
71927.18939999992	0.56	0.4	1
71966.10909999991	0.52	0.4	1
72006.10219999992	0.51	0.4	1
72047.16869999992	0.59	0.4	1
72089.30859999992	0.59	0.4	1
72132.52189999992	0.6	0.4	1
72176.80859999992	0.54	0.4	1
72222.16869999992	0.55	0.4	1
72268.60219999992	0.59	0.4	1
72316.37569999992	0.5	0.5	1
72317.98239999992	0.79	0.6	1
72321.46249999992	0.65	0.7	1
72326.81599999992	0.7	0.7	1
72333.77619999992	0.72	0.6	1
72342.60979999992	0.72	0.7	1
72353.31679999991	0.92	0.7	1
72365.63049999991	0.76	0.6	1
72379.81759999991	0.74	0.7	1
72395.87809999991	0.8	0.7	1
72413.81199999992	0.83	0.7	1
72433.35259999991	0.77	0.6	1
72453.96659999991	0.81	0.4	1
72476.45399999991	0.62	0.7	1
72500.8147999999	0.65	0.7	1
72526.7822999999	0.74	0.6	1
72553.82319999991	0.79	0.4	1
72582.73749999992	0.68	0.7	1
72613.52519999992	0.74	0.7	1
72645.91959999992	0.76	0.6	1
72679.92069999992	0.86	0.6	1
72715.79519999992	0.82	0.7	1
72753.54309999992	0.7	0.7	1
72792.89769999993	0.89	0.6	1
72833.85899999992	0.74	0.6	1
72876.42699999992	0.93	0.6	1
72920.86839999992	0.72	0.7	1
72966.91649999992	0.72	0.6	1
73014.57129999992	0.88	0.6	1
73063.83279999992	0.74	0.6	1
73114.96769999992	0.73	0.7	1
73167.97599999992	0.64	0.7	1
73222.59099999993	0.77	0.6	1
73279.07939999993	0.7	0.7	1
73337.44119999993	0.72	0.7	1
73397.67639999992	0.69	0.7	1
73459.78499999993	0.78	0.7	1
73523.76699999993	0.71	0.7	1
73589.35569999993	0.76	0.6	1
73656.81779999993	0.67	0.7	1
73726.15329999993	0.79	0.7	1
73778.56219999993	0.48	0.4	1
73832.04449999993	0.46	0.4	1
73886.86679999993	0.4	0.5	1
73942.76249999992	0.5	0.4	1
73999.73159999993	0.51	0.4	1
74057.77409999992	0.47	0.4	1
74116.88999999993	0.47	0.4	1
74177.07929999992	0.49	0.4	1
74238.34199999993	0.49	0.4	1
74300.67809999993	0.54	0.4	1
74364.08759999993	0.43	0.4	1
74428.57049999993	0.45	0.4	1
74494.12679999993	0.52	0.4	1
74560.75649999993	0.45	0.4	1
74628.45959999993	0.53	0.4	1
74697.23609999994	0.43	0.4	1
74698.30949999993	0.62	0.4	1
74700.45629999993	0.67	0.4	1
74704.20979999994	0.06	0.6	1
74709.56999999993	0.07	0.6	1
74716.53689999993	0.05	0.6	1
74725.11049999994	0.05	0.6	1
74735.29079999994	0.07	0.6	1
74746.54449999995	0.65	0.4	1
74759.40489999995	0.07	0.6	1
74773.33869999995	0.67	0.4	1
74788.34589999994	0.56	0.4	1
74804.95979999994	0.07	0.6	1
74823.18039999994	0.13	0.6	1
74842.47439999993	0.58	0.4	1
74863.37509999993	0.05	0.6	1
74885.88249999993	0.06	0.6	1
74909.99659999994	0.23	0.6	1
74935.71739999994	0.07	0.6	1
74963.04489999994	0.06	0.6	1
74991.44579999993	0.58	0.4	1
75021.45339999993	0.05	0.6	1
75053.06769999993	0.06	0.6	1
75085.75539999992	0.59	0.4	1
75120.04979999992	0.05	0.6	1
75155.95089999992	0.07	0.6	1
75192.92539999992	0.64	0.4	1
75230.97329999993	0.58	0.4	1
75270.62789999992	0.05	0.6	1
75311.35589999992	0.64	0.4	1
75353.69059999993	0.07	0.6	1
75354.76399999992	0.78	0.4	1
75356.10399999992	0.77	0.5	1
75358.78399999991	0.85	0.5	1
75361.53739999991	0.8	0.4	1
75365.36419999991	0.82	0.4	1
75370.53099999992	0.74	0.5	1
75372.40439999991	0.13	0.7	1
75374.27779999991	0.63	0.7	1
75377.75789999991	0.71	0.6	1
75382.84469999991	0.74	0.6	1
75383.91809999991	0.16	0.4	1
75385.2580999999	0.22	0.5	1
75387.1314999999	0.47	0.7	1
75390.6115999999	0.58	0.6	1
75395.9650999999	0.46	0.7	1
75402.9252999999	0.56	0.6	1
75411.7588999999	0.49	0.7	1
75412.83229999989	0.48	0.4	1
75414.9790999999	0.71	0.4	1
75418.4658999999	0.89	0.5	1
75423.82609999989	0.48	0.7	1
75430.2596999999	0.86	0.4	1
75438.0332999999	0.94	0.5	1
75447.68029999989	0.67	0.7	1
75459.20069999988	0.55	0.7	1
75471.79449999989	0.94	0.4	1
75486.26169999989	0.9	0.7	1
75502.06889999988	0.61	0.5	1
75519.48279999988	0.74	0.6	1
75538.77009999988	0.47	0.7	1
75559.66409999988	0.57	0.6	1
75582.16479999988	0.54	0.6	1
75606.00549999988	0.63	0.5	1
75631.71959999988	0.77	0.7	1
75659.04039999988	0.39	0.6	1
75687.96789999989	0.58	0.6	1
75717.96879999989	0.79	0.4	1
75749.84309999988	0.88	0.7	1
75783.59079999989	0.76	0.7	1
75819.2118999999	0.76	0.7	1
75856.7063999999	0.74	0.7	1
75896.07429999989	0.59	0.7	1
75937.04889999989	0.59	0.6	1
75979.6301999999	0.76	0.6	1
76024.0848999999	0.43	0.7	1
76025.1582999999	0.43	0.4	1
76026.23169999989	0.96	0.4	1
76028.64509999989	0.9	0.5	1
76029.98509999989	0.89	0.5	1
76032.3984999999	0.63	0.4	1
76036.1518999999	0.52	0.5	1
76040.97869999989	0.79	0.4	1
76046.8788999999	0.78	0.4	1
76047.95229999989	0.97	0.4	1
76049.29229999988	0.56	0.5	1
76051.16569999988	0.26	0.7	1
76054.11249999989	0.41	0.4	1
76058.13269999989	0.81	0.4	1
76063.22629999988	0.87	0.4	1
76069.65989999988	0.37	0.5	1
76077.16689999988	0.89	0.4	1
76086.01389999987	0.87	0.5	1
76095.93429999988	0.96	0.4	1
76106.92809999987	0.86	0.4	1
76119.26189999987	0.81	0.5	1
76120.33529999986	0.49	0.4	1
76121.48209999986	0.51	0.4	1
76123.70229999986	0.44	0.4	1
76126.99589999986	0.45	0.4	1
76131.36289999986	0.48	0.4	1
76135.80329999987	0.56	0.4	1
76141.31709999987	0.56	0.4	1
76147.90429999986	0.51	0.4	1
76155.83149999987	0.44	0.5	1
76164.83209999987	0.56	0.4	1
76174.90609999986	0.58	0.4	1
76186.05349999986	0.52	0.4	1
76198.27429999986	0.52	0.4	1
76211.56849999986	0.51	0.4	1
76225.93609999986	0.55	0.4	1
76241.37709999987	0.61	0.4	1
76257.89149999987	0.51	0.4	1
76275.47929999986	0.58	0.4	1
76294.14049999986	0.53	0.4	1
76313.87509999986	0.53	0.4	1
76334.68309999986	0.6	0.4	1
76356.56449999986	0.5	0.4	1
76379.51929999987	0.57	0.4	1
76403.54749999987	0.51	0.4	1
76428.64909999986	0.62	0.4	1
76453.82409999987	0.53	0.4	1
76480.07249999986	0.49	0.4	1
76507.39429999987	0.5	0.4	1
76535.78949999987	0.5	0.4	1
76565.52469999986	0.31	0.5	1
76596.33329999987	0.55	0.4	1
76628.21529999987	0.43	0.4	1
76661.17069999987	0.46	0.4	1
76695.19949999987	0.46	0.4	1
76730.56829999987	0.41	0.5	1
76767.01049999987	0.39	0.4	1
76804.52609999987	0.49	0.4	1
76843.11509999988	0.43	0.4	1
76882.77749999988	0.45	0.4	1
76923.51329999988	0.46	0.4	1
76965.32249999988	0.46	0.4	1
77008.20509999988	0.48	0.4	1
77052.16109999988	0.48	0.4	1
77097.19049999988	0.55	0.4	1
77143.29329999987	0.44	0.4	1
77190.73609999988	0.39	0.5	1
77239.25229999988	0.48	0.4	1
77288.84189999988	0.48	0.4	1
77339.50489999988	0.42	0.4	1
77391.24129999988	0.56	0.4	1
77443.05109999988	0.51	0.4	1
77495.93429999988	0.54	0.4	1
77549.89089999988	0.55	0.4	1
77604.92089999988	0.61	0.4	1
77661.02429999989	0.47	0.4	1
77718.20109999989	0.62	0.4	1
77776.71789999989	0.43	0.5	1
77836.3080999999	0.43	0.4	1
77897.2382999999	0.41	0.5	1
77959.24189999989	0.44	0.4	1
78022.3188999999	0.53	0.4	1
78086.4692999999	0.5	0.4	1
78151.6930999999	0.5	0.4	1
78217.9902999999	0.45	0.4	1
78285.1608999999	0.25	0.7	1
78353.9381999999	0.32	0.6	1
78424.0554999999	0.38	0.5	1
78495.2461999999	0.48	0.4	1
78567.5102999999	0.49	0.4	1
78640.8477999999	0.49	0.4	1
78715.2586999999	0.47	0.4	1
78764.7429999999	0.35	0.4	1
78791.3006999999	0.9	0.4	1
78792.6406999999	0.09	0.5	1
78793.9806999999	0.72	0.5	1
78796.3940999999	0.46	0.4	1
78799.8808999999	0.7	0.4	1
78801.2208999999	0.54	0.5	1
78804.1675999999	0.43	0.6	1
78808.1876999999	0.61	0.4	1
78813.5477999999	0.5	0.5	1
78820.2478999999	0.55	0.5	1
78828.5546999999	0.47	0.6	1
78838.20149999991	0.45	0.5	1
78848.9216999999	0.58	0.4	1
78860.98189999991	0.55	0.5	1
78874.38209999992	0.49	0.5	1
78889.38899999991	0.39	0.6	1
78905.73589999991	0.54	0.5	1
78923.6894999999	0.46	0.6	1
78943.2497999999	0.49	0.6	1
78964.1500999999	0.5	0.5	1
78986.9237999999	0.39	0.7	1
79010.0374999999	0.51	0.5	1
79034.4911999999	0.45	0.5	1
79060.2848999999	0.46	0.5	1
79087.1519999999	0.52	0.4	1
79115.3590999999	0.45	0.5	1
79145.1728999999	0.4	0.6	1
79176.3266999999	0.41	0.5	1
79208.5538999999	0.57	0.4	1
79242.3877999999	0.4	0.6	1
79277.2950999999	0.55	0.4	1
79313.5423999999	0.5	0.5	1
79351.39639999991	0.39	0.6	1
79390.59039999991	0.47	0.5	1
79431.39109999992	0.4	0.6	1
79473.53179999992	0.48	0.5	1
79517.01249999992	0.45	0.5	1
79561.56659999992	0.48	0.4	1
79607.72739999992	0.42	0.6	1
79655.22819999991	0.44	0.5	1
79703.80239999991	0.53	0.4	1
79753.98329999992	0.41	0.6	1
79805.50419999992	0.44	0.5	1
79858.63179999993	0.4	0.6	1
79912.83279999993	0.49	0.4	1
79968.37379999993	0.45	0.5	1
80024.98819999993	0.51	0.4	1
80082.94259999994	0.47	0.5	1
80141.97039999993	0.59	0.4	1
80202.07159999994	0.57	0.4	1
80263.24619999994	0.52	0.4	1
80325.49419999994	0.55	0.4	1
80389.08219999995	0.46	0.5	1
80454.01019999995	0.49	0.5	1
80520.27819999994	0.47	0.5	1
80587.61959999995	0.57	0.4	1
80656.30099999995	0.42	0.5	1
80726.32239999995	0.45	0.5	1
80797.68379999994	0.47	0.5	1
80870.11859999994	0.57	0.4	1
80943.62679999994	0.62	0.4	1
81018.74169999994	0.45	0.6	1
81094.92999999993	0.52	0.4	1
81172.19169999994	0.6	0.4	1
81250.79339999994	0.46	0.5	1
81330.46849999993	0.52	0.4	1
81411.21699999993	0.47	0.4	1
81493.03889999993	0.48	0.4	1
81575.93419999993	0.47	0.4	1
81659.90289999993	0.58	0.4	1
81745.21159999992	0.43	0.5	1
81830.59369999992	0.61	0.4	1
81917.04919999992	0.62	0.4	1
82005.37809999991	0.36	0.7	1
82095.58039999992	0.36	0.7	1
82186.85609999992	0.65	0.4	1
82280.00519999991	0.37	0.7	1
82374.49429999992	0.5	0.5	1
82470.05679999992	0.52	0.4	1
82566.69269999991	0.54	0.4	1
82664.40199999991	0.56	0.4	1
82763.98469999991	0.38	0.7	1
82864.90739999991	0.47	0.5	1
82967.43679999991	0.37	0.6	1
83071.3061999999	0.53	0.5	1
83176.51559999991	0.5	0.5	1
83283.06499999992	0.43	0.5	1
83390.68779999991	0.52	0.4	1
83499.6505999999	0.51	0.5	1
83609.95339999991	0.5	0.5	1
83721.8628999999	0.42	0.6	1
83834.84579999991	0.61	0.4	1
83949.16869999991	0.45	0.5	1
84064.3649999999	0.37	0.7	1
84181.1679999999	0.4	0.6	1
84299.5776999999	0.39	0.6	1
84419.0607999999	0.49	0.4	1
84539.8838999999	0.46	0.5	1
84661.7803999999	0.55	0.4	1
84784.7502999999	0.5	0.4	1
84908.7935999999	0.56	0.4	1
85033.9102999999	0.5	0.4	1
85160.3669999999	0.41	0.5	1
85288.4303999999	0.45	0.6	1
85418.36719999989	0.35	0.7	1
85549.6439999999	0.46	0.5	1
85682.5274999999	0.37	0.6	1
85817.28439999989	0.32	0.7	1
85953.91469999989	0.36	0.7	1
86091.8849999999	0.45	0.5	1
86231.19529999989	0.56	0.5	1
86371.84559999988	0.53	0.5	1
86513.56929999989	0.53	0.4	1
86656.89969999989	0.37	0.6	1
86801.5700999999	0.45	0.5	1
86947.31389999989	0.54	0.4	1
87094.1310999999	0.52	0.4	1
87242.0216999999	0.53	0.4	1
87391.5189999999	0.44	0.6	1
87542.0896999999	0.64	0.4	1
87693.7337999999	0.48	0.4	1
87846.4512999999	0.54	0.4	1
88000.2421999999	0.57	0.4	1
88155.1064999999	0.5	0.4	1
88311.0441999999	0.54	0.4	1
88468.85529999991	0.36	0.7	1
88628.53979999991	0.36	0.7	1
88789.56429999991	0.48	0.5	1
88951.6621999999	0.55	0.4	1
89115.10009999991	0.43	0.5	1
89279.6113999999	0.55	0.4	1
89445.19609999991	0.46	0.4	1
89611.85419999991	0.55	0.4	1
89780.38569999991	0.32	0.7	1
89949.99059999992	0.44	0.4	1
90120.93549999992	0.47	0.5	1
90292.95379999992	0.52	0.4	1
90466.84549999991	0.35	0.7	1
90641.81059999991	0.45	0.4	1
90818.11569999991	0.44	0.5	1
90995.49419999991	0.54	0.4	1
91173.94609999991	0.54	0.4	1
91353.47139999991	0.51	0.4	1
91534.87009999991	0.37	0.7	1
91717.60879999991	0.52	0.5	1
91901.68749999991	0.48	0.5	1
92087.10619999991	0.52	0.5	1
92274.1315999999	0.41	0.6	1
92463.0303999999	0.36	0.7	1
92653.0025999999	0.62	0.4	1
92844.0481999999	0.54	0.4	1
93036.16719999991	0.48	0.4	1
93229.8928999999	0.41	0.6	1
93424.69199999991	0.5	0.4	1
93621.36449999991	0.39	0.7	1
93819.3769999999	0.47	0.5	1
94018.7294999999	0.42	0.5	1
94219.4219999999	0.46	0.5	1
94421.9878999999	0.37	0.7	1
94625.8937999999	0.46	0.5	1
94830.87309999991	0.49	0.4	1
95036.92579999991	0.57	0.4	1
95244.3184999999	0.46	0.5	1
95452.78459999991	0.5	0.4	1
95662.32409999991	0.53	0.4	1
95873.47029999991	0.44	0.6	1
96085.95649999991	0.42	0.5	1
96300.04939999992	0.41	0.6	1
96515.48229999992	0.36	0.5	1
96732.78859999991	0.34	0.7	1
96951.4348999999	0.45	0.5	1
97171.42119999991	0.45	0.5	1
97393.0141999999	0.42	0.6	1
97615.94719999991	0.49	0.5	1
97839.9535999999	0.47	0.4	1
98065.2999999999	0.5	0.5	1
98292.2530999999	0.39	0.6	1
98520.2795999999	0.48	0.4	1
98749.64609999991	0.43	0.5	1
98980.35259999991	0.45	0.5	1
99212.1324999999	0.51	0.4	1
99445.78579999991	0.34	0.7	1
99680.77909999991	0.44	0.5	1
99917.37909999992	0.39	0.6	1
100155.85249999992	0.36	0.7	1
100395.93259999993	0.38	0.6	1
100637.08609999993	0.54	0.4	1
100879.57959999992	0.41	0.5	1
101123.14649999993	0.46	0.4	1
101368.58679999993	0.32	0.7	1
101615.36709999993	0.45	0.5	1
101863.22079999994	0.53	0.4	1
102112.41449999994	0.4	0.5	1
102362.68159999994	0.61	0.4	1
102614.82209999993	0.33	0.7	1
102868.03599999993	0.52	0.4	1
103122.32329999993	0.52	0.4	1
103378.48399999992	0.29	0.7	1
103635.71809999993	0.45	0.4	1
103894.55889999993	0.45	0.6	1
104154.73969999993	0.45	0.5	1
104415.99389999993	0.56	0.4	1
104679.12149999994	0.35	0.7	1
104943.58909999994	0.38	0.5	1
105209.13009999994	0.59	0.4	1
105476.01109999993	0.47	0.5	1
105743.96549999993	0.59	0.4	1
106012.99329999993	0.52	0.4	1
106283.62779999993	0.46	0.6	1
106555.60229999993	0.45	0.5	1
106828.91679999992	0.48	0.5	1
107103.57129999992	0.47	0.5	1
107379.29919999992	0.51	0.4	1
107656.10049999993	0.56	0.4	1
107934.24179999993	0.45	0.5	1
108213.98979999994	0.42	0.6	1
108494.81119999994	0.49	0.4	1
108777.23929999994	0.37	0.6	1
109060.74079999994	0.46	0.4	1
109346.11569999994	0.33	0.7	1
109632.56399999994	0.53	0.4	1
109920.08569999994	0.53	0.4	1
110209.48079999993	0.33	0.7	1
110500.48259999993	0.43	0.6	1
110792.82439999992	0.41	0.5	1
111087.03959999993	0.32	0.7	1
111382.86149999993	0.45	0.6	1
111680.29009999993	0.38	0.6	1
111979.05869999992	0.45	0.5	1
112279.43399999992	0.45	0.6	1
112580.88269999991	0.51	0.4	1
112883.67139999992	0.55	0.5	1
113187.80009999992	0.42	0.5	1
113493.53549999993	0.43	0.6	1
113800.61089999993	0.42	0.5	1
114109.29299999993	0.43	0.6	1
114419.04849999993	0.45	0.4	1
114730.14399999993	0.37	0.5	1
115042.31289999993	0.5	0.4	1
115355.55519999993	0.51	0.4	1
115669.87089999994	0.53	0.4	1
115985.52659999994	0.4	0.5	1
116302.78899999995	0.35	0.6	1
116621.65809999994	0.45	0.6	1
116941.86719999995	0.45	0.5	1
117263.68299999995	0.45	0.6	1
117587.10549999995	0.4	0.6	1
117911.86799999994	0.45	0.5	1
118237.70389999995	0.53	0.4	1
118564.87979999995	0.45	0.5	1
118893.39569999995	0.41	0.5	1
119223.25159999995	0.49	0.5	1
119554.71419999994	0.43	0.6	1
119888.05019999994	0.37	0.7	1
120222.72619999995	0.46	0.5	1
120559.00889999994	0.42	0.6	1
120896.63159999995	0.42	0.5	1
121235.59429999995	0.44	0.5	1
121576.16369999995	0.46	0.6	1
121917.80649999995	0.48	0.4	1
122260.52269999994	0.49	0.4	1
122604.57889999995	0.42	0.5	1
122949.70849999995	0.49	0.4	1
123296.17809999995	0.47	0.5	1
123644.52109999994	0.35	0.7	1
123994.73749999994	0.34	0.7	1
124346.82729999995	0.35	0.7	1
124700.52379999995	0.36	0.6	1
125055.82699999995	0.44	0.6	1
125412.20359999995	0.54	0.4	1
125769.65359999995	0.53	0.4	1
126128.44359999994	0.49	0.5	1
126488.84029999994	0.41	0.6	1
126850.84369999994	0.41	0.6	1
127214.45379999994	0.41	0.6	1
127579.93729999995	0.38	0.7	1
127947.29419999995	0.34	0.7	1
128316.52449999994	0.32	0.7	1
128686.82819999995	0.51	0.4	1
129059.00529999995	0.36	0.7	1
129432.25579999994	0.52	0.4	1
129807.11299999994	0.48	0.6	1
130183.31019999993	0.42	0.5	1
130560.84739999994	0.46	0.5	1
130939.99129999994	0.38	0.6	1
131320.20859999993	0.49	0.4	1
131702.29929999993	0.32	0.7	1
132085.72999999992	0.45	0.5	1
132470.2340999999	0.53	0.4	1
132856.0781999999	0.43	0.5	1
133243.26229999991	0.43	0.5	1
133631.51979999992	0.54	0.4	1
134021.11729999993	0.46	0.5	1
134412.32149999993	0.43	0.6	1
134804.59909999993	0.51	0.4	1
135197.95009999993	0.57	0.4	1
135592.37449999992	0.53	0.4	1
135988.1388999999	0.52	0.5	1
136385.5099999999	0.41	0.6	1
136784.22109999988	0.44	0.5	1
137184.0055999999	0.55	0.4	1
137585.3967999999	0.45	0.6	1
137987.8613999999	0.49	0.4	1
138391.6659999999	0.44	0.5	1
138797.34399999992	0.38	0.7	1
139204.6286999999	0.37	0.6	1
139613.5200999999	0.35	0.6	1
140023.7514999999	0.49	0.5	1
140435.5895999999	0.45	0.6	1
140848.50109999988	0.57	0.4	1
141262.4859999999	0.56	0.4	1
141677.8108999999	0.48	0.5	1
142094.7424999999	0.4	0.6	1
142513.0140999999	0.47	0.5	1
142932.62569999992	0.47	0.5	1
143353.3106999999	0.52	0.4	1
143775.0690999999	0.57	0.4	1
144197.90089999992	0.52	0.4	1
144622.3393999999	0.4	0.6	1
145048.1178999999	0.54	0.5	1
145474.9697999999	0.58	0.4	1
145903.1616999999	0.44	0.5	1
146332.4269999999	0.52	0.4	1
146763.2989999999	0.39	0.6	1
147195.5109999999	0.48	0.5	1
147629.0629999999	0.52	0.5	1
148064.2216999999	0.42	0.6	1
148500.4537999999	0.57	0.4	1
148938.2925999999	0.4	0.6	1
149376.2047999999	0.38	0.4	1
149815.7236999999	0.35	0.6	1
150256.84929999989	0.34	0.6	1
150699.04829999988	0.5	0.4	1
151142.32069999987	0.47	0.4	1
151586.66649999988	0.58	0.4	1
152032.35229999988	0.44	0.5	1
152479.11149999988	0.44	0.4	1
152926.94409999988	0.53	0.4	1
153376.11669999987	0.43	0.5	1
153826.89599999986	0.37	0.6	1
154278.74869999985	0.48	0.4	1
154731.67479999986	0.44	0.4	1
155186.20759999985	0.38	0.6	1
155641.81379999986	0.43	0.4	1
156098.49339999986	0.47	0.4	1
156556.24639999986	0.5	0.4	1
157015.07279999985	0.54	0.4	1
157475.23919999984	0.41	0.5	1
157936.47899999985	0.45	0.4	1
158398.79219999985	0.54	0.4	1
158862.17879999985	0.48	0.4	1
159326.63879999984	0.51	0.4	1
159792.17219999983	0.5	0.4	1
160258.77899999983	0.47	0.4	1
160726.99249999985	0.37	0.6	1
161196.54599999986	0.38	0.5	1
161667.17289999986	0.51	0.4	1
162139.13979999986	0.43	0.5	1
162612.44669999985	0.45	0.5	1
163086.82699999984	0.53	0.4	1
163562.28069999986	0.45	0.4	1
164039.60779999985	0.34	0.7	1
164518.00829999984	0.41	0.4	1
164998.01549999983	0.31	0.6	1
165479.36269999982	0.41	0.5	1
165962.0498999998	0.42	0.5	1
166445.81049999982	0.53	0.4	1
166930.64449999982	0.52	0.4	1
167416.55189999982	0.48	0.4	1
167904.06599999982	0.35	0.6	1
168393.18679999982	0.35	0.6	1
168883.91429999983	0.37	0.6	1
169374.98179999983	0.5	0.5	1
169867.65599999984	0.49	0.6	1
170361.40359999985	0.53	0.4	1
170857.02459999986	0.31	0.7	1
171354.51899999985	0.35	0.7	1
171853.35339999985	0.5	0.5	1
172353.26119999983	0.54	0.4	1
172854.77569999982	0.37	0.6	1
173358.16359999983	0.37	0.7	1
173862.89149999982	0.42	0.5	1
174368.69279999982	0.48	0.4	1
174875.8340999998	0.48	0.5	1
175384.04879999981	0.54	0.4	1
175893.60349999982	0.5	0.5	1
176404.76489999983	0.38	0.6	1
176917.53299999982	0.44	0.6	1
177431.9077999998	0.38	0.6	1
177948.1559999998	0.35	0.7	1
178465.4775999998	0.48	0.4	1
178984.1391999998	0.41	0.5	1
179504.1407999998	0.45	0.5	1
180025.4823999998	0.51	0.5	1
180548.4306999998	0.42	0.6	1
181072.71899999978	0.45	0.5	1
181598.0806999998	0.45	0.4	1
182124.5157999998	0.53	0.4	1
182652.0242999998	0.56	0.4	1
183180.87279999978	0.48	0.5	1
183711.06129999977	0.5	0.5	1
184242.58979999975	0.47	0.5	1
184775.99169999975	0.33	0.7	1
185310.46699999974	0.48	0.4	1
185846.28229999973	0.47	0.5	1
186383.43759999974	0.41	0.5	1
186922.19959999973	0.4	0.6	1
187462.83499999973	0.36	0.7	1
188004.81039999973	0.47	0.5	1
188548.12579999972	0.47	0.5	1
189093.31459999972	0.31	0.7	1
189639.57679999972	0.65	0.4	1
190187.1789999997	0.44	0.5	1
190736.1211999997	0.44	0.5	1
191286.13679999972	0.46	0.4	1
191837.49239999973	0.47	0.5	1
192390.18799999973	0.49	0.5	1
192944.22359999974	0.47	0.5	1
193499.86589999974	0.4	0.6	1
194056.58159999974	0.5	0.4	1
194614.63729999974	0.47	0.5	1
195174.03299999973	0.42	0.5	1
195734.50209999972	0.49	0.4	1
196296.31119999973	0.37	0.5	1
196859.46029999974	0.36	0.5	1
197423.94939999975	0.49	0.5	1
197989.77849999975	0.42	0.5	1
198556.68099999975	0.55	0.4	1
199124.92349999974	0.46	0.5	1
199694.50599999973	0.42	0.5	1
200265.16189999974	0.55	0.4	1
200837.42449999973	0.33	0.6	1
201411.02709999974	0.51	0.5	1
201985.96969999975	0.44	0.5	1
202562.25229999976	0.4	0.5	1
203139.87489999976	0.54	0.5	1
203718.83749999976	0.37	0.5	1
204299.40679999976	0.45	0.6	1
204881.31609999976	0.4	0.5	1
205465.09879999977	0.35	0.7	1
206050.4881999998	0.45	0.6	1
206637.2175999998	0.53	0.5	1
207225.2869999998	0.45	0.5	1
207814.4297999998	0.55	0.4	1
208404.9125999998	0.43	0.5	1
208997.0020999998	0.47	0.6	1
209590.6982999998	0.41	0.6	1
210185.4678999998	0.56	0.4	1
210781.3108999998	0.5	0.4	1
211378.2272999998	0.46	0.4	1
211976.2170999998	0.55	0.4	1
212575.5468999998	0.46	0.5	1
213176.21669999982	0.51	0.5	1
213778.7598999998	0.36	0.7	1
214382.9097999998	0.32	0.6	1
214988.1330999998	0.54	0.4	1
215594.9630999998	0.36	0.6	1
216203.1330999998	0.42	0.5	1
216812.6430999998	0.4	0.5	1
217423.49309999982	0.48	0.5	1
218035.68309999982	0.43	0.5	1
218649.74649999983	0.4	0.7	1
219265.41659999982	0.44	0.6	1
219882.69339999981	0.42	0.6	1
220501.3101999998	0.45	0.5	1
221121.5336999998	0.38	0.6	1
221743.6305999998	0.39	0.7	1
222367.6008999998	0.37	0.7	1
222993.17789999978	0.36	0.6	1
223620.09489999976	0.41	0.5	1
224248.08529999977	0.58	0.4	1
224877.41569999978	0.47	0.5	1
225508.61949999977	0.32	0.7	1
226141.42999999976	0.4	0.6	1
226776.11389999976	0.37	0.7	1
227411.87119999976	0.59	0.4	1
228049.23519999976	0.38	0.6	1
228687.93919999976	0.43	0.5	1
229328.24989999976	0.43	0.6	1
229970.43399999978	0.37	0.7	1
230613.69149999978	0.54	0.4	1
231258.5556999998	0.43	0.6	1
231904.4932999998	0.57	0.4	1
232551.5042999998	0.48	0.4	1
233200.1219999998	0.43	0.6	1
233849.8130999998	0.5	0.4	1
234500.5775999998	0.58	0.4	1
235153.2154999998	0.36	0.7	1
235807.7267999998	0.38	0.7	1
236463.8447999998	0.42	0.6	1
237121.3027999998	0.49	0.5	1
237780.6341999998	0.38	0.7	1
238441.3055999998	0.5	0.5	1
239103.05039999977	0.52	0.4	1
239766.40189999976	0.42	0.6	1
240430.82679999978	0.42	0.4	1
241096.32509999978	0.52	0.4	1
241763.1633999998	0.43	0.5	1
242431.6083999998	0.39	0.6	1
243101.6600999998	0.41	0.6	1
243773.0517999998	0.4	0.5	1
244445.78349999982	0.44	0.5	1
245119.85519999982	0.45	0.5	1
245795.2668999998	0.46	0.5	1
246472.0185999998	0.44	0.5	1
247150.3769999998	0.43	0.6	1
247830.0753999998	0.52	0.5	1
248511.3804999998	0.39	0.6	1
249194.2922999998	0.44	0.6	1
249878.2774999998	0.54	0.4	1
250563.8693999998	0.41	0.6	1
251251.0679999998	0.45	0.6	1
251940.13999999978	0.33	0.7	1
252630.81869999977	0.43	0.6	1
253323.37079999977	0.35	0.7	1
254016.99629999977	0.57	0.4	1
254711.69519999975	0.46	0.4	1
255407.46749999977	0.49	0.4	1
256105.11319999976	0.32	0.7	1
256804.36559999976	0.44	0.6	1
257505.22469999976	0.39	0.6	1
258207.69049999976	0.42	0.6	1
258911.22969999976	0.44	0.4	1
259616.37559999977	0.36	0.6	1
260322.86149999977	0.44	0.5	1
261030.68739999976	0.44	0.5	1
261739.85329999976	0.42	0.5	1
262450.89259999973	0.33	0.7	1
263163.2718999997	0.45	0.5	1
263876.9911999997	0.46	0.5	1
264591.7838999997	0.56	0.4	1
265308.1832999997	0.42	0.6	1
266026.45609999966	0.32	0.7	1
266746.06889999966	0.52	0.5	1
267466.75509999966	0.55	0.4	1
268189.31469999964	0.35	0.7	1
268912.9476999996	0.46	0.4	1
269637.65409999964	0.56	0.4	1
270363.7004999996	0.49	0.5	1
271090.8202999996	0.62	0.4	1
271819.2800999996	0.46	0.5	1
272548.81329999963	0.42	0.4	1
273279.95319999964	0.39	0.6	1
274012.69979999965	0.38	0.6	1
274746.78639999963	0.45	0.5	1
275482.21299999964	0.52	0.5	1
276219.5129999996	0.41	0.7	1
276957.8863999996	0.65	0.4	1
277697.8664999996	0.42	0.6	1
278439.1865999996	0.48	0.5	1
279182.3800999996	0.37	0.7	1
279926.6469999996	0.5	0.4	1
280672.2538999996	0.46	0.5	1
281419.2007999996	0.45	0.5	1
282167.75439999957	0.42	0.6	1
282917.6479999996	0.44	0.5	1
283669.1482999996	0.42	0.6	1
284421.9885999996	0.52	0.5	1
285176.43559999956	0.35	0.6	1
285932.2225999996	0.55	0.5	1
286689.0829999996	0.48	0.4	1
287447.28339999955	0.52	0.5	1
288206.5571999996	0.5	0.4	1
288967.17099999957	0.41	0.5	1
289729.39149999956	0.41	0.6	1
290492.68539999955	0.53	0.4	1
291257.8526999995	0.32	0.7	1
292023.09339999955	0.48	0.4	1
292789.40749999956	0.59	0.4	1
293557.59499999956	0.33	0.7	1
294327.38919999957	0.39	0.6	1
295098.25679999957	0.58	0.4	1
295870.73109999957	0.39	0.6	1
296644.8120999996	0.37	0.6	1
297419.9664999996	0.59	0.4	1
298196.4608999996	0.44	0.5	1
298974.5619999996	0.41	0.6	1
299754.2697999996	0.39	0.6	1
300535.5842999996	0.42	0.6	1
301317.97219999955	0.45	0.4	1
302101.9667999995	0.44	0.6	1
302887.30139999953	0.47	0.5	1
303673.97599999956	0.47	0.5	1
304461.99059999955	0.46	0.5	1
305251.87859999953	0.32	0.7	1
306043.3732999995	0.37	0.6	1
306835.9413999995	0.54	0.4	1
307630.11619999947	0.45	0.6	1
308425.63099999947	0.53	0.5	1
309222.48579999944	0.46	0.5	1
310021.21399999945	0.37	0.7	1
310821.28219999943	0.44	0.5	1
311623.22379999945	0.35	0.7	1
312426.7720999995	0.37	0.6	1
313231.3937999995	0.58	0.4	1
314037.6221999995	0.41	0.6	1
314845.7239999995	0.37	0.7	1
315654.8991999995	0.45	0.4	1
316465.41439999954	0.43	0.5	1
317277.26959999953	0.49	0.5	1
318090.9981999995	0.37	0.7	1
318906.3334999995	0.35	0.6	1
319723.0087999995	0.5	0.5	1
320541.2907999995	0.46	0.6	1
321360.6461999995	0.54	0.4	1
322181.0749999995	0.49	0.4	1
323002.8437999995	0.37	0.5	1
323826.21929999953	0.46	0.6	1
324651.20149999956	0.38	0.6	1
325477.2570999996	0.48	0.4	1
326305.1860999996	0.35	0.7	1
327134.7217999996	0.42	0.6	1
327965.3308999996	0.45	0.4	1
328797.2799999996	0.47	0.5	1
329630.8357999996	0.37	0.6	1
330465.4649999996	0.49	0.4	1
331301.16759999964	0.57	0.4	1
332138.2101999996	0.44	0.5	1
332976.3261999996	0.53	0.4	1
333815.5155999996	0.5	0.4	1
334655.7783999996	0.49	0.4	1
335497.9145999996	0.35	0.7	1
336341.1241999996	0.53	0.4	1
337185.9404999996	0.38	0.6	1
338032.0967999996	0.41	0.5	1
338879.3264999996	0.46	0.4	1
339727.62959999964	0.56	0.4	1
340577.00609999965	0.44	0.4	1
341427.72259999963	0.52	0.5	1
342279.5124999996	0.51	0.4	1
343132.37579999963	0.56	0.4	1
343986.31249999965	0.57	0.4	1
344841.32259999966	0.48	0.4	1
345697.9393999997	0.39	0.6	1
346555.89619999967	0.41	0.5	1
347415.1929999997	0.46	0.5	1
348275.5631999997	0.49	0.4	1
349137.27339999966	0.43	0.5	1
350000.32359999965	0.44	0.5	1
350864.98049999966	0.47	0.6	1
351731.51079999964	0.36	0.7	1
352599.1144999996	0.46	0.4	1
353467.7915999996	0.6	0.4	1
354337.5420999996	0.57	0.4	1
355208.6325999996	0.43	0.5	1
356080.7964999996	0.51	0.4	1
356954.03379999957	0.48	0.4	1
357828.34449999954	0.5	0.4	1
358704.52859999955	0.32	0.7	1
359581.78609999956	0.53	0.4	1
360460.6502999996	0.41	0.6	1
361340.5878999996	0.49	0.4	1
362221.5988999996	0.55	0.4	1
363103.68329999957	0.54	0.4	1
363986.84109999955	0.59	0.4	1
364871.07229999953	0.43	0.4	1
365756.3768999995	0.55	0.4	1
366643.0214999995	0.44	0.5	1
367530.7394999995	0.57	0.4	1
368419.5308999995	0.59	0.4	1
369309.9289999995	0.37	0.6	1
370201.40049999946	0.51	0.4	1
371094.2119999995	0.49	0.5	1
371988.0968999995	0.47	0.4	1
372883.32179999945	0.43	0.5	1
373779.6200999995	0.52	0.4	1
374676.9917999995	0.46	0.4	1
375575.7034999995	0.45	0.5	1
376476.2885999995	0.37	0.7	1
377378.7470999995	0.27	0.7	1
378282.2789999995	0.45	0.4	1
379187.15089999954	0.4	0.5	1
380093.09619999956	0.53	0.4	1
381000.6481999996	0.37	0.6	1
381909.2735999996	0.46	0.4	1
382819.2389999996	0.47	0.5	1
383731.0777999996	0.39	0.7	1
384644.5232999996	0.44	0.6	1
385559.3087999996	0.41	0.5	1
386475.4342999996	0.45	0.5	1
387392.63319999963	0.45	0.4	1
388310.90549999964	0.48	0.4	1
389230.25119999965	0.51	0.4	1
390150.67029999965	0.59	0.4	1
391072.4293999997	0.46	0.5	1
391995.7951999997	0.37	0.6	1
392920.2343999997	0.5	0.4	1
393845.74699999974	0.55	0.4	1
394772.5995999997	0.48	0.5	1
395700.79219999973	0.46	0.5	1
396630.3247999997	0.42	0.5	1
397561.1973999997	0.49	0.5	1
398493.1433999997	0.46	0.4	1
399426.1627999997	0.49	0.4	1
400360.2555999997	0.54	0.4	1
401295.9550999997	0.4	0.6	1
402233.26129999966	0.45	0.6	1
403171.64089999965	0.49	0.4	1
404111.0938999996	0.57	0.4	1
405051.6202999996	0.62	0.4	1
405993.2200999996	0.6	0.4	1
406936.1598999996	0.42	0.5	1
407880.43969999964	0.37	0.5	1
408825.79289999965	0.45	0.4	1
409773.01949999965	0.4	0.7	1
410721.31949999963	0.45	0.4	1
411671.49289999966	0.36	0.7	1
412622.7396999997	0.55	0.4	1
413575.3264999997	0.45	0.5	1
414528.98669999966	0.44	0.4	1
415483.72029999964	0.58	0.4	1
416440.0605999996	0.38	0.6	1
417397.7408999996	0.42	0.5	1
418357.02789999964	0.38	0.6	1
419317.6548999996	0.41	0.5	1
420280.15529999963	0.34	0.7	1
421243.72909999965	0.6	0.4	1
422208.37629999965	0.5	0.4	1
423174.3634999996	0.43	0.5	1
424141.9573999996	0.36	0.6	1
425110.6246999996	0.6	0.4	1
426079.3653999996	0.52	0.4	1
427049.4460999996	0.41	0.5	1
428021.40019999957	0.38	0.7	1
428994.69429999957	0.46	0.5	1
429969.3283999996	0.47	0.5	1
430945.5691999996	0.34	0.6	1
431922.88339999964	0.52	0.4	1
432833.27099999966	0.45	0.4	1
433525.2652999997	0.02	0.6	1
433859.8662999997	0.07	0.6	1
434018.07399999973	0.53	0.6	1
434019.41399999976	0.39	0.5	1
434021.8273999998	0.55	0.4	1
434025.58079999976	0.7	0.5	1
434030.6741999998	0.68	0.5	1
434037.10759999976	0.43	0.5	1
434044.88099999976	0.61	0.5	1
434053.72779999976	0.59	0.4	1
434063.64799999975	0.81	0.4	1
434074.64159999974	0.74	0.4	1
434086.7085999997	0.82	0.4	1
434099.8489999997	0.6	0.4	1
434113.0627999997	0.6	0.4	1
434114.6694999997	0.51	0.6	1
434117.3495999997	0.64	0.4	1
434121.1030999997	0.86	0.4	1
434126.7299999997	0.36	0.7	1
434133.6968999997	0.64	0.5	1
434142.0037999997	0.61	0.5	1
434151.38409999973	0.57	0.4	1
434162.37109999976	0.42	0.6	1
434174.69809999975	0.63	0.5	1
434188.09849999973	0.72	0.4	1
434201.5722999997	0.64	0.4	1
434216.3860999997	0.57	0.5	1
434217.9927999997	0.03	0.6	1
434221.2061999997	0.04	0.6	1
434226.02629999974	0.08	0.6	1
434227.09969999973	0.29	0.4	1
434228.43969999976	0.26	0.5	1
434229.7796999998	0.07	0.5	1
434232.4596999998	0.32	0.5	1
434234.33309999976	1.0	0.7	1
434237.54649999976	0.83	0.5	1
434242.3665999998	0.23	0.6	1
434243.43999999977	0.8	0.4	1
434245.31339999975	0.29	0.7	1
434249.0601999998	0.31	0.7	1
434254.4136999998	0.4	0.6	1
434261.3738999998	0.37	0.6	1
434262.44729999977	0.55	0.4	1
434264.8606999998	0.44	0.5	1
434268.8807999998	0.32	0.6	1
434274.2408999998	0.34	0.5	1
434281.4743999998	0.35	0.7	1
434289.7812999998	0.5	0.4	1
434299.6948999998	0.44	0.6	1
434311.2151999998	0.43	0.6	1
434324.3421999998	0.29	0.6	1
434339.07589999976	0.47	0.6	1
434355.41629999975	0.34	0.6	1
434373.09669999976	0.64	0.5	1
434392.3837999998	0.33	0.6	1
434394.25719999976	0.68	0.7	1
434395.5971999998	0.08	0.5	1
434398.2771999998	0.08	0.5	1
434399.6171999998	0.44	0.5	1
434402.2971999998	0.45	0.5	1
434406.3171999998	0.44	0.5	1
434411.6771999998	0.43	0.5	1
434418.6438999998	0.36	0.6	1
434426.9505999998	0.45	0.5	1
434436.8639999998	0.38	0.6	1
434448.6507999998	0.34	0.7	1
434462.04429999983	0.39	0.6	1
434476.7777999998	0.38	0.5	1
434492.58469999983	0.35	0.4	1
434509.46499999985	0.55	0.4	1
434527.9519999999	0.38	0.6	1
434547.77899999986	0.46	0.5	1
434569.47939999984	0.33	0.7	1
434592.7864999998	0.4	0.6	1
434617.7002999998	0.38	0.6	1
434644.2207999998	0.34	0.6	1
434671.81469999976	0.53	0.4	1
434701.01529999974	0.35	0.6	1
434732.08929999976	0.3	0.7	1
434764.7699999998	0.41	0.6	1
434799.3240999998	0.31	0.7	1
434835.21819999977	0.45	0.5	1
434872.4522999998	0.51	0.5	1
434911.0263999998	0.49	0.5	1
434950.9404999998	0.43	0.5	1
434992.72799999977	0.32	0.7	1
435036.12219999975	0.35	0.6	1
435081.12309999974	0.41	0.6	1
435127.7306999997	0.37	0.6	1
435175.4116999997	0.54	0.4	1
435224.9660999997	0.31	0.7	1
435275.8604999997	0.46	0.5	1
435328.3615999997	0.37	0.6	1
435382.20269999973	0.47	0.5	1
435437.65049999976	0.35	0.6	1
435494.7049999998	0.35	0.6	1
435553.0994999998	0.39	0.5	1
435613.1006999998	0.38	0.6	1
435674.97529999976	0.3	0.7	1
435738.18989999976	0.51	0.5	1
435802.74449999974	0.42	0.5	1
435804.35119999974	0.69	0.6	1
435806.2245999997	0.89	0.7	1
435807.8312999997	0.44	0.6	1
435811.04469999974	0.65	0.6	1
435812.38469999976	0.96	0.5	1
435813.7980999998	0.91	0.4	1
435815.67149999976	0.99	0.7	1
435819.4182999998	0.98	0.7	1
435825.0384999998	0.92	0.7	1
435832.5320999998	0.97	0.7	1
435841.8990999998	0.81	0.7	1
435853.1394999998	0.98	0.7	1
435865.98659999983	1.0	0.6	1
435880.7070999998	0.94	0.7	1
435897.3009999998	0.92	0.7	1
435915.7682999998	0.97	0.7	1
435936.1089999998	0.97	0.7	1
435958.3230999998	0.98	0.7	1
435982.4105999998	1.0	0.7	1
436008.37149999983	0.96	0.7	1
436036.2057999998	1.0	0.7	1
436065.91349999985	0.96	0.7	1
436097.49459999986	1.0	0.7	1
436130.94909999985	0.96	0.7	1
436166.2769999998	0.94	0.7	1
436167.88369999983	0.47	0.6	1
436170.8303999998	0.49	0.5	1
436175.1170999998	0.48	0.5	1
436180.7437999998	0.52	0.5	1
436187.97719999985	0.48	0.6	1
436196.8172999998	0.36	0.6	1
436207.53079999983	0.3	0.7	1
436218.31769999984	0.49	0.4	1
436230.71129999985	0.34	0.6	1
436244.4448999998	0.36	0.5	1
436259.51849999983	0.38	0.5	1
436276.4654999998	0.39	0.7	1
436294.7524999998	0.43	0.5	1
436314.11289999983	0.5	0.4	1
436335.07999999984	0.42	0.6	1
436357.12049999984	0.47	0.4	1
436381.03439999983	0.32	0.7	1
436405.28829999984	0.4	0.5	1
436407.1616999998	0.65	0.7	1
436408.7683999998	0.49	0.6	1
436410.10839999985	0.91	0.5	1
436411.71509999986	0.18	0.6	1
436414.6617999998	0.32	0.5	1
436419.2151999998	0.18	0.6	1
436425.3752999998	0.18	0.6	1
436433.14209999976	0.17	0.6	1
436442.51559999975	0.18	0.6	1
436453.49579999974	0.14	0.6	1
436466.08269999974	0.19	0.6	1
436478.7429999997	1.0	0.4	1
436493.27669999975	0.76	0.7	1
436509.68379999977	0.67	0.7	1
436527.96429999976	0.72	0.7	1
436529.3042999998	0.67	0.5	1
436530.6442999998	0.42	0.5	1
436532.5909999998	0.35	0.6	1
436535.6110999998	0.49	0.4	1
436540.5045999998	0.29	0.7	1
436546.7380999998	0.44	0.5	1
436554.3115999998	0.5	0.5	1
436563.2250999998	0.39	0.5	1
436573.74529999983	0.36	0.6	1
436586.13889999985	0.26	0.7	1
436599.60589999985	0.54	0.4	1
436614.14629999985	0.59	0.4	1
436630.0266999999	0.48	0.5	1
436647.5137999999	0.36	0.6	1
436666.0742999999	0.66	0.4	1
436685.9747999999	0.44	0.5	1
436707.2152999999	0.48	0.5	1
436729.7957999999	0.43	0.5	1
436754.2496999999	0.26	0.7	1
436780.31029999995	0.34	0.6	1
436807.9775999999	0.39	0.6	1
436837.51829999994	0.27	0.7	1
436868.93239999993	0.34	0.7	1
436901.95319999993	0.31	0.6	1
436936.31399999995	0.39	0.5	1
436972.01479999995	0.51	0.5	1
437008.78899999993	0.57	0.4	1
437046.6365999999	0.66	0.4	1
437085.5575999999	0.47	0.4	1
437125.5519999999	0.54	0.4	1
437166.8863999999	0.39	0.5	1
437209.2941999999	0.59	0.4	1
437253.3086999999	0.34	0.6	1
437298.6631999999	0.38	0.5	1
437345.8910999999	0.3	0.7	1
437394.1923999999	0.53	0.4	1
437443.56709999987	0.49	0.4	1
437494.2817999999	0.42	0.5	1
437546.0698999999	0.51	0.4	1
437599.19799999986	0.37	0.5	1
437653.3994999999	0.49	0.4	1
437708.9409999999	0.5	0.5	1
437765.55589999986	0.6	0.4	1
437823.5107999999	0.44	0.5	1
437883.0723999999	0.31	0.6	1
437943.7073999999	0.61	0.4	1
438006.2157999999	0.26	0.7	1
438069.7975999999	0.57	0.4	1
438134.98609999986	0.38	0.6	1
438201.78129999986	0.3	0.6	1
438270.18319999985	0.32	0.6	1
438339.9250999999	0.42	0.5	1
438411.00699999987	0.4	0.5	1
438483.4288999999	0.43	0.5	1
438557.19079999987	0.47	0.5	1
438632.02609999984	0.59	0.4	1
438707.9347999999	0.47	0.4	1
438785.18349999987	0.37	0.5	1
438864.30559999985	0.28	0.7	1
438944.76769999985	0.33	0.5	1
439026.30319999985	0.53	0.4	1
439109.1786999999	0.39	0.5	1
439193.1275999999	0.63	0.4	1
439278.4164999999	0.45	0.5	1
439364.77879999985	0.51	0.4	1
439453.0144999999	0.28	0.7	1
439542.3235999999	0.55	0.4	1
439633.2393999999	0.41	0.6	1
439725.2285999999	0.66	0.4	1
439818.5577999999	0.4	0.5	1
439912.2269999999	0.4	0.5	1
440007.5028999999	0.4	0.6	1
440103.8521999999	0.55	0.4	1
440201.54149999993	0.43	0.5	1
440300.5707999999	0.54	0.5	1
440401.2067999999	0.35	0.6	1
440502.9161999999	0.48	0.4	1
440605.6989999999	0.55	0.4	1
440709.8217999999	0.2	0.5	1
440815.2845999999	0.44	0.5	1
440922.3540999999	0.38	0.6	1
441030.7635999999	0.43	0.5	1
441140.2464999999	0.58	0.4	1
441251.3360999999	0.33	0.6	1
441363.4990999999	0.45	0.4	1
441477.0020999999	0.46	0.5	1
441591.57849999995	0.42	0.4	1
441707.49489999993	0.41	0.5	1
441825.28469999996	0.3	0.7	1
441944.1479	0.5	0.4	1
442064.0845	0.23	0.4	1
442185.0945	0.52	0.4	1
442307.4445	0.36	0.5	1
442431.1345	0.49	0.5	1
442556.1645	0.46	0.5	1
442682.8012	0.38	0.6	1
442811.04459999996	0.33	0.6	1
442940.89469999995	0.37	0.6	1
443071.8181999999	0.51	0.4	1
443203.81509999995	0.5	0.4	1
443337.4186999999	0.34	0.6	1
443472.3622999999	0.44	0.5	1
443608.3792999999	0.51	0.4	1
443745.73629999993	0.49	0.5	1
443884.16669999994	0.48	0.4	1
444023.9370999999	0.37	0.5	1
444165.3141999999	0.34	0.6	1
444308.0312999999	0.46	0.5	1
444451.8217999999	0.25	0.4	1
444596.95229999995	0.48	0.5	1
444743.15619999997	0.54	0.4	1
444890.70009999996	0.44	0.5	1
445039.584	0.43	0.5	1
445190.0746	0.37	0.6	1
445341.9052	0.37	0.5	1
445495.34249999997	0.31	0.6	1
445649.85319999995	0.31	0.4	1
445805.97059999994	0.34	0.6	1
445963.42799999996	0.47	0.5	1
446122.4921	0.35	0.6	1
446283.1629	0.36	0.6	1
446444.9071	0.45	0.4	1
446608.5247	0.35	0.7	1
446773.48230000003	0.38	0.5	1
446939.51330000005	0.53	0.4	1
447107.41770000005	0.35	0.7	1
447276.6621000001	0.48	0.5	1
447447.24650000007	0.41	0.5	1
447618.90430000005	0.53	0.4	1
447791.90210000006	0.34	0.5	1
447965.97330000007	0.6	0.4	1
448141.11790000007	0.59	0.4	1
448317.33590000006	0.52	0.4	1
448494.62730000005	0.54	0.4	1
448673.52540000004	0.34	0.6	1
448853.76350000006	0.48	0.5	1
449035.07500000007	0.26	0.4	1
449217.4599000001	0.57	0.4	1
449401.4515000001	0.41	0.6	1
449586.5165000001	0.56	0.4	1
449772.6549000001	0.55	0.4	1
449960.1333000001	0.41	0.5	1
450148.9517000001	0.43	0.5	1
450339.1101000001	0.45	0.5	1
450530.6085000001	0.46	0.5	1
450723.9803000001	0.33	0.7	1
450918.6921000001	0.49	0.5	1
451114.7439000001	0.37	0.5	1
451311.8691000001	0.52	0.4	1
451510.60100000014	0.4	0.6	1
451710.6729000001	0.49	0.5	1
451911.8182000001	0.58	0.4	1
452114.3035000001	0.45	0.5	1
452318.3955000001	0.41	0.6	1
452523.8275000001	0.46	0.5	1
452730.59950000007	0.39	0.5	1
452938.44490000006	0.45	0.4	1
453147.36370000005	0.61	0.4	1
453357.62250000006	0.35	0.5	1
453568.95470000006	0.46	0.4	1
453781.62690000003	0.42	0.5	1
453995.9058	0.35	0.6	1
454211.25810000004	0.65	0.4	1
454428.48380000005	0.29	0.7	1
454647.0495	0.43	0.5	1
454866.9552	0.44	0.5	1
455088.20090000005	0.36	0.5	1
455311.32000000007	0.29	0.7	1
455536.0458000001	0.36	0.6	1
455762.3783000001	0.38	0.6	1
455990.0508000001	0.46	0.5	1
456219.0633000001	0.36	0.5	1
456449.1492000001	0.49	0.4	1
456680.5751000001	0.51	0.5	1
456913.60770000005	0.37	0.6	1
457147.98030000005	0.41	0.5	1
457383.42630000005	0.54	0.4	1
457620.47900000005	0.39	0.6	1
457859.13840000005	0.44	0.6	1
458098.87120000005	0.57	0.4	1
458340.21070000005	0.42	0.6	1
458582.62360000005	0.61	0.4	1
458826.3765000001	0.44	0.5	1
459071.7361000001	0.37	0.6	1
459318.1691000001	0.56	0.4	1
459565.9421000001	0.42	0.5	1
459814.7885000001	0.67	0.4	1
460065.24160000007	0.32	0.6	1
460316.76810000004	0.56	0.4	1
460569.63460000005	0.42	0.5	1
460824.10780000006	0.33	0.6	1
461079.92100000003	0.37	0.5	1
461337.3409	0.36	0.6	1
461596.1008	0.47	0.5	1
461855.9341	0.48	0.4	1
462116.8408	0.49	0.4	1
462379.0875	0.4	0.5	1
462642.40760000004	0.62	0.4	1
462906.80110000004	0.54	0.4	1
463172.26800000004	0.59	0.4	1
463439.6083	0.29	0.7	1
463708.82200000004	0.29	0.7	1
463979.10910000006	0.58	0.4	1
464251.26960000006	0.14	0.7	1
464524.7701000001	0.39	0.5	1
