0.2734	0.86	0.1	1
1.3468	0.79	0.4	1
4.0268999999999995	0.32	0.6	1
8.313699999999999	0.31	0.6	1
14.2072	0.34	0.6	1
16.0806	0.91	0.7	1
17.6873	0.71	0.6	1
21.1674	0.55	0.7	1
23.0408	0.93	0.7	1
186.2475	0.96	61.2	1
327.5276	0.96	0.4	1
328.601	0.53	0.4	1
330.7478	0.47	0.4	1
332.08779999999996	0.06	0.5	1
401.16119999999995	0.98	25.9	1
402.23459999999994	0.91	0.4	1
404.64799999999997	0.83	0.5	1
408.1348	0.91	0.4	1
412.9616	0.8	0.5	1
419.39509999999996	0.75	0.6	1
427.70199999999994	0.04	0.7	1
437.0822999999999	0.72	0.4	1
448.06929999999994	0.67	0.6	1
449.67599999999993	0.91	0.6	1
452.8893999999999	0.93	0.6	1
454.2293999999999	1.0	0.5	1
457.1760999999999	0.92	0.6	1
461.7294999999999	0.99	0.6	1
467.6228999999999	0.99	0.5	1
474.8562999999999	0.99	0.5	1
483.4296999999999	0.98	0.5	1
493.34309999999994	0.99	0.5	1
504.86319999999995	0.98	0.6	1
517.7233	0.93	0.5	1
532.1901	0.88	0.6	1
548.2636	0.93	0.6	1
553.6771	0.58	0.5	1
555.5504999999999	0.95	0.7	1
556.8905	0.98	0.5	1
559.5704999999999	0.96	0.5	1
562.5904999999999	1.0	0.5	1
566.9504999999999	0.97	0.5	1
572.6505	1.0	0.5	1
579.6904999999999	0.97	0.5	1
588.0704999999999	0.98	0.5	1
596.7905	0.98	0.5	1
606.8504999999999	0.94	0.5	1
617.9839	0.99	0.4	1
630.4572999999999	1.0	0.5	1
644.0040999999999	0.94	0.4	1
658.8908999999999	0.98	0.5	1
674.8510999999999	0.97	0.4	1
692.1512999999999	0.92	0.5	1
710.7914999999999	0.97	0.5	1
730.5051	1.0	0.4	1
751.5586999999999	0.98	0.5	1
773.9522999999999	0.95	0.5	1
797.6859	0.99	0.5	1
822.4929	1.0	0.4	1
848.6399	0.85	0.5	1
875.8603	0.99	0.4	1
904.1541000000001	0.97	0.4	1
933.5213000000001	0.96	0.4	1
963.9619000000001	1.0	0.4	1
995.4759000000001	1.0	0.4	1
1028.0633000000003	0.99	0.4	1
1061.7241000000004	0.97	0.4	1
1096.7249000000004	1.0	0.5	1
1133.0657000000003	0.93	0.5	1
1170.4799000000003	0.94	0.4	1
1203.7675000000004	1.0	0.7	1
1205.3742000000004	0.78	0.6	1
1208.3209000000004	0.94	0.5	1
1212.6076000000005	0.55	0.5	1
1218.7677000000006	0.35	0.7	1
1226.2678000000005	0.27	0.5	1
1234.8413000000005	0.31	0.4	1
1244.7548000000006	0.88	0.5	1
1255.7417000000007	0.57	0.4	1
1268.3353000000006	0.28	0.6	1
1282.5356000000006	0.75	0.6	1
1298.0759000000005	0.26	0.5	1
1314.6896000000006	0.31	0.4	1
1332.9100000000005	0.79	0.6	1
1352.4704000000006	0.59	0.5	1
1373.9042000000006	0.22	0.7	1
1396.6780000000006	0.56	0.5	1
1421.0585000000005	0.84	0.6	1
1447.0457000000006	0.5	0.6	1
1474.3729000000005	0.89	0.5	1
1502.7735000000005	0.3	0.4	1
1532.7808000000005	0.26	0.6	1
1564.6615000000004	0.25	0.7	1
1597.8822000000005	0.89	0.5	1
1632.7096000000004	0.25	0.6	1
1668.6104000000003	0.92	0.4	1
1705.8512000000003	0.3	0.5	1
1744.6987000000004	0.28	0.6	1
1785.4196000000004	0.24	0.7	1
1828.0139000000004	0.24	0.7	1
1871.9482000000003	0.97	0.5	1
1917.2225000000003	0.24	0.5	1
1964.3702000000003	0.24	0.7	1
2012.5913000000003	0.41	0.4	1
2061.8858000000005	0.32	0.4	1
2112.5203000000006	0.93	0.5	1
2164.4948000000004	0.93	0.5	1
2218.3427000000006	0.18	0.7	1
2274.0640000000008	0.22	0.7	1
2330.8587000000007	0.34	0.4	1
2388.9934000000007	0.33	0.5	1
2448.468100000001	0.91	0.5	1
2509.816200000001	0.19	0.7	1
2572.504300000001	0.93	0.5	1
2637.0658000000008	0.25	0.7	1
2703.500700000001	0.24	0.7	1
2771.542300000001	0.22	0.6	1
2841.457300000001	0.22	0.7	1
2912.712300000001	0.9	0.5	1
2985.307300000001	0.3	0.5	1
3059.509000000001	0.84	0.6	1
3135.317400000001	0.8	0.6	1
3212.732500000001	0.81	0.6	1
3291.487600000001	0.33	0.5	1
3372.1161000000006	0.19	0.7	1
3454.0846000000006	0.3	0.5	1
3537.3931000000007	0.95	0.5	1
3622.0416000000005	0.85	0.5	1
3708.0301000000004	0.9	0.5	1
3795.6253000000006	0.54	0.6	1
3884.8272000000006	0.29	0.6	1
3975.369100000001	0.3	0.5	1
4066.9844000000007	0.68	0.4	1
4160.473100000001	0.23	0.7	1
4255.301800000001	0.84	0.5	1
4351.470500000001	0.93	0.5	1
4447.712600000002	0.36	0.4	1
4545.561400000001	0.34	0.6	1
4644.483600000001	0.5	0.4	1
4745.279200000002	0.23	0.7	1
4847.148200000001	0.35	0.4	1
4950.623900000001	0.27	0.6	1
5055.706300000002	0.2	0.6	1
5162.662100000001	0.3	0.7	1
5270.957900000001	0.41	0.5	1
5380.327100000001	0.38	0.4	1
5491.569700000001	0.23	0.7	1
5604.685700000001	0.28	0.7	1
5719.675100000001	0.35	0.7	1
5836.537900000001	0.31	0.7	1
5955.274100000001	0.17	0.7	1
6075.083700000001	0.31	0.4	1
6196.766700000001	0.23	0.7	1
6319.789700000001	0.45	0.5	1
6443.686100000001	0.18	0.7	1
6569.189200000001	0.12	0.6	1
6696.032300000001	0.29	0.5	1
6824.748800000001	0.14	0.7	1
6955.072000000001	0.24	0.6	1
7087.268600000001	0.18	0.7	1
7220.805200000002	0.23	0.5	1
7356.2152000000015	0.19	0.7	1
7493.231900000002	0.19	0.6	1
7632.122000000001	0.16	0.7	1
7772.618800000001	0.27	0.6	1
7914.722300000001	0.2	0.6	1
8058.432500000001	0.19	0.6	1
8203.4827	0.22	0.5	1
8349.8729	0.34	0.5	1
8498.1365	0.25	0.7	1
8648.273500000001	0.24	0.7	1
8799.750500000002	0.29	0.5	1
8953.100900000001	0.24	0.7	1
9107.7913	0.2	0.5	1
9264.0884	0.2	0.6	1
9421.7255	0.28	0.5	1
9581.236	0.26	0.7	1
9742.353200000001	0.26	0.6	1
9905.077100000002	0.13	0.6	1
10069.407700000002	0.13	0.6	1
10234.811700000002	0.23	0.4	1
10401.822400000003	0.26	0.6	1
10569.906500000003	0.23	0.4	1
10738.597300000003	0.31	0.6	1
10909.161500000004	0.16	0.7	1
11081.332400000003	0.18	0.6	1
11254.576700000003	0.16	0.4	1
11429.161000000004	0.23	0.5	1
11605.618700000005	0.19	0.7	1
11783.949800000004	0.12	0.7	1
11963.887600000004	0.16	0.6	1
12145.698800000004	0.19	0.7	1
12329.383400000004	0.2	0.7	1
12514.141400000004	0.21	0.4	1
12700.772800000004	0.13	0.7	1
12889.277600000005	0.17	0.7	1
13078.855800000005	0.24	0.4	1
13270.307400000005	0.19	0.7	1
13463.632400000006	0.21	0.7	1
13658.564100000005	0.19	0.6	1
13855.102500000005	0.12	0.6	1
14052.980900000004	0.14	0.5	1
14252.466000000004	0.11	0.6	1
14453.557800000004	0.11	0.6	1
14655.989600000004	0.21	0.5	1
14860.294800000005	0.15	0.7	1
15066.206700000004	0.22	0.6	1
15273.992000000004	0.17	0.7	1
15483.650700000004	0.13	0.7	1
15695.182800000004	0.19	0.7	1
15908.054900000005	0.14	0.5	1
16122.533700000005	0.19	0.6	1
16338.885900000005	0.73	0.7	1
16556.844800000006	0.2	0.6	1
16776.143700000008	0.13	0.5	1
16997.049300000006	0.17	0.6	1
17219.561600000005	0.19	0.6	1
17443.413900000003	0.14	0.5	1
17668.872900000002	0.17	0.6	1
17895.6719	0.15	0.5	1
18124.3443	0.11	0.7	1
18353.8901	0.09	0.7	1
18585.3093	0.14	0.7	1
18818.3352	0.13	0.6	1
19052.701100000002	0.16	0.5	1
19288.140400000004	0.36	0.4	1
19525.186400000002	0.15	0.6	1
19763.8391	0.16	0.6	1
20004.0985	0.19	0.6	1
20246.2313	0.15	0.7	1
20489.7041	0.14	0.5	1
20734.5169	0.22	0.5	1
20980.9364	0.13	0.6	1
21228.6959	0.13	0.5	1
21477.7954	0.12	0.5	1
21728.5016	0.12	0.6	1
21980.5478	0.16	0.5	1
22234.4674	0.15	0.7	1
22490.260400000003	0.17	0.7	1
22747.393400000004	0.17	0.5	1
23006.399800000003	0.24	0.7	1
23266.479600000002	0.17	0.4	1
23528.166100000002	0.25	0.6	1
23791.459300000002	0.18	0.6	1
24056.092500000002	0.25	0.5	1
24322.065700000003	0.12	0.5	1
24589.912300000004	0.31	0.7	1
24859.365600000005	0.34	0.6	1
25130.425600000006	0.14	0.6	1
25403.092300000008	0.13	0.6	1
25677.365700000006	0.27	0.6	1
25953.512500000004	0.24	0.7	1
26230.732700000004	0.18	0.4	1
26509.559600000004	0.21	0.6	1
26789.459900000005	0.18	0.4	1
27071.233600000007	0.24	0.7	1
27354.880700000005	0.14	0.7	1
27639.867800000004	0.14	0.5	1
27926.461600000002	0.21	0.6	1
28214.3954	0.26	0.5	1
28503.6692	0.15	0.5	1
28794.283	0.24	0.5	1
29086.7702	0.11	0.7	1
29380.5974	0.24	0.5	1
29675.7646	0.13	0.5	1
29972.5385	0.13	0.6	1
30270.6524	0.19	0.5	1
30570.6397	0.13	0.7	1
30872.2337	0.19	0.6	1
31175.434400000002	0.12	0.6	1
31480.508500000004	0.33	0.7	1
31786.922600000005	0.15	0.5	1
32094.943400000004	0.12	0.6	1
32404.837600000003	0.12	0.7	1
32716.3385	0.14	0.6	1
33029.1794	0.13	0.5	1
33343.8937	0.32	0.7	1
33659.948000000004	0.15	0.5	1
33977.875700000004	0.18	0.7	1
34297.6768	0.26	0.7	1
34619.3513	0.09	0.7	1
34942.8992	0.15	0.7	1
35268.0538	0.13	0.6	1
35595.0818	0.21	0.7	1
35923.7165	0.12	0.6	1
36253.424600000006	0.2	0.4	1
36584.739400000006	0.12	0.6	1
36917.9276	0.16	0.7	1
37252.9892	0.25	0.7	1
37589.9242	0.16	0.7	1
37928.1992	0.15	0.5	1
38268.0809	0.31	0.6	1
38609.3026	0.34	0.5	1
38952.131	0.16	0.6	1
39296.832800000004	0.17	0.7	1
39642.8746	0.16	0.5	1
39990.789800000006	0.12	0.7	1
40340.311700000006	0.14	0.6	1
40691.4403	0.12	0.6	1
41043.9089	0.24	0.5	1
41397.7175	0.16	0.5	1
41752.5995	0.24	0.4	1
42108.8215	0.15	0.5	1
42466.9169	0.15	0.7	1
42826.8857	0.15	0.7	1
43188.7279	0.23	0.7	1
43552.1768	0.16	0.6	1
43916.9657	0.15	0.5	1
44282.361300000004	0.35	0.6	1
44475.630300000004	1.0	0.7	1
44542.2393	0.43	0.5	1
44610.1883	0.41	0.5	1
44680.0107	0.3	0.7	1
44751.1731	0.37	0.5	1
44823.9422	0.35	0.6	1
44898.318	0.35	0.6	1
44974.3005	0.35	0.6	1
45051.623	0.38	0.5	1
45130.5522	0.37	0.6	1
45211.3548	0.31	0.7	1
45293.7641	0.38	0.6	1
45377.7801	0.38	0.6	1
45463.1361	0.3	0.5	1
45550.0988	0.34	0.6	1
45638.6682	0.34	0.6	1
45728.8443	0.32	0.6	1
45820.6271	0.31	0.6	1
45914.016599999995	0.33	0.6	1
46009.2795	0.3	0.7	1
46106.149099999995	0.36	0.6	1
46204.092099999994	0.45	0.4	1
46303.6418	0.36	0.6	1
46404.7982	0.41	0.6	1
46507.561299999994	0.31	0.6	1
46611.664399999994	0.39	0.5	1
46717.37419999999	0.32	0.6	1
46824.42399999999	0.34	0.5	1
46933.08049999999	0.33	0.6	1
47043.34369999999	0.33	0.6	1
47154.94689999999	0.36	0.5	1
47268.15679999999	0.39	0.6	1
47382.97339999999	0.37	0.6	1
47499.39669999999	0.34	0.6	1
47617.15999999999	0.4	0.5	1
47736.79669999999	0.34	0.7	1
47857.77339999999	0.36	0.5	1
47980.090099999994	0.34	0.5	1
48099.74679999999	0.41	0.5	1
48101.62019999999	0.88	0.7	1
48103.49359999999	0.84	0.7	1
48107.24039999999	0.78	0.7	1
48112.860599999985	0.88	0.7	1
48114.46729999998	0.45	0.6	1
48117.41399999998	0.49	0.5	1
48121.70069999998	0.47	0.5	1
48127.32739999998	0.5	0.5	1
48134.29409999998	0.51	0.5	1
48136.167499999974	0.94	0.7	1
48137.50749999997	0.2	0.5	1
48140.18749999997	0.2	0.5	1
48144.20749999997	0.26	0.5	1
48145.28089999997	0.92	0.4	1
48146.35429999997	0.25	0.4	1
48148.50109999997	0.25	0.4	1
48151.721299999976	0.83	0.4	1
48156.01489999997	0.24	0.4	1
48161.38189999997	0.27	0.4	1
48168.35559999997	0.74	0.6	1
48176.40269999998	0.74	0.4	1
48185.523199999974	0.24	0.4	1
48195.983699999975	0.29	0.5	1
48207.78419999997	0.27	0.5	1
48220.65809999997	0.8	0.4	1
48234.60539999997	0.88	0.4	1
48236.47879999997	0.62	0.7	1
48240.22559999997	0.66	0.7	1
48245.579099999966	0.74	0.6	1
48252.53929999997	0.68	0.6	1
48261.372899999966	0.64	0.7	1
48271.81319999997	0.69	0.6	1
48283.86019999997	0.67	0.6	1
48297.51389999997	0.7	0.6	1
48312.77429999997	0.7	0.6	1
48329.64139999997	0.7	0.6	1
48348.11519999997	0.78	0.6	1
48368.19569999997	0.67	0.6	1
48389.88289999997	0.71	0.6	1
48413.443499999965	0.68	0.7	1
48438.344099999966	0.7	0.5	1
48464.85139999996	0.7	0.6	1
48492.965399999965	0.71	0.6	1
48522.68609999996	0.71	0.6	1
48554.013499999965	0.7	0.6	1
48586.41429999997	0.32	0.4	1
48620.42179999997	0.68	0.6	1
48656.03599999997	0.7	0.6	1
48693.25689999997	0.75	0.6	1
48732.08449999997	0.68	0.6	1
48772.51879999997	0.66	0.6	1
48814.559799999966	0.66	0.6	1
48858.20749999997	0.7	0.6	1
48903.461899999966	0.72	0.6	1
48950.32299999997	0.66	0.6	1
48951.39639999997	0.92	0.4	1
48953.809799999966	0.8	0.5	1
48957.56319999997	0.79	0.5	1
48958.63659999997	0.63	0.4	1
48959.976599999965	0.34	0.5	1
48962.38999999996	0.39	0.4	1
48965.87679999996	0.53	0.4	1
48970.43699999996	0.47	0.4	1
48976.07059999996	0.49	0.4	1
48982.777599999965	0.42	0.4	1
48990.55799999997	0.48	0.4	1
48999.411799999965	0.43	0.4	1
49009.33899999996	0.51	0.4	1
49020.33959999996	0.41	0.4	1
49032.41359999996	0.54	0.4	1
49045.560999999965	0.49	0.4	1
49060.04839999996	0.27	0.5	1
49075.60919999996	0.49	0.4	1
49090.509999999966	0.37	0.5	1
49092.38339999996	0.91	0.7	1
49093.72339999996	0.1	0.5	1
49096.40339999996	0.05	0.5	1
49097.743399999956	0.53	0.5	1
49100.690099999956	0.53	0.6	1
49105.24349999995	0.5	0.6	1
49111.403599999954	0.51	0.6	1
49118.90369999995	0.56	0.5	1
49127.47719999995	0.59	0.4	1
49137.39069999995	0.57	0.5	1
49148.91089999995	0.52	0.6	1
49157.771099999954	0.53	0.5	1
49167.971299999954	0.55	0.5	1
49179.77819999996	0.48	0.6	1
49192.92509999996	0.49	0.5	1
49207.67869999995	0.5	0.6	1
49208.752099999954	0.5	0.4	1
49210.62549999995	0.67	0.7	1
49213.57229999995	0.65	0.4	1
49217.59249999995	0.66	0.4	1
49222.48609999995	0.65	0.7	1
49229.25309999995	0.63	0.7	1
49237.09349999995	0.59	0.4	1
49246.80729999995	0.64	0.7	1
49258.39449999995	0.64	0.7	1
49271.85509999995	0.58	0.7	1
49287.18909999995	0.61	0.7	1
49303.86309999995	0.61	0.5	1
49322.410499999954	0.65	0.7	1
49340.297899999954	0.56	0.5	1
49341.371299999955	0.07	0.4	1
49343.51809999996	0.13	0.4	1
49346.73829999996	0.29	0.4	1
49351.03189999996	0.12	0.4	1
49356.39889999996	0.06	0.4	1
49362.839299999956	0.06	0.4	1
49370.35309999996	0.12	0.4	1
49378.94029999996	0.12	0.4	1
49388.60089999996	0.12	0.4	1
49399.33489999996	0.12	0.4	1
49411.142299999956	0.14	0.4	1
49412.74899999995	0.44	0.6	1
49415.69569999995	0.56	0.5	1
49419.98239999995	0.57	0.5	1
49425.87579999995	0.45	0.6	1
49433.10919999995	0.56	0.5	1
49441.94929999995	0.54	0.6	1
49452.39609999995	0.54	0.6	1
49463.916299999946	0.56	0.4	1
49476.77649999995	0.66	0.5	1
49490.710099999946	0.53	0.4	1
49505.983699999946	0.51	0.5	1
49522.86399999994	0.52	0.6	1
49524.20399999994	0.26	0.5	1
49525.810699999936	0.65	0.6	1
49529.02409999994	0.67	0.6	1
49533.577499999934	0.84	0.5	1
49539.737599999935	0.75	0.6	1
49547.77109999993	0.27	0.7	1
49557.144599999934	0.75	0.5	1
49568.12479999993	0.69	0.6	1
49580.711699999934	0.74	0.6	1
49594.90529999993	0.72	0.6	1
49610.438899999936	0.81	0.5	1
49627.579199999935	0.7	0.6	1
49646.05949999994	0.77	0.5	1
49666.14649999994	0.74	0.6	1
49687.84019999994	0.64	0.6	1
49711.14059999994	0.73	0.6	1
49735.78099999994	0.77	0.5	1
49762.02809999994	0.73	0.6	1
49789.615199999935	0.8	0.5	1
49818.542299999935	0.79	0.5	1
49849.34279999993	0.27	0.7	1
49881.749999999935	0.69	0.6	1
49915.76389999993	0.68	0.6	1
49951.384499999935	0.66	0.6	1
49988.87849999993	0.69	0.7	1
50027.979199999936	0.71	0.6	1
50068.686599999935	0.8	0.6	1
50110.73399999994	0.77	0.5	1
50154.65479999994	0.64	0.7	1
50200.448999999935	0.37	0.7	1
50247.849899999936	0.75	0.6	1
50296.85749999993	0.32	0.6	1
50347.471799999934	0.74	0.6	1
50399.69279999993	0.72	0.6	1
50453.52049999993	0.76	0.6	1
50508.68819999993	0.84	0.5	1
50565.46259999993	0.79	0.6	1
50623.57699999993	0.76	0.5	1
50683.298099999934	0.79	0.6	1
50744.35919999993	0.8	0.5	1
50806.760299999936	0.85	0.5	1
50870.768099999936	0.69	0.6	1
50936.38259999994	0.3	0.6	1
51003.60379999994	0.67	0.6	1
51072.431699999936	0.32	0.6	1
51142.599599999936	0.75	0.5	1
51214.10749999993	0.74	0.5	1
51215.44749999993	0.79	0.5	1
51218.12749999993	0.8	0.5	1
51221.88089999993	0.84	0.4	1
51226.97429999993	0.84	0.5	1
51233.40769999993	0.76	0.5	1
51240.91449999993	0.78	0.4	1
51249.76129999993	0.84	0.5	1
51259.948099999936	0.78	0.5	1
51271.474899999936	0.78	0.5	1
51284.075099999936	0.74	0.4	1
51298.01529999993	0.79	0.5	1
51313.295499999935	0.74	0.5	1
51329.91569999993	0.83	0.5	1
51331.78909999993	0.71	0.7	1
51335.26919999993	0.77	0.6	1
51340.62269999993	0.73	0.7	1
51347.58289999993	0.77	0.6	1
51356.41649999993	0.72	0.7	1
51367.12349999993	0.77	0.7	1
51379.43719999993	0.73	0.6	1
51393.35759999993	0.75	0.6	1
51408.88469999993	0.77	0.6	1
51426.28519999993	0.73	0.7	1
51445.55909999993	0.72	0.7	1
51466.70639999993	0.74	0.7	1
51489.72709999993	0.73	0.7	1
51514.62119999993	0.72	0.7	1
51541.12199999993	0.72	0.6	1
51569.49619999993	0.68	0.7	1
51599.47709999993	0.75	0.6	1
51631.06469999993	0.76	0.6	1
51664.52569999993	0.74	0.7	1
51699.86009999993	0.78	0.7	1
51736.80119999993	0.77	0.6	1
51775.61569999993	0.74	0.7	1
51816.30359999993	0.73	0.7	1
51858.86489999993	0.69	0.7	1
51903.299599999926	0.73	0.7	1
51949.60769999993	0.69	0.7	1
51997.52249999993	0.77	0.6	1
52047.31069999993	0.75	0.7	1
52098.70559999993	0.79	0.6	1
52151.97389999993	0.75	0.7	1
52206.58219999993	0.83	0.5	1
52263.06389999993	0.72	0.7	1
52321.41899999993	0.74	0.7	1
52381.64749999993	0.71	0.7	1
52443.48269999993	0.77	0.6	1
52507.191299999926	0.74	0.7	1
52572.77329999993	0.73	0.7	1
52639.96199999993	0.77	0.6	1
52671.16869999993	0.01	11.7	1
52672.24209999993	0.46	0.4	1
52674.38889999993	0.48	0.4	1
52677.609099999936	0.24	0.4	1
52681.90269999993	0.25	0.4	1
52687.26969999993	0.23	0.4	1
52711.80969999993	0.58	9.2	1
52713.41639999993	0.07	0.6	1
52715.289799999926	0.86	0.7	1
52716.89649999992	0.07	0.6	1
52720.10989999992	0.08	0.6	1
52721.71659999992	0.45	0.6	1
52724.92999999992	0.46	0.6	1
52729.75009999992	0.47	0.6	1
52736.17689999992	0.44	0.6	1
52744.210399999916	0.45	0.6	1
52753.85059999992	0.42	0.6	1
52755.723999999915	0.63	0.7	1
52759.470799999915	0.54	0.7	1
52764.82429999991	0.64	0.6	1
52771.517799999914	0.66	0.5	1
52780.08469999991	0.65	0.7	1
52790.524999999914	0.68	0.7	1
52802.57199999991	0.7	0.6	1
52816.492399999916	0.61	0.7	1
52832.286199999915	0.6	0.7	1
52849.95339999992	0.68	0.7	1
52869.49399999992	0.64	0.7	1
52890.907999999916	0.71	0.7	1
52913.92869999992	0.68	0.6	1
52938.822799999914	0.68	0.7	1
52965.590299999916	0.61	0.7	1
52993.964499999915	0.65	0.6	1
53024.21209999992	0.6	0.7	1
53056.066399999916	0.62	0.6	1
53089.79409999992	0.65	0.7	1
53125.39519999992	0.61	0.7	1
53162.602999999915	0.64	0.6	1
53201.684199999916	0.63	0.7	1
53242.63879999991	0.63	0.7	1
53285.200099999915	0.64	0.6	1
53329.63479999991	0.64	0.7	1
53375.676199999914	0.69	0.6	1
53423.32429999991	0.66	0.6	1
53472.579099999915	0.63	0.6	1
53523.440599999914	0.55	0.6	1
53576.17549999992	0.65	0.7	1
53630.78379999992	0.57	0.7	1
53687.265499999914	0.62	0.7	1
53745.620599999915	0.61	0.7	1
53805.58239999991	0.59	0.6	1
53867.41759999991	0.65	0.7	1
53931.12619999991	0.67	0.7	1
53996.44149999991	0.71	0.6	1
54063.36349999991	0.6	0.6	1
54132.158899999915	0.61	0.7	1
54202.560999999914	0.68	0.6	1
54274.83649999992	0.66	0.7	1
54348.98539999992	0.61	0.7	1
54424.740999999914	0.61	0.6	1
54502.369999999915	0.54	0.7	1
54581.87239999991	0.68	0.7	1
54663.248199999915	0.62	0.7	1
54746.23069999991	0.68	0.6	1
54831.086599999915	0.59	0.7	1
54917.815899999914	0.63	0.7	1
55006.41859999992	0.66	0.7	1
55096.89469999992	0.69	0.7	1
55189.244199999914	0.64	0.7	1
55283.467099999914	0.59	0.7	1
55379.56339999991	0.6	0.7	1
55477.26639999991	0.69	0.6	1
55576.84279999991	0.66	0.7	1
55677.75919999991	0.67	0.5	1
55780.54899999991	0.64	0.7	1
55885.212199999914	0.64	0.7	1
55991.482099999914	0.75	0.6	1
56099.62539999992	0.56	0.7	1
56209.37539999992	0.71	0.6	1
56320.998799999914	0.64	0.7	1
56434.495599999915	0.7	0.7	1
56549.59909999991	0.69	0.6	1
56666.30929999991	0.63	0.6	1
56784.89289999991	0.76	0.7	1
56905.349899999914	0.65	0.7	1
57027.68029999991	0.78	0.7	1
57151.350699999915	0.67	0.5	1
57276.894499999915	0.62	0.7	1
57404.31169999992	0.64	0.7	1
57533.60229999992	0.62	0.7	1
57664.766299999916	0.67	0.7	1
57797.80369999992	0.63	0.7	1
57932.714499999915	0.67	0.7	1
58069.49869999992	0.59	0.7	1
58208.156299999915	0.61	0.7	1
58348.42059999992	0.6	0.6	1
58490.55829999992	0.62	0.7	1
58634.30269999992	0.59	0.6	1
58779.92049999992	0.65	0.7	1
58927.41169999992	0.62	0.7	1
59076.77629999992	0.62	0.7	1
59228.014299999915	0.63	0.7	1
59380.85899999992	0.69	0.6	1
59535.577099999915	0.6	0.7	1
59692.16859999992	0.72	0.7	1
59850.366799999916	0.69	0.6	1
60010.43839999992	0.65	0.7	1
60171.84999999992	0.69	0.5	1
60335.13499999992	0.6	0.7	1
60500.29339999992	0.61	0.7	1
60667.32519999992	0.62	0.7	1
60836.23039999992	0.67	0.7	1
61006.74229999992	0.67	0.6	1
61178.59419999992	0.72	0.5	1
61352.31949999992	0.59	0.7	1
61526.65149999992	0.92	0.6	1
61702.32349999992	0.89	0.5	1
61879.33549999992	0.95	0.5	1
62057.68749999992	0.94	0.5	1
62237.64619999992	0.9	0.6	1
62418.94489999992	0.92	0.5	1
62601.583599999925	0.96	0.5	1
62769.29569999992	0.87	0.4	1
62844.61449999992	0.53	0.6	1
62921.53999999992	0.5	0.6	1
62999.53889999992	0.87	0.4	1
63078.61119999992	0.84	0.4	1
63159.02349999992	0.83	0.5	1
63240.77579999992	0.79	0.5	1
63323.601499999924	0.67	0.4	1
63408.03389999992	0.45	0.6	1
63493.53969999992	0.76	0.4	1
63580.11889999992	0.84	0.4	1
63667.77149999992	0.8	0.4	1
63756.497499999925	0.73	0.4	1
63846.29689999993	0.91	0.4	1
63937.169699999926	0.81	0.4	1
64029.64919999993	0.49	0.6	1
64123.20209999993	0.93	0.4	1
64217.82839999993	0.83	0.4	1
64313.52809999993	0.85	0.4	1
64410.30119999993	0.81	0.4	1
64508.14769999993	0.74	0.4	1
64607.33419999993	0.9	0.5	1
64707.59409999993	0.76	0.4	1
64809.46069999993	0.5	0.6	1
64912.93399999993	0.51	0.6	1
65017.48069999993	0.9	0.4	1
65123.10079999993	0.9	0.4	1
65229.79429999993	0.81	0.4	1
65336.56119999993	0.78	0.4	1
65390.401499999934	0.6	0.4	1
65445.581799999934	0.47	0.5	1
65502.10209999993	0.49	0.5	1
65559.69579999993	0.64	0.4	1
65618.36289999993	0.57	0.4	1
65678.10339999993	0.59	0.4	1
65738.91729999993	0.62	0.4	1
65800.80459999993	0.58	0.4	1
65863.76529999993	0.62	0.4	1
65927.79939999993	0.55	0.4	1
65993.17349999993	0.5	0.5	1
66059.62099999993	0.52	0.4	1
66127.14189999993	0.57	0.4	1
66195.73619999993	0.56	0.4	1
66265.40389999993	0.57	0.4	1
66336.41159999993	0.49	0.5	1
66408.49269999993	0.59	0.4	1
66481.64719999993	0.55	0.4	1
66555.87509999993	0.62	0.4	1
66631.17639999994	0.61	0.4	1
66707.55109999994	0.53	0.4	1
66785.26579999994	0.5	0.5	1
66864.05389999994	0.59	0.4	1
66943.91539999994	0.54	0.4	1
67024.85029999993	0.62	0.4	1
67107.12519999994	0.52	0.5	1
67190.47349999993	0.52	0.4	1
67274.89519999994	0.65	0.4	1
67360.39029999994	0.5	0.4	1
67446.95879999993	0.54	0.4	1
67534.60069999994	0.54	0.4	1
67536.47409999993	0.73	0.7	1
67540.22089999993	0.7	0.7	1
67545.57439999992	0.76	0.6	1
67552.26789999992	0.87	0.5	1
67560.56809999992	0.87	0.6	1
67570.74169999991	0.86	0.7	1
67582.78869999992	0.84	0.7	1
67596.70909999992	0.71	0.7	1
67612.23619999993	0.81	0.6	1
67629.63669999993	0.7	0.7	1
67648.91059999993	0.71	0.7	1
67670.05789999993	0.72	0.7	1
67692.81189999993	0.76	0.6	1
67717.43929999993	0.69	0.7	1
67743.14009999993	0.81	0.4	1
67770.44759999993	0.73	0.6	1
67799.36179999993	0.8	0.6	1
67829.88269999993	0.78	0.6	1
67862.27699999993	0.73	0.7	1
67896.27799999993	0.76	0.6	1
67931.88569999993	0.74	0.6	1
67968.56679999993	0.8	0.4	1
68007.12129999993	0.87	0.7	1
68047.28249999993	0.86	0.6	1
68089.05039999993	0.79	0.6	1
68132.42499999993	0.75	0.6	1
68177.67299999994	0.94	0.7	1
68224.79439999994	0.67	0.7	1
68273.52249999993	0.76	0.6	1
68324.12399999994	0.8	0.7	1
68376.59889999994	0.87	0.7	1
68430.14719999993	0.81	0.4	1
68485.30219999993	0.79	0.6	1
68542.33059999993	0.73	0.7	1
68601.23239999994	0.82	0.7	1
68662.00759999994	0.68	0.7	1
68724.38949999993	0.71	0.6	1
68788.64479999994	0.69	0.7	1
68835.97349999993	0.47	0.4	1
68884.37559999994	0.45	0.4	1
68933.85109999994	0.51	0.4	1
68984.39999999994	0.47	0.4	1
69036.02229999994	0.52	0.4	1
69088.71799999994	0.54	0.4	1
69142.48709999994	0.5	0.4	1
69197.32959999994	0.47	0.4	1
69253.24549999995	0.49	0.4	1
69310.23479999995	0.45	0.4	1
69368.56409999995	0.4	0.5	1
69427.96679999995	0.5	0.4	1
69488.44289999995	0.42	0.4	1
69490.04959999995	0.07	0.6	1
69493.26299999995	0.07	0.6	1
69498.08309999995	0.06	0.6	1
69504.50989999995	0.05	0.6	1
69512.54339999995	0.07	0.6	1
69521.65029999995	0.63	0.4	1
69532.36389999995	0.07	0.6	1
69544.68419999996	0.06	0.6	1
69558.61119999996	0.07	0.6	1
69574.14489999996	0.08	0.6	1
69591.28529999996	0.06	0.6	1
69610.03239999995	0.05	0.6	1
69630.38619999995	0.06	0.6	1
69652.34669999995	0.07	0.6	1
69675.91389999996	0.07	0.6	1
69700.55449999995	0.65	0.4	1
69726.80179999996	0.07	0.6	1
69754.65579999996	0.06	0.6	1
69783.58319999996	0.58	0.4	1
69814.11729999997	0.05	0.6	1
69846.25809999996	0.07	0.6	1
69880.00559999996	0.07	0.6	1
69915.35979999996	0.07	0.6	1
69951.78739999996	0.59	0.4	1
69989.82169999996	0.07	0.6	1
70028.92939999995	0.65	0.4	1
70069.64379999995	0.06	0.6	1
70111.96489999995	0.06	0.6	1
70155.89269999995	0.11	0.6	1
70201.42719999995	0.05	0.6	1
70248.56839999995	0.05	0.6	1
70297.31629999995	0.05	0.6	1
70347.67089999995	0.05	0.6	1
70348.74429999995	0.85	0.4	1
70350.35099999995	0.35	0.6	1
70352.22439999995	0.6	0.7	1
70355.70449999995	0.68	0.6	1
70360.79129999995	0.66	0.6	1
70362.48479999995	0.73	0.6	1
70363.82479999994	1.0	0.5	1
70366.77149999994	0.89	0.6	1
70368.64489999994	0.47	0.7	1
70372.12499999994	0.58	0.6	1
70377.47849999994	0.47	0.7	1
70384.70539999993	0.46	0.7	1
70393.80569999994	0.47	0.7	1
70395.41239999994	0.65	0.6	1
70398.09249999994	1.0	0.4	1
70402.64599999994	0.77	0.7	1
70408.80619999993	0.58	0.6	1
70416.30639999993	0.87	0.5	1
70425.67999999993	0.68	0.7	1
70436.12699999993	0.98	0.4	1
70448.18069999994	0.8	0.6	1
70461.57439999994	0.89	0.5	1
70476.30809999994	0.91	0.5	1
70492.91519999993	0.62	0.7	1
70511.12899999993	0.65	0.6	1
70530.68279999992	0.98	0.5	1
70551.84329999992	0.7	0.6	1
70574.87719999992	0.63	0.7	1
70599.78449999992	0.86	0.7	1
70626.56519999992	0.8	0.7	1
70655.21929999992	0.64	0.7	1
70685.21339999992	0.75	0.5	1
70716.28089999993	0.51	0.4	1
70748.42179999992	0.92	0.4	1
70781.90269999992	0.61	0.5	1
70816.72359999992	0.69	0.5	1
70853.41789999993	0.81	0.7	1
70891.98559999993	0.63	0.7	1
70893.05899999992	0.94	0.4	1
70895.20579999992	0.96	0.4	1
70896.54579999992	0.94	0.5	1
70897.61919999991	0.81	0.4	1
70899.76599999992	0.97	0.4	1
70903.25279999991	0.59	0.5	1
70904.85949999992	0.27	0.6	1
70906.46619999992	0.03	0.6	1
70907.80619999992	0.77	0.5	1
70909.14619999992	0.75	0.5	1
70911.55959999992	0.98	0.4	1
70915.04639999992	0.98	0.4	1
70920.13989999992	0.72	0.6	1
70926.30679999992	0.94	0.4	1
70933.54709999992	0.92	0.4	1
70942.12739999992	0.87	0.5	1
70951.78109999992	0.77	0.4	1
70962.77479999993	0.92	0.5	1
70975.10849999993	0.35	0.5	1
70988.51559999993	0.9	0.4	1
71002.99609999993	0.99	0.4	1
71018.54999999993	0.93	0.4	1
71035.17729999992	0.99	0.4	1
71053.14459999993	0.81	0.5	1
71072.18529999992	0.86	0.4	1
71092.29939999993	0.81	0.4	1
71113.48689999993	0.89	0.4	1
71135.74779999992	0.49	0.4	1
71159.08209999993	1.0	0.4	1
71184.02309999993	0.7	0.6	1
71210.30409999994	0.86	0.5	1
71237.65849999993	1.0	0.4	1
71266.08629999994	0.94	0.4	1
71295.58749999994	1.0	0.4	1
71326.16209999994	0.97	0.4	1
71358.61009999995	0.25	0.7	1
71391.13149999994	0.66	0.4	1
71394.72629999995	0.61	0.4	1
71399.39449999995	0.57	0.4	1
71405.13609999995	0.51	0.4	1
71410.95109999995	0.48	0.4	1
71417.83949999994	0.45	0.4	1
71425.80129999995	0.45	0.4	1
71434.83649999995	0.47	0.4	1
71444.94509999995	0.46	0.4	1
71456.12709999995	0.5	0.4	1
71468.38249999995	0.52	0.4	1
71481.97789999995	0.36	0.5	1
71495.64669999995	0.58	0.4	1
71510.65549999995	0.41	0.5	1
71526.73769999995	0.47	0.4	1
71543.89329999995	0.47	0.4	1
71562.12229999996	0.57	0.4	1
71581.42469999996	0.51	0.4	1
71601.80049999995	0.62	0.4	1
71623.24969999996	0.5	0.4	1
71645.77229999995	0.5	0.4	1
71669.36829999996	0.6	0.4	1
71694.03769999996	0.51	0.4	1
71720.04709999995	0.46	0.5	1
71747.39649999996	0.42	0.5	1
71775.81929999996	0.47	0.4	1
71805.31549999995	0.57	0.4	1
71835.88509999996	0.61	0.4	1
71867.52809999995	0.58	0.4	1
71900.24449999996	0.55	0.4	1
71934.03429999996	0.53	0.4	1
71967.89749999996	0.44	0.4	1
72002.83409999996	0.44	0.4	1
72038.84409999996	0.48	0.4	1
72075.92749999996	0.41	0.4	1
72114.08429999996	0.38	0.4	1
72153.31449999996	0.49	0.4	1
72193.61809999996	0.48	0.4	1
72234.99509999996	0.41	0.4	1
72277.44549999996	0.45	0.4	1
72320.96929999995	0.49	0.4	1
72365.56649999996	0.43	0.4	1
72411.23709999995	0.56	0.4	1
72457.98109999996	0.55	0.4	1
72505.79849999996	0.43	0.4	1
72554.95589999996	0.4	0.5	1
72605.18669999996	0.43	0.4	1
72656.49089999996	0.42	0.4	1
72708.86849999997	0.45	0.4	1
72762.31949999997	0.5	0.4	1
72815.84389999996	0.53	0.4	1
72870.44169999997	0.43	0.4	1
72926.11289999996	0.61	0.4	1
72982.85749999997	0.48	0.4	1
73040.94209999997	0.44	0.5	1
73100.10009999997	0.57	0.4	1
73160.33149999997	0.42	0.4	1
73221.90289999997	0.38	0.5	1
73284.54769999997	0.56	0.4	1
73348.26589999997	0.57	0.4	1
73413.05749999997	0.55	0.4	1
73478.92249999997	0.48	0.4	1
73545.86089999997	0.5	0.4	1
73613.87269999996	0.44	0.4	1
73682.95789999996	0.54	0.4	1
73753.11649999996	0.58	0.4	1
73824.34849999996	0.41	0.4	1
73896.65389999996	0.55	0.4	1
73970.03269999997	0.4	0.4	1
74044.75149999997	0.41	0.5	1
74120.54369999997	0.53	0.4	1
74197.40929999997	0.52	0.4	1
74275.34829999997	0.61	0.4	1
74354.36069999998	0.62	0.4	1
74434.44649999998	0.48	0.4	1
74515.60569999997	0.46	0.4	1
74597.83829999997	0.41	0.4	1
74680.14429999997	0.54	0.4	1
74763.52369999998	0.42	0.4	1
74848.77649999998	0.2	0.7	1
74935.90269999998	0.22	0.7	1
75024.10229999998	0.45	0.4	1
75113.37529999999	0.45	0.4	1
75195.98829999998	0.27	0.5	1
75197.86169999998	0.41	0.7	1
75201.07509999997	0.44	0.5	1
75205.36189999997	0.57	0.4	1
75210.98869999997	0.47	0.5	1
75217.95549999997	0.48	0.5	1
75226.52899999997	0.45	0.6	1
75236.70919999997	0.42	0.6	1
75248.76279999997	0.36	0.7	1
75262.68979999996	0.39	0.7	1
75277.69019999997	0.57	0.4	1
75294.56399999997	0.35	0.7	1
75312.77779999997	0.43	0.5	1
75332.59829999997	0.43	0.6	1
75353.49219999996	0.55	0.4	1
75375.45949999997	0.62	0.4	1
75399.30019999997	0.38	0.7	1
75424.21429999996	0.61	0.4	1
75450.20179999997	0.58	0.4	1
75477.26269999996	0.55	0.4	1
75506.19699999996	0.36	0.7	1
75536.73799999995	0.43	0.6	1
75568.88569999996	0.46	0.6	1
75602.64009999996	0.43	0.6	1
75636.46789999996	0.46	0.4	1
75671.63569999996	0.52	0.5	1
75708.67689999996	0.38	0.7	1
75747.05809999997	0.53	0.5	1
75786.77929999997	0.48	0.5	1
75827.84049999996	0.48	0.5	1
75869.97509999997	0.48	0.4	1
75913.18309999997	0.57	0.4	1
75957.99779999997	0.4	0.6	1
76004.41919999997	0.36	0.6	1
76052.71399999998	0.32	0.7	1
76102.34879999998	0.48	0.5	1
76153.59029999998	0.36	0.6	1
76206.17179999998	0.48	0.5	1
76259.82669999998	0.53	0.4	1
76314.82159999998	0.48	0.5	1
76371.15649999998	0.46	0.5	1
76428.56479999998	0.56	0.4	1
76487.31309999998	0.44	0.5	1
76547.40139999999	0.44	0.5	1
76608.56309999998	0.58	0.4	1
76671.06479999998	0.44	0.5	1
76734.63989999998	0.54	0.4	1
76799.55499999998	0.39	0.5	1
76866.34349999997	0.32	0.7	1
76934.73869999997	0.36	0.6	1
77004.47389999997	0.42	0.5	1
77075.28249999997	0.52	0.4	1
77147.69779999997	0.38	0.6	1
77221.18649999997	0.5	0.4	1
77296.01519999997	0.46	0.5	1
77371.91729999997	0.53	0.4	1
77449.42609999997	0.39	0.6	1
77528.80829999996	0.33	0.7	1
77609.26389999996	0.53	0.4	1
77691.05949999996	0.47	0.5	1
77774.19509999995	0.47	0.5	1
77858.67069999996	0.47	0.5	1
77944.48629999996	0.44	0.5	1
78031.37529999996	0.56	0.4	1
78120.13769999996	0.29	0.7	1
78210.24009999997	0.45	0.5	1
78301.41589999996	0.51	0.4	1
78393.46509999996	0.35	0.7	1
78487.38769999996	0.4	0.7	1
78582.65029999996	0.49	0.5	1
78679.25289999996	0.42	0.5	1
78777.72889999996	0.39	0.7	1
78877.27829999996	0.51	0.4	1
78977.90109999996	0.58	0.4	1
79079.59729999996	0.54	0.4	1
79183.16689999997	0.35	0.7	1
79288.07649999997	0.41	0.5	1
79394.05949999996	0.57	0.4	1
79501.11589999996	0.55	0.4	1
79609.51229999996	0.46	0.5	1
79718.98209999996	0.49	0.4	1
79829.79189999997	0.51	0.5	1
79941.94169999997	0.45	0.5	1
80055.43149999996	0.43	0.5	1
80170.26129999997	0.47	0.5	1
80285.43109999997	0.42	0.5	1
80401.94089999997	0.46	0.5	1
80519.52409999997	0.48	0.4	1
80638.18069999997	0.48	0.4	1
80758.44399999997	0.39	0.6	1
80880.04729999998	0.39	0.5	1
81003.25729999998	0.43	0.6	1
81128.34069999999	0.33	0.7	1
81254.76409999999	0.45	0.5	1
81382.26089999998	0.48	0.4	1
81510.83109999998	0.59	0.4	1
81640.74129999998	0.44	0.5	1
81771.72489999999	0.57	0.4	1
81904.31519999998	0.4	0.6	1
82037.97889999999	0.56	0.4	1
82172.71599999999	0.5	0.4	1
82309.32649999998	0.33	0.7	1
82447.01039999998	0.58	0.4	1
82586.03429999998	0.48	0.5	1
82726.66489999999	0.39	0.6	1
82869.16889999999	0.39	0.7	1
83012.74629999998	0.48	0.4	1
83157.39709999999	0.4	0.4	1
83303.12129999998	0.57	0.4	1
83449.91889999999	0.46	0.4	1
83598.32319999998	0.39	0.6	1
83747.80089999999	0.51	0.4	1
83898.35199999998	0.5	0.4	1
84049.97649999999	0.61	0.4	1
84202.94099999999	0.5	0.5	1
84356.97889999999	0.55	0.4	1
84512.62349999999	0.47	0.6	1
84669.34149999998	0.52	0.4	1
84827.39949999998	0.42	0.5	1
84986.79749999999	0.52	0.5	1
85147.26889999998	0.61	0.4	1
85309.08029999999	0.48	0.5	1
85472.23169999999	0.5	0.5	1
85636.45649999999	0.58	0.4	1
85802.02129999998	0.45	0.5	1
85968.65949999998	0.57	0.4	1
86136.63769999998	0.46	0.5	1
86306.22259999998	0.38	0.6	1
86477.41419999998	0.44	0.6	1
86650.47919999999	0.35	0.7	1
86825.41759999999	0.41	0.7	1
87001.69599999998	0.41	0.5	1
87179.31439999999	0.4	0.5	1
87358.00619999999	0.51	0.4	1
87538.03799999999	0.45	0.5	1
87719.40979999998	0.49	0.5	1
87902.65499999998	0.4	0.7	1
88086.97359999998	0.48	0.4	1
88272.36559999999	0.5	0.4	1
88459.36429999999	0.37	0.6	1
88647.70299999998	0.4	0.5	1
88837.38169999998	0.47	0.5	1
89028.66709999998	0.45	0.6	1
89221.02589999998	0.52	0.4	1
89414.72469999998	0.46	0.5	1
89610.29689999997	0.32	0.7	1
89807.20909999998	0.42	0.5	1
90005.46129999998	0.44	0.5	1
90205.58689999998	0.35	0.7	1
90407.05249999998	0.49	0.5	1
90609.59149999998	0.54	0.4	1
90813.20389999998	0.61	0.4	1
91018.42299999998	0.47	0.6	1
91224.98209999998	0.44	0.5	1
91432.61459999999	0.49	0.4	1
91641.32049999999	0.53	0.4	1
91851.63309999999	0.38	0.6	1
92063.2857	0.54	0.5	1
92276.27829999999	0.43	0.5	1
92490.87759999999	0.38	0.6	1
92707.35029999999	0.35	0.7	1
92925.16299999999	0.42	0.5	1
93144.04909999999	0.52	0.4	1
93364.00859999999	0.55	0.4	1
93585.04149999999	0.5	0.4	1
93807.4144	0.53	0.5	1
94031.394	0.35	0.6	1
94256.9803	0.4	0.6	1
94483.9066	0.4	0.5	1
94712.1729	0.39	0.5	1
94942.04590000001	0.37	0.6	1
95173.25890000002	0.35	0.5	1
95405.81190000002	0.5	0.5	1
95639.70490000001	0.45	0.5	1
95874.9379	0.38	0.5	1
96111.51090000001	0.45	0.5	1
96349.42390000001	0.47	0.5	1
96588.4103	0.53	0.4	1
96829.27010000001	0.35	0.7	1
97071.46990000001	0.42	0.5	1
97315.27640000002	0.39	0.6	1
97560.42290000002	0.46	0.5	1
97806.90940000002	0.53	0.5	1
98054.46930000001	0.46	0.4	1
98303.90260000002	0.38	0.7	1
98554.94260000001	0.41	0.6	1
98807.32260000001	0.43	0.5	1
99060.77600000001	0.48	0.4	1
99316.10280000001	0.35	0.7	1
99572.76960000001	0.5	0.5	1
99830.77640000002	0.51	0.5	1
100090.12320000002	0.44	0.5	1
100351.07670000002	0.4	0.6	1
100613.37020000002	0.4	0.5	1
100877.00370000002	0.41	0.5	1
101141.71060000002	0.53	0.4	1
101408.02420000001	0.36	0.6	1
101675.41120000002	0.5	0.4	1
101944.13820000002	0.43	0.5	1
102213.93860000001	0.53	0.4	1
102485.3457	0.37	0.6	1
102758.0928	0.33	0.5	1
103032.7133	0.33	0.7	1
103308.4072	0.56	0.4	1
103585.17450000001	0.58	0.4	1
103863.01520000001	0.58	0.4	1
104141.9293	0.51	0.4	1
104422.4501	0.44	0.6	1
104704.04430000001	0.52	0.4	1
104986.71190000001	0.6	0.4	1
105270.4529	0.59	0.4	1
105555.53390000001	0.49	0.5	1
105842.2216	0.42	0.6	1
106130.24930000001	0.5	0.5	1
106419.8837	0.42	0.6	1
106710.59150000001	0.6	0.4	1
107003.17270000001	0.34	0.7	1
107296.8273	0.53	0.4	1
107592.35530000001	0.39	0.7	1
107888.95670000001	0.48	0.4	1
108186.8981	0.47	0.5	1
108485.91290000001	0.54	0.4	1
108786.5344	0.36	0.6	1
109088.2293	0.58	0.4	1
109391.2642	0.46	0.5	1
109695.90580000001	0.39	0.6	1
110001.8874	0.42	0.5	1
110309.47570000001	0.4	0.6	1
110618.1374	0.62	0.4	1
110927.87250000001	0.53	0.4	1
111238.94760000001	0.46	0.5	1
111551.62940000002	0.45	0.6	1
111865.38460000002	0.48	0.4	1
112181.01320000002	0.37	0.7	1
112498.51520000001	0.37	0.7	1
112817.89060000001	0.4	0.7	1
113138.8727	0.44	0.6	1
113460.92820000001	0.56	0.4	1
113784.0571	0.56	0.4	1
114108.52600000001	0.51	0.5	1
114434.33490000002	0.49	0.5	1
114762.01720000002	0.33	0.7	1
115090.77290000001	0.52	0.4	1
115420.86860000002	0.48	0.5	1
115752.03770000002	0.54	0.4	1
116084.81350000002	0.43	0.6	1
116419.19600000003	0.42	0.6	1
116754.65190000003	0.53	0.4	1
117091.44780000002	0.41	0.5	1
117429.58370000002	0.46	0.5	1
117768.79300000002	0.58	0.4	1
118109.60900000003	0.4	0.6	1
118452.29840000003	0.33	0.7	1
118796.32780000003	0.46	0.5	1
119141.96390000003	0.38	0.6	1
119488.94000000003	0.49	0.5	1
119837.25610000003	0.45	0.5	1
120187.44560000002	0.35	0.7	1
120539.24180000002	0.41	0.6	1
120892.11140000002	0.51	0.4	1
121246.32100000003	0.49	0.5	1
121601.87060000002	0.4	0.5	1
121958.76020000002	0.44	0.5	1
122317.25650000002	0.38	0.6	1
122676.82620000001	0.52	0.4	1
123037.46930000001	0.52	0.4	1
123399.45240000001	0.38	0.5	1
123762.50890000002	0.59	0.4	1
124126.63880000002	0.57	0.4	1
124492.37540000002	0.45	0.6	1
124859.18540000002	0.51	0.4	1
125227.33540000001	0.5	0.5	1
125597.09210000001	0.39	0.6	1
125967.92220000002	0.51	0.4	1
126340.09230000002	0.46	0.5	1
126713.33580000002	0.62	0.4	1
127087.91930000001	0.47	0.5	1
127463.57620000001	0.48	0.4	1
127840.83980000002	0.44	0.6	1
128219.17680000002	0.53	0.4	1
128599.38720000001	0.31	0.7	1
128980.67100000002	0.53	0.4	1
129363.29480000002	0.39	0.5	1
129747.79200000002	0.34	0.7	1
130133.62920000001	0.41	0.5	1
130520.53980000001	0.46	0.4	1
130908.79040000001	0.46	0.5	1
131298.38100000002	0.41	0.5	1
131689.045	0.47	0.4	1
132080.78240000003	0.54	0.4	1
132473.85980000003	0.47	0.5	1
132868.27720000004	0.49	0.5	1
133263.76800000004	0.53	0.4	1
133660.86550000004	0.4	0.6	1
134059.03640000004	0.49	0.4	1
134458.28070000003	0.43	0.4	1
134858.86500000002	0.42	0.5	1
135260.52270000003	0.53	0.4	1
135663.25380000003	0.61	0.4	1
136067.05830000003	0.55	0.4	1
136471.93620000003	0.55	0.4	1
136878.42080000002	0.39	0.6	1
137286.2454	0.43	0.5	1
137695.1434	0.46	0.4	1
138105.6481	0.42	0.6	1
138518.0262	0.4	0.7	1
138932.2777	0.37	0.7	1
139348.1359	0.37	0.6	1
139765.3341	0.46	0.5	1
140183.87230000002	0.43	0.5	1
140603.48390000002	0.56	0.4	1
141024.16890000002	0.59	0.4	1
141445.9273	0.59	0.4	1
141868.75910000002	0.5	0.4	1
142293.46430000002	0.35	0.7	1
142719.50950000001	0.43	0.5	1
143146.8947	0.44	0.5	1
143575.6199	0.46	0.5	1
144005.95179999998	0.43	0.6	1
144437.62369999997	0.5	0.5	1
144870.63559999998	0.43	0.5	1
145304.9875	0.43	0.5	1
145740.6794	0.52	0.5	1
146177.7113	0.41	0.5	1
146616.0832	0.41	0.5	1
147055.5285	0.42	0.4	1
147496.8472	0.39	0.7	1
147939.5059	0.41	0.5	1
148383.7713	0.37	0.6	1
148829.1101	0.55	0.4	1
149276.0556	0.4	0.6	1
149724.8745	0.3	0.7	1
150175.03340000001	0.53	0.5	1
150626.26570000002	0.53	0.4	1
151078.83800000002	0.45	0.5	1
151532.4837	0.59	0.4	1
151987.4694	0.43	0.5	1
152443.52850000001	0.59	0.4	1
152899.92760000002	0.4	0.5	1
153357.40010000003	0.51	0.4	1
153816.47930000004	0.35	0.6	1
154277.16520000005	0.39	0.6	1
154738.92450000005	0.47	0.4	1
155201.75720000005	0.49	0.4	1
155665.66330000004	0.55	0.4	1
156130.64280000003	0.5	0.4	1
156596.96230000004	0.43	0.5	1
157064.62180000005	0.41	0.5	1
157533.35470000005	0.36	0.4	1
158003.16100000005	0.45	0.4	1
158474.57400000005	0.39	0.6	1
158947.06040000005	0.49	0.4	1
159420.62020000003	0.45	0.4	1
159895.25340000005	0.57	0.4	1
160371.22660000005	0.37	0.5	1
160848.27320000005	0.44	0.4	1
161326.39320000005	0.46	0.4	1
161805.58660000004	0.49	0.4	1
162286.12000000002	0.44	0.5	1
162767.72680000003	0.53	0.4	1
163250.67360000004	0.44	0.5	1
163734.69380000004	0.53	0.4	1
164220.05400000003	0.39	0.5	1
164706.48760000002	0.43	0.4	1
165194.2612	0.45	0.5	1
165683.10820000002	0.46	0.4	1
166173.8286	0.35	0.7	1
166665.62240000002	0.54	0.4	1
167158.75620000003	0.41	0.5	1
167651.96340000004	0.44	0.4	1
168147.04400000002	0.4	0.7	1
168643.7313	0.4	0.6	1
169141.7586	0.48	0.5	1
169641.3926	0.44	0.6	1
170142.1	0.61	0.4	1
170644.14740000002	0.52	0.5	1
171147.80150000003	0.46	0.6	1
171653.06230000002	0.39	0.6	1
172159.9298	0.41	0.6	1
172668.404	0.42	0.6	1
173177.9516	0.52	0.4	1
173689.3726	0.39	0.7	1
174202.4003	0.45	0.6	1
174716.5014	0.53	0.4	1
175231.9425	0.5	0.5	1
175748.457	0.56	0.4	1
176266.31149999998	0.5	0.5	1
176786.03939999998	0.33	0.7	1
177307.37399999998	0.4	0.6	1
177830.3153	0.37	0.6	1
178355.12999999998	0.35	0.7	1
178881.55139999997	0.42	0.6	1
179409.31279999996	0.48	0.5	1
179938.14759999997	0.54	0.4	1
180468.32239999998	0.46	0.5	1
181000.1039	0.36	0.6	1
181533.49209999997	0.33	0.6	1
182068.2203	0.42	0.5	1
182604.55519999997	0.43	0.6	1
183141.96349999998	0.55	0.4	1
183680.4452	0.42	0.4	1
184220.5336	0.46	0.6	1
184762.2287	0.44	0.6	1
185304.9972	0.62	0.4	1
185849.37240000002	0.38	0.6	1
186395.621	0.38	0.7	1
186943.2096	0.52	0.5	1
187492.13820000002	0.48	0.5	1
188042.14020000002	0.48	0.4	1
188594.0156	0.37	0.7	1
189147.231	0.52	0.5	1
189701.5198	0.56	0.4	1
190257.41530000002	0.4	0.6	1
190814.9175	0.4	0.6	1
191373.49310000002	0.58	0.4	1
191933.14210000003	0.49	0.4	1
192494.13110000003	0.57	0.5	1
193056.19350000002	0.56	0.4	1
193619.3293	0.47	0.4	1
194183.53850000002	0.55	0.4	1
194748.82110000003	0.48	0.4	1
195315.17710000003	0.56	0.4	1
195883.13980000003	0.39	0.6	1
196452.70920000004	0.3	0.6	1
197023.35200000004	0.51	0.4	1
197595.60150000005	0.42	0.6	1
198168.92440000005	0.46	0.4	1
198743.58730000004	0.4	0.5	1
199319.32360000003	0.49	0.4	1
199896.66660000003	0.41	0.6	1
200475.34960000002	0.47	0.5	1
201055.3726	0.5	0.5	1
201637.0023	0.38	0.6	1
202219.7054	0.44	0.4	1
202803.4819	0.63	0.4	1
203388.59840000002	0.49	0.5	1
203975.32160000002	0.4	0.6	1
204563.11820000003	0.58	0.4	1
205152.25480000002	0.47	0.5	1
205742.73140000002	0.39	0.5	1
206334.548	0.43	0.5	1
206927.43800000002	0.57	0.4	1
207522.20140000002	0.39	0.7	1
208118.57150000002	0.43	0.6	1
208716.54830000002	0.41	0.6	1
209315.86510000002	0.52	0.5	1
209916.52190000002	0.45	0.5	1
210518.51870000002	0.41	0.5	1
211121.5889	0.53	0.4	1
211726.2658	0.41	0.6	1
212332.5494	0.41	0.6	1
212939.90639999998	0.53	0.4	1
213548.60339999996	0.42	0.5	1
214158.37379999997	0.57	0.4	1
214769.75089999998	0.43	0.6	1
215382.73469999997	0.43	0.6	1
215996.79189999998	0.55	0.4	1
216611.9225	0.56	0.4	1
217228.6598	0.4	0.6	1
217846.4705	0.53	0.4	1
218465.6212	0.52	0.5	1
219085.8453	0.55	0.4	1
219707.14279999997	0.46	0.4	1
220330.04699999996	0.42	0.6	1
220954.02459999998	0.47	0.4	1
221579.87559999997	0.29	0.7	1
222206.79999999996	0.65	0.4	1
222835.06439999997	0.48	0.5	1
223464.40219999998	0.46	0.4	1
224094.81339999998	0.51	0.4	1
224726.56459999998	0.52	0.5	1
225359.9225	0.41	0.6	1
225994.62039999999	0.48	0.5	1
226631.1917	0.35	0.7	1
227269.103	0.51	0.5	1
227908.0877	0.57	0.4	1
228548.94580000002	0.37	0.7	1
229191.14390000002	0.52	0.5	1
229834.68200000003	0.43	0.5	1
230479.56010000003	0.53	0.5	1
231126.04490000004	0.41	0.6	1
231773.60310000004	0.49	0.4	1
232422.23470000003	0.55	0.4	1
233072.20630000002	0.47	0.5	1
233723.25130000003	0.63	0.4	1
234375.36970000004	0.56	0.4	1
235029.09480000005	0.41	0.6	1
235684.42660000006	0.43	0.6	1
236341.09840000008	0.42	0.5	1
236999.11020000008	0.49	0.5	1
237658.99540000007	0.36	0.7	1
238320.48730000007	0.41	0.6	1
238983.31920000006	0.41	0.5	1
239647.75780000005	0.39	0.6	1
240314.06980000006	0.36	0.7	1
240981.45520000005	0.48	0.4	1
241650.71400000007	0.38	0.7	1
242321.84620000006	0.4	0.7	1
242994.31840000005	0.46	0.5	1
243667.86400000006	0.53	0.4	1
244342.48300000007	0.57	0.4	1
245018.17540000007	0.46	0.4	1
245695.20780000006	0.49	0.5	1
246373.58020000005	0.51	0.5	1
247053.82600000006	0.39	0.7	1
247735.67850000007	0.37	0.6	1
248418.60440000007	0.59	0.4	1
249102.60370000007	0.48	0.4	1
249787.67640000005	0.47	0.4	1
250474.08910000004	0.41	0.5	1
251161.84180000005	0.46	0.5	1
251850.66790000006	0.53	0.4	1
252540.56740000006	0.59	0.4	1
253231.54030000005	0.62	0.4	1
253924.11990000005	0.42	0.6	1
254617.77290000004	0.52	0.4	1
255313.29930000004	0.38	0.7	1
256010.43240000005	0.36	0.6	1
256708.63890000005	0.59	0.4	1
257408.18540000005	0.5	0.5	1
258109.07190000004	0.45	0.5	1
258811.56510000004	0.48	0.6	1
259515.13170000003	0.56	0.4	1
260220.57170000003	0.38	0.7	1
260927.61840000004	0.43	0.6	1
261636.27180000005	0.43	0.6	1
262346.2652	0.41	0.5	1
263057.332	0.51	0.4	1
263770.00549999997	0.43	0.6	1
264484.019	0.46	0.5	1
265199.3725	0.46	0.5	1
265916.066	0.46	0.5	1
266634.0995	0.47	0.5	1
267353.73970000003	0.39	0.6	1
268074.7199	0.5	0.5	1
268796.7735	0.49	0.4	1
269519.9005	0.57	0.4	1
270244.6342	0.38	0.6	1
270970.7079	0.45	0.5	1
271698.12159999995	0.49	0.5	1
272426.6087	0.64	0.4	1
273156.4358	0.48	0.5	1
273887.8696	0.4	0.6	1
274620.9101	0.4	0.6	1
275355.2906	0.47	0.5	1
276091.0111	0.48	0.5	1
276828.0716	0.51	0.5	1
277567.0055	0.34	0.7	1
278307.0128	0.49	0.4	1
279048.0935	0.61	0.4	1
279790.0476	0.32	0.7	1
280533.3417	0.44	0.5	1
281278.5092	0.36	0.7	1
282025.28339999996	0.44	0.6	1
282773.13099999994	0.46	0.4	1
283522.0519999999	0.52	0.4	1
284272.8463999999	0.36	0.7	1
285024.71419999993	0.61	0.4	1
285778.18869999994	0.4	0.6	1
286533.26989999996	0.37	0.6	1
287289.42449999996	0.54	0.4	1
288046.65249999997	0.62	0.4	1
288805.75389999995	0.36	0.7	1
289566.7287	0.39	0.7	1
290328.7769	0.49	0.4	1
291092.1651	0.47	0.5	1
291856.8933	0.33	0.5	1
292622.9615	0.41	0.5	1
293390.3697	0.43	0.5	1
294159.11789999995	0.49	0.5	1
294929.47279999993	0.35	0.6	1
295701.16769999993	0.43	0.5	1
296474.20259999996	0.41	0.5	1
297248.3109	0.57	0.4	1
298023.4926	0.58	0.4	1
298799.7477	0.56	0.4	1
299577.3428	0.37	0.5	1
300356.54459999996	0.41	0.6	1
301137.6198	0.33	0.7	1
301920.035	0.44	0.5	1
302704.05689999997	0.38	0.6	1
303489.15219999995	0.59	0.4	1
304275.58749999997	0.48	0.5	1
305063.36279999994	0.51	0.5	1
305852.2114999999	0.58	0.4	1
306642.4001999999	0.43	0.5	1
307433.6622999999	0.5	0.4	1
308226.5310999999	0.43	0.6	1
309021.2732999999	0.38	0.7	1
309817.8888999999	0.36	0.7	1
310616.1111999999	0.4	0.6	1
311415.40689999994	0.45	0.4	1
312216.0425999999	0.49	0.5	1
313018.2849999999	0.41	0.6	1
313822.1340999999	0.36	0.6	1
314627.3231999999	0.5	0.5	1
315434.11899999995	0.39	0.6	1
316241.98819999996	0.58	0.4	1
317050.9308	0.53	0.4	1
317860.9468	0.56	0.4	1
318672.83619999996	0.31	0.7	1
319486.599	0.31	0.7	1
320301.4352	0.48	0.4	1
321117.6114	0.45	0.5	1
321935.1276	0.37	0.5	1
322753.9838	0.44	0.5	1
323573.91339999996	0.57	0.4	1
324395.18299999996	0.41	0.5	1
325217.52599999995	0.52	0.4	1
326040.94239999994	0.57	0.4	1
326865.96549999993	0.43	0.6	1
327692.0619999999	0.5	0.4	1
328519.7651999999	0.42	0.6	1
329348.5417999999	0.5	0.4	1
330178.9250999999	0.34	0.6	1
331010.38179999986	0.51	0.4	1
331842.91189999983	0.46	0.4	1
332676.51539999986	0.54	0.4	1
333511.1922999999	0.51	0.4	1
334347.20919999987	0.46	0.5	1
335184.5660999999	0.44	0.5	1
336022.9963999999	0.52	0.4	1
336863.3000999999	0.36	0.7	1
337705.21049999987	0.41	0.6	1
338548.99429999985	0.38	0.7	1
339394.3847999998	0.37	0.6	1
340241.11529999983	0.41	0.5	1
341088.91919999983	0.48	0.4	1
341938.06309999985	0.41	0.5	1
342788.54699999985	0.48	0.5	1
343640.9042999998	0.34	0.7	1
344494.33499999985	0.52	0.4	1
345349.63909999985	0.31	0.7	1
346206.81659999985	0.35	0.7	1
347065.33409999986	0.55	0.5	1
347924.9249999999	0.6	0.4	1
348786.1225999999	0.37	0.6	1
349648.66019999987	0.43	0.5	1
350512.5377999999	0.43	0.5	1
351377.75539999985	0.48	0.5	1
352244.0463999999	0.41	0.4	1
353111.4107999999	0.55	0.4	1
353980.3818999999	0.37	0.6	1
354850.42639999994	0.5	0.4	1
355722.07759999996	0.45	0.6	1
356595.06879999995	0.46	0.5	1
357469.39999999997	0.44	0.5	1
358344.8046	0.59	0.4	1
359221.2826	0.52	0.4	1
360099.3673	0.43	0.6	1
360979.3254	0.39	0.7	1
361860.6235	0.45	0.5	1
362742.995	0.46	0.4	1
363626.7065	0.42	0.5	1
364511.758	0.41	0.5	1
365398.1495	0.46	0.5	1
366285.881	0.46	0.5	1
367174.6859	0.56	0.4	1
368065.3642	0.34	0.7	1
368957.11590000003	0.55	0.4	1
369850.2076	0.49	0.5	1
370744.906	0.43	0.6	1
371641.4778	0.38	0.7	1
372539.123	0.47	0.4	1
373438.1082	0.41	0.5	1
374338.1668	0.56	0.4	1
375239.2988	0.51	0.4	1
376142.0375	0.44	0.6	1
377046.1162	0.44	0.5	1
377951.2683	0.46	0.4	1
378858.2938	0.37	0.7	1
379766.39269999997	0.58	0.4	1
380675.56499999994	0.6	0.4	1
381586.07729999995	0.45	0.5	1
382497.66299999994	0.53	0.4	1
383410.58869999996	0.49	0.5	1
384325.38779999997	0.38	0.7	1
385241.26029999997	0.41	0.4	1
386159.00619999995	0.36	0.7	1
387077.8254999999	0.43	0.4	1
387997.9847999999	0.41	0.5	1
388920.0174999999	0.37	0.7	1
389843.3901999999	0.43	0.5	1
390768.1028999999	0.48	0.5	1
391694.1555999999	0.44	0.5	1
392621.5482999999	0.51	0.5	1
393550.8143999999	0.36	0.7	1
394481.1538999999	0.52	0.4	1
395412.5667999999	0.47	0.4	1
396345.31969999993	0.46	0.5	1
397279.14599999995	0.55	0.4	1
398214.04569999996	0.47	0.4	1
399150.5521	0.4	0.6	1
400088.1319	0.42	0.4	1
401026.7851	0.52	0.4	1
401966.5117	0.64	0.4	1
402907.845	0.46	0.6	1
403851.05169999995	0.36	0.7	1
404796.1318	0.42	0.7	1
405742.8186	0.45	0.6	1
406690.8454	0.34	0.5	1
407639.9456	0.46	0.4	1
408590.3858	0.43	0.5	1
409541.8994	0.53	0.4	1
410494.4864	0.52	0.4	1
411448.4134	0.45	0.5	1
412403.41380000004	0.56	0.4	1
413360.02090000006	0.43	0.6	1
414317.7014000001	0.51	0.4	1
415276.72190000006	0.46	0.5	1
416236.81580000004	0.47	0.4	1
417198.24970000004	0.44	0.5	1
418160.0236	0.52	0.5	1
419122.87090000004	0.42	0.4	1
420086.79160000006	0.51	0.4	1
421051.78570000007	0.43	0.4	1
422017.85320000007	0.48	0.4	1
422984.99410000007	0.48	0.4	1
423953.4750000001	0.46	0.5	1
424922.2959000001	0.4	0.5	1
425906.7235000001	0.28	20.1	1
426947.9578000001	0.08	21.3	1
428046.53210000007	0.09	21.5	1
429200.57980000007	0.06	20.8	1
430411.4342000001	0.09	21.3	1
431680.4286000001	0.1	21.8	1
433007.5630000001	0.11	21.8	1
434393.10410000006	0.1	21.9	1
435836.25190000003	0.1	21.6	1
437336.73970000003	0.09	21.5	1
438895.1009	0.1	21.7	1
440507.0688	0.28	20.1	1
442175.8434	0.09	21.3	1
443713.6914	0.24	0.4	1
444940.6128	0.37	0.4	1
446168.8742	0.36	0.5	1
447361.009	0.12	0.7	1
448557.4172	0.02	7.6	1
449550.8988	0.43	0.4	1
450264.3204	0.79	10.1	1
451004.01540000003	0.75	10.6	1
451857.0504	0.8	44.0	1
452701.15880000003	0.73	0.4	1
453546.8739	0.46	0.6	1
454393.929	0.62	0.5	1
455242.3241	0.6	0.5	1
456092.0592	0.52	0.5	1
456943.13430000003	0.63	0.5	1
457795.5494	0.61	0.5	1
458649.3045	0.65	0.5	1
459504.13300000003	0.67	0.4	1
460360.0349	0.7	0.4	1
461217.0102	0.72	0.4	1
462075.0589	0.69	0.4	1
462934.181	0.69	0.4	1
463794.37649999995	0.74	0.4	1
464626.44539999997	0.42	0.7	1
465459.5877	0.7	0.4	1
466294.60339999996	0.43	0.7	1
467131.22579999996	0.55	0.6	1
467968.92159999994	0.59	0.4	1
468808.22409999993	0.38	0.6	1
469648.86659999995	0.59	0.5	1
470490.58249999996	0.74	0.4	1
471332.63839999994	0.62	0.5	1
472176.3009999999	0.34	0.6	1
473021.0369999999	0.72	0.4	1
473824.6463999999	0.08	0.7	1
474629.5957999999	0.11	0.5	1
475380.61859999987	0.78	0.4	1
476132.71479999984	0.81	0.4	1
476884.15099999984	0.11	0.5	1
477561.59389999986	1.0	9.0	1
478264.1101999999	0.85	9.4	1
478990.09989999986	0.98	8.8	1
479740.89629999985	1.0	9.3	1
480516.76609999983	0.95	9.4	1
481319.5758999998	0.92	10.1	1
482146.6590999998	0.91	9.1	1
482997.74899999984	0.91	9.0	1
483874.1788999998	0.94	9.5	1
484775.4154999998	0.91	9.3	1
485704.92549999984	1.0	10.6	1
486657.1088999998	0.97	8.5	1
487634.6322999998	0.99	9.5	1
488640.1623999998	0.99	10.5	1
489671.5658999998	0.92	9.7	1
490678.0427999998	0.14	0.4	1
491686.12639999983	0.15	0.6	1
492695.28339999984	0.28	0.4	1
493530.51379999984	0.08	0.4	1
494344.68419999984	0.35	2.6	1
495164.1945999999	0.48	2.0	1
495989.04499999987	0.46	2.0	1
496820.30209999986	0.38	2.4	1
497659.29919999983	0.44	2.9	1
498507.1029999998	0.39	3.3	1
499360.7801999998	0.44	2.2	1
500220.86409999983	0.41	2.4	1
501087.35469999985	0.43	2.4	1
501958.38529999985	0.48	1.7	1
502836.35589999985	0.36	2.6	1
503721.53319999983	0.35	2.7	1
504613.6504999998	0.35	2.6	1
505512.7077999998	0.39	2.6	1
506418.1717999998	0.38	2.4	1
507329.77579999977	0.41	2.3	1
508248.58649999974	0.4	2.7	1
509173.0038999997	0.49	2.1	1
510104.0946999997	0.37	2.5	1
511042.9254999997	0.45	2.9	1
511990.56299999973	0.39	3.3	1
512944.60719999974	0.4	2.4	1
513905.05809999973	0.41	2.4	1
514874.31569999974	0.4	3.3	1
515852.11329999974	0.39	3.2	1
516835.7842999997	0.44	2.2	1
517825.86199999973	0.39	2.4	1
518822.6130999997	0.32	2.5	1
519826.03759999975	0.38	2.5	1
520835.86879999976	0.4	2.4	1
521852.37339999975	0.4	2.5	1
522874.21799999976	0.47	2.0	1
523903.0025999998	0.39	2.6	1
524938.7271999997	0.44	2.6	1
525980.3251999997	0.39	2.2	1
527028.0631999997	0.43	2.3	1
528083.2745999998	0.44	2.8	1
529144.6259999998	0.43	2.3	1
530213.1840999998	0.47	2.7	1
531287.0821999998	0.4	2.0	1
532367.9202999999	0.35	2.6	1
533456.7650999998	0.42	3.0	1
534554.1498999998	0.4	3.2	1
535657.1413999998	0.47	2.1	1
536766.5395999999	0.4	2.4	1
537883.4111999999	0.47	2.8	1
539006.4227999998	0.43	2.3	1
540136.3743999999	0.38	2.6	1
541273.7993999999	0.34	2.8	1
542417.6310999999	0.4	2.4	1
543569.7361999999	0.41	3.1	1
544727.448	0.38	2.1	1
545891.8332	0.4	2.5	1
547062.8918	0.38	2.5	1
548242.2238	0.4	3.1	1
549429.5625	0.43	3.0	1
550621.9746	0.41	1.9	1
551821.0601	0.42	2.5	1
553025.219	0.47	1.9	1
554236.0513	0.38	2.5	1
555454.3570000001	0.36	2.8	1
556678.5361	0.47	2.2	1
557910.1886	0.38	2.8	1
559148.7811	0.38	2.6	1
560395.1136	0.44	2.9	1
561647.0528000001	0.46	2.1	1
562905.1320000001	0.42	2.3	1
564169.3512000002	0.43	2.3	1
565442.6438000002	0.28	3.4	1
566723.9431000001	0.43	3.0	1
568011.9158000002	0.38	2.5	1
569307.0952000002	0.36	2.7	1
570606.2813000003	0.52	1.5	1
571911.3408000002	0.45	2.2	1
573224.9403000002	0.41	3.2	1
574545.7465000002	0.38	2.7	1
575876.1594000002	0.34	3.6	1
577214.0457000002	0.38	2.8	1
578558.6054000002	0.37	2.5	1
579911.1718000002	0.42	3.0	1
581267.7449000003	0.56	1.5	1
582633.9247000003	0.36	3.6	1
584005.4445000003	0.38	2.0	1
585384.1710000003	0.32	2.7	1
586769.0375000003	0.42	2.3	1
588161.3774000003	0.37	2.8	1
589560.1240000003	0.39	2.4	1
590969.0106000003	0.34	3.8	1
592383.2372000003	0.43	2.0	1
593803.0705000004	0.44	2.1	1
595230.6438000004	0.45	2.9	1
596665.9571000005	0.44	2.9	1
598107.4104000005	0.4	2.3	1
599554.7371000005	0.45	2.2	1
601008.4705000005	0.39	2.4	1
602468.0773000005	0.44	2.2	1
603933.8241000004	0.5	2.3	1
605407.0443000004	0.46	2.8	1
606885.8712000004	0.38	2.1	1
608371.6381000004	0.38	2.6	1
609864.8784000004	0.36	2.8	1
611366.1254000004	0.42	3.0	1
612874.5791000003	0.41	2.7	1
614389.4395000003	0.41	2.4	1
615911.5066000003	0.49	2.7	1
617439.7137000003	0.38	2.3	1
618975.3942000003	0.34	2.8	1
620518.0147000003	0.47	2.6	1
622068.6419000003	0.37	3.0	1
623625.9425000002	0.39	2.5	1
625190.4498000003	0.36	2.7	1
626761.3638000003	0.42	2.4	1
628337.8845000003	0.44	2.1	1
629920.2786000003	0.44	2.2	1
631510.9461000003	0.42	3.1	1
633107.4870000003	0.39	2.2	1
634712.3013000003	0.31	3.1	1
636323.5223000003	0.42	2.4	1
637940.3500000003	0.43	2.1	1
639562.2511000003	0.42	1.9	1
641191.3589000003	0.41	2.7	1
642830.0734000003	0.36	3.6	1
644474.6613000004	0.34	2.2	1
646126.9892000004	0.37	2.9	1
647785.1905000004	0.43	2.2	1
649450.3318000004	0.4	2.6	1
651122.1465000004	0.35	2.5	1
652800.3679000004	0.39	2.4	1
654484.1960000005	0.37	2.1	1
656173.8975000004	0.41	2.2	1
657869.7390000004	0.45	2.3	1
659573.3205000004	0.34	2.9	1
661283.3087000004	0.39	2.4	1
662999.1703000003	0.42	2.2	1
664722.7719000004	0.33	2.9	1
666451.1802000004	0.44	1.8	1
668185.9952000004	0.4	2.4	1
669926.9502000003	0.44	2.3	1
671676.4452000003	0.4	3.2	1
673430.7469000003	0.48	1.8	1
675193.3220000003	0.43	3.1	1
676961.7705000003	0.43	2.2	1
678738.2257000003	0.42	3.0	1
680521.8876000002	0.36	2.7	1
682312.2229000003	0.37	2.5	1
684109.4982000003	0.37	2.6	1
685912.3802000002	0.42	2.1	1
687722.2022000003	0.37	2.6	1
689538.9642000003	0.36	2.6	1
691362.3996000002	0.4	2.5	1
693193.3084000002	0.35	2.8	1
695031.1572000002	0.38	2.6	1
696875.6794000003	0.39	2.5	1
698724.2083000003	0.53	1.5	1
700580.2106000003	0.33	2.8	1
702443.6863000003	0.36	2.8	1
704311.9687000003	0.52	1.8	1
706188.7911000003	0.4	3.2	1
708072.0202000003	0.41	2.4	1
709962.9893000002	0.43	2.9	1
711861.1651000002	0.36	2.7	1
713766.0143000003	0.41	2.5	1
715678.3369000002	0.36	2.8	1
717597.5995000002	0.37	2.6	1
719524.3355000003	0.39	2.8	1
721458.2782000003	0.37	2.7	1
723399.1609000002	0.43	2.6	1
725345.3836000003	0.42	2.0	1
727299.0797000002	0.35	2.8	1
729260.7825000002	0.43	3.0	1
731229.4253000002	0.38	2.6	1
733205.2748000002	0.48	2.7	1
735188.8643000002	0.43	2.9	1
737178.3272000003	0.42	2.2	1
739175.2635000002	0.47	2.8	1
741178.8732000003	0.42	2.5	1
743189.9563000003	0.46	2.8	1
745207.9794000003	0.4	2.6	1
747232.1425000003	0.41	2.3	1
749262.4456000003	0.45	2.3	1
751299.1554000003	0.38	2.4	1
753342.5386000003	0.5	2.5	1
755394.4618000003	0.41	3.2	1
757454.1250000002	0.44	2.9	1
759522.8616000002	0.37	3.4	1
761598.0049000002	0.42	2.4	1
763679.5549000002	0.43	2.4	1
765767.7783000002	0.36	2.5	1
767861.6084000003	0.39	2.1	1
769961.3119000002	0.35	2.2	1
772067.4221000002	0.4	2.4	1
774181.2723000002	0.31	2.9	1
776301.7959000001	0.37	2.5	1
778430.0595000001	0.43	2.9	1
780564.4631	0.44	2.3	1
782705.5401000001	0.39	2.5	1
784853.2905000001	0.39	2.5	1
787007.9809000001	0.38	2.6	1
789168.278	0.46	2.1	1
791333.9151000001	0.4	2.0	1
793508.6256000001	0.41	3.4	1
795687.3428000001	0.54	1.5	1
797872.7334000001	0.4	2.5	1
800064.7974000002	0.39	2.5	1
802262.4681000002	0.45	2.1	1
804465.4788000002	0.38	2.0	1
806674.8962000002	0.4	2.4	1
808892.3203000001	0.42	3.0	1
811116.1511000001	0.42	2.4	1
813347.7219000001	0.35	2.9	1
815586.7661000001	0.45	2.8	1
817832.4837000001	0.44	2.5	1
820084.0747000001	0.41	2.2	1
822343.4057000001	0.33	2.9	1
824608.8767000001	0.41	2.3	1
826881.2877000001	0.38	2.6	1
829159.8387000001	0.37	2.3	1
831447.1964000001	0.38	3.3	1
833740.9608000001	0.39	2.4	1
836042.4652000001	0.45	2.9	1
838351.7096000001	0.38	2.9	1
840668.1607	0.37	2.7	1
842990.4852	0.43	2.2	1
845317.3497	0.56	1.7	1
847650.3542000001	0.37	2.3	1
849991.3654	0.4	3.0	1
852338.7833	0.4	2.4	1
854693.1412	0.38	2.6	1
857054.4391	0.35	2.6	1
859422.1437	0.42	2.4	1
861796.7883	0.43	2.6	1
864178.1063	0.39	2.5	1
866566.6309999999	0.35	2.7	1
868960.4957	0.38	2.0	1
871361.3004	0.38	2.6	1
873767.9785	0.44	2.2	1
876179.4633	0.56	1.8	1
878598.1547999999	0.35	2.7	1
881024.053	0.35	2.7	1
883456.0911999999	0.43	2.3	1
885895.3361	0.37	2.7	1
888340.9876999999	0.43	2.4	1
890792.7792999999	0.41	2.3	1
893250.1775999999	0.44	2.1	1
895714.5158999999	0.38	2.6	1
898187.3941999999	0.38	3.2	1
900667.4791999998	0.42	2.7	1
903152.1041999998	0.43	1.7	1
905645.0025999998	0.43	3.1	1
908144.5743999998	0.4	2.5	1
910649.2195999998	0.46	1.9	1
913160.5381999998	0.4	2.5	1
915678.5301999998	0.39	2.5	1
918202.3955999998	0.36	2.2	1
920731.6009999998	0.44	2.0	1
923268.0130999997	0.35	2.7	1
925810.0318999997	0.46	2.1	1
928359.5240999997	0.46	2.8	1
930915.1562999997	0.42	2.3	1
933476.6618999997	0.36	2.2	1
936045.3741999997	0.36	2.7	1
938620.2264999998	0.41	2.3	1
941203.6187999997	0.29	3.2	1
943793.4177999997	0.38	2.4	1
946391.2234999997	0.44	3.0	1
948995.4358999997	0.4	2.4	1
951607.3882999996	0.34	2.9	1
954224.9473999996	0.45	2.1	1
956849.1798999996	0.4	2.5	1
959478.7523999996	0.48	2.0	1
962115.2648999996	0.36	2.6	1
964758.9840999997	0.36	2.7	1
967407.7766999997	0.49	1.9	1
970062.4426999997	0.39	2.2	1
972724.0486999997	0.49	2.6	1
975390.7280999997	0.44	1.9	1
978063.5474999998	0.35	2.3	1
980743.8402999998	0.39	2.8	1
983430.0064999998	0.43	2.2	1
986123.3793999997	0.36	2.7	1
988822.8922999997	0.43	2.3	1
991528.8118999997	0.4	2.4	1
994241.4048999997	0.4	2.5	1
996962.8045999997	0.39	3.3	1
999691.4109999997	0.37	2.7	1
1002427.2240999998	0.48	2.7	1
1005168.6438999998	0.4	2.1	1
1007917.5370999998	0.36	2.8	1
1010672.8369999998	0.39	2.4	1
1013436.4102999999	0.4	3.1	1
1016206.6569999999	0.39	2.5	1
1018983.8436999999	0.39	2.6	1
1021767.7037999999	0.39	2.5	1
1024559.0372999999	0.45	2.8	1
1027355.9774999998	0.46	2.1	1
1030159.0576999998	0.4	2.3	1
1032971.2112999997	0.39	3.4	1
1035790.5715999997	0.36	2.7	1
1038616.8718999997	0.37	2.6	1
1041449.3121999997	0.41	2.3	1
1044288.1591999996	0.38	2.4	1
1047133.4128999996	0.39	2.4	1
1049985.3399999996	0.39	2.5	1
1052844.7404999996	0.36	2.8	1
1055712.4143999997	0.42	3.1	1
1058587.5616999997	0.47	2.8	1
1061470.1823999998	0.39	2.8	1
1064358.6764999998	0.45	2.2	1
1067254.1105999998	0.37	2.6	1
1070157.2846999997	0.38	2.9	1
1073065.5321999998	0.39	1.9	1
1075980.4530999998	0.42	2.5	1
1078902.5806999998	0.35	2.7	1
1081832.7149999999	0.42	3.0	1
1084770.856	0.42	3.0	1
1087715.937	0.37	2.6	1
1090668.4914	0.37	2.8	1
1093629.5858	0.39	3.2	1
1096597.3536	0.39	2.5	1
1099572.5948	0.46	2.8	1
1102553.176	0.4	2.0	1
1105539.8972	0.43	2.3	1
1108531.6918	0.51	1.9	1
1111529.6264	0.39	2.3	1
1114535.0344	0.46	2.8	1
1117547.6491	0.37	2.7	1
1120568.5372000001	0.4	3.1	1
1123596.0987000002	0.39	2.5	1
1126629.0002000001	0.46	2.0	1
1129668.3084000002	0.41	2.4	1
1132713.7566000002	0.43	2.3	1
1135765.8782000002	0.38	2.5	1
1138825.7398	0.39	2.9	1
1141893.6081	0.42	3.0	1
1144968.4164	0.38	2.6	1
1148051.7647	0.39	3.2	1
1151142.0529999998	0.37	2.6	1
1154238.748	0.4	2.4	1
1157341.8497	0.4	2.4	1
1160451.6247999999	0.43	2.5	1
1163569.9398999999	0.4	3.2	1
1166695.1949999998	0.41	2.6	1
1169826.5901	0.43	2.3	1
1172965.1919	0.36	2.7	1
1176110.4671	0.4	2.5	1
1179264.2823	0.35	3.2	1
1182425.3042000001	0.36	2.7	1
1185594.3328000002	0.35	3.0	1
1188770.5681000003	0.38	2.7	1
1191952.9434000002	0.41	2.3	1
1195140.9254000003	0.43	2.1	1
1198335.3141000003	0.42	2.4	1
1201536.3762000003	0.4	2.5	1
1204743.8450000002	0.34	2.4	1
1207958.2538000003	0.33	2.6	1
1211178.2693000003	0.44	2.1	1
1214406.0248000002	0.45	2.9	1
1217641.5203000002	0.34	2.9	1
1220884.4892000002	0.35	2.8	1
1224133.3315	0.44	2.2	1
1227388.8472000002	0.39	2.5	1
1230651.5696000003	0.37	2.7	1
1233923.0987000002	0.4	3.3	1
1237201.5678000003	0.35	2.6	1
1240485.6436000003	0.47	2.1	1
1243775.5928000002	0.44	2.2	1
1247071.6820000003	0.41	2.3	1
1250374.7112000003	0.39	2.6	1
1253684.1471000002	0.38	2.4	1
1256999.9897000003	0.41	2.4	1
1260321.7057000003	0.45	2.2	1
1263649.5617000002	0.42	2.3	1
1266982.4911000002	0.5	1.9	1
1270321.8272000002	0.4	2.4	1
1273666.5033000002	0.46	2.0	1
1277015.7194000003	0.47	1.7	1
1280369.7422000002	0.43	1.8	1
1283730.7050000003	0.37	2.6	1
1287098.8745000004	0.37	2.7	1
1290475.0507000005	0.43	3.0	1
1293857.9003000006	0.41	2.5	1
1297249.0233000005	0.4	3.1	1
1300648.4197000004	0.41	3.1	1
1304052.8895000005	0.5	1.9	1
1307465.3660000006	0.33	3.0	1
1310884.2492000007	0.43	2.4	1
1314309.8058000007	0.45	2.5	1
1317742.8358000007	0.45	2.8	1
1321184.6725000008	0.38	3.3	1
1324632.6492000008	0.42	2.3	1
1328089.1659000008	0.41	3.2	1
1331552.6226000008	0.38	2.6	1
1335022.7527000008	0.4	2.5	1
1338498.4895000008	0.48	2.1	1
1341981.966300001	0.43	2.9	1
1345473.183100001	0.33	2.9	1
1348970.806600001	0.38	2.4	1
1352475.3701000009	0.36	2.6	1
1355984.7403000009	0.44	1.8	1
1359499.7172000008	0.41	2.1	1
1363022.1675000007	0.37	2.8	1
1366551.2912000008	0.37	2.5	1
1370086.5549000008	0.45	2.3	1
1373628.7586000008	0.36	2.6	1
1377177.6357000007	0.41	2.5	1
1380733.1862000006	0.45	2.5	1
1384295.6767000007	0.48	2.6	1
1387864.5739000007	0.42	2.4	1
1391440.9445000007	0.36	2.8	1
1395024.5218000007	0.34	2.7	1
1398614.5058000006	0.47	2.4	1
1402210.3632000007	0.45	2.2	1
1405813.4273000008	0.36	2.7	1
1409423.1648000008	0.32	2.5	1
1413040.1090000009	0.36	2.7	1
1416665.059900001	0.42	3.0	1
1420298.017500001	0.44	3.0	1
1423937.115100001	0.4	2.3	1
1427584.219400001	0.44	3.0	1
1431237.730400001	0.37	2.4	1
1434897.9148000008	0.39	2.5	1
1438565.039200001	0.37	2.6	1
1442238.037000001	0.41	2.2	1
1445919.041500001	0.42	3.0	1
1449606.986000001	0.37	2.6	1
1453301.070500001	0.43	2.3	1
1457002.628400001	0.34	2.8	1
1460709.526300001	0.44	2.0	1
1464422.564200001	0.42	2.3	1
1468141.475500001	0.47	2.2	1
1471868.6602000012	0.43	3.1	1
1475602.7849000013	0.38	2.6	1
1479343.0496000012	0.43	2.3	1
1483090.521000001	0.37	2.7	1
1486845.999100001	0.42	3.0	1
1490608.150600001	0.38	2.5	1
1494378.042100001	0.34	2.9	1
1498155.4070000008	0.36	2.8	1
1501941.0453000008	0.41	3.1	1
1505735.757000001	0.38	3.4	1
1509537.675400001	0.35	2.7	1
1513345.200500001	0.43	2.1	1
1517160.732300001	0.32	3.0	1
1520981.8708000008	0.38	2.1	1
1524809.949300001	0.43	2.6	1
1528644.701200001	0.31	2.5	1
1532487.193100001	0.36	2.9	1
1536337.158400001	0.45	2.8	1
1540195.9304000011	0.37	3.3	1
1544060.3091000011	0.47	2.1	1
1547932.1612000011	0.46	2.8	1
1551812.0200000012	0.32	3.0	1
1555697.218800001	0.48	2.0	1
1559589.0910000012	0.41	2.5	1
1563487.6366000012	0.39	2.5	1
1567394.1889000013	0.41	3.0	1
1571306.3479000013	0.38	2.1	1
1575224.3803000012	0.43	2.2	1
1579148.2861000013	0.44	2.2	1
1583077.7986000013	0.48	2.1	1
1587012.3845000013	0.4	1.9	1
1590953.3771000013	0.42	2.4	1
1594900.2431000012	0.45	2.2	1
1598852.4491000012	0.41	2.0	1
1602811.0618000012	0.41	2.4	1
1606777.6812000012	0.37	3.0	1
1610751.240600001	0.37	2.6	1
1614729.606700001	0.46	1.8	1
1618714.1128000012	0.44	2.3	1
1622705.2923000013	0.4	2.5	1
1626703.4118000013	0.37	2.6	1
1630708.4713000013	0.36	2.6	1
1634721.0042000012	0.38	2.8	1
1638741.0105000013	0.46	2.8	1
1642766.6235000012	0.44	2.1	1
1646800.776500001	0.4	3.2	1
1650842.936200001	0.32	3.0	1
1654891.502600001	0.4	2.4	1
1658947.275700001	0.41	2.7	1
1663009.188800001	0.34	2.3	1
1667077.241900001	0.44	2.3	1
1671151.168400001	0.42	2.2	1
1675230.434900001	0.43	2.0	1
1679317.7081000009	0.36	3.0	1
1683412.9880000008	0.44	3.0	1
1687514.6746000007	0.41	2.4	1
1691624.6346000007	0.41	3.1	1
1695742.6013000007	0.38	3.0	1
1699868.8414000007	0.4	3.1	1
1704001.4882000007	0.37	2.4	1
1708141.0750000007	0.48	2.6	1
1712287.6018000008	0.3	2.6	1
1716441.0686000008	0.4	2.6	1
1720602.542100001	0.44	3.0	1
1724770.689000001	0.39	2.5	1
1728946.575900001	0.46	2.9	1
1733129.669500001	0.36	2.7	1
1737319.436500001	0.4	2.5	1
1741515.610200001	0.43	2.4	1
1745720.057300001	0.41	3.1	1
1749932.777800001	0.41	3.1	1
1754153.505000001	0.41	3.0	1
1758380.105600001	0.35	2.2	1
1762614.446200001	0.44	2.9	1
1766855.460200001	0.37	2.5	1
1771102.6142000011	0.4	2.3	1
1775355.908200001	0.41	2.3	1
1779616.142200001	0.4	2.6	1
1783885.716200001	0.37	3.5	1
1788161.163600001	0.43	2.2	1
1792443.817700001	0.35	2.7	1
1796733.411800001	0.38	2.6	1
1801029.145900001	0.35	2.3	1
1805330.2200000011	0.42	2.0	1
1809637.7008000012	0.41	2.4	1
1813952.3883000012	0.33	2.7	1
1818272.682500001	0.48	2.1	1
1822600.7167000012	0.33	2.9	1
1826936.4909000013	0.46	2.9	1
1831279.2051000013	0.41	2.6	1
1835629.6593000013	0.35	2.9	1
1839997.7202000013	0.65	6.6	1
1844372.1878000014	0.42	2.4	1
1848753.0621000014	0.41	2.4	1
1853140.8764000013	0.4	2.6	1
1857535.6307000013	0.37	2.6	1
1861936.7917000013	0.42	2.4	1
1866344.0927000013	0.42	2.3	1
1870759.4004000013	0.43	3.0	1
1875180.8481000012	0.43	2.3	1
1879608.7025000013	0.41	2.4	1
1884043.2303000013	0.4	2.5	1
1888483.8981000013	0.41	2.3	1
1892930.7059000013	0.41	2.3	1
1897385.7871000012	0.43	3.1	1
1901848.3417000012	0.35	2.8	1
1906318.369700001	0.35	2.8	1
1910795.3377000012	0.39	2.6	1
1915277.3791000012	0.51	1.9	1
1919766.360500001	0.51	2.6	1
1924263.881900001	0.41	3.2	1
1928768.610000001	0.39	2.7	1
1933281.078100001	0.33	2.9	1
1937800.486200001	0.43	2.6	1
1942328.967700001	0.37	3.4	1
1946865.189200001	0.42	2.9	1
1951409.150700001	0.45	2.9	1
1955960.318900001	0.37	2.7	1
1960517.893800001	0.42	2.4	1
1965084.0087000008	0.39	3.2	1
1969655.4636000008	0.49	2.0	1
1974232.7919000008	0.42	2.2	1
1978818.9269000008	0.38	3.3	1
1983410.9353000007	0.44	2.2	1
1988009.6171000006	0.39	2.5	1
1992616.0389000005	0.34	2.9	1
1997229.4007000006	0.37	2.6	1
2001847.3025000007	0.44	1.7	1
2006471.6110000007	0.41	2.4	1
2011102.0595000007	0.39	2.3	1
2015739.7147000006	0.35	2.7	1
2020382.1766000006	0.44	1.8	1
2025031.8452000006	0.37	2.7	1
2029687.3872000005	0.46	2.2	1
2034349.3359000005	0.38	2.4	1
2039016.6246000004	0.4	2.0	1
2043691.6533000004	0.34	2.9	1
2048372.2887000004	0.42	2.1	1
2053060.1308000004	0.4	2.7	1
2057754.6463000004	0.39	2.5	1
2062455.5685000003	0.4	2.4	1
2067162.8974000004	0.41	2.4	1
2071876.8997000004	0.39	2.5	1
2076597.3087000004	0.38	2.4	1
2081324.9244000004	0.39	2.7	1
2086060.8135000004	0.43	3.1	1
2090804.1760000004	0.45	2.8	1
2095555.0119000005	0.35	2.8	1
2100312.5212000003	0.37	2.5	1
2105077.7705	0.44	2.9	1
2109849.1598	0.41	2.3	1
2114629.8891	0.38	3.5	1
2119419.4250999996	0.39	3.3	1
2124214.3011	0.44	2.0	1
2129017.4505	0.41	3.1	1
2133827.0066	0.41	2.4	1
2138643.5027	0.38	2.6	1
2143467.2055	0.37	2.7	1
2148296.515	0.37	2.1	1
2153133.5645000003	0.34	2.9	1
2157979.154	0.36	3.2	1
2162831.6835000003	0.36	2.6	1
2167692.4864000003	0.31	3.1	1
2172560.4960000003	0.37	2.7	1
2177434.1123	0.38	2.1	1
2182313.8686	0.43	2.3	1
2187199.4983	0.43	2.2	1
2192091.8014	0.39	2.5	1
2196991.5779000004	0.36	2.8	1
2201898.5611000005	0.47	2.7	1
2206812.2177000004	0.38	2.5	1
2211731.4810000006	0.42	2.1	1
2216657.951000001	0.47	2.7	1
2221590.5610000007	0.42	2.3	1
2226529.5777000007	0.43	2.4	1
2231475.8011000007	0.37	2.7	1
2236427.6312000006	0.43	2.1	1
2241385.8680000007	0.41	2.4	1
2246352.1115000006	0.36	3.0	1
2251325.5617000004	0.42	2.7	1
2256305.9519	0.37	2.6	1
2261293.5488	0.38	2.7	1
2266288.3524	0.38	2.7	1
2271290.896	0.44	2.9	1
2276298.7796	0.39	2.0	1
2281313.3366	0.4	2.5	1
2286335.367	0.36	2.8	1
2291364.0708	0.39	2.5	1
2296399.448	0.33	2.5	1
2301442.8318999996	0.34	3.0	1
2306494.7557999995	0.39	3.2	1
2311553.8863999993	0.36	2.7	1
2316618.090399999	0.48	1.9	1
2321689.234399999	0.36	2.6	1
2326767.051799999	0.39	2.5	1
2331850.742599999	0.43	2.2	1
2336942.706799999	0.4	3.1	1
2342041.610999999	0.38	2.6	1
2347148.255199999	0.43	2.9	1
2352262.106099999	0.35	2.7	1
2357382.096999999	0.43	2.3	1
2362509.027899999	0.38	2.6	1
2367641.298799999	0.46	2.0	1
2372779.443099999	0.37	2.2	1
2377925.594099999	0.36	3.0	1
2383078.4184999987	0.43	2.5	1
2388237.9162999988	0.46	2.5	1
2393404.087499999	0.4	2.5	1
2398577.198699999	0.35	2.6	1
2403756.183299999	0.43	2.2	1
2408940.2412999994	0.53	1.9	1
2414131.7726999996	0.4	2.8	1
2419329.1774999998	0.4	2.2	1
2424533.2556999996	0.39	2.5	1
2429743.7405999997	0.43	2.4	1
2434963.5654999996	0.39	3.5	1
2440189.5303999996	0.35	2.3	1
2445421.902	0.43	2.4	1
2450661.4803	0.36	2.7	1
2455908.2653	0.37	2.7	1
2461161.457	0.42	2.4	1
2466420.7887	0.42	2.3	1
2471686.2604	0.39	2.3	1
2476958.1388	0.4	2.4	1
2482236.6906	0.37	2.5	1
2487522.7158	0.36	2.8	1
2492815.4143999997	0.41	2.5	1
2498116.6529999995	0.4	3.2	1
2503423.7649999997	0.42	2.2	1
2508737.5503999996	0.4	2.5	1
2514057.7424999997	0.39	2.4	1
2519382.7413	0.45	1.8	1
2524713.8800999997	0.42	2.3	1
2530050.0922999997	0.55	1.9	1
2535393.2444999996	0.35	2.6	1
2540742.5366999996	0.43	2.3	1
2546099.3022999996	0.44	2.8	1
2551464.3412999995	0.4	3.1	1
2556833.9202999994	0.48	1.7	1
2562210.1726999995	0.4	2.5	1
2567594.4317999994	0.4	3.0	1
2572985.0975999995	0.41	2.4	1
2578382.9700999996	0.37	2.7	1
2583788.0492999996	0.37	2.7	1
2589200.0684999996	0.4	2.6	1
2594619.5610999996	0.44	2.8	1
2600046.2603999996	0.38	2.7	1
2605478.2996999994	0.48	2.0	1
2610917.8123999992	0.4	2.8	1
2616365.3317999993	0.38	3.0	1
2621818.4578999993	0.45	2.1	1
2627277.7239999995	0.43	2.3	1
2632745.5300999996	0.39	3.2	1
2638221.3428999996	0.33	3.0	1
2643704.0956999995	0.34	2.6	1
2649194.0551999994	0.34	2.7	1
2654691.4880999993	0.48	2.8	1
2660195.3276999993	0.38	2.4	1
2665705.840699999	0.38	2.5	1
2671223.560399999	0.47	2.7	1
2676745.8200999987	0.48	1.7	1
2682275.2864999985	0.37	2.7	1
2687813.0262999986	0.41	3.1	1
2693356.1060999986	0.38	2.0	1
2698904.7925999984	0.46	2.1	1
2704459.8857999984	0.37	2.4	1
2710021.1189999986	0.43	2.3	1
2715589.5588999987	0.35	2.7	1
2721164.6721999985	0.39	2.5	1
2726748.5921999984	0.39	3.3	1
2732337.852199998	0.45	2.0	1
2737933.785599998	0.41	2.5	1
2743535.325699998	0.47	2.1	1
2749145.139199998	0.43	3.1	1
2754761.359399998	0.52	2.4	1
2760383.1862999983	0.43	2.1	1
2766011.419899998	0.4	2.4	1
2771647.9268999984	0.42	3.1	1
2777291.6405999986	0.39	2.7	1
2782942.560999999	0.36	2.7	1
2788600.1547999987	0.38	2.5	1
2794264.421999999	0.39	2.5	1
2799935.895899999	0.35	2.7	1
2805613.243199999	0.43	2.2	1
2811296.730499999	0.46	2.3	1
2816985.557799999	0.39	2.0	1
2822680.7917999993	0.41	2.4	1
2828381.8991999994	0.44	2.2	1
2834089.9465999994	0.39	2.6	1
2839804.667399999	0.4	2.5	1
2845526.861599999	0.33	2.8	1
2851255.729199999	0.4	2.5	1
2856991.803499999	0.35	2.7	1
2862733.751199999	0.41	2.2	1
2868481.3055999987	0.39	2.1	1
2874235.799999999	0.39	2.6	1
2879994.301099999	0.53	1.5	1
2885759.208899999	0.43	2.4	1
2891530.256699999	0.41	2.3	1
2897306.911199999	0.46	2.1	1
2903089.972399999	0.42	2.4	1
2908881.306999999	0.44	3.1	1
2914678.514999999	0.44	2.2	1
2920481.596399999	0.45	2.2	1
2926290.551199999	0.41	2.2	1
2932108.045999999	0.39	3.2	1
2937932.480799999	0.37	2.6	1
2943764.9222999993	0.36	3.0	1
2949603.770499999	0.39	2.4	1
2955449.2920999993	0.39	2.5	1
2961302.553699999	0.39	2.9	1
2967163.555299999	0.38	2.9	1
2973031.230299999	0.38	2.5	1
2978905.845299999	0.39	2.6	1
2984665.0669999993	0.21	0.6	1
2990401.6286999993	0.28	0.5	1
2996031.797099999	0.23	0.6	1
3001382.038899999	0.28	0.4	1
3006705.354099999	0.03	0.4	1
3012016.009299999	0.58	0.5	1
3017327.737899999	0.43	0.4	1
3022641.339899999	0.57	0.7	1
3027854.281899999	0.49	0.5	1
3033069.097299999	0.47	0.7	1
3038285.519399999	0.34	0.6	1
3043461.281499999	0.49	0.5	1
3048638.383599999	0.44	0.5	1
3053817.359099999	0.23	0.7	1
3058997.674599999	0.4	0.5	1
3064179.063499999	0.48	0.4	1
3069361.525799999	0.48	0.4	1
3074383.328099999	0.09	0.5	1
3079391.470399999	0.46	0.5	1
3084401.219399999	0.47	0.6	1
3089412.308399999	0.44	0.5	1
3094424.737399999	0.43	0.5	1
3099438.506399999	0.47	0.5	1
3104454.1487999987	0.31	0.7	1
3109470.8645999986	0.52	0.4	1
3114489.1870999984	0.38	0.6	1
3119509.1162999985	0.37	0.6	1
3124530.6521999985	0.35	0.6	1
3129553.5280999984	0.47	0.5	1
3134578.0106999986	0.4	0.6	1
3139604.0999999987	0.36	0.6	1
3144631.262699999	0.51	0.4	1
3149659.498799999	0.55	0.4	1
3154689.6082999986	0.32	0.7	1
3159721.0577999987	0.47	0.5	1
3164753.8472999986	0.47	0.5	1
3169787.7101999987	0.54	0.4	1
3174823.1797999986	0.38	0.6	1
3179859.9893999984	0.48	0.5	1
3184898.1389999986	0.44	0.5	1
3189937.361999999	0.34	0.4	1
3194977.924999999	0.42	0.5	1
3200019.561399999	0.35	0.4	1
3205062.537799999	0.47	0.5	1
3210106.5875999993	0.36	0.4	1
3215151.710799999	0.32	0.4	1
3220197.907399999	0.49	0.4	1
3225245.443999999	0.43	0.5	1
3230294.3205999993	0.44	0.5	1
3235344.8038999992	0.4	0.6	1
3240396.3605999993	0.34	0.4	1
3245449.2572999992	0.46	0.5	1
3250503.760699999	0.38	0.6	1
3255559.604099999	0.44	0.5	1
3260616.520899999	0.59	0.4	1
3265674.777699999	0.4	0.5	1
3270734.374499999	0.44	0.5	1
3275693.044699999	0.79	0.4	1
3280652.788299999	0.68	0.4	1
3285322.605299999	0.9	0.4	1
3289723.295699999	0.98	0.7	1
3294125.8594999993	0.95	0.7	1
3298530.2966999994	0.94	0.7	1
3302936.6072999993	0.99	0.7	1
3307344.791299999	0.93	0.7	1
3311754.848699999	0.98	0.7	1
3316166.7794999992	0.94	0.7	1
3320580.5836999994	0.9	0.7	1
3324995.9945999994	0.99	0.6	1
3329413.2788999993	0.89	0.7	1
3333832.436599999	0.92	0.7	1
3338253.467699999	0.95	0.7	1
3342676.372199999	0.91	0.7	1
3347101.1500999993	0.93	0.7	1
3351527.8013999993	0.92	0.7	1
3355956.3260999992	0.9	0.7	1
3360386.724199999	1.0	0.7	1
3364818.995699999	0.95	0.7	1
3369253.140599999	0.98	0.7	1
3373689.158899999	0.84	0.7	1
3378127.0505999993	0.92	0.7	1
3382566.815699999	0.92	0.7	1
3387008.454199999	0.99	0.7	1
3391451.699399999	1.0	0.6	1
3395896.817999999	0.97	0.7	1
3400343.809999999	0.94	0.7	1
3404792.408699999	0.99	0.6	1
3409242.614099999	0.95	0.6	1
3413631.6928999987	0.37	0.7	1
3418022.378399999	0.38	0.6	1
3422414.670599999	0.39	0.6	1
3426808.836199999	0.43	0.7	1
3431204.8751999987	0.33	0.7	1
3435602.254199999	0.48	0.5	1
3440000.973199999	0.44	0.5	1
3444400.765599999	0.57	0.4	1
3448801.897999999	0.46	0.5	1
3453203.370399999	0.47	0.5	1
3457605.916199999	0.56	0.4	1
3462009.8019999987	0.44	0.5	1
3466415.294499999	0.36	0.6	1
3470822.126999999	0.42	0.5	1
3475230.032899999	0.48	0.4	1
3479637.545499999	0.4	0.6	1
3484000.931499999	0.12	0.7	1
3488366.190899999	0.1	0.7	1
3492733.3236999987	0.1	0.7	1
3497083.5298999986	0.8	0.4	1
3501151.3427999984	0.17	0.6	1
3505220.7623999985	0.18	0.6	1
3509291.0553999986	0.74	0.7	1
3513362.4217999987	0.84	0.4	1
3517434.8615999985	0.91	0.4	1
3521508.3747999985	0.46	0.4	1
3525462.9613999985	0.63	0.4	1
3529418.6213999987	0.52	0.4	1
3533375.6213999987	0.35	0.5	1
3537333.694799999	0.51	0.4	1
3541293.1081999987	0.5	0.5	1
3545253.594999999	0.55	0.4	1
3549215.6884999988	0.34	0.6	1
3553179.3886999986	0.36	0.6	1
3557144.1622999986	0.58	0.4	1
3561110.5425999984	0.32	0.6	1
3565077.9962999984	0.64	0.4	1
3569046.789999998	0.44	0.5	1
3573016.657099998	0.55	0.4	1
3576987.597599998	0.56	0.4	1
3580960.144799998	0.36	0.6	1
3584934.0319999983	0.4	0.5	1
3588909.7925999984	0.29	0.7	1
3592886.8931999984	0.36	0.5	1
3596865.0671999985	0.53	0.4	1
3600844.3145999988	0.57	0.4	1
3604825.168699999	0.3	0.6	1
3608807.629499999	0.33	0.6	1
3612791.6969999988	0.31	0.6	1
3616777.3711999985	0.3	0.6	1
3620764.1187999984	0.52	0.4	1
3624752.473099998	0.41	0.6	1
3628742.4340999983	0.36	0.6	1
3632733.7350999983	0.46	0.5	1
3636726.376099998	0.41	0.5	1
3640720.3570999983	0.42	0.5	1
3644715.6780999983	0.53	0.5	1
3648712.339099998	0.38	0.5	1
3652710.6067999983	0.35	0.6	1
3656709.947899998	0.59	0.4	1
3660710.8956999984	0.33	0.6	1
3664713.7168999985	0.26	0.7	1
3668717.6114999987	0.53	0.4	1
3672723.112799999	0.42	0.6	1
3676730.220799999	0.39	0.6	1
3680738.9354999987	0.33	0.6	1
3684748.7235999987	0.47	0.4	1
3688760.1183999986	0.39	0.6	1
3692772.853199999	0.51	0.5	1
3696786.6613999987	0.58	0.4	1
3700802.076299999	0.34	0.6	1
3704818.5645999988	0.48	0.4	1
3708836.1262999987	0.44	0.4	1
3712854.761399999	0.58	0.4	1
3716875.269899999	0.36	0.7	1
3720897.1183999986	0.41	0.5	1
3724920.0402999986	0.57	0.4	1
3728944.0355999987	0.46	0.4	1
3732969.3708999986	0.43	0.5	1
3736995.7795999986	0.5	0.4	1
3741023.2616999988	0.61	0.4	1
3745051.8171999985	0.46	0.4	1
3749081.7126999986	0.52	0.5	1
3753112.681599999	0.57	0.4	1
3757143.990499999	0.43	0.5	1
3761176.372799999	0.43	0.4	1
3765210.361799999	0.35	0.6	1
3769245.4241999993	0.61	0.4	1
3773281.8265999993	0.42	0.5	1
3777319.568999999	0.52	0.5	1
3781358.384799999	0.54	0.4	1
3785398.540599999	0.4	0.5	1
3789440.036399999	0.38	0.5	1
3793482.605599999	0.51	0.4	1
3797526.514799999	0.49	0.5	1
3801571.763999999	0.36	0.5	1
3805618.086599999	0.45	0.4	1
3809665.749199999	0.5	0.5	1
3813714.751799999	0.22	0.5	1
3817765.361099999	0.39	0.6	1
3821817.843799999	0.28	0.7	1
3825871.666499999	0.5	0.5	1
3829926.829199999	0.39	0.5	1
3833983.598599999	0.32	0.6	1
3838041.707999999	0.49	0.5	1
3842100.8907999992	0.53	0.4	1
3846161.680299999	0.33	0.6	1
3850223.5431999993	0.27	0.4	1
3854287.012799999	0.33	0.6	1
3858352.089099999	0.37	0.6	1
3862418.505399999	0.4	0.5	1
3866486.261699999	0.37	0.5	1
3870555.0913999993	0.54	0.4	1
3874625.2610999993	0.45	0.5	1
3878697.037499999	0.33	0.6	1
3882770.1538999993	0.49	0.5	1
3886844.8769999994	0.43	0.6	1
3890921.2067999993	0.34	0.6	1
3894998.6099999994	0.61	0.4	1
3899077.0865999996	0.52	0.4	1
3903156.6365999994	0.54	0.4	1
3907237.7932999996	0.32	0.6	1
3911320.0233999994	0.51	0.4	1
3915403.3268999993	0.59	0.4	1
3919487.7037999993	0.48	0.4	1
3923573.420699999	0.43	0.5	1
3927660.744299999	0.38	0.6	1
3931749.941299999	0.27	0.7	1
3935840.211699999	0.46	0.4	1
3939931.555499999	0.59	0.4	1
3944024.5059999987	0.42	0.6	1
3948118.5298999986	0.5	0.4	1
3952213.6271999986	0.53	0.4	1
3956310.3311999985	0.31	0.6	1
3960408.1085999985	0.52	0.4	1
3964506.9593999987	0.43	0.4	1
3968606.8835999984	0.37	0.4	1
3972707.8811999983	0.5	0.4	1
3976810.485499998	0.32	0.6	1
3980914.163199998	0.54	0.4	1
3985019.4475999977	0.42	0.6	1
3989126.071999998	0.43	0.5	1
3993234.303099998	0.36	0.6	1
3997343.8741999976	0.51	0.5	1
4001455.051999998	0.35	0.6	1
4005567.3031999976	0.5	0.4	1
4009681.161099998	0.39	0.6	1
4013796.625699998	0.35	0.6	1
4017913.430299998	0.44	0.5	1
4022031.574899998	0.45	0.5	1
4026151.059499998	0.5	0.5	1
4030271.6174999983	0.48	0.4	1
4034393.248899998	0.5	0.4	1
4038515.953699998	0.51	0.4	1
4042640.531899998	0.28	0.7	1
4046766.183499998	0.48	0.4	1
4050893.175099998	0.48	0.5	1
4055021.2400999977	0.54	0.4	1
4059150.6450999975	0.48	0.5	1
4063281.1234999974	0.53	0.4	1
4067413.208599997	0.34	0.6	1
4071546.367099997	0.56	0.4	1
4075681.132299997	0.34	0.6	1
4079817.237499997	0.46	0.5	1
4083954.949399997	0.33	0.6	1
4088093.734699997	0.48	0.4	1
4092233.859999997	0.47	0.5	1
4096375.591999997	0.4	0.6	1
4100518.397399997	0.5	0.4	1
4104662.5427999967	0.47	0.5	1
4108807.7615999966	0.45	0.4	1
4112954.8537999964	0.28	0.7	1
4117103.0193999964	0.57	0.4	1
4121252.524999996	0.38	0.5	1
4125403.103999996	0.54	0.4	1
4129555.289699996	0.31	0.6	1
4133708.815399996	0.5	0.5	1
4137863.947799996	0.36	0.6	1
4142020.153599996	0.61	0.4	1
4146177.4327999963	0.63	0.4	1
4150336.3186999965	0.32	0.6	1
4154496.8112999965	0.34	0.6	1
4158658.6438999963	0.47	0.5	1
4162822.0831999965	0.34	0.6	1
4166987.1291999966	0.32	0.6	1
4171153.7818999966	0.4	0.6	1
4175321.5079999967	0.56	0.4	1
4179490.5740999966	0.5	0.5	1
4183660.9801999964	0.36	0.5	1
