1.3333	0.85	0.5	1
1.5999999999999999	0.76	0.1	1
3.2	0.92	0.6	1
5.0667	0.92	0.7	1
6.9334	0.57	0.7	1
8.0001	0.94	0.4	1
9.0668	0.49	0.4	1
10.6668	0.65	0.6	1
13.866800000000001	0.68	0.6	1
15.733500000000001	0.42	0.7	1
19.200200000000002	0.44	0.6	1
24.5336	0.41	0.7	1
32.2669	0.97	2.9	1
47.200199999999995	0.97	2.7	1
70.1335	0.94	3.0	1
101.6001	0.89	3.2	1
141.33339999999998	0.93	3.1	1
189.6	0.92	3.2	1
246.1333	1.0	3.1	1
310.6666	0.98	3.0	1
383.1999	0.94	3.0	1
463.4665	0.99	2.9	1
552.2664	0.93	3.2	1
649.333	0.99	3.1	1
754.1329	0.98	2.9	1
867.7328	0.88	3.3	1
991.466	0.87	3.8	1
1123.4659	0.91	3.1	1
1263.4658	0.93	3.0	1
1410.9324	0.99	2.8	1
1567.1989999999998	0.9	3.3	1
1733.0656	0.86	3.6	1
1734.1323	0.53	0.4	1
1736.2657	0.46	0.4	1
1736.5323999999998	0.62	0.1	1
1736.7990999999997	0.04	0.1	1
1738.1323999999997	0.79	0.5	1
1740.5323999999998	0.94	0.4	1
1744.2657	0.8	0.5	1
1749.8656999999998	0.12	0.7	1
1756.5323999999998	0.89	0.4	1
1764.5323999999998	0.87	0.5	1
1773.8656999999998	0.82	0.5	1
1784.5322999999999	0.83	0.5	1
1785.599	0.26	0.4	1
1788.799	0.94	1.2	1
1795.4657	0.9	1.3	1
1805.5991	0.93	1.3	1
1818.6658	1.0	1.1	1
1835.1992	0.91	1.3	1
1855.1993	0.88	1.3	1
1878.3994	0.95	1.2	1
1904.7995	0.95	1.2	1
1934.3996000000002	0.95	1.2	1
1967.1997000000001	0.96	1.2	1
2003.1998	0.95	1.2	1
2042.3999000000001	0.94	1.2	1
2084.5333	1.0	1.1	1
2130.1334	0.92	1.3	1
2178.9335	0.96	1.2	1
2231.2003	0.91	1.3	1
2286.6671	0.95	1.2	1
2345.8672	0.89	1.4	1
2408.534	0.92	1.3	1
2474.4008000000003	0.92	1.2	1
2543.7343000000005	0.93	1.3	1
2616.2678000000005	0.92	1.2	1
2692.2680000000005	0.93	1.3	1
2771.4682000000007	0.94	1.2	1
2853.6017000000006	1.0	1.1	1
2938.6685000000007	0.99	1.1	1
3027.2020000000007	0.94	1.3	1
3119.4688000000006	0.88	1.4	1
3214.9356000000007	0.93	1.2	1
3313.6024000000007	0.97	1.2	1
3415.7359000000006	0.94	1.3	1
3521.0694000000008	0.96	1.2	1
3629.869600000001	0.91	1.3	1
3741.869800000001	0.93	1.2	1
3856.803300000001	1.0	1.1	1
3974.6701000000007	0.97	1.1	1
4095.736900000001	0.95	1.2	1
4220.003700000001	0.94	1.2	1
4347.737200000001	0.89	1.3	1
4478.6707000000015	0.95	1.2	1
4612.804200000001	0.96	1.2	1
4750.404400000001	0.93	1.3	1
4891.471300000001	0.93	1.3	1
5035.738200000001	0.93	1.2	1
5183.4718	0.94	1.3	1
5334.938700000001	0.89	1.4	1
5489.605600000001	0.92	1.2	1
5647.472500000001	0.94	1.2	1
5808.806100000001	0.92	1.3	1
5973.606400000001	0.92	1.3	1
6141.8734	0.9	1.3	1
6313.073700000001	0.97	1.1	1
6487.474000000001	1.0	1.2	1
6665.074300000001	0.98	1.2	1
6846.141300000001	0.93	1.3	1
6998.541600000001	1.0	0.5	1
7140.008600000001	0.66	0.4	1
7199.808900000001	0.96	0.5	1
7260.942500000001	0.95	0.5	1
7323.409400000001	0.93	0.5	1
7386.943000000001	1.0	0.4	1
7451.809900000001	0.94	0.5	1
7517.743500000001	1.0	0.4	1
7584.743800000001	0.99	0.4	1
7653.077400000001	0.93	0.5	1
7722.477700000001	0.96	0.4	1
7793.211300000001	0.91	0.5	1
7865.011600000001	0.96	0.4	1
7937.878600000001	0.95	0.4	1
8011.8123000000005	0.99	0.4	1
8086.8127	0.97	0.4	1
8163.1464000000005	0.9	0.5	1
8240.5468	0.97	0.4	1
8319.2805	0.94	0.5	1
8399.0809	0.99	0.4	1
8479.948	0.97	0.4	1
8561.881800000001	0.96	0.4	1
8644.882300000001	0.99	0.4	1
8729.216100000001	0.91	0.5	1
8814.616600000001	0.99	0.4	1
8901.0838	0.95	0.4	1
8988.6177	0.95	0.4	1
9077.2183	0.97	0.4	1
9166.1522	0.94	0.5	1
9255.4194	0.96	0.5	1
9345.019900000001	0.97	0.5	1
9435.953700000002	0.99	0.5	1
9527.954200000002	0.98	0.4	1
9621.288000000002	0.98	0.5	1
9715.955100000003	0.95	0.5	1
9811.955500000004	0.93	0.5	1
9909.289200000003	0.95	0.5	1
10007.956200000002	1.0	0.5	1
10107.956500000002	0.95	0.5	1
10209.290100000002	0.99	0.5	1
10310.690400000001	1.0	0.4	1
10413.424	0.93	0.5	1
10517.224300000002	0.97	0.4	1
10622.3579	0.91	0.5	1
10728.558200000001	0.96	0.4	1
10835.825200000001	0.98	0.4	1
10944.1589	0.97	0.4	1
11053.5593	1.0	0.4	1
11164.293000000001	0.89	0.5	1
11276.36	0.91	0.5	1
11389.4937	0.98	0.4	1
11503.6941	0.97	0.4	1
11618.9612	0.9	0.4	1
11735.561599999999	1.0	0.5	1
11853.2287	0.97	0.4	1
11971.9625	1.0	0.4	1
12092.0296	1.0	0.5	1
12213.1634	0.99	0.4	1
12335.3639	1.0	0.4	1
12458.8977	0.96	0.5	1
12583.4982	0.97	0.4	1
12709.432	1.0	0.5	1
12836.4325	0.84	0.4	1
12964.766300000001	0.93	0.5	1
13094.1668	0.95	0.4	1
13224.634	0.99	0.4	1
13356.1679	1.0	0.4	1
13488.7685	1.0	0.4	1
13622.4358	1.0	0.4	1
13750.969799999999	0.99	0.7	1
13881.370499999999	0.95	0.7	1
13963.837899999999	0.34	0.4	1
14047.638599999998	0.28	0.5	1
14133.305999999999	0.33	0.7	1
14220.5734	0.83	0.6	1
14309.1741	0.95	0.5	1
14399.3748	0.18	0.6	1
14490.9088	0.3	0.5	1
14583.7761	0.59	0.5	1
14677.710099999998	0.29	0.4	1
14773.244099999998	0.28	0.6	1
14870.111399999998	0.93	0.5	1
14968.311999999998	0.89	0.5	1
15067.579299999998	0.33	0.4	1
15167.913299999998	0.63	0.4	1
15269.580599999998	0.57	0.5	1
15372.581199999997	0.78	0.5	1
15476.915099999997	0.91	0.5	1
15582.848999999997	0.29	0.6	1
15690.382899999997	0.22	0.6	1
15799.783499999998	0.75	0.7	1
15911.050799999997	0.32	0.7	1
16024.184799999997	0.3	0.7	1
16138.652099999998	0.95	0.5	1
16254.186099999997	0.31	0.4	1
16370.786799999998	0.59	0.4	1
16488.454199999996	0.31	0.4	1
16607.721599999997	0.46	0.6	1
16728.588999999996	0.82	0.6	1
16851.056399999998	0.87	0.6	1
16975.390499999998	0.23	0.7	1
17101.057899999996	0.48	0.5	1
17228.058599999997	0.65	0.5	1
17356.659299999996	0.21	0.6	1
17486.859999999997	0.25	0.6	1
17618.927399999997	0.34	0.7	1
17752.328099999995	0.88	0.5	1
17887.062099999996	0.27	0.5	1
18023.396099999994	0.26	0.6	1
18160.796799999993	0.32	0.4	1
18299.530799999993	0.85	0.5	1
18439.598099999992	0.84	0.5	1
18580.998699999993	0.94	0.5	1
18723.999299999992	0.84	0.6	1
18868.599899999994	0.78	0.6	1
19014.533799999994	0.27	0.5	1
19161.800999999992	0.27	0.5	1
19310.401499999993	0.91	0.5	1
19460.33529999999	0.28	0.5	1
19611.602399999992	0.87	0.5	1
19764.469499999992	0.54	0.6	1
19919.203299999994	0.46	0.7	1
20075.537099999994	0.27	0.6	1
20233.470899999993	0.28	0.6	1
20393.004699999994	0.24	0.6	1
20554.138499999994	0.26	0.6	1
20716.605599999995	0.64	0.5	1
20880.672699999996	0.79	0.6	1
21046.606499999994	0.73	0.7	1
21213.606999999993	0.58	0.4	1
21382.207499999993	0.28	0.6	1
21551.874699999993	0.76	0.4	1
21722.608599999992	0.29	0.4	1
21894.675799999994	0.75	0.5	1
22068.342999999993	0.79	0.6	1
22243.076899999993	0.29	0.4	1
22419.410799999994	0.3	0.6	1
22597.077999999994	0.9	0.5	1
22776.611899999993	0.25	0.7	1
22958.012499999993	0.25	0.7	1
23141.013099999993	0.72	0.6	1
23325.346999999994	0.45	0.5	1
23509.747599999995	0.35	0.4	1
23695.214899999995	0.33	0.4	1
23882.548899999994	0.21	0.7	1
24071.482899999995	0.76	0.6	1
24262.283599999995	0.35	0.7	1
24454.950999999994	0.36	0.7	1
24649.218399999994	0.17	0.6	1
24845.085799999993	0.46	0.6	1
25042.819899999995	0.37	0.7	1
25242.153999999995	0.22	0.6	1
25443.088099999994	0.32	0.6	1
25645.622199999994	0.42	0.6	1
25850.022999999994	0.26	0.7	1
26056.290499999996	0.23	0.7	1
26264.424699999996	0.11	0.7	1
26473.892199999995	0.44	0.5	1
26685.226399999996	0.26	0.7	1
26898.160599999996	0.28	0.6	1
27112.161499999995	0.36	0.4	1
27328.029099999996	0.24	0.7	1
27544.496699999996	0.18	0.6	1
27762.830999999995	0.21	0.7	1
27982.765299999995	0.28	0.6	1
28203.766299999996	0.21	0.4	1
28425.833999999995	0.29	0.4	1
28649.768399999994	0.19	0.7	1
28875.302799999994	0.18	0.6	1
29102.703899999993	0.18	0.7	1
29331.704999999994	0.21	0.6	1
29561.772799999995	0.23	0.4	1
29793.707299999995	0.23	0.7	1
30027.508499999996	0.16	0.7	1
30262.909699999997	0.28	0.6	1
30500.177599999995	0.3	0.7	1
30739.312199999997	0.3	0.7	1
30979.513499999997	0.24	0.4	1
31221.048099999996	0.19	0.5	1
31464.449399999998	0.23	0.7	1
31709.450699999998	0.17	0.6	1
31956.051999999996	0.2	0.6	1
32204.519999999997	0.23	0.7	1
32454.321299999996	0.2	0.5	1
32704.989299999997	0.25	0.7	1
32957.524	0.16	0.7	1
33211.392	0.15	0.5	1
33466.5933	0.13	0.5	1
33723.3946	0.19	0.6	1
33982.0626	0.15	0.7	1
34242.0639	0.14	0.5	1
34503.6652	0.18	0.6	1
34766.5998	0.23	0.5	1
35030.8677	0.14	0.5	1
35296.7356	0.12	0.6	1
35563.9368	0.22	0.5	1
35832.471300000005	0.12	0.5	1
36102.605800000005	0.17	0.6	1
36374.0736	0.18	0.5	1
36647.1414	0.22	0.6	1
36922.0759	0.16	0.7	1
37198.610400000005	0.29	0.6	1
37476.744900000005	0.11	0.6	1
37756.212700000004	0.25	0.5	1
38037.2805	0.11	0.6	1
38320.215000000004	0.11	0.7	1
38604.749500000005	0.13	0.6	1
38890.3507	0.15	0.4	1
39177.551900000006	0.12	0.6	1
39466.61980000001	0.23	0.7	1
39757.28770000001	0.14	0.6	1
40049.55560000001	0.21	0.6	1
40343.156800000004	0.15	0.5	1
40638.35800000001	0.14	0.6	1
40935.42590000001	0.12	0.7	1
41234.09380000001	0.19	0.6	1
41534.62840000001	0.2	0.7	1
41836.496300000006	0.11	0.5	1
42140.23090000001	0.2	0.7	1
42445.83220000001	0.17	0.7	1
42752.76680000001	0.2	0.5	1
43061.56810000001	0.3	0.7	1
43371.96940000001	0.2	0.6	1
43683.43740000001	0.17	0.4	1
43996.23870000001	0.17	0.5	1
44310.64000000001	0.22	0.6	1
44626.64130000001	0.13	0.6	1
44944.50930000001	0.75	0.7	1
45263.44400000001	0.19	0.4	1
45583.712000000014	0.12	0.5	1
45905.313300000016	0.22	0.5	1
46228.24790000002	0.17	0.5	1
46552.515800000016	0.14	0.5	1
46877.85040000002	0.15	0.4	1
47203.78500000002	0.13	0.6	1
47531.31960000002	0.13	0.6	1
47860.187500000015	0.15	0.5	1
48190.38870000002	0.16	0.5	1
48521.92320000002	0.15	0.5	1
48854.79100000002	0.13	0.5	1
49189.25880000002	0.14	0.6	1
49525.593300000015	0.11	0.7	1
49863.52780000002	0.14	0.6	1
50202.52900000002	0.18	0.4	1
50543.130200000014	0.18	0.6	1
50885.33140000002	0.3	0.6	1
51229.13260000002	0.14	0.6	1
51574.26710000002	0.12	0.5	1
51920.73490000002	0.14	0.5	1
52268.26940000002	0.17	0.4	1
52617.13720000002	0.14	0.5	1
52967.33830000002	0.13	0.5	1
53318.872700000014	0.15	0.5	1
53671.473800000014	0.26	0.4	1
54025.94160000001	0.31	0.7	1
54381.74270000001	0.14	0.5	1
54738.87710000001	0.14	0.5	1
55097.34480000001	0.22	0.5	1
55456.87920000001	0.16	0.4	1
55817.74690000001	0.13	0.5	1
56180.481300000014	0.24	0.7	1
56544.54900000001	0.14	0.5	1
56909.683400000016	0.33	0.4	1
57276.41780000002	0.12	0.6	1
57644.218900000014	0.14	0.4	1
58013.35330000002	0.12	0.5	1
58384.35440000002	0.18	0.7	1
58756.95550000002	0.12	0.6	1
59130.88990000002	0.15	0.5	1
59506.42430000001	0.15	0.6	1
59883.292000000016	0.14	0.5	1
60261.75970000002	0.14	0.6	1
60641.82740000002	0.14	0.6	1
61023.761800000015	0.2	0.7	1
61407.29620000001	0.2	0.6	1
61792.697300000014	0.24	0.7	1
62179.431700000016	0.28	0.5	1
62568.032800000015	0.31	0.7	1
62957.967200000014	0.24	0.5	1
63348.968300000015	0.16	0.4	1
63741.03610000001	0.19	0.4	1
64134.970600000015	0.09	0.7	1
64530.77180000002	0.18	0.7	1
64927.90630000002	0.13	0.5	1
65326.374100000015	0.14	0.5	1
65726.44190000002	0.14	0.6	1
66127.84300000002	0.13	0.5	1
66530.84410000002	0.18	0.6	1
66935.17850000002	0.21	0.5	1
67341.37960000003	0.16	0.7	1
67748.64740000003	0.15	0.4	1
68157.24850000003	0.14	0.5	1
68567.18290000003	0.2	0.5	1
68978.45060000003	0.15	0.5	1
69391.31830000003	0.19	0.6	1
69805.25270000003	0.16	0.4	1
70220.52040000002	0.15	0.5	1
70637.12140000002	0.22	0.5	1
71054.78910000002	0.26	0.4	1
71473.52350000002	0.37	0.4	1
71893.59120000002	0.14	0.5	1
72314.99220000002	0.14	0.5	1
72737.99320000003	0.12	0.6	1
73162.32750000003	0.14	0.5	1
73587.99510000003	0.16	0.5	1
74015.52940000003	0.32	0.7	1
74444.39700000003	0.16	0.5	1
74874.86460000003	0.18	0.6	1
75306.66550000003	0.14	0.5	1
75739.53310000003	0.17	0.4	1
76174.26740000003	0.16	0.7	1
76610.33500000002	0.13	0.5	1
77048.00260000002	0.17	0.6	1
77487.27020000003	0.22	0.6	1
77927.87110000003	0.15	0.5	1
78370.07200000003	0.17	0.6	1
78813.60620000002	0.2	0.5	1
79258.74040000002	0.27	0.6	1
79705.74130000002	0.17	0.7	1
80154.34220000003	0.13	0.6	1
80604.80980000003	0.14	0.7	1
81057.14410000003	0.16	0.7	1
81510.54510000003	0.19	0.4	1
81965.54610000004	0.13	0.6	1
82421.88040000004	0.22	0.5	1
82879.54800000004	0.17	0.5	1
83338.81560000005	0.26	0.6	1
83799.14990000005	0.26	0.4	1
84261.08420000004	0.12	0.6	1
84724.35180000005	0.17	0.5	1
85189.21940000005	0.15	0.6	1
85655.95370000004	0.13	0.7	1
86124.28800000004	0.2	0.6	1
86594.22230000004	0.12	0.6	1
87065.48990000004	0.13	0.5	1
87538.35750000004	0.14	0.6	1
88011.82510000005	0.16	0.6	1
88184.89270000004	0.38	0.6	1
88359.56030000004	0.36	0.6	1
88535.56120000004	0.44	0.5	1
88713.16210000005	0.35	0.6	1
88892.62970000005	0.28	0.7	1
89073.69730000004	0.32	0.6	1
89256.09820000004	0.45	0.5	1
89439.83240000004	0.4	0.5	1
89624.89990000005	0.38	0.5	1
89811.56740000004	0.34	0.6	1
89999.56820000004	0.36	0.5	1
90189.16900000004	0.33	0.6	1
90380.36980000004	0.33	0.6	1
90573.17060000004	0.39	0.6	1
90767.30470000004	0.33	0.5	1
90963.03880000004	0.39	0.6	1
91160.10620000004	0.42	0.5	1
91358.50690000004	0.42	0.5	1
91558.50760000004	0.37	0.6	1
91760.10830000004	0.35	0.6	1
91963.57570000003	0.3	0.7	1
92168.90980000002	0.32	0.7	1
92375.57720000003	0.45	0.5	1
92583.57790000003	0.39	0.5	1
92793.44530000004	0.3	0.7	1
93004.64600000004	0.39	0.5	1
93217.71340000004	0.32	0.7	1
93432.11410000004	0.38	0.5	1
93647.84810000003	0.4	0.5	1
93864.91540000003	0.41	0.5	1
94083.31600000002	0.41	0.5	1
94303.04990000003	0.39	0.5	1
94524.11710000003	0.39	0.5	1
94746.51760000004	0.4	0.5	1
94970.25140000004	0.38	0.5	1
95195.31850000004	0.46	0.5	1
95421.71890000004	0.35	0.5	1
95649.71930000004	0.38	0.6	1
95879.58640000004	0.3	0.7	1
96111.05350000004	0.37	0.6	1
96343.12060000004	0.29	0.6	1
96344.98730000004	0.94	0.7	1
96346.05400000003	0.09	0.4	1
96347.92070000003	0.78	0.7	1
96351.65410000003	0.8	0.7	1
96353.52080000003	0.05	0.7	1
96354.85410000003	0.49	0.5	1
96357.52070000002	0.61	0.5	1
96361.52060000002	0.53	0.5	1
96366.85380000001	0.47	0.5	1
96373.52030000002	0.52	0.5	1
96374.85360000002	0.18	0.5	1
96376.18690000002	0.8	0.5	1
96378.05360000001	0.52	0.7	1
96381.25360000001	0.66	0.5	1
96386.3203	0.48	0.7	1
96393.2537	0.52	0.7	1
96401.7871	0.56	0.6	1
96403.3871	0.08	0.6	1
96404.4538	0.85	0.4	1
96406.58720000001	0.81	0.4	1
96409.78730000001	0.73	0.4	1
96414.05410000001	0.26	0.4	1
96415.3874	0.94	0.5	1
96416.98740000001	0.66	0.6	1
96420.18740000001	0.68	0.6	1
96424.4541	0.35	0.4	1
96430.3208	0.73	0.6	1
96437.7875	0.68	0.6	1
96446.8542	0.65	0.6	1
96457.5209	0.71	0.6	1
96469.7876	0.68	0.6	1
96483.6543	0.72	0.6	1
96499.121	0.66	0.6	1
96516.1877	0.69	0.6	1
96534.8544	0.68	0.6	1
96555.12109999999	0.7	0.6	1
96576.98779999999	0.7	0.6	1
96600.72119999999	0.68	0.7	1
96626.05459999999	0.65	0.6	1
96652.72129999999	0.71	0.5	1
96680.98799999998	0.68	0.6	1
96710.85469999998	0.67	0.6	1
96742.32139999999	0.66	0.6	1
96775.38809999998	0.67	0.6	1
96810.32149999998	0.66	0.7	1
96846.85489999998	0.71	0.6	1
96884.98829999998	0.67	0.6	1
96924.98839999999	0.75	0.7	1
96966.58849999998	0.69	0.6	1
97009.78859999999	0.67	0.6	1
97054.58869999998	0.67	0.6	1
97100.72209999998	0.7	0.5	1
97148.45549999998	0.7	0.6	1
97197.78889999999	0.68	0.6	1
97248.72229999998	0.7	0.6	1
97300.98899999997	0.75	0.5	1
97302.05569999997	0.83	0.4	1
97304.45569999996	0.79	0.5	1
97307.92239999997	0.88	0.4	1
97312.45579999997	0.86	0.4	1
97318.32249999997	0.81	0.5	1
97325.25589999996	0.93	0.4	1
97333.25599999996	0.84	0.4	1
97342.32279999997	0.88	0.4	1
97343.38949999996	0.57	0.4	1
97344.45619999996	0.49	0.4	1
97346.58959999996	0.48	0.4	1
97350.05629999997	0.44	0.5	1
97354.58969999997	0.41	0.4	1
97360.18979999996	0.55	0.4	1
97366.85659999997	0.45	0.4	1
97374.59009999997	0.46	0.4	1
97381.39029999997	0.49	0.4	1
97389.25719999996	0.52	0.4	1
97389.52389999996	0.78	0.1	1
97390.05729999996	0.57	0.1	1
97390.85739999995	0.89	0.1	1
97391.92419999995	0.69	0.1	1
97393.25769999994	0.34	0.1	1
97394.85789999994	0.89	0.1	1
97396.72479999994	0.9	0.1	1
97398.85839999994	0.91	0.1	1
97401.25869999993	0.8	0.1	1
97403.92569999993	0.91	0.1	1
97406.85939999993	0.84	0.1	1
97410.05979999993	0.9	0.1	1
97413.52689999992	0.96	0.1	1
97417.26069999993	0.87	0.1	1
97421.26119999992	0.96	0.1	1
97425.52839999992	0.93	0.1	1
97430.06229999992	0.82	0.1	1
97434.86289999992	0.67	0.1	1
97439.93019999992	0.85	0.1	1
97445.26419999992	0.65	0.1	1
97450.86489999991	0.88	0.1	1
97456.73229999992	0.68	0.1	1
97462.86639999991	0.79	0.1	1
97469.26719999991	0.9	0.1	1
97475.93469999991	0.59	0.1	1
97482.86889999991	0.51	0.1	1
97490.06979999991	0.56	0.1	1
97497.53739999991	0.72	0.1	1
97505.27169999991	0.85	0.1	1
97513.27269999991	0.92	0.1	1
97521.54039999991	0.53	0.1	1
97530.07479999991	0.85	0.1	1
97538.87589999991	0.85	0.1	1
97547.94369999992	0.78	0.1	1
97557.27819999991	0.85	0.1	1
97566.87939999992	0.85	0.1	1
97576.74729999992	1.0	0.1	1
97586.88189999992	0.92	0.1	1
97597.28319999992	0.9	0.1	1
97607.95119999992	0.82	0.1	1
97618.88589999992	0.52	0.1	1
97630.08729999993	0.58	0.1	1
97641.55539999992	0.83	0.1	1
97653.29019999993	0.7	0.1	1
97665.29169999993	0.85	0.1	1
97677.55989999993	0.84	0.1	1
97690.09479999993	0.67	0.1	1
97702.89639999994	0.82	0.1	1
97715.96469999994	0.85	0.1	1
97729.29969999995	0.89	0.1	1
97742.90139999994	0.88	0.1	1
97756.76979999995	0.88	0.1	1
97770.90489999995	0.83	0.1	1
97785.30669999996	0.88	0.1	1
97799.97519999996	0.4	0.1	1
97814.91039999996	0.75	0.1	1
97830.11229999996	0.72	0.1	1
97845.58089999996	0.91	0.1	1
97861.31619999996	0.91	0.1	1
97877.31819999995	0.9	0.1	1
97893.58689999995	0.94	0.1	1
97910.12229999994	0.54	0.1	1
97926.92439999995	0.88	0.1	1
97943.99319999994	0.65	0.1	1
97961.32869999994	0.72	0.1	1
97978.93089999993	0.92	0.1	1
97996.79979999994	1.0	0.1	1
98014.93539999993	0.78	0.1	1
98033.33769999993	0.61	0.1	1
98052.00669999993	0.84	0.1	1
98070.94239999993	0.82	0.1	1
98090.14479999992	0.81	0.1	1
98109.61389999992	0.84	0.1	1
98129.34969999992	0.98	0.1	1
98149.35219999992	0.71	0.1	1
98169.62139999992	0.86	0.1	1
98190.15729999992	0.9	0.1	1
98210.95989999991	0.84	0.1	1
98232.02919999992	0.48	0.1	1
98253.36519999991	0.68	0.1	1
98274.96789999992	0.5	0.1	1
98296.83729999991	0.8	0.1	1
98318.97339999992	0.93	0.1	1
98341.37619999991	0.57	0.1	1
98364.04569999992	0.86	0.1	1
98386.98189999991	0.93	0.1	1
98410.18479999992	0.46	0.1	1
98433.65439999991	0.62	0.1	1
98457.39069999992	0.71	0.1	1
98481.39369999991	0.88	0.1	1
98505.66339999992	0.67	0.1	1
98530.19979999991	0.85	0.1	1
98555.00289999992	0.8	0.1	1
98580.07269999992	0.88	0.1	1
98605.40919999992	0.83	0.1	1
98631.01239999992	0.89	0.1	1
98656.88229999992	0.87	0.1	1
98683.01889999992	0.92	0.1	1
98709.42219999993	0.9	0.1	1
98736.09219999993	0.84	0.1	1
98763.02889999993	0.88	0.1	1
98790.23229999993	0.69	0.1	1
98817.70239999994	0.93	0.1	1
98845.43919999994	0.58	0.1	1
98873.44269999994	0.9	0.1	1
98901.71289999994	0.56	0.1	1
98930.24979999995	0.4	0.1	1
98959.05339999995	0.62	0.1	1
98988.12369999995	0.77	0.1	1
99017.46069999995	0.87	0.1	1
99047.06439999996	0.85	0.1	1
99050.53479999996	0.77	0.7	1
99051.60149999996	0.23	0.4	1
99053.73489999997	0.3	0.4	1
99055.06819999997	0.12	0.5	1
99057.73479999996	0.11	0.5	1
99061.73469999996	0.1	0.5	1
99062.80139999995	0.41	0.4	1
99064.13469999995	0.49	0.5	1
99066.53469999995	0.6	0.4	1
99070.26799999995	0.52	0.5	1
99075.33459999996	0.52	0.5	1
99082.00119999996	0.47	0.6	1
99087.00109999995	0.59	0.5	1
99093.60099999995	0.55	0.6	1
99102.06759999995	0.47	0.7	1
99110.60089999995	0.61	0.4	1
99120.20089999995	0.5	0.4	1
99130.86759999995	0.59	0.4	1
99142.86759999995	0.56	0.5	1
99155.93429999995	0.58	0.4	1
99157.00099999995	0.6	0.4	1
99159.13439999995	0.7	0.4	1
99163.13449999996	0.65	0.7	1
99169.00129999996	0.65	0.7	1
99176.20139999996	0.44	0.5	1
99183.46819999996	0.6	0.4	1
99192.33499999996	0.69	0.6	1
99203.06849999996	0.63	0.7	1
99215.40199999996	0.67	0.6	1
99229.60219999996	0.63	0.7	1
99245.13569999997	0.39	0.5	1
99259.73589999997	0.47	0.4	1
99274.40279999997	0.57	0.4	1
99275.46949999996	0.1	0.4	1
99277.60289999997	0.56	0.4	1
99280.80299999997	0.15	0.4	1
99285.06979999997	0.19	0.4	1
99290.40329999996	0.06	0.4	1
99292.00329999997	0.54	0.6	1
99295.20329999996	0.47	0.6	1
99300.26999999996	0.45	0.7	1
99306.66999999995	0.48	0.5	1
99314.40329999996	0.52	0.5	1
99323.46989999997	0.46	0.5	1
99333.86979999997	0.59	0.5	1
99345.60299999997	0.6	0.5	1
99358.66949999997	0.62	0.5	1
99373.33599999998	0.53	0.6	1
99389.33579999999	0.51	0.5	1
99406.93559999998	0.54	0.6	1
99425.60209999999	0.63	0.4	1
99445.86859999999	0.5	0.6	1
99467.73509999999	0.5	0.6	1
99491.20159999999	0.68	0.6	1
99516.26809999999	0.48	0.6	1
99542.66789999999	0.55	0.5	1
99570.66769999999	0.57	0.6	1
99600.0008	0.55	0.5	1
99601.06749999999	0.28	0.4	1
99602.6675	0.28	0.6	1
99605.8675	0.69	0.6	1
99610.6675	0.67	0.6	1
99617.06749999999	0.38	0.6	1
99625.06749999999	0.77	0.6	1
99634.6675	0.71	0.6	1
99646.1342	0.66	0.7	1
99659.2009	0.4	0.6	1
99673.8676	0.7	0.6	1
99689.8676	0.35	0.5	1
99707.2009	0.89	0.5	1
99726.1342	0.67	0.6	1
99746.6675	0.7	0.6	1
99768.53409999999	0.9	0.5	1
99792.00069999999	0.73	0.6	1
99816.80059999999	0.74	0.5	1
99842.93379999998	0.81	0.5	1
99870.66699999999	0.68	0.6	1
99900.26689999999	0.67	0.7	1
99931.4668	0.75	0.6	1
99964.0	0.59	0.5	1
99998.1332	0.63	0.6	1
100033.8664	0.75	0.6	1
100071.19959999999	0.65	0.6	1
100110.13279999999	0.71	0.6	1
100150.666	0.69	0.6	1
100192.5325	0.96	0.5	1
100235.999	0.71	0.6	1
100281.0655	0.79	0.6	1
100327.9987	0.66	0.7	1
100376.5319	0.75	0.6	1
100426.6651	0.31	0.6	1
100478.3983	0.81	0.6	1
100531.7315	0.71	0.6	1
100533.0648	0.79	0.5	1
100535.73139999999	0.78	0.5	1
100539.73129999998	0.8	0.5	1
100545.06449999998	0.77	0.5	1
100551.46439999998	0.81	0.4	1
100559.19759999998	0.81	0.5	1
100568.26409999999	0.82	0.5	1
100578.39729999998	0.75	0.4	1
100582.39729999998	0.9	1.5	1
100590.39729999998	0.88	1.5	1
100602.66399999998	0.85	1.6	1
100618.39739999997	0.93	1.3	1
100637.06409999997	0.99	1.1	1
100659.46409999997	0.93	1.4	1
100685.33079999997	0.92	1.3	1
100714.39749999996	0.91	1.2	1
100746.39749999996	0.95	1.1	1
100782.93079999996	0.89	1.7	1
100822.39739999996	0.99	1.1	1
100865.86399999996	0.91	1.5	1
100912.53059999995	1.0	1.2	1
100962.93049999996	0.89	1.4	1
101017.33039999996	0.88	1.5	1
101074.93029999996	0.98	1.2	1
101136.53019999996	0.94	1.5	1
101138.13019999997	0.79	0.6	1
101141.59689999997	0.73	0.7	1
101146.66359999997	0.75	0.6	1
101153.33029999997	0.73	0.6	1
101161.59699999997	0.74	0.6	1
101171.46369999996	0.79	0.6	1
101182.93039999997	0.76	0.6	1
101195.99709999996	0.7	0.6	1
101210.66379999997	0.75	0.6	1
101227.19719999997	0.74	0.7	1
101245.59729999996	0.63	0.7	1
101265.33069999996	0.84	0.5	1
101286.93079999996	0.72	0.7	1
101310.39759999995	0.69	0.7	1
101335.46439999995	0.81	0.6	1
101362.13119999996	0.75	0.6	1
101390.39799999996	0.81	0.6	1
101420.53149999995	0.75	0.7	1
101452.53169999995	0.71	0.7	1
101486.13189999995	0.78	0.6	1
101521.33209999996	0.8	0.6	1
101558.39899999996	0.76	0.7	1
101597.06589999996	0.72	0.6	1
101637.59949999995	0.71	0.7	1
101679.99979999995	0.75	0.7	1
101724.00009999995	0.77	0.6	1
101769.86709999994	0.7	0.7	1
101817.60079999994	0.73	0.7	1
101867.20119999994	0.73	0.7	1
101918.66829999993	0.73	0.7	1
101972.00209999993	0.74	0.7	1
102027.20259999993	0.75	0.7	1
102084.00309999993	0.76	0.6	1
102142.40359999993	0.76	0.6	1
102202.67079999993	0.75	0.7	1
102264.80469999994	0.8	0.7	1
102328.80529999993	0.7	0.7	1
102394.67259999993	0.78	0.7	1
102462.40659999993	0.67	0.7	1
102532.00729999992	0.76	0.7	1
102603.47469999992	0.77	0.7	1
102676.80879999991	0.71	0.7	1
102752.00959999992	0.75	0.7	1
102829.07709999992	0.74	0.7	1
102907.74459999992	0.77	0.6	1
102988.27879999991	0.74	0.7	1
103070.6796999999	0.76	0.7	1
103154.94729999991	0.69	0.7	1
103241.08159999992	0.7	0.7	1
103242.68159999992	0.66	0.6	1
103243.74829999992	0.26	0.4	1
103245.88169999993	0.74	0.4	1
103249.08179999993	0.26	0.4	1
103253.34859999992	0.24	0.4	1
103258.68209999992	0.25	0.4	1
103262.94879999991	0.53	1.6	1
103267.74879999991	0.58	0.2	1
103277.08209999991	0.5	1.7	1
103290.9486999999	0.52	1.7	1
103315.21529999991	0.22	3.9	1
103340.0151999999	0.17	0.2	1
103369.08179999991	0.54	1.6	1
103402.14839999992	0.56	1.5	1
103439.48169999992	0.53	1.6	1
103481.08169999992	0.56	1.6	1
103526.68169999993	0.56	1.5	1
103576.28169999993	0.54	1.5	1
103629.88169999994	0.57	1.5	1
103688.01499999994	0.51	1.7	1
103750.14829999994	0.55	1.5	1
103816.54829999994	0.53	1.6	1
103883.48159999994	0.21	0.2	1
103954.68159999994	0.52	1.6	1
104030.14829999994	0.53	1.6	1
104112.28169999995	0.76	2.5	1
104198.68179999995	0.54	1.6	1
104292.28189999994	0.75	2.7	1
104373.74869999994	0.83	2.2	1
104461.34879999993	0.79	2.3	1
104561.48219999994	0.93	4.7	1
104562.81549999994	0.09	0.5	1
104565.74879999994	0.07	0.6	1
104567.34879999995	0.07	0.6	1
104570.54879999995	0.22	0.6	1
104575.34879999995	0.06	0.6	1
104579.34879999995	0.08	1.5	1
104587.34879999995	0.08	1.5	1
104599.34879999995	0.07	1.5	1
104615.34879999995	0.09	1.5	1
104635.34879999995	0.07	1.5	1
104659.34879999995	0.07	1.5	1
104687.34879999995	0.05	1.5	1
104719.34879999995	0.06	1.5	1
104755.34879999995	0.07	1.5	1
104795.34879999995	0.07	1.5	1
104839.34879999995	0.12	1.5	1
104887.34879999995	0.07	1.5	1
104939.34879999995	0.07	1.5	1
104995.34879999995	0.07	1.5	1
105055.34879999995	0.05	1.5	1
105119.34879999995	0.07	1.5	1
105187.34879999995	0.07	1.5	1
105259.34879999995	0.05	1.5	1
105335.34879999995	0.09	1.5	1
105415.34879999995	0.07	1.5	1
105499.34879999995	0.07	1.5	1
105587.34879999995	0.05	1.5	1
105679.34879999995	0.07	1.5	1
105775.34879999995	0.12	1.5	1
105875.34879999995	0.06	1.5	1
105979.34879999995	0.07	1.5	1
106087.34879999995	0.08	1.5	1
106199.34879999995	0.07	1.5	1
106315.34879999995	0.07	1.5	1
106435.34879999995	0.13	1.5	1
106559.34879999995	0.07	1.5	1
106687.34879999995	0.07	1.5	1
106819.34879999995	0.07	1.5	1
106955.34879999995	0.07	1.5	1
107095.34879999995	0.07	1.5	1
107239.34879999995	0.07	1.5	1
107387.34879999995	0.07	1.5	1
107539.34879999995	0.07	1.5	1
107695.34879999995	0.05	1.5	1
107855.34879999995	0.07	1.5	1
108019.34879999995	0.07	1.5	1
108187.34879999995	0.08	1.5	1
108359.34879999995	0.17	1.5	1
108535.34879999995	0.07	1.5	1
108715.34879999995	0.05	1.5	1
108899.34879999995	0.07	1.5	1
109087.34879999995	0.07	1.5	1
109279.34879999995	0.07	1.5	1
109475.34879999995	0.07	1.5	1
109675.34879999995	0.08	1.5	1
109879.34879999995	0.07	1.5	1
110087.34879999995	0.07	1.5	1
110299.34879999995	0.05	1.5	1
110515.34879999995	0.07	1.5	1
110735.34879999995	0.06	1.5	1
110959.34879999995	0.12	1.5	1
111187.34879999995	0.07	1.5	1
111419.34879999995	0.07	1.5	1
111655.34879999995	0.07	1.5	1
111895.34879999995	0.07	1.5	1
112139.34879999995	0.07	1.5	1
112387.34879999995	0.05	1.5	1
112639.34879999995	0.07	1.5	1
112895.34879999995	0.07	1.5	1
113155.34879999995	0.14	1.5	1
113419.34879999995	0.05	1.5	1
113687.34879999995	0.07	1.5	1
113959.34879999995	0.05	1.5	1
114235.34879999995	0.07	1.5	1
114515.34879999995	0.07	1.5	1
114799.34879999995	0.07	1.5	1
115087.34879999995	0.08	1.5	1
115379.34879999995	0.07	1.5	1
115675.34879999995	0.07	1.5	1
115975.34879999995	0.07	1.5	1
116279.34879999995	0.05	1.5	1
116587.34879999995	0.07	1.5	1
116899.34879999995	0.07	1.5	1
117215.34879999995	0.07	1.5	1
117535.34879999995	0.08	1.5	1
117859.34879999995	0.07	1.5	1
118187.34879999995	0.08	1.5	1
118519.34879999995	0.07	1.5	1
118855.34879999995	0.07	1.5	1
119195.34879999995	0.07	1.5	1
119539.34879999995	0.06	1.5	1
119887.34879999995	0.07	1.5	1
120239.34879999995	0.07	1.5	1
120595.34879999995	0.07	1.5	1
120955.34879999995	0.07	1.5	1
121319.34879999995	0.16	1.5	1
121687.34879999995	0.07	1.5	1
122059.34879999995	0.07	1.5	1
122435.34879999995	0.07	1.5	1
122815.34879999995	0.07	1.5	1
123199.34879999995	0.07	1.5	1
123587.34879999995	0.05	1.5	1
123979.34879999995	0.07	1.5	1
124375.34879999995	0.08	1.5	1
124775.34879999995	0.07	1.5	1
125179.34879999995	0.07	1.5	1
125587.34879999995	0.07	1.5	1
125999.34879999995	0.07	1.5	1
126415.34879999995	0.07	1.5	1
126835.34879999995	0.07	1.5	1
127259.34879999995	0.07	1.5	1
127687.34879999995	0.07	1.5	1
128119.34879999995	0.07	1.5	1
128555.34879999995	0.07	1.5	1
128995.34879999995	0.07	1.5	1
129439.34879999995	0.07	1.5	1
129887.34879999995	0.07	1.5	1
130339.34879999995	0.07	1.5	1
130795.34879999995	0.07	1.5	1
131255.34879999995	0.07	1.5	1
131719.34879999995	0.07	1.5	1
132187.34879999995	0.07	1.5	1
132659.34879999995	0.08	1.5	1
133135.34879999995	0.07	1.5	1
133615.34879999995	0.07	1.5	1
134099.34879999995	0.07	1.5	1
134587.34879999995	0.07	1.5	1
135079.34879999995	0.07	1.5	1
135575.34879999995	0.15	1.5	1
136075.34879999995	0.07	1.5	1
136579.34879999995	0.07	1.5	1
137087.34879999995	0.07	1.5	1
137599.34879999995	0.07	1.5	1
138115.34879999995	0.07	1.5	1
138635.34879999995	0.14	1.5	1
139159.34879999995	0.07	1.5	1
139687.34879999995	0.05	1.5	1
140219.34879999995	0.07	1.5	1
140755.34879999995	0.07	1.5	1
141295.34879999995	0.07	1.5	1
141839.34879999995	0.07	1.5	1
142387.34879999995	0.07	1.5	1
142939.34879999995	0.07	1.5	1
143495.34879999995	0.08	1.5	1
144055.34879999995	0.07	1.5	1
144619.34879999995	0.07	1.5	1
145187.34879999995	0.07	1.5	1
145759.34879999995	0.07	1.5	1
146335.34879999995	0.07	1.5	1
146915.34879999995	0.07	1.5	1
147499.34879999995	0.05	1.5	1
148087.34879999995	0.07	1.5	1
148679.34879999995	0.12	1.5	1
149275.34879999995	0.07	1.5	1
149875.34879999995	0.07	1.5	1
150479.34879999995	0.07	1.5	1
151087.34879999995	0.07	1.5	1
151699.34879999995	0.07	1.5	1
152315.34879999995	0.07	1.5	1
152935.34879999995	0.07	1.5	1
153559.34879999995	0.07	1.5	1
154187.34879999995	0.07	1.5	1
154819.34879999995	0.07	1.5	1
155455.34879999995	0.07	1.5	1
156095.34879999995	0.07	1.5	1
156739.34879999995	0.17	1.5	1
157387.34879999995	0.07	1.5	1
158039.34879999995	0.07	1.5	1
158695.34879999995	0.07	1.5	1
159355.34879999995	0.05	1.5	1
160019.34879999995	0.12	1.5	1
160687.34879999995	0.07	1.5	1
161359.34879999995	0.07	1.5	1
162035.34879999995	0.07	1.5	1
162715.34879999995	0.05	1.5	1
163399.34879999995	0.05	1.5	1
164087.34879999995	0.07	1.5	1
164779.34879999995	0.07	1.5	1
165475.34879999995	0.07	1.5	1
166175.34879999995	0.07	1.5	1
166879.34879999995	0.07	1.5	1
167587.34879999995	0.13	1.5	1
168299.34879999995	0.07	1.5	1
169015.34879999995	0.07	1.5	1
169735.34879999995	0.07	1.5	1
170459.34879999995	0.07	1.5	1
171187.34879999995	0.07	1.5	1
171919.34879999995	0.05	1.5	1
172655.34879999995	0.07	1.5	1
173395.34879999995	0.08	1.5	1
174139.34879999995	0.07	1.5	1
174887.34879999995	0.07	1.5	1
175639.34879999995	0.06	1.5	1
176395.34879999995	0.07	1.5	1
177155.34879999995	0.17	1.5	1
177919.34879999995	0.07	1.5	1
178687.34879999995	0.05	1.5	1
179459.34879999995	0.07	1.5	1
180235.34879999995	0.07	1.5	1
181015.34879999995	0.07	1.5	1
181799.34879999995	0.06	1.5	1
182587.34879999995	0.07	1.5	1
183379.34879999995	0.08	1.5	1
184175.34879999995	0.13	1.5	1
184975.34879999995	0.07	1.5	1
185779.34879999995	0.13	1.5	1
186587.34879999995	0.07	1.5	1
187399.34879999995	0.07	1.5	1
188215.34879999995	0.08	1.5	1
189035.34879999995	0.07	1.5	1
189859.34879999995	0.07	1.5	1
190687.34879999995	0.07	1.5	1
191519.34879999995	0.07	1.5	1
192355.34879999995	0.06	1.5	1
193195.34879999995	0.07	1.5	1
194039.34879999995	0.08	1.5	1
194887.34879999995	0.07	1.5	1
195739.34879999995	0.07	1.5	1
196595.34879999995	0.07	1.5	1
197455.34879999995	0.07	1.5	1
198319.34879999995	0.14	1.5	1
199187.34879999995	0.07	1.5	1
200059.34879999995	0.07	1.5	1
200935.34879999995	0.07	1.5	1
201815.34879999995	0.15	1.5	1
202699.34879999995	0.06	1.5	1
203587.34879999995	0.07	1.5	1
204479.34879999995	0.07	1.5	1
205375.34879999995	0.12	1.5	1
206275.34879999995	0.05	1.5	1
207179.34879999995	0.05	1.5	1
208087.34879999995	0.07	1.5	1
208999.34879999995	0.06	1.5	1
209915.34879999995	0.07	1.5	1
210835.34879999995	0.07	1.5	1
211759.34879999995	0.07	1.5	1
212687.34879999995	0.07	1.5	1
213619.34879999995	0.07	1.5	1
214555.34879999995	0.07	1.5	1
215495.34879999995	0.07	1.5	1
216439.34879999995	0.07	1.5	1
217387.34879999995	0.07	1.5	1
218339.34879999995	0.07	1.5	1
219295.34879999995	0.07	1.5	1
220255.34879999995	0.05	1.5	1
221219.34879999995	0.07	1.5	1
222187.34879999995	0.08	1.5	1
223159.34879999995	0.08	1.5	1
224135.34879999995	0.07	1.5	1
225115.34879999995	0.07	1.5	1
226099.34879999995	0.05	1.5	1
227087.34879999995	0.14	1.5	1
228079.34879999995	0.07	1.5	1
229075.34879999995	0.07	1.5	1
230075.34879999995	0.05	1.5	1
231079.34879999995	0.07	1.5	1
232087.34879999995	0.09	1.5	1
233099.34879999995	0.07	1.5	1
234115.34879999995	0.07	1.5	1
235135.34879999995	0.07	1.5	1
236159.34879999995	0.07	1.5	1
237187.34879999995	0.06	1.5	1
238219.34879999995	0.07	1.5	1
239255.34879999995	0.07	1.5	1
240295.34879999995	0.07	1.5	1
241339.34879999995	0.07	1.5	1
242387.34879999995	0.07	1.5	1
243439.34879999995	0.07	1.5	1
244495.34879999995	0.07	1.5	1
245555.34879999995	0.07	1.5	1
246619.34879999995	0.1	1.5	1
247687.34879999995	0.05	1.5	1
248759.34879999995	0.07	1.5	1
249835.34879999995	0.12	1.5	1
250915.34879999995	0.07	1.5	1
251999.34879999995	0.13	1.5	1
253087.34879999995	0.07	1.5	1
254179.34879999995	0.11	1.5	1
255275.34879999995	0.07	1.5	1
256375.34879999995	0.07	1.5	1
257479.34879999995	0.07	1.5	1
258587.34879999995	0.05	1.5	1
259699.34879999995	0.07	1.5	1
260815.34879999995	0.07	1.5	1
261935.34879999995	0.07	1.5	1
263059.3487999999	0.07	1.5	1
264187.3487999999	0.07	1.5	1
265319.3487999999	0.07	1.5	1
266455.3487999999	0.05	1.5	1
267595.3487999999	0.07	1.5	1
268739.3487999999	0.07	1.5	1
269887.3487999999	0.07	1.5	1
271039.3487999999	0.07	1.5	1
272195.3487999999	0.07	1.5	1
273355.3487999999	0.05	1.5	1
274519.3487999999	0.07	1.5	1
275687.3487999999	0.07	1.5	1
276859.3487999999	0.07	1.5	1
278035.3487999999	0.08	1.5	1
279215.3487999999	0.05	1.5	1
280399.3487999999	0.07	1.5	1
281587.3487999999	0.07	1.5	1
282779.3487999999	0.07	1.5	1
283975.3487999999	0.07	1.5	1
285175.3487999999	0.07	1.5	1
286379.3487999999	0.07	1.5	1
287588.41549999994	0.31	1.9	1
288801.48219999997	0.07	1.5	1
290018.5489	0.07	1.5	1
291239.6156	0.06	1.5	1
292464.68230000004	0.07	1.5	1
293693.74900000007	0.07	1.5	1
294926.8157000001	0.07	1.5	1
296163.8824000001	0.08	1.5	1
297404.94910000014	0.07	1.5	1
298650.01580000017	0.07	1.5	1
299899.0825000002	0.07	1.5	1
301152.1492000002	0.07	1.5	1
302409.21590000024	0.14	1.5	1
303670.28260000027	0.07	1.5	1
304935.3493000003	0.07	1.5	1
306204.4160000003	0.07	1.5	1
307477.48270000034	0.07	1.5	1
308754.54940000037	0.07	1.5	1
310035.6161000004	0.07	1.5	1
311320.6828000004	0.07	1.5	1
312609.74950000044	0.07	1.5	1
313902.81620000047	0.11	1.5	1
315199.8829000005	0.07	1.5	1
316500.9496000005	0.07	1.5	1
317806.01630000054	0.12	1.5	1
319115.08300000057	0.07	1.5	1
320428.1497000006	0.05	1.5	1
321745.2164000006	0.07	1.5	1
323066.28310000064	0.07	1.5	1
324391.34980000067	0.07	1.5	1
325720.4165000007	0.07	1.5	1
327053.4832000007	0.07	1.5	1
328390.54990000074	0.05	1.5	1
329731.61660000077	0.08	1.5	1
331076.6833000008	0.07	1.5	1
332425.7500000008	0.07	1.5	1
333778.81670000084	0.07	1.5	1
335135.88340000086	0.07	1.5	1
336496.9501000009	0.07	1.5	1
337862.0168000009	0.07	1.5	1
339231.08350000094	0.07	1.5	1
340604.15020000096	0.07	1.5	1
341981.216900001	0.07	1.5	1
343362.283600001	0.07	1.5	1
344747.35030000104	0.07	1.5	1
346136.41700000106	0.07	1.5	1
347529.4837000011	0.07	1.5	1
348926.5504000011	0.07	1.5	1
350327.61710000114	0.05	1.5	1
351732.68380000116	0.07	1.5	1
353141.7505000012	0.07	1.5	1
354554.8172000012	0.07	1.5	1
355971.88390000124	0.08	1.5	1
357392.95060000126	0.07	1.5	1
358818.0173000013	0.08	1.5	1
360247.0840000013	0.07	1.5	1
361680.15070000134	0.05	1.5	1
363117.21740000136	0.07	1.5	1
364558.2841000014	0.07	1.5	1
366003.3508000014	0.07	1.5	1
367452.41750000144	0.08	1.5	1
368905.48420000146	0.07	1.5	1
370362.5509000015	0.05	1.5	1
371823.6176000015	0.07	1.5	1
373288.68430000154	0.07	1.5	1
374757.75100000156	0.07	1.5	1
376230.8177000016	0.07	1.5	1
377707.8844000016	0.07	1.5	1
379188.95110000164	0.1	1.5	1
380674.01780000166	0.07	1.5	1
382163.0845000017	0.07	1.5	1
383656.1512000017	0.07	1.5	1
385153.21790000173	0.07	1.5	1
386654.28460000176	0.07	1.5	1
388159.3513000018	0.05	1.5	1
389668.4180000018	0.07	1.5	1
391181.48470000183	0.13	1.5	1
392698.55140000186	0.07	1.5	1
394219.6181000019	0.07	1.5	1
395744.6848000019	0.07	1.5	1
397273.75150000193	0.07	1.5	1
398806.81820000196	0.08	1.5	1
400343.884900002	0.08	1.5	1
401884.951600002	0.07	1.5	1
403430.01830000203	0.15	1.5	1
404979.08500000206	0.07	1.5	1
406532.1517000021	0.07	1.5	1
408089.2184000021	0.07	1.5	1
409650.28510000213	0.07	1.5	1
411215.35180000216	0.11	1.5	1
412784.4185000022	0.07	1.5	1
414357.4852000022	0.07	1.5	1
415934.55190000223	0.07	1.5	1
417515.61860000226	0.05	1.5	1
419100.6853000023	0.07	1.5	1
420689.7520000023	0.08	1.5	1
422282.81870000233	0.07	1.5	1
423879.88540000236	0.08	1.5	1
425480.9521000024	0.07	1.5	1
427086.0188000024	0.08	1.5	1
428695.08550000243	0.07	1.5	1
430308.15220000246	0.04	1.5	1
431925.2189000025	0.07	1.5	1
433546.2856000025	0.07	1.5	1
435171.35230000253	0.07	1.5	1
436800.41900000256	0.07	1.5	1
438433.4857000026	0.07	1.5	1
440070.5524000026	0.17	1.5	1
441711.61910000263	0.07	1.5	1
443356.68580000266	0.07	1.5	1
445005.7525000027	0.11	1.5	1
446658.8192000027	0.07	1.5	1
448315.88590000273	0.06	1.5	1
449976.95260000275	0.07	1.5	1
451642.0193000028	0.05	1.5	1
453311.0860000028	0.07	1.5	1
454984.1527000028	0.07	1.5	1
456661.21940000285	0.18	1.5	1
458342.2861000029	0.07	1.5	1
460027.3528000029	0.07	1.5	1
461716.4195000029	0.05	1.5	1
463409.48620000295	0.08	1.5	1
465106.552900003	0.07	1.5	1
466807.619600003	0.07	1.5	1
468512.686300003	0.1	1.5	1
470221.75300000305	0.15	1.5	1
471934.8197000031	0.07	1.5	1
473651.8864000031	0.06	1.5	1
475372.9531000031	0.05	1.5	1
477098.01980000315	0.07	1.5	1
478827.0865000032	0.14	1.5	1
480560.1532000032	0.16	1.5	1
482297.2199000032	0.07	1.5	1
484038.28660000325	0.07	1.5	1
485783.3533000033	0.05	1.5	1
487532.4200000033	0.07	1.5	1
489285.4867000033	0.08	1.5	1
491042.55340000335	0.07	1.5	1
492803.6201000034	0.07	1.5	1
494568.6868000034	0.07	1.5	1
496337.7535000034	0.07	1.5	1
498110.82020000345	0.08	1.5	1
499887.8869000035	0.07	1.5	1
501668.9536000035	0.07	1.5	1
503454.0203000035	0.07	1.5	1
505243.08700000355	0.07	1.5	1
507036.1537000036	0.07	1.5	1
508833.2204000036	0.06	1.5	1
510634.2871000036	0.07	1.5	1
512439.35380000365	0.17	1.5	1
514248.4205000037	0.07	1.5	1
516061.4872000037	0.07	1.5	1
517878.5539000037	0.05	1.5	1
519699.62060000375	0.07	1.5	1
521524.6873000038	0.13	1.5	1
523353.7540000038	0.11	1.5	1
525186.8207000038	0.07	1.5	1
527023.8874000037	0.07	1.5	1
528864.9541000037	0.07	1.5	1
530710.0208000037	0.07	1.5	1
532559.0875000036	0.06	1.5	1
534412.1542000036	0.07	1.5	1
536269.2209000036	0.07	1.5	1
538130.2876000035	0.07	1.5	1
539995.3543000035	0.08	1.5	1
541864.4210000035	0.07	1.5	1
543737.4877000034	0.07	1.5	1
545614.5544000034	0.05	1.5	1
547495.6211000034	0.05	1.5	1
549380.6878000033	0.07	1.5	1
551269.7545000033	0.08	1.5	1
553162.8212000033	0.07	1.5	1
555059.8879000032	0.12	1.5	1
556960.9546000032	0.07	1.5	1
558866.0213000032	0.07	1.5	1
560775.0880000031	0.17	1.5	1
562688.1547000031	0.07	1.5	1
564605.2214000031	0.07	1.5	1
566526.288100003	0.11	1.5	1
568451.354800003	0.07	1.5	1
570380.421500003	0.05	1.5	1
572313.4882000029	0.07	1.5	1
574250.5549000029	0.07	1.5	1
576191.6216000029	0.08	1.5	1
578136.6883000028	0.07	1.5	1
580085.7550000028	0.13	1.5	1
582038.8217000028	0.07	1.5	1
583995.8884000027	0.07	1.5	1
585956.9551000027	0.07	1.5	1
587922.0218000027	0.07	1.5	1
589891.0885000026	0.07	1.5	1
591864.1552000026	0.07	1.5	1
593841.2219000026	0.05	1.5	1
595822.2886000025	0.08	1.5	1
597807.3553000025	0.13	1.5	1
599796.4220000025	0.07	1.5	1
601789.4887000024	0.07	1.5	1
603786.5554000024	0.07	1.5	1
605787.6221000024	0.05	1.5	1
607792.6888000023	0.12	1.5	1
609801.7555000023	0.07	1.5	1
611814.8222000023	0.07	1.5	1
613831.8889000022	0.07	1.5	1
615852.9556000022	0.09	1.5	1
617878.0223000022	0.05	1.5	1
619907.0890000021	0.07	1.5	1
621940.1557000021	0.07	1.5	1
623977.2224000021	0.05	1.5	1
626018.289100002	0.07	1.5	1
628063.355800002	0.07	1.5	1
630112.422500002	0.07	1.5	1
632165.4892000019	0.07	1.5	1
634222.5559000019	0.07	1.5	1
636283.6226000019	0.05	1.5	1
638348.6893000018	0.07	1.5	1
640417.7560000018	0.05	1.5	1
642490.8227000018	0.07	1.5	1
644567.8894000017	0.07	1.5	1
646648.9561000017	0.08	1.5	1
648734.0228000017	0.07	1.5	1
650823.0895000016	0.06	1.5	1
652916.1562000016	0.12	1.5	1
655013.2229000016	0.07	1.5	1
657114.2896000015	0.07	1.5	1
659219.3563000015	0.07	1.5	1
661328.4230000015	0.07	1.5	1
663441.4897000014	0.12	1.5	1
665558.5564000014	0.11	1.5	1
667679.6231000014	0.07	1.5	1
669804.6898000013	0.05	1.5	1
671933.7565000013	0.08	1.5	1
674066.8232000013	0.07	1.5	1
676203.8899000012	0.07	1.5	1
678344.9566000012	0.07	1.5	1
680490.0233000012	0.12	1.5	1
682639.0900000011	0.07	1.5	1
684792.1567000011	0.12	1.5	1
686949.2234000011	0.04	1.5	1
689110.290100001	0.07	1.5	1
691275.356800001	0.07	1.5	1
693444.423500001	0.05	1.5	1
695617.4902000009	0.07	1.5	1
697794.5569000009	0.07	1.5	1
699975.6236000009	0.07	1.5	1
702160.6903000008	0.07	1.5	1
704349.7570000008	0.07	1.5	1
706542.8237000008	0.06	1.5	1
708739.8904000007	0.07	1.5	1
710940.9571000007	0.07	1.5	1
713146.0238000007	0.07	1.5	1
715355.0905000006	0.08	1.5	1
717568.1572000006	0.07	1.5	1
719785.2239000006	0.11	1.5	1
722006.2906000005	0.07	1.5	1
724231.3573000005	0.07	1.5	1
726460.4240000005	0.07	1.5	1
728693.4907000004	0.1	1.5	1
730930.5574000004	0.08	1.5	1
733171.6241000004	0.06	1.5	1
735416.6908000003	0.05	1.5	1
737665.7575000003	0.07	1.5	1
739918.8242000003	0.07	1.5	1
742175.8909000002	0.07	1.5	1
744436.9576000002	0.07	1.5	1
746702.0243000002	0.07	1.5	1
748971.0910000001	0.07	1.5	1
751244.1577000001	0.14	1.5	1
753521.2244000001	0.07	1.5	1
755802.2911	0.07	1.5	1
758087.3578	0.07	1.5	1
760376.4245	0.07	1.5	1
762669.4911999999	0.07	1.5	1
764966.5578999999	0.07	1.5	1
767267.6245999999	0.07	1.5	1
769572.6912999998	0.11	1.5	1
771881.7579999998	0.07	1.5	1
774194.8246999998	0.07	1.5	1
776511.8913999997	0.07	1.5	1
778832.9580999997	0.16	1.5	1
781158.0247999997	0.11	1.5	1
783487.0914999996	0.07	1.5	1
785820.1581999996	0.07	1.5	1
788157.2248999996	0.07	1.5	1
790498.2915999995	0.08	1.5	1
792843.3582999995	0.13	1.5	1
795192.4249999995	0.07	1.5	1
797545.4916999994	0.08	1.5	1
799902.5583999994	0.13	1.5	1
802263.6250999994	0.07	1.5	1
804628.6917999993	0.07	1.5	1
806890.3584999993	0.44	0.6	1
809153.3584999993	0.41	0.5	1
811417.9584999993	0.46	0.6	1
813684.1584999992	0.43	0.6	1
815951.9584999993	0.44	0.6	1
818221.3584999993	0.45	0.6	1
820492.3584999993	0.44	0.6	1
822750.9584999993	0.7	0.6	1
825010.3584999993	0.87	0.3	1
827270.8251999993	1.0	0.4	1
829532.6251999993	0.88	0.5	1
831778.2918999993	0.62	0.7	1
834025.8252999992	0.66	0.7	1
836275.2253999992	0.69	0.7	1
838526.4921999992	0.64	0.7	1
840779.6256999992	0.65	0.7	1
843034.6258999992	0.64	0.7	1
845291.4927999992	0.64	0.7	1
847550.2263999992	0.66	0.7	1
849810.8266999993	0.64	0.7	1
852073.2936999992	0.67	0.7	1
854337.6273999992	0.68	0.7	1
856603.8277999992	0.53	0.7	1
858871.8948999991	0.64	0.7	1
861141.8286999991	0.62	0.7	1
863413.3624999991	0.69	0.6	1
865686.7629999991	0.64	0.7	1
867961.7634999991	0.63	0.6	1
870238.630699999	0.61	0.7	1
872517.364599999	0.68	0.7	1
874797.698499999	0.61	0.6	1
877079.632399999	0.8	0.6	1
879363.166299999	0.65	0.6	1
881648.300199999	0.61	0.6	1
883935.300799999	0.62	0.7	1
886224.1680999991	0.65	0.7	1
888514.9020999991	0.62	0.7	1
890807.2360999992	0.63	0.6	1
893101.4367999992	0.63	0.7	1
895397.5041999992	0.62	0.7	1
897695.1715999992	0.6	0.6	1
899994.7056999992	0.62	0.7	1
902295.8397999993	0.63	0.6	1
904598.3071999992	0.65	0.5	1
906902.6412999992	0.63	0.7	1
909208.8420999992	0.67	0.7	1
911516.9095999992	0.57	0.7	1
913826.8437999992	0.68	0.7	1
916138.6446999992	0.6	0.7	1
918452.3122999993	0.63	0.7	1
920767.8465999993	0.67	0.7	1
923085.2475999993	0.64	0.7	1
925404.5152999993	0.69	0.7	1
927725.3829999992	0.63	0.6	1
930048.1173999992	0.62	0.7	1
932372.4517999992	0.64	0.6	1
934698.6528999992	0.66	0.7	1
937026.7206999991	0.64	0.7	1
939356.1217999991	0.68	0.5	1
941687.3895999992	0.66	0.7	1
944020.5240999992	0.61	0.7	1
946355.5252999993	0.6	0.7	1
948691.8597999993	0.72	0.5	1
951030.0609999993	0.6	0.7	1
953369.8621999993	0.63	0.6	1
955711.2633999992	0.67	0.6	1
958054.5312999992	0.6	0.7	1
960399.1324999993	0.71	0.5	1
962745.3336999993	0.62	0.6	1
965093.4015999993	0.63	0.7	1
967443.0694999993	0.62	0.6	1
969794.6040999993	0.52	0.7	1
972147.7386999993	0.66	0.6	1
974502.2065999993	0.63	0.5	1
976858.5411999993	0.63	0.7	1
979216.4757999993	0.64	0.6	1
981576.2770999994	0.63	0.7	1
983937.9450999993	0.65	0.7	1
986301.4797999993	0.64	0.7	1
988666.6144999993	0.7	0.6	1
991033.3491999994	0.66	0.6	1
993401.6838999994	0.66	0.6	1
995771.8852999994	0.59	0.7	1
998143.9533999994	0.66	0.7	1
1000517.8881999995	0.65	0.7	1
1002893.6896999994	0.68	0.7	1
1005271.3578999994	0.64	0.7	1
1007650.3593999994	0.69	0.5	1
1010030.6941999993	0.7	0.5	1
1012412.8956999993	0.81	0.7	1
1014796.6971999992	0.63	0.6	1
1017182.3653999992	0.63	0.7	1
1019569.9002999992	0.67	0.7	1
1021959.3018999991	0.66	0.7	1
1024350.3034999991	0.66	0.6	1
1026743.1717999991	0.6	0.7	1
1029137.640099999	0.65	0.6	1
1031533.975099999	0.63	0.7	1
1033931.910099999	0.69	0.6	1
1036331.4450999991	0.64	0.6	1
1038732.5800999991	0.65	0.6	1
1041135.5817999991	0.67	0.7	1
1043540.4501999991	0.66	0.7	1
1045946.9185999992	0.65	0.6	1
1048354.9869999991	0.66	0.6	1
1050764.9220999992	0.66	0.7	1
1053176.4571999991	0.65	0.6	1
1055589.8589999992	0.67	0.7	1
1058004.5940999992	0.67	0.5	1
1060420.9291999992	0.62	0.6	1
1062838.864299999	0.71	0.6	1
1065258.399399999	0.61	0.6	1
1067679.5344999991	0.64	0.6	1
1070102.269599999	0.68	0.6	1
1072526.604699999	0.69	0.6	1
1074952.539799999	0.61	0.6	1
1077380.074899999	0.71	0.6	1
1079809.476699999	0.54	0.7	1
1082240.478499999	0.66	0.6	1
1084673.3469999991	0.56	0.7	1
1087106.815499999	0.92	0.6	1
1089541.617299999	0.95	0.5	1
1091977.7523999992	0.99	0.5	1
1094415.220799999	1.0	0.5	1
1096854.022499999	0.94	0.5	1
1099294.157499999	0.9	0.5	1
1101735.625799999	0.92	0.5	1
1104178.427399999	1.0	0.5	1
1106622.828999999	0.91	0.6	1
1109068.830599999	0.93	0.6	1
1111516.165499999	0.99	0.5	1
1113965.100399999	0.89	0.6	1
1116415.368599999	0.95	0.5	1
1118756.703499999	0.86	0.4	1
1121099.1050999989	0.78	0.4	1
1123442.573399999	0.88	0.4	1
1125787.1083999989	0.82	0.4	1
1128132.7100999989	0.83	0.4	1
1130479.645099999	0.91	0.5	1
1132827.6467999988	0.78	0.4	1
1135176.9817999988	0.52	0.5	1
1137527.3834999988	0.67	0.4	1
1139878.8518999987	0.84	0.4	1
1142231.3869999987	0.75	0.4	1
1144584.9887999988	0.84	0.4	1
1146939.6572999987	0.88	0.4	1
1149295.6590999987	0.83	0.5	1
1151652.7275999987	0.83	0.4	1
1154010.8627999986	0.78	0.4	1
1156370.5979999986	0.53	0.6	1
1158731.3998999987	0.86	0.4	1
1161093.5350999986	0.53	0.5	1
1163456.7369999986	0.81	0.4	1
1165821.0055999986	0.88	0.4	1
1168186.3408999986	0.87	0.4	1
1170553.0094999985	0.5	0.5	1
1172920.7447999986	0.69	0.4	1
1175289.5467999985	0.83	0.4	1
1177659.4154999985	0.87	0.4	1
1180030.6174999985	0.5	0.5	1
1182403.1527999986	0.53	0.5	1
1184776.7547999986	0.88	0.4	1
1187096.4234999986	0.62	0.4	1
1189417.1588999985	0.59	0.4	1
1191738.9609999985	0.5	0.4	1
1194062.0963999985	0.46	0.5	1
1196386.2984999986	0.66	0.4	1
1198711.8338999986	0.5	0.5	1
1201038.4359999986	0.52	0.4	1
1203366.3713999987	0.44	0.5	1
1205695.3734999986	0.59	0.4	1
1208025.4422999986	0.54	0.4	1
1210356.5777999987	0.57	0.4	1
1212689.0465999986	0.49	0.5	1
1215022.5820999986	0.97	0.4	1
1217357.1842999987	0.58	0.4	1
1219692.8531999986	0.58	0.4	1
1222029.5887999986	0.9	0.4	1
1224367.3910999987	0.54	0.4	1
1226706.2600999987	0.59	0.4	1
1229046.1957999987	0.65	0.4	1
1231387.1981999988	0.59	0.4	1
1233729.2672999988	0.65	0.4	1
1236072.6696999988	0.45	0.5	1
1238417.138799999	0.6	0.4	1
1240762.6745999989	0.52	0.4	1
1243109.277099999	0.62	0.4	1
1245456.9462999988	0.58	0.4	1
1247771.8821999987	0.17	0.1	1
1250087.0847999987	0.17	0.1	1
1252402.5540999987	0.37	0.1	1
1254718.2900999987	0.33	0.1	1
1257034.5593999987	0.16	0.2	1
1259351.0953999988	0.34	0.1	1
1261667.898099999	0.35	0.1	1
1263984.9674999989	0.34	0.1	1
1266302.3035999988	0.18	0.1	1
1268619.9063999988	0.33	0.1	1
1270937.7758999988	0.15	0.1	1
1273255.912099999	0.66	0.1	1
1275574.314999999	0.37	0.1	1
1277892.984599999	0.16	0.1	1
1280211.9208999989	0.35	0.1	1
1282531.1238999988	0.17	0.1	1
1284850.5935999989	0.58	0.1	1
1287170.329999999	0.15	0.1	1
1289490.333099999	0.35	0.1	1
1291810.602899999	0.3	0.1	1
1294131.1393999988	0.66	0.1	1
1296451.9425999988	0.64	0.1	1
1298773.0124999988	0.33	0.1	1
1301094.3490999988	0.63	0.1	1
1303415.952399999	0.17	0.1	1
1305737.822399999	0.59	0.1	1
1308059.959099999	0.57	0.1	1
1310382.3624999989	0.17	0.1	1
1312705.0325999989	0.15	0.1	1
1315027.969399999	0.17	0.1	1
1317351.172899999	0.18	0.1	1
1319674.643099999	0.19	0.1	1
1321998.379999999	0.3	0.1	1
1324322.383599999	0.6	0.1	1
1326646.6538999989	0.3	0.1	1
1328971.1908999989	0.34	0.1	1
1331296.261199999	0.11	0.2	1
1333621.598199999	0.64	0.1	1
1335825.5351999989	0.78	0.6	1
1337957.072199999	0.74	0.6	1
1340090.4758999988	0.73	0.7	1
1342225.7462999988	0.73	0.7	1
1344362.8833999988	0.71	0.7	1
1346501.8871999988	0.65	0.7	1
1348642.4909999988	0.86	0.6	1
1350784.6947999988	0.73	0.6	1
1352928.498599999	0.73	0.6	1
1355074.169099999	0.88	0.7	1
1357221.439599999	0.73	0.6	1
1359370.576799999	0.74	0.7	1
1361521.313999999	0.72	0.6	1
1363673.917899999	0.67	0.7	1
1365828.388499999	0.71	0.7	1
1367984.725799999	0.72	0.7	1
1370142.9297999989	0.66	0.7	1
1372302.7337999989	0.75	0.6	1
1374464.137799999	0.74	0.6	1
1376627.408499999	0.72	0.7	1
1378792.279199999	0.74	0.6	1
1380959.016599999	0.69	0.7	1
1383127.6206999992	0.87	0.7	1
1385298.0914999992	0.69	0.7	1
1387470.1622999993	0.82	0.6	1
1389643.8330999992	0.73	0.6	1
1391819.3705999993	0.73	0.7	1
1393996.7747999993	0.7	0.7	1
1396176.0456999992	0.7	0.7	1
1398357.1832999992	0.69	0.7	1
1400540.1875999991	0.68	0.7	1
1402725.0585999992	0.9	0.7	1
1404892.996299999	0.54	0.4	1
1407062.000699999	0.53	0.4	1
1409232.071799999	0.46	0.4	1
1411403.209599999	0.54	0.4	1
1413575.414099999	0.44	0.4	1
1415748.685299999	0.48	0.4	1
1417923.023199999	0.45	0.4	1
1420098.427799999	0.54	0.4	1
1422274.899099999	0.43	0.4	1
1424452.437099999	0.46	0.4	1
1426631.041799999	0.49	0.4	1
1428670.246499999	0.07	0.6	1
1430711.051199999	0.13	0.6	1
1432753.455899999	0.16	0.6	1
1434796.927299999	0.59	0.4	1
1436841.998699999	0.07	0.6	1
1438888.670099999	0.05	0.6	1
1440936.941499999	0.07	0.6	1
1442986.812899999	0.05	0.6	1
1445038.550999999	0.04	0.7	1
1447091.889099999	0.05	0.6	1
1449146.827199999	0.08	0.6	1
1451203.365299999	0.12	0.6	1
1453261.503399999	0.12	0.6	1
1455321.241499999	0.08	0.6	1
1457382.5795999991	0.06	0.6	1
1459445.517699999	0.08	0.6	1
1461510.055799999	0.05	0.6	1
1463576.1938999991	0.07	0.6	1
1465643.398699999	0.57	0.4	1
1467712.2034999991	0.05	0.6	1
1469782.608299999	0.07	0.6	1
1471854.613099999	0.05	0.6	1
1473928.217899999	0.04	0.6	1
1476003.422699999	0.06	0.6	1
1478080.227499999	0.06	0.6	1
1480158.632299999	0.07	0.6	1
1482238.637099999	0.08	0.6	1
1484320.241899999	0.07	0.6	1
1486403.446699999	0.07	0.6	1
1488488.251499999	0.07	0.6	1
1490574.122999999	0.65	0.4	1
1492661.594499999	0.05	0.6	1
1494750.132699999	0.65	0.4	1
1496840.270899999	0.13	0.6	1
1498931.475799999	0.62	0.4	1
1500876.747399999	0.87	0.4	1
1502799.618999999	0.72	0.6	1
1504722.823899999	0.82	0.5	1
1506169.6287999991	0.67	0.6	1
1507618.3003999991	0.65	0.7	1
1509068.3052999992	0.63	0.5	1
1510514.910199999	0.73	0.6	1
1511914.1150999991	0.88	0.6	1
1513257.9199999992	0.62	0.6	1
1514602.3248999992	0.6	0.6	1
1515948.5964999993	0.48	0.7	1
1517259.2013999992	0.98	0.5	1
1518571.4062999992	0.79	0.6	1
1519885.4778999991	0.6	0.7	1
1521200.882799999	0.92	0.5	1
1522517.620999999	0.79	0.5	1
1523836.225899999	0.84	0.7	1
1525156.164099999	0.77	0.5	1
1526477.435599999	0.75	0.5	1
1527800.0403999991	0.91	0.5	1
1529124.511899999	0.61	0.7	1
1530450.8500999992	0.6	0.7	1
1531778.2549999992	0.96	0.4	1
1533107.5265999993	0.49	0.7	1
1534437.8648999992	0.93	0.4	1
1535769.5364999992	0.8	0.5	1
1537103.0747999991	0.64	0.7	1
1538438.2130999991	0.69	0.6	1
1539775.218099999	0.58	0.7	1
1541113.556399999	0.67	0.5	1
1542453.761399999	0.7	0.7	1
1543795.833099999	0.76	0.7	1
1545139.504799999	0.7	0.6	1
1546485.043199999	0.56	0.7	1
1547831.648299999	0.98	0.4	1
1549179.320099999	0.41	0.4	1
1550528.858599999	0.73	0.7	1
1551817.463799999	1.0	0.4	1
1553107.135699999	0.94	0.4	1
1554233.140899999	0.79	0.5	1
1555122.4793999991	0.58	0.5	1
1555901.417899999	0.37	0.6	1
1556644.423099999	0.03	0.4	1
1557336.294999999	0.66	0.7	1
1558013.233599999	0.95	0.4	1
1558691.238899999	0.95	0.4	1
1559370.310899999	0.85	0.4	1
1560050.716199999	0.84	0.5	1
1560732.188199999	1.0	0.4	1
1561414.726899999	0.97	0.4	1
1562098.332299999	0.97	0.4	1
1562783.270999999	0.73	0.5	1
1563469.809699999	0.32	0.6	1
1564157.415099999	0.8	0.4	1
1564846.087199999	0.92	0.4	1
1565535.825999999	0.42	0.4	1
1566227.164799999	0.32	0.6	1
1566888.570299999	0.59	0.4	1
1567551.042499999	0.63	0.4	1
1568214.847999999	0.4	0.5	1
1568878.9867999991	0.36	0.5	1
1569544.192299999	0.5	0.4	1
1570210.464499999	0.45	0.4	1
1570877.8033999992	0.43	0.4	1
1571546.208999999	0.47	0.4	1
1572215.6812999991	0.54	0.4	1
1572886.4868999992	0.3	0.5	1
1573558.3591999991	0.44	0.4	1
1574231.2981999991	0.52	0.4	1
1574905.3038999992	0.46	0.4	1
1575580.6428999992	0.37	0.5	1
1576257.0485999992	0.43	0.4	1
1576934.5209999993	0.5	0.4	1
1577613.3266999992	0.37	0.5	1
1578293.1990999992	0.42	0.4	1
1578973.1381999992	0.52	0.4	1
1579654.1439999992	0.47	0.4	1
1580336.2164999992	0.54	0.4	1
1581019.3556999993	0.55	0.4	1
1581703.8281999992	0.43	0.5	1
1582389.3673999992	0.51	0.4	1
1583075.9732999993	0.6	0.4	1
1583763.6458999992	0.54	0.4	1
1584452.3851999992	0.58	0.4	1
1585142.1911999993	0.5	0.4	1
1585832.0638999993	0.51	0.4	1
1586523.0032999993	0.47	0.4	1
1587215.0093999994	0.48	0.4	1
1587908.0821999994	0.43	0.4	1
1588602.2216999994	0.45	0.4	1
1589297.4278999993	0.47	0.4	1
1589993.7007999993	0.46	0.4	1
1590691.0403999994	0.55	0.4	1
1591389.4466999993	0.53	0.4	1
1592089.1862999992	0.32	0.5	1
1592789.9925999993	0.43	0.4	1
1593492.1321999994	0.33	0.5	1
1594195.3384999994	0.42	0.4	1
1594899.6114999994	0.51	0.4	1
1595604.9511999993	0.42	0.4	1
1596311.3575999993	0.49	0.4	1
1597018.8306999994	0.45	0.4	1
1597727.3704999993	0.51	0.4	1
1598436.9769999993	0.51	0.4	1
1599147.6501999993	0.45	0.4	1
1599859.3900999993	0.47	0.4	1
1600571.1966999993	0.58	0.4	1
1601284.0699999994	0.49	0.4	1
1601998.0099999993	0.52	0.4	1
1602713.0166999993	0.48	0.4	1
1603429.0900999994	0.45	0.4	1
1604146.2301999994	0.5	0.4	1
1604864.4369999995	0.46	0.4	1
1605583.7104999993	0.49	0.4	1
1606304.0506999993	0.48	0.4	1
1607025.4575999994	0.51	0.4	1
1607748.1977999993	0.41	0.5	1
1608472.0046999992	0.52	0.4	1
1609197.1448999993	0.45	0.5	1
1609923.3517999994	0.44	0.4	1
1610650.6253999993	0.5	0.4	1
1611378.9656999994	0.49	0.4	1
1612108.6392999995	0.33	0.5	1
1612839.3795999994	0.52	0.4	1
1613571.1865999994	0.53	0.4	1
1614304.0602999995	0.57	0.4	1
1615038.0006999995	0.53	0.4	1
1615773.0077999996	0.51	0.4	1
1616509.0815999995	0.53	0.4	1
1617246.2220999994	0.46	0.4	1
1617984.4292999995	0.5	0.4	1
1618723.7031999994	0.49	0.4	1
1619464.0437999994	0.49	0.4	1
1620205.2510999993	0.24	0.7	1
1620947.7916999992	0.33	0.5	1
1621691.6655999993	0.39	0.5	1
1622437.4061999992	0.23	0.7	1
1623185.0134999992	0.24	0.7	1
1623933.6874999993	0.45	0.4	1
1624683.4281999993	0.44	0.4	1
1625434.2355999993	0.43	0.4	1
1626160.9096999993	0.17	0.7	1
1626864.9170999993	0.88	0.5	1
1627474.9911999993	0.11	0.4	1
1627925.1319999993	0.57	0.4	1
1628376.6060999993	0.54	0.5	1
1628829.6801999994	0.44	0.6	1
1629284.0875999993	0.49	0.5	1
1629739.5616999993	0.58	0.4	1
1630196.6357999993	0.45	0.6	1
1630655.3098999993	0.44	0.6	1
1631115.0506999993	0.58	0.4	1
1631576.3914999992	0.4	0.6	1
1632038.7989999992	0.56	0.4	1
1632501.2731999992	0.51	0.4	1
1632965.0806999994	0.43	0.5	1
1633430.2214999993	0.43	0.5	1
1633896.6955999993	0.46	0.5	1
1634364.2363999994	0.55	0.4	1
1634832.8438999993	0.51	0.4	1
1635302.5180999993	0.49	0.4	1
1635773.7922999994	0.4	0.6	1
1636246.6664999994	0.41	0.6	1
1636720.6073999994	0.51	0.4	1
1637195.6149999993	0.6	0.4	1
1637671.6892999993	0.6	0.4	1
1638148.8302999993	0.5	0.4	1
1638627.3045999992	0.47	0.5	1
1639106.8455999992	0.56	0.4	1
1639587.7198999992	0.54	0.5	1
1640069.6608999993	0.56	0.4	1
1640552.9351999993	0.47	0.5	1
1641037.2761999993	0.53	0.4	1
1641523.2171999994	0.39	0.6	1
1642010.2248999993	0.52	0.4	1
1642498.8325999994	0.36	0.6	1
1642988.5069999993	0.58	0.4	1
1643479.2480999993	0.52	0.4	1
1643971.3224999993	0.41	0.5	1
1644464.4635999992	0.5	0.4	1
1644958.6713999992	0.49	0.4	1
1645453.9458999992	0.59	0.4	1
1645950.2870999991	0.53	0.4	1
1646447.961599999	0.43	0.5	1
1646946.9693999991	0.4	0.5	1
1647447.3104999992	0.49	0.5	1
1647948.984899999	0.46	0.5	1
1648451.992599999	0.46	0.5	1
1648956.8669999992	0.35	0.7	1
1649462.808099999	0.51	0.4	1
1649969.815899999	0.52	0.4	1
1650478.1569999992	0.46	0.5	1
1650987.831399999	0.44	0.5	1
1651498.572499999	0.62	0.4	1
1652010.3802999991	0.52	0.4	1
1652523.254799999	0.5	0.4	1
1653037.195999999	0.54	0.4	1
1653552.2038999991	0.55	0.4	1
1654068.811799999	0.4	0.6	1
1654586.752999999	0.41	0.5	1
1655105.560899999	0.38	0.7	1
1655625.435499999	0.65	0.4	1
1656147.176799999	0.33	0.7	1
1656670.518099999	0.41	0.6	1
1657195.4593999991	0.44	0.6	1
1657721.467399999	0.56	0.4	1
1658249.075399999	0.33	0.6	1
1658778.016699999	0.53	0.5	1
1659308.291299999	0.42	0.5	1
1659840.165899999	0.36	0.6	1
1660373.373799999	0.44	0.5	1
1660907.914999999	0.49	0.5	1
1661443.789499999	0.46	0.5	1
1661980.997299999	0.45	0.5	1
1662520.071799999	0.38	0.7	1
1663060.479599999	0.37	0.5	1
1663602.754099999	0.39	0.7	1
1664146.095299999	0.58	0.4	1
1664690.503199999	0.59	0.4	1
1665236.7777999989	0.3	0.7	1
1665784.3856999988	0.5	0.5	1
1666332.3268999988	0.52	0.5	1
1666881.6013999989	0.49	0.5	1
1667432.4758999988	0.36	0.6	1
1667984.4170999988	0.54	0.4	1
1668537.4249999989	0.57	0.4	1
1669092.0328999988	0.42	0.6	1
1669648.507499999	0.37	0.7	1
1670206.0487999988	0.54	0.4	1
1670764.6567999988	0.55	0.4	1
1671324.598099999	0.51	0.5	1
1671885.8726999988	0.44	0.5	1
1672448.4805999987	0.52	0.5	1
1673012.4217999987	0.35	0.5	1
1673577.6962999988	0.46	0.5	1
1674144.304099999	0.44	0.5	1
1674712.778599999	0.33	0.7	1
1675282.319799999	0.48	0.4	1
1675853.194299999	0.47	0.5	1
1676425.135499999	0.51	0.4	1
1676998.143399999	0.52	0.4	1
1677572.217999999	0.46	0.4	1
1678147.892599999	0.36	0.6	1
1678725.433899999	0.38	0.7	1
1679304.041899999	0.46	0.4	1
1679883.983199999	0.5	0.5	1
1680465.524499999	0.45	0.6	1
1681048.665799999	0.45	0.6	1
1681633.407099999	0.41	0.6	1
1682219.215099999	0.52	0.4	1
1682806.089799999	0.55	0.4	1
1683394.2977999991	0.47	0.5	1
1683983.839099999	0.42	0.5	1
1684574.713699999	0.52	0.5	1
1685166.654999999	0.53	0.4	1
1685759.662999999	0.62	0.4	1
1686353.737699999	0.41	0.4	1
1686948.879099999	0.47	0.4	1
1687545.353799999	0.49	0.5	1
1688143.428499999	0.41	0.6	1
1688743.103199999	0.39	0.6	1
1689343.844599999	0.46	0.4	1
1689946.185999999	0.41	0.6	1
1690549.8606999991	0.48	0.5	1
1691154.602099999	0.54	0.4	1
1691761.2101999992	0.4	0.7	1
1692369.6849999991	0.37	0.7	1
1692979.4930999991	0.43	0.5	1
1693590.3678999993	0.52	0.4	1
1694203.1093999993	0.36	0.7	1
1694817.4508999994	0.38	0.6	1
1695432.8590999993	0.51	0.4	1
1696049.3339999993	0.51	0.4	1
1696667.4088999992	0.41	0.6	1
1697286.8170999992	0.47	0.5	1
1697908.0919999992	0.41	0.7	1
1698530.9668999992	0.36	0.6	1
1699155.4417999992	0.43	0.6	1
1699780.9833999993	0.54	0.4	1
1700407.5916999993	0.51	0.4	1
1701035.2666999993	0.45	0.4	1
1701664.2749999994	0.45	0.5	1
1702294.3499999994	0.57	0.4	1
1702926.0249999994	0.39	0.6	1
1703559.2999999993	0.43	0.6	1
1704193.6416999993	0.47	0.4	1
1704829.8500999992	0.32	0.7	1
1705467.1251999992	0.5	0.4	1
1706106.0002999993	0.43	0.6	1
1706746.7420999992	0.34	0.7	1
1707388.8171999992	0.44	0.5	1
1708032.2255999993	0.38	0.5	1
1708676.7006999992	0.61	0.4	1
1709323.0424999993	0.41	0.7	1
1709970.9842999992	0.4	0.6	1
1710620.7927999992	0.35	0.7	1
1711271.9345999993	0.49	0.5	1
1711924.6763999993	0.42	0.6	1
1712578.4848999993	0.63	0.4	1
1713233.8933999992	0.42	0.6	1
1713890.9018999992	0.41	0.6	1
1714548.9770999993	0.51	0.4	1
1715208.3855999992	0.48	0.5	1
1715868.8607999992	0.47	0.4	1
1716530.6692999993	0.44	0.5	1
1717193.8110999994	0.48	0.5	1
1717858.2861999993	0.44	0.5	1
1718524.3612999993	0.42	0.6	1
1719191.7696999994	0.5	0.5	1
1719860.5113999993	0.46	0.5	1
1720530.8530999993	0.34	0.6	1
1721202.5280999993	0.4	0.5	1
1721875.5363999994	0.5	0.5	1
1722550.1446999994	0.39	0.6	1
1723225.8196999994	0.61	0.4	1
1723902.8279999995	0.43	0.5	1
1724581.4362999995	0.33	0.6	1
1725261.1112999995	0.52	0.4	1
1725942.1195999996	0.4	0.5	1
1726624.4611999996	0.54	0.5	1
1727308.1360999995	0.46	0.5	1
1727993.4109999996	0.37	0.6	1
1728680.2858999996	0.44	0.6	1
1729368.7607999996	0.41	0.6	1
1730058.5689999997	0.43	0.5	1
1730749.9771999996	0.4	0.6	1
1731442.4520999996	0.48	0.4	1
1732136.5269999995	0.44	0.6	1
1732831.6685999995	0.58	0.4	1
1733528.4101999996	0.4	0.6	1
1734226.4850999995	0.43	0.5	1
1734925.8932999994	0.42	0.5	1
1735626.6347999994	0.42	0.5	1
1736328.9762999995	0.42	0.6	1
1737032.6510999994	0.41	0.5	1
1737737.6591999994	0.47	0.5	1
1738444.0005999994	0.42	0.5	1
1739151.9419999993	0.45	0.6	1
1739860.9500999993	0.63	0.4	1
1740571.0248999994	0.53	0.4	1
1741282.1663999993	0.56	0.4	1
1741994.6411999993	0.44	0.5	1
1742708.1826999993	0.5	0.4	1
1743423.0574999994	0.46	0.5	1
1744138.9989999994	0.55	0.4	1
1744856.2737999994	0.46	0.5	1
1745574.6152999995	0.56	0.4	1
1746294.5567999994	0.43	0.6	1
1747015.8315999995	0.38	0.5	1
1747738.1730999995	0.49	0.4	1
1748461.5812999995	0.5	0.4	1
1749186.8561999996	0.36	0.7	1
1749913.7310999995	0.39	0.6	1
1750642.4726999996	0.35	0.7	1
1751373.0809999995	0.41	0.7	1
1752105.5559999996	0.36	0.7	1
1752839.3642999995	0.49	0.5	1
1753574.2392999995	0.53	0.4	1
1754310.1809999996	0.5	0.4	1
1755047.4559999995	0.46	0.5	1
1755785.7976999995	0.56	0.4	1
1756525.2060999996	0.51	0.4	1
1757265.6811999995	0.53	0.4	1
1758007.2229999995	0.52	0.4	1
1758750.0980999996	0.44	0.5	1
1759494.5731999995	0.34	0.6	1
1760240.3815999995	0.41	0.5	1
1760987.5232999995	0.45	0.5	1
1761736.2649999994	0.4	0.6	1
1762486.8733999995	0.38	0.7	1
1763239.0817999993	0.33	0.6	1
1763992.3568999993	0.51	0.4	1
1764746.9652999993	0.48	0.5	1
1765502.9069999994	0.39	0.5	1
1766259.9153999994	0.47	0.4	1
1767018.2570999993	0.47	0.5	1
1767777.6654999994	0.45	0.4	1
1768538.4071999993	0.38	0.5	1
1769300.4821999993	0.45	0.5	1
1770063.8904999993	0.44	0.5	1
1770828.6320999993	0.5	0.5	1
1771594.7069999992	0.43	0.5	1
1772362.1151999992	0.44	0.5	1
1773131.3900999993	0.36	0.7	1
1773901.9982999992	0.39	0.5	1
1774674.4731999992	0.31	0.7	1
1775448.0147999993	0.52	0.4	1
1776223.4230999993	0.3	0.7	1
1777000.4313999994	0.43	0.6	1
1777778.7729999993	0.49	0.5	1
1778558.1812999994	0.49	0.4	1
1779339.1895999995	0.4	0.6	1
1780121.5311999994	0.41	0.5	1
1780904.9394999994	0.54	0.4	1
1781690.2144999993	0.33	0.7	1
1782476.5561999993	0.56	0.4	1
1783263.9645999994	0.54	0.4	1
1784052.4396999993	0.49	0.4	1
1784842.2480999993	0.43	0.5	1
1785633.1231999993	0.55	0.4	1
1786425.0649999992	0.51	0.4	1
1787218.6067999993	0.44	0.6	1
1788013.4818999993	0.49	0.5	1
1788809.6902999992	0.46	0.5	1
1789606.9653999992	0.51	0.4	1
1790405.3071999992	0.49	0.4	1
1791205.2489999991	0.39	0.6	1
1792006.524099999	0.45	0.5	1
1792809.6658999992	0.39	0.7	1
1793614.1409999991	0.43	0.5	1
1794419.949399999	0.45	0.5	1
1795227.0910999991	0.47	0.5	1
1796035.299499999	0.5	0.4	1
1796844.574599999	0.55	0.4	1
1797655.182999999	0.44	0.5	1
1798466.8580999991	0.44	0.4	1
1799279.866499999	0.45	0.5	1
1800093.941599999	0.53	0.4	1
1800909.3499999992	0.48	0.5	1
1801726.091699999	0.38	0.5	1
1802543.900099999	0.57	0.4	1
1803362.775199999	0.57	0.4	1
1804182.716999999	0.59	0.4	1
1805003.992099999	0.5	0.5	1
1805826.333899999	0.53	0.4	1
1806650.0089999991	0.45	0.5	1
1807475.017399999	0.41	0.5	1
1808301.359099999	0.33	0.5	1
1809128.7674999991	0.47	0.4	1
1809957.242599999	0.51	0.4	1
1810786.784399999	0.5	0.4	1
1811617.6594999991	0.55	0.5	1
1812450.401299999	0.35	0.7	1
1813284.476399999	0.41	0.5	1
1814119.8847999992	0.45	0.5	1
1814956.8931999991	0.38	0.6	1
1815795.234899999	0.37	0.5	1
1816634.6432999992	0.47	0.4	1
1817475.118399999	0.65	0.4	1
1818316.660199999	0.53	0.4	1
1819159.5352999992	0.45	0.5	1
1820004.010399999	0.37	0.6	1
1820849.552199999	0.62	0.4	1
1821696.4272999992	0.47	0.5	1
1822544.902399999	0.36	0.6	1
1823394.977499999	0.4	0.6	1
1824246.1192999992	0.63	0.4	1
1825098.3277999992	0.5	0.4	1
1825952.1362999992	0.38	0.6	1
1826807.011499999	0.52	0.4	1
1827663.753399999	0.39	0.7	1
1828521.8285999992	0.46	0.5	1
1829380.9704999991	0.58	0.4	1
1830241.1790999991	0.61	0.4	1
1831102.7209999992	0.44	0.5	1
1831965.596199999	0.41	0.5	1
1832829.804699999	0.42	0.5	1
1833695.079899999	0.57	0.4	1
1834561.4217999992	0.49	0.4	1
1835429.0969999991	0.46	0.5	1
1836298.6388999992	0.35	0.7	1
1837170.0474999992	0.35	0.7	1
1838042.7893999992	0.48	0.5	1
1838916.8645999993	0.49	0.5	1
1839792.2730999992	0.43	0.5	1
1840669.2815999992	0.38	0.6	1
1841547.3567999993	0.52	0.4	1
1842426.7652999992	0.51	0.5	1
1843307.507099999	0.5	0.5	1
1844189.3155999992	0.55	0.4	1
1845072.990799999	0.36	0.7	1
1845958.5326999992	0.37	0.7	1
1846845.407899999	0.5	0.5	1
1847733.149799999	0.37	0.7	1
1848622.2249999992	0.42	0.5	1
1849512.366899999	0.48	0.4	1
1850403.842099999	0.45	0.5	1
1851296.3839999991	0.37	0.4	1
1852190.792599999	0.27	0.7	1
1853086.8011999992	0.41	0.6	1
1853984.1430999993	0.37	0.5	1
1854883.3516999993	0.32	0.7	1
1855783.8935999994	0.46	0.5	1
1856685.7687999993	0.41	0.5	1
1857588.7106999992	0.5	0.4	1
1858493.2525999993	0.38	0.6	1
1859399.3944999992	0.35	0.6	1
1860307.4030999993	0.36	0.7	1
1861216.7449999994	0.35	0.5	1
1862127.4201999994	0.38	0.5	1
1863039.1620999994	0.44	0.4	1
1863951.9706999995	0.54	0.4	1
1864866.3792999994	0.36	0.6	1
1865781.8545999995	0.49	0.4	1
1866698.6631999996	0.44	0.5	1
1867617.0717999996	0.35	0.6	1
1868536.8136999996	0.42	0.5	1
1869457.8888999997	0.43	0.5	1
1870380.2973999996	0.47	0.5	1
1871304.0391999995	0.47	0.5	1
1872229.1142999995	0.44	0.5	1
1873156.0560999995	0.29	0.7	1
1874084.3311999994	0.41	0.5	1
1875013.6729999995	0.45	0.4	1
1875944.6147999994	0.38	0.6	1
1876875.8898999994	0.43	0.5	1
1877808.7649999994	0.41	0.6	1
1878742.9733999993	0.51	0.5	1
1879678.5150999993	0.52	0.5	1
1880615.1234999993	0.55	0.4	1
1881553.3318999992	0.43	0.6	1
1882493.4069999992	0.39	0.7	1
1883434.8153999993	0.45	0.5	1
1884378.0904999992	0.32	0.7	1
1885322.4322999993	0.59	0.4	1
1886267.8407999992	0.54	0.4	1
1887215.1159999992	0.29	0.7	1
1888163.4578999993	0.48	0.4	1
1889113.3997999993	0.37	0.6	1
1890064.6749999993	0.43	0.5	1
1891017.0168999995	0.49	0.4	1
1891970.4254999994	0.45	0.4	1
1892925.7007999995	0.38	0.7	1
1893882.0427999995	0.58	0.4	1
1894839.4514999995	0.58	0.4	1
1895798.1934999996	0.45	0.5	1
1896758.5354999995	0.37	0.6	1
1897719.9441999996	0.49	0.4	1
1898682.4195999997	0.58	0.4	1
1899645.9616999996	0.49	0.4	1
1900610.5704999997	0.51	0.4	1
1901576.5125999998	0.45	0.5	1
1902543.7879999997	0.46	0.5	1
1903512.9300999998	0.36	0.7	1
1904483.1388999997	0.55	0.4	1
1905454.9476999997	0.4	0.6	1
1906428.3564999998	0.44	0.6	1
1907403.3652999997	0.37	0.6	1
1908379.4407999997	0.62	0.4	1
1909356.8495999998	0.48	0.5	1
1910335.5916999998	0.5	0.5	1
1911315.6670999997	0.46	0.5	1
1912297.0757999998	0.51	0.5	1
1913279.8177999998	0.47	0.5	1
1914263.8930999998	0.45	0.5	1
1915249.3016999997	0.47	0.5	1
1916236.0435999997	0.43	0.5	1
1917224.3854999999	0.39	0.6	1
1918214.0606999998	0.46	0.5	1
1919204.8025999998	0.55	0.4	1
1920196.6112	0.64	0.4	1
1921189.7530999999	0.52	0.5	1
1922184.7617	0.4	0.7	1
1923181.6369999999	0.31	0.7	1
1924180.1123	0.42	0.6	1
1925179.6542999998	0.5	0.4	1
1926180.7962999998	0.45	0.6	1
1927183.005	0.59	0.4	1
1928186.2803999998	0.57	0.4	1
1929190.8890999998	0.52	0.5	1
1930196.5644999999	0.48	0.4	1
1931203.3065999998	0.5	0.4	1
1932211.1153999998	0.57	0.4	1
1933219.9908999999	0.45	0.4	1
1934230.7330999998	0.39	0.7	1
1935243.0753	0.38	0.6	1
1936256.7507999998	0.49	0.5	1
1937271.4929999998	0.54	0.4	1
1938287.8351999999	0.42	0.6	1
1939305.2440999998	0.56	0.4	1
1940324.2529999998	0.43	0.6	1
1941344.5951999999	0.44	0.5	1
1942366.2706999998	0.48	0.5	1
1943389.5461999997	0.43	0.6	1
1944414.4216999998	0.34	0.6	1
1945441.1638999998	0.38	0.7	1
1946469.7728	0.29	0.7	1
1947499.7149999999	0.48	0.5	1
1948531.2571999999	0.39	0.6	1
1949563.8661	0.53	0.4	1
1950598.075	0.44	0.6	1
1951633.6172	0.48	0.5	1
1952670.2261	0.55	0.4	1
1953707.9017	0.55	0.4	1
1954746.644	0.56	0.4	1
1955786.453	0.5	0.4	1
1956827.3287	0.44	0.4	1
1957869.8044	0.37	0.6	1
1958913.3468	0.44	0.4	1
1959958.2225	0.52	0.5	1
1961004.1649	0.54	0.4	1
1962051.7073	0.4	0.6	1
1963100.8497	0.39	0.6	1
1964151.3254	0.47	0.5	1
1965203.1343999999	0.47	0.5	1
1966256.0100999998	0.61	0.4	1
1967310.2190999999	0.51	0.5	1
1968366.0280999998	0.35	0.6	1
1969423.1703999997	0.42	0.5	1
1970481.3793999997	0.56	0.4	1
1971540.6550999999	0.6	0.4	1
1972601.2640999998	0.43	0.5	1
1973662.9397999998	0.48	0.4	1
1974725.6822	0.55	0.4	1
1975790.2913	0.38	0.7	1
1976855.9671	0.41	0.4	1
1977923.5096	0.37	0.7	1
1978992.1188	0.47	0.4	1
1980062.328	0.42	0.6	1
1981134.1372	0.34	0.6	1
1982207.2797	0.42	0.5	1
1983281.7555	0.5	0.5	1
1984357.5646	0.43	0.5	1
1985434.707	0.4	0.5	1
1986512.9161	0.57	0.4	1
1987592.1919	0.45	0.4	1
1988673.3344	0.37	0.7	1
1989755.5436	0.53	0.4	1
1990839.0861	0.48	0.5	1
1991923.9619	0.55	0.5	1
1993010.4377	0.4	0.6	1
1994098.2467999998	0.4	0.5	1
1995187.9226	0.33	0.7	1
1996279.1983999999	0.4	0.6	1
1997371.8074999999	0.44	0.5	1
1998465.7499	0.4	0.5	1
1999560.7589999998	0.59	0.4	1
2000656.8347999998	0.56	0.4	1
2001753.9773	0.53	0.4	1
2002852.4530999998	0.51	0.5	1
2003951.9955999998	0.55	0.4	1
2005053.1380999999	0.4	0.6	1
2006155.6138999998	0.49	0.5	1
2007259.9563999998	0.38	0.7	1
2008365.3656	0.46	0.4	1
2009471.8414999999	0.56	0.4	1
2010579.3841	0.53	0.4	1
2011688.26	0.44	0.5	1
2012798.2026	0.56	0.4	1
2013910.0119	0.34	0.7	1
2015022.8879	0.62	0.4	1
2016137.6306	0.41	0.7	1
2017253.7066	0.49	0.5	1
2018370.8493	0.59	0.4	1
2019489.3253	0.46	0.5	1
2020609.4012999998	0.47	0.6	1
2021730.8105999997	0.48	0.5	1
2022853.8198999998	0.43	0.6	1
2023978.6958999997	0.38	0.7	1
2025105.4385999998	0.35	0.7	1
2026233.5145999996	0.48	0.5	1
2027362.9238999996	0.49	0.5	1
2028494.1998999997	0.39	0.7	1
2029626.8091999996	0.51	0.5	1
2030760.7517999995	0.5	0.5	1
2031895.7610999995	0.48	0.4	1
2033032.3703999994	0.42	0.6	1
2034170.5796999994	0.41	0.6	1
2035310.6556999993	0.37	0.7	1
2036452.0649999992	0.49	0.5	1
2037595.0742999993	0.48	0.6	1
2038739.6835999992	0.4	0.6	1
2039885.6261999991	0.47	0.5	1
2041032.9020999991	0.49	0.5	1
2042181.2446999992	0.52	0.4	1
2043330.9205999991	0.38	0.5	1
2044481.929799999	0.48	0.5	1
2045634.8056999992	0.33	0.7	1
2046789.5482999992	0.36	0.7	1
2047945.3575999993	0.55	0.4	1
2049102.2335999992	0.51	0.4	1
2050260.1762999992	0.52	0.4	1
2051419.9856999991	0.34	0.7	1
2052581.128399999	0.45	0.5	1
2053743.6043999991	0.44	0.5	1
2054907.1470999992	0.63	0.4	1
2056072.2897999992	0.4	0.6	1
2057239.0324999993	0.41	0.6	1
2058407.1084999992	0.44	0.5	1
2059576.517799999	0.42	0.5	1
2060746.9937999991	0.53	0.4	1
2061919.336499999	0.38	0.7	1
2063093.279199999	0.4	0.6	1
2064268.8218999992	0.37	0.6	1
2065446.2312999992	0.34	0.7	1
2066624.9739999992	0.43	0.5	1
2067805.049999999	0.46	0.5	1
2068986.725999999	0.36	0.6	1
2070169.4686999992	0.44	0.4	1
2071353.544699999	0.52	0.5	1
2072539.220699999	0.45	0.6	1
2073726.496699999	0.36	0.6	1
2074915.105999999	0.51	0.5	1
2076105.315299999	0.44	0.6	1
2077296.591299999	0.62	0.4	1
2078488.933999999	0.5	0.4	1
2079682.876699999	0.39	0.6	1
2080878.152699999	0.36	0.5	1
2082075.028699999	0.37	0.6	1
2083273.771399999	0.38	0.7	1
2084473.580799999	0.55	0.4	1
2085674.723499999	0.45	0.5	1
2086876.932899999	0.58	0.4	1
2088080.7422999989	0.35	0.6	1
2089285.8849999988	0.48	0.5	1
2090492.3609999989	0.32	0.5	1
2091699.903699999	0.55	0.4	1
2092908.513099999	0.53	0.4	1
2094118.455799999	0.44	0.5	1
2095329.731799999	0.52	0.5	1
2096542.874499999	0.35	0.7	1
2097757.617199999	0.44	0.6	1
2098973.426599999	0.48	0.4	1
2100190.302699999	0.54	0.4	1
2101408.512099999	0.43	0.5	1
2102628.321499999	0.38	0.6	1
2103849.197599999	0.55	0.4	1
2105071.140399999	0.52	0.4	1
2106294.416499999	0.49	0.5	1
2107519.025899999	0.47	0.5	1
2108744.7019999987	0.53	0.4	1
2109972.2447999986	0.37	0.7	1
2111201.6542999987	0.34	0.7	1
2112432.1304999986	0.5	0.4	1
2113663.6733999983	0.52	0.4	1
2114896.549599998	0.47	0.5	1
2116130.759099998	0.46	0.5	1
2117366.301899998	0.47	0.5	1
2118603.177999998	0.5	0.5	1
2119841.654099998	0.41	0.6	1
2121081.196899998	0.62	0.4	1
2122322.606399998	0.34	0.7	1
2123565.349199998	0.47	0.5	1
2124809.4252999984	0.4	0.5	1
2126053.834699998	0.48	0.5	1
2127300.110799998	0.37	0.7	1
2128547.986899998	0.44	0.6	1
2129797.196299998	0.52	0.5	1
2131048.0056999982	0.41	0.6	1
2132299.881799998	0.49	0.4	1
2133552.824599998	0.51	0.4	1
2134807.367399998	0.33	0.6	1
2136063.243499998	0.44	0.5	1
2137320.719599998	0.36	0.6	1
2138579.262399998	0.48	0.4	1
2139839.138499998	0.4	0.5	1
2141100.347899998	0.54	0.5	1
2142362.890599998	0.45	0.5	1
2143626.7665999983	0.48	0.5	1
2144891.9758999986	0.43	0.5	1
2146158.2518999986	0.57	0.4	1
2147425.8611999988	0.5	0.5	1
2148694.803799999	0.44	0.5	1
2149964.813099999	0.53	0.4	1
2151236.689099999	0.33	0.7	1
2152509.8983999994	0.49	0.5	1
2153784.1743999994	0.53	0.4	1
2155060.0503999996	0.41	0.6	1
2156336.9930999996	0.49	0.4	1
2157615.5357999997	0.4	0.6	1
2158895.1451999997	0.55	0.4	1
2160176.6212999998	0.33	0.7	1
2161459.6974	0.44	0.6	1
2162743.8402	0.48	0.4	1
2164029.0497	0.43	0.4	1
2165315.8592	0.45	0.6	1
2166604.002	0.46	0.5	1
2167894.0115	0.34	0.7	1
2169185.621	0.42	0.6	1
2170478.5637999997	0.39	0.5	1
2171772.8398999996	0.46	0.5	1
2173068.4492999995	0.41	0.5	1
2174365.6586999996	0.36	0.6	1
2175664.7347999997	0.33	0.7	1
2176965.1441999995	0.51	0.5	1
2178266.8868999993	0.52	0.5	1
2179569.962899999	0.45	0.5	1
2180874.638899999	0.37	0.6	1
2182180.381599999	0.53	0.4	1
2183487.724299999	0.39	0.6	1
2184796.400299999	0.52	0.5	1
2186106.1429999988	0.51	0.4	1
2187417.4856999987	0.43	0.6	1
2188730.4283999987	0.35	0.6	1
2190045.237799999	0.33	0.7	1
2191361.380499999	0.45	0.5	1
2192679.123199999	0.4	0.6	1
2193998.1991999988	0.48	0.5	1
2195318.341899999	0.58	0.4	1
2196640.351299999	0.35	0.7	1
2197963.427399999	0.43	0.4	1
2199287.836799999	0.47	0.5	1
2200613.312899999	0.47	0.4	1
2201939.855699999	0.61	0.4	1
2203267.4651999986	0.57	0.4	1
2204596.4079999984	0.47	0.5	1
2205926.9507999984	0.42	0.6	1
2207258.8268999984	0.46	0.5	1
2208591.769699998	0.52	0.4	1
2209926.045799998	0.44	0.5	1
2211261.3885999983	0.52	0.4	1
2212598.064699998	0.4	0.5	1
2213936.074099998	0.39	0.5	1
2215275.950199998	0.31	0.7	1
2216616.892999998	0.54	0.4	1
2217959.4357999978	0.4	0.6	1
2219303.3118999978	0.39	0.5	1
2220649.054699998	0.37	0.7	1
2221996.397499998	0.39	0.6	1
2223344.806999998	0.65	0.4	1
2224694.283199998	0.51	0.4	1
2226044.826099998	0.54	0.4	1
2227396.7022999977	0.42	0.5	1
2228749.9117999976	0.48	0.5	1
2230104.7212999975	0.4	0.6	1
2231460.5974999974	0.54	0.4	1
2232817.5403999975	0.59	0.4	1
2234175.5499999975	0.5	0.4	1
2235535.1595999976	0.4	0.6	1
2236896.635899998	0.39	0.7	1
2238259.9788999977	0.38	0.7	1
2239624.388599998	0.51	0.4	1
2240990.1315999976	0.43	0.5	1
2242356.9412999977	0.56	0.4	1
2243724.8176999977	0.5	0.4	1
2245094.0273999977	0.44	0.5	1
2246464.837099998	0.37	0.6	1
2247836.7134999977	0.44	0.4	1
2249210.189899998	0.46	0.6	1
2250584.999599998	0.4	0.5	1
2251961.142599998	0.46	0.5	1
2253339.152299998	0.33	0.7	1
2254718.228699998	0.51	0.4	1
2256098.905099998	0.41	0.6	1
2257480.6481999983	0.57	0.4	1
2258863.7245999984	0.4	0.5	1
2260248.1342999986	0.43	0.5	1
2261633.8772999984	0.41	0.5	1
2263021.2202999983	0.35	0.6	1
2264409.6299999985	0.65	0.4	1
2265799.1063999985	0.52	0.4	1
2267190.1827999987	0.42	0.6	1
2268582.3258999987	0.54	0.4	1
2269976.0689999987	0.44	0.6	1
2271370.8787999987	0.56	0.4	1
2272767.0218999987	0.46	0.5	1
2274164.4982999987	0.46	0.5	1
2275563.307999999	0.37	0.5	1
2276963.1843999987	0.45	0.4	1
2278364.1274999985	0.5	0.4	1
2279766.1372999987	0.52	0.4	1
2281170.0137999984	0.37	0.7	1
2282575.2235999983	0.49	0.5	1
2283981.766699998	0.38	0.5	1
2285389.643099998	0.5	0.5	1
2286799.119499998	0.36	0.6	1
2288209.9291999983	0.51	0.5	1
2289622.0721999984	0.43	0.5	1
2291035.815199998	0.39	0.6	1
2292450.6248999983	0.59	0.4	1
2293866.7678999985	0.45	0.5	1
2295283.9775999985	0.55	0.4	1
2296703.0539999986	0.37	0.7	1
2298123.1970999986	0.65	0.4	1
2299545.2068999987	0.39	0.7	1
2300968.2833999987	0.47	0.4	1
2302392.9598999987	0.4	0.6	1
2303818.7030999986	0.54	0.4	1
2305245.512999999	0.55	0.4	1
2306673.389599999	0.52	0.4	1
2308102.866199999	0.38	0.6	1
2309533.942799999	0.37	0.6	1
2310966.619399999	0.38	0.6	1
2312400.362699999	0.55	0.4	1
2313835.705999999	0.4	0.6	1
2315272.3825999987	0.42	0.5	1
2316710.3924999987	0.44	0.5	1
2318149.7356999987	0.45	0.5	1
2319590.1455999985	0.52	0.4	1
2321031.8887999984	0.4	0.5	1
2322474.6986999987	0.52	0.4	1
2323918.5752999987	0.61	0.4	1
2325363.785199999	0.48	0.5	1
2326810.328399999	0.41	0.5	1
2328257.938299999	0.6	0.4	1
2329707.4148999993	0.32	0.7	1
2331157.9581999993	0.64	0.4	1
2332609.8347999994	0.4	0.5	1
2334063.3113999995	0.38	0.6	1
2335518.3879999993	0.4	0.6	1
2336974.5312999994	0.42	0.4	1
2338432.2745999997	0.39	0.6	1
2339891.6178999995	0.41	0.6	1
2341352.8278999995	0.36	0.7	1
2342815.3711999995	0.41	0.5	1
2344278.9811999993	0.48	0.4	1
2345743.9244999993	0.42	0.5	1
2347209.934499999	0.54	0.4	1
2348677.011199999	0.48	0.4	1
2350145.154599999	0.47	0.4	1
2351614.364699999	0.53	0.4	1
2353084.641499999	0.57	0.4	1
2354555.984999999	0.41	0.4	1
2356028.928499999	0.38	0.6	1
2357503.205299999	0.47	0.5	1
2358978.0820999993	0.38	0.6	1
2360454.0255999994	0.66	0.4	1
2361931.3023999995	0.5	0.5	1
2363409.9124999996	0.46	0.5	1
2364888.5892999996	0.49	0.4	1
2365887.1328	0.29	0.7	1
2366723.2762999996	0.07	0.6	1
2367440.4864999996	0.45	0.4	1
2368062.5634	0.02	0.7	1
2368651.707	0.05	0.4	1
2369075.9173	0.7	0.4	1
2369501.1942999996	0.76	0.4	1
2369927.5379999997	0.63	0.4	1
2370354.9483999996	0.75	0.4	1
2370783.4254999994	0.67	0.4	1
2371212.9692999995	0.73	0.4	1
2371643.8463999997	0.71	0.5	1
2372075.7901999997	0.65	0.4	1
2372479.6007	0.47	0.7	1
2372884.7445	0.67	0.5	1
2373291.2216	0.65	0.5	1
2373699.0319999997	0.51	0.5	1
2374107.9091	0.6	0.4	1
2374518.3861999996	0.52	0.6	1
2374930.1965999994	0.62	0.5	1
2375343.3402999993	0.44	0.5	1
2375758.0839999993	0.53	0.6	1
2376174.4276999994	0.41	0.6	1
2376592.3713999996	0.41	0.6	1
2377011.6483999994	0.6	0.5	1
2377430.9920999995	0.5	0.4	1
2377851.6690999996	0.58	0.5	1
2378273.4127999996	0.81	0.4	1
2378654.0231999997	0.04	0.7	1
2378980.7002999997	0.79	0.4	1
2379308.7106999997	0.81	0.5	1
2379588.0544	0.86	0.5	1
2379794.4647999997	0.12	0.4	1
2379999.9418999995	0.14	0.4	1
2380206.4856999996	0.29	0.4	1
2380414.6295	0.15	0.6	1
2380415.6961999997	0.05	0.4	1
2380418.0961999996	0.08	0.5	1
2380419.4294999996	0.29	0.5	1
2380420.7627999997	0.31	0.5	1
2380422.0960999997	0.31	0.5	1
2380423.4294	0.4	0.5	1
2380426.096	0.39	0.5	1
2380430.6292999997	0.28	0.7	1
2380436.7625999996	0.36	0.6	1
2380444.4958999995	0.36	0.6	1
2380453.8291999996	0.4	0.6	1
2380455.6958999997	0.32	0.7	1
2380458.6292999997	0.38	0.4	1
2380463.1626999998	0.38	0.6	1
2380468.7627999997	0.5	0.4	1
2380476.2295999997	0.37	0.7	1
2380485.5631	0.39	0.7	1
2380496.2298999997	0.39	0.5	1
2380508.7633999996	0.23	0.7	1
2380522.3636	0.48	0.4	1
2380537.0305	0.46	0.4	1
2380553.0307	0.4	0.5	1
2380570.6309	0.28	0.6	1
2380589.5644	0.5	0.5	1
2380610.3646	0.37	0.7	1
2380632.2314999998	0.45	0.4	1
2380655.6983999996	0.33	0.6	1
2380657.0316999997	0.23	0.5	1
2380659.6983	0.27	0.5	1
2380664.2315999996	0.32	0.7	1
2380670.0981999994	0.42	0.5	1
2380677.5647999994	0.36	0.6	1
2380686.6313999994	0.37	0.6	1
2380697.0312999994	0.41	0.5	1
2380709.2978999997	0.34	0.7	1
2380722.8977999995	0.4	0.5	1
2380738.3643999994	0.29	0.7	1
2380755.6976999994	0.3	0.7	1
2380774.6309999996	0.37	0.6	1
2380794.8976	0.4	0.5	1
2380817.0308999997	0.32	0.7	1
2380840.4974999996	0.47	0.5	1
2380865.2973999996	0.42	0.5	1
2380891.1639999994	0.51	0.4	1
2380918.3638999993	0.52	0.5	1
2380947.1637999993	0.38	0.6	1
2380977.5636999994	0.37	0.6	1
2381009.5635999995	0.33	0.6	1
2381043.1634999993	0.39	0.6	1
2381078.363399999	0.41	0.6	1
2381114.6299999994	0.52	0.4	1
2381151.9632999995	0.51	0.4	1
2381190.3632999994	0.62	0.4	1
2381230.6299999994	0.33	0.7	1
2381272.2299999995	0.47	0.5	1
2381315.4299999997	0.41	0.6	1
2381360.2299999995	0.38	0.6	1
2381406.0966999996	0.62	0.4	1
2381453.5634	0.37	0.6	1
2381502.6300999997	0.39	0.6	1
2381553.0300999996	0.42	0.5	1
2381604.4968	0.52	0.4	1
2381606.0968	0.41	0.6	1
2381608.5635	0.55	0.7	1
2381609.8968	0.97	0.5	1
2381611.7635000004	0.98	0.7	1
2381615.4969	0.97	0.7	1
2381621.097	0.92	0.7	1
2381628.5638	0.99	0.7	1
2381637.8973000003	0.96	0.7	1
2381649.0975	0.95	0.7	1
2381662.1644	1.0	0.7	1
2381677.098	0.91	0.7	1
2381693.8983	0.92	0.7	1
2381712.5653	0.96	0.7	1
2381733.099	0.96	0.7	1
2381755.4994	0.93	0.7	1
2381779.7665	0.98	0.7	1
2381805.9003	0.94	0.7	1
2381833.9008	0.93	0.7	1
2381863.5013	1.0	0.6	1
2381894.9685	0.95	0.7	1
2381928.3024	0.94	0.7	1
2381963.503	0.88	0.7	1
2381964.8363	0.41	0.5	1
2381967.5029	0.48	0.5	1
2381971.2362	0.54	0.4	1
2381976.3028	0.44	0.5	1
2381982.4361	0.54	0.4	1
2381989.9027	0.47	0.5	1
2381998.9693	0.41	0.6	1
2382009.3692	0.5	0.5	1
2382021.1024	0.42	0.5	1
2382033.1689000004	0.45	0.5	1
2382046.5687	0.44	0.5	1
2382061.3018	0.47	0.5	1
2382062.9018	0.68	0.6	1
2382064.7685000002	0.39	0.7	1
2382066.3685000003	0.19	0.6	1
2382069.5685000005	0.17	0.6	1
2382074.1018000003	0.33	0.5	1
2382080.2351	0.16	0.6	1
2382087.9684	0.17	0.6	1
2382097.3017	0.18	0.6	1
2382098.9017000003	0.74	0.6	1
2382101.8350000004	0.58	0.5	1
2382106.1016000006	0.81	0.5	1
2382107.4349000007	0.4	0.5	1
2382109.8349000006	0.65	0.4	1
2382113.5682000006	0.37	0.5	1
2382118.6348000006	0.37	0.5	1
2382125.3014000007	0.35	0.6	1
2382133.301300001	0.42	0.5	1
2382142.367900001	0.62	0.4	1
2382152.5012000008	0.49	0.4	1
2382163.701200001	0.49	0.4	1
2382175.967900001	0.63	0.4	1
2382189.301300001	0.48	0.4	1
2382203.701400001	0.55	0.4	1
2382219.701500001	0.37	0.6	1
2382237.034900001	0.42	0.5	1
2382255.9683000008	0.34	0.6	1
2382276.235000001	0.46	0.5	1
2382298.101700001	0.33	0.6	1
2382321.035100001	0.57	0.4	1
2382345.0352000007	0.56	0.4	1
2382370.102000001	0.51	0.4	1
2382396.235500001	0.68	0.4	1
2382423.4357000007	0.62	0.4	1
2382451.702600001	0.55	0.4	1
2382481.5695000007	0.37	0.6	1
2382512.503100001	0.59	0.4	1
2382544.770000001	0.4	0.5	1
2382578.370200001	0.42	0.5	1
2382613.303700001	0.49	0.5	1
2382649.303900001	0.6	0.4	1
2382686.6374000013	0.38	0.5	1
2382725.0376000013	0.57	0.4	1
2382764.7711000014	0.38	0.5	1
2382805.5713000013	0.59	0.4	1
2382847.438200001	0.56	0.4	1
2382890.905100001	0.37	0.6	1
2382935.438700001	0.54	0.4	1
2382981.572300001	0.33	0.6	1
2383028.772600001	0.52	0.4	1
2383077.039600001	0.6	0.4	1
2383126.373300001	0.53	0.4	1
2383176.773700001	0.56	0.4	1
2383228.5074000014	0.39	0.5	1
2383281.3078000015	0.54	0.4	1
2383335.4415000016	0.45	0.5	1
2383390.9085000018	0.49	0.5	1
2383447.442200002	0.59	0.4	1
2383505.842600002	0.28	0.7	1
2383565.309700002	0.57	0.4	1
2383625.843500002	0.6	0.4	1
2383687.444000002	0.68	0.4	1
2383750.377800002	0.47	0.5	1
2383815.178300002	0.29	0.7	1
2383881.0455000023	0.58	0.4	1
2383948.779400002	0.34	0.7	1
2384017.5800000024	0.28	0.4	1
2384087.980600002	0.33	0.6	1
2384159.4479000024	0.51	0.4	1
2384231.9819000023	0.52	0.4	1
2384305.582600002	0.61	0.4	1
2384380.2500000023	0.52	0.4	1
2384455.9841000023	0.63	0.4	1
2384533.3182000024	0.32	0.6	1
2384610.7190000024	0.62	0.4	1
2384689.7198000024	0.34	0.6	1
2384769.7873000023	0.56	0.4	1
2384851.4548000023	0.33	0.6	1
2384934.189000002	0.59	0.4	1
2385018.789900002	0.32	0.7	1
2385104.990800002	0.39	0.6	1
2385192.5250000022	0.36	0.5	1
2385281.6592000024	0.36	0.6	1
2385372.6601000023	0.29	0.7	1
2385464.994300002	0.41	0.5	1
2385558.661800002	0.38	0.5	1
2385653.6626000023	0.4	0.5	1
2385749.730100002	0.52	0.4	1
2385847.397600002	0.34	0.6	1
2385946.131800002	0.45	0.4	1
2386046.466000002	0.34	0.6	1
2386148.133500002	0.4	0.5	1
2386251.667700002	0.34	0.7	1
2386356.535200002	0.37	0.5	1
2386462.7360000024	0.46	0.5	1
2386570.0035000024	0.49	0.4	1
2386678.3377000024	0.46	0.4	1
2386787.738600002	0.45	0.4	1
2386898.472800002	0.38	0.5	1
2387010.540300002	0.45	0.5	1
2387123.674500002	0.53	0.4	1
2387238.142000002	0.49	0.5	1
2387354.476200002	0.31	0.7	1
2387471.8771000016	0.39	0.4	1
2387590.3447000016	0.55	0.4	1
2387710.412300002	0.32	0.6	1
2387831.546600002	0.45	0.4	1
2387954.014200002	0.42	0.5	1
2388078.081800002	0.36	0.6	1
2388203.216100002	0.58	0.4	1
2388329.417100002	0.57	0.4	1
2388456.6848000023	0.52	0.4	1
2388585.285800002	0.41	0.5	1
2388715.220100002	0.39	0.5	1
2388846.487700002	0.41	0.5	1
2388979.0886000018	0.47	0.5	1
2389113.022800002	0.37	0.5	1
2389248.290300002	0.39	0.5	1
2389384.624500002	0.59	0.4	1
2389522.0254000016	0.51	0.4	1
2389660.7596000014	0.47	0.5	1
2389800.8271000013	0.34	0.5	1
2389941.9613000015	0.56	0.4	1
2390084.4288000013	0.5	0.5	1
2390228.496300001	0.41	0.6	1
2390374.430500001	0.3	0.7	1
2390521.431400001	0.56	0.4	1
2390669.4990000012	0.49	0.4	1
2390818.899900001	0.34	0.5	1
2390969.634100001	0.5	0.5	1
2391121.9683000008	0.3	0.6	1
2391275.6358000007	0.42	0.5	1
2391430.3700000006	0.57	0.4	1
2391586.1709000007	0.46	0.4	1
2391743.8385000005	0.28	0.7	1
2391902.8394000004	0.39	0.5	1
2392063.4403000004	0.22	0.6	1
2392225.3745000004	0.38	0.5	1
2392388.9087000005	0.37	0.6	1
2392553.7762000007	0.38	0.5	1
2392719.977000001	0.42	0.5	1
2392887.5111000007	0.44	0.5	1
2393056.9119000006	0.29	0.7	1
2393227.6460000006	0.4	0.5	1
2393399.4468000005	0.56	0.4	1
2393573.1143000005	0.33	0.7	1
2393748.1151000005	0.46	0.5	1
2393924.4492000006	0.44	0.5	1
2394102.1166000008	0.46	0.5	1
2394281.117300001	0.4	0.5	1
2394461.451300001	0.43	0.5	1
2394642.852000001	0.56	0.4	1
2394826.1194000007	0.27	0.7	1
2395010.7201000005	0.36	0.5	1
2395196.3875000007	0.52	0.4	1
2395383.1216000007	0.44	0.4	1
2395570.9224000005	0.5	0.4	1
2395759.7899000007	0.52	0.4	1
2395949.7241000007	0.56	0.4	1
2396141.258300001	0.34	0.6	1
2396334.392500001	0.33	0.6	1
2396528.860000001	0.49	0.5	1
2396724.9275000007	0.38	0.6	1
2396922.061700001	0.49	0.4	1
2397120.5292000007	0.45	0.5	1
2397320.3300000005	0.44	0.5	1
2397521.1975000007	0.56	0.4	1
2397723.1317000007	0.45	0.4	1
2397926.399200001	0.4	0.5	1
2398130.7334000007	0.55	0.4	1
2398336.4009000007	0.38	0.5	1
2398543.4017000007	0.41	0.5	1
2398752.269200001	0.34	0.7	1
2398963.0034000007	0.33	0.7	1
2399175.0709000006	0.45	0.5	1
2399388.4717000006	0.43	0.5	1
2399603.7392000007	0.29	0.7	1
2399820.340000001	0.38	0.5	1
2400038.0075000008	0.57	0.4	1
2400257.275000001	0.39	0.6	1
2400477.6092000008	0.54	0.4	1
2400699.2767000007	0.44	0.5	1
2400922.277500001	0.38	0.5	1
2401146.3450000007	0.45	0.4	1
2401371.479200001	0.54	0.4	1
2401597.9467000007	0.38	0.5	1
2401825.480900001	0.5	0.4	1
2402054.0818000007	0.54	0.4	1
2402284.282700001	0.35	0.6	1
2402516.350300001	0.29	0.7	1
2402750.017900001	0.38	0.6	1
2402984.752200001	0.62	0.4	1
2403220.819800001	0.43	0.5	1
2403458.487400001	0.38	0.6	1
2403697.488300001	0.37	0.5	1
2403937.555900001	0.55	0.4	1
