1.35	0.06	0.6	1
2.925	0.45	0.7	1
4.05	0.42	0.5	1
4.95	0.65	0.4	1
6.75	0.77	0.4	1
8.325	0.66	0.7	1
9.899999999999999	0.55	0.7	1
10.799999999999999	0.5	0.4	1
12.374999999999998	0.44	0.7	1
13.499999999999998	0.91	0.5	1
14.399999999999999	0.9	0.4	1
15.299999999999999	0.49	0.4	1
17.099999999999998	0.49	0.4	1
19.799999999999997	0.53	0.4	1
20.699999999999996	0.61	0.4	1
21.599999999999994	0.88	0.4	1
24.074999999999996	0.03	0.7	1
27.449999999999996	0.91	0.4	1
32.4	0.76	0.7	1
38.25	0.95	0.4	1
45.225	0.79	0.5	1
53.325	0.79	0.5	1
62.550000000000004	0.84	0.5	1
72.9	0.9	0.5	1
74.25	0.91	0.6	1
77.175	0.84	0.7	1
81.675	0.84	0.7	1
82.8	0.95	0.5	1
85.27499999999999	0.91	0.6	1
86.175	0.73	0.4	1
87.75	0.61	0.7	1
89.325	0.37	0.7	1
90.9	0.94	0.7	1
92.025	0.96	0.5	1
94.275	1.0	0.5	1
97.65	0.94	0.5	1
101.15	1.0	0.5	1
105.775	0.99	0.5	1
111.525	0.97	0.5	1
118.4	0.97	0.5	1
126.4	0.99	0.5	1
135.3	0.99	0.4	1
145.10000000000002	0.99	0.4	1
155.8	1.0	0.4	1
167.625	0.99	0.5	1
180.575	1.0	0.5	1
194.64999999999998	1.0	0.5	1
208.62499999999997	0.98	0.4	1
223.49999999999997	0.99	0.4	1
239.49999999999997	1.0	0.5	1
256.4	0.99	0.4	1
274.2	0.94	0.4	1
292.9	1.0	0.4	1
312.5	0.97	0.4	1
333.0	0.97	0.4	1
354.4	1.0	0.4	1
376.7	1.0	0.4	1
399.9	0.99	0.4	1
424.22499999999997	0.94	0.5	1
449.67499999999995	0.99	0.5	1
476.24999999999994	0.9	0.5	1
503.72499999999997	1.0	0.4	1
532.3249999999999	0.95	0.5	1
561.8249999999999	0.99	0.4	1
592.2249999999999	1.0	0.4	1
623.5249999999999	1.0	0.4	1
655.9499999999998	0.9	0.5	1
688.2749999999999	0.81	0.4	1
717.1749999999998	1.0	0.7	1
746.6499999999999	1.0	0.7	1
747.7749999999999	0.86	0.5	1
750.0249999999999	0.27	0.5	1
753.8499999999999	0.22	0.7	1
759.0249999999999	0.26	0.6	1
765.3249999999998	0.26	0.5	1
772.9749999999998	0.24	0.6	1
781.9749999999998	0.84	0.6	1
792.3249999999998	0.78	0.6	1
803.5749999999998	0.94	0.4	1
815.7249999999998	0.95	0.4	1
828.7749999999997	0.34	0.4	1
843.3999999999997	0.25	0.7	1
859.3749999999998	0.25	0.6	1
876.4749999999998	0.86	0.5	1
894.6999999999998	0.95	0.5	1
914.2749999999999	0.77	0.6	1
934.7499999999999	0.33	0.4	1
956.5749999999999	0.25	0.6	1
979.7499999999999	0.27	0.6	1
1004.0499999999998	0.23	0.5	1
1029.475	0.24	0.5	1
1056.25	0.8	0.6	1
1083.925	0.31	0.4	1
1112.95	0.27	0.6	1
1143.325	0.79	0.6	1
1175.05	0.88	0.6	1
1208.125	0.8	0.6	1
1242.1	0.38	0.4	1
1277.1999999999998	0.25	0.5	1
1313.6499999999999	0.56	0.6	1
1351.675	0.25	0.7	1
1391.05	0.44	0.6	1
1431.7749999999999	0.83	0.6	1
1473.6249999999998	0.28	0.5	1
1516.5999999999997	0.87	0.5	1
1560.6999999999996	0.86	0.5	1
1605.6999999999996	0.91	0.4	1
1652.0499999999995	0.76	0.6	1
1699.7499999999995	0.24	0.6	1
1748.5749999999996	0.31	0.5	1
1798.5249999999996	0.88	0.5	1
1849.5999999999997	0.89	0.5	1
1902.0249999999996	0.8	0.6	1
1955.7999999999997	0.77	0.6	1
2010.6999999999998	0.97	0.5	1
2066.725	0.2	0.5	1
2124.1	0.8	0.6	1
2182.825	0.75	0.6	1
2242.6749999999997	0.45	0.5	1
2304.1	0.25	0.7	1
2366.65	0.27	0.5	1
2430.775	0.24	0.7	1
2496.025	0.3	0.5	1
2562.625	0.93	0.6	1
2630.575	0.25	0.6	1
2699.875	0.72	0.6	1
2770.75	0.25	0.7	1
2842.975	0.27	0.6	1
2916.1	0.34	0.4	1
2990.575	0.84	0.6	1
3065.95	0.32	0.4	1
3142.225	0.24	0.4	1
3219.625	0.87	0.5	1
3298.6	0.25	0.7	1
3378.9249999999997	0.82	0.6	1
3460.1499999999996	0.32	0.4	1
3542.7249999999995	0.29	0.6	1
3626.6499999999996	0.26	0.6	1
3711.9249999999997	0.25	0.6	1
3798.7749999999996	0.78	0.7	1
3886.7499999999995	0.62	0.5	1
3976.2999999999997	0.24	0.7	1
4066.4249999999997	0.38	0.7	1
4158.125	0.35	0.7	1
4250.95	0.29	0.5	1
4345.125	0.27	0.6	1
4440.875	0.29	0.7	1
4537.975	0.43	0.6	1
4635.975	0.35	0.4	1
4735.55	0.23	0.7	1
4836.7	0.27	0.7	1
4939.425	0.26	0.7	1
5043.725	0.24	0.7	1
5149.6	0.3	0.7	1
5257.05	0.26	0.7	1
5366.075	0.28	0.7	1
5476.0	0.36	0.4	1
5587.275	0.35	0.6	1
5700.125	0.37	0.7	1
5814.325	0.43	0.6	1
5929.65	0.27	0.5	1
6046.099999999999	0.41	0.5	1
6164.124999999999	0.36	0.7	1
6283.724999999999	0.21	0.7	1
6404.9	0.3	0.7	1
6527.65	0.17	0.7	1
6651.75	0.13	0.6	1
6775.75	0.2	0.4	1
6901.325	0.18	0.7	1
7028.474999999999	0.19	0.7	1
7156.749999999999	0.12	0.5	1
7286.599999999999	0.33	0.7	1
7417.799999999999	0.19	0.6	1
7550.574999999999	0.15	0.7	1
7684.4749999999985	0.23	0.5	1
7819.7249999999985	0.27	0.6	1
7956.324999999999	0.23	0.6	1
8094.049999999999	0.13	0.5	1
8233.349999999999	0.18	0.7	1
8374.224999999999	0.16	0.7	1
8516.675	0.3	0.7	1
8660.474999999999	0.22	0.6	1
8805.624999999998	0.19	0.6	1
8951.674999999997	0.21	0.4	1
9098.624999999998	0.27	0.4	1
9246.924999999997	0.16	0.6	1
9396.799999999997	0.29	0.7	1
9548.249999999998	0.13	0.7	1
9701.049999999997	0.31	0.6	1
9855.199999999997	0.13	0.6	1
10010.249999999996	0.31	0.4	1
10166.424999999996	0.14	0.5	1
10323.499999999996	0.22	0.4	1
10481.924999999996	0.22	0.6	1
10641.699999999995	0.2	0.6	1
10802.599999999995	0.15	0.5	1
10964.624999999995	0.26	0.5	1
11128.224999999995	0.23	0.7	1
11293.399999999994	0.18	0.7	1
11460.149999999994	0.12	0.7	1
11628.474999999995	0.2	0.7	1
11798.374999999995	0.17	0.7	1
11969.624999999995	0.28	0.6	1
12141.999999999995	0.2	0.5	1
12315.274999999994	0.22	0.4	1
12490.124999999995	0.15	0.7	1
12665.099999999995	0.15	0.5	1
12841.649999999994	0.1	0.7	1
13019.324999999993	0.13	0.5	1
13198.124999999993	0.15	0.5	1
13378.499999999993	0.15	0.7	1
13560.449999999993	0.13	0.7	1
13743.749999999993	0.19	0.6	1
13928.624999999993	0.18	0.7	1
14114.849999999993	0.27	0.6	1
14302.649999999992	0.23	0.7	1
14491.799999999992	0.2	0.6	1
14681.849999999991	0.18	0.4	1
14873.02499999999	0.13	0.5	1
15065.32499999999	0.23	0.5	1
15258.97499999999	0.14	0.6	1
15453.749999999989	0.14	0.5	1
15649.649999999989	0.27	0.5	1
15846.899999999989	0.18	0.6	1
16045.499999999989	0.14	0.6	1
16244.999999999989	0.17	0.4	1
16445.39999999999	0.18	0.4	1
16647.37499999999	0.24	0.7	1
16850.474999999988	0.14	0.5	1
17054.92499999999	0.25	0.6	1
17260.724999999988	0.11	0.6	1
17468.099999999988	0.18	0.7	1
17676.824999999986	0.19	0.6	1
17886.899999999987	0.2	0.6	1
18098.54999999999	0.21	0.7	1
18311.774999999987	0.18	0.7	1
18526.349999999988	0.13	0.6	1
18742.274999999987	0.2	0.6	1
18959.324999999986	0.15	0.5	1
19177.499999999985	0.16	0.5	1
19397.024999999987	0.21	0.6	1
19617.899999999987	0.21	0.6	1
19840.124999999985	0.33	0.6	1
20063.699999999986	0.12	0.6	1
20288.849999999988	0.12	0.7	1
20515.12499999999	0.14	0.5	1
20742.52499999999	0.13	0.5	1
20971.49999999999	0.17	0.7	1
21201.599999999988	0.17	0.5	1
21432.274999999987	0.32	0.7	1
21664.074999999986	0.13	0.5	1
21897.224999999988	0.12	0.6	1
22131.49999999999	0.29	0.5	1
22366.67499999999	0.17	0.4	1
22603.19999999999	0.25	0.6	1
22840.84999999999	0.13	0.5	1
23079.624999999993	0.14	0.5	1
23319.97499999999	0.27	0.7	1
23561.89999999999	0.18	0.7	1
23805.39999999999	0.3	0.7	1
24050.24999999999	0.16	0.6	1
24296.67499999999	0.2	0.7	1
24544.44999999999	0.14	0.6	1
24793.57499999999	0.32	0.6	1
25044.27499999999	0.17	0.7	1
25296.549999999992	0.12	0.7	1
25549.72499999999	0.27	0.4	1
25804.02499999999	0.13	0.5	1
26059.89999999999	0.15	0.7	1
26317.12499999999	0.24	0.6	1
26575.92499999999	0.26	0.7	1
26835.849999999988	0.15	0.5	1
27096.899999999987	0.22	0.5	1
27359.074999999986	0.22	0.5	1
27622.374999999985	0.28	0.5	1
27887.024999999987	0.12	0.6	1
28153.024999999987	0.16	0.6	1
28420.374999999985	0.2	0.6	1
28688.624999999985	0.32	0.4	1
28958.224999999984	0.26	0.6	1
29228.949999999983	0.14	0.5	1
29500.79999999998	0.14	0.5	1
29773.77499999998	0.35	0.5	1
30047.874999999978	0.13	0.5	1
30323.32499999998	0.18	0.6	1
30599.89999999998	0.13	0.5	1
30877.59999999998	0.25	0.5	1
31156.64999999998	0.16	0.6	1
31436.82499999998	0.16	0.5	1
31718.124999999978	0.16	0.5	1
32000.77499999998	0.16	0.6	1
32284.77499999998	0.19	0.6	1
32569.89999999998	0.13	0.5	1
32856.14999999998	0.13	0.5	1
33143.52499999998	0.15	0.5	1
33432.02499999998	0.15	0.5	1
33721.64999999998	0.21	0.5	1
34012.62499999998	0.13	0.6	1
34304.949999999975	0.2	0.6	1
34598.39999999997	0.22	0.5	1
34893.199999999975	0.21	0.6	1
35188.89999999997	0.28	0.4	1
35485.49999999997	0.15	0.4	1
35783.674999999974	0.13	0.7	1
36083.199999999975	0.14	0.6	1
36384.074999999975	0.14	0.6	1
36686.299999999974	0.19	0.6	1
36990.09999999998	0.13	0.7	1
37295.24999999998	0.14	0.6	1
37601.97499999998	0.16	0.7	1
37909.59999999998	0.23	0.4	1
38218.574999999975	0.28	0.6	1
38528.674999999974	0.13	0.5	1
38840.12499999997	0.13	0.6	1
39153.14999999997	0.19	0.7	1
39467.74999999997	0.1	0.7	1
39783.69999999997	0.28	0.6	1
40100.774999999965	0.12	0.5	1
40419.19999999997	0.13	0.6	1
40739.19999999997	0.12	0.7	1
41060.32499999997	0.14	0.5	1
41382.57499999997	0.13	0.5	1
41706.17499999997	0.14	0.6	1
42031.12499999996	0.13	0.6	1
42357.649999999965	0.16	0.7	1
42685.29999999997	0.25	0.5	1
43014.29999999997	0.16	0.6	1
43344.87499999996	0.33	0.7	1
43676.57499999996	0.16	0.5	1
44009.62499999996	0.22	0.6	1
44343.79999999997	0.15	0.5	1
44678.87499999996	0.25	0.4	1
45015.29999999997	0.19	0.6	1
45353.29999999997	0.26	0.7	1
45686.649999999965	0.39	0.6	1
46021.12499999996	0.46	0.5	1
46060.17499999997	0.31	0.7	1
46100.79999999997	0.32	0.7	1
46142.54999999997	0.4	0.5	1
46185.42499999997	0.4	0.5	1
46229.42499999997	0.35	0.5	1
46274.774999999965	0.38	0.6	1
46321.47499999996	0.38	0.6	1
46369.29999999996	0.41	0.5	1
46418.47499999996	0.37	0.6	1
46468.774999999965	0.4	0.5	1
46520.19999999997	0.4	0.5	1
46572.97499999997	0.33	0.6	1
46627.09999999997	0.36	0.6	1
46682.57499999997	0.36	0.6	1
46739.399999999965	0.35	0.6	1
46797.34999999996	0.4	0.5	1
46856.649999999965	0.34	0.6	1
46917.07499999997	0.37	0.5	1
46978.62499999997	0.44	0.5	1
47041.52499999997	0.36	0.6	1
47105.77499999997	0.34	0.6	1
47170.924999999974	0.49	0.4	1
47237.424999999974	0.39	0.6	1
47305.49999999997	0.33	0.7	1
47374.924999999974	0.39	0.6	1
47445.699999999975	0.34	0.6	1
47517.59999999998	0.41	0.5	1
47590.84999999998	0.39	0.6	1
47665.22499999998	0.45	0.5	1
47740.72499999998	0.37	0.5	1
47817.34999999998	0.39	0.5	1
47895.549999999974	0.3	0.7	1
47974.87499999997	0.41	0.5	1
48055.09999999997	0.45	0.4	1
48136.67499999997	0.31	0.6	1
48219.149999999965	0.49	0.4	1
48302.74999999996	0.38	0.5	1
48387.69999999996	0.36	0.6	1
48473.77499999996	0.43	0.5	1
48560.974999999955	0.37	0.5	1
48649.29999999995	0.44	0.5	1
48738.52499999995	0.43	0.4	1
48829.09999999995	0.33	0.6	1
48920.799999999945	0.41	0.5	1
49012.84999999995	0.32	0.6	1
49106.24999999995	0.31	0.6	1
49107.14999999995	0.86	0.4	1
49108.04999999995	0.1	0.4	1
49109.39999999995	0.94	0.6	1
49112.09999999995	0.85	0.6	1
49116.37499999995	0.81	0.7	1
49117.49999999995	0.41	0.5	1
49119.74999999995	0.46	0.5	1
49123.12499999995	0.52	0.5	1
49124.24999999995	0.22	0.5	1
49125.824999999946	0.54	0.7	1
49128.97499999995	0.53	0.7	1
49133.699999999946	0.53	0.7	1
49139.99999999995	0.52	0.7	1
49147.87499999995	0.5	0.7	1
49148.99999999995	0.28	0.5	1
49151.02499999995	0.73	0.4	1
49153.94999999995	0.25	0.4	1
49157.77499999995	0.26	0.4	1
49159.12499999995	0.84	0.6	1
49160.47499999995	0.67	0.6	1
49163.174999999945	0.68	0.6	1
49167.22499999995	0.65	0.6	1
49172.62499999995	0.69	0.6	1
49179.59999999995	0.78	0.7	1
49187.924999999945	0.68	0.6	1
49197.59999999995	0.69	0.6	1
49208.62499999995	0.78	0.6	1
49220.99999999995	0.66	0.6	1
49234.72499999995	0.66	0.6	1
49249.799999999945	0.72	0.6	1
49265.99999999994	0.73	0.5	1
49283.32499999994	0.7	0.5	1
49301.99999999994	0.68	0.6	1
49322.02499999994	0.7	0.6	1
49343.39999999994	0.73	0.6	1
49366.12499999994	0.69	0.6	1
49390.19999999994	0.69	0.6	1
49415.62499999994	0.64	0.6	1
49442.39999999994	0.7	0.6	1
49470.52499999994	0.68	0.6	1
49499.99999999994	0.68	0.6	1
49531.049999999945	0.64	0.7	1
49563.449999999946	0.63	0.6	1
49597.199999999946	0.72	0.6	1
49632.299999999945	0.71	0.6	1
49668.74999999994	0.65	0.6	1
49706.549999999945	0.71	0.6	1
49745.699999999946	0.67	0.6	1
49786.199999999946	0.67	0.6	1
49828.049999999945	0.72	0.6	1
49871.02499999994	0.67	0.5	1
49915.34999999994	0.7	0.6	1
49961.24999999994	0.65	0.7	1
50008.49999999994	0.69	0.6	1
50057.09999999994	0.67	0.6	1
50058.22499999994	0.79	0.5	1
50059.12499999994	0.22	0.4	1
50060.02499999994	0.44	0.4	1
50061.824999999946	0.45	0.4	1
50064.52499999994	0.46	0.4	1
50068.12499999994	0.53	0.4	1
50072.62499999994	0.51	0.4	1
50078.02499999994	0.47	0.4	1
50084.324999999946	0.51	0.4	1
50091.52499999994	0.48	0.4	1
50099.62499999994	0.5	0.4	1
50108.62499999994	0.4	0.4	1
50109.52499999994	0.78	0.4	1
50110.424999999945	1.0	0.4	1
50111.324999999946	0.28	0.4	1
50112.449999999946	0.11	0.5	1
50113.574999999946	0.57	0.5	1
50116.049999999945	0.56	0.6	1
50119.64999999994	0.52	0.5	1
50124.37499999994	0.53	0.5	1
50126.22499999994	0.52	0.5	1
50129.19999999994	0.51	0.5	1
50133.29999999994	0.54	0.5	1
50138.524999999936	0.53	0.5	1
50140.09999999993	0.66	0.7	1
50143.249999999935	0.62	0.7	1
50147.97499999993	0.63	0.7	1
50153.82499999993	0.47	0.5	1
50161.249999999935	0.66	0.7	1
50169.79999999994	0.64	0.5	1
50178.69999999994	0.69	0.6	1
50189.17499999994	0.65	0.7	1
50201.22499999994	0.61	0.7	1
50214.17499999994	0.65	0.4	1
50215.749999999935	0.87	0.7	1
50216.649999999936	0.1	0.4	1
50218.44999999994	0.11	0.4	1
50221.149999999936	0.23	0.4	1
50224.749999999935	0.06	0.4	1
50229.249999999935	0.14	0.4	1
50234.649999999936	0.11	0.4	1
50240.94999999994	0.07	0.4	1
50248.149999999936	0.3	0.4	1
50256.249999999935	0.13	0.4	1
50265.249999999935	0.12	0.4	1
50266.374999999935	0.6	0.5	1
50268.399999999936	0.57	0.4	1
50271.32499999994	0.6	0.4	1
50275.149999999936	0.64	0.4	1
50280.09999999993	0.51	0.5	1
50286.17499999993	0.57	0.5	1
50293.37499999993	0.51	0.5	1
50301.699999999924	0.51	0.5	1
50303.04999999992	0.65	0.6	1
50304.39999999992	0.71	0.6	1
50307.09999999992	0.82	0.6	1
50311.14999999992	0.68	0.6	1
50316.324999999924	0.87	0.5	1
50323.074999999924	0.7	0.7	1
50331.17499999992	0.69	0.6	1
50340.39999999992	0.8	0.5	1
50350.97499999992	0.73	0.6	1
50362.89999999992	0.71	0.6	1
50376.17499999992	0.7	0.6	1
50390.574999999924	0.78	0.5	1
50406.099999999926	0.55	0.5	1
50422.74999999993	0.79	0.5	1
50440.52499999993	0.81	0.5	1
50459.64999999993	0.76	0.6	1
50480.349999999926	0.65	0.7	1
50502.17499999992	0.59	0.5	1
50525.12499999992	0.84	0.5	1
50549.42499999992	0.63	0.6	1
50575.29999999992	0.6	0.7	1
50602.52499999992	0.73	0.6	1
50631.324999999924	0.34	0.7	1
50661.474999999926	0.71	0.6	1
50692.74999999993	0.9	0.5	1
50725.599999999926	0.62	0.7	1
50759.79999999992	0.69	0.6	1
50795.349999999926	0.85	0.6	1
50832.02499999993	0.84	0.5	1
50870.04999999993	0.76	0.6	1
50909.19999999993	0.75	0.5	1
50949.92499999993	0.69	0.7	1
50991.99999999993	0.52	0.6	1
51035.199999999924	0.75	0.5	1
51079.74999999993	0.73	0.6	1
51125.42499999993	0.77	0.5	1
51172.22499999993	0.77	0.5	1
51220.149999999936	0.58	0.5	1
51269.19999999994	0.81	0.5	1
51319.82499999994	0.61	0.7	1
51371.79999999994	0.65	0.6	1
51424.899999999936	0.74	0.5	1
51426.024999999936	0.82	0.5	1
51428.274999999936	0.86	0.5	1
51431.649999999936	0.79	0.5	1
51436.149999999936	0.83	0.5	1
51441.774999999936	0.84	0.5	1
51448.29999999994	0.85	0.4	1
51455.72499999994	0.84	0.4	1
51464.27499999994	0.76	0.5	1
51473.949999999946	0.78	0.5	1
51484.52499999994	0.76	0.4	1
51496.22499999994	0.8	0.5	1
51508.82499999994	0.76	0.4	1
51522.32499999994	0.71	0.4	1
51523.67499999994	0.83	0.6	1
51526.59999999994	0.7	0.7	1
51531.09999999994	0.73	0.7	1
51536.94999999994	0.7	0.6	1
51544.149999999936	0.75	0.6	1
51552.92499999994	0.71	0.7	1
51563.274999999936	0.71	0.7	1
51575.19999999994	0.75	0.7	1
51588.47499999994	0.79	0.6	1
51603.32499999994	0.71	0.7	1
51619.524999999936	0.75	0.6	1
51637.29999999994	0.77	0.7	1
51656.649999999936	0.66	0.7	1
51677.57499999994	0.72	0.7	1
51700.07499999994	0.73	0.7	1
51724.149999999936	0.74	0.7	1
51749.57499999994	0.79	0.6	1
51776.57499999994	0.73	0.7	1
51804.92499999994	0.78	0.6	1
51834.624999999935	0.73	0.6	1
51865.899999999936	0.74	0.7	1
51898.524999999936	0.75	0.6	1
51932.499999999935	0.76	0.6	1
51967.59999999993	0.78	0.5	1
52004.04999999993	0.72	0.6	1
52042.07499999993	0.74	0.7	1
52081.44999999993	0.82	0.6	1
52122.39999999993	0.7	0.7	1
52164.474999999926	0.77	0.5	1
52208.12499999993	0.75	0.7	1
52253.349999999926	0.73	0.7	1
52300.14999999993	0.76	0.7	1
52348.29999999993	0.77	0.6	1
52397.79999999993	0.79	0.6	1
52448.87499999993	0.72	0.7	1
52501.52499999993	0.74	0.7	1
52555.52499999993	0.79	0.6	1
52611.099999999926	0.73	0.7	1
52668.24999999993	0.72	0.7	1
52726.974999999926	0.71	0.7	1
52787.27499999993	0.72	0.7	1
52848.92499999993	0.83	0.6	1
52912.14999999993	0.72	0.7	1
52976.94999999993	0.81	0.7	1
52977.84999999993	0.51	0.4	1
52979.649999999936	0.26	0.4	1
52980.999999999935	0.08	0.6	1
52982.34999999993	0.06	0.6	1
52985.04999999993	0.07	0.6	1
52989.09999999993	0.09	0.6	1
52994.499999999935	0.11	0.6	1
52995.399999999936	0.58	0.4	1
52997.649999999936	0.6	0.6	1
53001.249999999935	0.4	0.6	1
53006.19999999993	0.45	0.6	1
53007.77499999993	0.57	0.7	1
53010.92499999993	0.62	0.7	1
53015.42499999993	0.63	0.6	1
53021.49999999993	0.69	0.7	1
53028.92499999993	0.7	0.6	1
53037.69999999993	0.59	0.6	1
53047.82499999993	0.64	0.6	1
53059.52499999993	0.55	0.7	1
53072.79999999993	0.63	0.7	1
53087.42499999993	0.62	0.6	1
53103.62499999993	0.6	0.7	1
53121.17499999993	0.61	0.6	1
53140.29999999993	0.65	0.7	1
53160.77499999993	0.63	0.6	1
53182.82499999993	0.63	0.7	1
53206.44999999993	0.66	0.7	1
53231.19999999993	0.63	0.5	1
53257.52499999993	0.61	0.7	1
53285.42499999993	0.67	0.7	1
53314.89999999993	0.57	0.7	1
53345.724999999926	0.86	0.6	1
53378.12499999993	0.67	0.7	1
53412.099999999926	0.64	0.7	1
53447.64999999993	0.68	0.7	1
53484.77499999993	0.68	0.7	1
53523.474999999926	0.64	0.7	1
53563.52499999993	0.64	0.6	1
53605.14999999993	0.6	0.7	1
53648.349999999926	0.68	0.7	1
53693.12499999993	0.67	0.7	1
53739.474999999926	0.69	0.7	1
53787.17499999992	0.69	0.6	1
53836.224999999926	0.61	0.6	1
53886.62499999993	0.63	0.6	1
53938.599999999926	0.62	0.7	1
53991.92499999992	0.74	0.6	1
54046.824999999924	0.63	0.7	1
54103.29999999992	0.64	0.7	1
54161.349999999926	0.69	0.7	1
54220.74999999993	0.67	0.6	1
54281.724999999926	0.62	0.7	1
54344.27499999993	0.61	0.7	1
54407.94999999993	0.7	0.5	1
54473.19999999993	0.66	0.7	1
54540.02499999993	0.69	0.7	1
54608.42499999993	0.67	0.7	1
54678.17499999993	0.69	0.6	1
54749.49999999993	0.62	0.7	1
54822.17499999993	0.64	0.6	1
54896.19999999993	0.62	0.6	1
54971.79999999993	0.6	0.7	1
55048.97499999993	0.73	0.7	1
55127.274999999936	0.71	0.5	1
55207.149999999936	0.63	0.7	1
55288.59999999993	0.65	0.7	1
55371.624999999935	0.69	0.7	1
55456.22499999993	0.61	0.7	1
55542.399999999936	0.66	0.7	1
55629.69999999994	0.65	0.5	1
55718.57499999994	0.63	0.7	1
55808.57499999994	0.68	0.5	1
55900.149999999936	0.61	0.7	1
55992.84999999993	0.68	0.5	1
56086.899999999936	0.65	0.6	1
56182.29999999994	0.63	0.6	1
56279.04999999994	0.64	0.6	1
56377.374999999935	0.6	0.7	1
56477.274999999936	0.57	0.7	1
56578.749999999935	0.61	0.7	1
56681.34999999993	0.65	0.5	1
56785.524999999936	0.67	0.7	1
56891.04999999994	0.62	0.6	1
56998.149999999936	0.72	0.7	1
57106.82499999994	0.63	0.7	1
57216.62499999994	0.75	0.5	1
57327.77499999994	0.67	0.6	1
57440.49999999994	0.64	0.7	1
57554.57499999994	0.7	0.6	1
57670.22499999994	0.66	0.7	1
57787.44999999994	0.7	0.7	1
57906.24999999994	0.62	0.7	1
58026.39999999994	0.67	0.6	1
58148.12499999994	0.65	0.7	1
58271.19999999994	0.67	0.6	1
58395.399999999936	0.68	0.5	1
58519.72499999993	0.92	0.5	1
58645.17499999993	0.96	0.5	1
58771.74999999993	0.99	0.5	1
58899.449999999924	0.95	0.5	1
59028.27499999992	0.95	0.5	1
59158.22499999992	0.93	0.5	1
59289.299999999916	0.98	0.5	1
59421.49999999991	0.91	0.5	1
59554.82499999991	0.99	0.5	1
59689.27499999991	0.98	0.5	1
59824.849999999904	0.95	0.5	1
59945.77499999991	0.03	0.6	1
60067.82499999991	1.0	0.5	1
60096.77499999991	0.86	0.4	1
60126.624999999905	0.72	0.4	1
60157.374999999905	0.77	0.4	1
60189.249999999905	0.55	0.5	1
60222.02499999991	0.7	0.4	1
60255.69999999991	0.9	0.4	1
60290.49999999991	0.53	0.5	1
60326.424999999916	0.52	0.5	1
60363.47499999992	0.54	0.5	1
60401.424999999916	0.87	0.4	1
60440.72499999992	0.5	0.6	1
60481.14999999992	0.53	0.5	1
60522.699999999924	0.57	0.5	1
60565.599999999926	0.51	0.6	1
60609.849999999926	0.48	0.6	1
60654.99999999993	0.76	0.4	1
60701.04999999993	0.79	0.4	1
60747.99999999993	0.82	0.4	1
60796.52499999993	0.43	0.7	1
60845.94999999993	0.85	0.4	1
60896.72499999993	0.47	0.6	1
60948.399999999936	0.85	0.4	1
61000.97499999993	0.83	0.4	1
61054.67499999993	0.88	0.5	1
61109.27499999993	0.77	0.4	1
61164.77499999993	0.82	0.4	1
61221.62499999993	0.5	0.6	1
61279.37499999993	0.77	0.4	1
61338.24999999993	0.95	0.5	1
61398.474999999926	0.48	0.6	1
61459.599999999926	0.86	0.4	1
61521.849999999926	0.53	0.5	1
61584.99999999993	0.77	0.4	1
61649.49999999993	0.46	0.6	1
61715.574999999924	0.48	0.7	1
61782.54999999992	0.74	0.4	1
61850.42499999992	0.91	0.4	1
61919.64999999992	0.48	0.6	1
61989.77499999992	0.78	0.4	1
62060.79999999992	0.7	0.4	1
62132.724999999926	0.82	0.4	1
62205.54999999992	0.75	0.4	1
62279.27499999992	0.84	0.4	1
62354.12499999992	0.56	0.5	1
62429.87499999992	0.8	0.4	1
62505.97499999992	0.55	0.6	1
62583.19999999992	0.57	0.5	1
62661.32499999992	0.74	0.4	1
62686.34999999992	0.53	0.4	1
62712.27499999992	0.54	0.4	1
62739.09999999992	0.64	0.4	1
62766.82499999992	0.63	0.4	1
62795.44999999992	0.61	0.4	1
62824.97499999992	0.53	0.4	1
62855.39999999992	0.63	0.4	1
62886.72499999992	0.57	0.4	1
62918.94999999992	0.61	0.4	1
62952.07499999992	0.55	0.4	1
62986.09999999992	0.61	0.4	1
63021.02499999992	0.52	0.4	1
63056.84999999992	0.61	0.4	1
63093.57499999992	0.63	0.4	1
63131.19999999992	0.58	0.4	1
63169.72499999992	0.64	0.4	1
63209.14999999992	0.64	0.4	1
63249.47499999992	0.56	0.4	1
63290.69999999992	0.54	0.4	1
63332.82499999992	0.5	0.4	1
63375.84999999992	0.58	0.4	1
63419.77499999992	0.67	0.4	1
63464.59999999992	0.61	0.4	1
63510.32499999992	0.58	0.4	1
63556.94999999992	0.6	0.4	1
63604.47499999992	0.58	0.4	1
63652.89999999992	0.55	0.4	1
63702.22499999992	0.59	0.4	1
63752.44999999992	0.58	0.4	1
63803.57499999992	0.6	0.4	1
63855.59999999992	0.62	0.4	1
63908.74999999992	0.49	0.5	1
63962.79999999992	0.66	0.4	1
64017.974999999926	0.5	0.5	1
64074.04999999992	0.52	0.4	1
64131.02499999992	0.61	0.4	1
64132.59999999992	0.81	0.7	1
64135.52499999992	0.88	0.6	1
64139.79999999992	0.79	0.6	1
64145.64999999992	0.7	0.7	1
64153.074999999924	0.67	0.7	1
64162.074999999924	0.67	0.7	1
64171.974999999926	0.75	0.4	1
64183.224999999926	0.79	0.6	1
64196.04999999992	0.66	0.7	1
64210.449999999924	0.71	0.7	1
64226.199999999924	0.72	0.6	1
64243.52499999992	0.72	0.7	1
64262.42499999992	0.71	0.7	1
64282.89999999992	0.63	0.7	1
64304.72499999992	0.74	0.6	1
64328.12499999992	0.71	0.7	1
64353.09999999992	0.82	0.7	1
64379.64999999992	0.71	0.7	1
64407.77499999992	0.72	0.7	1
64437.24999999992	0.74	0.6	1
64468.29999999992	0.63	0.7	1
64500.699999999924	0.74	0.6	1
64534.67499999992	0.72	0.7	1
64570.224999999926	0.85	0.7	1
64607.349999999926	0.66	0.7	1
64645.824999999924	0.79	0.6	1
64685.87499999993	0.7	0.7	1
64726.824999999924	0.84	0.4	1
64769.349999999926	0.8	0.7	1
64813.224999999926	0.92	0.6	1
64858.67499999992	0.72	0.7	1
64905.699999999924	0.88	0.7	1
64954.074999999924	0.72	0.6	1
65004.02499999992	0.68	0.7	1
65055.324999999924	0.94	0.6	1
65108.199999999924	0.68	0.7	1
65144.199999999924	0.36	0.5	1
65181.099999999926	0.53	0.4	1
65218.89999999993	0.45	0.4	1
65257.599999999926	0.49	0.4	1
65297.199999999924	0.48	0.4	1
65337.699999999924	0.51	0.4	1
65379.099999999926	0.54	0.4	1
65421.39999999993	0.5	0.4	1
65464.599999999926	0.44	0.4	1
65508.699999999924	0.5	0.4	1
65553.69999999992	0.48	0.4	1
65599.59999999992	0.51	0.4	1
65646.39999999992	0.49	0.4	1
65647.74999999993	0.07	0.6	1
65650.44999999992	0.07	0.6	1
65654.49999999993	0.06	0.6	1
65659.44999999992	0.63	0.4	1
65665.74999999993	0.07	0.6	1
65673.39999999992	0.05	0.6	1
65682.39999999992	0.06	0.6	1
65692.74999999993	0.05	0.6	1
65703.99999999993	0.65	0.4	1
65716.59999999993	0.05	0.6	1
65730.32499999994	0.51	0.5	1
65745.39999999994	0.05	0.6	1
65761.82499999994	0.06	0.6	1
65779.59999999993	0.07	0.6	1
65798.72499999993	0.05	0.6	1
65819.19999999994	0.05	0.6	1
65841.02499999994	0.07	0.6	1
65864.19999999994	0.05	0.6	1
65888.72499999993	0.05	0.6	1
65914.59999999993	0.05	0.6	1
65941.82499999994	0.06	0.6	1
65970.39999999994	0.28	0.6	1
66000.32499999994	0.07	0.6	1
66031.37499999994	0.56	0.5	1
66063.77499999994	0.05	0.6	1
66097.52499999994	0.05	0.6	1
66132.62499999994	0.05	0.6	1
66169.07499999994	0.07	0.6	1
66169.97499999993	0.87	0.4	1
66171.77499999994	0.88	0.4	1
66173.12499999994	0.14	0.6	1
66175.82499999994	0.13	0.6	1
66176.94999999994	0.74	0.5	1
66179.64999999994	0.62	0.7	1
66183.92499999993	0.65	0.7	1
66189.54999999993	0.62	0.6	1
66196.52499999994	0.73	0.6	1
66200.07499999994	0.67	0.7	1
66201.42499999994	0.99	0.6	1
66202.99999999994	0.52	0.7	1
66206.14999999994	0.47	0.7	1
66210.87499999994	0.49	0.7	1
66211.77499999994	0.84	0.4	1
66213.79999999993	0.78	0.5	1
66217.17499999993	0.61	0.6	1
66221.44999999992	0.96	0.4	1
66227.07499999992	0.85	0.6	1
66234.04999999993	0.69	0.6	1
66242.59999999993	0.53	0.7	1
66252.27499999994	0.87	0.5	1
66262.84999999993	0.82	0.4	1
66274.77499999994	0.87	0.6	1
66287.82499999994	0.94	0.5	1
66302.22499999993	0.89	0.6	1
66318.19999999994	0.84	0.7	1
66335.29999999994	0.83	0.5	1
66353.74999999994	0.65	0.6	1
66373.09999999995	0.93	0.4	1
66393.79999999994	0.25	0.6	1
66415.39999999995	0.82	0.4	1
66438.34999999995	0.61	0.6	1
66462.64999999995	0.76	0.6	1
66488.07499999995	0.77	0.5	1
66514.39999999995	0.87	0.4	1
66542.07499999995	0.71	0.6	1
66571.09999999995	0.81	0.6	1
66601.47499999995	0.8	0.6	1
66632.97499999995	0.82	0.5	1
66665.37499999994	0.97	0.4	1
66698.89999999994	0.72	0.5	1
66733.77499999994	0.67	0.6	1
66769.77499999994	0.94	0.5	1
66807.34999999993	0.76	0.7	1
66846.49999999993	0.64	0.7	1
66886.54999999993	0.73	0.4	1
66927.94999999992	0.65	0.6	1
66970.92499999993	0.56	0.7	1
67015.47499999993	0.67	0.7	1
67061.37499999993	0.63	0.6	1
67108.84999999993	0.81	0.7	1
67157.67499999993	0.62	0.6	1
67207.62499999993	0.75	0.5	1
67258.92499999993	0.66	0.6	1
67311.34999999993	0.93	0.5	1
67365.34999999993	0.59	0.7	1
67420.92499999993	0.76	0.7	1
67421.82499999992	1.0	0.4	1
67423.62499999993	1.0	0.4	1
67424.52499999992	0.63	0.4	1
67426.54999999992	0.9	0.5	1
67429.47499999992	0.89	0.4	1
67430.37499999991	0.4	0.4	1
67431.2749999999	0.9	0.4	1
67433.2999999999	0.8	0.5	1
67436.2249999999	0.89	0.4	1
67440.0499999999	0.83	0.4	1
67444.7749999999	0.83	0.4	1
67450.3999999999	0.94	0.4	1
67456.9249999999	0.87	0.4	1
67464.3499999999	0.91	0.4	1
67472.6749999999	0.93	0.4	1
67482.3499999999	0.62	0.6	1
67493.1499999999	0.86	0.5	1
67505.07499999991	0.83	0.5	1
67518.12499999991	0.83	0.5	1
67532.74999999991	0.32	0.7	1
67548.49999999991	0.77	0.5	1
67564.1499999999	0.82	0.4	1
67565.0499999999	0.48	0.4	1
67566.8499999999	0.48	0.4	1
67569.7749999999	0.39	0.5	1
67572.5999999999	0.41	0.4	1
67576.5499999999	0.36	0.5	1
67581.3999999999	0.45	0.4	1
67587.1499999999	0.45	0.4	1
67593.7999999999	0.5	0.4	1
67601.3499999999	0.47	0.4	1
67609.7999999999	0.45	0.4	1
67619.1499999999	0.54	0.4	1
67629.3999999999	0.5	0.4	1
67639.5499999999	0.56	0.4	1
67651.2749999999	0.29	0.7	1
67663.8999999999	0.5	0.4	1
67677.4249999999	0.54	0.4	1
67691.8499999999	0.48	0.4	1
67707.1749999999	0.54	0.4	1
67723.3999999999	0.56	0.4	1
67740.5249999999	0.54	0.4	1
67758.5499999999	0.51	0.4	1
67777.4749999999	0.59	0.4	1
67797.2999999999	0.55	0.4	1
67818.0249999999	0.58	0.4	1
67839.6499999999	0.64	0.4	1
67862.1749999999	0.56	0.4	1
67885.5999999999	0.62	0.4	1
67908.9249999999	0.51	0.4	1
67933.5999999999	0.28	0.6	1
67959.1749999999	0.4	0.4	1
67985.6499999999	0.5	0.4	1
68013.0249999999	0.55	0.4	1
68041.2999999999	0.57	0.4	1
68070.4749999999	0.44	0.4	1
68100.7749999999	0.46	0.5	1
68131.9749999999	0.49	0.4	1
68164.07499999991	0.53	0.4	1
68197.07499999991	0.49	0.4	1
68230.9749999999	0.48	0.4	1
68265.7749999999	0.54	0.4	1
68301.4749999999	0.41	0.4	1
68338.2999999999	0.35	0.5	1
68376.0249999999	0.53	0.4	1
68414.6499999999	0.46	0.4	1
68454.1749999999	0.5	0.4	1
68494.5999999999	0.47	0.4	1
68535.9249999999	0.49	0.4	1
68578.1499999999	0.53	0.4	1
68621.2749999999	0.48	0.4	1
68665.2999999999	0.42	0.4	1
68710.2249999999	0.53	0.4	1
68756.0499999999	0.46	0.4	1
68802.7749999999	0.44	0.4	1
68850.3999999999	0.56	0.4	1
68898.9249999999	0.48	0.4	1
68948.3499999999	0.47	0.4	1
68998.6749999999	0.59	0.4	1
69049.8999999999	0.52	0.4	1
69102.0249999999	0.55	0.4	1
69154.0499999999	0.47	0.4	1
69206.9749999999	0.45	0.4	1
69260.7999999999	0.53	0.4	1
69315.5249999999	0.51	0.4	1
69371.1499999999	0.6	0.4	1
69427.6749999999	0.5	0.4	1
69485.0999999999	0.56	0.4	1
69543.4249999999	0.54	0.4	1
69602.6499999999	0.41	0.4	1
69662.99999999991	0.39	0.5	1
69724.47499999992	0.44	0.5	1
69786.84999999992	0.43	0.4	1
69850.34999999992	0.43	0.5	1
69914.97499999992	0.45	0.5	1
69980.49999999991	0.48	0.4	1
70046.92499999992	0.49	0.4	1
70114.47499999992	0.4	0.5	1
70182.92499999992	0.51	0.4	1
70252.27499999992	0.55	0.4	1
70322.52499999992	0.55	0.4	1
70393.67499999992	0.57	0.4	1
70465.72499999992	0.54	0.4	1
70538.67499999992	0.49	0.4	1
70612.52499999992	0.43	0.4	1
70687.27499999992	0.53	0.4	1
70762.92499999992	0.56	0.4	1
70838.47499999992	0.41	0.4	1
70915.59999999992	0.22	0.7	1
70993.62499999991	0.52	0.4	1
71072.54999999992	0.46	0.4	1
71152.37499999991	0.44	0.4	1
71233.09999999992	0.42	0.4	1
71314.72499999992	0.47	0.4	1
71397.24999999991	0.46	0.4	1
71454.67499999992	0.34	0.4	1
71455.79999999992	0.1	0.5	1
71456.69999999991	0.75	0.4	1
71457.82499999991	0.47	0.5	1
71460.5249999999	0.4	0.7	1
71464.7999999999	0.4	0.7	1
71470.1999999999	0.49	0.5	1
71476.72499999989	0.53	0.5	1
71484.8249999999	0.42	0.7	1
71493.8249999999	0.6	0.4	1
71503.1749999999	0.37	0.6	1
71513.4249999999	0.57	0.4	1
71524.7999999999	0.36	0.5	1
71537.2999999999	0.39	0.5	1
71551.3749999999	0.36	0.7	1
71566.7999999999	0.39	0.6	1
71583.5749999999	0.36	0.6	1
71601.2499999999	0.5	0.4	1
71620.0499999999	0.42	0.5	1
71639.7499999999	0.53	0.4	1
71661.02499999989	0.3	0.7	1
71683.64999999989	0.35	0.6	1
71707.17499999989	0.56	0.4	1
71731.82499999988	0.45	0.5	1
71757.37499999988	0.54	0.4	1
71784.27499999988	0.43	0.6	1
71812.29999999987	0.48	0.5	1
71841.22499999987	0.51	0.4	1
71871.04999999987	0.49	0.4	1
71901.99999999987	0.46	0.5	1
71934.07499999987	0.42	0.5	1
71967.04999999987	0.53	0.4	1
72001.14999999988	0.46	0.5	1
72036.82499999988	0.38	0.7	1
72073.84999999987	0.42	0.6	1
72111.77499999988	0.48	0.4	1
72150.59999999987	0.53	0.4	1
72190.32499999988	0.48	0.4	1
72230.94999999988	0.51	0.4	1
72272.69999999988	0.4	0.5	1
72315.57499999988	0.46	0.5	1
72359.34999999987	0.58	0.4	1
72404.02499999988	0.6	0.4	1
72449.82499999988	0.39	0.5	1
72496.74999999988	0.45	0.5	1
72544.79999999989	0.44	0.5	1
72593.74999999988	0.54	0.4	1
72643.59999999989	0.52	0.4	1
72694.34999999989	0.57	0.4	1
72746.22499999989	0.37	0.5	1
72798.99999999988	0.6	0.4	1
72853.34999999989	0.36	0.7	1
72908.8249999999	0.51	0.5	1
72965.1999999999	0.52	0.4	1
73022.47499999989	0.54	0.4	1
73080.64999999989	0.61	0.4	1
73139.9499999999	0.45	0.5	1
73200.14999999989	0.56	0.4	1
73261.2499999999	0.51	0.4	1
73323.6999999999	0.36	0.6	1
73387.0499999999	0.53	0.4	1
73451.2999999999	0.48	0.4	1
73516.4499999999	0.55	0.4	1
73582.4999999999	0.5	0.4	1
73649.6749999999	0.39	0.5	1
73717.1999999999	0.39	0.6	1
73785.6249999999	0.5	0.4	1
73855.39999999989	0.41	0.6	1
73926.29999999989	0.46	0.5	1
73998.32499999988	0.37	0.5	1
74071.92499999989	0.37	0.7	1
74147.09999999989	0.35	0.7	1
74223.62499999988	0.34	0.6	1
74301.04999999989	0.65	0.4	1
74379.37499999988	0.59	0.4	1
74458.82499999988	0.46	0.5	1
74539.17499999989	0.61	0.4	1
74620.87499999988	0.43	0.6	1
74703.69999999988	0.43	0.5	1
74787.64999999988	0.55	0.5	1
74872.94999999988	0.36	0.6	1
74959.59999999987	0.4	0.6	1
75047.82499999988	0.38	0.7	1
75137.17499999989	0.46	0.5	1
75227.42499999989	0.6	0.4	1
75318.57499999988	0.51	0.4	1
75411.07499999988	0.44	0.6	1
75504.47499999987	0.51	0.4	1
75598.99999999987	0.42	0.5	1
75694.42499999987	0.5	0.4	1
75790.97499999987	0.5	0.5	1
75888.87499999987	0.39	0.6	1
75987.89999999986	0.45	0.5	1
76087.82499999987	0.57	0.4	1
76188.64999999986	0.54	0.4	1
76289.59999999986	0.4	0.5	1
76391.67499999986	0.44	0.5	1
76495.09999999986	0.36	0.6	1
76599.64999999986	0.5	0.5	1
76705.54999999986	0.39	0.6	1
76812.57499999985	0.51	0.5	1
76920.94999999985	0.43	0.6	1
77030.89999999985	0.37	0.7	1
77142.19999999985	0.41	0.6	1
77255.07499999985	0.38	0.7	1
77369.29999999986	0.42	0.6	1
77484.42499999986	0.51	0.4	1
77600.67499999986	0.51	0.5	1
77718.04999999986	0.43	0.5	1
77836.54999999986	0.43	0.5	1
77956.39999999986	0.38	0.6	1
78077.14999999986	0.53	0.4	1
78199.02499999986	0.43	0.5	1
78321.79999999986	0.5	0.4	1
78445.47499999986	0.43	0.4	1
78570.04999999986	0.57	0.4	1
78696.19999999985	0.33	0.7	1
78823.47499999985	0.48	0.5	1
78951.87499999984	0.38	0.5	1
79081.39999999983	0.48	0.5	1
79212.27499999983	0.33	0.6	1
79344.49999999984	0.37	0.6	1
79477.84999999985	0.43	0.5	1
79612.32499999985	0.47	0.5	1
79747.92499999986	0.45	0.5	1
79884.64999999986	0.48	0.5	1
80022.27499999986	0.51	0.4	1
80160.79999999986	0.51	0.4	1
80300.22499999986	0.54	0.4	1
80441.22499999986	0.4	0.7	1
80583.57499999987	0.44	0.6	1
80726.82499999987	0.67	0.4	1
80871.42499999987	0.37	0.6	1
81017.59999999987	0.33	0.7	1
81164.89999999988	0.44	0.5	1
81313.54999999987	0.43	0.6	1
81463.09999999987	0.52	0.4	1
81613.54999999987	0.52	0.4	1
81765.12499999987	0.46	0.5	1
81917.59999999987	0.6	0.4	1
82071.42499999987	0.42	0.6	1
82226.14999999988	0.56	0.4	1
82382.22499999987	0.48	0.6	1
82539.19999999988	0.46	0.4	1
82697.52499999988	0.36	0.6	1
82856.74999999988	0.55	0.4	1
83017.54999999989	0.37	0.7	1
83179.24999999988	0.52	0.4	1
83342.29999999989	0.39	0.6	1
83506.24999999988	0.59	0.4	1
83671.54999999989	0.35	0.6	1
83837.74999999988	0.58	0.4	1
84004.84999999989	0.55	0.4	1
84172.84999999989	0.49	0.4	1
84341.97499999989	0.5	0.5	1
84511.99999999988	0.5	0.4	1
84683.14999999988	0.51	0.5	1
84855.87499999988	0.38	0.7	1
85029.94999999988	0.36	0.6	1
85205.37499999988	0.35	0.6	1
85381.92499999989	0.43	0.5	1
85559.59999999989	0.47	0.5	1
85738.62499999988	0.37	0.6	1
85918.99999999988	0.35	0.6	1
86100.49999999988	0.43	0.5	1
86282.89999999988	0.56	0.4	1
86466.64999999988	0.35	0.6	1
86651.52499999988	0.47	0.5	1
86837.29999999987	0.5	0.4	1
87023.97499999987	0.56	0.4	1
87211.54999999987	0.56	0.4	1
87400.24999999987	0.44	0.5	1
87590.07499999987	0.41	0.5	1
87781.02499999986	0.5	0.5	1
87973.09999999986	0.45	0.5	1
88166.52499999986	0.41	0.6	1
88360.84999999986	0.53	0.4	1
88556.29999999986	0.49	0.5	1
88752.87499999985	0.37	0.5	1
88950.34999999986	0.55	0.4	1
89149.17499999986	0.4	0.6	1
89348.89999999986	0.46	0.4	1
89549.52499999986	0.57	0.4	1
89751.04999999986	0.52	0.4	1
89953.47499999986	0.49	0.4	1
90157.24999999985	0.4	0.6	1
90362.14999999985	0.49	0.5	1
90568.62499999985	0.33	0.7	1
90776.67499999986	0.4	0.7	1
90985.62499999985	0.55	0.4	1
91195.92499999986	0.38	0.6	1
91407.12499999985	0.47	0.4	1
91619.44999999985	0.43	0.5	1
91832.67499999986	0.57	0.4	1
92047.24999999985	0.36	0.6	1
92262.72499999986	0.51	0.4	1
92479.54999999986	0.4	0.6	1
92697.94999999985	0.35	0.7	1
92917.47499999985	0.46	0.5	1
93138.34999999985	0.38	0.6	1
93360.34999999985	0.44	0.5	1
93583.92499999984	0.33	0.7	1
93808.62499999984	0.49	0.5	1
94034.44999999984	0.45	0.5	1
94261.17499999984	0.51	0.4	1
94488.79999999984	0.54	0.4	1
94717.32499999984	0.49	0.4	1
94946.97499999983	0.49	0.5	1
95177.52499999983	0.57	0.4	1
95408.97499999983	0.51	0.4	1
95641.77499999983	0.46	0.6	1
95875.47499999983	0.43	0.4	1
96110.29999999983	0.44	0.5	1
96346.24999999983	0.43	0.5	1
96583.77499999982	0.33	0.7	1
96822.64999999982	0.36	0.6	1
97062.64999999982	0.5	0.5	1
97304.22499999982	0.38	0.7	1
97546.92499999981	0.45	0.5	1
97791.19999999981	0.35	0.7	1
98036.5999999998	0.47	0.5	1
98283.3499999998	0.4	0.6	1
98531.2249999998	0.49	0.5	1
98779.9999999998	0.52	0.4	1
99030.1249999998	0.41	0.6	1
99281.3749999998	0.41	0.5	1
99533.7499999998	0.44	0.5	1
99787.2499999998	0.44	0.5	1
100042.0999999998	0.41	0.6	1
100297.8499999998	0.57	0.4	1
100554.7249999998	0.45	0.5	1
100812.94999999981	0.37	0.6	1
101072.07499999981	0.53	0.4	1
101332.0999999998	0.51	0.4	1
101593.2499999998	0.43	0.5	1
101855.2999999998	0.46	0.4	1
102118.4749999998	0.46	0.5	1
102382.5499999998	0.51	0.4	1
102647.5249999998	0.51	0.4	1
102913.62499999981	0.47	0.5	1
103180.62499999981	0.49	0.4	1
103448.97499999982	0.37	0.6	1
103718.44999999982	0.48	0.5	1
103988.82499999982	0.5	0.4	1
104260.09999999982	0.45	0.4	1
104532.27499999982	0.5	0.4	1
104805.57499999982	0.56	0.5	1
105080.22499999982	0.37	0.6	1
105356.22499999982	0.42	0.6	1
105633.12499999981	0.6	0.4	1
105910.92499999981	0.51	0.4	1
106189.84999999982	0.34	0.5	1
106469.67499999981	0.55	0.4	1
106750.84999999982	0.43	0.6	1
107033.14999999982	0.41	0.5	1
107316.34999999982	0.58	0.4	1
107601.12499999981	0.3	0.7	1
107887.0249999998	0.43	0.5	1
108174.0499999998	0.46	0.5	1
108462.1999999998	0.45	0.5	1
108751.47499999979	0.5	0.5	1
109042.3249999998	0.34	0.7	1
109334.2999999998	0.41	0.5	1
109627.6249999998	0.39	0.6	1
109922.52499999979	0.35	0.7	1
110218.54999999978	0.43	0.5	1
110515.69999999978	0.55	0.5	1
110814.19999999978	0.4	0.6	1
111113.82499999978	0.47	0.5	1
111414.57499999978	0.46	0.5	1
111716.22499999977	0.67	0.4	1
112019.44999999978	0.32	0.7	1
112323.57499999978	0.58	0.4	1
112628.59999999977	0.51	0.4	1
112934.52499999978	0.54	0.4	1
113241.34999999977	0.51	0.4	1
113549.07499999978	0.52	0.4	1
113857.69999999978	0.56	0.4	1
114167.22499999977	0.5	0.4	1
114477.87499999977	0.51	0.5	1
114789.42499999977	0.5	0.4	1
115101.87499999977	0.46	0.4	1
115415.44999999976	0.45	0.5	1
115729.92499999977	0.56	0.4	1
116045.29999999977	0.49	0.4	1
116361.57499999976	0.45	0.4	1
116678.97499999976	0.36	0.5	1
116997.49999999975	0.44	0.5	1
117317.37499999975	0.45	0.6	1
117638.82499999975	0.37	0.7	1
117961.62499999975	0.37	0.6	1
118285.54999999976	0.44	0.5	1
118610.37499999975	0.54	0.4	1
118936.32499999975	0.46	0.5	1
119263.17499999976	0.57	0.4	1
119590.92499999976	0.57	0.4	1
119919.57499999975	0.45	0.4	1
120249.12499999975	0.54	0.4	1
120580.02499999975	0.39	0.6	1
120911.82499999975	0.48	0.4	1
121244.74999999975	0.4	0.5	1
121579.24999999975	0.36	0.7	1
121914.87499999975	0.45	0.5	1
122251.39999999975	0.63	0.4	1
122588.82499999975	0.58	0.4	1
122927.37499999975	0.51	0.5	1
123267.49999999975	0.35	0.7	1
123608.52499999975	0.44	0.4	1
123950.67499999974	0.42	0.5	1
124293.94999999974	0.46	0.5	1
124638.34999999973	0.47	0.5	1
124983.64999999973	0.54	0.4	1
125330.07499999974	0.42	0.5	1
125677.62499999974	0.5	0.5	1
126026.29999999974	0.5	0.5	1
126375.87499999974	0.58	0.4	1
126727.02499999973	0.29	0.7	1
127079.07499999974	0.53	0.4	1
127432.24999999974	0.4	0.5	1
127786.32499999974	0.5	0.4	1
128141.52499999973	0.46	0.5	1
128497.62499999974	0.66	0.4	1
128854.84999999974	0.48	0.5	1
129213.19999999975	0.42	0.5	1
129572.44999999975	0.51	0.4	1
129933.04999999976	0.46	0.6	1
130294.54999999976	0.53	0.4	1
130657.39999999976	0.43	0.6	1
131021.14999999976	0.48	0.4	1
131386.24999999977	0.4	0.6	1
131751.92499999976	0.33	0.7	1
132118.72499999974	0.41	0.5	1
132486.87499999974	0.38	0.6	1
132855.92499999973	0.51	0.4	1
133226.09999999971	0.44	0.5	1
133597.17499999973	0.45	0.4	1
133969.82499999972	0.31	0.7	1
134343.59999999971	0.43	0.5	1
134718.2749999997	0.47	0.4	1
135094.0749999997	0.41	0.5	1
135470.7749999997	0.51	0.4	1
135848.8249999997	0.44	0.6	1
136227.7749999997	0.5	0.4	1
136607.6249999997	0.5	0.4	1
136988.3749999997	0.53	0.4	1
137370.2499999997	0.4	0.5	1
137753.2499999997	0.4	0.5	1
138137.1499999997	0.49	0.4	1
138521.9499999997	0.55	0.4	1
138907.87499999968	0.39	0.5	1
139294.92499999967	0.42	0.5	1
139683.09999999966	0.44	0.5	1
140072.62499999965	0.38	0.6	1
140463.04999999964	0.46	0.4	1
140854.37499999965	0.51	0.4	1
141246.82499999966	0.41	0.5	1
141640.17499999967	0.44	0.4	1
142034.87499999968	0.4	0.6	1
142430.6999999997	0.46	0.5	1
142827.6499999997	0.44	0.5	1
143225.72499999971	0.43	0.5	1
143624.92499999973	0.4	0.5	1
144025.24999999974	0.43	0.5	1
144426.69999999975	0.46	0.5	1
144829.04999999976	0.44	0.4	1
145232.29999999976	0.52	0.4	1
145635.44999999975	0.58	0.4	1
146039.49999999974	0.47	0.4	1
146444.89999999973	0.46	0.6	1
146851.19999999972	0.51	0.4	1
147258.39999999973	0.45	0.4	1
147667.17499999973	0.32	0.7	1
148077.29999999973	0.38	0.6	1
148488.99999999974	0.35	0.7	1
148901.59999999974	0.59	0.4	1
149315.54999999976	0.43	0.6	1
149730.62499999977	0.37	0.5	1
150146.59999999977	0.53	0.4	1
150563.69999999978	0.44	0.5	1
150981.92499999978	0.51	0.5	1
151401.4999999998	0.4	0.6	1
151822.1999999998	0.51	0.5	1
152244.02499999982	0.48	0.5	1
152666.74999999983	0.49	0.4	1
153090.82499999984	0.4	0.6	1
153515.79999999984	0.48	0.4	1
153941.89999999985	0.43	0.5	1
154369.57499999984	0.35	0.7	1
154798.59999999983	0.39	0.6	1
155228.74999999983	0.46	0.5	1
155660.02499999982	0.53	0.5	1
156092.4249999998	0.45	0.5	1
156525.9499999998	0.43	0.5	1
156960.3749999998	0.7	0.4	1
157396.3749999998	0.34	0.7	1
157833.2749999998	0.5	0.4	1
158271.7499999998	0.37	0.7	1
158711.79999999978	0.38	0.7	1
159152.97499999977	0.5	0.5	1
159595.27499999976	0.48	0.5	1
160038.47499999977	0.57	0.4	1
160483.24999999977	0.34	0.7	1
160929.37499999977	0.39	0.6	1
161376.39999999976	0.52	0.4	1
161824.77499999976	0.37	0.6	1
162274.27499999976	0.54	0.5	1
162725.12499999977	0.38	0.6	1
163177.32499999978	0.41	0.6	1
163630.42499999978	0.55	0.4	1
164084.8749999998	0.41	0.6	1
164540.67499999978	0.39	0.6	1
164997.59999999977	0.45	0.5	1
165455.64999999976	0.51	0.5	1
165914.59999999977	0.45	0.4	1
166374.44999999978	0.41	0.4	1
166835.19999999978	0.46	0.4	1
167297.29999999978	0.45	0.6	1
167760.5249999998	0.45	0.5	1
168225.0999999998	0.42	0.6	1
168690.5749999998	0.68	0.4	1
169156.9499999998	0.48	0.4	1
169624.6749999998	0.39	0.6	1
170093.9749999998	0.38	0.7	1
170564.6249999998	0.46	0.6	1
171036.17499999978	0.56	0.4	1
171508.84999999977	0.42	0.5	1
171982.42499999978	0.51	0.4	1
172457.1249999998	0.48	0.5	1
172933.17499999978	0.36	0.6	1
173410.34999999977	0.44	0.5	1
173888.87499999977	0.42	0.6	1
174368.74999999977	0.44	0.6	1
174849.74999999977	0.46	0.5	1
175331.87499999977	0.46	0.5	1
175815.34999999977	0.39	0.6	1
176300.39999999976	0.35	0.7	1
176786.79999999976	0.39	0.6	1
177274.54999999976	0.39	0.6	1
177763.19999999975	0.59	0.4	1
178253.19999999975	0.4	0.6	1
178744.09999999974	0.63	0.4	1
179236.34999999974	0.44	0.6	1
179729.72499999974	0.38	0.5	1
180223.99999999974	0.47	0.4	1
180719.39999999973	0.42	0.5	1
181215.69999999972	0.51	0.4	1
181713.57499999972	0.34	0.7	1
182212.57499999972	0.41	0.5	1
182713.14999999973	0.33	0.7	1
183214.84999999974	0.46	0.5	1
183718.12499999974	0.43	0.7	1
184222.29999999973	0.52	0.4	1
184727.82499999972	0.41	0.6	1
185234.92499999973	0.32	0.7	1
185742.92499999973	0.61	0.4	1
186251.82499999972	0.53	0.4	1
186761.84999999971	0.53	0.5	1
187273.22499999971	0.42	0.6	1
187785.72499999971	0.37	0.5	1
188299.57499999972	0.43	0.6	1
188814.32499999972	0.44	0.4	1
189329.97499999971	0.56	0.4	1
189846.5249999997	0.45	0.4	1
190364.4249999997	0.43	0.6	1
190883.2249999997	0.46	0.4	1
191402.9249999997	0.56	0.4	1
191923.7499999997	0.46	0.5	1
192445.47499999971	0.53	0.4	1
192968.09999999971	0.6	0.4	1
193491.6249999997	0.53	0.4	1
194016.4999999997	0.45	0.6	1
194542.4999999997	0.51	0.5	1
195069.6249999997	0.49	0.5	1
195598.09999999971	0.4	0.6	1
196127.92499999973	0.36	0.6	1
196658.64999999973	0.56	0.4	1
197190.49999999974	0.43	0.5	1
197723.69999999975	0.36	0.6	1
198257.79999999976	0.55	0.4	1
198793.02499999976	0.46	0.5	1
199329.59999999977	0.39	0.6	1
199867.52499999976	0.39	0.6	1
200407.02499999976	0.36	0.7	1
200947.42499999976	0.55	0.4	1
201488.94999999975	0.43	0.5	1
202032.04999999976	0.36	0.7	1
202576.49999999977	0.43	0.6	1
203122.29999999976	0.47	0.6	1
203668.99999999977	0.56	0.4	1
204216.59999999977	0.47	0.4	1
204765.77499999976	0.36	0.7	1
205316.07499999975	0.54	0.5	1
205867.94999999975	0.38	0.7	1
206421.17499999976	0.38	0.6	1
206975.74999999977	0.39	0.6	1
207531.44999999978	0.44	0.5	1
208088.72499999977	0.38	0.7	1
208647.12499999977	0.47	0.5	1
209206.87499999977	0.4	0.6	1
209767.74999999977	0.49	0.5	1
210330.19999999978	0.36	0.7	1
210893.99999999977	0.4	0.6	1
211458.92499999976	0.49	0.5	1
212025.19999999975	0.43	0.6	1
212592.82499999975	0.43	0.6	1
213161.57499999975	0.56	0.5	1
213731.22499999974	0.53	0.4	1
214301.99999999974	0.4	0.5	1
214873.89999999973	0.52	0.5	1
215446.69999999972	0.55	0.4	1
216020.6249999997	0.43	0.5	1
216595.8999999997	0.45	0.6	1
217172.7499999997	0.38	0.7	1
217750.4999999997	0.55	0.4	1
218329.3749999997	0.43	0.5	1
218909.59999999971	0.38	0.6	1
219491.17499999973	0.37	0.6	1
220073.64999999973	0.62	0.4	1
220657.24999999974	0.42	0.5	1
221241.74999999974	0.48	0.4	1
221827.82499999975	0.36	0.7	1
222414.79999999976	0.61	0.4	1
223003.34999999974	0.35	0.7	1
223593.47499999974	0.36	0.7	1
224184.72499999974	0.41	0.5	1
224777.32499999975	0.43	0.6	1
225371.27499999976	0.45	0.6	1
225966.79999999976	0.33	0.7	1
226563.22499999974	0.54	0.4	1
227160.54999999976	0.44	0.4	1
227758.77499999976	0.51	0.4	1
228358.34999999977	0.41	0.6	1
228959.27499999976	0.46	0.6	1
229561.09999999977	0.55	0.4	1
230164.04999999978	0.44	0.5	1
230768.57499999978	0.37	0.7	1
231374.44999999978	0.39	0.6	1
231981.22499999977	0.59	0.4	1
232589.12499999977	0.47	0.5	1
233198.14999999976	0.5	0.5	1
233808.74999999977	0.38	0.7	1
234420.69999999978	0.43	0.6	1
235033.54999999978	0.56	0.4	1
235647.97499999977	0.36	0.7	1
236263.52499999976	0.46	0.5	1
236879.97499999977	0.53	0.4	1
237497.32499999978	0.51	0.4	1
238116.24999999977	0.36	0.7	1
238736.07499999978	0.51	0.4	1
239356.79999999978	0.57	0.4	1
239978.42499999978	0.54	0.4	1
240600.94999999978	0.55	0.4	1
241224.37499999977	0.58	0.4	1
241848.69999999978	0.54	0.4	1
242474.1499999998	0.4	0.5	1
243100.4999999998	0.48	0.4	1
243728.1999999998	0.39	0.6	1
244356.7999999998	0.58	0.4	1
244986.2999999998	0.54	0.4	1
245617.14999999982	0.38	0.6	1
246248.89999999982	0.52	0.4	1
246881.99999999983	0.43	0.6	1
247516.22499999983	0.56	0.5	1
248151.79999999984	0.4	0.6	1
248788.72499999983	0.51	0.6	1
249426.77499999982	0.49	0.5	1
250065.72499999983	0.59	0.4	1
250705.79999999984	0.49	0.5	1
251347.22499999983	0.4	0.6	1
251989.99999999983	0.49	0.6	1
252633.6749999998	0.52	0.4	1
253278.24999999983	0.58	0.4	1
253924.1749999998	0.41	0.6	1
254570.99999999983	0.59	0.4	1
255218.72499999983	0.57	0.4	1
255867.34999999983	0.57	0.4	1
256516.32499999984	0.45	0.6	1
257166.87499999983	0.35	0.7	1
257818.5499999998	0.38	0.5	1
258471.3499999998	0.44	0.5	1
259125.2749999998	0.39	0.5	1
259780.54999999978	0.33	0.6	1
260436.72499999977	0.42	0.4	1
261094.24999999977	0.41	0.6	1
261752.67499999976	0.53	0.4	1
262412.22499999974	0.44	0.5	1
263072.89999999973	0.53	0.5	1
263734.47499999974	0.5	0.4	1
264396.9499999997	0.46	0.4	1
265060.77499999973	0.42	0.6	1
265725.9499999997	0.39	0.6	1
266392.2499999997	0.46	0.5	1
267059.6749999997	0.45	0.5	1
267728.2249999997	0.43	0.5	1
268397.8999999997	0.37	0.5	1
269069.1499999997	0.33	0.7	1
269741.2999999997	0.52	0.4	1
270414.3499999997	0.5	0.4	1
271088.5249999997	0.37	0.5	1
271763.82499999966	0.39	0.5	1
272440.0249999997	0.49	0.4	1
273117.12499999965	0.55	0.4	1
273795.3499999996	0.47	0.5	1
274474.4749999996	0.57	0.4	1
275154.7249999996	0.5	0.5	1
275836.0999999996	0.46	0.5	1
276518.37499999965	0.66	0.4	1
277201.99999999965	0.38	0.6	1
277887.19999999966	0.41	0.7	1
278573.29999999964	0.55	0.4	1
279260.5249999996	0.4	0.5	1
279948.6499999996	0.5	0.4	1
280638.3499999996	0.38	0.7	1
281329.17499999964	0.41	0.5	1
282020.8999999996	0.56	0.4	1
282713.7499999996	0.46	0.5	1
283407.72499999957	0.39	0.5	1
284103.0499999996	0.39	0.6	1
284799.9499999996	0.39	0.7	1
285497.7499999996	0.45	0.4	1
286196.4499999996	0.54	0.4	1
286896.2749999996	0.45	0.5	1
287597.67499999964	0.33	0.7	1
288299.9749999996	0.58	0.4	1
289003.62499999965	0.34	0.6	1
289708.3999999997	0.53	0.5	1
290414.5249999997	0.43	0.6	1
291121.7749999997	0.42	0.5	1
291829.9249999997	0.55	0.4	1
292539.1999999997	0.37	0.5	1
293249.59999999974	0.46	0.5	1
293961.12499999977	0.38	0.5	1
294673.7749999998	0.47	0.5	1
295387.7749999998	0.42	0.6	1
296103.3499999998	0.34	0.7	1
296820.0499999998	0.45	0.5	1
297537.6499999998	0.53	0.4	1
298256.1499999998	0.49	0.4	1
298975.99999999977	0.37	0.6	1
299696.74999999977	0.52	0.4	1
300418.62499999977	0.43	0.5	1
301141.3999999998	0.55	0.4	1
301865.5249999998	0.38	0.6	1
302590.5499999998	0.53	0.4	1
303316.69999999984	0.51	0.5	1
304044.19999999984	0.39	0.6	1
304772.82499999984	0.47	0.5	1
305502.57499999984	0.45	0.5	1
306233.44999999984	0.55	0.5	1
306965.22499999986	0.53	0.4	1
307697.89999999985	0.58	0.4	1
308431.69999999984	0.39	0.5	1
309166.39999999985	0.45	0.4	1
309902.22499999986	0.42	0.5	1
310639.1749999999	0.37	0.5	1
311377.47499999986	0.41	0.6	1
312116.89999999985	0.44	0.5	1
312857.6749999999	0.43	0.6	1
313599.7999999999	0.33	0.6	1
314343.0499999999	0.55	0.5	1
315087.64999999985	0.46	0.6	1
315833.14999999985	0.56	0.4	1
316579.77499999985	0.44	0.5	1
317327.52499999985	0.42	0.5	1
318076.39999999985	0.42	0.5	1
318826.1749999999	0.5	0.4	1
319576.84999999986	0.54	0.4	1
320329.09999999986	0.36	0.7	1
321082.47499999986	0.44	0.5	1
321836.7499999999	0.57	0.4	1
322591.9249999999	0.58	0.4	1
323348.6749999999	0.37	0.7	1
324106.77499999985	0.38	0.6	1
324865.9999999998	0.52	0.5	1
325626.1249999998	0.58	0.4	1
326387.3749999998	0.43	0.5	1
327149.7499999998	0.48	0.5	1
327913.2499999998	0.48	0.5	1
328677.8749999998	0.46	0.5	1
329444.07499999984	0.38	0.7	1
330211.84999999986	0.38	0.7	1
330980.52499999985	0.47	0.4	1
331750.09999999986	0.57	0.4	1
332520.57499999984	0.44	0.4	1
333292.1749999998	0.54	0.5	1
334065.1249999998	0.36	0.6	1
334838.9749999998	0.48	0.4	1
335614.1749999998	0.38	0.6	1
336390.2749999998	0.54	0.4	1
337167.2749999998	0.59	0.4	1
337945.1749999998	0.5	0.4	1
338724.19999999984	0.4	0.5	1
339504.1249999998	0.49	0.4	1
340285.39999999985	0.41	0.6	1
341067.57499999984	0.45	0.4	1
341850.64999999985	0.46	0.4	1
342634.84999999986	0.44	0.5	1
343419.94999999984	0.57	0.4	1
344205.94999999984	0.53	0.4	1
344993.2999999998	0.41	0.6	1
345781.9999999998	0.4	0.6	1
346572.0499999998	0.41	0.6	1
347363.2249999998	0.44	0.5	1
348155.7499999998	0.43	0.6	1
348949.1749999998	0.53	0.4	1
349743.7249999998	0.47	0.5	1
350539.6249999998	0.42	0.6	1
351336.64999999985	0.45	0.5	1
352134.7999999999	0.43	0.5	1
352934.0749999999	0.45	0.5	1
353734.2499999999	0.5	0.4	1
354535.7749999999	0.4	0.6	1
355338.6499999999	0.44	0.6	1
356142.42499999993	0.52	0.4	1
356947.54999999993	0.39	0.6	1
357754.24999999994	0.37	0.7	1
358561.8499999999	0.49	0.4	1
359370.3499999999	0.54	0.4	1
360179.9749999999	0.49	0.5	1
360990.9499999999	0.37	0.6	1
361803.0499999999	0.47	0.5	1
362616.27499999985	0.46	0.5	1
363430.6249999998	0.5	0.5	1
364246.32499999984	0.4	0.6	1
365062.9249999998	0.51	0.4	1
365880.6499999998	0.36	0.5	1
366699.7249999998	0.42	0.6	1
367519.6999999998	0.49	0.4	1
368340.79999999976	0.46	0.5	1
369163.47499999974	0.34	0.7	1
369987.04999999976	0.46	0.4	1
370811.97499999974	0.43	0.6	1
371637.79999999976	0.53	0.4	1
372464.52499999973	0.52	0.4	1
373292.14999999973	0.5	0.4	1
374121.1249999997	0.37	0.6	1
374950.9999999997	0.53	0.4	1
375781.77499999973	0.52	0.4	1
376613.4499999997	0.57	0.4	1
377446.47499999974	0.39	0.6	1
378280.39999999973	0.55	0.4	1
379115.89999999973	0.37	0.7	1
379952.29999999976	0.59	0.4	1
380789.8249999998	0.41	0.5	1
381628.6999999998	0.4	0.6	1
382468.92499999976	0.31	0.6	1
383310.49999999977	0.42	0.6	1
384152.97499999974	0.42	0.4	1
384996.34999999974	0.56	0.4	1
385841.0749999997	0.43	0.6	1
386686.6999999997	0.49	0.4	1
387533.22499999974	0.65	0.4	1
388381.3249999997	0.33	0.7	1
389230.3249999997	0.5	0.4	1
390080.22499999974	0.54	0.4	1
390931.47499999974	0.41	0.6	1
391783.84999999974	0.54	0.5	1
392637.5749999997	0.35	0.6	1
393492.1999999997	0.51	0.4	1
394348.1749999997	0.4	0.6	1
395205.2749999997	0.41	0.5	1
396063.94999999966	0.4	0.7	1
396923.9749999997	0.43	0.6	1
397785.3499999997	0.4	0.6	1
398648.2999999997	0.35	0.7	1
399512.5999999997	0.39	0.6	1
400378.2499999997	0.36	0.6	1
401245.02499999973	0.47	0.5	1
402112.6999999997	0.45	0.4	1
402981.4999999997	0.48	0.5	1
403851.4249999997	0.48	0.5	1
404722.6999999997	0.4	0.6	1
405595.09999999974	0.47	0.5	1
406468.62499999977	0.45	0.5	1
407343.2749999998	0.48	0.5	1
408219.2749999998	0.45	0.6	1
409096.1749999998	0.61	0.4	1
409972.9749999998	0.51	0.4	1
410850.6749999998	0.5	0.4	1
411729.94999999984	0.39	0.7	1
412610.1249999998	0.55	0.4	1
413491.19999999984	0.55	0.4	1
414373.84999999986	0.37	0.7	1
415257.39999999985	0.54	0.4	1
416142.07499999984	0.47	0.5	1
417027.64999999985	0.5	0.4	1
417914.34999999986	0.43	0.5	1
418801.1749999999	0.43	0.5	1
419688.89999999985	0.39	0.4	1
420577.52499999985	0.52	0.4	1
420873.72499999986	0.12	0.7	1
421134.0499999999	0.1	0.5	1
421395.4999999999	0.34	0.5	1
421450.2999999999	0.08	0.6	1
421451.4249999999	0.59	0.5	1
421453.4499999999	0.61	0.4	1
421456.5999999999	0.64	0.5	1
421460.87499999994	0.69	0.5	1
421466.04999999993	0.72	0.4	1
421472.12499999994	0.78	0.4	1
421473.24999999994	0.62	0.5	1
421475.49999999994	0.46	0.5	1
421478.87499999994	0.59	0.5	1
421483.37499999994	0.65	0.5	1
421489.2249999999	0.51	0.6	1
421496.42499999993	0.48	0.6	1
421504.5249999999	0.58	0.4	1
421512.7499999999	0.41	0.5	1
421513.8749999999	0.24	0.5	1
421516.1249999999	0.25	0.5	1
421519.4999999999	0.27	0.5	1
421520.84999999986	0.24	0.6	1
421521.7499999999	0.18	0.4	1
421522.6499999999	0.43	0.4	1
421524.2249999999	0.29	0.7	1
421527.37499999994	0.3	0.7	1
421531.87499999994	0.4	0.6	1
421537.7249999999	0.38	0.6	1
421545.1499999999	0.29	0.7	1
421554.1499999999	0.3	0.7	1
421564.2749999999	0.44	0.5	1
421575.9749999999	0.29	0.7	1
421577.3249999999	0.41	0.6	1
421579.5749999999	0.45	0.4	1
421583.1749999999	0.28	0.6	1
421587.89999999985	0.52	0.5	1
421593.52499999985	0.46	0.4	1
421600.72499999986	0.34	0.7	1
421609.27499999985	0.41	0.6	1
421618.72499999986	0.47	0.4	1
421629.7499999999	0.24	0.7	1
421641.8999999999	0.53	0.5	1
421655.17499999993	0.35	0.5	1
421669.3499999999	0.41	0.4	1
421670.4749999999	0.85	0.5	1
421671.8249999999	0.77	0.6	1
421674.7499999999	0.73	0.7	1
421675.8749999999	0.08	0.5	1
421677.4499999999	0.34	0.7	1
421680.1499999999	0.43	0.5	1
421684.42499999993	0.36	0.7	1
421689.82499999995	0.48	0.5	1
421696.57499999995	0.37	0.6	1
421704.225	0.57	0.4	1
421712.77499999997	0.55	0.4	1
421722.225	0.33	0.4	1
421733.02499999997	0.36	0.6	1
421744.94999999995	0.4	0.5	1
421758.225	0.37	0.6	1
421772.85	0.34	0.6	1
421789.05	0.31	0.7	1
421806.375	0.44	0.5	1
421824.6	0.53	0.4	1
421843.725	0.53	0.4	1
421864.19999999995	0.38	0.6	1
421885.79999999993	0.51	0.5	1
421908.74999999994	0.39	0.6	1
421932.5999999999	0.54	0.4	1
421957.79999999993	0.4	0.6	1
421984.3499999999	0.37	0.6	1
422012.0249999999	0.39	0.5	1
422040.8249999999	0.43	0.5	1
422070.7499999999	0.43	0.5	1
422101.7999999999	0.45	0.5	1
422134.4249999999	0.32	0.7	1
422168.39999999985	0.34	0.6	1
422203.94999999984	0.35	0.7	1
422241.07499999984	0.3	0.7	1
422279.32499999984	0.49	0.5	1
422318.69999999984	0.39	0.5	1
422359.4249999998	0.4	0.6	1
422401.4999999998	0.38	0.6	1
422444.69999999984	0.45	0.5	1
422445.59999999986	0.83	0.4	1
422447.6249999999	0.92	0.5	1
422450.7749999999	0.86	0.5	1
422452.3499999999	0.51	0.7	1
422455.49999999994	0.73	0.7	1
422460.2249999999	0.63	0.7	1
422461.3499999999	0.8	0.5	1
422462.92499999993	0.91	0.7	1
422466.07499999995	0.93	0.7	1
422470.57499999995	0.92	0.6	1
422476.64999999997	0.95	0.7	1
422484.3	0.96	0.7	1
422493.52499999997	0.97	0.7	1
422504.32499999995	0.98	0.7	1
422516.69999999995	0.92	0.7	1
422530.64999999997	0.84	0.7	1
422546.175	0.98	0.7	1
422563.27499999997	0.94	0.7	1
422581.725	0.94	0.6	1
422601.75	0.86	0.7	1
422623.35	0.97	0.7	1
422646.52499999997	0.93	0.7	1
422671.27499999997	0.96	0.7	1
422697.6	0.91	0.7	1
422698.725	0.44	0.5	1
422701.425	0.35	0.7	1
422705.25	0.47	0.5	1
422710.2	0.44	0.5	1
422716.275	0.48	0.5	1
422723.47500000003	0.43	0.5	1
422731.80000000005	0.51	0.5	1
422741.25000000006	0.5	0.5	1
422752.2750000001	0.33	0.7	1
422764.4250000001	0.47	0.5	1
422776.9250000001	0.37	0.6	1
422790.3250000001	0.46	0.4	1
422804.85000000015	0.47	0.5	1
422820.27500000014	0.48	0.4	1
422836.8250000001	0.38	0.5	1
422838.40000000014	0.11	0.7	1
422839.7500000001	0.66	0.6	1
422842.4500000001	0.74	0.6	1
422843.8000000001	0.74	0.6	1
422845.1500000001	0.18	0.6	1
422847.8500000001	0.17	0.6	1
422851.9000000001	0.18	0.6	1
422857.3000000001	0.17	0.6	1
422863.8250000001	0.35	0.5	1
422871.7000000001	0.15	0.6	1
422879.47500000015	0.95	0.4	1
422888.15000000014	0.56	0.4	1
422898.40000000014	0.75	0.7	1
422899.52500000014	0.72	0.5	1
422901.77500000014	0.76	0.5	1
422905.15000000014	0.76	0.5	1
422906.05000000016	0.64	0.4	1
422908.30000000016	0.34	0.6	1
422911.4500000002	0.53	0.4	1
422915.9500000002	0.43	0.6	1
422921.3500000002	0.57	0.4	1
422928.1000000002	0.35	0.6	1
422935.75000000023	0.59	0.4	1
422944.3000000002	0.61	0.4	1
422954.20000000024	0.39	0.6	1
422965.22500000027	0.38	0.5	1
422977.60000000027	0.34	0.6	1
422991.10000000027	0.39	0.5	1
423006.1750000003	0.3	0.7	1
423022.3750000003	0.38	0.5	1
423039.47500000027	0.43	0.4	1
423057.70000000024	0.5	0.5	1
423077.27500000026	0.36	0.6	1
423097.75000000023	0.46	0.4	1
423119.57500000024	0.39	0.6	1
423142.52500000026	0.45	0.5	1
423166.37500000023	0.57	0.4	1
423191.57500000024	0.35	0.6	1
423217.90000000026	0.47	0.5	1
423245.12500000023	0.47	0.4	1
423273.9250000002	0.37	0.7	1
423303.8500000002	0.51	0.5	1
423335.3500000002	0.16	0.7	1
423368.4250000002	0.36	0.7	1
423402.8500000002	0.35	0.6	1
423438.1750000002	0.52	0.4	1
423474.4000000002	0.67	0.4	1
423511.7500000002	0.47	0.5	1
423550.22500000015	0.53	0.5	1
423589.8250000001	0.44	0.5	1
423630.5500000001	0.49	0.5	1
423672.6250000001	0.3	0.6	1
423715.8250000001	0.46	0.5	1
423760.15000000014	0.49	0.5	1
423805.60000000015	0.48	0.5	1
423851.9500000001	0.59	0.4	1
423899.65000000014	0.35	0.6	1
423948.2500000001	0.6	0.4	1
423997.7500000001	0.61	0.4	1
424048.3750000001	0.4	0.5	1
424100.1250000001	0.37	0.5	1
424153.2250000001	0.37	0.6	1
424207.6750000001	0.34	0.6	1
424263.2500000001	0.41	0.5	1
424319.7250000001	0.54	0.4	1
424377.7750000001	0.29	0.7	1
424436.7250000001	0.48	0.4	1
424497.0250000001	0.34	0.6	1
424558.2250000001	0.54	0.4	1
424620.32500000007	0.62	0.4	1
424683.32500000007	0.6	0.4	1
424747.45000000007	0.51	0.5	1
424812.92500000005	0.32	0.6	1
424879.30000000005	0.58	0.4	1
424946.57500000007	0.54	0.4	1
425015.42500000005	0.28	0.7	1
425085.4	0.4	0.5	1
425156.5	0.37	0.5	1
425228.725	0.43	0.5	1
425302.07499999995	0.51	0.5	1
425376.54999999993	0.41	0.5	1
425452.5999999999	0.37	0.7	1
425529.54999999993	0.52	0.4	1
425607.3999999999	0.53	0.4	1
425686.1499999999	0.46	0.4	1
425766.2499999999	0.33	0.6	1
425847.2499999999	0.6	0.4	1
425929.59999999986	0.31	0.6	1
426012.84999999986	0.52	0.4	1
426097.44999999984	0.39	0.6	1
426183.39999999985	0.36	0.6	1
426270.47499999986	0.51	0.5	1
426359.1249999999	0.35	0.7	1
426448.8999999999	0.42	0.5	1
426539.79999999993	0.51	0.5	1
426631.82499999995	0.37	0.5	1
426724.74999999994	0.49	0.4	1
426818.79999999993	0.49	0.5	1
426913.9749999999	0.4	0.5	1
427010.2749999999	0.4	0.5	1
427106.92499999993	0.32	0.6	1
427204.69999999995	0.44	0.5	1
427304.04999999993	0.27	0.7	1
427404.5249999999	0.46	0.5	1
427506.1249999999	0.42	0.5	1
427608.84999999986	0.48	0.5	1
427713.14999999985	0.31	0.7	1
427818.7999999999	0.35	0.6	1
427925.7999999999	0.32	0.6	1
428034.3749999999	0.32	0.7	1
428144.0749999999	0.44	0.5	1
428254.6749999999	0.63	0.4	1
428366.6249999999	0.39	0.6	1
428479.6999999999	0.38	0.5	1
428593.8999999999	0.49	0.5	1
428708.9999999999	0.46	0.4	1
428825.22499999986	0.36	0.5	1
428942.7999999999	0.34	0.6	1
429061.4999999999	0.34	0.5	1
429181.09999999986	0.46	0.4	1
429301.59999999986	0.47	0.4	1
429422.9999999999	0.52	0.4	1
429545.2999999999	0.45	0.4	1
429668.4999999999	0.57	0.4	1
429792.59999999986	0.55	0.4	1
429918.0499999999	0.33	0.6	1
430044.84999999986	0.38	0.6	1
430172.5499999999	0.61	0.4	1
430301.14999999985	0.63	0.4	1
430431.09999999986	0.36	0.6	1
430562.1749999999	0.37	0.5	1
430694.59999999986	0.44	0.6	1
430828.14999999985	0.4	0.5	1
430963.0499999999	0.39	0.6	1
431099.0749999999	0.45	0.5	1
431235.9999999999	0.55	0.4	1
431374.2749999999	0.35	0.6	1
431513.67499999993	0.36	0.5	1
431654.19999999995	0.42	0.5	1
431795.85	0.46	0.5	1
431938.625	0.46	0.5	1
432082.75	0.4	0.6	1
432227.775	0.54	0.4	1
432373.92500000005	0.45	0.5	1
432520.97500000003	0.57	0.4	1
432669.15	0.47	0.5	1
432818.45	0.37	0.5	1
432968.65	0.52	0.4	1
433119.75	0.47	0.4	1
433271.75	0.47	0.4	1
433424.875	0.56	0.5	1
433579.125	0.5	0.5	1
433734.5	0.44	0.5	1
433891.45	0.33	0.7	1
434049.525	0.37	0.5	1
434208.72500000003	0.38	0.5	1
434369.275	0.33	0.6	1
434530.72500000003	0.53	0.4	1
434693.30000000005	0.47	0.5	1
434856.775	0.5	0.4	1
435021.60000000003	0.35	0.6	1
435187.55000000005	0.4	0.5	1
435355.07500000007	0.28	0.7	1
435523.50000000006	0.57	0.4	1
435693.2750000001	0.39	0.6	1
435864.1750000001	0.37	0.5	1
436036.4250000001	0.33	0.6	1
436209.5750000001	0.51	0.4	1
436383.6250000001	0.6	0.4	1
436558.8000000001	0.51	0.5	1
436735.1000000001	0.34	0.5	1
436912.3000000001	0.55	0.4	1
437090.6250000001	0.48	0.5	1
437269.8500000001	0.24	0.4	1
437450.4250000001	0.34	0.6	1
437632.1250000001	0.49	0.5	1
437814.7250000001	0.63	0.4	1
437998.2250000001	0.51	0.4	1
438182.6250000001	0.53	0.4	1
438368.15000000014	0.25	0.5	1
438555.02500000014	0.33	0.6	1
438742.80000000016	0.54	0.4	1
438931.92500000016	0.35	0.6	1
439122.17500000016	0.43	0.5	1
439313.55000000016	0.5	0.5	1
439505.8250000002	0.6	0.4	1
439699.2250000002	0.39	0.5	1
439893.75000000023	0.42	0.5	1
440089.40000000026	0.55	0.5	1
440285.95000000024	0.47	0.4	1
440483.62500000023	0.43	0.5	1
440682.20000000024	0.45	0.4	1
440881.6750000002	0.42	0.4	1
441082.0500000002	0.54	0.4	1
441283.7750000002	0.35	0.6	1
441486.6250000002	0.4	0.5	1
441690.3750000002	0.54	0.4	1
441895.0250000002	0.54	0.4	1
442101.0250000002	0.38	0.6	1
442307.9250000002	0.52	0.4	1
442515.7250000002	0.53	0.4	1
442724.6500000002	0.5	0.5	1
442935.1500000002	0.34	0.7	1
443146.5500000002	0.48	0.4	1
443359.07500000024	0.34	0.5	1
443572.72500000027	0.51	0.5	1
443787.72500000027	0.36	0.6	1
444004.07500000024	0.31	0.6	1
444221.77500000026	0.33	0.6	1
444440.60000000027	0.39	0.5	1
444661.0000000003	0.26	0.7	1
444882.3000000003	0.5	0.4	1
445104.9500000003	0.31	0.6	1
445328.9500000003	0.33	0.6	1
445554.3000000003	0.3	0.6	1
445780.77500000026	0.42	0.5	1
446008.37500000023	0.5	0.5	1
446237.1000000002	0.43	0.5	1
