1.0538	0.13	0.3	1
3.1614000000000004	0.11	0.3	1
6.322800000000001	0.12	0.3	1
10.538	0.14	0.3	1
15.807	0.15	0.3	1
22.1298	0.12	0.3	1
29.5064	0.15	0.3	1
37.5868	0.14	0.2	1
46.721	0.11	0.3	1
56.559	0.13	0.2	1
67.4508	0.13	0.3	1
74.0464	0.7	0.2	1
81.6958	0.27	0.3	1
82.3996	0.6	0.2	1
83.4534	0.46	0.3	1
85.561	0.6	0.3	1
86.26480000000001	0.25	0.2	1
86.96860000000001	0.43	0.2	1
88.37620000000001	0.43	0.2	1
90.48760000000001	0.42	0.2	1
93.30280000000002	0.43	0.2	1
96.82180000000002	0.41	0.2	1
101.04460000000003	0.46	0.2	1
101.74840000000003	0.94	0.2	1
102.45220000000003	0.72	0.2	1
104.20980000000003	0.22	0.3	1
104.91360000000003	0.99	0.2	1
105.61740000000003	0.23	0.2	1
107.37500000000003	0.2	0.3	1
109.83640000000003	0.22	0.2	1
113.00160000000002	0.2	0.2	1
116.87060000000002	0.19	0.2	1
121.79340000000002	0.2	0.3	1
127.77000000000002	0.17	0.3	1
134.45040000000003	0.18	0.2	1
142.18460000000002	0.18	0.3	1
150.6226	0.21	0.2	1
160.11440000000002	0.19	0.3	1
170.66000000000003	0.18	0.3	1
182.25940000000003	0.22	0.3	1
194.56260000000003	0.2	0.2	1
207.56960000000004	0.19	0.2	1
221.63040000000004	0.18	0.3	1
236.74500000000003	0.19	0.3	1
252.56340000000003	0.21	0.2	1
269.4356	0.17	0.3	1
287.01160000000004	0.19	0.2	1
305.29140000000007	0.21	0.2	1
324.62500000000006	0.15	0.3	1
344.66240000000005	0.18	0.2	1
365.40360000000004	0.2	0.2	1
386.84860000000003	0.18	0.2	1
409.34740000000005	0.17	0.3	1
410.4012000000001	0.38	0.3	1
412.50880000000006	0.38	0.3	1
415.32020000000006	0.45	0.2	1
418.83540000000005	0.58	0.2	1
423.05440000000004	0.41	0.2	1
428.32720000000006	0.41	0.3	1
434.3038000000001	0.45	0.2	1
440.9842000000001	0.5	0.2	1
448.3684000000001	0.42	0.2	1
456.45640000000014	0.49	0.2	1
465.24820000000017	0.44	0.2	1
474.7438000000002	0.48	0.2	1
484.9432000000002	0.46	0.2	1
495.84640000000024	0.54	0.2	1
507.4534000000002	0.53	0.2	1
519.7642000000002	0.49	0.2	1
532.7788000000002	0.43	0.2	1
546.8472000000002	0.42	0.3	1
561.9694000000002	0.4	0.3	1
577.7954000000002	0.62	0.2	1
594.3252000000002	0.52	0.2	1
611.5588000000002	0.59	0.2	1
629.4962000000003	0.49	0.2	1
648.1374000000003	0.43	0.2	1
667.8324000000003	0.42	0.3	1
688.2312000000004	0.54	0.2	1
709.3338000000005	0.46	0.2	1
731.1402000000005	0.62	0.2	1
753.6504000000006	0.65	0.2	1
776.8644000000006	0.5	0.2	1
800.7822000000006	0.52	0.2	1
825.4038000000005	0.68	0.2	1
850.7292000000004	0.64	0.2	1
876.7584000000004	0.51	0.2	1
903.4914000000003	0.54	0.2	1
930.9282000000003	0.67	0.2	1
959.0688000000002	0.53	0.2	1
987.9132000000002	0.49	0.2	1
1017.4614000000001	0.39	0.2	1
1047.7134	0.42	0.2	1
1078.6692	0.43	0.2	1
1110.6788000000001	0.44	0.3	1
1143.7422000000001	0.37	0.3	1
1177.5094000000001	0.49	0.2	1
1211.9804000000001	0.55	0.2	1
1247.1552000000001	0.65	0.2	1
1283.0338000000002	0.61	0.2	1
1319.6162000000002	0.64	0.2	1
1356.9024000000002	0.42	0.2	1
1394.8924000000002	0.44	0.2	1
1433.9362	0.35	0.3	1
1473.6838	0.58	0.2	1
1514.1352	0.59	0.2	1
1555.2903999999999	0.47	0.2	1
1597.1493999999998	0.44	0.2	1
1639.7121999999997	0.69	0.2	1
1682.9787999999996	0.58	0.2	1
1726.9491999999996	0.45	0.2	1
1771.6233999999995	0.6	0.2	1
1817.0013999999994	0.52	0.2	1
1863.0831999999994	0.54	0.2	1
1909.8687999999993	0.71	0.2	1
1957.3581999999992	0.55	0.2	1
2005.5513999999991	0.46	0.2	1
2054.4483999999993	0.56	0.2	1
2104.0491999999995	0.46	0.2	1
2154.3537999999994	0.55	0.2	1
2205.3621999999996	0.51	0.2	1
2257.0743999999995	0.55	0.2	1
2309.4903999999997	0.53	0.2	1
2362.6101999999996	0.68	0.2	1
2416.4338	0.62	0.2	1
2470.9611999999997	0.71	0.2	1
2526.1924	0.56	0.2	1
2582.1274	0.55	0.2	1
2638.7662	0.53	0.2	1
2696.1088	0.48	0.2	1
2720.1552	0.6	0.2	1
2744.9054	0.61	0.2	1
2770.3594000000003	0.5	0.2	1
2771.0632	0.27	0.2	1
2771.767	0.15	0.2	1
2772.4707999999996	0.13	0.2	1
2773.8783999999996	0.13	0.2	1
2774.9321999999997	0.92	0.3	1
2777.0397999999996	0.94	0.3	1
2780.2011999999995	0.83	0.3	1
2784.0663999999997	0.96	0.2	1
2788.9853999999996	0.81	0.3	1
2794.9581999999996	0.86	0.3	1
2801.9847999999997	0.91	0.3	1
2810.0651999999995	0.88	0.3	1
2819.1993999999995	0.94	0.3	1
2829.3873999999996	0.85	0.3	1
2840.6291999999994	0.84	0.3	1
2852.9247999999993	0.84	0.3	1
2865.9241999999995	0.95	0.2	1
2879.9773999999993	0.86	0.3	1
2895.0843999999993	0.84	0.3	1
2911.2451999999994	0.87	0.3	1
2928.1097999999993	0.93	0.2	1
2946.0281999999993	0.84	0.3	1
2965.0003999999994	0.84	0.3	1
2985.0263999999993	0.86	0.3	1
3006.1061999999993	0.85	0.3	1
3028.2397999999994	0.88	0.3	1
3051.427199999999	0.93	0.3	1
3075.318399999999	0.99	0.2	1
3099.913399999999	0.95	0.2	1
3125.212199999999	0.98	0.2	1
3151.564799999999	0.89	0.3	1
3178.971199999999	0.89	0.3	1
3207.431399999999	0.89	0.3	1
3236.5953999999992	0.91	0.2	1
3266.813199999999	0.91	0.3	1
3298.084799999999	0.8	0.3	1
3330.4101999999993	0.89	0.3	1
3363.789399999999	0.8	0.3	1
3398.222399999999	0.89	0.3	1
3433.7091999999993	0.88	0.3	1
3470.249799999999	0.8	0.3	1
3507.494199999999	0.95	0.2	1
3545.7923999999994	0.88	0.3	1
3585.144399999999	0.87	0.3	1
3625.550199999999	0.74	0.3	1
3666.6597999999994	0.98	0.2	1
3708.8231999999994	0.89	0.3	1
3752.0403999999994	0.89	0.3	1
3796.3113999999996	0.92	0.3	1
3841.6361999999995	0.86	0.3	1
3888.0147999999995	0.87	0.3	1
3935.4471999999996	0.87	0.3	1
3983.9333999999994	0.81	0.3	1
4033.4733999999994	0.81	0.3	1
4083.7171999999996	0.91	0.2	1
4135.0148	0.84	0.3	1
4187.3661999999995	0.87	0.3	1
4240.7714	0.77	0.3	1
4295.2303999999995	0.91	0.3	1
4350.3931999999995	0.91	0.2	1
4406.2598	0.94	0.2	1
4463.1802	0.91	0.3	1
4521.154399999999	0.74	0.3	1
4580.1824	0.83	0.3	1
4639.914199999999	0.98	0.2	1
4640.6179999999995	0.12	0.2	1
4641.671799999999	0.22	0.3	1
4643.779399999999	0.2	0.3	1
4646.940799999999	0.22	0.3	1
4647.6446	0.88	0.2	1
4649.052199999999	0.86	0.2	1
4649.755999999999	0.99	0.2	1
4651.513599999999	0.89	0.3	1
4654.324999999999	0.88	0.3	1
4657.840199999999	0.99	0.2	1
4662.059199999999	0.99	0.2	1
4666.981999999999	1.0	0.2	1
4672.608599999999	0.99	0.2	1
4678.9389999999985	0.95	0.2	1
4686.323199999999	0.89	0.3	1
4694.411199999999	0.97	0.2	1
4703.202999999999	0.97	0.2	1
4712.698599999999	0.94	0.2	1
4723.247999999999	0.87	0.3	1
4734.501199999999	0.99	0.2	1
4746.808199999999	0.94	0.3	1
4759.818999999999	0.97	0.2	1
4773.533599999999	1.0	0.2	1
4787.951999999998	0.98	0.2	1
4803.074199999998	0.94	0.2	1
4818.900199999998	0.99	0.2	1
4835.4299999999985	0.96	0.2	1
4852.663599999998	0.99	0.2	1
4870.950999999998	0.97	0.3	1
4889.942199999999	0.96	0.2	1
4909.987199999999	0.88	0.3	1
4930.735999999999	0.94	0.2	1
4952.188599999999	1.0	0.2	1
4974.694999999999	0.77	0.3	1
4998.255199999999	0.9	0.3	1
4998.958999999999	0.96	0.2	1
5000.3665999999985	0.87	0.2	1
5002.477999999998	0.98	0.2	1
5005.293199999998	0.86	0.2	1
5008.8121999999985	0.8	0.2	1
5009.515999999999	1.0	0.2	1
5010.923599999998	0.88	0.2	1
5013.034999999998	1.0	0.2	1
5015.850199999998	0.94	0.2	1
5019.369199999998	0.9	0.2	1
5023.591999999998	1.0	0.2	1
5028.518599999998	0.93	0.2	1
5034.148999999998	0.94	0.2	1
5040.483199999998	0.98	0.2	1
5047.521199999997	0.99	0.2	1
5055.262999999997	1.0	0.2	1
5062.708599999997	0.91	0.2	1
5070.857999999997	0.98	0.2	1
5079.711199999997	0.81	0.2	1
5089.268199999997	0.82	0.2	1
5099.528999999997	0.91	0.2	1
5110.493599999997	0.91	0.2	1
5122.161999999997	0.92	0.2	1
5134.534199999996	0.98	0.2	1
5147.610199999996	0.96	0.2	1
5161.389999999997	0.96	0.2	1
5175.873599999996	0.91	0.2	1
5191.060999999996	0.93	0.2	1
5206.952199999996	0.83	0.2	1
5223.547199999996	0.84	0.2	1
5240.845999999996	0.9	0.2	1
5258.848599999996	0.99	0.2	1
5277.554999999996	0.95	0.2	1
5296.965199999996	0.83	0.2	1
5317.079199999996	0.98	0.2	1
5337.896999999995	0.97	0.2	1
5359.418599999995	0.94	0.2	1
5381.643999999996	0.8	0.2	1
5404.573199999995	0.83	0.2	1
5428.206199999995	0.92	0.2	1
5452.542999999995	0.89	0.2	1
5477.583599999995	0.93	0.2	1
5503.327999999995	0.86	0.2	1
5529.776199999995	0.92	0.2	1
5556.928199999995	0.91	0.2	1
5584.783999999995	0.87	0.2	1
5613.343599999995	0.96	0.2	1
5642.6069999999945	0.84	0.2	1
5672.574199999995	0.95	0.2	1
5703.245199999995	0.89	0.2	1
5734.619999999994	0.82	0.2	1
5766.698599999994	0.85	0.2	1
5799.480999999994	0.96	0.2	1
5832.967199999995	0.95	0.2	1
5867.157199999994	0.98	0.2	1
5902.050999999994	0.89	0.2	1
5937.648599999994	0.84	0.2	1
5973.949999999994	0.92	0.2	1
6010.955199999994	0.93	0.2	1
6048.664199999994	0.91	0.2	1
6087.076999999994	0.93	0.2	1
6126.193599999994	0.9	0.2	1
6166.013999999994	0.94	0.2	1
6206.538199999994	0.91	0.2	1
6247.766199999994	0.94	0.2	1
6289.697999999994	0.95	0.2	1
6332.333599999994	0.95	0.2	1
6375.672999999993	0.93	0.2	1
6419.7161999999935	0.96	0.2	1
6464.463199999994	0.87	0.2	1
6509.913999999993	0.96	0.2	1
6555.068599999993	0.91	0.2	1
6600.926999999993	0.98	0.2	1
6647.489199999994	0.96	0.2	1
6694.755199999993	0.86	0.2	1
6742.724999999993	0.93	0.2	1
6791.398599999993	0.99	0.2	1
6840.7759999999935	0.92	0.2	1
6890.857199999993	0.95	0.2	1
6941.642199999993	0.89	0.2	1
6993.130999999993	0.89	0.2	1
7045.323599999993	0.87	0.2	1
7098.219999999993	0.91	0.2	1
7151.820199999993	0.93	0.2	1
7206.124199999993	0.92	0.2	1
7261.131999999993	0.86	0.2	1
7316.843599999993	0.92	0.2	1
7373.258999999993	0.91	0.2	1
7430.378199999993	0.98	0.2	1
7488.201199999993	0.92	0.2	1
7546.727999999993	0.94	0.2	1
7605.958599999993	0.98	0.2	1
7665.892999999993	1.0	0.2	1
7726.531199999993	0.91	0.2	1
7787.873199999993	0.94	0.2	1
7849.918999999993	0.87	0.2	1
7912.668599999993	0.86	0.2	1
7976.121999999993	0.93	0.2	1
8040.279199999993	0.93	0.2	1
8105.140199999993	0.91	0.2	1
8170.704999999993	0.85	0.2	1
8236.973599999992	0.93	0.2	1
8303.945999999993	0.86	0.2	1
8371.622199999993	0.96	0.2	1
8439.002199999992	0.9	0.2	1
8507.085999999992	0.94	0.2	1
8575.873599999992	0.86	0.2	1
8645.364999999993	0.85	0.2	1
8715.560199999993	1.0	0.2	1
8786.459199999992	0.94	0.2	1
8857.061999999993	0.9	0.2	1
8919.718599999993	0.95	0.3	1
8983.428999999993	0.88	0.3	1
9048.193199999992	0.91	0.3	1
9114.011199999992	0.94	0.3	1
9180.882999999993	0.88	0.3	1
9219.808599999993	0.44	0.3	1
9259.787999999993	0.39	0.3	1
9300.821199999993	0.77	0.3	1
9342.908199999993	0.41	0.3	1
9386.048999999992	0.28	0.3	1
9430.243599999993	0.41	0.3	1
9475.141999999993	0.48	0.2	1
9521.094199999992	0.37	0.3	1
9568.100199999992	0.59	0.3	1
9616.159999999993	0.78	0.3	1
9663.923599999993	0.31	0.2	1
9712.740999999993	0.55	0.3	1
9762.612199999992	0.28	0.3	1
9813.537199999992	0.39	0.3	1
9865.515999999992	0.4	0.3	1
9918.548599999993	0.37	0.3	1
9972.634999999993	0.35	0.3	1
10027.775199999993	0.31	0.3	1
10083.969199999992	0.38	0.3	1
10141.216999999991	0.37	0.3	1
10198.168599999992	0.6	0.2	1
10255.823999999991	0.47	0.2	1
10314.53319999999	0.3	0.3	1
10373.946199999991	0.39	0.2	1
10434.062999999991	0.34	0.2	1
10495.23359999999	0.31	0.3	1
10557.107999999991	0.49	0.2	1
10619.686199999991	0.28	0.2	1
10682.96819999999	0.31	0.2	1
10747.303999999991	0.41	0.3	1
10812.693599999991	0.39	0.3	1
10879.136999999992	0.27	0.3	1
10946.634199999991	0.37	0.3	1
11014.83519999999	0.32	0.2	1
11083.73999999999	0.28	0.2	1
11153.69859999999	0.28	0.3	1
11224.36099999999	0.39	0.2	1
11295.72719999999	0.35	0.2	1
11367.14719999999	0.27	0.3	1
11439.27099999999	0.42	0.2	1
11512.09859999999	0.51	0.2	1
11584.97999999999	0.31	0.3	1
11658.91519999999	0.45	0.3	1
11733.55419999999	0.45	0.2	1
11809.24699999999	0.37	0.3	1
11885.99359999999	0.35	0.3	1
11963.79399999999	0.34	0.3	1
12042.64819999999	0.3	0.3	1
12122.55619999999	0.4	0.3	1
12203.51799999999	0.39	0.3	1
12285.53359999999	0.24	0.3	1
12368.60299999999	0.29	0.3	1
12452.72619999999	0.26	0.3	1
12537.90319999999	0.37	0.3	1
12624.13399999999	0.42	0.3	1
12710.06859999999	0.31	0.2	1
12711.12239999999	0.21	0.3	1
12712.87999999999	0.23	0.2	1
12713.58379999999	0.89	0.2	1
12714.287599999989	0.39	0.2	1
12715.341399999988	0.85	0.3	1
12717.448999999988	0.82	0.3	1
12718.152799999987	0.84	0.2	1
12718.856599999986	0.21	0.2	1
12719.910399999986	0.22	0.3	1
12720.667999999987	0.25	0.2	1
12721.371799999986	0.22	0.2	1
12722.779399999987	0.63	0.2	1
12724.890799999986	0.19	0.2	1
12727.705999999986	0.21	0.2	1
12728.759799999985	0.74	0.3	1
12729.463599999985	0.61	0.2	1
12730.871199999985	0.62	0.2	1
12732.982599999985	0.55	0.2	1
12735.797799999984	0.53	0.2	1
12739.666799999985	0.53	0.3	1
12744.589599999985	0.58	0.3	1
12750.216199999984	0.71	0.2	1
12756.896599999984	0.49	0.3	1
12764.280799999984	0.61	0.2	1
12772.718799999984	0.52	0.3	1
12782.210599999984	0.5	0.3	1
12792.406199999983	0.55	0.2	1
12803.655599999984	0.64	0.3	1
12815.958799999984	0.42	0.3	1
12829.315799999984	0.52	0.3	1
12843.726599999984	0.48	0.3	1
12859.191199999983	0.61	0.3	1
12875.359599999983	0.55	0.2	1
12892.231799999983	0.62	0.2	1
12909.807799999982	0.55	0.2	1
12928.437599999983	0.5	0.3	1
12948.121199999983	0.47	0.3	1
12968.508599999983	0.61	0.2	1
12987.599799999984	0.59	0.2	1
12988.303599999983	0.97	0.2	1
12989.357399999983	0.13	0.3	1
12990.114999999983	0.34	0.2	1
12991.576399999984	0.36	0.2	1
12993.741599999983	0.34	0.2	1
12996.610599999984	0.24	0.2	1
13000.183399999984	0.56	0.2	1
13004.459999999983	0.34	0.2	1
13005.163799999982	0.42	0.2	1
13006.921399999983	0.54	0.3	1
13007.625199999982	0.66	0.2	1
13009.382799999983	0.63	0.3	1
13011.844199999983	0.7	0.2	1
13015.009399999983	0.73	0.2	1
13018.878399999983	0.75	0.2	1
13023.451199999983	0.74	0.2	1
13028.727799999982	0.76	0.2	1
13034.708199999983	0.73	0.2	1
13041.742399999983	0.63	0.3	1
13049.830399999983	0.63	0.3	1
13058.622199999983	0.78	0.2	1
13068.117799999984	0.82	0.2	1
13078.667199999983	0.59	0.3	1
13089.920399999983	0.86	0.2	1
13101.877399999983	0.78	0.2	1
13114.538199999983	0.7	0.2	1
13127.902799999983	0.97	0.2	1
13141.971199999984	0.67	0.2	1
13156.743399999983	0.65	0.2	1
13172.219399999984	0.69	0.2	1
13188.399199999983	0.68	0.2	1
13205.632799999983	0.64	0.3	1
13223.570199999984	0.73	0.2	1
13242.211399999984	0.77	0.2	1
13261.906399999983	0.56	0.3	1
13282.305199999984	0.67	0.2	1
13303.407799999984	0.68	0.2	1
13325.564199999984	0.6	0.3	1
13348.424399999984	0.69	0.2	1
13371.988399999984	0.77	0.2	1
13396.256199999983	0.65	0.2	1
13421.227799999984	0.65	0.2	1
13447.253199999985	0.6	0.3	1
13473.982399999984	0.82	0.2	1
13501.415399999985	0.7	0.2	1
13529.552199999986	0.71	0.2	1
13558.392799999985	0.78	0.2	1
13587.937199999986	0.97	0.2	1
13618.185399999986	0.78	0.2	1
13649.487399999985	0.65	0.3	1
13650.541199999985	0.67	0.3	1
13652.648799999984	0.72	0.3	1
13655.460199999985	0.68	0.2	1
13659.325399999985	0.55	0.3	1
13664.244399999985	0.65	0.3	1
13669.867199999984	0.53	0.2	1
13676.543799999985	0.64	0.3	1
13684.274199999985	0.66	0.3	1
13692.708399999985	0.73	0.2	1
13702.196399999984	0.61	0.3	1
13712.738199999985	0.68	0.3	1
13723.983799999985	0.74	0.2	1
13735.933199999985	0.78	0.2	1
13748.936399999984	0.61	0.3	1
13762.643399999984	0.69	0.2	1
13777.054199999984	0.68	0.2	1
13792.518799999983	0.57	0.3	1
13809.037199999984	0.62	0.3	1
13826.609399999985	0.65	0.3	1
13845.235399999985	0.6	0.3	1
13864.915199999985	0.64	0.3	1
13885.648799999984	0.62	0.3	1
13907.436199999984	0.58	0.3	1
13930.277399999984	0.64	0.3	1
13931.331199999984	0.46	0.3	1
13932.088799999985	0.68	0.2	1
13933.550199999985	0.43	0.2	1
13936.065399999985	0.36	0.3	1
13937.119199999985	0.31	0.3	1
13938.172999999984	0.14	0.3	1
13940.280599999984	0.43	0.3	1
13941.334399999983	0.7	0.3	1
13942.388199999983	0.17	0.3	1
13943.091999999982	0.6	0.2	1
13944.499599999983	0.52	0.2	1
13946.610999999983	0.45	0.2	1
13949.426199999982	0.44	0.2	1
13952.945199999982	0.59	0.2	1
13957.167999999981	0.41	0.2	1
13962.094599999982	0.52	0.2	1
13967.724999999982	0.55	0.2	1
13968.778799999982	0.23	0.3	1
13970.886399999981	0.18	0.3	1
13971.59019999998	0.92	0.2	1
13973.347799999981	0.5	0.3	1
13975.809199999982	0.92	0.2	1
13979.324399999981	0.48	0.3	1
13980.378199999981	0.65	0.3	1
13981.08199999998	0.61	0.2	1
13982.13579999998	0.79	0.3	1
13983.18959999998	0.28	0.3	1
13985.297199999979	0.31	0.3	1
13986.000999999978	0.89	0.2	1
13986.704799999978	0.46	0.2	1
13987.758599999977	0.39	0.3	1
13988.812399999977	0.8	0.3	1
13990.919999999976	0.8	0.3	1
13994.081399999977	0.84	0.3	1
13998.296599999978	0.78	0.3	1
14003.565599999978	0.87	0.3	1
14009.888399999978	0.85	0.3	1
14017.264999999978	0.87	0.3	1
14025.695399999977	0.82	0.3	1
14035.179599999978	0.78	0.3	1
14045.717599999978	0.75	0.3	1
14057.309399999978	0.88	0.3	1
14058.363199999978	0.67	0.3	1
14060.470799999977	0.89	0.3	1
14063.632199999978	0.75	0.3	1
14067.847399999979	0.81	0.3	1
14073.116399999979	0.86	0.3	1
14079.439199999979	0.81	0.3	1
14086.815799999978	0.68	0.3	1
14095.246199999978	0.73	0.3	1
14104.730399999979	0.66	0.3	1
14115.268399999979	0.81	0.3	1
14115.972199999978	0.64	0.2	1
14117.379799999979	0.58	0.2	1
14119.841199999979	0.7	0.3	1
14123.006399999978	0.63	0.2	1
14127.225399999978	0.47	0.3	1
14132.498199999978	0.52	0.3	1
14138.474799999978	0.61	0.2	1
14145.505199999978	0.67	0.3	1
14153.239399999979	0.77	0.2	1
14161.677399999979	0.57	0.2	1
14171.169199999978	0.71	0.3	1
14181.364799999978	0.63	0.2	1
14192.614199999978	0.78	0.3	1
14204.917399999978	0.67	0.3	1
14218.274399999978	0.74	0.3	1
14232.335199999978	0.59	0.2	1
14247.449799999978	0.65	0.3	1
14263.268199999979	0.63	0.2	1
14279.790399999978	0.62	0.2	1
14297.016399999979	0.64	0.2	1
14297.720199999978	0.59	0.2	1
14299.477799999979	0.61	0.3	1
14302.28919999998	0.63	0.3	1
14305.804399999979	0.55	0.2	1
14310.373399999979	0.55	0.3	1
14315.996199999978	0.59	0.3	1
14322.322799999978	0.63	0.2	1
14329.703199999978	0.6	0.3	1
14338.137399999978	0.56	0.3	1
14347.625399999977	0.53	0.3	1
14358.167199999978	0.58	0.3	1
14369.762799999979	0.54	0.3	1
14382.412199999979	0.53	0.3	1
14396.115399999979	0.66	0.3	1
14410.522399999978	0.55	0.2	1
14425.633199999978	0.48	0.2	1
14441.447799999978	0.56	0.2	1
14458.316199999977	0.6	0.3	1
14476.238399999978	0.54	0.3	1
14494.864399999979	0.53	0.2	1
14514.544199999978	0.59	0.3	1
14535.277799999978	0.72	0.3	1
14557.065199999977	0.57	0.3	1
14579.906399999978	0.57	0.3	1
14603.451399999978	0.53	0.2	1
14628.050199999978	0.64	0.3	1
14653.702799999977	0.56	0.3	1
14680.409199999976	0.53	0.3	1
14708.169399999977	0.65	0.3	1
14736.983399999977	0.56	0.3	1
14738.037199999977	0.54	0.3	1
14739.794799999978	0.26	0.2	1
14742.606199999978	0.57	0.3	1
14746.121399999978	0.23	0.2	1
14750.690399999978	0.67	0.3	1
14756.313199999977	0.58	0.3	1
14762.989799999978	0.54	0.3	1
14770.720199999978	0.57	0.3	1
14771.773999999978	0.92	0.3	1
14773.881599999977	0.82	0.3	1
14777.042999999978	0.64	0.3	1
14778.096799999978	0.57	0.3	1
14778.800599999977	0.71	0.2	1
14780.558199999978	0.72	0.3	1
14783.019599999978	0.83	0.2	1
14786.184799999977	0.7	0.2	1
14790.053799999978	0.74	0.2	1
14794.626599999978	0.72	0.2	1
14799.903199999977	0.73	0.2	1
14805.883599999977	0.87	0.2	1
14806.587399999977	0.39	0.2	1
14807.641199999976	0.96	0.3	1
14809.748799999976	0.87	0.3	1
14812.910199999977	0.96	0.3	1
14817.125399999977	0.93	0.3	1
14817.829199999976	0.79	0.2	1
14819.236799999977	0.85	0.2	1
14821.698199999977	0.76	0.3	1
14824.863399999977	0.9	0.2	1
14828.732399999977	0.85	0.2	1
14833.655199999977	0.76	0.3	1
14839.281799999977	0.79	0.2	1
14845.612199999978	0.85	0.2	1
14852.646399999978	0.85	0.2	1
14860.734399999978	0.79	0.3	1
14869.526199999978	0.73	0.2	1
14879.371799999979	0.78	0.3	1
14889.921199999979	0.84	0.2	1
14901.524399999978	0.71	0.3	1
14914.181399999978	0.58	0.3	1
14927.542199999978	0.8	0.2	1
14941.956799999978	0.65	0.3	1
14957.075199999977	0.88	0.2	1
14973.247399999978	0.83	0.3	1
14990.473399999979	0.75	0.3	1
15008.75319999998	0.64	0.3	1
15028.08679999998	0.7	0.3	1
15048.474199999979	0.64	0.3	1
15069.915399999978	0.8	0.3	1
15092.410399999979	0.78	0.3	1
15115.609199999979	0.75	0.2	1
15139.511799999978	0.83	0.2	1
15164.468199999978	0.7	0.3	1
15190.128399999978	0.86	0.2	1
15216.842399999978	0.64	0.3	1
15244.610199999977	0.87	0.3	1
15273.431799999977	0.66	0.3	1
15302.957199999977	0.85	0.2	1
15333.536399999977	0.6	0.3	1
15364.819399999977	0.84	0.2	1
15397.156199999976	0.63	0.3	1
15429.196799999976	0.92	0.2	1
15461.941199999976	0.96	0.2	1
15495.389399999976	0.66	0.2	1
15529.541399999976	0.86	0.2	1
15564.397199999976	0.86	0.2	1
15599.956799999976	0.77	0.2	1
15636.220199999976	0.8	0.2	1
15673.187399999975	0.77	0.2	1
15710.858399999976	0.93	0.2	1
15749.233199999975	0.8	0.2	1
15788.311799999976	0.88	0.2	1
15828.094199999976	0.81	0.2	1
15868.580399999975	0.73	0.2	1
15909.770399999976	0.87	0.2	1
15951.664199999976	0.7	0.2	1
15994.261799999975	0.97	0.2	1
16037.563199999975	0.85	0.2	1
16081.918399999975	0.58	0.3	1
16127.327399999975	0.59	0.3	1
16173.440199999975	0.75	0.2	1
16220.606799999976	0.57	0.3	1
16268.827199999976	0.57	0.3	1
16317.751399999976	0.69	0.2	1
16367.729399999975	0.53	0.3	1
16418.411199999973	0.93	0.2	1
16470.146799999973	0.65	0.3	1
16522.586199999972	0.9	0.2	1
16576.079399999973	0.66	0.3	1
16630.276399999973	0.88	0.2	1
16685.177199999973	0.69	0.2	1
16740.78179999997	0.83	0.2	1
16797.44019999997	0.42	0.3	1
16854.80239999997	0.8	0.2	1
16912.86839999997	0.88	0.2	1
16971.63819999997	0.92	0.2	1
17031.11179999997	0.92	0.2	1
17091.28919999997	0.92	0.2	1
17152.17039999997	0.79	0.2	1
17214.10539999997	0.64	0.3	1
17276.744199999972	0.76	0.2	1
17340.086799999972	0.76	0.2	1
17404.13319999997	0.77	0.2	1
17468.88339999997	0.71	0.2	1
17534.33739999997	0.88	0.2	1
17600.495199999972	0.72	0.2	1
17667.356799999972	0.76	0.2	1
17735.272199999974	0.72	0.3	1
17803.891399999975	0.72	0.2	1
17873.214399999975	0.86	0.2	1
17943.241199999975	0.84	0.2	1
18013.971799999974	0.84	0.2	1
18085.406199999972	0.86	0.2	1
18157.544399999973	0.78	0.2	1
18230.386399999974	0.71	0.2	1
18304.282199999972	0.54	0.3	1
18378.881799999974	0.73	0.2	1
18454.185199999974	0.85	0.2	1
18530.192399999974	0.68	0.2	1
18606.903399999974	0.77	0.2	1
18684.668199999975	0.61	0.3	1
18763.486799999973	0.65	0.3	1
18843.009199999975	0.86	0.2	1
18923.235399999976	0.83	0.2	1
19004.165399999976	0.74	0.2	1
19085.799199999976	0.74	0.2	1
19168.136799999975	0.88	0.2	1
19251.178199999973	0.75	0.2	1
19335.273399999973	0.59	0.3	1
19420.072399999972	0.98	0.2	1
19505.57519999997	0.82	0.2	1
19592.13179999997	0.56	0.3	1
19679.39219999997	0.97	0.2	1
19767.70639999997	0.65	0.3	1
19857.07439999997	0.67	0.3	1
19947.14619999997	0.87	0.2	1
20037.92179999997	0.79	0.2	1
20129.40119999997	0.61	0.2	1
20221.58439999997	0.81	0.2	1
20314.82139999997	0.63	0.3	1
20408.762199999972	0.76	0.2	1
20503.40679999997	0.85	0.2	1
20598.75519999997	0.81	0.2	1
20694.80739999997	0.78	0.2	1
20791.56339999997	0.87	0.2	1
20889.02319999997	0.84	0.2	1
20987.18679999997	0.91	0.2	1
21086.05419999997	0.89	0.2	1
21185.625399999968	0.68	0.2	1
21285.90039999997	0.9	0.2	1
21386.87919999997	0.75	0.2	1
21488.56179999997	0.73	0.2	1
21590.94819999997	0.71	0.2	1
21694.03839999997	0.74	0.2	1
21797.83239999997	0.87	0.2	1
21902.33019999997	0.68	0.2	1
22007.88179999997	0.63	0.3	1
22114.48719999997	0.57	0.3	1
22221.79639999997	0.71	0.2	1
22329.80939999997	0.8	0.2	1
22438.526199999968	0.85	0.2	1
22547.94679999997	0.83	0.2	1
22658.07119999997	0.77	0.2	1
22769.249399999968	0.61	0.3	1
22881.13139999997	0.8	0.2	1
22994.06719999997	0.6	0.3	1
23107.706799999967	0.83	0.2	1
23222.05019999997	0.77	0.2	1
23337.09739999997	0.8	0.2	1
23452.84839999997	0.92	0.2	1
23569.30319999997	0.77	0.2	1
23686.46179999997	0.68	0.2	1
23804.32419999997	0.77	0.2	1
23922.89039999997	0.8	0.2	1
24042.16039999997	0.73	0.2	1
24162.13419999997	0.77	0.2	1
24283.161799999973	0.63	0.3	1
24404.893199999973	0.87	0.2	1
24527.328399999973	0.61	0.2	1
24650.467399999972	0.79	0.2	1
24774.31019999997	0.78	0.2	1
24898.856799999972	0.8	0.2	1
25024.45719999997	0.57	0.3	1
25150.76139999997	0.92	0.2	1
25277.769399999972	0.9	0.2	1
25405.481199999973	0.94	0.2	1
25534.24679999997	0.68	0.3	1
25663.716199999973	0.85	0.2	1
25793.889399999975	0.76	0.2	1
25924.766399999975	0.81	0.2	1
26056.347199999975	0.77	0.2	1
26188.631799999974	0.78	0.2	1
26321.970199999974	0.55	0.3	1
26456.362399999973	0.63	0.3	1
26591.808399999973	0.65	0.3	1
26727.958199999972	0.79	0.2	1
26864.81179999997	0.85	0.2	1
27002.71919999997	0.67	0.3	1
27141.33039999997	0.88	0.2	1
27280.64539999997	0.99	0.2	1
27421.01419999997	0.64	0.3	1
27562.43679999997	0.56	0.3	1
27704.56319999997	0.91	0.2	1
27847.39339999997	0.78	0.2	1
27990.92739999997	0.87	0.2	1
28135.16519999997	0.91	0.2	1
28280.45679999997	0.62	0.3	1
28426.45219999997	0.9	0.2	1
28573.15139999997	0.8	0.2	1
28720.554399999968	0.81	0.2	1
28868.66119999997	0.79	0.2	1
29017.47179999997	0.78	0.2	1
29166.98619999997	0.93	0.2	1
29317.20439999997	0.86	0.2	1
29468.12639999997	0.9	0.2	1
29619.75219999997	0.81	0.2	1
29772.08179999997	0.86	0.2	1
29925.11519999997	0.79	0.2	1
30078.85239999997	0.85	0.2	1
30233.29339999997	0.89	0.2	1
30388.438199999968	0.85	0.2	1
30544.28679999997	0.91	0.2	1
30701.189199999968	0.61	0.3	1
30858.795399999966	0.73	0.2	1
31017.455399999966	0.69	0.3	1
31177.169199999968	0.64	0.3	1
31337.58679999997	0.72	0.2	1
31499.058199999967	0.69	0.3	1
31661.583399999967	0.63	0.3	1
31824.812399999966	0.71	0.2	1
31988.745199999965	0.9	0.2	1
32153.381799999966	0.76	0.2	1
32318.722199999967	0.83	0.2	1
32484.766399999968	0.91	0.2	1
32651.514399999967	0.77	0.2	1
32819.316199999965	0.56	0.3	1
32987.82179999996	0.82	0.2	1
33157.03119999996	0.97	0.2	1
33326.944399999964	0.78	0.2	1
33497.56139999996	0.9	0.2	1
33668.88219999996	0.65	0.2	1
33840.90679999996	0.87	0.2	1
34013.63519999996	0.89	0.2	1
34187.41739999996	0.64	0.3	1
34361.90339999996	0.8	0.2	1
34537.44319999996	0.56	0.3	1
34713.68679999996	0.71	0.2	1
34890.63419999996	0.84	0.2	1
35068.635399999956	0.49	0.3	1
35247.34039999996	0.8	0.2	1
35426.749199999955	0.76	0.2	1
35606.861799999955	0.78	0.2	1
35787.67819999996	0.77	0.2	1
35969.19839999996	0.8	0.2	1
36151.42239999996	0.87	0.2	1
36334.35019999996	0.74	0.2	1
36517.98179999996	0.63	0.2	1
36702.66719999996	0.61	0.3	1
36888.05639999996	0.8	0.2	1
37074.14939999996	0.9	0.2	1
37260.946199999955	0.83	0.2	1
37448.446799999954	0.81	0.2	1
37636.65119999996	0.85	0.2	1
37825.559399999955	0.9	0.2	1
38015.521399999954	0.58	0.3	1
38206.18719999996	0.92	0.2	1
38397.556799999955	0.86	0.2	1
38589.630199999956	0.86	0.2	1
38782.40739999995	0.87	0.2	1
38975.88839999995	0.67	0.2	1
39170.073199999955	0.76	0.2	1
39364.961799999954	0.8	0.2	1
39560.90419999995	0.63	0.3	1
39757.55039999996	0.81	0.2	1
39954.900399999955	0.91	0.2	1
40152.95419999996	0.91	0.2	1
40352.06179999996	0.59	0.3	1
40551.87319999996	0.89	0.2	1
40752.38839999996	0.76	0.2	1
40953.60739999996	0.8	0.2	1
41155.880199999956	0.56	0.3	1
41358.85679999996	0.75	0.2	1
41561.88719999996	0.69	0.3	1
41765.62139999996	0.93	0.2	1
41970.05939999996	0.87	0.2	1
42175.551199999965	0.86	0.3	1
42381.746799999964	0.89	0.2	1
42588.996199999965	0.75	0.3	1
42797.29939999997	0.8	0.3	1
43006.306399999965	0.95	0.2	1
43216.017199999966	0.88	0.2	1
43426.78179999997	0.85	0.3	1
43638.250199999966	0.97	0.2	1
43850.772399999965	0.66	0.3	1
44064.348399999966	0.62	0.3	1
44278.97819999997	0.76	0.3	1
44494.31179999997	0.96	0.2	1
44710.34919999997	0.95	0.2	1
44927.44039999997	0.74	0.3	1
45145.58539999997	0.85	0.3	1
45364.784199999965	0.82	0.3	1
45584.68679999997	0.9	0.2	1
45805.64319999997	0.79	0.3	1
46027.65339999997	0.59	0.3	1
46250.36739999997	0.95	0.2	1
46473.78519999997	0.94	0.2	1
46698.25679999997	0.78	0.3	1
46923.43219999997	0.98	0.2	1
47149.31139999997	0.92	0.2	1
47376.24439999997	0.7	0.3	1
47604.231199999966	0.73	0.3	1
47832.92179999997	0.78	0.2	1
48062.66619999997	0.76	0.3	1
48293.11439999997	0.87	0.2	1
48524.61639999997	0.83	0.3	1
48757.17219999997	0.69	0.3	1
48990.43179999997	0.92	0.2	1
49224.74519999997	0.8	0.3	1
49460.11239999997	0.84	0.3	1
49696.53339999997	0.74	0.3	1
49934.008199999975	0.71	0.3	1
50172.53679999997	0.71	0.3	1
50412.11919999997	0.87	0.3	1
50652.405399999974	0.9	0.2	1
50893.39539999997	0.87	0.2	1
51135.08919999997	0.85	0.2	1
51377.836799999975	0.71	0.3	1
51621.28819999997	0.95	0.2	1
51865.79339999997	0.84	0.3	1
52111.002399999976	0.9	0.2	1
52357.26519999997	0.86	0.3	1
52604.23179999997	0.88	0.2	1
52851.902199999975	0.85	0.2	1
53100.62639999997	0.84	0.3	1
53350.05439999997	0.94	0.2	1
53600.53619999997	0.7	0.3	1
53852.071799999976	0.81	0.3	1
54104.311199999975	0.99	0.2	1
54357.604399999975	0.72	0.3	1
54611.951399999976	0.87	0.3	1
54867.35219999998	0.78	0.3	1
55123.45679999998	0.91	0.2	1
55380.61519999998	0.66	0.3	1
55638.47739999998	0.81	0.2	1
55897.04339999998	0.89	0.2	1
56156.66319999998	0.75	0.3	1
56417.33679999998	0.87	0.3	1
56679.064199999986	0.8	0.3	1
56941.495399999985	0.99	0.2	1
57204.63039999999	0.94	0.2	1
57468.469199999985	0.9	0.2	1
57733.011799999986	0.9	0.2	1
57998.60819999999	0.76	0.3	1
58264.908399999986	0.9	0.2	1
58532.262399999985	0.82	0.3	1
58800.670199999986	0.67	0.3	1
59070.13179999999	0.83	0.3	1
59340.297199999986	0.97	0.2	1
59611.16639999999	0.75	0.2	1
59883.08939999999	0.69	0.3	1
60155.71619999999	0.85	0.2	1
60429.04679999999	0.94	0.2	1
60703.43119999999	0.7	0.3	1
60978.86939999999	0.83	0.3	1
61255.36139999999	0.78	0.3	1
61532.55719999999	0.85	0.2	1
61810.80679999999	0.65	0.3	1
62089.76019999999	0.75	0.2	1
62369.76739999999	0.85	0.3	1
62650.47839999999	0.9	0.2	1
62932.24319999999	0.75	0.3	1
63215.06179999999	0.73	0.3	1
63498.93419999999	0.75	0.3	1
63783.86039999999	0.63	0.3	1
64069.49039999999	0.93	0.2	1
64355.82419999999	0.89	0.2	1
64643.21179999999	0.71	0.3	1
64931.30319999999	0.78	0.2	1
65220.44839999999	0.8	0.3	1
65510.64739999999	0.83	0.3	1
65801.90019999999	0.75	0.3	1
66094.20679999999	0.59	0.3	1
66387.56719999999	0.61	0.3	1
66681.98139999999	0.86	0.3	1
66977.44939999998	0.76	0.3	1
67273.62119999998	0.89	0.2	1
67569.49679999998	0.9	0.2	1
67866.07619999998	0.9	0.2	1
68163.70939999998	0.52	0.3	1
68462.04639999998	0.71	0.2	1
68761.43719999997	0.65	0.3	1
69061.53179999997	0.74	0.2	1
69362.33019999997	0.96	0.2	1
69663.83239999997	0.72	0.2	1
69966.38839999997	0.57	0.3	1
70269.99819999997	0.64	0.3	1
70574.31179999997	0.91	0.2	1
70879.32919999996	0.84	0.2	1
71185.05039999996	0.85	0.2	1
71491.47539999997	0.85	0.2	1
71798.60419999997	0.83	0.2	1
72106.43679999997	0.94	0.2	1
72414.97319999996	0.89	0.2	1
72724.21339999996	0.8	0.2	1
73034.50739999996	0.63	0.3	1
73345.85519999996	0.63	0.3	1
73657.90679999997	0.83	0.2	1
73970.66219999996	0.75	0.2	1
74284.12139999996	0.78	0.2	1
74598.28439999996	0.8	0.2	1
74913.15119999996	0.85	0.2	1
75229.07179999996	0.53	0.3	1
75545.69619999996	0.96	0.2	1
75863.02439999997	0.79	0.2	1
76181.40639999996	0.6	0.3	1
76500.84219999997	0.47	0.3	1
76820.98179999997	0.71	0.2	1
77141.82519999996	0.83	0.2	1
77463.72239999997	0.6	0.3	1
77786.32339999996	0.98	0.2	1
78109.97819999997	0.73	0.3	1
78434.33679999998	0.92	0.2	1
78759.39919999997	0.94	0.2	1
79085.16539999997	0.73	0.2	1
79411.63539999997	0.93	0.2	1
79739.15919999997	0.65	0.3	1
80067.38679999996	0.97	0.2	1
80396.31819999997	0.78	0.2	1
80725.95339999997	0.89	0.2	1
81056.29239999998	0.81	0.2	1
81387.33519999997	0.78	0.2	1
81719.08179999997	0.78	0.2	1
82051.88219999996	0.66	0.3	1
82385.73639999997	0.68	0.3	1
82720.29439999997	0.89	0.2	1
83055.55619999996	0.86	0.2	1
83391.52179999996	0.9	0.2	1
83728.19119999996	0.88	0.2	1
84065.56439999996	0.74	0.2	1
84403.64139999996	0.87	0.2	1
84742.42219999996	0.93	0.2	1
85081.90679999995	0.73	0.2	1
85422.44519999996	0.59	0.3	1
85763.68739999995	0.85	0.2	1
86105.63339999995	0.89	0.2	1
86448.63319999995	0.53	0.3	1
86792.33679999995	0.9	0.2	1
87136.74419999994	0.9	0.2	1
87481.85539999994	0.87	0.2	1
87827.67039999994	0.87	0.2	1
88174.18919999995	0.88	0.2	1
88521.76179999995	0.5	0.3	1
88870.03819999995	0.98	0.2	1
89219.01839999996	0.85	0.2	1
89568.70239999995	0.89	0.2	1
89919.09019999995	0.77	0.2	1
90270.18179999995	0.95	0.2	1
90621.97719999995	0.89	0.2	1
90974.47639999996	0.71	0.2	1
91328.02939999996	0.69	0.3	1
91682.28619999996	0.87	0.2	1
92037.59679999996	0.55	0.3	1
92393.61119999996	0.86	0.2	1
92750.32939999996	0.95	0.2	1
93107.75139999996	0.88	0.2	1
93466.22719999996	0.57	0.3	1
93825.40679999997	0.89	0.2	1
94185.29019999997	0.95	0.2	1
94545.87739999997	0.87	0.2	1
94907.16839999997	0.73	0.2	1
95269.51319999997	0.48	0.3	1
95632.56179999997	0.96	0.2	1
95996.31419999996	0.9	0.2	1
96360.77039999996	0.95	0.2	1
96725.93039999997	0.96	0.2	1
97091.79419999997	0.85	0.2	1
97458.36179999997	0.76	0.2	1
97825.63319999997	0.8	0.2	1
98193.60839999997	0.77	0.2	1
98562.28739999997	0.77	0.2	1
98931.67019999998	0.87	0.2	1
99301.75679999997	0.72	0.2	1
99672.89719999998	0.49	0.3	1
100044.74139999998	0.76	0.2	1
100417.28939999998	0.82	0.2	1
100790.54119999998	0.89	0.2	1
101164.49679999998	0.9	0.2	1
101539.15619999998	0.98	0.2	1
101914.51939999999	0.94	0.2	1
102290.58639999999	0.85	0.2	1
102667.70719999999	0.63	0.3	1
103045.5318	0.84	0.2	1
103424.06019999999	0.8	0.2	1
103803.29239999999	0.89	0.2	1
104183.57839999998	0.71	0.3	1
104564.56819999998	0.59	0.2	1
104946.26179999998	0.89	0.2	1
105328.65919999998	0.76	0.2	1
105711.76039999998	0.81	0.2	1
106095.56539999998	0.74	0.2	1
106480.07419999997	0.89	0.2	1
106865.63679999998	0.55	0.3	1
107252.25319999998	0.79	0.3	1
107639.57339999998	0.67	0.2	1
108027.59739999998	0.91	0.2	1
108416.67519999998	0.78	0.3	1
108806.80679999998	0.51	0.3	1
109197.99219999998	0.73	0.3	1
109589.88139999998	0.83	0.2	1
109982.82439999998	0.78	0.3	1
110376.47119999999	0.81	0.2	1
110770.82179999999	0.76	0.2	1
111166.22619999999	0.63	0.3	1
111562.68439999998	0.7	0.3	1
111959.84639999998	0.81	0.2	1
112357.71219999998	0.81	0.2	1
112756.28179999998	0.86	0.2	1
113155.90519999998	0.53	0.3	1
113556.23239999998	0.76	0.2	1
113957.26339999998	0.91	0.2	1
114359.34819999998	0.63	0.3	1
114762.13679999998	0.81	0.2	1
115165.62919999998	0.88	0.2	1
115569.82539999999	0.79	0.2	1
115974.72539999998	0.98	0.2	1
116380.32919999998	0.6	0.2	1
116786.63679999998	0.91	0.2	1
117193.64819999998	0.69	0.2	1
117601.36339999999	0.83	0.2	1
118009.78239999998	0.79	0.2	1
118418.90519999998	0.86	0.2	1
118828.73179999998	0.87	0.2	1
119239.26219999998	0.92	0.2	1
119650.49639999999	0.62	0.2	1
120062.43439999998	0.9	0.2	1
120475.42619999999	0.54	0.3	1
120889.1218	0.8	0.2	1
121303.52119999999	0.88	0.2	1
121718.97439999999	0.78	0.3	1
122135.1314	0.81	0.2	1
122551.9922	0.83	0.2	1
122969.55679999999	0.75	0.2	1
123388.1752	0.58	0.3	1
123807.4974	0.94	0.2	1
124227.52339999999	0.55	0.2	1
124648.25319999999	0.77	0.2	1
125069.6868	0.83	0.2	1
125491.8242	0.9	0.2	1
125914.6654	0.87	0.2	1
126338.2104	0.88	0.2	1
126762.4592	0.84	0.2	1
127187.4118	0.77	0.2	1
127613.06820000001	1.0	0.2	1
128039.4284	0.92	0.2	1
128466.84240000001	0.75	0.3	1
128894.9602	0.68	0.2	1
129323.7818	0.81	0.2	1
129753.3072	0.83	0.2	1
130183.5364	0.75	0.2	1
130614.4694	0.63	0.2	1
131046.1062	0.66	0.2	1
131478.79679999998	0.63	0.3	1
131912.19119999997	0.93	0.2	1
132346.28939999998	0.93	0.2	1
132781.09139999998	0.91	0.2	1
133216.5972	0.98	0.2	1
133652.8068	0.98	0.2	1
134090.0702	0.56	0.3	1
134528.0374	0.86	0.2	1
134966.7084	0.9	0.2	1
135406.0832	0.87	0.2	1
135846.1618	0.98	0.2	1
136286.9442	0.97	0.2	1
136728.4304	0.79	0.2	1
137170.6204	0.82	0.2	1
137613.5142	0.93	0.2	1
138057.1118	0.91	0.2	1
138501.4132	0.89	0.2	1
138946.41840000002	0.97	0.2	1
139392.12740000003	0.63	0.2	1
139838.54020000002	0.92	0.2	1
140285.65680000003	0.85	0.2	1
140733.47720000002	0.69	0.2	1
141182.00140000004	0.85	0.2	1
141631.57940000005	0.66	0.3	1
142082.21120000005	0.59	0.3	1
142533.54680000004	0.91	0.2	1
142985.58620000005	0.85	0.2	1
143438.32940000005	0.84	0.2	1
143892.12640000004	0.63	0.3	1
144346.62720000005	0.73	0.2	1
144801.83180000004	0.7	0.2	1
145257.74020000003	0.88	0.2	1
145714.35240000003	0.79	0.2	1
146171.66840000002	0.69	0.2	1
146629.68820000003	0.81	0.2	1
147088.41180000003	0.78	0.2	1
147547.83920000002	0.95	0.2	1
148007.97040000002	0.86	0.2	1
148468.8054	0.79	0.2	1
148930.34420000002	0.88	0.2	1
149392.58680000002	0.88	0.2	1
149855.5332	0.97	0.2	1
150319.1834	0.96	0.2	1
150783.5374	0.96	0.2	1
151248.9452	0.59	0.3	1
151715.0568	0.92	0.2	1
152182.2222	0.4	0.3	1
152650.09139999998	0.67	0.2	1
153118.66439999998	0.91	0.2	1
153587.94119999997	0.86	0.2	1
154057.92179999998	0.89	0.2	1
154528.9562	0.56	0.3	1
155001.04439999998	0.54	0.3	1
155474.18639999998	0.66	0.3	1
155948.0322	0.89	0.2	1
156422.9318	0.54	0.3	1
156898.53519999998	0.79	0.2	1
157374.8424	0.91	0.2	1
157852.2034	0.62	0.3	1
158330.2682	0.85	0.2	1
158809.0368	0.82	0.2	1
159288.5092	0.85	0.2	1
159768.6854	0.91	0.2	1
160249.5654	0.93	0.2	1
160731.14919999999	0.99	0.2	1
161213.4368	0.94	0.2	1
161696.4282	0.84	0.2	1
162180.4734	0.71	0.3	1
162665.2224	0.83	0.2	1
163150.6752	0.76	0.2	1
163636.83179999999	0.97	0.2	1
164124.0422	0.59	0.3	1
164611.9564	0.89	0.2	1
165100.57439999998	0.86	0.2	1
165589.8962	0.76	0.2	1
166080.2718	0.72	0.3	1
166571.35119999998	0.95	0.2	1
167063.13439999998	0.86	0.2	1
167555.62139999997	0.83	0.2	1
168048.8122	0.82	0.2	1
168542.70679999999	0.82	0.2	1
169037.30519999997	0.91	0.2	1
169532.60739999998	1.0	0.2	1
170028.61339999997	0.85	0.2	1
170525.67319999996	0.58	0.3	1
171023.43679999997	0.83	0.2	1
171521.90419999996	0.82	0.2	1
172021.07539999997	0.84	0.2	1
172520.95039999997	0.8	0.2	1
173021.52919999996	0.89	0.2	1
173522.81179999997	0.95	0.2	1
174024.79819999996	0.86	0.2	1
174527.48839999997	0.8	0.2	1
175031.23239999998	0.67	0.3	1
175535.68019999997	0.92	0.2	1
176040.83179999999	0.84	0.2	1
176546.6872	0.79	0.2	1
177053.24639999997	0.9	0.2	1
177560.50939999998	0.63	0.2	1
178068.82619999998	0.64	0.3	1
178577.84679999997	0.87	0.2	1
179087.92119999998	0.8	0.3	1
179598.69939999998	0.97	0.2	1
180110.18139999997	0.77	0.2	1
180622.36719999998	0.81	0.2	1
181135.25679999997	0.84	0.2	1
181648.8502	0.9	0.2	1
182163.1474	0.88	0.2	1
182678.14839999998	0.98	0.2	1
183193.85319999998	0.79	0.2	1
183710.26179999998	0.74	0.2	1
184227.3742	0.84	0.2	1
184745.1904	1.0	0.2	1
185263.71039999998	0.99	0.2	1
185782.9342	0.8	0.2	1
186302.86179999998	0.84	0.2	1
186823.84319999997	0.61	0.3	1
187345.52839999998	0.96	0.2	1
187867.91739999998	0.96	0.2	1
188391.36019999997	0.61	0.3	1
188915.50679999997	0.86	0.2	1
189440.70719999998	0.57	0.3	1
189966.61139999997	0.77	0.2	1
190493.21939999997	0.78	0.2	1
191020.53119999997	0.87	0.2	1
191548.54679999998	0.92	0.2	1
192077.26619999998	0.82	0.2	1
192606.68939999997	0.77	0.2	1
193136.81639999998	0.83	0.2	1
193667.64719999998	0.87	0.2	1
194199.53179999997	0.65	0.3	1
194732.12019999998	0.9	0.2	1
195265.41239999997	0.81	0.2	1
195799.4084	0.77	0.2	1
196334.1082	0.95	0.2	1
196869.51179999998	0.85	0.2	1
197405.6192	0.95	0.2	1
197942.43039999998	0.96	0.2	1
198479.9454	0.89	0.2	1
199018.1642	0.73	0.2	1
199557.0868	0.88	0.2	1
200097.0632	0.59	0.3	1
200637.7434	0.65	0.2	1
201179.1274	0.63	0.2	1
201721.2152	0.88	0.2	1
202264.0068	0.91	0.2	1
202807.50220000002	0.98	0.2	1
203351.70140000002	0.87	0.2	1
203896.95440000002	0.79	0.3	1
204442.91120000003	0.96	0.2	1
204989.57180000003	0.72	0.2	1
205536.93620000003	0.82	0.2	1
206085.00440000003	0.69	0.2	1
206633.77640000003	0.84	0.2	1
207183.25220000002	0.86	0.2	1
207733.43180000002	0.72	0.2	1
208284.3152	0.82	0.2	1
208835.90240000002	0.9	0.2	1
209388.19340000002	0.92	0.2	1
209941.1882	0.89	0.2	1
210494.8868	0.83	0.2	1
211049.2892	0.95	0.2	1
211604.3954	0.79	0.2	1
212160.5554	0.77	0.3	1
212717.7692	0.62	0.3	1
213275.6868	0.73	0.2	1
213834.6582	0.61	0.3	1
214394.3334	0.72	0.2	1
214954.7124	0.84	0.2	1
215515.7952	0.97	0.2	1
216077.9318	0.6	0.3	1
216640.77219999998	0.83	0.2	1
217204.31639999998	0.96	0.2	1
217768.56439999997	0.59	0.2	1
218333.51619999998	0.81	0.2	1
218899.17179999998	0.65	0.2	1
219465.53119999997	0.8	0.2	1
220032.59439999997	0.9	0.2	1
220600.36139999997	0.78	0.2	1
221168.83219999998	0.85	0.2	1
221738.35679999998	0.6	0.3	1
222308.58519999997	0.93	0.2	1
222879.51739999998	0.88	0.2	1
223451.5034	0.56	0.3	1
224024.19319999998	1.0	0.2	1
224597.5868	0.67	0.2	1
225172.0342	0.62	0.3	1
225747.1854	0.89	0.2	1
226323.0404	0.86	0.2	1
226899.5992	0.77	0.2	1
227477.2118	0.64	0.3	1
228055.5282	0.89	0.2	1
228634.5484	0.82	0.2	1
229214.2724	0.77	0.2	1
229794.7002	0.91	0.2	1
230376.1818	0.72	0.3	1
230958.71719999998	0.73	0.3	1
231541.9564	0.89	0.2	1
232125.8994	0.81	0.2	1
232710.54619999998	0.89	0.2	1
233295.8968	0.82	0.2	1
233882.3012	0.72	0.3	1
234469.75939999998	0.81	0.3	1
235057.9214	0.84	0.2	1
235646.7872	0.9	0.2	1
236236.70679999999	0.77	0.3	1
236827.68019999997	0.71	0.3	1
237419.35739999998	0.88	0.2	1
238011.73839999997	0.96	0.2	1
238604.82319999998	0.84	0.2	1
239198.9618	0.56	0.3	1
239793.80419999998	0.76	0.2	1
240389.3504	0.94	0.2	1
240985.6004	0.78	0.2	1
241582.55419999998	0.9	0.2	1
242180.2118	0.8	0.2	1
242778.9232	0.52	0.3	1
243378.33839999998	0.81	0.2	1
243978.45739999998	0.98	0.2	1
244579.28019999998	0.83	0.2	1
245180.8068	0.91	0.2	1
245783.0372	0.86	0.2	1
246386.3214	0.61	0.3	1
246990.3094	0.93	0.2	1
247595.0012	0.84	0.2	1
248200.3968	0.92	0.2	1
248806.4962	0.83	0.2	1
249413.2994	0.93	0.2	1
250020.8064	0.88	0.2	1
250629.0172	0.69	0.2	1
251238.2818	0.6	0.3	1
251848.2502	0.79	0.2	1
252458.9224	0.87	0.2	1
253070.2984	0.82	0.2	1
253682.3782	0.83	0.2	1
254295.1618	0.84	0.2	1
254908.6492	0.94	0.2	1
255522.84040000002	0.78	0.2	1
256137.7354	0.94	0.2	1
256753.3342	0.95	0.2	1
257369.9868	0.54	0.3	1
257987.6932	0.58	0.3	1
258606.4534	0.59	0.3	1
259226.2674	0.56	0.3	1
259846.7852	0.96	0.2	1
260468.0068	0.65	0.2	1
261089.9322	0.98	0.2	1
261712.5614	0.8	0.2	1
262336.2444	0.61	0.3	1
262960.6312	0.97	0.2	1
263585.7218	0.86	0.2	1
264211.5162	0.96	0.2	1
264838.3644	0.53	0.3	1
265465.91640000005	0.9	0.2	1
266094.52220000006	0.57	0.3	1
266723.83180000004	0.92	0.2	1
267353.84520000004	0.83	0.2	1
267984.56240000005	0.9	0.2	1
268615.9834	0.9	0.2	1
269248.1082	0.87	0.2	1
269880.9368	0.92	0.2	1
270514.46920000005	0.93	0.2	1
271148.70540000004	0.86	0.2	1
271783.64540000004	0.94	0.2	1
272419.28920000006	0.92	0.2	1
273055.9868000001	0.62	0.3	1
273693.38820000004	0.81	0.2	1
274331.49340000004	0.75	0.2	1
274970.30240000004	0.68	0.2	1
275609.81520000007	0.85	0.2	1
276249.03180000006	0.78	0.2	1
276888.95220000006	0.89	0.2	1
277529.92640000005	0.76	0.3	1
278171.95440000005	0.48	0.3	1
278815.03620000003	0.79	0.3	1
279459.1718	0.61	0.3	1
280104.3612	0.67	0.3	1
280750.2544	0.9	0.2	1
281397.20139999996	0.63	0.3	1
282044.85219999996	0.87	0.2	1
282693.55679999996	0.75	0.3	1
283343.31519999995	0.75	0.3	1
283993.77739999996	0.78	0.2	1
284644.9434	0.88	0.2	1
285296.8132	0.76	0.2	1
285949.73679999996	0.75	0.3	1
286603.71419999993	0.67	0.3	1
287258.3953999999	0.87	0.2	1
287914.1303999999	0.64	0.3	1
288570.5691999999	0.78	0.2	1
289228.0617999999	0.79	0.3	1
289886.6081999999	0.66	0.3	1
290546.2083999999	0.66	0.3	1
291206.86239999987	0.86	0.3	1
291868.22019999987	0.76	0.2	1
292530.63179999986	0.76	0.3	1
293193.74719999987	0.88	0.2	1
293857.5663999999	0.93	0.2	1
294522.0893999999	0.75	0.2	1
295187.3161999999	0.95	0.2	1
295853.5967999999	0.7	0.3	1
296520.9311999999	0.68	0.3	1
297188.9693999999	0.75	0.2	1
297858.0613999999	0.79	0.3	1
298528.2071999999	0.76	0.3	1
299199.4067999999	0.78	0.3	1
299871.66019999987	0.84	0.3	1
300544.96739999985	0.76	0.3	1
301218.97839999985	0.75	0.2	1
301893.69319999986	0.76	0.2	1
302569.4617999999	0.74	0.3	1
303245.9341999999	0.88	0.2	1
303923.4603999999	0.62	0.3	1
304602.04039999994	0.88	0.3	1
305281.67419999995	0.59	0.3	1
305962.36179999996	0.69	0.3	1
306644.10319999995	0.63	0.3	1
307326.89839999995	0.81	0.3	1
308010.39739999996	0.9	0.2	1
308694.95019999996	0.67	0.3	1
309380.2068	1.0	0.2	1
310066.16719999997	0.83	0.2	1
310753.18139999994	0.69	0.3	1
311441.2494	0.66	0.3	1
312130.3712	0.59	0.3	1
312820.5468	0.74	0.3	1
313511.4262	0.88	0.2	1
314203.0094	0.79	0.2	1
314895.64639999997	0.68	0.3	1
315589.33719999995	0.67	0.3	1
316283.73179999995	0.89	0.2	1
316978.83019999997	0.89	0.2	1
317674.9824	0.82	0.3	1
318372.1884	0.64	0.3	1
319070.4482	0.68	0.3	1
319769.7618	0.75	0.3	1
320469.7792	0.82	0.2	1
321170.5004	0.81	0.2	1
321872.27540000004	0.61	0.3	1
322575.10420000006	0.7	0.3	1
323278.9868000001	0.57	0.3	1
323983.57320000004	0.67	0.2	1
324688.86340000003	0.84	0.2	1
325395.2074	0.72	0.3	1
326102.2552	0.74	0.2	1
326810.00680000003	0.88	0.2	1
327518.81220000004	0.79	0.3	1
328228.67140000005	0.71	0.3	1
328939.2344000001	0.8	0.2	1
329650.8512000001	0.69	0.3	1
330363.5218000001	0.83	0.3	1
331077.2462000001	0.69	0.3	1
331791.67440000013	0.82	0.2	1
332506.8064000001	0.83	0.2	1
333222.9922000001	0.64	0.3	1
333940.23180000007	0.78	0.3	1
334658.17520000006	0.78	0.2	1
335377.17240000004	0.82	0.3	1
336097.2234	0.75	0.3	1
336817.9782	0.72	0.2	1
337539.4368	1.0	0.2	1
338261.94920000003	0.68	0.3	1
338985.51540000003	0.77	0.3	1
339709.78540000005	0.84	0.2	1
340435.10920000006	0.62	0.3	1
341161.13680000004	0.77	0.2	1
341888.21820000006	0.69	0.3	1
342616.3534000001	0.78	0.3	1
343345.19240000006	0.88	0.2	1
344074.73520000005	0.89	0.2	1
344805.33180000004	0.58	0.3	1
345536.9822	0.53	0.3	1
346269.6864	0.76	0.3	1
347003.0944	0.75	0.2	1
347737.2062	0.8	0.2	1
348472.0218	0.9	0.2	1
349207.5412	0.87	0.2	1
349944.11439999996	0.77	0.3	1
350681.39139999996	0.74	0.2	1
351419.3722	0.78	0.2	1
352158.05679999996	0.68	0.2	1
352897.44519999996	0.75	0.2	1
353637.88739999995	0.75	0.3	1
354379.03339999996	0.91	0.2	1
355120.8832	0.9	0.2	1
355863.7868	0.76	0.3	1
356607.3942	0.85	0.2	1
357351.7054	0.93	0.2	1
358096.7204	0.74	0.2	1
358842.7892	0.7	0.3	1
359589.9118	0.71	0.3	1
360338.0882	0.56	0.3	1
361087.3184	0.64	0.3	1
361837.6024	0.69	0.3	1
362588.94019999995	0.57	0.3	1
363341.3317999999	0.62	0.3	1
364094.4271999999	0.74	0.2	1
364848.2263999999	0.91	0.2	1
365603.07939999993	0.76	0.3	1
366358.63619999995	0.86	0.2	1
367115.24679999996	0.76	0.3	1
367872.56119999994	0.93	0.2	1
368630.92939999996	0.54	0.3	1
369390.00139999995	0.87	0.2	1
370149.77719999995	0.83	0.2	1
370910.2568	0.98	0.2	1
371671.7902	0.65	0.3	1
372434.02739999996	0.8	0.2	1
373197.3184	0.79	0.3	1
373961.3132	0.7	0.2	1
374726.36179999996	0.66	0.3	1
375492.46419999993	0.75	0.3	1
376259.2703999999	0.87	0.2	1
377027.1303999999	0.64	0.3	1
377795.6941999999	0.95	0.2	1
378565.3117999999	0.83	0.3	1
379335.6331999999	0.71	0.2	1
380107.00839999993	0.66	0.3	1
380879.08739999996	0.74	0.2	1
381651.87019999995	0.9	0.2	1
382425.7067999999	0.73	0.3	1
383200.2471999999	0.83	0.2	1
383975.8413999999	0.59	0.3	1
384752.4893999999	0.76	0.3	1
385530.1911999999	0.67	0.3	1
386308.5967999999	0.76	0.2	1
387088.0561999999	0.59	0.3	1
387868.2193999999	0.89	0.2	1
388649.0863999999	0.83	0.2	1
389431.00719999993	0.7	0.3	1
390213.6317999999	0.78	0.2	1
390997.3101999999	0.73	0.3	1
391781.6923999999	0.91	0.2	1
392567.12839999987	0.69	0.3	1
393353.61819999985	0.74	0.3	1
394141.1617999998	0.65	0.3	1
394929.75919999985	0.72	0.3	1
395719.06039999984	0.87	0.2	1
396509.4153999998	0.79	0.3	1
397300.8241999998	0.57	0.3	1
398093.2867999998	0.63	0.3	1
398886.4531999998	0.82	0.2	1
399680.6733999998	0.71	0.3	1
400475.9473999998	0.59	0.3	1
401272.2751999998	0.88	0.3	1
402069.6567999998	0.62	0.3	1
402868.09219999984	0.77	0.3	1
403667.58139999985	0.78	0.3	1
404467.7743999999	0.81	0.2	1
405269.0211999999	0.78	0.3	1
406070.9717999999	0.79	0.2	1
406873.6261999999	0.79	0.2	1
407677.3343999999	0.85	0.3	1
408481.7463999999	0.86	0.2	1
409286.8621999999	0.86	0.2	1
410092.6817999999	0.88	0.2	1
410899.5551999999	0.67	0.3	1
411707.1323999999	0.86	0.2	1
412515.7633999999	0.77	0.3	1
413325.0981999999	0.89	0.2	1
414135.4867999999	0.86	0.3	1
414945.5791999999	0.84	0.2	1
415756.3753999999	0.9	0.2	1
416567.8753999999	0.72	0.2	1
417380.0791999999	0.77	0.2	1
418192.9867999999	0.67	0.2	1
419006.5981999999	0.73	0.2	1
419820.9133999999	0.84	0.2	1
420635.9323999999	0.72	0.2	1
421451.65519999986	0.91	0.2	1
422268.08179999987	0.87	0.2	1
423085.2121999999	0.86	0.2	1
423903.0463999999	0.9	0.2	1
424721.5843999999	0.8	0.2	1
425540.8261999999	0.9	0.2	1
426361.1217999999	0.52	0.3	1
427182.1211999999	0.76	0.2	1
428003.82439999987	0.98	0.2	1
428826.2313999999	0.84	0.2	1
429649.3421999999	0.81	0.2	1
430473.1567999999	0.89	0.2	1
431297.6751999999	0.78	0.2	1
432122.8973999999	0.7	0.2	1
432948.8233999999	0.95	0.2	1
433775.4531999999	0.77	0.2	1
434602.7867999999	0.84	0.2	1
435431.1741999999	0.53	0.3	1
436260.6153999999	0.6	0.3	1
437090.7603999999	0.98	0.2	1
437921.6091999999	0.91	0.2	1
438753.1617999999	0.64	0.2	1
439585.4181999999	0.94	0.2	1
440418.37839999987	0.68	0.2	1
441252.04239999986	0.66	0.2	1
442086.41019999987	0.77	0.2	1
442921.4817999999	0.86	0.2	1
443757.2571999999	0.91	0.2	1
444593.7363999999	0.83	0.2	1
445430.9193999999	0.91	0.2	1
446268.8061999999	0.87	0.2	1
447107.74679999985	0.61	0.3	1
447947.7411999999	0.6	0.3	1
448788.43939999986	0.95	0.2	1
449629.84139999986	0.91	0.2	1
450471.9471999999	0.87	0.2	1
451314.75679999986	0.94	0.2	1
452158.27019999985	0.98	0.2	1
453002.48739999987	0.73	0.2	1
453847.7583999999	0.67	0.3	1
454693.7331999999	0.9	0.2	1
455540.7617999999	0.57	0.3	1
456388.4941999999	0.79	0.2	1
457236.9303999999	0.94	0.2	1
458086.0703999999	0.76	0.2	1
458935.9141999999	0.78	0.2	1
459786.4617999999	0.86	0.2	1
460637.7131999999	0.63	0.2	1
461489.6683999999	0.86	0.2	1
462342.3273999999	0.91	0.2	1
463195.6901999999	0.74	0.2	1
464049.7567999999	0.83	0.2	1
464904.87719999993	0.54	0.3	1
465761.05139999994	0.73	0.3	1
466617.92939999996	0.87	0.2	1
467475.51119999995	0.9	0.2	1
468334.14679999993	0.54	0.3	1
469193.8361999999	0.59	0.3	1
470054.57939999993	0.46	0.3	1
470916.0263999999	0.88	0.2	1
471778.1771999999	0.64	0.2	1
472641.03179999994	0.87	0.2	1
473504.5901999999	0.88	0.2	1
474368.8523999999	0.88	0.2	1
475233.81839999993	0.88	0.2	1
476099.4881999999	0.88	0.2	1
476965.8617999999	0.75	0.2	1
477832.9391999999	0.9	0.2	1
478701.0703999999	0.53	0.3	1
479570.2553999999	0.6	0.3	1
480440.1441999999	0.81	0.2	1
481310.7367999999	0.9	0.2	1
482182.0331999999	0.64	0.2	1
483054.0333999999	0.86	0.2	1
483926.7373999999	0.82	0.2	1
484800.1451999999	0.71	0.2	1
485674.6067999999	0.59	0.3	1
486549.7721999999	0.83	0.2	1
487425.9913999999	0.62	0.3	1
488303.26439999987	0.56	0.3	1
489181.59119999985	0.63	0.3	1
490060.62179999985	0.9	0.2	1
490940.35619999986	0.84	0.2	1
491820.79439999984	0.89	0.2	1
492701.93639999983	0.7	0.2	1
493583.78219999984	0.89	0.2	1
494466.33179999987	0.9	0.2	1
495349.58519999986	0.77	0.2	1
496233.54239999986	0.85	0.2	1
497118.2033999999	0.88	0.2	1
498003.9181999999	0.61	0.3	1
498890.3367999999	0.73	0.2	1
499777.45919999987	0.89	0.2	1
500665.2853999999	0.83	0.2	1
501553.8153999999	0.86	0.2	1
502443.0491999999	0.79	0.2	1
503332.9867999999	0.91	0.2	1
504223.6281999999	0.89	0.2	1
505114.9733999999	0.9	0.2	1
506007.3723999999	0.45	0.3	1
506900.47519999987	0.75	0.2	1
507794.63179999986	0.55	0.3	1
508689.84219999984	0.69	0.3	1
509586.1063999998	0.54	0.3	1
510483.42439999984	0.54	0.3	1
511381.44619999983	0.87	0.2	1
512280.17179999984	0.93	0.2	1
513179.95119999984	0.56	0.3	1
514080.43439999985	0.93	0.2	1
514981.6213999998	0.88	0.2	1
515883.86219999986	0.54	0.3	1
516786.80679999985	0.82	0.2	1
517690.45519999985	0.74	0.2	1
518594.8073999999	0.96	0.2	1
519499.86339999986	0.86	0.2	1
520405.62319999986	0.89	0.2	1
521312.0867999999	0.67	0.2	1
522219.25419999985	0.77	0.2	1
523127.12539999984	0.89	0.2	1
524035.70039999986	0.79	0.2	1
524944.9791999998	0.87	0.2	1
525854.9617999998	0.96	0.2	1
526765.6481999998	0.86	0.2	1
527677.0383999998	0.75	0.2	1
528589.1323999999	0.8	0.2	1
529501.9301999998	0.72	0.2	1
530415.4317999998	0.97	0.2	1
531329.9871999997	0.6	0.3	1
532245.2463999997	0.6	0.2	1
533161.2093999997	0.77	0.2	1
534077.8761999997	0.75	0.2	1
534995.5967999997	0.46	0.3	1
535914.0211999997	0.96	0.2	1
536833.1493999998	0.84	0.2	1
537752.9813999998	0.94	0.2	1
538673.5171999998	0.59	0.2	1
539594.7567999997	0.68	0.2	1
540516.7001999997	0.68	0.2	1
541439.3473999997	0.87	0.2	1
542362.6983999998	0.82	0.2	1
543285.7531999998	0.81	0.2	1
544209.5117999997	0.95	0.2	1
544927.9741999997	0.71	0.2	1
545562.1403999997	0.64	0.2	1
546197.3603999997	0.52	0.3	1
546833.2841999996	0.88	0.2	1
547469.9117999997	0.82	0.2	1
548107.5931999997	0.64	0.3	1
548745.9783999997	0.78	0.2	1
549385.0673999997	0.69	0.2	1
550025.2101999997	0.76	0.3	1
550666.0567999998	0.73	0.2	1
551293.9571999998	0.65	0.3	1
551922.5613999998	0.88	0.2	1
552552.2193999998	0.78	0.3	1
553182.9311999999	0.83	0.3	1
553814.3467999998	0.78	0.2	1
554446.8161999998	0.79	0.3	1
555080.3393999998	0.78	0.3	1
555714.5663999998	0.82	0.2	1
556349.8471999997	0.62	0.3	1
556986.1817999997	0.84	0.3	1
557623.5701999997	0.66	0.3	1
558262.0123999998	0.83	0.3	1
558901.5083999998	0.67	0.3	1
559542.0581999999	0.78	0.3	1
560183.6617999999	0.63	0.3	1
560826.3191999999	0.65	0.3	1
561470.0303999999	0.69	0.3	1
562114.7954	0.76	0.3	1
562760.6142	0.75	0.3	1
563406.1368	0.88	0.2	1
564052.7132	0.59	0.3	1
564699.9934	0.84	0.2	1
565348.3274000001	0.45	0.3	1
565997.3652000001	0.8	0.2	1
566647.1068000001	0.85	0.2	1
567297.5522	0.87	0.2	1
567948.7014	0.73	0.2	1
568600.5544	0.84	0.2	1
569253.1112	0.77	0.2	1
569906.3718000001	0.89	0.2	1
570560.3362000001	0.7	0.2	1
571215.0044000001	0.75	0.2	1
571870.7264	0.61	0.3	1
572527.1522	0.77	0.2	1
573184.2818	0.86	0.2	1
573842.1152	0.91	0.2	1
574500.6524	0.77	0.2	1
575159.8934000001	0.85	0.2	1
575819.8382000001	0.85	0.2	1
576480.4868000001	0.69	0.2	1
577141.8392	0.81	0.2	1
577804.2454	0.61	0.3	1
578467.3554	0.76	0.2	1
579131.1692	0.9	0.2	1
579795.6868	0.86	0.2	1
580460.9082000001	0.81	0.2	1
581127.1834000001	0.75	0.3	1
581794.1624000001	0.75	0.2	1
582462.1952000002	0.71	0.3	1
583131.2818000002	0.61	0.3	1
583801.0722000003	0.7	0.2	1
584471.9164000003	0.68	0.3	1
585143.4644000003	0.82	0.2	1
585816.0662000002	0.71	0.3	1
586489.7218000003	0.64	0.3	1
587164.0812000002	0.82	0.2	1
587839.4944000002	0.61	0.3	1
588515.6114000002	0.91	0.2	1
589192.4322000002	0.76	0.2	1
589870.3068000001	0.62	0.3	1
590548.8852000001	0.81	0.2	1
591228.5174000001	0.66	0.3	1
591909.2034000001	0.64	0.3	1
592590.9432000001	0.61	0.3	1
593273.7368000001	0.62	0.3	1
593957.5842	0.64	0.3	1
594642.1354	0.79	0.2	1
595327.3904	0.92	0.2	1
596013.3492	0.65	0.2	1
596700.0118000001	0.83	0.2	1
597387.3782000002	0.8	0.2	1
598075.7984000002	0.68	0.3	1
598764.9224000002	0.8	0.2	1
599454.7502000001	0.77	0.2	1
600145.6318000001	0.7	0.3	1
600837.2172000001	0.81	0.2	1
601529.8564	0.65	0.3	1
602223.5494	0.67	0.3	1
602918.2962	0.59	0.3	1
603612.7468	0.83	0.2	1
604308.2511999999	0.66	0.3	1
605004.8093999999	0.77	0.3	1
605702.4213999999	0.69	0.3	1
606401.0871999998	0.59	0.3	1
607100.4567999998	0.82	0.2	1
607800.8801999998	0.71	0.3	1
608502.3573999997	0.8	0.3	1
609204.8883999997	0.6	0.3	1
609908.4731999997	0.65	0.3	1
610613.1117999996	0.66	0.3	1
611318.4541999996	0.81	0.2	1
612023.8503999995	0.68	0.3	1
612730.3003999995	0.6	0.3	1
613437.4541999995	0.83	0.2	1
614145.6617999994	0.79	0.3	1
614854.5731999994	0.81	0.2	1
615564.1883999994	0.79	0.2	1
616274.8573999994	0.67	0.3	1
616986.5801999994	0.69	0.3	1
617699.3567999994	0.67	0.3	1
618412.8371999994	0.7	0.2	1
619127.3713999994	0.73	0.3	1
619842.9593999994	0.7	0.3	1
620559.2511999994	0.78	0.2	1
621276.2467999994	0.79	0.2	1
621993.9461999994	0.83	0.2	1
622712.3493999994	0.8	0.2	1
623431.4563999993	0.7	0.2	1
624151.2671999993	0.7	0.2	1
624872.1317999993	0.67	0.3	1
625594.0501999992	0.61	0.3	1
626316.6723999992	0.94	0.2	1
627040.3483999992	0.72	0.3	1
627764.7281999992	0.87	0.2	1
628489.8117999992	0.79	0.2	1
629215.9491999992	0.72	0.3	1
629942.7903999992	0.72	0.2	1
630670.6853999993	0.71	0.3	1
631399.6341999993	0.5	0.3	1
632129.2867999993	0.76	0.2	1
632859.9931999993	0.59	0.3	1
633591.4033999994	0.77	0.2	1
634323.5173999993	0.71	0.2	1
635056.6851999994	0.68	0.3	1
635790.9067999994	0.65	0.3	1
636526.1821999995	0.72	0.3	1
637262.5113999995	0.5	0.3	1
637999.8943999995	0.61	0.3	1
638738.3311999995	0.79	0.3	1
639477.8217999996	0.68	0.3	1
640218.0161999996	0.87	0.2	1
640959.2643999996	0.61	0.3	1
641701.2163999997	0.79	0.2	1
642444.2221999997	0.62	0.3	1
643188.2817999998	0.71	0.3	1
643933.3951999998	0.59	0.3	1
644679.5623999998	0.73	0.3	1
645426.7833999998	0.59	0.3	1
646175.0581999999	0.62	0.3	1
646924.3867999999	0.65	0.3	1
647674.7691999999	0.72	0.3	1
648426.2053999999	0.57	0.3	1
649178.6953999999	0.63	0.3	1
649931.8891999999	0.77	0.2	1
650686.1367999999	0.68	0.3	1
651441.4381999999	0.54	0.3	1
652197.4433999999	0.67	0.2	1
652954.5023999999	0.61	0.3	1
653712.6151999999	0.67	0.3	1
654471.7817999999	0.6	0.3	1
655232.0021999999	0.62	0.3	1
655993.2763999999	0.67	0.3	1
656755.2543999999	0.73	0.2	1
657518.2861999999	0.73	0.3	1
658282.3717999998	0.7	0.3	1
659047.5111999998	0.58	0.3	1
659813.7043999998	0.6	0.3	1
660580.9513999998	0.78	0.3	1
661348.9021999998	0.84	0.2	1
662117.9067999998	0.73	0.3	1
662887.9651999997	0.64	0.3	1
663659.0773999997	0.66	0.3	1
664431.2433999997	0.72	0.3	1
665204.4631999996	0.68	0.3	1
665978.3867999996	0.66	0.2	1
666753.3641999996	0.64	0.3	1
667529.0453999996	0.82	0.2	1
668305.7803999996	0.67	0.3	1
669083.5691999996	0.62	0.3	1
669862.4117999995	0.65	0.3	1
670642.3081999995	0.57	0.3	1
671423.2583999995	0.67	0.3	1
672205.2623999994	0.7	0.3	1
672987.9701999994	0.85	0.2	1
673771.7317999994	0.62	0.3	1
674556.5471999993	0.53	0.3	1
675342.4163999993	0.74	0.3	1
676128.9893999993	0.77	0.2	1
676916.6161999992	0.81	0.3	1
677704.9467999992	0.76	0.2	1
678494.3311999992	0.62	0.3	1
679284.4193999992	0.85	0.2	1
680075.5613999992	0.64	0.3	1
680867.4071999992	0.74	0.2	1
681660.3067999992	0.64	0.3	1
682454.2601999992	0.76	0.3	1
683248.9173999992	0.75	0.2	1
684044.6283999992	0.68	0.3	1
684841.3931999992	0.57	0.3	1
685639.2117999992	0.64	0.3	1
686438.0841999992	0.72	0.3	1
687238.0103999992	0.64	0.3	1
688038.6403999992	0.88	0.2	1
688840.3241999992	0.59	0.3	1
689642.7117999992	0.77	0.2	1
690445.8031999993	0.77	0.2	1
691249.5983999993	0.68	0.2	1
692054.4473999994	0.68	0.3	1
692860.3501999994	0.6	0.3	1
693666.9567999995	0.84	0.2	1
694474.2671999994	0.7	0.2	1
695282.6313999994	0.67	0.3	1
696092.0493999993	0.55	0.3	1
696902.1711999993	0.75	0.2	1
697712.9967999993	0.72	0.2	1
698524.5261999993	0.83	0.2	1
699336.7593999993	0.76	0.2	1
700149.6963999993	0.8	0.2	1
700963.6871999993	0.7	0.3	1
701778.3817999994	0.83	0.2	1
702594.1301999994	0.65	0.3	1
703410.5823999995	0.79	0.2	1
704228.0883999995	0.67	0.3	1
705046.6481999996	0.71	0.3	1
705866.2617999996	0.61	0.3	1
706686.5791999997	0.91	0.2	1
707507.6003999996	0.77	0.2	1
708329.6753999996	0.82	0.3	1
709152.4541999996	0.93	0.2	1
709975.9367999996	0.8	0.2	1
710800.4731999995	0.73	0.3	1
711626.0633999995	0.59	0.3	1
712452.7073999995	0.8	0.3	1
713280.0551999995	0.76	0.2	1
714108.1067999995	0.75	0.2	1
714936.8621999995	0.88	0.2	1
715766.6713999995	0.65	0.3	1
716597.5343999995	0.65	0.3	1
717429.4511999995	0.58	0.3	1
718262.0717999996	0.79	0.2	1
719095.7461999996	0.74	0.3	1
719930.1243999996	0.88	0.2	1
720765.5563999997	0.66	0.3	1
721602.0421999997	0.64	0.3	1
722439.5817999997	0.6	0.3	1
723277.8251999997	0.87	0.2	1
724116.7723999998	0.72	0.2	1
724956.4233999997	0.84	0.2	1
725797.1281999997	0.72	0.3	1
726638.5367999997	0.78	0.2	1
727480.6491999996	0.74	0.2	1
728323.4653999996	0.71	0.2	1
729167.3353999996	0.65	0.3	1
730012.2591999996	0.64	0.3	1
730858.2367999996	0.71	0.3	1
731704.9181999996	0.73	0.2	1
732552.3033999996	0.77	0.2	1
733400.3923999997	0.78	0.2	1
734249.5351999997	0.62	0.3	1
735099.3817999997	0.7	0.2	1
735949.9321999997	0.86	0.2	1
736801.1863999997	0.82	0.2	1
737653.1443999996	0.66	0.2	1
738505.8061999996	0.78	0.2	1
739359.1717999997	0.74	0.2	1
740213.5911999997	0.58	0.3	1
741068.7143999997	0.81	0.2	1
741924.8913999997	0.75	0.3	1
742781.7721999998	0.74	0.2	1
743639.7067999998	0.69	0.3	1
744498.6951999998	0.62	0.3	1
745358.7373999999	0.68	0.3	1
746219.8333999999	0.65	0.3	1
747081.9831999999	0.74	0.3	1
747945.1867999999	0.72	0.3	1
748809.0941999999	0.79	0.2	1
749674.0554	0.62	0.3	1
750540.0704	0.74	0.3	1
751407.1392	0.7	0.3	1
752275.2618	0.7	0.3	1
753144.4382	0.57	0.3	1
754014.3184	0.77	0.2	1
754884.9024	0.86	0.2	1
755756.5402	0.49	0.3	1
756628.8818000001	0.8	0.2	1
757502.2772000001	0.84	0.3	1
758376.7264000002	0.65	0.3	1
759252.2294000002	0.66	0.3	1
760128.7862000002	0.64	0.3	1
761006.3968000002	0.73	0.3	1
761884.7112000003	0.84	0.2	1
762764.0794000003	0.74	0.3	1
763644.1514000003	0.86	0.2	1
764525.2772000004	0.7	0.3	1
765407.4568000004	0.57	0.3	1
766290.3402000004	0.71	0.2	1
767172.9274000004	0.71	0.2	1
768056.5684000003	0.65	0.3	1
768941.2632000004	0.5	0.3	1
769826.6618000004	0.77	0.2	1
770713.1142000003	0.62	0.3	1
771600.2704000003	0.83	0.2	1
772488.4804000002	0.63	0.3	1
773377.3942000002	0.84	0.2	1
774267.0118000002	0.67	0.2	1
775157.3332000002	0.71	0.2	1
776048.7084000002	0.53	0.3	1
776941.1374000002	0.53	0.3	1
777834.2702000003	0.6	0.2	1
778728.1068000003	0.68	0.2	1
779622.9972000003	0.64	0.3	1
780518.9414000004	0.62	0.3	1
781415.5894000004	0.73	0.2	1
782312.9412000004	0.68	0.2	1
783211.3468000004	0.6	0.3	1
784110.4562000004	0.81	0.2	1
785010.2694000003	0.73	0.2	1
785911.1364000003	0.52	0.3	1
786813.0572000003	0.54	0.3	1
787716.0318000002	0.53	0.3	1
788619.7102000002	0.68	0.2	1
789524.0924000002	0.8	0.2	1
790429.1784000002	0.69	0.2	1
791334.9682000002	0.71	0.2	1
792241.8118000003	0.54	0.3	1
793149.3592000003	0.73	0.2	1
794057.9604000003	0.5	0.3	1
794967.6154000004	0.51	0.3	1
795878.3242000004	0.61	0.3	1
796790.0868000004	0.67	0.3	1
797702.5532000004	0.71	0.2	1
798615.7234000005	0.71	0.2	1
799529.9474000005	0.56	0.3	1
800445.2252000006	0.53	0.3	1
801361.2068000006	0.67	0.2	1
802277.8922000006	0.82	0.2	1
803195.2814000006	0.79	0.2	1
804113.3744000006	0.73	0.2	1
805032.1712000006	0.64	0.2	1
805952.0218000006	0.63	0.3	1
806871.5762000006	0.9	0.2	1
807791.8344000006	0.68	0.2	1
808712.7964000007	0.66	0.2	1
809634.8122000007	0.66	0.3	1
810557.8818000008	0.71	0.3	1
811482.0052000008	0.65	0.3	1
812407.1824000009	0.63	0.3	1
813333.4134000009	0.63	0.3	1
814260.3482000009	0.83	0.2	1
815188.336800001	0.75	0.3	1
816117.029200001	0.72	0.2	1
817046.7754000011	0.6	0.3	1
817977.225400001	0.89	0.2	1
818908.729200001	0.69	0.3	1
819840.936800001	0.83	0.2	1
820774.1982000009	0.68	0.3	1
821708.1634000009	0.75	0.2	1
822643.1824000009	0.6	0.3	1
823579.2552000008	0.77	0.3	1
824516.0318000008	0.77	0.2	1
825453.8622000008	0.67	0.3	1
826392.3964000008	0.82	0.2	1
827331.6344000008	0.73	0.2	1
828271.9262000008	0.53	0.3	1
829213.2718000008	0.7	0.3	1
830155.6712000008	0.69	0.3	1
831099.1244000008	0.72	0.3	1
832043.6314000008	0.68	0.3	1
832988.8422000008	0.83	0.2	1
833934.7568000008	0.88	0.2	1
834881.3752000008	0.75	0.2	1
835829.0474000009	0.82	0.3	1
836777.7734000009	0.59	0.3	1
837727.2032000009	0.72	0.2	1
838677.686800001	0.82	0.3	1
839629.224200001	0.57	0.3	1
840581.465400001	0.78	0.2	1
841534.7604000011	0.68	0.3	1
842489.1092000011	0.71	0.3	1
843444.1618000012	0.84	0.2	1
844400.2682000012	0.63	0.3	1
845357.4284000013	0.61	0.3	1
846315.6424000013	0.71	0.3	1
847274.9102000013	0.7	0.3	1
848235.2318000013	0.58	0.3	1
849196.6072000014	0.71	0.3	1
850159.0364000014	0.61	0.3	1
851122.5194000014	0.58	0.3	1
852087.0562000014	0.63	0.3	1
853052.6468000014	0.62	0.3	1
854019.2912000014	0.63	0.3	1
854986.9894000014	0.66	0.3	1
855955.3914000014	0.74	0.2	1
856924.4972000014	0.77	0.2	1
857894.3068000014	0.74	0.2	1
858864.8202000015	0.76	0.2	1
859836.3874000015	0.69	0.3	1
860809.0084000016	0.71	0.3	1
861782.6832000016	0.6	0.3	1
862757.0618000017	0.7	0.2	1
863732.1442000016	0.79	0.2	1
864708.2804000016	0.69	0.3	1
865685.4704000015	0.6	0.3	1
866663.7142000016	0.77	0.3	1
867643.0118000016	0.71	0.3	1
868623.0132000016	0.75	0.2	1
869604.0684000015	0.64	0.3	1
870586.1774000016	0.52	0.3	1
871569.3402000016	0.59	0.3	1
872553.5568000017	0.62	0.3	1
873538.4772000016	0.78	0.2	1
874524.4514000016	0.61	0.3	1
875511.4794000017	0.6	0.3	1
876499.5612000017	0.62	0.3	1
877488.3468000017	0.87	0.2	1
878478.1862000017	0.64	0.3	1
879469.0794000018	0.74	0.3	1
880460.6764000017	0.72	0.2	1
881452.9772000017	0.82	0.2	1
882446.3318000017	0.62	0.3	1
883440.7402000016	0.65	0.3	1
884436.2024000016	0.63	0.3	1
885432.7184000015	0.78	0.3	1
886430.2882000016	0.73	0.3	1
887428.9118000016	0.62	0.3	1
888428.5892000017	0.63	0.3	1
889429.3204000017	0.72	0.3	1
890431.1054000017	0.65	0.3	1
891433.9442000018	0.59	0.3	1
892437.8368000018	0.7	0.3	1
893442.7832000018	0.63	0.3	1
894448.7834000018	0.56	0.3	1
895455.8374000018	0.6	0.3	1
896463.5952000018	0.81	0.2	1
897472.4068000019	0.82	0.3	1
898482.2722000019	0.7	0.3	1
899493.1914000019	0.72	0.3	1
900505.1644000019	0.74	0.3	1
901517.8412000019	0.91	0.2	1
902531.5718000019	0.51	0.3	1
903546.3562000019	0.67	0.3	1
904562.1944000019	0.71	0.3	1
905579.0864000019	0.74	0.3	1
906596.6822000019	0.72	0.2	1
907615.3318000019	0.6	0.3	1
908634.6852000019	0.74	0.2	1
909655.092400002	0.72	0.3	1
910676.553400002	0.59	0.3	1
911698.718200002	0.79	0.2	1
912721.936800002	0.69	0.3	1
913745.859200002	0.78	0.2	1
914770.8354000021	0.72	0.3	1
915796.5154000021	0.78	0.2	1
916822.8992000021	0.73	0.2	1
917850.336800002	0.6	0.3	1
918878.8282000021	0.52	0.3	1
919908.3734000021	0.68	0.3	1
920938.6224000021	0.72	0.2	1
921969.5752000021	0.7	0.2	1
923001.231800002	0.74	0.2	1
924033.942200002	0.64	0.3	1
925067.706400002	0.58	0.3	1
926102.524400002	0.66	0.3	1
927138.3962000019	0.7	0.3	1
928175.3218000019	0.66	0.3	1
929213.3012000018	0.82	0.3	1
930252.3344000018	0.62	0.3	1
931292.4214000019	0.72	0.3	1
932333.2122000018	0.72	0.2	1
933375.0568000018	0.61	0.3	1
934417.9552000017	0.77	0.3	1
935461.9074000018	0.73	0.3	1
936506.9134000018	0.69	0.3	1
937552.9732000019	0.7	0.3	1
938600.0868000019	0.75	0.3	1
939648.254200002	0.62	0.3	1
940697.125400002	0.75	0.2	1
941746.700400002	0.83	0.2	1
942796.9792000019	0.81	0.2	1
943848.3118000019	0.69	0.3	1
944900.3482000019	0.84	0.2	1
945953.0884000019	0.77	0.2	1
947006.8824000019	0.55	0.3	1
948061.7302000019	0.65	0.3	1
949117.6318000018	0.62	0.3	1
950174.5872000018	0.56	0.3	1
951232.2464000018	0.76	0.2	1
952290.9594000018	0.66	0.3	1
953350.7262000018	0.71	0.3	1
954411.5468000018	0.64	0.3	1
955473.4212000017	0.77	0.3	1
956535.9994000017	0.75	0.2	1
957599.6314000017	0.71	0.3	1
958664.3172000017	0.63	0.3	1
959730.0568000017	0.59	0.3	1
960796.5002000016	0.85	0.2	1
961862.9974000016	0.69	0.3	1
962930.5484000016	0.66	0.3	1
963999.1532000016	0.69	0.3	1
965068.4618000016	0.87	0.2	1
966138.8242000015	0.57	0.3	1
967210.2404000015	0.65	0.3	1
968282.3604000015	0.73	0.2	1
969355.1842000015	0.78	0.2	1
970429.0618000015	0.57	0.3	1
971503.9932000015	0.61	0.3	1
972579.9784000015	0.7	0.3	1
973656.6674000015	0.75	0.2	1
974734.4102000016	0.62	0.3	1
975812.8568000016	0.73	0.2	1
976892.0072000016	0.75	0.2	1
977971.8614000016	0.86	0.2	1
979052.7694000016	0.64	0.3	1
980134.7312000017	0.69	0.3	1
981217.3968000016	0.76	0.2	1
982300.7662000016	0.94	0.2	1
983385.1894000015	0.62	0.3	1
984470.6664000015	0.69	0.3	1
985556.8472000015	0.79	0.2	1
986644.0818000014	0.58	0.3	1
987732.0202000014	0.67	0.2	1
988820.6624000014	0.86	0.2	1
989910.0084000014	0.85	0.2	1
991000.4082000015	0.59	0.3	1
992091.8618000015	0.68	0.3	1
993184.3692000015	0.76	0.3	1
994277.9304000015	0.64	0.3	1
995372.1954000015	0.84	0.2	1
996467.5142000015	0.7	0.3	1
997563.8868000015	0.65	0.3	1
998660.9632000015	0.75	0.2	1
999759.0934000015	0.67	0.3	1
1000858.2774000015	0.66	0.3	1
1001958.1652000016	0.84	0.2	1
1003059.1068000016	0.58	0.3	1
1004160.7522000016	0.72	0.2	1
1005263.1014000017	0.79	0.2	1
1006366.1544000016	0.62	0.2	1
1007469.9112000016	0.77	0.2	1
1008574.7218000016	0.59	0.3	1
1009680.5862000015	0.66	0.3	1
1010787.1544000015	0.87	0.2	1
1011894.7764000015	0.45	0.3	1
1013003.1022000015	0.82	0.2	1
1014112.4818000015	0.75	0.3	1
1015222.5652000015	0.93	0.2	1
1016333.3524000015	0.8	0.2	1
1017445.1934000015	0.56	0.3	1
1018558.0882000015	0.63	0.3	1
1019671.6868000015	0.73	0.2	1
1020786.3392000016	0.59	0.3	1
1021902.0454000016	0.62	0.3	1
1023018.8054000016	0.66	0.3	1
1024136.2692000016	0.86	0.2	1
1025254.7868000016	0.61	0.3	1
1026374.0082000017	0.58	0.2	1
1027494.2834000017	0.53	0.3	1
1028615.6124000017	0.64	0.3	1
1029737.9952000018	0.58	0.3	1
1030861.0818000018	0.8	0.2	1
1031985.2222000018	0.6	0.3	1
1033110.4164000018	0.62	0.3	1
1034236.3144000019	0.8	0.2	1
1035362.9162000018	0.73	0.2	1
1036490.2218000018	0.75	0.2	1
1037618.2312000018	0.67	0.2	1
1038747.2944000018	0.62	0.3	1
1039877.0614000018	0.75	0.2	1
1041007.5322000018	0.82	0.2	1
1042138.7068000018	0.68	0.2	1
1043270.9352000018	0.65	0.3	1
1044404.2174000018	0.75	0.3	1
1045538.2034000019	0.81	0.2	1
1046672.8932000019	0.7	0.2	1
1047808.636800002	0.66	0.3	1
1048945.4342000019	0.62	0.3	1
1050082.935400002	0.87	0.2	1
1051221.140400002	0.73	0.2	1
1052360.049200002	0.75	0.2	1
1053500.011800002	0.55	0.3	1
1054641.0282000022	0.6	0.3	1
1055783.098400002	0.71	0.3	1
1056926.2224000022	0.61	0.3	1
1058070.4002000021	0.63	0.3	1
1059215.6318000022	0.62	0.3	1
1060361.9172000021	0.6	0.3	1
1061508.906400002	0.62	0.2	1
1062656.599400002	0.66	0.2	1
1063805.3462000021	0.7	0.3	1
1064955.146800002	0.71	0.3	1
1066106.0012000022	0.59	0.3	1
1067257.5594000022	0.85	0.2	1
1068409.8214000023	0.93	0.2	1
1069563.1372000023	0.61	0.3	1
1070717.5068000024	0.75	0.3	1
1071872.9302000024	0.66	0.3	1
1073029.0574000024	0.78	0.2	1
1074185.8884000024	0.68	0.2	1
1075343.7732000025	0.57	0.3	1
1076502.7118000025	0.66	0.3	1
1077662.3542000025	0.7	0.2	1
1078823.0504000024	0.69	0.3	1
1079984.8004000024	0.7	0.3	1
1081147.6042000025	0.63	0.3	1
1082311.4618000025	0.62	0.3	1
1083476.3732000026	0.63	0.3	1
1084642.3384000026	0.58	0.3	1
1085809.0074000026	0.68	0.2	1
1086976.7302000027	0.52	0.3	1
1088145.1568000026	0.78	0.2	1
1089314.6372000026	0.67	0.3	1
1090484.8214000026	0.84	0.2	1
1091656.0594000025	0.71	0.3	1
1092828.3512000025	0.62	0.3	1
1094001.6968000024	0.59	0.3	1
1095176.0962000024	0.68	0.3	1
1096351.5494000025	0.63	0.3	1
1097527.7064000024	0.7	0.2	1
1098704.9172000024	0.53	0.3	1
1099883.1818000025	0.59	0.3	1
1101062.5002000025	0.61	0.3	1
1102242.8724000026	0.63	0.3	1
1103424.2984000025	0.57	0.3	1
1104606.7782000026	0.55	0.3	1
1105790.3118000026	0.62	0.3	1
1106974.5492000026	0.77	0.2	1
1108159.8404000027	0.67	0.3	1
1109345.8354000028	0.87	0.2	1
1110532.8842000028	0.64	0.3	1
1111720.9868000029	0.68	0.3	1
1112910.1432000028	0.7	0.3	1
1114100.353400003	0.69	0.3	1
1115291.617400003	0.55	0.3	1
1116483.935200003	0.69	0.3	1
1117676.956800003	0.69	0.2	1
1118871.032200003	0.65	0.3	1
1120066.1614000031	0.89	0.3	1
1121261.9944000032	0.75	0.2	1
1122458.8812000032	0.66	0.3	1
1123656.8218000033	0.74	0.3	1
1124855.8162000033	0.68	0.3	1
1126054.8644000033	0.6	0.3	1
1127254.9664000033	0.76	0.3	1
1128455.7722000033	0.8	0.2	1
1129657.2818000033	0.78	0.2	1
1130532.4952000033	0.48	0.2	1
1131252.4124000033	0.69	0.2	1
1131973.0334000033	0.7	0.2	1
1132694.3582000034	0.74	0.2	1
1133416.3868000035	0.52	0.2	1
1134139.1192000036	0.62	0.2	1
1134862.5554000037	0.52	0.2	1
1135587.0454000037	0.46	0.3	1
1136169.2392000037	0.81	0.2	1
1136682.1368000037	0.74	0.2	1
1137186.7382000037	0.75	0.2	1
1137655.3934000037	0.56	0.3	1
1138107.7524000036	0.4	0.2	1
1138514.8152000036	0.29	0.2	1
1138870.5818000035	0.81	0.2	1
1139147.0522000035	0.15	0.2	1
1139405.2264000035	0.25	0.2	1
1139664.1044000036	0.33	0.2	1
1139923.6862000036	0.52	0.2	1
1140183.9718000037	0.1	0.2	1
1140424.9612000037	0.75	0.2	1
1140579.0044000037	0.77	0.3	1
1140734.1014000038	0.8	0.3	1
1140890.2522000037	0.78	0.3	1
1141047.4568000038	0.77	0.3	1
1141205.3652000038	0.96	0.2	1
1141364.3274000038	0.83	0.3	1
1141524.3434000039	0.82	0.3	1
1141655.4132000038	0.74	0.3	1
1141787.5368000038	0.9	0.3	1
1141920.7142000038	0.75	0.3	1
1142054.9454000038	0.71	0.3	1
1142190.2304000037	0.85	0.3	1
1142325.5692000038	0.65	0.3	1
1142461.9618000037	0.72	0.3	1
1142584.0582000036	0.51	0.2	1
1142624.2084000036	0.65	0.3	1
1142665.0624000037	0.7	0.2	1
1142665.7662000037	0.61	0.2	1
1142666.8200000038	0.38	0.3	1
1142667.5238000038	0.44	0.2	1
1142668.2276000038	0.65	0.2	1
1142668.9314000038	0.44	0.2	1
1142669.6352000039	0.45	0.2	1
1142670.689000004	0.1	0.3	1
1142671.742800004	0.67	0.3	1
1142673.850400004	0.45	0.3	1
1142674.9042000042	0.17	0.3	1
1142675.9580000043	0.31	0.3	1
1142676.6618000043	0.65	0.2	1
1142678.4194000042	0.56	0.3	1
1142680.8808000041	0.7	0.2	1
1142684.046000004	0.66	0.2	1
1142687.915000004	0.66	0.2	1
1142692.837800004	0.55	0.3	1
1142693.8916000042	0.65	0.3	1
1142695.9992000042	0.53	0.3	1
1142698.8106000042	0.82	0.2	1
1142702.3258000042	0.23	0.2	1
1142706.894800004	0.45	0.3	1
1142712.517600004	0.43	0.3	1
1142718.8442000041	0.27	0.2	1
1142726.224600004	0.45	0.3	1
1142734.308800004	0.26	0.2	1
1142743.446800004	0.45	0.3	1
1142753.288600004	0.27	0.2	1
1142763.834200004	0.26	0.2	1
1142764.8880000042	0.49	0.3	1
1142766.6456000041	0.58	0.2	1
1142769.107000004	0.63	0.2	1
1142772.272200004	0.53	0.2	1
1142776.491200004	0.53	0.3	1
1142781.764000004	0.46	0.3	1
1142788.090600004	0.45	0.3	1
1142795.4710000039	0.35	0.3	1
1142796.524800004	0.06	0.3	1
1142797.228600004	0.28	0.2	1
1142798.636200004	0.3	0.2	1
1142800.747600004	0.12	0.2	1
1142803.5628000041	0.31	0.2	1
1142807.0818000042	0.29	0.2	1
1142808.1356000043	0.87	0.3	1
1142809.1894000045	0.09	0.3	1
1142810.2432000046	0.86	0.3	1
1142810.9470000046	0.23	0.2	1
1142812.7046000045	0.81	0.3	1
1142815.1660000044	0.24	0.2	1
1142818.3312000043	0.27	0.2	1
1142822.2002000043	0.35	0.2	1
1142826.7730000042	0.29	0.2	1
1142827.4768000043	0.95	0.2	1
1142828.5306000044	0.75	0.3	1
1142829.2344000044	0.53	0.2	1
1142830.6420000044	0.46	0.2	1
1142832.7534000045	0.63	0.2	1
1142835.5686000045	0.66	0.2	1
1142839.0876000046	0.64	0.2	1
1142843.3104000047	0.69	0.2	1
1142848.2370000046	0.68	0.2	1
1142854.2174000046	0.43	0.3	1
1142860.9016000046	0.5	0.2	1
1142868.6396000045	0.34	0.3	1
1142877.0814000044	0.68	0.2	1
1142886.5770000045	0.37	0.3	1
1142896.7764000045	0.59	0.2	1
1142907.6796000046	0.5	0.2	1
1142919.2866000046	0.57	0.2	1
1142931.5974000047	0.75	0.2	1
1142944.6120000049	0.64	0.2	1
1142958.3304000048	0.72	0.2	1
1142972.7526000047	0.79	0.2	1
1142987.8786000046	0.73	0.2	1
1143003.7084000045	0.64	0.2	1
1143020.2420000045	0.7	0.2	1
1143037.4794000045	0.62	0.2	1
1143055.4206000045	0.7	0.2	1
1143074.0656000045	0.61	0.2	1
1143093.4144000045	0.74	0.2	1
1143112.4670000046	0.5	0.2	1
1143132.2234000047	0.65	0.2	1
1143153.0336000046	0.71	0.3	1
1143174.8976000047	0.64	0.3	1
1143197.8154000046	0.4	0.3	1
1143221.4370000046	0.44	0.2	1
1143245.7624000045	0.71	0.2	1
1143270.7916000045	0.54	0.2	1
1143296.5246000045	0.74	0.2	1
1143322.9614000046	0.76	0.2	1
1143350.1020000046	0.6	0.2	1
1143377.9464000047	0.6	0.2	1
1143406.8446000046	0.44	0.3	1
1143436.4466000046	0.61	0.2	1
1143466.7524000045	0.64	0.2	1
1143498.1120000046	0.4	0.3	1
1143530.1754000047	0.71	0.2	1
1143562.9426000046	0.76	0.2	1
1143596.4136000045	0.52	0.2	1
1143630.5884000044	0.62	0.2	1
1143665.4670000044	0.61	0.2	1
1143701.3994000044	0.46	0.3	1
1143738.0356000045	0.56	0.2	1
1143775.3756000046	0.56	0.2	1
1143813.4194000047	0.56	0.2	1
1143852.1670000046	0.64	0.2	1
1143891.9684000046	0.65	0.3	1
1143932.4736000046	0.69	0.2	1
1143973.6826000046	0.6	0.2	1
1144015.9454000045	0.52	0.3	1
1144059.2620000045	0.55	0.3	1
1144103.2824000046	0.77	0.2	1
1144148.0066000046	0.54	0.2	1
1144193.7846000046	0.64	0.3	1
1144240.2664000045	0.7	0.2	1
1144287.4520000045	0.6	0.2	1
1144335.3414000045	0.69	0.2	1
1144383.9346000045	0.55	0.2	1
1144433.2316000045	0.73	0.2	1
1144483.2324000045	0.7	0.2	1
1144533.9370000046	0.68	0.2	1
1144585.6954000045	0.71	0.3	1
1144638.1576000045	0.67	0.2	1
1144691.3236000044	0.61	0.2	1
1144745.1934000044	0.47	0.2	1
1144800.1170000045	0.43	0.3	1
1144855.7444000046	0.46	0.2	1
1144912.0756000045	0.68	0.2	1
1144969.1106000044	0.69	0.2	1
1145026.8494000044	0.69	0.2	1
