0.7038	0.11	0.2	1
1.7576	0.16	0.3	1
3.8652	0.13	0.3	1
6.6766000000000005	0.14	0.2	1
10.5418	0.13	0.3	1
15.4608	0.13	0.3	1
21.0836	0.69	0.2	1
22.4102	0.74	0.2	1
23.464	0.8	0.3	1
24.517799999999998	0.94	0.3	1
25.571599999999997	0.54	0.3	1
26.625399999999996	0.06	0.3	1
28.732999999999997	0.23	0.3	1
31.894399999999997	0.22	0.3	1
32.5982	0.43	0.2	1
34.0058	0.42	0.2	1
36.1172	0.42	0.2	1
38.932399999999994	0.43	0.2	1
42.45139999999999	0.43	0.2	1
46.67419999999999	0.43	0.2	1
51.60079999999999	0.43	0.2	1
57.231199999999994	0.43	0.2	1
63.5654	0.44	0.2	1
70.6034	0.47	0.2	1
78.6952	0.36	0.3	1
79.399	0.41	0.2	1
80.4528	0.19	0.3	1
82.5604	0.61	0.3	1
85.37180000000001	0.67	0.2	1
88.887	0.77	0.2	1
89.9408	0.64	0.3	1
92.0484	0.54	0.3	1
92.7522	0.99	0.2	1
93.806	0.18	0.3	1
95.9136	0.21	0.3	1
99.075	0.18	0.3	1
102.9402	0.19	0.2	1
107.5092	0.2	0.2	1
113.132	0.19	0.3	1
119.8086	0.17	0.3	1
127.189	0.2	0.2	1
135.6232	0.14	0.3	1
144.7612	0.17	0.2	1
154.603	0.2	0.2	1
165.4986	0.2	0.3	1
177.448	0.19	0.3	1
190.4512	0.18	0.3	1
204.1582	0.2	0.2	1
218.91899999999998	0.16	0.3	1
234.7336	0.2	0.3	1
251.602	0.19	0.3	1
269.5242	0.21	0.3	1
288.5002	0.18	0.3	1
308.18	0.17	0.2	1
328.91360000000003	0.17	0.3	1
350.701	0.19	0.3	1
373.1922	0.21	0.2	1
396.73720000000003	0.18	0.3	1
420.98600000000005	0.21	0.2	1
446.28860000000003	0.18	0.3	1
472.64500000000004	0.19	0.3	1
473.34880000000004	0.45	0.2	1
474.75640000000004	0.5	0.2	1
476.86780000000005	0.48	0.2	1
479.68300000000005	0.59	0.2	1
483.20200000000006	0.52	0.2	1
487.7748	0.44	0.3	1
493.0514	0.53	0.2	1
499.0318	0.58	0.2	1
505.71599999999995	0.69	0.2	1
513.1039999999999	0.43	0.2	1
521.1958	0.43	0.2	1
529.9914	0.49	0.2	1
539.4908	0.5	0.2	1
549.6940000000001	0.43	0.2	1
560.951	0.87	0.3	1
572.9118	0.46	0.2	1
585.9264	0.38	0.3	1
599.6447999999999	0.56	0.2	1
614.0669999999999	0.5	0.2	1
629.1929999999999	0.5	0.2	1
645.0227999999998	0.52	0.2	1
661.5563999999998	0.5	0.2	1
678.7937999999998	0.45	0.2	1
696.7349999999998	0.53	0.2	1
715.3799999999998	0.47	0.2	1
734.7287999999998	0.5	0.2	1
754.7813999999997	0.58	0.2	1
775.5377999999997	0.64	0.2	1
796.9979999999997	0.43	0.2	1
819.5119999999997	0.37	0.3	1
842.7297999999997	0.43	0.2	1
866.6513999999997	0.42	0.2	1
891.2767999999998	0.48	0.2	1
916.6059999999998	0.56	0.2	1
942.6389999999998	0.53	0.2	1
969.3757999999998	0.45	0.2	1
996.8163999999998	0.5	0.2	1
1024.9607999999998	0.47	0.2	1
1053.8089999999997	0.47	0.2	1
1083.3609999999996	0.66	0.2	1
1113.6167999999996	0.58	0.2	1
1144.5763999999995	0.44	0.2	1
1176.5897999999995	0.38	0.3	1
1209.3069999999996	0.54	0.2	1
1242.7279999999996	0.43	0.2	1
1276.8527999999997	0.54	0.2	1
1311.6813999999997	0.57	0.2	1
1347.2137999999998	0.43	0.2	1
1383.4499999999998	0.46	0.2	1
1420.3899999999999	0.55	0.2	1
1458.0338	0.64	0.2	1
1496.3814	0.48	0.2	1
1535.4328	0.45	0.2	1
1575.188	0.53	0.2	1
1615.6470000000002	0.51	0.2	1
1657.1598000000001	0.45	0.3	1
1699.3764	0.5	0.2	1
1742.2968	0.63	0.2	1
1785.921	0.53	0.2	1
1830.5990000000002	0.4	0.3	1
1875.9808000000003	0.71	0.2	1
1922.0664000000002	0.48	0.2	1
1968.8558000000003	0.71	0.2	1
2016.3490000000002	0.47	0.2	1
2064.5460000000003	0.56	0.2	1
2113.4468	0.61	0.2	1
2163.0514000000003	0.48	0.2	1
2213.3598	0.55	0.2	1
2264.3720000000003	0.7	0.2	1
2316.088	0.53	0.2	1
2368.5078000000003	0.5	0.2	1
2421.6314	0.57	0.2	1
2475.4588000000003	0.53	0.2	1
2529.9900000000002	0.65	0.2	1
2585.2250000000004	0.6	0.2	1
2641.1638000000003	0.46	0.2	1
2697.8064000000004	0.48	0.2	1
2755.1528000000003	0.55	0.2	1
2813.2030000000004	0.51	0.2	1
2871.9570000000003	0.54	0.2	1
2931.4148000000005	0.44	0.2	1
2991.5764000000004	0.5	0.2	1
3052.7918000000004	0.31	0.3	1
3114.7110000000002	0.52	0.2	1
3177.3340000000003	0.46	0.2	1
3240.6608	0.42	0.2	1
3304.6914	0.48	0.2	1
3369.4258	0.4	0.2	1
3400.864	0.52	0.2	1
3433.006	0.59	0.2	1
3465.8518	0.53	0.2	1
3499.4013999999997	0.51	0.2	1
3533.6548	0.54	0.2	1
3534.3585999999996	0.72	0.2	1
3535.0623999999993	0.15	0.2	1
3536.4699999999993	0.17	0.2	1
3538.581399999999	0.16	0.2	1
3540.746599999999	0.14	0.3	1
3543.615599999999	0.17	0.2	1
3546.188399999999	0.14	0.2	1
3547.2421999999992	0.12	0.3	1
3548.2959999999994	0.89	0.3	1
3550.403599999999	0.85	0.3	1
3553.564999999999	0.92	0.3	1
3557.7801999999992	0.89	0.3	1
3563.049199999999	0.77	0.3	1
3569.371999999999	0.85	0.3	1
3576.748599999999	0.84	0.3	1
3584.828999999999	0.94	0.2	1
3593.613199999999	0.99	0.2	1
3603.451199999999	0.88	0.3	1
3614.342999999999	0.82	0.3	1
3626.288599999999	0.87	0.3	1
3639.287999999999	0.83	0.3	1
3653.341199999999	0.88	0.3	1
3668.098199999999	0.96	0.2	1
3683.558999999999	0.94	0.2	1
3700.073599999999	0.93	0.3	1
3717.641999999999	0.84	0.3	1
3736.2641999999987	0.83	0.3	1
3755.9401999999986	0.91	0.3	1
3776.6699999999987	0.92	0.3	1
3798.453599999999	0.82	0.3	1
3820.940999999999	0.94	0.2	1
3844.132199999999	0.98	0.2	1
3868.377199999999	0.9	0.3	1
3893.325999999999	0.91	0.2	1
3918.978599999999	0.98	0.2	1
3945.684999999999	0.94	0.3	1
3973.445199999999	0.94	0.3	1
4002.259199999999	0.9	0.3	1
4032.126999999999	0.89	0.3	1
4063.048599999999	0.85	0.3	1
4095.023999999999	0.87	0.3	1
4128.053199999999	0.9	0.3	1
4162.136199999999	0.84	0.3	1
4197.272999999999	0.9	0.3	1
4233.463599999999	0.86	0.3	1
4270.707999999999	0.82	0.3	1
4309.006199999999	0.84	0.3	1
4348.358199999999	0.82	0.3	1
4388.763999999999	0.82	0.3	1
4430.223599999999	0.93	0.3	1
4472.736999999999	0.81	0.3	1
4515.954199999999	0.95	0.2	1
4560.225199999999	0.94	0.3	1
4605.549999999999	0.83	0.3	1
4651.578599999999	0.94	0.2	1
4698.310999999999	0.99	0.2	1
4746.097199999998	0.88	0.3	1
4794.587199999998	0.94	0.2	1
4843.780999999998	0.96	0.2	1
4844.484799999998	0.26	0.2	1
4845.538599999998	0.25	0.3	1
4846.242399999998	0.85	0.2	1
4847.649999999998	0.83	0.2	1
4848.353799999998	0.96	0.2	1
4849.761399999998	0.97	0.2	1
4851.872799999997	0.98	0.2	1
4854.687999999997	0.93	0.2	1
4858.556999999997	0.89	0.3	1
4863.129799999997	1.0	0.2	1
4868.406399999997	0.94	0.2	1
4874.736799999997	0.89	0.3	1
4881.770999999997	0.97	0.2	1
4889.858999999997	0.87	0.3	1
4898.650799999997	0.95	0.2	1
4908.146399999997	0.96	0.2	1
4918.345799999997	0.94	0.2	1
4929.248999999997	0.92	0.2	1
4941.205999999997	0.92	0.3	1
4954.216799999997	0.9	0.3	1
4968.281399999997	0.85	0.3	1
4983.049799999997	0.89	0.2	1
4998.521999999997	0.95	0.2	1
5014.697999999998	0.96	0.2	1
5031.577799999997	0.97	0.2	1
5049.161399999997	0.96	0.2	1
5067.448799999997	0.96	0.2	1
5086.439999999998	0.98	0.2	1
5106.1349999999975	0.96	0.2	1
5126.533799999997	0.94	0.2	1
5147.636399999998	0.97	0.2	1
5169.442799999998	0.92	0.2	1
5191.952999999998	0.85	0.2	1
5215.166999999998	0.94	0.2	1
5239.434799999997	0.92	0.3	1
5264.406399999997	0.98	0.2	1
5290.081799999997	0.93	0.2	1
5316.4609999999975	0.91	0.2	1
5343.8939999999975	0.88	0.3	1
5372.380799999997	0.92	0.3	1
5401.571399999997	1.0	0.2	1
5431.815799999997	0.86	0.3	1
5463.113999999997	0.89	0.3	1
5463.817799999997	0.92	0.2	1
5465.225399999997	0.97	0.2	1
5467.336799999996	0.86	0.2	1
5470.151999999996	0.84	0.2	1
5470.855799999997	1.0	0.2	1
5472.263399999996	0.98	0.2	1
5474.374799999996	1.0	0.2	1
5477.189999999996	1.0	0.2	1
5480.708999999996	1.0	0.2	1
5484.931799999996	0.99	0.2	1
5489.8583999999955	1.0	0.2	1
5495.4887999999955	1.0	0.2	1
5501.822999999996	0.97	0.2	1
5508.860999999995	1.0	0.2	1
5516.602799999995	0.95	0.2	1
5525.048399999995	1.0	0.2	1
5534.197799999995	0.99	0.2	1
5544.050999999995	0.99	0.2	1
5553.607999999995	0.9	0.2	1
5563.868799999995	0.96	0.2	1
5574.833399999995	0.96	0.2	1
5586.501799999995	0.98	0.2	1
5598.873999999994	0.94	0.2	1
5611.949999999994	0.86	0.2	1
5625.729799999995	0.95	0.2	1
5640.213399999994	1.0	0.2	1
5655.400799999994	0.87	0.2	1
5671.291999999994	0.93	0.2	1
5687.886999999994	0.88	0.2	1
5705.185799999994	1.0	0.2	1
5723.188399999994	0.87	0.2	1
5741.894799999994	0.93	0.2	1
5761.304999999994	0.9	0.2	1
5781.4189999999935	0.97	0.2	1
5802.236799999993	0.9	0.2	1
5823.758399999993	0.89	0.2	1
5845.983799999994	0.93	0.2	1
5868.912999999993	0.84	0.2	1
5892.545999999993	0.91	0.2	1
5916.882799999993	0.87	0.2	1
5941.923399999993	0.92	0.2	1
5967.667799999993	0.92	0.2	1
5994.115999999993	0.85	0.2	1
6021.267999999993	0.98	0.2	1
6049.123799999993	0.86	0.2	1
6077.683399999993	0.9	0.2	1
6106.946799999992	0.92	0.2	1
6136.9139999999925	0.96	0.2	1
6167.584999999993	0.93	0.2	1
6198.959799999992	0.95	0.2	1
6231.038399999992	0.99	0.2	1
6263.820799999992	0.9	0.2	1
6297.3069999999925	0.94	0.2	1
6331.496999999992	0.84	0.2	1
6366.390799999992	0.93	0.2	1
6401.988399999992	0.87	0.2	1
6438.289799999992	0.93	0.2	1
6475.294999999992	0.81	0.2	1
6513.003999999992	0.94	0.2	1
6551.416799999992	0.9	0.2	1
6589.533399999992	0.93	0.2	1
6628.353799999992	0.89	0.2	1
6667.8779999999915	0.91	0.2	1
6708.105999999992	0.96	0.2	1
6749.037799999992	0.86	0.2	1
6790.6733999999915	0.85	0.2	1
6833.012799999991	0.9	0.2	1
6876.055999999991	0.96	0.2	1
6919.802999999992	0.96	0.2	1
6964.253799999991	0.98	0.2	1
7009.408399999991	0.88	0.2	1
7055.266799999991	0.88	0.2	1
7101.8289999999915	0.9	0.2	1
7149.094999999991	0.98	0.2	1
7197.064799999991	0.9	0.2	1
7245.738399999991	0.91	0.2	1
7295.115799999991	0.92	0.2	1
7345.196999999991	0.91	0.2	1
7395.981999999991	0.99	0.2	1
7447.470799999991	0.96	0.2	1
7499.663399999991	0.89	0.2	1
7552.559799999991	0.86	0.2	1
7606.159999999991	0.94	0.2	1
7660.463999999991	0.89	0.2	1
7715.471799999991	0.99	0.2	1
7771.183399999991	0.98	0.2	1
7827.598799999991	0.93	0.2	1
7884.717999999991	0.93	0.2	1
7942.540999999991	0.96	0.2	1
8001.067799999991	0.96	0.2	1
8060.298399999991	0.97	0.2	1
8120.232799999991	0.93	0.2	1
8180.870999999991	0.96	0.2	1
8242.21299999999	0.93	0.2	1
8304.25879999999	0.76	0.2	1
8367.00839999999	0.99	0.2	1
8430.46179999999	0.93	0.2	1
8494.61899999999	0.89	0.2	1
8559.47999999999	0.93	0.2	1
8625.04479999999	0.95	0.2	1
8691.31339999999	0.98	0.2	1
8758.28579999999	0.92	0.2	1
8824.96199999999	0.92	0.2	1
8892.34199999999	0.86	0.2	1
8960.42579999999	0.77	0.2	1
9029.21339999999	0.81	0.2	1
9098.70479999999	0.81	0.2	1
9167.89999999999	0.89	0.2	1
9237.79899999999	0.93	0.2	1
9308.40179999999	0.87	0.2	1
9370.70839999999	0.73	0.2	1
9434.06879999999	0.83	0.3	1
9469.48299999999	0.37	0.3	1
9505.95099999999	0.73	0.3	1
9543.47279999999	0.37	0.3	1
9582.04839999999	0.73	0.3	1
9621.67779999999	0.4	0.3	1
9662.36099999999	0.39	0.3	1
9704.097999999989	0.71	0.3	1
9746.53879999999	0.79	0.2	1
9789.683399999989	0.69	0.2	1
9833.53179999999	0.46	0.2	1
9878.43399999999	0.42	0.3	1
9924.38999999999	0.42	0.3	1
9970.39979999999	0.36	0.3	1
10017.46339999999	0.35	0.3	1
10065.580799999989	0.41	0.3	1
10114.75199999999	0.38	0.3	1
10164.97699999999	0.37	0.3	1
10215.90579999999	0.46	0.2	1
10267.888399999989	0.38	0.3	1
10320.92479999999	0.35	0.3	1
10375.01499999999	0.32	0.3	1
10430.15899999999	0.36	0.3	1
10486.35679999999	0.54	0.3	1
10542.60839999999	0.4	0.3	1
10599.56379999999	0.41	0.2	1
10657.572999999991	0.32	0.3	1
10716.285999999991	0.56	0.2	1
10775.702799999992	0.29	0.2	1
10836.173399999992	0.34	0.3	1
10897.697799999993	0.39	0.3	1
10960.275999999993	0.25	0.3	1
11023.557999999992	0.3	0.2	1
11087.543799999992	0.41	0.2	1
11152.583399999992	0.42	0.3	1
11218.676799999992	0.4	0.3	1
11285.473999999993	0.29	0.2	1
11353.324999999993	0.27	0.3	1
11421.229799999994	0.36	0.3	1
11489.838399999993	0.48	0.2	1
11559.150799999994	0.31	0.2	1
11629.516999999994	0.26	0.3	1
11700.936999999994	0.28	0.3	1
11773.060799999994	0.43	0.2	1
11844.888399999994	0.24	0.2	1
11917.769799999995	0.34	0.3	1
11991.704999999994	0.24	0.3	1
12066.693999999994	0.39	0.3	1
12142.736799999993	0.38	0.3	1
12219.483399999994	0.44	0.2	1
12297.283799999994	0.36	0.3	1
12376.137999999994	0.31	0.3	1
12456.045999999993	0.26	0.3	1
12537.007799999992	0.26	0.3	1
12619.023399999993	0.3	0.3	1
12702.092799999993	0.33	0.3	1
12702.796599999992	0.18	0.2	1
12703.850399999992	0.16	0.3	1
12704.554199999991	0.42	0.2	1
12705.607999999991	0.89	0.3	1
12707.71559999999	0.89	0.3	1
12710.876999999991	0.8	0.3	1
12711.58079999999	0.91	0.2	1
12712.28459999999	0.81	0.2	1
12713.33839999999	0.51	0.3	1
12714.042199999989	0.91	0.2	1
12714.745999999988	0.57	0.2	1
12716.153599999989	0.59	0.2	1
12718.614999999989	0.47	0.3	1
12721.780199999988	0.6	0.2	1
12725.649199999989	0.59	0.2	1
12730.57199999999	0.49	0.3	1
12736.198599999989	0.58	0.2	1
12742.878999999988	0.46	0.3	1
12750.263199999989	0.69	0.2	1
12758.701199999989	0.43	0.3	1
12768.192999999988	0.55	0.3	1
12778.388599999987	0.63	0.2	1
12789.287999999988	0.67	0.2	1
12801.241199999988	0.5	0.3	1
12813.898199999987	0.62	0.2	1
12827.258999999987	0.59	0.2	1
12841.673599999987	0.54	0.3	1
12856.791999999987	0.55	0.2	1
12872.964199999988	0.55	0.3	1
12890.190199999988	0.54	0.3	1
12908.119999999988	0.59	0.2	1
12926.753599999987	0.54	0.2	1
12946.090999999988	0.56	0.2	1
12966.482199999988	0.44	0.3	1
12987.927199999987	0.6	0.3	1
13008.425999999987	0.54	0.3	1
13029.978599999988	0.57	0.3	1
13031.032399999987	0.99	0.3	1
13032.086199999987	0.08	0.3	1
13034.193799999986	0.11	0.3	1
13037.355199999987	0.12	0.3	1
13040.220399999987	0.36	0.2	1
13043.789399999987	0.34	0.2	1
13048.062199999988	0.3	0.2	1
13053.038799999988	0.34	0.2	1
13058.719199999987	0.34	0.2	1
13059.772999999986	0.27	0.3	1
13061.880599999986	0.3	0.3	1
13062.584399999985	0.66	0.2	1
13063.991999999986	0.82	0.2	1
13066.103399999985	0.69	0.2	1
13068.918599999985	0.76	0.2	1
13072.437599999985	0.72	0.2	1
13076.660399999984	0.57	0.2	1
13081.936999999984	0.61	0.3	1
13087.917399999984	0.74	0.2	1
13094.601599999984	0.69	0.2	1
13102.339599999983	0.59	0.3	1
13110.781399999983	0.71	0.2	1
13119.926999999983	0.74	0.2	1
13129.776399999982	0.84	0.2	1
13140.679599999983	0.64	0.3	1
13152.636599999983	0.6	0.3	1
13165.297399999983	0.85	0.2	1
13178.661999999984	0.62	0.2	1
13192.730399999984	0.73	0.2	1
13207.502599999983	0.7	0.2	1
13223.328599999983	0.6	0.3	1
13240.208399999983	0.62	0.3	1
13257.791999999983	0.68	0.2	1
13276.079399999982	0.74	0.2	1
13295.070599999983	0.7	0.2	1
13314.765599999982	0.75	0.2	1
13335.164399999983	0.78	0.2	1
13356.266999999983	0.82	0.2	1
13378.073399999983	0.68	0.2	1
13400.933599999982	0.63	0.3	1
13424.847599999983	0.89	0.3	1
13449.815399999983	0.58	0.3	1
13475.486999999983	0.68	0.2	1
13501.862399999984	0.64	0.2	1
13528.941599999984	0.77	0.2	1
13557.074599999984	0.64	0.3	1
13585.911399999983	0.78	0.2	1
13615.451999999983	0.8	0.2	1
13646.046399999983	0.64	0.3	1
13677.694599999983	0.82	0.3	1
13678.398399999982	0.22	0.2	1
13679.452199999982	0.68	0.3	1
13681.209799999982	0.72	0.2	1
13684.021199999983	0.64	0.3	1
13687.886399999983	0.62	0.3	1
13692.805399999983	0.65	0.3	1
13698.778199999982	0.59	0.3	1
13705.804799999982	0.56	0.3	1
13713.885199999982	0.57	0.3	1
13723.019399999983	0.65	0.3	1
13732.857399999983	0.7	0.2	1
13743.749199999982	0.68	0.3	1
13755.694799999981	0.54	0.3	1
13768.694199999982	0.63	0.3	1
13782.397399999982	0.75	0.2	1
13797.154399999981	0.5	0.3	1
13812.615199999982	0.66	0.2	1
13829.129799999982	0.57	0.3	1
13846.698199999983	0.58	0.3	1
13865.320399999982	0.63	0.3	1
13884.996399999982	0.68	0.3	1
13905.726199999981	0.58	0.3	1
13927.159799999981	0.76	0.2	1
13949.29719999998	0.73	0.2	1
13972.138399999982	0.71	0.2	1
13995.683399999982	0.71	0.2	1
14020.282199999981	0.63	0.3	1
14045.584799999982	0.72	0.2	1
14071.941199999983	0.69	0.3	1
14099.351399999983	0.67	0.3	1
14127.465399999983	0.69	0.2	1
14156.633199999982	0.64	0.3	1
14157.686999999982	0.6	0.3	1
14159.794599999981	0.55	0.3	1
14160.49839999998	0.63	0.2	1
14161.55219999998	0.33	0.3	1
14162.25599999998	0.36	0.2	1
14163.66359999998	0.43	0.2	1
14166.12499999998	0.33	0.3	1
14169.29019999998	1.0	0.2	1
14173.509199999979	0.27	0.3	1
14178.431999999979	0.44	0.2	1
14184.058599999978	0.56	0.2	1
14190.38899999998	0.43	0.2	1
14197.42319999998	0.55	0.2	1
14205.161199999979	0.45	0.2	1
14205.864999999978	0.75	0.2	1
14207.622599999979	0.49	0.3	1
14210.43399999998	0.48	0.3	1
14214.29919999998	0.49	0.3	1
14219.21819999998	0.48	0.3	1
14225.190999999979	0.49	0.3	1
14225.894799999978	0.86	0.2	1
14226.948599999978	0.26	0.3	1
14229.056199999977	0.28	0.3	1
14229.759999999977	0.11	0.2	1
14230.813799999976	0.75	0.3	1
14232.921399999976	0.84	0.3	1
14236.082799999976	0.78	0.3	1
14240.297999999977	0.81	0.3	1
14245.566999999977	0.77	0.3	1
14251.889799999977	0.69	0.3	1
14259.266399999977	0.8	0.3	1
14267.696799999976	0.85	0.3	1
14277.180999999977	0.9	0.3	1
14287.718999999977	0.75	0.3	1
14299.310799999977	0.81	0.3	1
14311.956399999977	0.89	0.3	1
14325.305799999976	0.83	0.2	1
14339.708999999977	0.8	0.3	1
14354.815999999977	0.82	0.2	1
14370.976799999977	0.88	0.3	1
14388.191399999976	0.82	0.3	1
14406.459799999977	0.85	0.3	1
14407.513599999977	0.89	0.3	1
14409.621199999976	0.74	0.3	1
14412.782599999977	0.71	0.3	1
14416.997799999977	0.79	0.3	1
14422.266799999978	0.72	0.3	1
14428.589599999978	0.78	0.3	1
14435.966199999977	0.78	0.3	1
14444.396599999976	0.87	0.3	1
14453.880799999977	0.86	0.3	1
14464.418799999978	0.8	0.3	1
14476.010599999978	0.73	0.3	1
14488.656199999978	0.93	0.3	1
14502.355599999977	0.88	0.3	1
14517.108799999976	0.86	0.3	1
14532.915799999977	0.64	0.3	1
14549.776599999977	0.79	0.3	1
14567.691199999977	0.88	0.3	1
14586.659599999977	0.7	0.3	1
14606.681799999977	0.75	0.3	1
14627.407799999977	0.85	0.2	1
14649.187599999977	0.67	0.3	1
14672.021199999977	0.67	0.3	1
14672.724999999977	0.64	0.2	1
14674.482599999978	0.72	0.3	1
14677.293999999978	0.73	0.3	1
14680.809199999978	0.61	0.2	1
14685.378199999977	0.77	0.3	1
14690.650999999978	0.56	0.2	1
14696.977599999978	0.78	0.3	1
14704.357999999978	0.73	0.3	1
14712.792199999978	0.65	0.3	1
14722.280199999977	0.64	0.3	1
14732.821999999978	0.54	0.3	1
14744.417599999979	0.47	0.3	1
14757.066999999979	0.69	0.3	1
14770.770199999979	0.73	0.3	1
14785.177199999978	0.85	0.2	1
14786.230999999978	0.56	0.3	1
14788.338599999977	0.57	0.3	1
14791.499999999978	0.62	0.3	1
14795.715199999979	0.59	0.3	1
14800.984199999979	0.52	0.3	1
14806.956999999979	0.51	0.2	1
14813.983599999978	0.65	0.3	1
14821.713999999978	0.54	0.2	1
14830.498199999978	0.63	0.3	1
14839.986199999978	0.55	0.2	1
14850.177999999978	0.56	0.2	1
14861.073599999978	0.47	0.2	1
14873.022999999977	0.63	0.3	1
14886.026199999977	0.55	0.3	1
14900.083199999977	0.52	0.3	1
14914.843999999977	0.52	0.2	1
14930.308599999977	0.57	0.2	1
14946.476999999977	0.62	0.2	1
14963.349199999977	0.49	0.2	1
14981.275199999976	0.54	0.3	1
14999.904999999977	0.62	0.2	1
15019.588599999977	0.57	0.3	1
15040.325999999977	0.61	0.3	1
15061.767199999977	0.6	0.2	1
15083.912199999977	0.48	0.2	1
15106.760999999977	0.58	0.2	1
15130.663599999976	0.54	0.3	1
15155.619999999975	0.57	0.3	1
15181.280199999976	0.55	0.2	1
15182.333999999975	0.6	0.3	1
15184.441599999975	0.62	0.3	1
15187.602999999976	0.59	0.3	1
15191.818199999976	0.53	0.3	1
15197.087199999976	0.54	0.3	1
15203.059999999976	0.62	0.2	1
15210.086599999975	0.55	0.3	1
15210.790399999974	0.93	0.2	1
15211.494199999974	0.85	0.2	1
15212.197999999973	0.99	0.2	1
15212.901799999972	0.69	0.2	1
15214.309399999973	0.83	0.2	1
15216.420799999973	0.9	0.2	1
15219.235999999972	0.65	0.2	1
15222.754999999972	0.93	0.2	1
15227.327799999972	0.56	0.3	1
15228.381599999972	0.27	0.3	1
15230.139199999972	0.43	0.2	1
15232.600599999972	0.47	0.2	1
15236.115799999972	0.29	0.3	1
15237.169599999972	0.26	0.3	1
15238.223399999972	0.88	0.3	1
15240.330999999971	0.88	0.3	1
15243.492399999972	0.97	0.3	1
15244.196199999971	0.76	0.2	1
15245.953799999972	0.72	0.3	1
15247.765199999973	0.63	0.3	1
15250.630399999973	0.62	0.3	1
15254.549399999973	0.65	0.3	1
15259.172199999972	0.76	0.2	1
15264.848799999972	0.87	0.3	1
15271.229199999972	0.82	0.2	1
15278.663399999972	0.64	0.3	1
15287.151399999972	0.77	0.3	1
15296.693199999972	0.78	0.3	1
15306.938799999973	0.85	0.2	1
15317.888199999972	0.8	0.2	1
15329.891399999971	0.76	0.3	1
15342.948399999972	0.76	0.3	1
15357.059199999972	0.75	0.3	1
15372.223799999972	0.69	0.3	1
15388.442199999972	0.55	0.3	1
15405.364399999973	0.84	0.2	1
15423.340399999974	0.83	0.3	1
15442.020199999974	0.83	0.2	1
15461.753799999973	0.6	0.3	1
15482.541199999972	0.71	0.3	1
15504.032399999973	0.8	0.2	1
15526.577399999973	0.88	0.3	1
15549.826199999972	0.8	0.2	1
15573.778799999973	0.83	0.2	1
15597.435199999973	0.97	0.2	1
15621.795399999972	0.72	0.2	1
15646.859399999972	0.76	0.2	1
15672.627199999972	0.78	0.2	1
15699.098799999972	0.79	0.2	1
15726.274199999973	0.91	0.2	1
15754.503399999972	0.61	0.3	1
15783.436399999973	0.72	0.2	1
15813.073199999973	0.64	0.2	1
15843.413799999973	0.67	0.2	1
15874.808199999972	0.68	0.3	1
15906.906399999973	0.83	0.2	1
15939.708399999972	0.91	0.2	1
15973.214199999973	0.77	0.2	1
16007.423799999973	0.81	0.2	1
16042.337199999973	0.78	0.2	1
16077.954399999973	0.86	0.2	1
16114.625399999974	0.63	0.3	1
16152.000199999973	0.84	0.2	1
16190.078799999974	0.9	0.2	1
16228.861199999974	0.95	0.2	1
16268.347399999973	0.85	0.2	1
16308.537399999974	0.79	0.2	1
16349.431199999974	0.85	0.2	1
16391.378799999973	0.64	0.3	1
16434.030199999972	0.72	0.2	1
16477.735399999972	0.71	0.3	1
16522.144399999972	0.87	0.2	1
16567.607199999973	0.69	0.3	1
16614.123799999972	0.53	0.3	1
16661.34419999997	0.94	0.2	1
16709.26839999997	0.87	0.2	1
16757.896399999972	0.76	0.2	1
16807.228199999972	0.84	0.2	1
16857.613799999974	0.52	0.3	1
16909.053199999973	0.62	0.3	1
16961.546399999974	0.62	0.3	1
17014.743399999974	0.88	0.2	1
17068.644199999973	0.76	0.2	1
17123.248799999972	0.94	0.2	1
17178.557199999974	0.78	0.2	1
17234.919399999973	0.6	0.3	1
17292.335399999974	0.63	0.3	1
17350.455199999975	0.71	0.2	1
17409.278799999975	0.74	0.2	1
17469.156199999976	0.48	0.3	1
17530.087399999975	0.59	0.3	1
17592.072399999975	0.52	0.3	1
17654.761199999975	0.73	0.2	1
17718.153799999975	0.73	0.2	1
17782.600199999975	0.6	0.3	1
17847.750399999975	0.84	0.2	1
17913.954399999977	0.52	0.3	1
17980.862199999978	0.81	0.2	1
18048.473799999978	0.86	0.2	1
18116.789199999977	0.73	0.2	1
18185.808399999976	0.8	0.2	1
18255.531399999978	0.73	0.2	1
18325.95819999998	0.89	0.2	1
18397.08879999998	0.73	0.2	1
18468.92319999998	0.8	0.2	1
18541.81139999998	0.63	0.3	1
18615.40339999998	0.95	0.2	1
18689.69919999998	0.83	0.2	1
18764.69879999998	0.76	0.2	1
18840.40219999998	0.79	0.2	1
18916.80939999998	0.81	0.2	1
18993.92039999998	0.76	0.2	1
19071.73519999998	0.87	0.2	1
19150.25379999998	0.64	0.2	1
19229.82619999998	0.61	0.3	1
19310.10239999998	0.84	0.2	1
19391.08239999998	0.81	0.2	1
19472.76619999998	0.83	0.2	1
19555.15379999998	0.8	0.2	1
19638.595199999978	0.65	0.3	1
19722.740399999977	0.92	0.2	1
19807.589399999975	0.83	0.2	1
19893.492199999975	0.53	0.3	1
19980.098799999974	0.84	0.2	1
20067.409199999973	0.7	0.2	1
20155.423399999974	0.75	0.2	1
20244.141399999975	0.92	0.2	1
20333.563199999975	0.86	0.2	1
20423.688799999974	0.89	0.2	1
20514.518199999973	0.67	0.2	1
20606.051399999975	0.71	0.2	1
20698.288399999976	0.71	0.2	1
20791.229199999976	0.88	0.2	1
20884.873799999976	0.86	0.2	1
20979.222199999975	0.88	0.2	1
21074.624399999975	0.63	0.3	1
21171.080399999973	0.55	0.3	1
21268.240199999975	0.89	0.2	1
21366.103799999975	0.8	0.2	1
21464.671199999975	0.98	0.2	1
21563.942399999974	0.79	0.2	1
21663.917399999973	0.84	0.2	1
21764.946199999973	0.54	0.3	1
21867.028799999975	0.59	0.3	1
21969.815199999975	0.72	0.2	1
22073.305399999976	0.8	0.2	1
22177.499399999975	0.58	0.2	1
22282.397199999974	0.67	0.2	1
22387.998799999976	0.8	0.2	1
22494.304199999977	0.75	0.2	1
22601.313399999977	0.93	0.2	1
22709.026399999977	0.82	0.2	1
22817.443199999976	0.93	0.2	1
22926.913799999977	0.66	0.3	1
23037.088199999976	0.76	0.2	1
23148.316399999978	0.62	0.3	1
23260.24839999998	0.77	0.2	1
23372.88419999998	0.96	0.2	1
23486.223799999978	0.94	0.2	1
23600.267199999977	0.97	0.2	1
23715.01439999998	0.74	0.2	1
23830.815399999978	0.68	0.3	1
23947.320199999976	0.77	0.2	1
24064.52879999998	0.82	0.2	1
24182.44119999998	0.77	0.2	1
24301.05739999998	0.68	0.2	1
24420.37739999998	0.83	0.2	1
24540.75119999998	0.62	0.3	1
24661.82879999998	0.81	0.2	1
24783.61019999998	0.8	0.2	1
24906.09539999998	0.77	0.2	1
25029.28439999998	0.8	0.2	1
25153.17719999998	0.82	0.2	1
25277.77379999998	0.82	0.2	1
25403.07419999998	0.88	0.2	1
25529.07839999998	0.77	0.2	1
25655.78639999998	0.82	0.2	1
25783.19819999998	0.7	0.2	1
25911.66379999998	0.58	0.3	1
26041.18319999998	0.64	0.3	1
26171.40639999998	0.72	0.2	1
26302.33339999998	0.86	0.2	1
26433.96419999998	0.75	0.2	1
26566.29879999998	0.78	0.2	1
26699.33719999998	0.75	0.2	1
26833.07939999998	0.75	0.2	1
26967.52539999998	0.68	0.2	1
27102.67519999998	0.91	0.2	1
27238.52879999998	0.93	0.2	1
27375.08619999998	0.79	0.2	1
27512.34739999998	0.8	0.2	1
27650.31239999998	0.91	0.2	1
27788.98119999998	0.83	0.2	1
27928.70379999998	0.58	0.3	1
28069.13019999998	0.85	0.2	1
28210.26039999998	0.87	0.2	1
28352.09439999998	0.85	0.2	1
28494.63219999998	0.89	0.2	1
28637.87379999998	0.9	0.2	1
28781.81919999998	0.85	0.2	1
28926.46839999998	0.91	0.2	1
29071.82139999998	0.89	0.2	1
29217.878199999977	0.89	0.2	1
29364.63879999998	0.78	0.2	1
29512.10319999998	0.84	0.2	1
29660.27139999998	0.9	0.2	1
29809.14339999998	0.96	0.2	1
29958.719199999978	0.6	0.2	1
30108.99879999998	0.72	0.2	1
30259.98219999998	0.77	0.2	1
30411.66939999998	0.81	0.2	1
30564.06039999998	0.79	0.2	1
30717.50519999998	0.52	0.3	1
30871.653799999982	0.75	0.2	1
31026.85619999998	0.64	0.3	1
31183.11239999998	0.49	0.3	1
31340.07239999998	0.77	0.2	1
31497.736199999978	0.59	0.2	1
31656.10379999998	0.8	0.2	1
31815.52519999998	0.72	0.3	1
31975.650399999977	0.81	0.2	1
32136.47939999998	0.89	0.2	1
32298.362199999978	0.52	0.3	1
32460.948799999976	0.74	0.2	1
32624.239199999978	0.89	0.2	1
32788.58339999998	0.63	0.3	1
32953.631399999984	0.81	0.2	1
33119.38319999998	0.87	0.2	1
33285.83879999998	0.91	0.2	1
33452.99819999998	0.87	0.2	1
33620.86139999998	0.66	0.2	1
33789.77839999998	0.52	0.3	1
33959.39919999998	0.85	0.2	1
34129.72379999998	0.93	0.2	1
34300.75219999998	0.81	0.2	1
34472.48439999998	0.73	0.2	1
34644.92039999998	0.79	0.2	1
34818.410199999984	0.61	0.3	1
34992.95379999998	0.62	0.3	1
35168.20119999998	0.81	0.2	1
35344.152399999984	0.86	0.2	1
35520.80739999998	0.9	0.2	1
35698.516199999984	0.66	0.3	1
35876.92879999999	0.9	0.2	1
36056.045199999986	0.87	0.2	1
36235.86539999999	0.8	0.2	1
36416.389399999985	0.68	0.2	1
36597.617199999986	0.8	0.2	1
36779.54879999999	0.81	0.2	1
36962.18419999999	0.69	0.2	1
37145.52339999999	0.79	0.2	1
37329.91639999999	0.57	0.3	1
37515.01319999999	0.87	0.2	1
37700.81379999999	0.76	0.2	1
37887.31819999999	0.82	0.2	1
38074.52639999999	0.81	0.2	1
38262.438399999985	0.88	0.2	1
38451.40419999998	0.52	0.3	1
38641.073799999984	0.74	0.2	1
38831.44719999998	0.76	0.2	1
39022.52439999998	0.85	0.2	1
39214.30539999998	0.84	0.2	1
39406.79019999998	0.88	0.2	1
39599.97879999998	0.85	0.2	1
39793.87119999998	0.85	0.2	1
39988.46739999998	0.74	0.2	1
40183.76739999998	0.79	0.2	1
40380.12119999998	0.6	0.3	1
40577.17879999998	0.89	0.2	1
40774.94019999998	0.9	0.2	1
40973.75539999998	0.65	0.3	1
41173.27439999998	0.91	0.2	1
41373.84719999998	0.61	0.3	1
41575.473799999985	0.65	0.3	1
41777.804199999984	0.93	0.2	1
41980.838399999986	0.82	0.2	1
42184.57639999998	0.86	0.2	1
42389.018199999984	0.74	0.2	1
42594.16379999999	0.92	0.2	1
42800.01319999999	0.83	0.2	1
43006.91639999999	0.62	0.3	1
43214.52339999999	0.88	0.2	1
43422.83419999999	0.83	0.2	1
43631.84879999999	0.8	0.2	1
43841.56719999999	0.78	0.2	1
44052.33939999999	0.6	0.3	1
44263.81539999999	0.93	0.2	1
44476.34519999999	0.55	0.3	1
44689.57879999999	0.82	0.2	1
44903.86619999999	0.65	0.3	1
45118.857399999986	0.83	0.2	1
45334.552399999986	0.68	0.2	1
45551.30119999999	0.57	0.3	1
45768.753799999984	0.82	0.2	1
45986.910199999984	0.77	0.2	1
46205.77039999999	0.71	0.2	1
46425.334399999985	0.83	0.2	1
46645.60219999999	0.78	0.2	1
46865.573799999984	0.87	0.2	1
47086.249199999984	1.0	0.2	1
47307.62839999999	0.84	0.2	1
47530.061399999984	0.84	0.3	1
47753.198199999984	0.99	0.2	1
47977.388799999986	0.74	0.3	1
48202.28319999998	0.92	0.2	1
48427.881399999984	0.85	0.2	1
48654.533399999986	0.76	0.3	1
48882.23919999999	0.64	0.3	1
49110.99879999999	0.87	0.3	1
49340.46219999999	1.0	0.2	1
49570.62939999999	0.84	0.2	1
49801.50039999999	0.88	0.2	1
50033.07519999999	0.71	0.2	1
50265.70379999999	0.79	0.3	1
50499.386199999986	0.66	0.3	1
50734.122399999986	0.62	0.3	1
50969.56239999999	0.98	0.2	1
51205.706199999986	0.94	0.2	1
51442.903799999985	0.68	0.3	1
51681.15519999999	0.88	0.3	1
51920.11039999998	0.92	0.2	1
52159.76939999998	0.81	0.2	1
52400.132199999985	0.84	0.2	1
52641.198799999984	0.92	0.2	1
52882.969199999985	0.89	0.2	1
53125.44339999998	0.79	0.2	1
53368.97139999998	0.82	0.3	1
53613.20319999998	0.97	0.2	1
53858.488799999985	0.82	0.3	1
54104.47819999998	0.98	0.2	1
54351.52139999998	0.69	0.3	1
54599.618399999985	0.78	0.3	1
54848.41919999998	0.89	0.2	1
55098.27379999998	0.81	0.3	1
55349.18219999998	0.73	0.3	1
55600.794399999984	0.9	0.2	1
55853.11039999998	0.92	0.2	1
56106.130199999985	0.91	0.2	1
56359.85379999998	0.95	0.2	1
56614.28119999998	0.97	0.2	1
56869.762399999985	0.8	0.3	1
57126.29739999999	0.77	0.3	1
57383.53619999999	0.93	0.2	1
57641.82879999999	0.83	0.3	1
57900.82519999999	0.86	0.2	1
58160.52539999999	0.98	0.2	1
58421.27939999999	0.78	0.3	1
58682.73719999999	0.9	0.2	1
58945.24879999999	0.67	0.3	1
59208.46419999999	0.95	0.2	1
59472.383399999984	0.89	0.2	1
59737.35639999998	0.67	0.3	1
60003.03319999998	0.86	0.2	1
60269.763799999986	0.71	0.3	1
60537.54819999998	0.85	0.3	1
60806.38639999998	0.76	0.3	1
61076.27839999998	0.78	0.3	1
61346.874199999984	0.9	0.2	1
61618.52379999998	0.62	0.3	1
61891.22719999998	0.8	0.3	1
62164.63439999998	0.9	0.2	1
62439.095399999984	0.62	0.3	1
62714.26019999998	0.99	0.2	1
62990.47879999998	0.8	0.3	1
63267.401199999986	0.98	0.2	1
63545.027399999984	0.93	0.2	1
63823.357399999986	0.69	0.2	1
64102.74119999999	0.88	0.3	1
64383.17879999999	0.95	0.3	1
64664.32019999999	0.9	0.2	1
64946.16539999999	0.93	0.2	1
65228.71439999999	0.87	0.2	1
65512.31719999999	0.74	0.3	1
65796.62379999999	0.9	0.2	1
66081.63419999999	0.9	0.2	1
66367.34839999999	0.87	0.2	1
66653.7664	0.87	0.2	1
66940.88819999999	0.81	0.2	1
67229.06379999999	0.74	0.3	1
67517.9432	0.83	0.2	1
67807.8764	0.83	0.3	1
68098.5134	0.9	0.2	1
68390.2042	0.74	0.3	1
68682.59879999999	0.89	0.2	1
68975.6972	0.96	0.2	1
69269.84939999999	0.83	0.3	1
69564.70539999999	0.97	0.2	1
69860.61519999999	0.83	0.3	1
70157.57879999999	0.77	0.3	1
70455.59619999999	0.75	0.3	1
70754.66739999999	0.57	0.3	1
71054.44239999999	0.89	0.2	1
71354.92119999998	0.94	0.2	1
71656.10379999998	0.96	0.2	1
71957.99019999999	0.92	0.2	1
72260.93039999998	0.82	0.3	1
72564.92439999999	0.81	0.3	1
72869.97219999999	0.81	0.3	1
73176.07379999998	0.7	0.3	1
73482.87919999998	0.89	0.2	1
73790.73839999999	0.66	0.3	1
74099.65139999999	0.63	0.3	1
74409.26819999999	0.96	0.2	1
74719.5888	0.87	0.2	1
75030.61319999999	0.87	0.2	1
75341.34139999999	0.55	0.2	1
75652.77339999999	0.69	0.2	1
75964.9092	0.88	0.2	1
76277.7488	0.85	0.2	1
76591.2922	0.74	0.2	1
76905.5394	0.8	0.2	1
77220.8404	0.57	0.3	1
77536.8452	0.76	0.2	1
77853.5538	0.81	0.2	1
78170.9662	0.85	0.2	1
78489.0824	0.9	0.2	1
78807.9024	0.9	0.2	1
79127.77620000001	0.55	0.3	1
79448.35380000001	0.81	0.2	1
79769.63520000002	0.77	0.2	1
80091.62040000001	0.94	0.2	1
80414.65940000002	0.6	0.3	1
80738.75220000002	0.74	0.3	1
81063.89880000002	0.64	0.3	1
81389.74920000002	0.92	0.2	1
81716.30340000002	0.98	0.2	1
82043.56140000002	0.65	0.2	1
82371.87320000002	0.73	0.3	1
82700.88880000002	0.86	0.2	1
83030.60820000002	0.9	0.2	1
83361.03140000002	0.88	0.2	1
83692.15840000001	0.98	0.2	1
84023.98920000001	0.69	0.2	1
84356.52380000001	0.8	0.2	1
84689.76220000001	0.87	0.2	1
85023.70440000002	0.74	0.2	1
85358.35040000001	0.83	0.2	1
85693.7002	0.79	0.2	1
86029.7538	0.81	0.2	1
86366.51120000001	0.84	0.2	1
86703.97240000001	0.78	0.2	1
87042.1374	0.98	0.2	1
87381.0062	0.81	0.2	1
87720.5788	0.94	0.2	1
88060.8552	0.92	0.2	1
88401.83540000001	0.9	0.2	1
88743.86940000001	0.67	0.3	1
89086.60720000001	0.81	0.2	1
89430.04880000002	0.87	0.2	1
89774.54420000002	0.83	0.3	1
90119.74340000002	0.69	0.2	1
90465.64640000003	0.98	0.2	1
90812.60320000003	0.54	0.3	1
91160.26380000003	0.92	0.2	1
91508.62820000004	0.96	0.2	1
91858.04640000004	0.51	0.3	1
92208.16840000004	0.89	0.2	1
92558.99420000004	0.86	0.2	1
92910.52380000004	0.93	0.2	1
93262.75720000004	0.9	0.2	1
93615.69440000004	0.79	0.2	1
93969.33540000004	0.8	0.2	1
94323.68020000005	0.81	0.2	1
94679.07880000005	0.6	0.3	1
95035.18120000005	0.63	0.2	1
95391.98740000006	0.9	0.2	1
95749.49740000005	0.73	0.2	1
96107.71120000005	0.8	0.2	1
96466.62880000005	0.62	0.2	1
96826.60020000004	0.55	0.3	1
97187.27540000004	0.87	0.2	1
97548.65440000004	0.74	0.2	1
97910.73720000005	0.93	0.2	1
98273.87380000004	0.69	0.3	1
98637.71420000005	0.88	0.2	1
99002.60840000004	0.68	0.3	1
99368.20640000004	0.87	0.2	1
99734.50820000004	0.9	0.2	1
100101.86380000004	0.54	0.3	1
100470.27320000004	0.61	0.3	1
100839.38640000005	0.94	0.2	1
101209.20340000004	0.95	0.2	1
101580.07420000005	0.54	0.3	1
101951.64880000005	0.78	0.2	1
102323.92720000005	0.71	0.2	1
102696.90940000005	0.91	0.2	1
103070.59540000005	0.95	0.2	1
103444.98520000005	0.83	0.2	1
103820.42880000005	0.59	0.3	1
104196.57620000005	0.93	0.2	1
104573.77740000005	0.73	0.3	1
104951.68240000005	0.79	0.2	1
105330.29120000005	0.83	0.2	1
105709.60380000006	0.81	0.2	1
106089.97020000005	0.67	0.3	1
106471.04040000006	0.91	0.2	1
106852.81440000006	0.79	0.2	1
107235.29220000005	0.85	0.2	1
107618.82380000006	0.57	0.3	1
108003.05920000006	0.93	0.2	1
108387.99840000005	0.77	0.2	1
108773.64140000005	0.93	0.2	1
109160.33820000006	0.62	0.3	1
109547.73880000005	0.8	0.2	1
109935.84320000005	0.86	0.2	1
110324.65140000005	0.97	0.2	1
110714.16340000005	0.66	0.2	1
111104.72920000005	0.68	0.3	1
111495.99880000004	0.82	0.2	1
111888.32220000004	0.58	0.3	1
112281.34940000004	0.73	0.2	1
112675.43040000004	0.68	0.3	1
113070.56520000004	0.69	0.3	1
113466.40380000004	0.9	0.2	1
113862.94620000005	0.87	0.2	1
114260.19240000004	0.82	0.2	1
114658.14240000004	0.85	0.2	1
115056.79620000004	0.98	0.2	1
115456.50380000003	0.52	0.3	1
115856.91520000003	0.78	0.2	1
116258.03040000003	0.9	0.2	1
116659.84940000004	0.83	0.2	1
117062.37220000004	0.89	0.2	1
117465.59880000004	0.85	0.2	1
117869.52920000003	0.88	0.2	1
118274.16340000003	0.75	0.2	1
118679.50140000004	0.93	0.2	1
119085.54320000004	0.87	0.2	1
119492.63880000004	0.63	0.3	1
119900.43820000005	0.71	0.2	1
120308.94140000005	0.78	0.2	1
120718.14840000005	0.86	0.2	1
121128.05920000005	0.76	0.2	1
121539.02380000005	0.68	0.3	1
121950.69220000005	0.92	0.2	1
122363.41440000005	0.68	0.3	1
122776.84040000006	0.83	0.2	1
123190.97020000005	0.69	0.2	1
123605.80380000005	0.78	0.2	1
124021.34120000005	0.8	0.2	1
124437.93240000005	0.65	0.3	1
124855.22740000005	0.88	0.2	1
125273.57620000005	0.79	0.3	1
125692.62880000005	0.85	0.2	1
126112.38520000005	0.88	0.2	1
126532.84540000005	0.9	0.2	1
126954.00940000005	0.87	0.2	1
127375.87720000005	0.89	0.2	1
127798.44880000004	0.77	0.2	1
128222.07420000005	0.54	0.3	1
128646.75340000005	0.62	0.3	1
129072.48640000004	0.55	0.3	1
129498.92320000003	0.9	0.2	1
129926.41380000004	0.75	0.3	1
130354.60820000003	0.84	0.2	1
130783.50640000003	0.95	0.2	1
131213.10840000003	0.87	0.2	1
131643.76420000003	0.65	0.3	1
132075.12380000003	0.89	0.2	1
132507.18720000004	0.87	0.2	1
132939.95440000005	0.74	0.2	1
133373.42540000004	0.89	0.2	1
133807.60020000004	0.94	0.2	1
134242.47880000004	0.88	0.2	1
134678.06120000005	0.78	0.2	1
135114.34740000006	0.89	0.2	1
135551.68740000005	0.62	0.3	1
135989.73120000007	0.8	0.2	1
136428.82880000008	0.62	0.3	1
136868.63020000007	0.68	0.2	1
137309.48540000006	0.86	0.3	1
137751.39440000008	0.69	0.3	1
138194.3572000001	0.74	0.3	1
138638.02380000008	0.91	0.2	1
139082.74420000007	0.74	0.3	1
139528.16840000008	0.93	0.2	1
139974.29640000008	0.84	0.2	1
140421.1282000001	0.6	0.2	1
140868.6638000001	0.77	0.2	1
141317.2532000001	0.64	0.3	1
141766.54640000008	0.93	0.2	1
142216.54340000008	0.92	0.2	1
142667.24420000007	0.91	0.2	1
143118.64880000008	0.95	0.2	1
143570.75720000008	0.83	0.2	1
144023.91940000007	0.47	0.3	1
144477.78540000008	0.85	0.2	1
144932.35520000008	0.78	0.2	1
145387.97880000007	0.66	0.3	1
145844.30620000008	0.8	0.2	1
146301.33740000008	0.95	0.2	1
146759.07240000006	0.96	0.2	1
147217.51120000007	0.72	0.2	1
147676.65380000006	0.89	0.2	1
148136.50020000007	0.97	0.2	1
148597.05040000007	0.81	0.2	1
149058.30440000005	0.94	0.2	1
149520.26220000006	0.97	0.2	1
149983.27380000005	0.52	0.3	1
150446.98920000004	0.83	0.2	1
150911.40840000004	0.9	0.2	1
151376.53140000004	0.84	0.2	1
151842.35820000005	0.84	0.2	1
152309.23880000005	0.79	0.3	1
152777.17320000005	0.5	0.3	1
153246.16140000004	0.53	0.3	1
153715.85340000005	0.77	0.2	1
154186.24920000005	0.78	0.2	1
154657.34880000004	0.9	0.2	1
155129.15220000004	0.73	0.2	1
155601.65940000003	0.79	0.2	1
156074.87040000004	0.87	0.2	1
156548.78520000004	0.8	0.2	1
157023.40380000003	0.85	0.2	1
157498.72620000003	0.86	0.2	1
157974.75240000003	0.91	0.2	1
158451.8324	0.71	0.3	1
158929.96620000002	0.59	0.3	1
159408.80380000002	0.9	0.2	1
159888.3452	0.8	0.2	1
160368.59040000002	0.93	0.2	1
160849.5394	0.73	0.2	1
161331.5422	0.6	0.3	1
161814.5988	0.45	0.3	1
162298.7092	0.8	0.3	1
162783.5234	0.95	0.2	1
163269.04140000002	0.97	0.2	1
163755.61320000002	0.64	0.3	1
164243.23880000002	0.66	0.3	1
164731.5682	0.96	0.2	1
165220.6014	0.82	0.2	1
165710.6884	0.57	0.3	1
166201.8292	0.72	0.3	1
166694.0238	0.66	0.3	1
167186.9222	0.91	0.2	1
167680.8744	0.58	0.3	1
168175.5304	0.94	0.2	1
168670.8902	0.89	0.2	1
169166.9538	0.88	0.2	1
169664.07119999998	0.6	0.3	1
170161.89239999998	0.88	0.2	1
170660.76739999998	0.58	0.3	1
171160.34619999997	0.75	0.2	1
171660.97879999998	0.66	0.3	1
172162.31519999998	0.8	0.2	1
172664.35539999997	0.68	0.2	1
173167.09939999998	0.92	0.2	1
173670.89719999998	0.59	0.3	1
174175.39879999997	0.8	0.2	1
174680.60419999997	0.96	0.2	1
175186.86339999997	0.7	0.3	1
175693.82639999996	0.66	0.2	1
176201.84319999997	0.5	0.3	1
176710.56379999997	0.94	0.2	1
177219.98819999996	0.83	0.2	1
177730.11639999997	0.97	0.2	1
178240.94839999996	0.88	0.2	1
178752.83419999995	0.81	0.3	1
179265.42379999996	0.98	0.2	1
179778.71719999996	0.83	0.2	1
180292.71439999997	0.89	0.2	1
180807.41539999997	0.82	0.2	1
181322.82019999996	0.87	0.2	1
181838.92879999997	0.85	0.2	1
182355.74119999996	0.9	0.2	1
182873.25739999997	0.85	0.2	1
183391.82739999998	0.66	0.3	1
183911.10119999998	0.89	0.2	1
184431.0788	0.98	0.2	1
184951.7602	0.83	0.2	1
185473.14539999998	0.76	0.2	1
185995.2344	0.78	0.2	1
186518.3772	0.66	0.3	1
187042.22379999998	1.0	0.2	1
187567.1242	0.66	0.3	1
188092.7284	0.97	0.2	1
188619.03639999998	0.76	0.2	1
189146.0482	0.79	0.2	1
189673.7638	0.83	0.2	1
190202.53319999998	0.58	0.3	1
190732.3564	0.66	0.3	1
191262.8834	0.86	0.2	1
191794.11419999998	0.89	0.2	1
192326.0488	0.87	0.2	1
192859.0372	0.63	0.3	1
193392.72939999998	0.84	0.2	1
193927.4754	0.54	0.3	1
194462.9252	0.92	0.2	1
194999.4288	0.64	0.3	1
195536.6362	0.96	0.2	1
196074.89740000002	0.68	0.3	1
196613.8624	0.81	0.2	1
197153.53120000003	0.95	0.2	1
197693.90380000003	0.95	0.2	1
198235.33020000003	0.71	0.3	1
198777.46040000004	0.87	0.2	1
199320.29440000004	0.94	0.2	1
199863.83220000003	0.91	0.2	1
200408.07380000004	0.63	0.2	1
200953.36920000004	0.77	0.3	1
201499.71840000004	0.64	0.3	1
202046.77140000006	0.83	0.2	1
202594.52820000006	0.82	0.2	1
203142.98880000005	0.87	0.2	1
203692.15320000006	0.86	0.2	1
204242.02140000006	0.96	0.2	1
204792.59340000004	0.9	0.2	1
205343.86920000004	0.73	0.2	1
205895.84880000004	0.84	0.2	1
206448.88220000002	0.62	0.3	1
207002.61940000003	0.78	0.2	1
207557.06040000002	0.94	0.2	1
208112.20520000003	0.62	0.2	1
208668.05380000002	0.77	0.2	1
209224.6062	0.72	0.2	1
209782.21240000002	0.57	0.3	1
210340.52240000002	0.84	0.2	1
210899.5362	0.88	0.2	1
211459.2538	0.87	0.2	1
212019.6752	0.89	0.2	1
212581.15039999998	0.64	0.3	1
213143.3294	0.87	0.2	1
213706.5622	0.68	0.3	1
214270.49879999997	0.8	0.2	1
214835.13919999998	0.92	0.2	1
215400.48339999997	0.88	0.2	1
215966.53139999998	0.99	0.2	1
216533.63319999998	0.63	0.3	1
217101.43879999997	0.81	0.2	1
217669.94819999998	0.86	0.2	1
218239.16139999998	0.81	0.2	1
218809.07839999997	0.89	0.2	1
219379.69919999997	0.9	0.2	1
219951.02379999997	0.77	0.2	1
220523.05219999998	0.86	0.2	1
221095.78439999997	0.73	0.2	1
221669.22039999996	0.63	0.2	1
222243.36019999997	0.75	0.2	1
222818.20379999996	0.87	0.2	1
223394.10119999995	0.58	0.3	1
223970.70239999995	0.9	0.2	1
224548.00739999994	0.8	0.2	1
225126.01619999995	1.0	0.2	1
225705.07879999996	0.67	0.3	1
226284.84519999995	0.88	0.2	1
226865.31539999996	0.85	0.2	1
227446.83939999997	0.7	0.3	1
228029.06719999996	0.87	0.2	1
228611.99879999997	0.83	0.2	1
229195.63419999997	0.82	0.2	1
229780.32339999996	0.72	0.3	1
230366.06639999995	0.65	0.3	1
230952.51319999996	0.83	0.2	1
231540.01379999996	0.46	0.3	1
232128.21819999994	0.9	0.2	1
232717.12639999995	0.95	0.2	1
233306.73839999994	0.98	0.2	1
233897.05419999996	0.93	0.2	1
234488.42379999996	0.71	0.3	1
235080.49719999995	0.76	0.2	1
235673.27439999997	0.83	0.2	1
236266.75539999997	0.97	0.2	1
236860.94019999995	0.89	0.2	1
237455.82879999996	0.74	0.2	1
238051.42119999995	0.76	0.2	1
238647.71739999996	0.84	0.2	1
239244.71739999996	0.93	0.2	1
239842.77119999996	0.53	0.3	1
240441.52879999997	0.71	0.2	1
241040.99019999997	0.79	0.2	1
241641.15539999996	0.89	0.2	1
242242.02439999997	0.87	0.2	1
242843.59719999996	0.83	0.2	1
243446.22379999995	0.64	0.3	1
244049.90419999996	0.75	0.3	1
244654.28839999996	0.91	0.2	1
245259.37639999995	0.79	0.2	1
245865.16819999996	0.87	0.2	1
246471.66379999995	0.65	0.2	1
247078.86319999996	0.84	0.2	1
247686.76639999996	0.89	0.2	1
248295.37339999995	0.84	0.2	1
248904.68419999996	0.76	0.2	1
249514.69879999995	0.9	0.2	1
250125.41719999997	0.82	0.2	1
250736.83939999997	0.86	0.2	1
251348.96539999996	0.72	0.2	1
251961.79519999996	0.9	0.2	1
252575.67879999997	0.68	0.3	1
253190.26619999995	0.8	0.2	1
253805.55739999996	0.8	0.2	1
254421.55239999996	0.87	0.2	1
255038.25119999997	0.9	0.2	1
255655.65379999997	0.74	0.2	1
256273.76019999996	0.95	0.2	1
256892.57039999997	0.84	0.2	1
257512.08439999996	0.83	0.2	1
258132.30219999998	0.72	0.2	1
258753.57379999998	0.62	0.3	1
259375.54919999998	0.89	0.2	1
259998.2284	0.94	0.2	1
260621.6114	0.88	0.2	1
261245.69819999998	0.78	0.2	1
261870.4888	0.92	0.2	1
262495.9832	0.75	0.2	1
263122.1814	0.9	0.2	1
263749.0834	0.81	0.2	1
264376.6892	0.9	0.2	1
265004.9988	0.85	0.2	1
265634.0122	0.86	0.2	1
266263.7294	0.96	0.2	1
266894.1504	0.81	0.2	1
267524.2752	0.68	0.2	1
268155.1038	0.77	0.2	1
268786.9862	0.68	0.3	1
269419.9224	0.59	0.3	1
270053.9124	0.73	0.3	1
270688.6062	0.74	0.2	1
271324.0038	0.93	0.2	1
271960.1052	0.86	0.2	1
272597.26039999997	0.64	0.3	1
273235.11939999997	0.85	0.2	1
273874.03219999996	0.68	0.3	1
274513.99879999994	0.75	0.3	1
275155.0191999999	0.68	0.3	1
275797.0933999999	0.63	0.3	1
276439.8713999999	0.72	0.2	1
277083.3531999999	0.89	0.2	1
277727.5387999999	0.85	0.2	1
278372.77819999994	0.58	0.3	1
279018.7213999999	0.76	0.2	1
279665.7183999999	0.76	0.3	1
280313.4191999999	0.77	0.2	1
280962.1737999999	0.61	0.3	1
281611.98219999985	0.76	0.3	1
282262.8443999998	0.57	0.3	1
282914.76039999985	0.61	0.3	1
283567.38019999984	0.83	0.2	1
284221.0537999998	0.63	0.3	1
284875.7811999998	0.8	0.3	1
285531.5623999998	0.66	0.3	1
286188.0473999998	0.87	0.2	1
286845.5861999998	0.61	0.3	1
287503.8287999998	0.89	0.2	1
288162.7751999998	0.77	0.2	1
288822.4253999998	0.74	0.2	1
289483.1293999998	0.78	0.3	1
290144.8871999998	0.58	0.3	1
290807.69879999984	0.66	0.3	1
291471.56419999985	0.63	0.3	1
292136.1333999999	0.9	0.2	1
292801.7563999999	0.62	0.3	1
293468.0831999999	0.81	0.2	1
294135.1137999999	0.76	0.2	1
294802.8481999999	0.91	0.2	1
295471.28639999987	0.91	0.2	1
296140.42839999986	0.88	0.2	1
296810.62419999985	0.59	0.3	1
297481.8737999998	0.63	0.3	1
298154.1771999998	0.74	0.3	1
298827.53439999983	0.59	0.3	1
299501.94539999985	0.65	0.3	1
300177.06019999983	0.86	0.2	1
300853.2287999998	0.7	0.3	1
301530.1011999998	0.86	0.2	1
302207.6773999998	0.94	0.2	1
302885.95739999984	1.0	0.2	1
303564.9411999998	0.7	0.2	1
304244.62879999983	0.74	0.2	1
304925.37019999983	0.66	0.3	1
305606.81539999985	0.96	0.2	1
306288.9643999998	0.87	0.2	1
306972.16719999985	0.56	0.3	1
307656.07379999984	0.81	0.2	1
308340.68419999984	0.85	0.2	1
309025.99839999987	0.92	0.2	1
309712.3663999999	0.58	0.3	1
310399.43819999986	0.68	0.2	1
311087.21379999985	0.88	0.2	1
311775.69319999986	0.79	0.2	1
312465.22639999987	0.79	0.3	1
313155.4633999999	0.89	0.2	1
313846.4041999999	0.88	0.2	1
314538.0487999999	0.87	0.2	1
315230.74719999987	0.69	0.3	1
315924.1493999999	0.93	0.2	1
316618.6053999999	0.56	0.3	1
317313.7651999999	0.78	0.2	1
318009.6287999999	0.86	0.2	1
318706.1961999999	0.89	0.2	1
319403.4673999999	0.76	0.2	1
320101.7923999999	0.59	0.3	1
320800.8211999999	0.8	0.2	1
321500.5537999999	0.61	0.2	1
322200.9901999999	1.0	0.2	1
322902.1303999999	0.79	0.2	1
323604.3243999999	0.76	0.3	1
324307.57219999994	0.57	0.3	1
325011.5237999999	0.75	0.2	1
325716.52919999993	0.63	0.3	1
326422.2383999999	0.88	0.2	1
327129.0013999999	0.76	0.3	1
327836.81819999986	0.67	0.3	1
328545.6887999999	0.83	0.3	1
329255.6131999999	0.68	0.3	1
329966.5913999999	0.78	0.3	1
330678.2733999999	0.78	0.2	1
331390.6591999999	0.81	0.2	1
332103.7487999999	0.86	0.2	1
332817.8921999999	0.74	0.3	1
333533.0893999999	0.73	0.3	1
334249.34039999987	0.66	0.3	1
334966.2951999999	0.87	0.2	1
335684.3037999999	0.55	0.3	1
336403.3661999999	0.62	0.3	1
337123.1323999999	0.95	0.2	1
337843.9523999999	0.72	0.3	1
338565.8261999999	0.8	0.3	1
339288.4037999999	0.85	0.2	1
340012.0351999999	0.79	0.3	1
340736.3703999999	0.76	0.2	1
341461.7593999999	0.54	0.3	1
342187.8521999999	0.79	0.2	1
342914.9987999999	0.68	0.3	1
343643.19919999986	0.73	0.3	1
344372.10339999985	0.86	0.2	1
345101.71139999985	0.69	0.2	1
345832.0231999999	0.8	0.2	1
346563.3887999999	0.8	0.3	1
347295.8081999999	0.68	0.3	1
348028.9313999999	0.97	0.2	1
348762.7583999999	0.74	0.2	1
349497.2891999999	0.87	0.2	1
350232.8737999999	0.79	0.3	1
350969.5121999999	0.78	0.3	1
351706.8543999999	0.94	0.2	1
352444.90039999987	0.87	0.2	1
353183.65019999986	0.94	0.2	1
353923.10379999987	0.81	0.2	1
354663.2611999999	0.67	0.2	1
355404.1223999999	0.83	0.2	1
356145.6873999999	0.76	0.2	1
356888.3061999999	0.76	0.3	1
357631.6287999999	0.97	0.2	1
358375.65519999986	0.86	0.2	1
359120.38539999985	0.84	0.2	1
359866.16939999984	0.77	0.3	1
360613.0071999998	0.48	0.3	1
361360.8987999998	0.61	0.3	1
362109.8441999998	0.78	0.3	1
362859.84339999984	0.45	0.3	1
363610.89639999985	0.58	0.3	1
364362.6531999998	0.84	0.2	1
365115.1137999998	0.89	0.2	1
365868.2781999998	0.72	0.2	1
366622.4963999998	0.57	0.3	1
367377.41839999985	0.89	0.2	1
368133.04419999983	0.94	0.2	1
368889.7237999998	0.75	0.3	1
369647.45719999983	0.57	0.3	1
370406.24439999985	0.75	0.3	1
371165.73539999983	0.78	0.2	1
371925.9301999998	0.76	0.2	1
372685.82879999984	0.89	0.2	1
373446.4311999998	0.82	0.2	1
374207.7373999998	0.92	0.2	1
374970.0973999998	0.68	0.3	1
375733.1611999998	0.78	0.2	1
376496.9287999998	0.75	0.2	1
377261.4001999998	0.92	0.2	1
378026.5753999998	0.84	0.2	1
378792.4543999998	0.65	0.2	1
379559.0371999998	0.84	0.2	1
380326.3237999998	0.76	0.2	1
381094.3141999998	0.83	0.2	1
381863.3583999998	0.58	0.3	1
382633.1063999998	0.88	0.2	1
383403.5581999998	0.94	0.2	1
384174.7137999998	0.93	0.2	1
384946.5731999998	0.77	0.2	1
385719.1363999998	0.65	0.2	1
386492.4033999998	0.85	0.2	1
387266.3741999998	0.68	0.2	1
388041.0487999998	0.78	0.2	1
388816.77719999984	0.64	0.3	1
389593.2093999998	0.85	0.2	1
390370.6953999998	0.56	0.3	1
391148.8851999998	0.81	0.2	1
391927.7787999998	0.83	0.2	1
392707.3761999998	0.73	0.2	1
393488.02739999985	0.55	0.3	1
394269.3823999998	0.77	0.2	1
395051.4411999998	0.86	0.2	1
395834.5537999998	0.57	0.3	1
396618.37019999983	0.97	0.2	1
397402.89039999986	0.85	0.2	1
398188.11439999985	0.73	0.2	1
398974.04219999985	0.96	0.2	1
399760.6737999999	0.88	0.2	1
400548.00919999985	0.71	0.2	1
401336.04839999985	0.89	0.2	1
402124.7913999999	0.92	0.2	1
402914.23819999985	0.98	0.2	1
403704.38879999984	0.88	0.2	1
404495.24319999985	0.9	0.2	1
405286.8013999999	0.98	0.2	1
406079.06339999987	0.86	0.2	1
406872.0291999999	0.79	0.2	1
407665.6987999999	0.79	0.2	1
408460.4221999999	0.73	0.3	1
409255.8493999999	0.72	0.2	1
410051.9803999999	0.86	0.2	1
410848.8151999999	0.96	0.2	1
411646.3537999999	0.85	0.2	1
412444.5961999999	0.84	0.2	1
413243.5423999999	0.85	0.2	1
414043.19239999994	0.94	0.2	1
414843.89619999996	0.57	0.3	1
415645.30379999994	0.87	0.2	1
416447.41519999993	0.88	0.2	1
417250.23039999994	0.87	0.2	1
418053.7493999999	0.86	0.2	1
418857.9721999999	0.91	0.2	1
419663.2487999999	0.62	0.3	1
420469.2291999999	0.81	0.2	1
421275.9133999999	0.72	0.2	1
422083.3013999999	0.88	0.2	1
422891.3931999999	0.7	0.2	1
423700.1887999999	0.94	0.2	1
424509.68819999986	0.93	0.2	1
425320.2413999999	0.6	0.3	1
426131.8483999999	0.7	0.3	1
426944.1591999999	0.85	0.2	1
427757.1737999999	0.87	0.2	1
428570.8921999999	0.86	0.2	1
429385.31439999986	0.75	0.2	1
430200.44039999985	0.74	0.2	1
431016.27019999985	0.92	0.2	1
431832.8037999999	0.85	0.2	1
432650.3911999999	0.54	0.3	1
433469.0323999999	0.56	0.3	1
434288.3773999999	0.82	0.2	1
435108.42619999987	0.91	0.2	1
435929.1787999999	0.94	0.2	1
436750.6351999999	0.72	0.2	1
437573.1453999999	0.49	0.3	1
438396.3593999999	0.9	0.2	1
439220.2771999999	0.87	0.2	1
440044.8987999999	0.87	0.2	1
440870.2241999999	0.83	0.2	1
441696.25339999987	0.79	0.2	1
442522.9863999999	0.82	0.2	1
443350.4231999999	0.92	0.2	1
444178.5637999999	0.85	0.2	1
445007.4081999999	0.83	0.2	1
445836.9563999999	0.83	0.2	1
446667.2083999999	0.72	0.2	1
447498.1641999999	0.96	0.2	1
448329.8237999999	0.66	0.2	1
449162.18719999987	0.96	0.2	1
449995.25439999986	0.89	0.2	1
450829.02539999987	0.82	0.2	1
451663.5001999999	0.9	0.2	1
452499.0287999999	0.66	0.3	1
453335.2611999999	0.8	0.2	1
454172.1973999999	0.86	0.2	1
455009.8373999999	0.77	0.2	1
455848.5311999999	0.58	0.3	1
456687.92879999994	0.92	0.2	1
457528.0301999999	0.93	0.2	1
458369.1853999999	0.63	0.3	1
459211.3943999999	0.49	0.3	1
460054.6571999999	0.64	0.3	1
460898.6237999999	0.91	0.2	1
461743.2941999999	0.9	0.2	1
462588.6683999999	0.9	0.2	1
463434.7463999999	0.82	0.2	1
464281.5281999999	0.89	0.2	1
465129.3637999999	0.56	0.3	1
465977.9031999999	0.81	0.2	1
466827.1463999999	0.88	0.2	1
467677.0933999999	0.87	0.2	1
468527.7441999999	0.75	0.2	1
469379.0987999999	0.87	0.2	1
470231.1571999999	0.71	0.2	1
471083.9193999999	0.9	0.2	1
471937.3853999999	0.8	0.2	1
472791.5551999999	0.86	0.2	1
473646.4287999999	0.82	0.2	1
474502.35619999986	0.57	0.3	1
475358.98739999987	0.96	0.2	1
476216.3223999999	0.88	0.2	1
477074.36119999987	0.9	0.2	1
477933.10379999987	0.88	0.2	1
478792.5501999999	0.86	0.2	1
479652.70039999986	0.96	0.2	1
480513.9043999999	0.63	0.3	1
481375.81219999987	0.73	0.2	1
482238.4237999999	0.84	0.2	1
483101.7391999999	0.93	0.2	1
483965.7583999999	0.92	0.2	1
484830.4813999999	0.74	0.2	1
485696.25819999987	0.42	0.3	1
486562.7387999999	0.9	0.2	1
487429.9231999999	0.9	0.2	1
488298.1613999999	0.6	0.3	1
489167.1033999999	0.9	0.2	1
490037.0991999999	0.61	0.3	1
490907.7987999999	0.88	0.2	1
491779.2021999999	0.75	0.2	1
492651.3093999999	0.89	0.2	1
493524.47039999993	0.59	0.3	1
494398.3351999999	0.84	0.2	1
495272.9037999999	0.89	0.2	1
496147.5261999999	0.7	0.3	1
497022.8523999999	0.77	0.2	1
497898.88239999994	0.9	0.2	1
498750.96619999997	0.36	0.3	1
499545.75379999995	0.13	0.2	1
500188.24519999995	0.82	0.2	1
500776.79039999994	0.5	0.3	1
501366.03939999995	0.84	0.2	1
501955.9922	0.77	0.2	1
502546.64879999997	0.9	0.2	1
503138.35919999995	0.9	0.3	1
503730.77339999995	0.77	0.2	1
504314.24139999994	0.44	0.3	1
504894.7631999999	0.69	0.3	1
505476.3387999999	0.76	0.3	1
506058.9681999999	0.68	0.3	1
506642.3013999999	0.95	0.2	1
507226.68839999987	0.64	0.3	1
507812.12919999985	0.75	0.3	1
508398.6237999998	0.74	0.3	1
508986.17219999986	0.64	0.3	1
509574.7743999999	0.67	0.3	1
510164.4303999999	0.78	0.3	1
510755.1401999999	0.77	0.3	1
511346.9037999999	0.79	0.3	1
511939.7211999999	0.65	0.3	1
512533.5923999999	0.88	0.3	1
513128.5173999999	0.8	0.3	1
513723.4961999999	0.58	0.3	1
514319.52879999985	0.53	0.3	1
514916.26519999985	0.71	0.2	1
515513.70539999986	0.71	0.2	1
516112.19939999987	0.6	0.3	1
516711.74719999987	0.66	0.3	1
517311.9987999999	0.75	0.2	1
517912.95419999986	0.84	0.2	1
518514.96339999983	0.64	0.3	1
519117.6763999998	0.74	0.2	1
519721.0931999998	0.7	0.2	1
520325.5637999998	0.76	0.3	1
520931.0881999998	0.56	0.3	1
521537.31639999984	0.69	0.2	1
522144.2483999998	0.86	0.2	1
522751.8841999998	0.82	0.2	1
523360.5737999998	0.61	0.3	1
523970.31719999976	0.67	0.3	1
524580.7643999998	0.79	0.2	1
525192.2653999998	0.57	0.3	1
525804.8201999998	0.56	0.3	1
526418.0787999998	0.75	0.2	1
527032.0411999997	0.86	0.2	1
527646.7073999997	0.84	0.2	1
528262.0773999997	0.72	0.2	1
528878.5011999997	0.71	0.3	1
529495.6287999997	0.74	0.2	1
530113.4601999997	0.71	0.2	1
530732.3453999998	0.58	0.3	1
531352.2843999998	0.63	0.3	1
531972.9271999998	0.86	0.2	1
532594.6237999998	0.58	0.3	1
533217.0241999999	0.69	0.2	1
533840.4783999999	0.62	0.3	1
534464.6364	0.84	0.2	1
535089.8482	0.68	0.3	1
535716.1138	0.72	0.3	1
536343.0832	0.71	0.2	1
536970.7564	0.74	0.2	1
537599.1333999999	0.65	0.2	1
538228.5641999999	0.67	0.3	1
538858.6987999999	0.75	0.2	1
539489.8871999999	0.66	0.3	1
540121.7793999999	0.8	0.2	1
540754.7253999999	0.66	0.3	1
541388.3751999999	0.79	0.2	1
542022.7287999999	0.87	0.2	1
542658.1362	0.6	0.3	1
543294.5974	0.54	0.3	1
543931.1124	0.73	0.3	1
544568.3312	0.71	0.2	1
545206.6038	0.71	0.3	1
545845.9302000001	0.65	0.3	1
546486.3104000001	0.61	0.3	1
547127.7444000001	0.63	0.3	1
547770.2322000001	0.75	0.3	1
548413.4238000001	0.88	0.2	1
549057.6692000001	0.61	0.3	1
549702.9684000001	0.74	0.3	1
550349.3214000001	0.69	0.3	1
550996.7282000001	0.76	0.3	1
551643.8388000001	0.73	0.2	1
552292.0032000002	0.59	0.3	1
552941.2214000002	0.67	0.3	1
553591.1434000002	0.74	0.2	1
554242.1192000002	0.64	0.3	1
554894.1488000002	0.68	0.3	1
555547.2322000002	0.68	0.3	1
556201.3694000002	0.64	0.3	1
556856.5604000002	0.68	0.3	1
557512.8052000002	0.63	0.3	1
558169.7538000002	0.67	0.2	1
558827.4062000002	0.79	0.2	1
559485.7624000002	0.84	0.2	1
560144.8224000003	0.8	0.2	1
560804.9362000003	0.76	0.3	1
561466.1038000004	0.7	0.3	1
562127.9752000003	0.8	0.2	1
562790.5504000003	0.73	0.2	1
563454.1794000003	0.71	0.3	1
564118.8622000002	0.65	0.3	1
564784.2488000002	0.83	0.2	1
565450.6892000001	0.65	0.3	1
566118.1834000001	0.67	0.3	1
566786.7314	0.74	0.3	1
567456.3332	0.75	0.3	1
568126.6388	0.71	0.2	1
568797.9981999999	0.81	0.3	1
569470.0613999999	0.58	0.2	1
570142.8283999999	0.76	0.2	1
570816.6491999999	0.65	0.3	1
571491.5237999998	0.66	0.3	1
572167.1021999998	0.91	0.2	1
572843.7343999998	0.6	0.3	1
573521.4203999998	0.68	0.3	1
574200.1601999998	0.63	0.3	1
574879.9537999998	0.7	0.3	1
575560.8011999998	0.67	0.3	1
576242.7023999997	0.8	0.3	1
576925.6573999997	0.69	0.3	1
577609.6661999996	0.66	0.3	1
578294.3787999996	0.7	0.2	1
578980.1451999996	0.53	0.3	1
579666.9653999995	0.66	0.3	1
580354.4893999995	0.76	0.2	1
581042.7171999995	0.77	0.2	1
581731.9987999995	0.73	0.3	1
582422.3341999995	0.69	0.3	1
583113.7233999994	0.72	0.3	1
583806.1663999994	0.65	0.3	1
584499.3131999994	0.67	0.2	1
585193.1637999994	0.77	0.2	1
585888.0681999994	0.65	0.3	1
586584.0263999994	0.64	0.3	1
587280.6883999994	0.88	0.2	1
587978.0541999994	0.82	0.2	1
588676.4737999995	0.6	0.3	1
589375.9471999995	0.63	0.3	1
590076.1243999995	0.78	0.2	1
590777.3553999995	0.7	0.3	1
591479.6401999996	0.65	0.3	1
592182.9787999996	0.65	0.3	1
592887.3711999996	0.67	0.3	1
593592.4673999996	0.73	0.2	1
594298.6173999996	0.59	0.3	1
595005.4711999997	0.75	0.2	1
595713.0287999996	0.71	0.2	1
596421.2901999996	0.69	0.2	1
597130.6053999995	0.6	0.3	1
597840.9743999995	0.75	0.3	1
598552.0471999994	0.68	0.2	1
599264.1737999994	0.69	0.3	1
599977.3541999994	0.59	0.3	1
600691.5883999993	0.77	0.3	1
601406.8763999993	0.7	0.3	1
602123.2181999993	0.77	0.3	1
602840.6137999994	0.57	0.3	1
603559.0631999994	0.67	0.3	1
604278.2163999993	0.76	0.2	1
604998.0733999993	0.83	0.2	1
605718.9841999992	0.7	0.3	1
606440.9487999992	0.62	0.3	1
607163.9671999991	0.88	0.3	1
607887.6893999991	0.77	0.2	1
608612.1153999991	0.76	0.2	1
609337.595199999	0.56	0.3	1
610064.128799999	0.65	0.3	1
610791.716199999	0.62	0.3	1
611520.007399999	0.73	0.2	1
612249.3523999989	0.7	0.3	1
612979.4011999989	0.77	0.2	1
613710.5037999989	0.69	0.3	1
614442.3101999989	0.62	0.2	1
615175.1703999989	0.56	0.3	1
615908.7343999989	0.81	0.2	1
616643.3521999989	0.7	0.3	1
617378.673799999	0.83	0.2	1
618114.699199999	0.64	0.2	1
618851.778399999	0.63	0.3	1
619589.5613999991	0.81	0.2	1
620328.048199999	0.86	0.2	1
621067.588799999	0.59	0.3	1
621807.833199999	0.8	0.2	1
622549.1313999989	0.71	0.3	1
623291.1333999989	0.88	0.2	1
624033.8391999989	0.69	0.2	1
624777.5987999989	0.73	0.3	1
625522.0621999989	0.73	0.2	1
626267.5793999989	0.67	0.3	1
627013.8003999989	0.82	0.2	1
627761.0751999989	0.57	0.3	1
628509.4037999989	0.65	0.3	1
629258.7861999989	0.71	0.3	1
630008.872399999	0.7	0.2	1
630760.012399999	0.69	0.3	1
631512.206199999	0.73	0.3	1
632265.453799999	0.58	0.3	1
633019.755199999	0.7	0.3	1
633775.110399999	0.56	0.3	1
634531.519399999	0.75	0.3	1
635288.632199999	0.72	0.2	1
636046.448799999	0.83	0.2	1
636805.319199999	0.66	0.3	1
637564.893399999	0.78	0.2	1
638325.521399999	0.71	0.3	1
639087.203199999	0.64	0.3	1
639849.9387999991	0.69	0.3	1
640613.7281999991	0.62	0.3	1
641378.2213999991	0.77	0.2	1
642143.4183999992	0.77	0.2	1
642909.6691999992	0.82	0.3	1
643676.9737999992	0.89	0.3	1
644445.3321999992	0.59	0.3	1
645214.3943999993	0.75	0.2	1
645984.5103999993	0.72	0.3	1
646755.6801999994	0.62	0.3	1
647527.9037999994	0.61	0.3	1
648300.8311999994	0.86	0.2	1
649074.8123999995	0.66	0.3	1
649849.4973999995	0.81	0.2	1
650625.2361999996	0.63	0.3	1
651402.0287999996	0.84	0.3	1
652179.8751999997	0.63	0.3	1
652958.4253999997	0.74	0.2	1
653738.0293999998	0.68	0.3	1
654518.6871999998	0.56	0.3	1
655300.0487999998	0.71	0.2	1
656082.4641999998	0.64	0.3	1
656865.9333999999	0.61	0.3	1
657650.1063999998	0.67	0.2	1
658434.9831999998	0.72	0.2	1
659220.5637999998	0.84	0.2	1
660007.1981999998	0.67	0.3	1
660794.5363999997	0.77	0.2	1
661582.9283999997	0.68	0.3	1
662372.3741999997	0.59	0.3	1
663162.5237999997	0.91	0.2	1
663953.7271999997	0.67	0.3	1
664745.9843999997	0.63	0.3	1
665539.2953999997	0.58	0.3	1
666333.3101999997	0.87	0.2	1
667128.3787999997	0.76	0.3	1
667924.5011999997	0.74	0.3	1
668721.6773999997	0.57	0.3	1
669519.9073999997	0.69	0.3	1
670319.1911999997	0.76	0.3	1
671119.1787999996	0.75	0.2	1
671920.2201999996	0.59	0.3	1
672721.9653999996	0.82	0.2	1
673524.4143999997	0.76	0.2	1
674327.9171999997	0.8	0.3	1
675132.4737999997	0.6	0.3	1
675938.0841999997	0.59	0.3	1
676744.3983999997	0.89	0.2	1
677551.4163999998	0.74	0.2	1
678359.1381999998	0.71	0.2	1
679167.5637999998	0.89	0.2	1
679976.6931999997	0.86	0.2	1
680786.5263999997	0.73	0.2	1
681597.0633999998	0.71	0.2	1
682408.6541999998	0.69	0.3	1
683220.9487999998	0.79	0.2	1
684033.9471999998	0.83	0.2	1
684847.9993999999	0.69	0.3	1
685663.1053999999	0.64	0.3	1
686479.2651999999	0.69	0.3	1
687296.1288	0.75	0.2	1
688114.0462	0.65	0.3	1
688933.0174	0.68	0.3	1
689752.6924	0.71	0.2	1
690573.0712	0.78	0.2	1
691394.1538	0.85	0.2	1
692216.2901999999	0.71	0.3	1
693039.4803999999	0.57	0.3	1
693863.3743999999	0.78	0.2	1
694688.3221999998	0.68	0.3	1
695514.3237999998	0.64	0.3	1
696341.3791999997	0.6	0.3	1
697169.1383999997	0.76	0.2	1
697997.9513999997	0.56	0.3	1
698827.4681999997	0.73	0.2	1
699657.0387999996	0.58	0.3	1
700487.3131999996	0.75	0.2	1
701318.6413999996	0.65	0.3	1
702150.6733999996	0.87	0.2	1
702983.7591999996	0.53	0.3	1
703817.5487999996	0.66	0.2	1
704652.0421999997	0.72	0.2	1
705487.2393999997	0.81	0.2	1
706323.1403999997	0.64	0.2	1
707160.0951999996	0.62	0.3	1
707997.7537999996	0.84	0.2	1
708836.1161999996	0.7	0.2	1
709675.1823999996	0.81	0.2	1
710514.9523999996	0.69	0.2	1
711355.7761999996	0.59	0.3	1
712197.6537999996	0.62	0.3	1
713040.5851999996	0.51	0.3	1
713884.2203999996	0.8	0.2	1
714728.9093999997	0.64	0.3	1
715574.3021999997	0.77	0.2	1
716420.3987999997	0.71	0.2	1
717267.5491999998	0.66	0.3	1
718115.4033999997	0.63	0.2	1
718963.9613999997	0.71	0.2	1
719813.5731999996	0.56	0.3	1
720664.2387999996	0.64	0.3	1
721515.6081999996	0.65	0.2	1
722368.0313999995	0.58	0.3	1
723221.1583999995	0.8	0.2	1
724075.3391999995	0.58	0.3	1
724930.5737999994	0.51	0.3	1
725786.5121999994	0.72	0.2	1
726643.1543999994	0.78	0.2	1
727500.5003999994	0.8	0.2	1
728358.9001999995	0.59	0.3	1
729218.0037999995	0.61	0.2	1
730077.1611999995	0.7	0.3	1
730937.3723999995	0.55	0.3	1
731798.2873999996	0.76	0.2	1
732660.2561999996	0.72	0.3	1
733522.9287999996	0.71	0.2	1
734386.6551999997	0.61	0.3	1
735251.0853999996	0.68	0.2	1
736116.2193999996	0.79	0.2	1
736982.0571999996	0.67	0.2	1
737848.9487999995	0.66	0.3	1
738716.8941999995	0.64	0.3	1
739585.8933999995	0.5	0.3	1
740455.5963999995	0.7	0.2	1
741326.3531999994	0.65	0.3	1
742198.1637999994	0.7	0.3	1
743071.0281999994	0.55	0.3	1
743944.5963999993	0.69	0.2	1
744818.8683999993	0.79	0.2	1
745693.8441999994	0.69	0.2	1
746569.5237999994	0.82	0.2	1
747445.9071999994	0.85	0.2	1
748323.3443999995	0.62	0.3	1
749201.4853999994	0.67	0.2	1
750080.6801999995	0.58	0.3	1
750960.9287999995	0.7	0.3	1
751842.2311999996	0.77	0.3	1
752724.5873999996	0.55	0.3	1
753607.6473999997	0.64	0.2	1
754491.4111999996	0.7	0.2	1
755375.8787999996	0.78	0.2	1
756261.4001999996	0.66	0.3	1
757147.6253999996	0.84	0.2	1
758034.9043999995	0.65	0.3	1
758922.8871999995	0.8	0.2	1
759811.9237999995	0.62	0.3	1
760702.0141999995	0.67	0.3	1
761592.8083999995	0.76	0.2	1
762484.6563999995	0.74	0.3	1
763377.2081999995	0.72	0.2	1
764270.4637999996	0.77	0.2	1
765164.4231999996	0.87	0.2	1
766059.4363999997	0.61	0.3	1
766955.1533999996	0.71	0.2	1
767851.9241999997	0.55	0.3	1
768749.7487999997	0.61	0.3	1
769648.6271999998	0.64	0.3	1
770548.2093999997	0.8	0.2	1
771448.4953999997	0.78	0.2	1
772349.4851999996	0.82	0.2	1
773251.5287999996	0.59	0.3	1
774154.6261999996	0.72	0.3	1
775058.7773999996	0.68	0.3	1
775963.9823999995	0.67	0.3	1
776869.8911999995	0.7	0.2	1
777776.5037999995	0.73	0.2	1
778683.8201999995	0.68	0.2	1
779591.8403999995	0.72	0.2	1
780500.5643999996	0.71	0.2	1
781409.9921999995	0.78	0.2	1
782320.4737999996	0.72	0.3	1
783231.6591999995	0.77	0.2	1
784143.5483999995	0.72	0.2	1
785056.4913999995	0.72	0.3	1
785970.1381999995	0.72	0.2	1
786884.8387999994	0.83	0.3	1
787800.5931999994	0.73	0.3	1
788717.4013999994	0.72	0.3	1
789635.2633999994	0.65	0.3	1
790554.1791999993	0.76	0.3	1
791474.1487999993	0.75	0.3	1
792395.1721999992	0.87	0.3	1
793316.8993999992	0.85	0.2	1
794239.6803999991	0.78	0.3	1
795163.1651999991	0.7	0.2	1
796087.3537999991	0.89	0.2	1
797012.5961999991	0.55	0.3	1
797938.5423999991	0.76	0.2	1
798865.1923999991	0.77	0.2	1
799792.8961999991	0.52	0.3	1
800721.6537999992	0.59	0.3	1
801651.4651999992	0.53	0.3	1
802582.3303999992	0.64	0.3	1
803513.8993999992	0.74	0.2	1
804446.5221999992	0.6	0.3	1
805380.1987999992	0.71	0.3	1
806314.9291999992	0.6	0.3	1
807250.7133999992	0.78	0.3	1
808187.5513999992	0.7	0.3	1
809125.0931999992	0.89	0.2	1
810063.6887999992	0.79	0.3	1
811003.3381999992	0.57	0.3	1
811944.0413999992	0.7	0.3	1
812885.7983999992	0.64	0.3	1
813828.2591999992	0.79	0.2	1
814771.7737999992	0.64	0.3	1
815716.3421999991	0.69	0.3	1
816661.9643999991	0.63	0.3	1
817608.2903999991	0.79	0.2	1
818555.6701999991	0.67	0.3	1
819503.7537999991	0.7	0.2	1
820452.8911999991	0.64	0.3	1
821403.0823999991	0.76	0.3	1
822353.9773999992	0.81	0.2	1
823305.9261999992	0.57	0.3	1
824258.9287999992	0.75	0.3	1
825212.6351999992	0.73	0.2	1
826167.0453999992	0.87	0.2	1
827122.1593999992	0.72	0.2	1
828078.3271999992	0.42	0.3	1
829035.5487999993	0.6	0.3	1
829993.8241999993	0.65	0.3	1
830953.1533999994	0.68	0.3	1
831913.5363999994	0.71	0.3	1
832874.9731999994	0.67	0.3	1
833837.4637999994	0.69	0.3	1
834801.0081999995	0.75	0.3	1
835765.2563999995	0.76	0.2	1
836730.2083999995	0.7	0.2	1
837696.2141999996	0.66	0.3	1
838663.2737999996	0.7	0.3	1
839631.3871999996	0.68	0.3	1
840600.5543999997	0.75	0.3	1
841570.7753999997	0.56	0.3	1
842541.7001999997	0.84	0.2	1
843513.6787999998	0.5	0.3	1
844486.7111999998	0.68	0.3	1
845460.7973999998	0.74	0.3	1
846435.9373999998	0.63	0.3	1
847411.7811999999	0.68	0.2	1
848388.6787999999	0.68	0.3	1
849366.2801999999	0.9	0.2	1
850344.9354	0.75	0.3	1
851324.6444	0.53	0.3	1
852305.0572	0.77	0.2	1
853286.5238000001	0.75	0.3	1
854269.0442000001	0.61	0.3	1
855252.2684000002	0.9	0.2	1
856236.5464000002	0.57	0.3	1
857221.8782000003	0.65	0.3	1
858208.2638000003	0.52	0.3	1
859195.7032000003	0.72	0.3	1
860183.8464000004	0.72	0.2	1
861173.0434000004	0.7	0.3	1
862162.9442000004	0.64	0.2	1
863153.5488000003	0.73	0.2	1
864144.8572000003	0.66	0.2	1
865137.2194000003	0.56	0.3	1
866130.2854000003	0.9	0.2	1
867124.4052000003	0.65	0.3	1
868118.2288000003	0.7	0.2	1
869113.1062000003	0.6	0.3	1
870109.0374000003	0.64	0.3	1
871105.6724000003	0.73	0.2	1
872103.0112000003	0.72	0.2	1
873101.0538000003	0.75	0.2	1
874099.8002000003	0.74	0.2	1
875099.2504000003	0.71	0.2	1
876099.7544000002	0.47	0.3	1
877101.3122000002	0.63	0.3	1
878103.5738000001	0.69	0.2	1
879106.8892000001	0.66	0.3	1
880111.2584	0.56	0.3	1
881116.6814	0.62	0.3	1
882123.1582	0.55	0.3	1
883130.3387999999	0.77	0.2	1
884138.5731999999	0.77	0.3	1
885147.8613999998	0.61	0.3	1
886158.2033999998	0.68	0.3	1
887169.5991999998	0.68	0.3	1
888181.6987999998	0.78	0.2	1
889194.8521999997	0.71	0.3	1
890208.7093999997	0.81	0.2	1
891223.2703999997	0.79	0.2	1
892238.8851999997	0.67	0.3	1
893255.5537999996	0.59	0.3	1
894272.9261999996	0.61	0.2	1
895291.0023999996	0.9	0.2	1
896310.1323999997	0.76	0.3	1
897329.9661999997	0.75	0.2	1
898350.8537999997	0.61	0.3	1
899372.7951999997	0.63	0.3	1
900395.7903999997	0.67	0.3	1
901419.8393999997	0.75	0.3	1
902444.9421999997	0.69	0.3	1
903471.0987999997	0.54	0.3	1
904497.9591999997	0.68	0.2	1
905525.8733999997	0.61	0.3	1
906554.8413999997	0.52	0.3	1
907584.5131999997	0.81	0.2	1
908614.8887999997	0.65	0.2	1
909645.9681999998	0.72	0.2	1
910678.1013999998	0.76	0.3	1
911710.9383999999	0.62	0.2	1
912744.4791999998	0.85	0.2	1
913778.7237999998	0.78	0.2	1
914814.0221999998	0.56	0.3	1
915850.3743999997	0.72	0.3	1
916887.7803999997	0.65	0.3	1
917925.8901999997	0.82	0.2	1
918965.0537999996	0.66	0.3	1
920004.9211999996	0.78	0.2	1
921045.8423999996	0.66	0.3	1
922087.8173999996	0.58	0.3	1
923130.4961999996	0.8	0.2	1
924174.2287999996	0.65	0.3	1
925219.0151999996	0.57	0.3	1
926264.8553999995	0.5	0.3	1
927311.7493999995	0.65	0.3	1
928359.3471999995	0.69	0.2	1
929407.9987999995	0.58	0.3	1
930457.7041999995	0.63	0.3	1
931508.1133999994	0.86	0.2	1
932559.2263999995	0.82	0.2	1
933611.0431999995	0.83	0.2	1
934663.9137999995	0.71	0.3	1
935717.8381999995	0.53	0.3	1
936772.8163999995	0.56	0.3	1
937828.8483999996	0.64	0.3	1
938885.9341999996	0.58	0.3	1
939944.0737999995	0.81	0.3	1
941003.2671999995	0.65	0.3	1
942063.5143999995	0.69	0.3	1
943124.4653999995	0.73	0.2	1
944186.1201999995	0.79	0.2	1
945248.4787999996	0.77	0.2	1
946311.5411999996	0.8	0.2	1
947375.6573999997	0.69	0.3	1
948440.8273999997	0.51	0.3	1
949507.0511999998	0.63	0.3	1
950574.3287999998	0.58	0.3	1
951642.3101999998	0.65	0.2	1
952710.9953999998	0.76	0.2	1
953780.7343999997	0.65	0.3	1
954851.5271999998	0.55	0.3	1
955923.3737999998	0.57	0.3	1
956996.2741999999	0.58	0.3	1
958069.8783999998	0.67	0.2	1
959144.5363999999	0.68	0.3	1
960220.2481999999	0.64	0.3	1
961297.0138	0.62	0.3	1
962374.8332	0.59	0.3	1
963453.3564	0.82	0.2	1
964532.5834	0.79	0.2	1
965612.5142	0.87	0.2	1
966693.1488	0.84	0.2	1
967774.4872	0.7	0.2	1
968856.5294	0.84	0.2	1
969939.2754	0.58	0.2	1
971023.0752000001	0.7	0.3	1
972107.5788000001	0.72	0.2	1
973192.7862000001	0.85	0.2	1
974278.6974000001	0.7	0.2	1
975365.6624	0.71	0.3	1
976453.6812	0.62	0.3	1
977542.7538	0.64	0.3	1
978632.8801999999	0.62	0.3	1
979724.0603999998	0.69	0.3	1
980815.9443999998	0.71	0.2	1
981908.5321999998	0.68	0.2	1
983001.8237999998	0.67	0.2	1
984096.1691999998	0.61	0.3	1
985191.2183999998	0.72	0.2	1
986286.9713999998	0.73	0.2	1
987383.7781999998	0.57	0.3	1
988481.2887999999	0.82	0.2	1
989579.8531999999	0.59	0.3	1
990679.4713999999	0.68	0.3	1
991780.1434	0.73	0.3	1
992881.8692	0.48	0.3	1
993984.2988	0.7	0.2	1
995087.7822	0.66	0.3	1
996191.9694000001	0.77	0.2	1
997296.8604	0.73	0.2	1
998402.4552	0.74	0.2	1
999508.7538	0.97	0.2	1
1000615.7562	0.82	0.2	1
1001723.8123999999	0.65	0.3	1
1002832.5724	0.8	0.2	1
1003942.0362	0.77	0.2	1
1005052.2038	0.77	0.2	1
1006163.4252	0.58	0.3	1
1007275.7004000001	0.66	0.3	1
1008389.0294000001	0.62	0.3	1
1009502.4122000001	0.59	0.3	1
1010616.8488000002	0.7	0.3	1
1011731.9892000002	0.71	0.2	1
1012848.1834000002	0.77	0.3	1
1013965.4314000002	0.56	0.3	1
1015082.3832000003	0.74	0.2	1
1016200.0388000003	0.76	0.2	1
1017318.3982000003	0.74	0.2	1
1018437.4614000003	0.82	0.2	1
1019518.2284000003	0.14	0.2	1
1020410.6992000003	0.5	0.2	1
1021049.8738000003	0.73	0.2	1
1021689.7522000003	0.73	0.2	1
1022330.3344000003	0.63	0.2	1
1022971.9704000003	0.61	0.3	1
1023614.3102000003	0.53	0.2	1
1024257.3538000003	0.7	0.2	1
1024787.4512000002	0.23	0.3	1
1025174.6024000002	0.61	0.3	1
1025496.8074000002	0.02	0.3	1
1025741.7162000001	0.83	0.2	1
1025935.3288000001	0.13	0.2	1
1026129.6452000001	0.11	0.2	1
1026305.6654000002	0.09	0.2	1
1026426.7394000002	0.05	0.3	1
1026498.5172000002	0.7	0.2	1
1026569.3488000003	0.79	0.3	1
1026641.2342000003	0.76	0.3	1
1026714.1734000003	0.76	0.3	1
1026787.1664000003	0.76	0.3	1
1026860.2132000003	0.66	0.3	1
1026914.9638000004	0.22	0.2	1
1026961.7682000004	0.77	0.3	1
1027009.6264000004	0.84	0.3	1
1027057.5384000004	0.77	0.3	1
1027063.1542000005	0.25	0.2	1
1027063.8580000005	0.38	0.2	1
1027064.9118000005	0.6	0.3	1
1027065.9656000005	0.11	0.3	1
1027066.6694000005	0.38	0.2	1
1027067.3732000005	0.82	0.2	1
1027068.0770000005	0.38	0.2	1
1027069.1308000005	0.57	0.3	1
1027070.8884000005	0.67	0.2	1
1027073.3498000005	0.7	0.2	1
1027076.5150000006	0.74	0.2	1
1027080.7340000006	0.59	0.3	1
1027086.0068000007	0.48	0.3	1
1027091.9834000007	0.56	0.2	1
1027099.0138000008	0.44	0.3	1
1027099.7176000008	0.28	0.2	1
1027101.1252000008	0.23	0.2	1
1027103.2366000009	0.28	0.2	1
1027106.4018000009	0.45	0.3	1
1027110.2708000009	0.43	0.2	1
1027114.8436000008	0.25	0.2	1
1027120.1202000008	0.24	0.2	1
1027126.4506000008	0.67	0.3	1
1027133.4848000008	0.26	0.2	1
1027141.5728000008	0.54	0.3	1
1027150.3646000008	0.74	0.2	1
1027159.8602000008	0.25	0.2	1
1027160.5640000008	0.42	0.2	1
1027161.6178000008	0.47	0.3	1
1027163.3754000008	0.65	0.2	1
1027165.8368000009	0.53	0.2	1
1027169.3520000009	0.44	0.3	1
1027173.5710000009	0.56	0.2	1
1027178.843800001	0.49	0.3	1
1027185.170400001	0.5	0.3	1
1027185.874200001	0.27	0.2	1
1027187.281800001	0.12	0.2	1
1027187.9856000011	0.29	0.2	1
1027189.3932000011	0.48	0.2	1
1027191.5046000011	0.5	0.2	1
1027194.3198000011	0.14	0.2	1
1027197.8388000011	0.09	0.2	1
1027202.0616000011	0.13	0.2	1
1027206.9882000011	0.11	0.2	1
1027212.6186000011	0.25	0.2	1
1027218.9528000011	0.28	0.2	1
1027225.9908000011	0.47	0.2	1
1027233.732600001	0.52	0.2	1
1027234.786400001	0.21	0.3	1
1027236.894000001	0.71	0.3	1
1027239.705400001	0.43	0.2	1
1027240.409200001	0.71	0.2	1
1027241.8168000011	0.56	0.2	1
1027243.9282000011	0.72	0.2	1
1027246.7434000011	0.55	0.2	1
1027250.262400001	0.64	0.2	1
1027254.485200001	0.64	0.2	1
1027259.411800001	0.66	0.2	1
1027265.392200001	0.37	0.3	1
1027272.426400001	0.62	0.3	1
1027280.514400001	0.75	0.3	1
1027289.656200001	0.42	0.3	1
1027299.501800001	0.57	0.2	1
1027310.051200001	0.73	0.2	1
1027321.3044000011	0.72	0.2	1
1027333.2614000011	0.57	0.2	1
1027346.2722000012	0.46	0.3	1
1027359.9868000011	0.53	0.2	1
1027374.4052000011	0.77	0.2	1
1027389.5274000011	0.68	0.2	1
1027405.3534000011	0.59	0.2	1
1027421.8832000011	0.56	0.2	1
1027439.4668000011	0.4	0.3	1
1027457.7542000011	0.65	0.2	1
1027476.7454000012	0.68	0.2	1
1027496.7904000012	0.43	0.3	1
1027517.5392000012	0.47	0.2	1
1027538.9918000011	0.78	0.2	1
1027561.1482000011	0.66	0.2	1
1027584.0084000011	0.64	0.2	1
1027607.5724000011	0.6	0.2	1
1027631.8402000011	0.67	0.2	1
1027655.8118000012	0.63	0.2	1
1027680.4872000011	0.56	0.2	1
1027705.8664000011	0.59	0.2	1
1027731.9494000011	0.65	0.2	1
1027759.0862000011	0.42	0.3	1
1027786.9268000011	0.48	0.2	1
1027815.4712000011	0.62	0.2	1
1027845.0694000011	0.41	0.3	1
1027875.3714000011	0.62	0.2	1
1027906.3772000012	0.56	0.2	1
1027938.0868000011	0.58	0.2	1
1027970.500200001	0.66	0.2	1
1028003.617400001	0.73	0.2	1
1028037.788400001	0.55	0.3	1
1028072.663200001	0.68	0.2	1
1028108.591800001	0.63	0.3	1
1028145.224200001	0.71	0.2	1
1028182.910400001	0.67	0.3	1
1028221.300400001	0.77	0.2	1
1028260.744200001	0.63	0.3	1
1028300.891800001	0.47	0.2	1
1028341.7432000011	0.67	0.2	1
1028383.6484000011	0.69	0.3	1
1028426.6074000011	0.53	0.3	1
1028470.2702000012	0.6	0.2	1
1028514.6368000011	0.7	0.2	1
1028559.7072000011	0.61	0.2	1
1028605.4814000011	0.54	0.2	1
1028651.9594000011	0.67	0.2	1
1028699.4912000011	0.42	0.3	1
1028747.7268000011	0.55	0.2	1
1028796.6662000011	0.49	0.2	1
1028846.3094000012	0.71	0.2	1
1028896.6564000011	0.54	0.2	1
1028947.7072000011	0.43	0.2	1
1028999.4618000011	0.58	0.2	1
1029052.2702000011	0.67	0.3	1
1029105.7824000011	0.61	0.2	1
1029159.9984000011	0.61	0.2	1
1029214.9182000011	0.6	0.2	1
1029270.5418000012	0.6	0.2	1
1029326.8692000011	0.75	0.2	1
1029383.9004000011	0.5	0.2	1
1029441.6354000011	0.6	0.2	1
1029500.0742000011	0.62	0.2	1
1029559.2168000011	0.72	0.2	1
1029619.0632000011	0.57	0.2	1
1029679.9634000012	0.5	0.3	1
1029741.5674000012	0.55	0.2	1
1029804.2252000013	0.42	0.3	1
1029867.5868000012	0.48	0.2	1
1029931.6522000012	0.61	0.2	1
1029996.4214000012	0.53	0.2	1
1030061.8944000012	0.57	0.2	1
1030128.0712000012	0.59	0.2	1
1030195.3018000012	0.64	0.3	1
1030263.2362000012	0.52	0.2	1
1030331.8744000013	0.52	0.2	1
1030401.2164000012	0.65	0.2	1
1030471.2622000012	0.6	0.2	1
1030542.3618000011	0.39	0.3	1
1030614.1652000011	0.56	0.2	1
1030686.6724000011	0.71	0.2	1
1030759.8834000011	0.68	0.2	1
