0.6067	0.13	0.2	1
1.2134	0.19	0.2	1
2.1201	0.11	0.3	1
3.6334999999999997	0.12	0.2	1
6.053599999999999	0.15	0.3	1
9.3804	0.13	0.3	1
13.6139	0.13	0.3	1
18.4541	0.73	0.2	1
23.901	0.13	0.2	1
24.5077	0.82	0.2	1
25.4144	0.84	0.3	1
26.3211	0.56	0.3	1
26.9278	0.86	0.2	1
27.5345	0.38	0.2	1
28.7479	0.46	0.2	1
30.568	0.43	0.2	1
32.9948	0.43	0.2	1
36.0283	0.45	0.2	1
39.6685	0.45	0.2	1
43.915400000000005	0.41	0.2	1
48.769000000000005	0.38	0.2	1
49.675700000000006	0.13	0.3	1
50.58240000000001	0.57	0.3	1
51.18910000000001	0.77	0.2	1
51.795800000000014	0.83	0.2	1
52.702500000000015	0.48	0.3	1
53.30920000000002	0.19	0.2	1
54.822600000000016	0.2	0.3	1
57.24270000000001	0.15	0.3	1
60.269500000000015	0.21	0.2	1
64.20300000000002	0.19	0.3	1
68.74320000000002	0.2	0.2	1
73.89010000000002	0.18	0.2	1
79.94370000000002	0.18	0.3	1
86.90400000000002	0.18	0.3	1
94.47100000000003	0.21	0.2	1
102.94470000000004	0.19	0.3	1
112.02510000000004	0.22	0.2	1
122.01220000000004	0.21	0.3	1
132.60600000000002	0.19	0.2	1
144.1065	0.17	0.3	1
156.5137	0.15	0.3	1
169.8276	0.18	0.3	1
183.7482	0.21	0.2	1
198.5755	0.16	0.3	1
214.3095	0.18	0.3	1
230.95020000000002	0.2	0.3	1
248.49760000000003	0.18	0.3	1
266.9517	0.16	0.3	1
286.3125	0.19	0.3	1
306.58	0.17	0.3	1
327.45419999999996	0.2	0.2	1
349.23509999999993	0.18	0.3	1
371.62269999999995	0.19	0.2	1
372.22939999999994	0.62	0.2	1
373.4427999999999	0.55	0.2	1
375.26289999999995	0.69	0.2	1
377.68969999999996	0.46	0.2	1
380.72319999999996	0.74	0.2	1
384.36339999999996	0.43	0.2	1
388.61029999999994	0.63	0.2	1
393.46389999999997	0.54	0.2	1
398.9242	0.68	0.2	1
404.9912	0.49	0.2	1
411.6649	0.46	0.2	1
418.9453	0.46	0.2	1
427.13239999999996	0.38	0.3	1
435.92619999999994	0.44	0.2	1
445.32669999999996	0.48	0.2	1
455.33389999999997	0.64	0.2	1
465.9478	0.48	0.2	1
477.16839999999996	0.67	0.2	1
488.99569999999994	0.59	0.2	1
501.42969999999997	0.79	0.2	1
514.4703999999999	0.59	0.2	1
528.1177999999999	0.48	0.2	1
542.6718999999998	0.4	0.3	1
557.8326999999998	0.53	0.2	1
573.6001999999999	0.48	0.2	1
590.2743999999999	0.42	0.3	1
607.8552999999999	0.42	0.3	1
626.0428999999999	0.68	0.2	1
645.1371999999999	0.41	0.3	1
664.8381999999999	0.56	0.2	1
685.1458999999999	0.42	0.2	1
706.0602999999999	0.94	0.2	1
727.8813999999999	0.35	0.3	1
750.3091999999999	0.5	0.2	1
773.3436999999999	0.43	0.2	1
797.2848999999999	0.35	0.3	1
821.8327999999999	0.47	0.2	1
846.9873999999999	0.49	0.2	1
873.0486999999998	0.41	0.3	1
899.7166999999998	0.59	0.2	1
926.9913999999999	0.61	0.2	1
954.8727999999999	0.51	0.2	1
983.3608999999999	0.44	0.2	1
1012.4556999999999	0.28	0.2	1
1042.1571999999999	0.46	0.2	1
1072.7653999999998	0.4	0.3	1
1103.9802999999997	0.48	0.2	1
1135.8018999999997	0.55	0.2	1
1168.5301999999997	0.33	0.3	1
1201.8651999999997	0.45	0.2	1
1235.8068999999998	0.52	0.2	1
1270.3552999999997	0.49	0.2	1
1305.8103999999996	0.36	0.3	1
1341.8721999999996	0.56	0.2	1
1378.5406999999996	0.45	0.2	1
1415.8158999999996	0.5	0.2	1
1453.6977999999997	0.43	0.2	1
1492.1863999999996	0.55	0.2	1
1531.5816999999995	0.34	0.3	1
1571.5836999999995	0.6	0.2	1
1612.1923999999995	0.56	0.2	1
1653.4077999999995	0.47	0.2	1
1695.2298999999996	0.5	0.2	1
1737.6586999999995	0.59	0.2	1
1780.6941999999995	0.6	0.2	1
1824.3363999999995	0.64	0.2	1
1868.5852999999995	0.53	0.2	1
1913.7408999999996	0.42	0.3	1
1959.8031999999996	0.39	0.3	1
2006.4721999999997	0.56	0.2	1
2053.7479	0.62	0.2	1
2101.6303	0.51	0.2	1
2150.4193999999998	0.4	0.3	1
2199.8151999999995	0.46	0.2	1
2249.8176999999996	0.42	0.2	1
2266.4268999999995	0.54	0.2	1
2283.6427999999996	0.78	0.2	1
2284.2494999999994	0.49	0.2	1
2285.1561999999994	0.14	0.3	1
2286.0628999999994	0.1	0.3	1
2286.6695999999993	0.18	0.2	1
2287.5762999999993	0.77	0.3	1
2289.3896999999993	0.89	0.3	1
2292.1097999999993	0.92	0.3	1
2295.7365999999993	0.79	0.3	1
2300.2700999999993	0.9	0.3	1
2305.410299999999	0.93	0.2	1
2311.157199999999	0.95	0.2	1
2317.8107999999993	0.92	0.3	1
2325.3710999999994	0.87	0.3	1
2333.8380999999995	0.87	0.3	1
2343.2117999999996	0.86	0.3	1
2353.4921999999997	0.88	0.3	1
2364.6793	0.85	0.3	1
2376.7731	0.9	0.3	1
2389.7736	0.9	0.3	1
2403.6808	0.87	0.3	1
2418.4947	0.86	0.3	1
2433.9153	0.93	0.2	1
2449.9426000000003	0.98	0.2	1
2466.8766000000005	0.78	0.3	1
2484.7173000000007	0.92	0.3	1
2503.464700000001	0.86	0.3	1
2523.118800000001	0.84	0.3	1
2543.6796000000013	0.86	0.3	1
2564.8471000000013	0.93	0.2	1
2586.9213000000013	0.88	0.3	1
2609.9022000000014	0.9	0.3	1
2633.489800000001	0.95	0.2	1
2657.984100000001	0.81	0.3	1
2683.385100000001	0.84	0.3	1
2709.6928000000007	0.84	0.3	1
2736.9072000000006	0.87	0.3	1
2765.0283000000004	0.94	0.3	1
2794.0561000000002	0.88	0.3	1
2823.6906000000004	0.97	0.2	1
2854.2318000000005	0.86	0.3	1
2885.3797000000004	0.95	0.2	1
2917.4343000000003	0.81	0.3	1
2950.0956000000006	0.95	0.2	1
2983.6636000000008	0.85	0.3	1
3018.138300000001	0.89	0.3	1
3053.219700000001	0.93	0.2	1
3088.907800000001	0.96	0.2	1
3125.202600000001	0.95	0.2	1
3162.404100000001	0.75	0.3	1
3200.5123000000012	0.86	0.3	1
3239.5272000000014	0.84	0.3	1
3279.4488000000015	0.9	0.3	1
3319.9771000000014	0.96	0.2	1
3361.4121000000014	0.91	0.3	1
3403.7538000000013	0.92	0.3	1
3447.0022000000013	0.84	0.3	1
3491.157300000001	0.91	0.3	1
3536.219100000001	0.92	0.3	1
3582.187600000001	0.85	0.3	1
3628.7628000000013	0.94	0.2	1
3676.2447000000016	0.85	0.3	1
3676.8514000000014	0.82	0.2	1
3678.0648000000015	0.78	0.2	1
3679.8849000000014	0.76	0.2	1
3682.3117000000016	0.76	0.2	1
3683.2184000000016	0.89	0.3	1
3685.0318000000016	0.9	0.3	1
3687.4519000000014	0.91	0.2	1
3690.4787000000015	1.0	0.2	1
3694.1122000000014	0.91	0.2	1
3698.3524000000016	0.98	0.2	1
3703.1993000000016	0.93	0.2	1
3708.9529000000016	0.91	0.3	1
3715.3132000000014	0.99	0.2	1
3722.2802000000015	0.96	0.2	1
3729.8539000000014	0.98	0.2	1
3738.3343000000013	0.8	0.3	1
3747.4214000000015	1.0	0.2	1
3757.4152000000017	0.91	0.3	1
3768.0157000000017	0.95	0.2	1
3779.2229000000016	0.92	0.2	1
3791.0368000000017	0.99	0.2	1
3803.4574000000016	0.93	0.2	1
3816.484700000002	1.0	0.2	1
3830.118700000002	0.94	0.2	1
3844.659400000002	0.82	0.3	1
3859.8068000000017	0.88	0.2	1
3875.8609000000015	0.87	0.3	1
3892.5217000000016	0.97	0.2	1
3910.0892000000017	0.86	0.3	1
3928.563400000002	0.91	0.3	1
3947.6443000000017	0.94	0.2	1
3967.331900000002	0.9	0.2	1
3987.626200000002	0.99	0.2	1
4008.827200000002	0.85	0.3	1
4009.433900000002	0.87	0.2	1
4010.647300000002	0.86	0.2	1
4012.467400000002	0.82	0.2	1
4014.894200000002	0.87	0.2	1
4017.927700000002	0.96	0.2	1
4021.567900000002	0.97	0.2	1
4025.814800000002	0.97	0.2	1
4030.668400000002	0.88	0.2	1
4036.128700000002	0.87	0.2	1
4037.195700000002	0.37	0.2	1
4037.802400000002	0.98	0.2	1
4039.015800000002	0.86	0.2	1
4040.835900000002	0.99	0.2	1
4043.262700000002	0.95	0.2	1
4046.296200000002	1.0	0.2	1
4049.936400000002	0.93	0.2	1
4054.183300000002	0.98	0.2	1
4059.036900000002	1.0	0.2	1
4064.497200000002	0.97	0.2	1
4069.564200000002	0.83	0.2	1
4075.237900000002	0.87	0.2	1
4081.518300000002	0.92	0.2	1
4088.405400000002	1.0	0.2	1
4095.899200000002	0.95	0.2	1
4103.999700000002	0.91	0.2	1
4112.706900000002	0.91	0.2	1
4122.020800000002	0.93	0.2	1
4131.941400000002	0.97	0.2	1
4142.468700000002	0.97	0.2	1
4153.602700000002	0.82	0.2	1
4165.3434000000025	0.94	0.2	1
4177.690800000002	0.96	0.2	1
4190.644900000002	0.82	0.2	1
4204.205700000002	0.77	0.2	1
4218.373200000002	0.92	0.2	1
4233.147400000002	0.94	0.2	1
4248.528300000002	0.92	0.2	1
4264.515900000002	0.95	0.2	1
4281.110200000002	0.84	0.2	1
4298.311200000002	0.96	0.2	1
4316.118900000002	0.88	0.2	1
4334.533300000002	0.85	0.2	1
4353.554400000002	0.94	0.2	1
4373.182200000002	0.8	0.2	1
4393.416700000002	0.87	0.2	1
4414.257900000001	0.95	0.2	1
4435.705800000002	0.92	0.2	1
4457.760400000002	0.87	0.2	1
4480.421700000002	0.85	0.2	1
4503.689700000002	0.9	0.2	1
4527.564400000002	0.95	0.2	1
4552.045800000002	0.89	0.2	1
4577.133900000002	0.89	0.2	1
4602.828700000002	0.95	0.2	1
4629.130200000001	0.86	0.2	1
4656.038400000001	0.93	0.2	1
4683.553300000001	0.95	0.2	1
4711.674900000002	0.89	0.2	1
4740.403200000002	0.95	0.2	1
4769.738200000002	0.95	0.2	1
4799.679900000002	0.91	0.2	1
4830.228300000002	0.94	0.2	1
4861.3834000000015	0.98	0.2	1
4893.145200000002	0.87	0.2	1
4925.513700000001	0.86	0.2	1
4958.488900000001	0.96	0.2	1
4992.070800000001	0.88	0.2	1
5026.259400000002	0.94	0.2	1
5061.0547000000015	0.93	0.2	1
5095.456700000002	0.92	0.2	1
5130.465400000002	0.92	0.2	1
5166.080800000002	0.89	0.2	1
5202.3029000000015	0.9	0.2	1
5239.131700000002	0.91	0.2	1
5276.567200000001	0.94	0.2	1
5314.609400000001	0.93	0.2	1
5353.258300000001	0.85	0.2	1
5392.513900000002	0.91	0.2	1
5432.3762000000015	0.88	0.2	1
5472.845200000002	0.92	0.2	1
5513.920900000002	0.93	0.2	1
5555.603300000002	0.87	0.2	1
5597.8924000000015	0.87	0.2	1
5640.788200000002	0.91	0.2	1
5684.290700000001	0.91	0.2	1
5728.399900000001	0.98	0.2	1
5773.115800000001	0.96	0.2	1
5818.438400000002	0.93	0.2	1
5864.367700000002	0.93	0.2	1
5910.903700000002	0.93	0.2	1
5958.046400000002	0.9	0.2	1
6005.795800000002	0.9	0.2	1
6054.151900000002	0.98	0.2	1
6103.114700000002	0.99	0.2	1
6152.6842000000015	0.94	0.2	1
6202.860400000001	0.9	0.2	1
6253.643300000002	0.91	0.2	1
6305.032900000002	0.84	0.2	1
6357.029200000002	0.95	0.2	1
6409.632200000002	0.99	0.2	1
6462.841900000002	0.91	0.2	1
6516.658300000002	0.93	0.2	1
6571.081400000002	0.98	0.2	1
6626.111200000002	0.92	0.2	1
6681.747700000002	0.91	0.2	1
6737.990900000002	0.96	0.2	1
6794.840800000002	0.97	0.2	1
6852.297400000002	1.0	0.2	1
6910.360700000002	0.87	0.2	1
6969.030700000002	0.91	0.2	1
7028.307400000002	0.87	0.2	1
7088.190800000002	0.77	0.2	1
7148.680900000002	0.98	0.2	1
7209.777700000002	0.96	0.2	1
7270.481200000002	0.81	0.2	1
7331.791400000002	0.87	0.2	1
7393.708300000002	0.92	0.2	1
7455.2319000000025	0.86	0.2	1
7517.362200000002	0.97	0.2	1
7571.399200000003	0.89	0.3	1
7626.342900000002	0.88	0.3	1
7682.193300000003	0.88	0.3	1
7738.950400000002	0.95	0.3	1
7796.614200000003	0.86	0.3	1
7826.1847000000025	0.41	0.3	1
7856.661900000003	0.39	0.3	1
7888.045800000003	0.71	0.3	1
7920.336400000003	0.38	0.3	1
7953.533700000003	0.71	0.3	1
7987.337700000003	0.43	0.2	1
8022.048400000002	0.27	0.3	1
8057.6658000000025	0.35	0.3	1
8094.189900000002	0.63	0.3	1
8131.620700000002	0.71	0.3	1
8169.958200000002	0.34	0.3	1
8209.202400000002	0.23	0.3	1
8249.353300000002	0.42	0.3	1
8289.410900000003	0.41	0.3	1
8330.375200000002	0.42	0.3	1
8372.246200000001	0.36	0.3	1
8415.023900000002	0.42	0.3	1
8458.708300000002	0.4	0.3	1
8503.299400000002	0.41	0.3	1
8548.7972	0.37	0.3	1
8595.201700000001	0.36	0.3	1
8642.512900000002	0.35	0.3	1
8690.730800000001	0.33	0.3	1
8738.8554	0.33	0.3	1
8787.886700000001	0.26	0.3	1
8837.824700000001	0.23	0.3	1
8888.369400000001	0.51	0.2	1
8939.520800000002	0.35	0.2	1
8991.578900000002	0.29	0.3	1
9044.243700000003	0.46	0.2	1
9097.815200000003	0.28	0.3	1
9151.993400000003	0.36	0.2	1
9206.778300000004	0.5	0.2	1
9262.169900000004	0.34	0.2	1
9318.168200000004	0.44	0.2	1
9375.073200000004	0.27	0.3	1
9432.884900000005	0.39	0.3	1
9491.603300000004	0.32	0.3	1
9550.928400000004	0.49	0.2	1
9609.860200000005	0.3	0.2	1
9669.398700000005	0.28	0.2	1
9728.843900000005	0.29	0.3	1
9789.195800000005	0.24	0.3	1
9850.454400000004	0.25	0.3	1
9912.619700000005	0.37	0.3	1
9975.391700000006	0.29	0.2	1
10039.070400000006	0.41	0.3	1
10103.355800000007	0.38	0.2	1
10168.547900000007	0.47	0.3	1
10234.646700000007	0.29	0.3	1
10301.352200000007	0.5	0.2	1
10368.964400000006	0.17	0.3	1
10437.483300000005	0.35	0.3	1
10506.908900000006	0.4	0.3	1
10577.241200000006	0.24	0.3	1
10648.480200000005	0.42	0.3	1
10720.625900000005	0.41	0.3	1
10792.378300000004	0.25	0.2	1
10864.737400000004	0.24	0.2	1
10865.644100000003	0.97	0.3	1
10866.250800000003	0.2	0.2	1
10867.157500000003	0.95	0.3	1
10867.764200000003	0.59	0.2	1
10868.370900000004	0.51	0.2	1
10868.977600000004	0.56	0.2	1
10869.584300000004	0.95	0.2	1
10870.797700000005	0.21	0.2	1
10872.617800000005	0.21	0.2	1
10873.524500000005	0.53	0.3	1
10875.337900000004	0.52	0.3	1
10878.058000000005	0.47	0.3	1
10881.684800000005	0.51	0.3	1
10885.918300000005	0.68	0.2	1
10891.058500000005	0.51	0.3	1
10897.105400000004	0.49	0.3	1
10903.759000000004	0.54	0.2	1
10911.019300000004	0.67	0.2	1
10919.186300000003	0.47	0.3	1
10928.260000000004	0.45	0.3	1
10938.240400000004	0.51	0.3	1
10949.127500000004	0.61	0.3	1
10960.921300000004	0.54	0.3	1
10973.321800000003	0.55	0.2	1
10986.629000000003	0.54	0.3	1
11000.542900000002	0.56	0.2	1
11015.363500000001	0.5	0.3	1
11031.090800000002	0.55	0.3	1
11047.724800000002	0.55	0.3	1
11065.265500000001	0.55	0.3	1
11083.412900000001	0.59	0.2	1
11102.167000000001	0.55	0.2	1
11121.827800000001	0.52	0.3	1
11142.0953	0.59	0.2	1
11163.2695	0.54	0.3	1
11164.1762	0.11	0.3	1
11165.989599999999	0.13	0.3	1
11168.7097	0.11	0.3	1
11171.0365	0.25	0.2	1
11173.97	0.32	0.2	1
11177.510199999999	0.33	0.2	1
11181.657099999999	0.25	0.2	1
11186.410699999999	0.5	0.2	1
11187.317399999998	0.51	0.3	1
11189.130799999997	0.28	0.3	1
11190.037499999997	0.59	0.3	1
11191.850899999996	0.6	0.3	1
11194.570999999996	0.67	0.3	1
11197.897799999997	0.72	0.2	1
11202.131299999997	0.63	0.3	1
11206.971499999998	0.79	0.2	1
11212.418399999999	1.0	0.2	1
11218.771999999999	0.62	0.3	1
11225.7323	0.77	0.2	1
11233.299299999999	0.85	0.2	1
11241.773	0.56	0.3	1
11250.8534	0.68	0.2	1
11260.5405	0.58	0.2	1
11270.834299999999	0.68	0.2	1
11281.734799999998	0.7	0.2	1
11293.241999999998	0.76	0.2	1
11305.655899999998	0.63	0.3	1
11318.676499999998	0.74	0.2	1
11332.603799999997	0.64	0.3	1
11347.137799999997	0.74	0.2	1
11362.578499999996	0.64	0.3	1
11378.925899999997	0.96	0.3	1
11396.179999999997	0.53	0.3	1
11414.040799999997	0.81	0.2	1
11432.508299999998	0.73	0.2	1
11451.582499999997	0.66	0.2	1
11471.563399999997	0.6	0.3	1
11492.150999999998	0.71	0.2	1
11513.345299999997	0.75	0.2	1
11535.446299999998	0.66	0.3	1
11558.153999999999	0.74	0.2	1
11581.468399999998	0.71	0.2	1
11605.689499999999	0.66	0.3	1
11630.517299999998	0.64	0.2	1
11656.251799999998	0.62	0.3	1
11682.592999999999	0.87	0.2	1
11709.8409	0.64	0.3	1
11737.995499999999	0.63	0.3	1
11766.7568	0.73	0.2	1
11796.1248	0.77	0.2	1
11826.3995	0.6	0.3	1
11857.2809	0.76	0.2	1
11888.769	0.69	0.2	1
11920.863800000001	0.84	0.2	1
11953.5653	0.67	0.2	1
11954.172	0.71	0.2	1
11955.6854	0.57	0.3	1
11957.8055	0.72	0.2	1
11960.8323	0.61	0.3	1
11964.4658	0.82	0.2	1
11969.006	0.59	0.3	1
11974.1529	0.75	0.2	1
11980.206499999998	0.58	0.3	1
11986.866799999998	0.69	0.2	1
11994.433799999997	0.59	0.3	1
12002.907499999998	0.56	0.3	1
12012.287899999998	0.6	0.3	1
12022.274999999998	0.87	0.2	1
12033.168799999998	0.58	0.3	1
12044.969299999997	0.59	0.3	1
12057.676499999998	0.65	0.3	1
12071.290399999998	0.55	0.3	1
12085.510999999999	0.72	0.2	1
12100.638299999999	0.61	0.3	1
12116.672299999998	0.58	0.3	1
12133.612999999998	0.6	0.3	1
12151.460399999998	0.67	0.3	1
12170.214499999998	0.66	0.3	1
12189.575299999999	0.71	0.2	1
12209.842799999999	0.62	0.3	1
12231.016999999998	0.53	0.3	1
12252.797899999998	0.74	0.2	1
12275.485499999997	0.58	0.3	1
12299.079799999998	0.58	0.3	1
12323.580799999998	0.54	0.3	1
12348.688499999998	0.71	0.2	1
12374.4029	0.53	0.2	1
12401.024	0.7	0.3	1
12428.2518	0.76	0.2	1
12456.3863	0.56	0.3	1
12485.4275	0.61	0.3	1
12515.0754	0.75	0.2	1
12545.63	0.6	0.3	1
12576.791299999999	0.71	0.2	1
12608.859299999998	0.59	0.3	1
12641.533999999998	0.89	0.2	1
12675.115399999997	0.58	0.3	1
12709.303499999996	0.68	0.2	1
12744.398299999997	0.58	0.3	1
12780.099799999996	0.76	0.2	1
12816.707999999997	0.55	0.3	1
12854.222899999997	0.54	0.3	1
12892.344499999997	0.72	0.2	1
12931.072799999998	0.69	0.2	1
12970.407799999997	0.74	0.2	1
13010.649499999998	0.68	0.3	1
13011.556199999997	0.46	0.3	1
13012.462899999997	0.59	0.3	1
13013.069599999997	0.76	0.2	1
13013.976299999997	0.63	0.3	1
13014.882999999996	0.33	0.3	1
13015.789699999996	0.38	0.3	1
13016.396399999996	0.18	0.2	1
13017.003099999996	0.51	0.2	1
13018.216499999997	0.46	0.2	1
13020.336599999997	0.43	0.3	1
13023.063399999997	0.41	0.2	1
13026.396899999998	0.52	0.2	1
13030.337099999997	0.5	0.2	1
13030.943799999997	0.8	0.2	1
13032.157199999998	0.78	0.2	1
13033.977299999999	0.9	0.2	1
13034.883999999998	0.37	0.3	1
13036.697399999997	0.38	0.3	1
13037.304099999998	0.86	0.2	1
13037.910799999998	0.76	0.2	1
13038.817499999997	0.27	0.3	1
13040.630899999996	0.27	0.3	1
13041.237599999997	0.66	0.2	1
13041.844299999997	0.14	0.2	1
13042.750999999997	0.84	0.3	1
13044.564399999996	0.83	0.3	1
13047.284499999996	0.78	0.3	1
13050.911299999996	0.77	0.3	1
13055.444799999996	0.86	0.3	1
13060.884999999995	0.73	0.3	1
13067.231899999995	0.65	0.3	1
13074.485499999995	0.83	0.3	1
13082.345799999996	0.96	0.2	1
13090.812799999996	0.89	0.2	1
13099.886499999997	0.94	0.2	1
13109.866899999997	0.9	0.3	1
13120.753999999997	0.82	0.3	1
13132.547799999997	0.8	0.3	1
13144.948299999996	0.74	0.2	1
13158.255499999996	0.92	0.3	1
13172.169399999995	0.84	0.2	1
13186.989999999994	0.87	0.3	1
13202.717299999995	0.73	0.3	1
13219.351299999995	0.86	0.3	1
13236.891999999994	0.77	0.3	1
13255.339399999993	0.79	0.3	1
13274.693499999994	0.86	0.3	1
13294.954299999994	0.93	0.3	1
13316.121799999994	0.77	0.3	1
13338.195999999993	0.87	0.3	1
13361.176899999993	0.84	0.3	1
13362.083599999993	0.68	0.3	1
13363.896999999992	0.68	0.3	1
13366.617099999992	0.69	0.3	1
13370.243899999992	0.84	0.3	1
13374.777399999992	0.72	0.3	1
13380.21759999999	0.9	0.3	1
13386.564499999991	0.74	0.3	1
13393.818099999991	0.73	0.3	1
13401.97839999999	0.74	0.3	1
13411.04539999999	0.79	0.3	1
13421.01909999999	0.8	0.3	1
13431.89949999999	0.81	0.3	1
13443.68659999999	0.74	0.3	1
13456.38039999999	0.93	0.3	1
13469.98089999999	0.83	0.3	1
13484.48809999999	0.82	0.3	1
13485.09479999999	0.57	0.2	1
13486.30819999999	0.61	0.2	1
13488.128299999991	0.61	0.2	1
13490.55509999999	0.65	0.2	1
13493.58859999999	0.61	0.2	1
13497.52879999999	0.65	0.3	1
13502.37569999999	0.75	0.3	1
13507.82929999999	0.58	0.2	1
13513.88959999999	0.54	0.2	1
13520.556599999989	0.56	0.2	1
13528.13029999999	0.74	0.3	1
13536.61069999999	0.56	0.3	1
13545.99779999999	0.66	0.3	1
13556.29159999999	0.67	0.3	1
13567.49209999999	0.68	0.3	1
13579.59929999999	0.7	0.3	1
13592.61319999999	0.68	0.3	1
13606.23379999999	0.61	0.2	1
13620.461099999991	0.66	0.2	1
13635.295099999992	0.66	0.2	1
13651.035799999992	0.5	0.3	1
13651.942499999992	0.51	0.3	1
13653.755899999991	0.6	0.3	1
13656.475999999991	0.63	0.3	1
13660.102799999991	0.67	0.3	1
13664.336299999992	0.53	0.2	1
13669.476499999992	0.57	0.3	1
13675.523399999991	0.56	0.3	1
13682.17699999999	0.61	0.2	1
13689.43729999999	0.6	0.2	1
13697.60429999999	0.78	0.3	1
13706.67799999999	0.59	0.3	1
13716.35839999999	0.61	0.2	1
13726.94549999999	0.54	0.3	1
13738.43929999999	0.61	0.3	1
13750.83979999999	0.58	0.3	1
13764.14699999999	0.77	0.3	1
13778.06089999999	0.62	0.2	1
13792.881499999989	0.54	0.3	1
13808.308799999988	0.57	0.2	1
13824.642799999989	0.54	0.3	1
13841.583499999988	0.56	0.2	1
13859.430899999988	0.53	0.3	1
13878.184999999989	0.54	0.3	1
13897.845799999988	0.63	0.3	1
13918.113299999988	0.64	0.2	1
13939.287499999988	0.55	0.3	1
13961.068399999987	0.61	0.2	1
13983.755999999987	0.56	0.3	1
14007.350299999987	0.55	0.3	1
14007.956999999988	0.93	0.2	1
14009.470399999987	0.54	0.3	1
14011.590499999988	0.61	0.2	1
14014.617299999987	0.54	0.3	1
14018.550799999986	0.61	0.3	1
14023.390999999987	0.42	0.3	1
14029.137899999987	0.57	0.3	1
14029.744599999987	0.51	0.2	1
14030.351299999988	0.13	0.2	1
14031.564699999988	0.55	0.2	1
14032.471399999988	0.4	0.3	1
14034.284799999987	0.98	0.3	1
14034.891499999987	0.89	0.2	1
14035.498199999987	0.79	0.2	1
14037.011599999987	0.77	0.3	1
14039.131699999987	0.83	0.2	1
14041.858499999988	0.68	0.2	1
14045.491999999987	0.67	0.3	1
14049.732199999988	0.69	0.2	1
14050.638899999987	0.38	0.3	1
14052.452299999986	0.33	0.3	1
14053.358999999986	1.0	0.3	1
14055.172399999985	0.76	0.3	1
14057.892499999985	0.99	0.3	1
14061.519299999985	1.0	0.3	1
14062.125999999986	0.85	0.2	1
14062.732699999986	0.87	0.2	1
14063.946099999986	0.91	0.2	1
14065.766199999987	0.74	0.2	1
14068.492999999988	0.76	0.3	1
14071.826499999988	0.8	0.2	1
14076.066699999988	0.89	0.3	1
14081.213599999988	0.78	0.3	1
14086.967199999988	0.86	0.2	1
14093.327499999989	0.79	0.2	1
14100.294499999989	0.91	0.2	1
14108.16819999999	0.84	0.3	1
14116.948599999989	0.81	0.3	1
14126.335699999989	0.81	0.2	1
14136.329499999989	0.87	0.2	1
14147.229999999989	0.84	0.3	1
14159.037199999988	0.71	0.3	1
14171.451099999987	0.83	0.2	1
14184.471699999987	0.81	0.2	1
14198.398999999987	0.72	0.3	1
14213.232999999987	0.82	0.3	1
14228.673699999987	0.83	0.2	1
14244.021099999987	0.58	0.3	1
14259.975199999988	0.97	0.2	1
14276.535999999987	0.97	0.2	1
14294.003499999988	0.64	0.3	1
14312.077699999987	0.87	0.2	1
14330.758599999986	0.73	0.2	1
14350.046199999986	0.68	0.2	1
14369.940499999986	0.81	0.2	1
14390.741499999986	0.6	0.3	1
14412.149199999985	0.83	0.2	1
14434.463599999985	0.64	0.3	1
14457.384699999984	0.86	0.2	1
14480.912499999984	0.99	0.2	1
14505.046999999984	0.68	0.2	1
14529.788199999984	0.84	0.2	1
14555.136099999985	0.97	0.2	1
14581.390699999985	0.52	0.3	1
14608.551999999985	0.56	0.3	1
14636.319999999985	0.88	0.2	1
14664.694699999985	0.79	0.2	1
14693.676099999986	0.92	0.2	1
14723.564199999986	0.56	0.3	1
14754.358999999986	0.62	0.3	1
14786.060499999985	0.54	0.3	1
14818.668699999986	0.65	0.3	1
14852.183599999986	0.58	0.3	1
14886.305199999986	0.79	0.2	1
14921.033499999987	0.76	0.2	1
14956.668499999987	0.57	0.3	1
14992.910199999988	0.83	0.2	1
15029.758599999988	0.89	0.2	1
15067.213699999988	0.95	0.2	1
15105.575499999988	0.54	0.3	1
15144.543999999989	0.9	0.2	1
15184.119199999988	0.67	0.2	1
15224.301099999988	0.93	0.2	1
15265.389699999987	0.62	0.3	1
15307.084999999986	0.82	0.2	1
15349.386999999986	0.97	0.2	1
15392.595699999985	0.65	0.3	1
15436.411099999985	0.89	0.2	1
15480.833199999985	0.68	0.2	1
15525.861999999985	0.71	0.2	1
15571.497499999985	0.86	0.2	1
15617.739699999986	0.7	0.2	1
15664.588599999986	0.9	0.2	1
15712.044199999986	0.9	0.2	1
15760.106499999985	0.82	0.2	1
15808.775499999985	0.81	0.2	1
15858.351199999985	0.6	0.3	1
15908.833599999985	0.56	0.3	1
15959.922699999985	0.89	0.2	1
16011.618499999984	0.81	0.2	1
16064.220999999985	0.61	0.3	1
16117.430199999984	0.99	0.2	1
16171.246099999984	0.72	0.2	1
16225.968699999983	0.56	0.3	1
16281.297999999982	0.94	0.2	1
16337.233999999982	0.87	0.2	1
16393.776699999984	0.82	0.2	1
16450.926099999982	0.79	0.2	1
16508.68219999998	0.85	0.2	1
16567.04499999998	0.74	0.2	1
16626.01449999998	0.77	0.2	1
16685.59069999998	0.9	0.2	1
16745.77359999998	0.93	0.2	1
16806.56319999998	0.68	0.2	1
16867.95949999998	0.91	0.2	1
16929.96249999998	0.91	0.2	1
16992.87219999998	0.7	0.3	1
17056.38859999998	0.8	0.2	1
17120.51169999998	0.69	0.2	1
17185.241499999982	0.96	0.2	1
17250.577999999983	0.81	0.2	1
17316.521199999985	0.65	0.2	1
17383.371099999986	0.56	0.3	1
17450.827699999987	0.71	0.2	1
17518.89099999999	0.69	0.2	1
17587.560999999987	0.7	0.2	1
17656.837699999985	0.86	0.2	1
17726.721099999984	0.91	0.2	1
17797.211199999983	0.77	0.2	1
17868.307999999983	0.85	0.2	1
17940.011499999982	0.55	0.2	1
18012.321699999982	0.6	0.2	1
18085.238599999982	0.83	0.2	1
18158.762199999983	0.85	0.2	1
18232.892499999984	0.75	0.2	1
18307.629499999985	0.81	0.2	1
18383.273199999985	0.62	0.3	1
18459.523599999986	0.79	0.2	1
18536.380699999987	0.75	0.2	1
18613.84449999999	0.87	0.2	1
18691.91499999999	0.88	0.2	1
18770.59219999999	0.86	0.2	1
18849.876099999987	0.67	0.2	1
18929.766699999986	0.93	0.2	1
19010.563999999984	0.66	0.3	1
19091.967999999983	0.85	0.2	1
19173.97869999998	0.92	0.2	1
19256.59609999998	0.8	0.2	1
19339.82019999998	0.7	0.2	1
19423.65099999998	0.7	0.2	1
19508.08849999998	0.75	0.2	1
19593.13269999998	0.91	0.2	1
19679.08359999998	0.55	0.3	1
19765.94119999998	0.55	0.3	1
19853.40549999998	0.81	0.2	1
19941.776499999978	0.5	0.3	1
20030.754199999978	0.77	0.2	1
20120.338599999977	0.8	0.2	1
20210.529699999977	0.92	0.2	1
20301.327499999978	0.8	0.2	1
20392.731999999978	0.8	0.2	1
20484.74319999998	0.72	0.2	1
20577.36109999998	0.99	0.2	1
20670.58569999998	0.82	0.2	1
20764.416999999983	0.85	0.2	1
20858.85499999998	0.71	0.2	1
20953.89969999998	0.71	0.2	1
21049.55109999998	0.84	0.2	1
21146.109199999977	0.55	0.3	1
21243.273999999976	0.87	0.2	1
21341.345499999974	0.62	0.3	1
21440.023699999972	0.79	0.2	1
21539.30859999997	0.92	0.2	1
21639.20019999997	0.92	0.2	1
21739.69849999997	0.89	0.2	1
21840.80349999997	0.73	0.2	1
21942.51519999997	0.88	0.2	1
22045.13359999997	0.61	0.3	1
22148.358699999968	0.99	0.2	1
22252.190499999968	0.86	0.2	1
22356.628999999968	0.87	0.2	1
22461.67419999997	0.75	0.2	1
22567.32609999997	0.88	0.2	1
22673.58469999997	0.81	0.2	1
22780.44999999997	0.73	0.2	1
22887.921999999973	0.91	0.2	1
22996.00069999997	0.86	0.2	1
23104.68609999997	0.73	0.2	1
23213.97819999997	0.82	0.2	1
23324.176999999967	0.52	0.3	1
23434.982499999966	0.79	0.2	1
23546.394699999964	0.87	0.2	1
23658.413599999963	0.71	0.2	1
23771.339199999962	0.56	0.3	1
23884.87149999996	0.86	0.2	1
23999.01049999996	0.83	0.2	1
24113.75619999996	0.69	0.2	1
24229.10859999996	0.86	0.2	1
24345.06769999996	0.9	0.2	1
24461.63349999996	0.77	0.2	1
24578.80599999996	0.76	0.2	1
24696.88519999996	0.63	0.3	1
24815.57109999996	0.77	0.2	1
24935.16369999996	0.52	0.3	1
25055.36299999996	0.81	0.2	1
25176.46899999996	0.66	0.3	1
25298.18169999996	0.97	0.2	1
25420.50109999996	0.91	0.2	1
25543.427199999962	0.67	0.2	1
25666.959999999963	0.89	0.2	1
25791.399499999963	0.52	0.3	1
25916.445699999964	0.97	0.2	1
26042.098599999965	0.72	0.2	1
26168.358199999966	0.75	0.2	1
26295.224499999968	0.94	0.2	1
26422.69749999997	0.81	0.2	1
26550.777199999968	0.84	0.2	1
26679.463599999966	0.81	0.2	1
26809.056699999965	0.57	0.3	1
26939.256499999963	0.88	0.2	1
27070.062999999962	0.73	0.2	1
27201.47619999996	0.83	0.2	1
27333.79609999996	0.57	0.3	1
27466.72269999996	0.87	0.2	1
27600.255999999958	0.82	0.2	1
27734.695999999956	0.6	0.3	1
27870.042699999954	0.51	0.3	1
28006.296099999956	0.56	0.3	1
28143.156199999958	0.78	0.2	1
28280.92299999996	0.65	0.3	1
28419.29649999996	0.74	0.2	1
28558.276699999962	0.86	0.2	1
28697.86359999996	0.9	0.2	1
28838.05719999996	0.84	0.2	1
28978.85749999996	0.88	0.2	1
29120.264499999957	0.88	0.2	1
29262.278199999957	0.63	0.2	1
29404.898599999957	0.75	0.2	1
29548.125699999957	0.96	0.2	1
29691.959499999957	0.84	0.2	1
29836.399999999958	0.94	0.2	1
29981.747199999958	0.64	0.3	1
30127.70109999996	0.77	0.2	1
30274.26169999996	0.86	0.2	1
30421.42899999996	0.86	0.2	1
30569.20299999996	0.84	0.2	1
30717.883699999962	0.61	0.3	1
30867.171099999963	0.81	0.2	1
31017.065199999965	0.89	0.2	1
31167.565999999966	0.84	0.2	1
31318.673499999964	0.97	0.2	1
31470.387699999963	0.89	0.2	1
31622.70859999996	0.86	0.2	1
31775.63619999996	0.72	0.2	1
31929.17049999996	0.8	0.2	1
32083.61149999996	0.55	0.3	1
32238.65919999996	0.9	0.2	1
32394.313599999958	0.9	0.2	1
32550.574699999957	0.99	0.2	1
32707.442499999957	0.81	0.2	1
32864.91699999996	0.8	0.2	1
33023.29819999996	0.56	0.3	1
33182.586099999964	0.53	0.3	1
33342.480699999964	0.85	0.2	1
33502.98199999997	0.76	0.2	1
33664.08999999997	0.88	0.2	1
33825.804699999964	0.79	0.2	1
33988.126099999965	0.87	0.2	1
34151.05419999996	0.73	0.2	1
34314.58899999996	0.86	0.2	1
34478.73049999996	0.79	0.2	1
34643.47869999996	0.76	0.2	1
34808.83359999996	0.88	0.2	1
34974.795199999964	0.76	0.2	1
35141.36349999996	0.73	0.2	1
35308.83849999996	0.59	0.3	1
35477.22019999996	0.7	0.3	1
35646.20859999996	0.94	0.2	1
35815.80369999996	0.6	0.2	1
35986.00549999996	0.85	0.2	1
36156.81399999996	0.84	0.2	1
36328.229199999965	0.76	0.2	1
36500.251099999965	0.77	0.2	1
36672.87969999996	0.89	0.2	1
36846.11499999996	0.73	0.2	1
37019.95699999996	0.65	0.2	1
37193.705699999955	0.78	0.3	1
37368.061099999955	0.87	0.2	1
37543.323199999955	0.73	0.3	1
37719.491999999955	0.79	0.3	1
37896.26749999996	0.87	0.2	1
38073.64969999996	0.97	0.2	1
38251.638599999955	0.99	0.2	1
38430.53419999996	0.76	0.3	1
38610.33649999996	0.81	0.3	1
38790.74549999996	0.87	0.2	1
38971.761199999964	0.88	0.2	1
39153.68359999997	0.59	0.3	1
39336.51269999997	0.84	0.3	1
39519.94849999997	0.88	0.2	1
39704.29099999997	0.72	0.3	1
39889.54019999997	0.71	0.3	1
40075.696099999965	0.68	0.3	1
40262.45869999997	0.86	0.2	1
40449.827999999965	0.87	0.2	1
40637.80399999997	0.86	0.2	1
40826.38669999997	0.92	0.2	1
41015.57609999997	0.86	0.2	1
41205.37219999997	0.89	0.2	1
41395.77499999997	0.96	0.2	1
41586.78449999997	0.86	0.2	1
41778.70069999997	0.81	0.3	1
41971.223599999976	0.89	0.2	1
42164.353199999976	0.9	0.2	1
42358.389499999976	0.71	0.3	1
42553.332499999975	0.66	0.3	1
42748.88219999998	0.9	0.2	1
42945.03859999998	0.97	0.2	1
43141.801699999975	0.91	0.2	1
43339.47149999998	0.82	0.3	1
43537.74799999998	0.85	0.2	1
43736.93119999998	0.64	0.3	1
43936.72109999998	0.7	0.2	1
44137.11769999998	0.89	0.2	1
44338.42099999998	0.62	0.3	1
44540.330999999984	0.97	0.2	1
44742.847699999984	0.88	0.2	1
44946.27109999998	0.82	0.3	1
45150.60119999998	0.81	0.3	1
45355.83799999998	0.67	0.3	1
45561.98149999998	0.77	0.3	1
45768.73169999998	0.89	0.2	1
45976.08859999998	0.85	0.2	1
46184.35219999998	0.63	0.3	1
46393.22249999998	0.92	0.2	1
46602.99949999998	0.8	0.3	1
46813.683199999985	0.72	0.3	1
47024.97359999998	0.97	0.2	1
47236.870699999985	0.94	0.2	1
47449.67449999999	0.84	0.3	1
47663.084999999985	0.95	0.2	1
47877.40219999998	0.63	0.3	1
48092.326099999984	0.87	0.2	1
48307.85669999998	0.87	0.2	1
48524.29399999998	0.84	0.3	1
48741.63799999998	0.64	0.3	1
48959.58869999998	0.83	0.2	1
49178.146099999976	0.78	0.2	1
49397.610199999974	0.59	0.3	1
49617.680999999975	0.93	0.2	1
49838.35849999997	0.79	0.2	1
50059.642699999975	0.94	0.2	1
50281.833599999976	0.7	0.3	1
50504.631199999974	0.9	0.2	1
50728.33549999997	0.63	0.3	1
50952.94649999997	0.83	0.3	1
51178.464199999966	0.83	0.3	1
51404.88859999997	0.87	0.3	1
51632.21969999997	0.59	0.3	1
51860.15749999997	0.89	0.2	1
52088.701999999976	0.96	0.2	1
52317.853199999976	0.88	0.2	1
52547.911099999976	0.7	0.3	1
52778.875699999975	0.67	0.3	1
53010.746999999974	0.74	0.3	1
53243.22499999998	0.95	0.2	1
53476.60969999998	0.67	0.3	1
53710.90109999998	0.64	0.3	1
53946.09919999998	0.74	0.3	1
54181.90399999998	0.86	0.2	1
54418.31549999998	0.83	0.2	1
54655.33369999998	0.99	0.2	1
54893.25859999998	0.7	0.3	1
55131.79019999998	0.85	0.2	1
55370.92849999998	0.87	0.2	1
55610.97349999998	0.78	0.3	1
55851.62519999998	0.85	0.2	1
56093.18359999998	0.8	0.3	1
56335.34869999998	0.9	0.2	1
56578.42049999998	0.8	0.3	1
56822.09899999998	0.92	0.2	1
57066.68419999998	0.79	0.3	1
57311.87609999998	0.92	0.2	1
57557.97469999998	0.7	0.3	1
57804.979999999974	0.76	0.3	1
58052.89199999997	0.78	0.3	1
58301.41069999997	0.9	0.2	1
58550.53609999997	0.94	0.2	1
58800.26819999997	0.8	0.2	1
59050.90699999997	0.68	0.3	1
59302.15249999997	0.79	0.2	1
59554.00469999997	0.85	0.2	1
59806.76359999997	0.74	0.3	1
60060.42919999997	0.76	0.3	1
60314.70149999997	0.9	0.2	1
60569.88049999996	0.68	0.3	1
60825.66619999996	0.91	0.2	1
61081.05859999996	0.88	0.2	1
61337.05769999996	0.97	0.2	1
61593.66349999996	0.8	0.2	1
61850.87599999996	0.95	0.2	1
62108.99519999996	0.56	0.3	1
62367.72109999996	0.78	0.2	1
62627.05369999996	0.88	0.2	1
62887.29299999996	0.62	0.3	1
63148.13899999996	0.9	0.2	1
63409.59169999996	0.83	0.2	1
63671.65109999996	0.97	0.2	1
63934.31719999996	0.94	0.2	1
64197.58999999996	0.83	0.2	1
64461.76949999996	0.57	0.3	1
64726.85569999996	0.61	0.3	1
64992.54859999996	0.79	0.2	1
65258.84819999996	0.83	0.2	1
65525.75449999996	0.84	0.2	1
65793.56749999996	0.8	0.3	1
66061.98719999996	0.93	0.2	1
66331.31359999996	0.76	0.3	1
66601.24669999996	0.81	0.2	1
66871.78649999996	0.93	0.2	1
67142.93299999996	0.88	0.2	1
67414.68619999997	0.84	0.2	1
67687.04609999996	0.72	0.2	1
67960.01269999996	0.93	0.2	1
68233.58599999997	0.94	0.2	1
68507.76599999996	0.79	0.2	1
68782.55269999996	0.83	0.2	1
69057.94609999996	1.0	0.2	1
69333.94619999996	0.92	0.2	1
69610.55299999996	0.83	0.2	1
69887.76649999995	0.79	0.2	1
70165.58669999996	1.0	0.2	1
70444.01359999996	0.85	0.2	1
70723.04719999996	0.88	0.2	1
71002.68749999996	0.75	0.2	1
71282.93449999996	0.58	0.2	1
71563.78819999997	0.87	0.2	1
71845.54859999997	0.74	0.3	1
72127.91569999997	0.89	0.2	1
72411.18949999996	0.6	0.3	1
72695.06999999996	0.64	0.2	1
72979.55719999997	0.87	0.2	1
73264.95109999996	0.54	0.3	1
73551.25169999996	0.58	0.3	1
73838.15899999997	0.82	0.2	1
74125.67299999997	0.9	0.2	1
74413.79369999997	0.86	0.2	1
74702.52109999997	0.87	0.2	1
74991.85519999996	0.85	0.2	1
75281.79599999996	0.98	0.2	1
75572.34349999996	0.88	0.2	1
75863.49769999996	0.98	0.2	1
76155.25859999996	0.84	0.2	1
76447.62619999996	0.77	0.2	1
76740.60049999996	0.88	0.2	1
77034.18149999996	0.85	0.2	1
77328.36919999996	0.84	0.2	1
77623.46359999996	0.56	0.3	1
77919.46469999995	0.54	0.3	1
78216.07249999995	0.95	0.2	1
78513.28699999995	0.9	0.2	1
78811.40819999995	0.78	0.3	1
79110.43609999995	0.71	0.3	1
79410.07069999995	0.89	0.2	1
79710.61199999995	0.54	0.3	1
80011.75999999995	0.84	0.2	1
80313.51469999996	0.89	0.2	1
80615.87609999995	0.96	0.2	1
80918.84419999995	0.94	0.2	1
81222.41899999995	0.95	0.2	1
81526.60049999996	0.77	0.2	1
81831.38869999995	0.67	0.2	1
82137.08359999995	0.52	0.3	1
82443.38519999996	0.82	0.2	1
82750.29349999996	0.9	0.2	1
83057.80849999996	0.85	0.2	1
83366.23019999996	0.6	0.3	1
83675.55859999996	0.64	0.3	1
83985.49369999996	0.83	0.2	1
84296.03549999997	0.9	0.2	1
84607.18399999996	0.7	0.2	1
84918.93919999996	0.94	0.2	1
85231.30109999997	0.81	0.2	1
85544.56969999996	0.69	0.3	1
85858.44499999996	0.84	0.2	1
86172.92699999997	0.98	0.2	1
86488.31569999996	0.52	0.3	1
86804.31109999996	0.89	0.2	1
87120.91319999997	0.88	0.2	1
87438.12199999996	0.71	0.2	1
87755.93749999996	0.83	0.2	1
88074.35969999996	0.89	0.2	1
88393.38859999996	0.83	0.2	1
88713.32419999996	0.69	0.3	1
89034.16649999996	0.67	0.3	1
89355.61549999996	0.79	0.2	1
89677.67119999995	0.98	0.2	1
90000.33359999995	0.8	0.2	1
90323.60269999996	0.9	0.2	1
90647.77849999996	0.73	0.3	1
90972.86099999996	0.66	0.3	1
91298.55019999995	0.79	0.2	1
91624.84609999995	0.85	0.2	1
91951.74869999995	0.91	0.2	1
92279.25799999996	0.96	0.2	1
92607.67399999996	0.61	0.3	1
92936.69669999996	0.81	0.2	1
93266.32609999996	0.83	0.2	1
93596.56219999996	0.8	0.2	1
93927.40499999996	0.93	0.2	1
94258.85449999996	0.89	0.2	1
94591.21069999995	0.76	0.3	1
94924.47359999995	0.59	0.3	1
95258.34319999996	0.87	0.2	1
95593.11949999996	0.63	0.3	1
95928.50249999996	0.86	0.2	1
96264.79219999995	0.58	0.3	1
96601.68859999995	0.72	0.2	1
96939.19169999995	0.83	0.2	1
97277.30149999996	0.81	0.2	1
97616.01799999995	0.71	0.2	1
97955.34119999995	0.82	0.2	1
98295.27109999995	0.81	0.2	1
98635.80769999996	0.82	0.2	1
98976.95099999996	0.97	0.2	1
99318.70099999996	0.98	0.2	1
99661.05769999996	0.82	0.2	1
100004.02109999995	0.83	0.2	1
100347.59119999995	0.89	0.2	1
100691.76799999995	0.77	0.2	1
101036.55149999996	0.85	0.2	1
101382.24169999996	0.44	0.3	1
101728.53859999996	0.8	0.2	1
102075.44219999996	0.96	0.2	1
102422.95249999996	0.92	0.2	1
102771.06949999995	0.92	0.2	1
103119.79319999996	0.87	0.2	1
103469.12359999996	0.89	0.2	1
103819.06069999996	0.72	0.2	1
104169.60449999996	0.72	0.2	1
104520.75499999996	0.9	0.2	1
104872.51219999997	0.84	0.2	1
105225.17609999997	0.55	0.3	1
105578.44669999997	0.96	0.2	1
105932.32399999996	0.81	0.2	1
106286.80799999996	0.9	0.2	1
106641.89869999996	0.92	0.2	1
106997.59609999997	0.92	0.2	1
107353.90019999996	1.0	0.2	1
107710.81099999996	0.87	0.2	1
108068.32849999996	0.8	0.2	1
108426.45269999997	0.85	0.2	1
108785.18359999996	0.95	0.2	1
109144.82119999996	0.69	0.3	1
109505.06549999997	0.84	0.2	1
109865.91649999996	0.84	0.2	1
110227.37419999996	0.96	0.2	1
110589.43859999996	0.83	0.2	1
110952.10969999997	0.75	0.2	1
111315.68749999997	0.71	0.3	1
111680.17199999998	0.59	0.3	1
112045.26319999997	0.7	0.2	1
112410.96109999997	0.93	0.2	1
112777.26569999997	0.86	0.2	1
113144.17699999998	0.73	0.2	1
113511.99499999998	0.48	0.3	1
113880.71969999999	0.45	0.3	1
114250.05109999998	0.86	0.2	1
114620.28919999998	0.4	0.3	1
114991.43399999998	0.61	0.3	1
115363.48549999998	0.6	0.3	1
115736.44369999997	0.64	0.3	1
116110.30859999997	0.64	0.3	1
116484.78019999998	0.93	0.2	1
116860.15849999998	0.5	0.3	1
117236.14349999998	0.67	0.2	1
117613.03519999997	0.81	0.3	1
117990.53359999997	0.86	0.2	1
118368.63869999997	0.85	0.2	1
118747.35049999997	0.85	0.2	1
119126.96899999997	0.63	0.3	1
119507.49419999997	0.64	0.3	1
119888.62609999996	0.82	0.2	1
120270.36469999996	0.94	0.2	1
120652.70999999996	0.84	0.2	1
121035.66199999997	0.98	0.2	1
121419.22069999996	0.79	0.2	1
121803.38609999996	0.95	0.2	1
122188.15819999996	0.7	0.2	1
122573.53699999997	0.91	0.2	1
122959.52249999996	0.77	0.2	1
123346.11469999996	0.95	0.2	1
123733.31359999996	0.83	0.2	1
124121.11919999997	0.87	0.2	1
124509.83149999997	0.75	0.3	1
124899.15049999997	0.76	0.2	1
125289.07619999998	0.92	0.2	1
125679.60859999998	0.71	0.2	1
126070.74769999998	0.73	0.2	1
126462.79349999999	0.78	0.3	1
126855.44599999998	0.71	0.2	1
127248.70519999998	0.79	0.2	1
127642.57109999999	0.78	0.2	1
128037.04369999998	0.91	0.2	1
128432.12299999998	0.85	0.2	1
128827.80899999998	0.9	0.2	1
129224.10169999998	0.86	0.2	1
129621.00109999998	0.9	0.2	1
130018.50719999998	0.85	0.2	1
130416.91999999998	0.72	0.3	1
130815.93949999998	0.89	0.2	1
131215.56569999998	0.81	0.2	1
131615.79859999998	0.93	0.2	1
132016.6382	0.75	0.2	1
132418.0845	0.97	0.2	1
132820.1375	0.87	0.2	1
133222.7972	0.75	0.2	1
133626.0636	0.82	0.2	1
134029.9367	0.71	0.2	1
134434.4165	0.92	0.2	1
134839.503	0.94	0.2	1
135245.1962	0.98	0.2	1
135651.49610000002	0.86	0.2	1
136058.4027	0.91	0.2	1
136465.916	0.91	0.2	1
136874.036	0.85	0.2	1
137282.7627	0.98	0.2	1
137692.0961	0.92	0.2	1
138102.0362	0.97	0.2	1
138512.883	0.65	0.3	1
138924.3365	0.85	0.2	1
139336.6967	0.64	0.3	1
139749.6636	0.84	0.2	1
140163.5372	0.71	0.3	1
140578.0175	0.97	0.2	1
140993.1045	0.9	0.2	1
141408.7982	0.84	0.2	1
141825.0986	0.79	0.2	1
142242.0057	0.89	0.2	1
142659.5195	0.86	0.2	1
143077.63999999998	0.66	0.2	1
143496.36719999998	0.86	0.2	1
143915.70109999998	0.81	0.2	1
144335.94169999997	0.71	0.3	1
144756.78899999996	0.71	0.2	1
145178.54299999995	0.6	0.3	1
145600.90369999994	0.85	0.2	1
146024.17109999995	0.67	0.3	1
146448.04519999993	0.68	0.2	1
146872.52599999993	0.8	0.2	1
147297.61349999992	0.68	0.2	1
147723.30769999992	0.92	0.2	1
148149.9085999999	0.56	0.3	1
148577.1161999999	0.84	0.2	1
149004.9304999999	0.89	0.2	1
149433.3514999999	0.92	0.2	1
149862.3791999999	0.97	0.2	1
150292.01359999992	0.91	0.2	1
150722.25469999993	0.77	0.2	1
151153.10249999992	0.87	0.2	1
151584.5569999999	0.75	0.2	1
152016.91819999993	0.7	0.3	1
152449.88609999992	0.85	0.2	1
152883.4606999999	0.89	0.2	1
153317.6419999999	0.91	0.2	1
153752.4299999999	1.0	0.2	1
154187.8246999999	0.81	0.2	1
154623.82609999992	0.84	0.2	1
155060.43419999993	0.79	0.2	1
155497.64899999992	0.87	0.2	1
155935.77049999993	0.66	0.3	1
156374.49869999994	0.78	0.2	1
156813.83359999993	0.8	0.2	1
157254.07519999993	0.75	0.3	1
157695.22349999993	0.64	0.3	1
158137.27849999993	0.48	0.3	1
158579.94019999992	0.76	0.2	1
159023.5085999999	0.67	0.3	1
159467.98369999992	0.61	0.3	1
159913.36549999993	0.5	0.3	1
160359.35399999993	0.91	0.2	1
160805.94919999994	0.91	0.2	1
161253.15109999993	0.8	0.2	1
161700.95969999992	0.95	0.2	1
162149.3749999999	0.97	0.2	1
162598.3969999999	0.93	0.2	1
163048.0256999999	0.95	0.2	1
163498.26109999992	0.92	0.2	1
163949.10319999992	0.84	0.2	1
164400.55199999994	0.66	0.2	1
164852.90749999994	0.55	0.3	1
165305.86969999995	0.86	0.2	1
165759.73859999995	0.63	0.3	1
166214.21419999996	0.69	0.2	1
166669.59649999996	0.6	0.3	1
167125.58549999996	0.84	0.2	1
167582.18119999996	0.96	0.2	1
168039.38359999997	0.82	0.2	1
168497.19269999999	0.89	0.2	1
168955.60849999997	0.85	0.2	1
169414.93099999998	0.77	0.3	1
169874.8602	0.86	0.2	1
170335.39609999998	0.79	0.2	1
170796.8387	0.56	0.3	1
171258.888	0.93	0.2	1
171721.544	0.78	0.2	1
172184.8067	0.86	0.2	1
172648.67609999998	0.83	0.2	1
173113.45219999997	0.6	0.3	1
173578.83499999996	0.81	0.2	1
174044.82449999996	0.8	0.2	1
174511.42069999996	0.8	0.2	1
174978.62359999996	0.86	0.2	1
175446.73319999996	0.59	0.3	1
175915.74949999995	0.55	0.3	1
176385.37249999994	0.84	0.2	1
176855.60219999994	0.56	0.2	1
177326.43859999994	0.72	0.2	1
177797.88169999994	0.85	0.2	1
178269.93149999995	0.85	0.2	1
178742.58799999996	0.76	0.2	1
179215.85119999995	0.85	0.2	1
179690.02109999995	0.63	0.3	1
180164.79769999997	0.92	0.2	1
180640.18099999995	0.78	0.2	1
181116.47099999996	0.58	0.3	1
181593.66769999996	0.66	0.3	1
182071.47109999997	0.83	0.2	1
182549.88119999997	0.8	0.2	1
183028.898	0.98	0.2	1
183508.52149999997	0.88	0.2	1
183988.75169999996	0.9	0.2	1
184469.88859999998	0.73	0.3	1
184951.63219999996	0.83	0.2	1
185433.98249999995	0.87	0.2	1
185916.93949999995	0.92	0.2	1
186400.50319999995	0.93	0.2	1
186884.97359999994	0.58	0.3	1
187370.35069999995	0.57	0.3	1
187856.33449999994	0.88	0.2	1
188342.92499999993	0.84	0.2	1
188830.42219999994	0.61	0.3	1
189318.52609999993	0.99	0.2	1
189807.23669999992	0.84	0.2	1
190296.55399999992	0.9	0.2	1
190786.47799999992	0.73	0.2	1
191277.00869999992	0.94	0.2	1
191768.14609999993	0.9	0.2	1
192259.89019999994	0.9	0.2	1
192752.24099999992	0.63	0.2	1
193245.1984999999	0.83	0.2	1
193738.7626999999	0.87	0.2	1
194232.9335999999	0.98	0.2	1
194727.7111999999	0.98	0.2	1
195223.0954999999	0.93	0.2	1
195719.08649999992	0.9	0.2	1
196215.68419999993	0.98	0.2	1
196712.88859999992	0.7	0.2	1
197210.6996999999	0.92	0.2	1
197709.41749999992	0.56	0.3	1
198208.7419999999	0.74	0.2	1
198708.6731999999	0.71	0.2	1
199209.2110999999	0.72	0.2	1
199710.6556999999	0.68	0.3	1
200212.70699999988	0.87	0.2	1
200715.36499999987	0.68	0.2	1
201218.62969999987	0.8	0.2	1
201722.80109999987	0.52	0.3	1
202227.57919999986	0.88	0.2	1
202732.96399999986	0.98	0.2	1
203238.95549999987	0.78	0.2	1
203745.55369999987	0.9	0.2	1
204252.75859999988	0.68	0.2	1
204760.57019999987	0.83	0.2	1
205268.98849999986	0.8	0.2	1
205778.01349999986	0.9	0.2	1
206287.94519999984	0.74	0.3	1
206798.48359999983	0.94	0.2	1
207309.62869999983	0.82	0.2	1
207821.38049999982	0.72	0.2	1
208334.03899999982	0.74	0.3	1
208847.3041999998	0.65	0.2	1
209361.1760999998	0.93	0.2	1
209875.6546999998	0.89	0.2	1
210390.73999999982	0.92	0.2	1
210906.7319999998	0.76	0.3	1
211423.6306999998	0.63	0.3	1
211941.1360999998	0.79	0.2	1
212459.2481999998	0.79	0.2	1
212977.9669999998	0.93	0.2	1
213497.2924999998	0.75	0.2	1
214017.22469999982	0.71	0.2	1
214537.76359999983	0.86	0.2	1
215058.90919999982	0.87	0.2	1
215580.96149999983	0.64	0.3	1
216103.62049999984	0.86	0.2	1
216626.88619999983	0.78	0.2	1
217151.05859999984	0.64	0.3	1
217675.83769999986	0.84	0.2	1
218201.22349999985	0.78	0.2	1
218727.21599999984	0.81	0.2	1
219253.81519999984	0.86	0.2	1
219781.02109999984	0.89	0.2	1
220308.83369999984	0.97	0.2	1
220837.25299999985	0.94	0.2	1
221366.57899999985	0.47	0.3	1
221896.51169999986	0.96	0.2	1
222427.35109999985	0.81	0.3	1
222958.79719999986	0.81	0.2	1
223490.84999999986	0.86	0.2	1
224023.50949999987	0.89	0.2	1
224556.77569999988	0.83	0.2	1
225090.64859999987	0.98	0.2	1
225625.12819999986	0.89	0.2	1
226160.21449999986	0.77	0.2	1
226696.20749999984	0.65	0.3	1
227232.80719999984	0.92	0.2	1
227770.01359999983	0.9	0.2	1
228307.82669999983	0.98	0.2	1
228846.54649999982	0.63	0.3	1
229385.87299999982	0.81	0.2	1
229925.80619999982	0.9	0.2	1
230466.34609999982	0.87	0.2	1
231007.79269999982	0.53	0.3	1
231549.84599999982	0.9	0.2	1
232092.50599999982	0.71	0.2	1
232635.77269999983	0.8	0.2	1
233178.94609999983	0.64	0.3	1
233722.72619999983	0.78	0.2	1
234267.11299999984	0.83	0.2	1
234812.10649999985	0.94	0.2	1
235357.70669999984	0.91	0.2	1
235904.21359999984	0.76	0.3	1
236451.32719999985	0.77	0.2	1
236999.34749999986	0.71	0.3	1
237548.27449999985	0.62	0.3	1
238098.10819999984	0.58	0.3	1
238648.84859999985	0.87	0.3	1
239200.49569999985	0.73	0.3	1
239753.04949999985	0.56	0.3	1
240306.50999999983	0.58	0.3	1
240860.57719999983	0.67	0.2	1
241415.55109999984	0.88	0.3	1
241971.43169999984	0.5	0.3	1
242527.91899999985	0.74	0.2	1
243085.31299999985	0.82	0.3	1
243643.31369999985	0.93	0.2	1
244202.22109999985	0.76	0.3	1
244761.73519999985	0.75	0.2	1
245322.15599999984	0.61	0.3	1
245883.48349999986	0.63	0.3	1
246445.41769999985	0.89	0.2	1
247007.95859999984	0.89	0.2	1
247571.40619999985	0.73	0.3	1
248135.76049999986	0.68	0.3	1
248701.02149999986	0.67	0.3	1
249266.88919999986	0.93	0.2	1
249833.66359999985	0.67	0.3	1
250401.04469999985	0.84	0.2	1
250969.03249999986	0.88	0.2	1
251537.62699999986	0.87	0.2	1
252107.12819999986	0.71	0.3	1
252677.53609999985	0.64	0.3	1
253248.85069999986	0.78	0.3	1
253820.77199999985	0.83	0.2	1
254393.29999999984	0.8	0.2	1
254966.43469999984	0.81	0.2	1
255540.17609999984	0.89	0.2	1
256114.52419999984	0.81	0.2	1
256689.77899999983	0.72	0.3	1
257265.64049999983	0.85	0.2	1
257842.10869999984	0.93	0.2	1
258419.48359999983	0.75	0.3	1
258997.76519999982	0.68	0.3	1
259576.95349999983	0.79	0.3	1
260157.04849999983	0.58	0.3	1
260737.75019999983	0.77	0.2	1
261319.35859999983	0.52	0.3	1
261901.87369999982	0.81	0.3	1
262484.99549999984	0.85	0.2	1
263069.02399999986	0.72	0.3	1
263653.95919999987	0.69	0.3	1
264239.5010999999	0.63	0.2	1
264825.9496999999	0.84	0.3	1
265413.0049999999	0.74	0.2	1
266000.6669999999	0.89	0.2	1
266589.2356999999	0.7	0.3	1
267178.4110999999	0.77	0.2	1
267768.4931999999	0.77	0.3	1
268359.1819999999	0.8	0.2	1
268950.4774999999	0.7	0.2	1
269542.6796999999	0.81	0.3	1
270135.7885999999	0.56	0.3	1
270729.8041999999	0.82	0.3	1
271324.7264999999	0.61	0.3	1
271920.25549999985	0.89	0.2	1
272516.39119999984	0.91	0.2	1
273113.1335999998	0.91	0.2	1
273710.7826999998	0.48	0.3	1
274309.0384999998	0.79	0.2	1
274907.9009999998	0.9	0.2	1
275507.3701999998	0.96	0.2	1
276107.74609999976	0.66	0.3	1
276708.72869999975	0.75	0.2	1
277310.6179999997	0.85	0.3	1
277913.4139999997	0.65	0.3	1
278517.1166999997	0.77	0.3	1
279121.72609999974	0.74	0.3	1
279727.24219999975	0.65	0.3	1
280333.66499999975	0.6	0.3	1
280940.99449999974	0.54	0.3	1
281549.2306999997	0.76	0.3	1
282158.0735999997	0.86	0.2	1
282767.8231999997	0.64	0.3	1
283378.1794999997	0.77	0.2	1
283989.44249999966	0.65	0.3	1
284601.6121999997	0.74	0.3	1
285214.38859999966	0.67	0.2	1
285828.0716999997	0.55	0.3	1
286442.6614999997	0.65	0.3	1
287058.1579999997	0.73	0.3	1
287674.5611999997	0.68	0.3	1
288291.8710999997	0.77	0.3	1
288909.7876999997	0.75	0.2	1
289528.3109999997	0.81	0.2	1
290147.4409999997	0.9	0.2	1
290767.4776999997	0.79	0.3	1
291388.1210999997	0.74	0.2	1
292009.3711999997	0.83	0.2	1
292631.2279999997	0.93	0.2	1
293253.9914999997	0.55	0.3	1
293877.3616999997	0.8	0.2	1
294501.3385999997	0.8	0.2	1
295125.92219999974	0.79	0.2	1
295751.41249999974	0.71	0.3	1
296377.50949999975	0.87	0.2	1
297004.21319999977	0.76	0.2	1
297631.5235999998	0.8	0.2	1
298259.7406999998	0.77	0.3	1
298888.5644999998	0.89	0.2	1
299518.2949999998	0.8	0.3	1
300148.6321999998	0.74	0.2	1
300779.57609999983	0.77	0.2	1
301411.42669999984	0.65	0.3	1
302043.88399999985	0.96	0.2	1
302676.94799999986	0.69	0.2	1
303310.6186999999	0.9	0.2	1
303945.1960999999	0.79	0.3	1
304580.6801999999	0.82	0.3	1
305216.7709999999	0.95	0.2	1
305853.7684999999	0.77	0.3	1
306491.3726999999	0.68	0.2	1
307129.5835999999	0.63	0.2	1
307768.4011999999	0.77	0.2	1
308408.1254999999	0.66	0.3	1
309048.7564999999	0.71	0.3	1
309690.2941999999	0.61	0.3	1
310332.73859999987	0.51	0.3	1
310976.0896999999	0.65	0.3	1
311620.04749999987	0.88	0.2	1
312264.9119999999	0.69	0.3	1
312910.6831999999	0.65	0.3	1
313557.3610999999	0.56	0.3	1
314204.64569999994	0.74	0.2	1
314852.83699999994	0.69	0.3	1
315501.93499999994	0.72	0.3	1
316151.63969999994	0.84	0.2	1
316801.95109999995	0.77	0.2	1
317453.16919999995	0.66	0.3	1
318105.29399999994	0.64	0.3	1
318758.02549999993	0.83	0.2	1
319411.6636999999	0.52	0.3	1
320066.2085999999	0.79	0.3	1
320721.66019999987	0.73	0.3	1
321378.0184999999	0.52	0.3	1
322034.9834999999	0.68	0.2	1
322692.5551999999	0.77	0.2	1
323350.73359999986	0.8	0.2	1
324009.51869999984	0.83	0.2	1
324669.2104999998	0.58	0.3	1
325329.80899999983	0.67	0.3	1
325991.01419999986	0.88	0.2	1
326653.1260999999	0.78	0.3	1
327315.8446999999	0.93	0.2	1
327979.1699999999	0.82	0.2	1
328643.1019999999	0.7	0.2	1
329307.9406999999	0.71	0.3	1
329973.68609999993	0.63	0.3	1
330640.33819999994	0.79	0.3	1
331307.59699999995	0.77	0.2	1
331975.76249999995	0.62	0.3	1
332644.83469999995	0.6	0.3	1
333314.81359999994	0.63	0.3	1
333985.3991999999	0.8	0.2	1
334656.8914999999	0.58	0.3	1
335328.9904999999	0.94	0.2	1
336001.6961999999	0.87	0.2	1
336675.3085999999	0.7	0.3	1
337349.82769999985	0.61	0.3	1
338024.9534999998	0.91	0.2	1
338700.9859999998	0.71	0.3	1
339377.9251999998	0.66	0.3	1
340055.77109999984	0.64	0.3	1
340734.52369999985	0.59	0.3	1
341413.88299999986	0.89	0.2	1
342093.8489999999	0.76	0.2	1
342774.4216999999	0.8	0.2	1
343455.6010999999	0.89	0.2	1
344137.6871999999	0.57	0.3	1
344820.37999999995	0.95	0.2	1
345503.97949999996	0.66	0.3	1
346188.48569999996	0.5	0.3	1
346873.59859999997	0.75	0.2	1
347559.3182	0.75	0.2	1
348245.9445	0.6	0.3	1
348933.4775	0.73	0.3	1
349621.6172	0.77	0.2	1
350310.66359999997	0.76	0.3	1
351000.31669999997	0.87	0.2	1
351690.57649999997	0.73	0.2	1
352381.44299999997	0.89	0.2	1
353073.21619999997	0.66	0.3	1
353764.59609999997	0.79	0.2	1
354456.58269999997	0.8	0.2	1
355149.176	0.9	0.2	1
355842.376	0.74	0.2	1
356536.1827	0.9	0.2	1
357230.5961	0.85	0.2	1
357925.61620000005	0.61	0.2	1
358621.2430000001	0.91	0.2	1
359317.47650000005	0.88	0.2	1
360014.3167	0.78	0.2	1
360712.06360000005	0.59	0.3	1
361410.7172000001	0.65	0.3	1
362110.2775000001	0.52	0.3	1
362810.4445000001	0.68	0.2	1
363511.2182000001	0.8	0.2	1
364212.59860000014	0.9	0.2	1
364914.58570000017	0.64	0.2	1
365617.17950000014	0.71	0.2	1
366320.3800000001	0.82	0.2	1
367024.1872000001	0.91	0.2	1
367728.6011000001	0.73	0.2	1
368433.92170000006	0.62	0.3	1
369139.84900000005	0.86	0.2	1
369846.38300000003	1.0	0.2	1
370553.5237	0.89	0.2	1
371261.2711	0.87	0.2	1
371969.6252	0.84	0.2	1
372678.586	0.81	0.2	1
373388.1535	0.82	0.2	1
374098.3277	0.81	0.2	1
374809.10860000004	0.75	0.2	1
375520.49620000005	0.67	0.2	1
376232.4905000001	0.93	0.2	1
376945.0915000001	0.86	0.2	1
377658.5992000001	0.55	0.3	1
378373.0136000001	0.5	0.3	1
379088.03470000013	0.84	0.2	1
379803.66250000015	0.86	0.2	1
380520.19700000016	0.72	0.3	1
381237.3382000002	0.78	0.2	1
381955.3861000002	0.63	0.3	1
382674.0407000002	0.84	0.2	1
383393.3020000002	0.9	0.2	1
384113.1700000002	0.9	0.2	1
384833.64470000024	0.86	0.2	1
385554.72610000026	0.81	0.2	1
386276.4142000003	0.87	0.2	1
386998.70900000026	0.63	0.2	1
387721.9105000003	0.72	0.3	1
388445.7187000003	0.89	0.2	1
389170.43360000034	0.68	0.3	1
389895.75520000036	0.8	0.2	1
390621.6835000004	0.78	0.2	1
391348.21850000037	0.75	0.2	1
392075.6602000004	0.51	0.3	1
392804.0086000004	0.59	0.3	1
393532.96370000043	0.91	0.2	1
394262.52550000045	0.78	0.2	1
394992.6940000005	0.85	0.2	1
395723.7692000005	0.51	0.3	1
396455.45110000053	0.84	0.2	1
397187.73970000056	0.83	0.2	1
397920.63500000053	0.79	0.2	1
398654.43700000056	0.61	0.3	1
399388.84570000053	0.92	0.2	1
400123.8611000005	0.89	0.2	1
400859.4832000005	0.64	0.2	1
401595.71200000047	0.82	0.2	1
402332.54750000045	0.84	0.2	1
403069.98970000044	0.68	0.2	1
403808.3386000004	0.75	0.3	1
404547.2942000004	0.79	0.2	1
405286.8565000004	0.75	0.2	1
406027.0255000004	0.89	0.2	1
406767.8012000004	0.78	0.2	1
407509.1836000004	0.67	0.2	1
408251.1727000004	0.8	0.2	1
408994.0685000004	0.56	0.3	1
409737.5710000004	0.81	0.2	1
410481.6802000004	0.77	0.2	1
411226.3961000004	0.81	0.2	1
411971.71870000043	0.68	0.2	1
412717.64800000045	0.83	0.2	1
413464.1840000005	0.89	0.2	1
414211.3267000005	0.91	0.2	1
414959.0761000005	0.88	0.2	1
415707.43220000045	0.9	0.2	1
416456.3950000004	0.82	0.2	1
417205.9645000004	0.81	0.2	1
417956.1407000004	0.84	0.2	1
418707.2236000004	0.71	0.3	1
419458.91320000036	0.66	0.2	1
420211.20950000035	0.74	0.2	1
420964.11250000034	0.72	0.2	1
421717.9222000003	0.56	0.3	1
422472.6386000003	0.7	0.3	1
423227.9617000003	0.98	0.2	1
423983.89150000026	0.86	0.2	1
424740.72800000024	0.57	0.3	1
425498.47120000026	0.54	0.3	1
426257.1211000003	0.68	0.3	1
427016.3777000003	0.98	0.2	1
427776.24100000033	0.72	0.2	1
428536.7110000003	0.97	0.2	1
429297.7877000003	0.91	0.2	1
430059.47110000026	0.77	0.2	1
430821.76120000024	0.67	0.2	1
431584.9580000002	0.57	0.3	1
432348.7615000002	0.94	0.2	1
433113.1717000002	0.82	0.2	1
433878.48860000016	0.6	0.3	1
434644.7122000002	0.56	0.3	1
435411.54250000016	0.9	0.2	1
436178.97950000013	0.97	0.2	1
436947.0232000001	0.85	0.2	1
437715.6736000001	0.8	0.2	1
438485.2307000001	0.6	0.3	1
439255.39450000005	0.85	0.2	1
440026.465	0.5	0.3	1
440798.44220000005	0.61	0.3	1
441571.0261000001	0.64	0.2	1
442344.21670000005	0.77	0.2	1
443118.014	0.89	0.2	1
443892.418	0.84	0.2	1
444667.4287	0.84	0.2	1
445443.0461	0.89	0.2	1
446219.27019999997	0.85	0.2	1
446996.10099999997	0.81	0.2	1
447773.53849999997	0.86	0.2	1
448551.88269999996	0.63	0.3	1
449331.13359999994	0.55	0.3	1
450110.99119999993	0.85	0.2	1
450891.4554999999	0.86	0.2	1
451672.8264999999	0.68	0.3	1
452454.8041999999	0.91	0.2	1
453237.3885999999	0.83	0.2	1
454020.5796999999	0.92	0.2	1
454804.3774999999	0.9	0.2	1
455588.7819999999	0.93	0.2	1
456373.7931999999	0.84	0.2	1
457159.4110999999	0.9	0.2	1
457945.6356999999	0.85	0.2	1
458732.46699999995	0.82	0.2	1
459519.90499999997	0.87	0.2	1
460307.9497	0.9	0.2	1
461096.60109999997	0.77	0.2	1
461885.85919999995	0.91	0.2	1
462675.72399999993	0.89	0.2	1
463466.1954999999	0.86	0.2	1
464257.2736999999	0.91	0.2	1
465048.9585999999	0.87	0.2	1
465841.5501999999	0.65	0.3	1
466634.74849999987	0.83	0.2	1
467428.85349999985	0.66	0.3	1
468223.56519999984	0.93	0.2	1
469018.8835999998	0.88	0.2	1
469814.8086999998	0.82	0.2	1
470611.3404999998	0.75	0.2	1
471408.4789999998	0.78	0.2	1
472206.2241999998	0.83	0.2	1
473004.57609999983	0.96	0.2	1
473803.83469999983	0.74	0.3	1
474603.69999999984	0.98	0.2	1
475404.47199999983	0.6	0.3	1
476205.85069999984	0.83	0.2	1
477007.83609999984	0.94	0.2	1
477810.42819999985	0.83	0.2	1
478612.92699999985	0.57	0.3	1
479416.33249999984	0.77	0.3	1
480220.34469999984	0.91	0.2	1
481024.96359999984	0.92	0.2	1
481747.48919999984	0.08	0.3	1
482419.62149999983	0.28	0.2	1
482935.36049999984	0.59	0.2	1
483451.70619999984	0.91	0.2	1
483968.95859999984	0.86	0.3	1
484487.1176999998	0.82	0.3	1
485005.8834999998	0.65	0.2	1
485525.5559999998	0.74	0.3	1
486032.1351999998	0.78	0.3	1
486539.6210999998	0.64	0.3	1
487048.01369999984	0.73	0.3	1
487557.31299999985	0.7	0.3	1
488067.21899999987	0.79	0.2	1
488578.0316999999	0.7	0.3	1
489089.7510999999	0.75	0.3	1
489602.3771999999	0.76	0.3	1
490115.90999999986	0.7	0.3	1
490630.34949999984	0.82	0.3	1
491145.6956999998	0.79	0.3	1
491661.9485999998	0.83	0.3	1
492179.10819999984	0.76	0.3	1
492697.17449999985	0.66	0.3	1
493216.14749999985	0.66	0.3	1
493735.02719999984	0.62	0.3	1
494254.8135999998	0.7	0.3	1
494775.5066999998	0.7	0.3	1
495296.8064999998	0.83	0.2	1
495819.01299999974	0.72	0.3	1
496341.8261999997	0.92	0.2	1
496865.2460999997	0.8	0.2	1
497389.2726999997	0.8	0.2	1
497914.20599999966	0.59	0.3	1
498439.74599999964	0.75	0.2	1
498965.8926999996	0.74	0.2	1
499492.6460999996	0.87	0.2	1
500020.0061999996	0.83	0.2	1
500547.9729999996	0.77	0.2	1
501076.8464999996	0.75	0.3	1
501606.62669999956	0.67	0.3	1
502137.01359999954	0.82	0.2	1
502668.0071999995	0.76	0.2	1
503199.6074999995	0.89	0.2	1
503732.1144999995	0.8	0.3	1
504265.5281999995	0.66	0.3	1
504799.8485999995	0.66	0.3	1
505334.7756999995	0.95	0.2	1
505870.30949999945	0.76	0.2	1
506406.44999999943	0.81	0.2	1
506943.4971999994	0.66	0.3	1
507481.1510999994	0.76	0.2	1
508019.41169999936	0.65	0.2	1
508558.5789999993	0.77	0.3	1
509098.65299999935	0.67	0.3	1
509639.3336999994	0.74	0.2	1
510180.9210999994	0.7	0.3	1
510723.1151999994	0.76	0.2	1
511265.91599999944	0.76	0.2	1
511809.3234999994	0.79	0.2	1
512353.3376999994	0.73	0.2	1
512898.2585999994	0.62	0.3	1
513443.7861999994	0.79	0.2	1
513989.92049999937	0.78	0.2	1
514536.9614999994	0.66	0.3	1
515084.60919999937	0.86	0.2	1
515632.86359999934	0.72	0.2	1
516182.02469999937	0.58	0.3	1
516731.79249999934	0.73	0.2	1
517282.1669999993	0.8	0.2	1
517833.1481999993	0.84	0.2	1
518384.7360999993	0.74	0.2	1
518937.23069999926	0.63	0.3	1
519490.33199999924	0.77	0.2	1
520044.0399999992	0.77	0.2	1
520598.3546999992	0.78	0.2	1
521153.2760999992	0.87	0.2	1
521708.8041999992	0.84	0.2	1
522264.2389999992	0.71	0.3	1
522820.58049999917	0.57	0.3	1
523377.52869999915	0.79	0.2	1
523935.08359999914	0.86	0.2	1
524493.2451999992	0.84	0.2	1
525052.3134999992	0.74	0.3	1
525612.2884999992	0.67	0.3	1
526173.1701999992	0.71	0.3	1
526734.6585999993	0.82	0.2	1
527296.7536999993	0.87	0.2	1
527859.4554999993	0.9	0.2	1
528422.7639999994	0.85	0.2	1
528986.9791999994	0.71	0.3	1
529552.1010999994	0.63	0.3	1
530118.1296999994	0.66	0.3	1
530685.0649999994	0.64	0.3	1
531252.6069999994	0.81	0.2	1
531820.0556999993	0.68	0.3	1
532388.4110999993	0.75	0.3	1
532957.3731999993	0.75	0.2	1
533526.9419999993	0.82	0.2	1
534097.4174999993	0.77	0.3	1
534668.7996999993	0.53	0.3	1
535241.0885999993	0.63	0.3	1
535813.9841999994	0.75	0.2	1
536387.4864999994	0.86	0.2	1
536961.8954999994	0.66	0.3	1
537536.9111999994	0.89	0.2	1
538112.8335999994	0.69	0.3	1
538689.6626999994	0.71	0.3	1
539267.3984999994	0.68	0.3	1
539846.0409999994	0.56	0.3	1
540425.5901999994	0.59	0.3	1
541005.7460999994	0.73	0.2	1
541586.8086999994	0.72	0.3	1
542168.4779999993	0.64	0.2	1
542751.0539999993	0.67	0.3	1
543334.5366999994	0.82	0.3	1
543918.9260999993	0.64	0.3	1
544504.2221999994	0.69	0.3	1
545090.4249999993	0.6	0.3	1
545677.2344999993	0.8	0.2	1
546264.6506999993	0.68	0.2	1
546852.6735999993	0.8	0.2	1
547441.3031999993	0.82	0.2	1
548030.8394999993	0.68	0.3	1
548621.2824999993	0.68	0.3	1
549212.6321999993	0.57	0.3	1
549804.5885999993	0.69	0.2	1
550397.4516999993	0.75	0.3	1
550991.2214999993	0.66	0.3	1
551585.8979999992	0.75	0.3	1
552181.4811999992	0.58	0.3	1
552777.6710999992	0.75	0.2	1
553374.7676999993	0.68	0.3	1
553972.4709999993	0.73	0.2	1
554570.7809999994	0.89	0.2	1
555169.9976999994	0.68	0.3	1
555769.8210999994	0.86	0.2	1
556370.5511999994	0.65	0.3	1
556972.1879999994	0.63	0.3	1
557574.7314999994	0.68	0.3	1
558177.8816999994	0.84	0.2	1
558781.6385999995	0.74	0.2	1
559386.0021999995	0.79	0.2	1
559991.2724999995	0.66	0.3	1
560597.4494999995	0.75	0.3	1
561204.5331999995	0.63	0.3	1
561812.5235999995	0.72	0.3	1
562421.4206999994	0.77	0.3	1
563030.9244999994	0.78	0.2	1
563641.0349999993	0.69	0.2	1
564251.7521999993	0.72	0.2	1
564863.3760999993	0.66	0.3	1
565475.9066999994	0.62	0.3	1
566089.3439999993	0.79	0.3	1
566703.6879999994	0.61	0.3	1
567318.6386999994	0.73	0.2	1
567934.4960999994	0.69	0.3	1
568550.9601999994	0.76	0.2	1
569168.3309999994	0.62	0.3	1
569786.3084999995	0.73	0.2	1
570405.1926999994	0.64	0.3	1
571024.9835999995	0.75	0.3	1
571645.3811999995	0.72	0.2	1
572266.3854999995	0.85	0.2	1
572888.2964999995	0.58	0.3	1
573511.1141999995	0.58	0.3	1
574134.8385999994	0.64	0.3	1
574759.4696999994	0.59	0.3	1
575384.7074999994	0.88	0.2	1
576010.8519999995	0.86	0.3	1
576637.9031999995	0.54	0.3	1
577265.8610999995	0.72	0.3	1
577894.4256999996	0.72	0.2	1
578523.8969999995	0.71	0.3	1
579154.2749999996	0.69	0.3	1
579785.5596999995	0.6	0.3	1
580417.4510999995	0.7	0.2	1
581050.2491999995	0.59	0.3	1
581683.6539999995	0.85	0.2	1
582317.9654999995	0.69	0.3	1
582952.8836999994	0.66	0.2	1
583588.7085999994	0.55	0.3	1
584225.1401999994	0.89	0.2	1
584862.1784999995	0.77	0.2	1
585500.1234999994	0.62	0.3	1
586138.9751999994	0.72	0.3	1
586778.4335999994	0.86	0.2	1
587418.4986999994	0.84	0.2	1
588059.4704999995	0.57	0.3	1
588701.0489999994	0.74	0.2	1
589343.2341999994	0.77	0.2	1
589986.0260999993	0.74	0.2	1
590629.4246999993	0.74	0.2	1
591273.7299999993	0.7	0.3	1
591918.9419999993	0.67	0.3	1
592565.0606999993	0.6	0.3	1
593212.0860999994	0.61	0.3	1
593860.0181999994	0.55	0.3	1
594508.8569999994	0.7	0.3	1
595158.6024999993	0.6	0.3	1
595809.2546999994	0.6	0.3	1
596460.8135999993	0.7	0.3	1
597112.9791999992	0.8	0.2	1
597765.7514999992	0.83	0.2	1
598419.1304999992	0.89	0.2	1
599073.4161999992	0.65	0.3	1
599728.3085999992	0.71	0.2	1
600383.8076999992	0.78	0.2	1
601039.9134999992	0.77	0.2	1
601696.9259999992	0.71	0.3	1
602354.8451999992	0.79	0.3	1
603013.6710999992	0.69	0.3	1
603673.4036999992	0.85	0.3	1
604333.7429999992	0.8	0.2	1
604994.6889999992	0.74	0.2	1
605656.5416999992	0.78	0.3	1
606319.0010999993	0.67	0.2	1
606982.0671999994	0.77	0.2	1
607646.0399999993	0.57	0.3	1
608310.6194999993	0.9	0.2	1
608976.1056999994	0.54	0.3	1
609642.4985999994	0.62	0.3	1
610309.4981999993	0.97	0.2	1
610977.4044999994	0.61	0.3	1
611645.9174999994	0.79	0.2	1
612315.3371999994	0.66	0.3	1
612985.6635999994	0.66	0.3	1
613656.5966999994	0.71	0.2	1
614328.1364999994	0.85	0.2	1
615000.5829999994	0.66	0.3	1
615673.9361999994	0.82	0.3	1
616347.8960999994	0.77	0.2	1
617022.7626999994	0.77	0.3	1
617698.2359999993	0.74	0.2	1
618374.6159999993	0.7	0.3	1
619051.9026999994	0.76	0.3	1
619730.0960999994	0.78	0.3	1
620409.1961999994	0.65	0.3	1
621089.2029999994	0.53	0.3	1
621770.1164999994	0.63	0.3	1
622451.9366999994	0.66	0.3	1
623134.6635999994	0.66	0.3	1
623818.2971999993	0.67	0.3	1
624502.8374999993	0.54	0.3	1
625187.9844999993	0.79	0.2	1
625874.0381999994	0.57	0.3	1
626560.9985999994	0.62	0.3	1
627248.8656999994	0.6	0.3	1
627937.6394999993	0.61	0.3	1
628627.3199999994	0.71	0.3	1
629317.9071999993	0.59	0.3	1
630009.1010999993	0.73	0.2	1
630701.2016999993	0.62	0.3	1
631394.2089999993	0.7	0.3	1
632088.1229999993	0.73	0.3	1
632782.6436999993	0.68	0.2	1
633477.7710999993	0.78	0.2	1
634173.8051999994	0.62	0.3	1
634870.4459999994	0.78	0.2	1
635567.6934999995	0.84	0.2	1
636265.5476999994	0.68	0.2	1
636964.0085999994	0.83	0.2	1
637663.0761999993	0.8	0.2	1
638363.0504999993	0.57	0.3	1
639063.6314999993	0.72	0.2	1
639764.8191999993	0.99	0.2	1
640466.9135999993	0.61	0.3	1
641169.9146999993	0.67	0.3	1
641873.8224999993	0.62	0.3	1
642578.6369999993	0.64	0.3	1
643284.3581999993	0.67	0.3	1
643990.6860999994	0.67	0.2	1
644697.6206999994	0.71	0.2	1
645405.1619999994	0.85	0.2	1
646113.3099999995	0.7	0.2	1
646822.3646999995	0.53	0.3	1
647532.3260999995	0.69	0.3	1
648242.8941999995	0.73	0.2	1
648954.3689999995	0.57	0.3	1
649666.7504999995	0.68	0.3	1
650379.7386999995	0.75	0.2	1
651093.6335999995	0.57	0.3	1
651808.1351999994	0.87	0.2	1
652523.2434999994	0.74	0.2	1
653237.9584999994	0.82	0.2	1
653953.2801999993	0.8	0.2	1
654669.2085999993	0.8	0.2	1
655385.7436999993	0.76	0.2	1
656102.8854999993	0.67	0.2	1
656820.6339999993	0.79	0.2	1
657538.9891999993	0.66	0.2	1
658257.9510999992	0.85	0.2	1
658977.5196999992	0.64	0.2	1
659697.6949999993	0.65	0.2	1
660418.4769999993	0.64	0.2	1
661140.1656999993	0.58	0.3	1
661862.7610999993	0.57	0.3	1
662585.9631999993	0.76	0.2	1
663309.7719999993	0.72	0.2	1
664034.1874999993	0.8	0.2	1
664759.2096999993	0.73	0.2	1
665485.1385999994	0.52	0.3	1
666211.6741999993	0.84	0.2	1
666938.8164999993	0.71	0.2	1
667666.5654999992	0.72	0.2	1
668395.2211999992	0.62	0.3	1
669124.4835999992	0.76	0.2	1
669854.6526999993	0.6	0.3	1
670585.4284999992	0.65	0.2	1
671317.1109999992	0.61	0.3	1
672049.4001999992	0.71	0.2	1
672782.5960999993	0.53	0.3	1
673516.6986999993	0.55	0.3	1
674251.4079999992	0.79	0.2	1
674986.7239999992	0.84	0.2	1
675722.9466999993	0.52	0.3	1
676459.7760999993	0.73	0.2	1
677197.2121999994	0.67	0.2	1
677935.5549999994	0.51	0.3	1
678674.5044999993	0.83	0.2	1
679414.0606999993	0.71	0.2	1
680154.2235999993	0.83	0.2	1
680894.9931999993	0.69	0.2	1
681636.3694999993	0.67	0.2	1
682378.3524999993	0.66	0.2	1
683120.9421999994	0.82	0.2	1
683864.1385999994	0.62	0.2	1
684608.2416999993	0.49	0.3	1
685353.2514999993	0.59	0.3	1
686098.8679999993	0.7	0.2	1
686844.3911999994	0.72	0.3	1
687590.5210999993	0.9	0.2	1
688337.5576999993	0.61	0.3	1
689085.2009999993	0.81	0.2	1
689833.7509999993	0.64	0.3	1
690583.2076999993	0.61	0.3	1
691333.5710999994	0.68	0.3	1
692084.8411999993	0.54	0.3	1
692837.0179999993	0.62	0.3	1
693590.1014999993	0.71	0.3	1
694343.7916999992	0.76	0.2	1
695098.3885999992	0.71	0.3	1
695853.8921999993	0.56	0.3	1
696610.3024999993	0.75	0.3	1
697367.6194999993	0.54	0.3	1
698125.8431999993	0.72	0.3	1
698884.6735999993	0.81	0.2	1
699644.1106999993	0.75	0.2	1
700404.4544999993	0.55	0.3	1
701165.4049999993	0.88	0.2	1
701927.2621999993	0.54	0.3	1
702690.0260999993	0.58	0.3	1
703453.6966999993	0.63	0.3	1
704218.2739999993	0.72	0.3	1
704983.7579999993	0.58	0.3	1
705750.1486999993	0.67	0.3	1
706517.4460999994	0.85	0.3	1
707285.6501999993	0.63	0.3	1
708054.7609999994	0.77	0.3	1
708824.7784999993	0.53	0.3	1
709595.7026999993	0.63	0.3	1
710367.2335999993	0.82	0.2	1
711139.6711999993	0.6	0.3	1
711912.7154999992	0.78	0.2	1
712686.3664999992	0.83	0.2	1
713460.9241999992	0.62	0.3	1
714236.3885999992	0.64	0.3	1
715012.4596999992	0.77	0.2	1
715789.4374999992	0.78	0.3	1
716567.3219999992	0.65	0.3	1
717346.1131999992	0.53	0.3	1
718125.8110999992	0.58	0.3	1
718906.1156999993	0.74	0.2	1
719687.3269999992	0.57	0.3	1
720469.4449999993	0.74	0.3	1
721252.1696999993	0.86	0.2	1
722035.8010999992	0.63	0.3	1
722820.0391999992	0.77	0.2	1
723605.1839999992	0.67	0.3	1
724391.2354999991	0.65	0.3	1
725178.1936999991	0.71	0.3	1
725966.0585999992	0.68	0.3	1
726754.8301999992	0.62	0.3	1
727544.5084999992	0.59	0.3	1
728335.0934999991	0.78	0.3	1
729126.5851999992	0.56	0.3	1
729918.9835999991	0.65	0.3	1
730712.2886999991	0.68	0.3	1
731506.5004999992	0.78	0.3	1
732301.6189999991	0.66	0.3	1
733097.3441999991	0.75	0.2	1
733893.9760999992	0.61	0.3	1
734691.5146999991	0.65	0.3	1
735489.9599999991	0.61	0.3	1
736289.3119999991	0.63	0.3	1
737089.5706999991	0.78	0.3	1
737890.7360999992	0.55	0.3	1
738692.5081999991	0.77	0.2	1
739495.1869999991	0.69	0.3	1
740298.7724999991	0.63	0.3	1
741103.2646999991	0.64	0.3	1
741908.6635999992	0.55	0.3	1
742714.9691999991	0.69	0.3	1
743522.1814999991	0.7	0.3	1
744330.3004999991	0.74	0.3	1
745139.3261999991	0.63	0.3	1
745949.2585999991	0.6	0.3	1
746760.0976999991	0.6	0.3	1
747571.8434999991	0.68	0.3	1
748384.4959999991	0.67	0.3	1
749197.7551999991	0.78	0.2	1
750011.9210999991	0.75	0.3	1
750826.6936999991	0.79	0.2	1
751642.3729999991	0.62	0.3	1
752458.9589999991	0.59	0.3	1
753276.1516999991	0.88	0.2	1
754093.9510999991	0.88	0.2	1
754912.3571999992	0.74	0.2	1
755731.6699999991	0.71	0.3	1
756551.8894999991	0.62	0.3	1
757373.0156999992	0.6	0.3	1
758194.7485999991	0.78	0.2	1
759017.0881999991	0.78	0.2	1
759840.3344999991	0.59	0.3	1
760664.4874999991	0.62	0.3	1
761489.5471999991	0.64	0.3	1
762315.2135999991	0.77	0.2	1
763141.7866999991	0.62	0.3	1
763969.2664999991	0.65	0.3	1
764797.6529999991	0.6	0.3	1
765626.6461999991	0.74	0.2	1
766456.5460999991	0.74	0.3	1
767287.3526999991	0.69	0.3	1
768119.0659999991	0.79	0.3	1
768951.685999999	0.61	0.3	1
769784.912699999	0.75	0.2	1
770618.746099999	0.71	0.2	1
771453.1861999991	0.8	0.2	1
772288.5329999991	0.73	0.3	1
773124.7864999991	0.58	0.3	1
773961.9466999992	0.71	0.3	1
774800.0135999991	0.56	0.3	1
775638.9871999992	0.68	0.3	1
776478.8674999991	0.59	0.3	1
777319.6544999991	0.67	0.3	1
778161.3481999991	0.69	0.3	1
779003.9485999991	0.82	0.3	1
779847.1556999991	0.73	0.2	1
780691.2694999991	0.6	0.3	1
781536.2899999991	0.66	0.3	1
782382.2171999991	0.55	0.3	1
783228.7510999992	0.78	0.2	1
784075.8916999992	0.84	0.2	1
784923.9389999992	0.71	0.3	1
785772.5929999992	0.72	0.2	1
786622.1536999992	0.71	0.3	1
787472.6210999992	0.66	0.3	1
788323.9951999992	0.71	0.3	1
789175.9759999992	0.8	0.2	1
790028.8634999992	0.67	0.3	1
790882.6576999992	0.7	0.3	1
791737.0585999992	0.8	0.2	1
792592.0661999992	0.74	0.2	1
793447.9804999991	0.57	0.3	1
794304.8014999991	0.73	0.3	1
795162.5291999992	0.63	0.3	1
796020.8635999992	0.79	0.2	1
796879.8046999993	0.73	0.2	1
797739.6524999993	0.59	0.3	1
798600.4069999993	0.65	0.3	1
799461.7681999994	0.78	0.2	1
800324.0360999993	0.74	0.3	1
801187.2106999994	0.74	0.3	1
802051.2919999993	0.67	0.3	1
802915.9799999993	0.81	0.2	1
803781.5746999993	0.7	0.3	1
804648.0760999992	0.62	0.3	1
805515.4841999992	0.61	0.3	1
806383.7989999993	0.77	0.3	1
807253.0204999993	0.62	0.3	1
808123.1486999993	0.58	0.3	1
808994.1835999993	0.69	0.3	1
809866.1251999993	0.62	0.3	1
810738.6734999993	0.63	0.2	1
811612.1284999993	0.6	0.3	1
812486.4901999993	0.64	0.3	1
813361.7585999992	0.84	0.3	1
814236.9336999992	0.57	0.3	1
815112.7154999992	0.69	0.2	1
815989.4039999993	0.61	0.3	1
816866.9991999993	0.66	0.3	1
817745.2010999992	0.86	0.2	1
818624.3096999993	0.69	0.3	1
819504.3249999993	0.57	0.3	1
820384.9469999992	0.71	0.2	1
821266.4756999993	0.69	0.3	1
822148.9110999992	0.59	0.3	1
823031.9531999992	0.72	0.2	1
823915.6019999991	0.85	0.2	1
824799.8574999991	0.79	0.2	1
825684.7196999991	0.77	0.2	1
826570.4885999991	0.69	0.3	1
827457.1641999991	0.59	0.3	1
828344.7464999991	0.66	0.3	1
829233.235499999	0.81	0.3	1
830122.331199999	0.78	0.2	1
831012.333599999	0.66	0.3	1
831903.242699999	0.62	0.3	1
832794.7584999991	0.88	0.2	1
833687.180999999	0.66	0.3	1
834580.5101999991	0.59	0.3	1
835474.4460999991	0.73	0.2	1
836369.2886999991	0.5	0.3	1
837265.0379999991	0.69	0.3	1
838161.6939999991	0.47	0.3	1
839059.2566999991	0.81	0.3	1
839957.726099999	0.65	0.3	1
840856.802199999	0.78	0.2	1
841756.4849999989	0.71	0.2	1
842656.7744999989	0.68	0.2	1
843557.9706999989	0.57	0.3	1
844460.073599999	0.79	0.3	1
845362.7831999989	0.78	0.2	1
846266.0994999988	0.75	0.2	1
847170.3224999988	0.54	0.3	1
848075.4521999989	0.7	0.3	1
848981.4885999989	0.7	0.3	1
849888.4316999989	0.62	0.3	1
850795.981499999	0.81	0.2	1
851704.4379999989	0.54	0.3	1
852613.5011999989	0.94	0.2	1
853523.1710999989	0.7	0.2	1
854433.7476999989	0.71	0.3	1
855345.2309999989	0.61	0.3	1
856257.6209999989	0.74	0.3	1
857170.6176999989	0.69	0.2	1
858084.5210999988	0.72	0.3	1
858999.0311999988	0.76	0.2	1
859914.1479999988	0.75	0.2	1
860830.1714999988	0.61	0.3	1
861747.1016999987	0.57	0.3	1
862664.6385999987	0.7	0.2	1
863582.7821999986	0.81	0.2	1
864501.8324999986	0.74	0.3	1
865421.4894999986	0.84	0.2	1
866342.0531999987	0.63	0.3	1
867263.2235999986	0.84	0.2	1
868185.3006999986	0.69	0.3	1
869108.2844999987	0.71	0.3	1
870031.8749999987	0.74	0.2	1
870956.0721999988	0.78	0.2	1
871881.1760999988	0.56	0.3	1
872807.1866999988	0.6	0.3	1
873733.8039999988	0.72	0.2	1
874661.3279999988	0.65	0.3	1
875589.4586999988	0.78	0.2	1
876518.1960999988	0.82	0.2	1
877447.8401999988	0.63	0.3	1
878378.3909999988	0.52	0.3	1
879309.5484999988	0.79	0.2	1
880241.6126999988	0.57	0.3	1
881174.5835999987	0.56	0.3	1
882108.4611999987	0.66	0.3	1
883042.9454999988	0.78	0.2	1
883978.3364999987	0.7	0.3	1
884914.6341999987	0.56	0.3	1
885851.5385999987	0.75	0.2	1
886789.3496999987	0.57	0.3	1
887728.0674999987	0.55	0.3	1
888667.6919999988	0.67	0.3	1
889608.2231999987	0.64	0.3	1
890549.3610999987	0.83	0.2	1
891491.4056999987	0.54	0.3	1
892434.3569999987	0.53	0.3	1
893378.2149999987	0.75	0.3	1
894322.6796999987	0.69	0.2	1
895268.0510999986	0.66	0.3	1
896214.0291999986	0.81	0.2	1
897160.6139999985	0.81	0.2	1
898107.8054999985	0.75	0.2	1
899055.9036999985	0.62	0.3	1
900004.9085999986	0.64	0.3	1
900954.5201999985	0.62	0.2	1
901905.0384999985	0.59	0.3	1
902856.1634999985	0.71	0.2	1
903808.1951999986	0.62	0.3	1
904761.1335999985	0.65	0.3	1
905714.9786999986	0.62	0.3	1
906669.7304999985	0.54	0.3	1
907625.0889999985	0.7	0.2	1
908581.3541999985	0.61	0.3	1
909538.5260999985	0.65	0.3	1
910496.6046999985	0.6	0.3	1
911455.5899999985	0.48	0.3	1
912415.4819999984	0.57	0.3	1
913375.9806999984	0.66	0.2	1
914337.3860999985	0.58	0.3	1
915299.6981999985	0.61	0.3	1
916262.6169999985	0.82	0.2	1
917226.4424999985	0.67	0.3	1
918190.8746999985	0.78	0.2	1
919156.2135999985	0.59	0.3	1
920122.4591999985	0.5	0.3	1
921089.6114999985	0.62	0.3	1
922057.6704999985	0.52	0.3	1
923026.3361999985	0.77	0.2	1
923995.9085999985	0.53	0.3	1
924966.3876999984	0.72	0.3	1
925937.4734999985	0.58	0.2	1
926909.1659999985	0.84	0.2	1
927881.7651999985	0.62	0.3	1
928855.2710999985	0.67	0.3	1
929829.6836999985	0.64	0.3	1
930804.7029999986	0.91	0.2	1
931780.3289999986	0.82	0.2	1
932755.5616999987	0.67	0.2	1
933731.7010999987	0.56	0.3	1
934708.4471999987	0.75	0.2	1
935686.0999999987	0.58	0.3	1
936664.6594999987	0.51	0.3	1
937643.1256999987	0.62	0.3	1
938622.1985999987	0.81	0.2	1
939601.8781999988	0.67	0.2	1
940582.1644999988	0.61	0.2	1
941215.0574999988	0.81	0.2	1
941714.5571999989	0.6	0.2	1
942214.6635999989	0.82	0.2	1
942643.376699999	0.52	0.2	1
942858.696499999	0.33	0.2	1
942887.622999999	0.53	0.2	1
942888.529699999	0.81	0.3	1
942890.343099999	0.85	0.3	1
942891.2497999991	0.75	0.3	1
942893.063199999	0.76	0.3	1
942895.7832999991	0.81	0.3	1
942898.410099999	0.64	0.3	1
942899.3167999991	0.27	0.3	1
942900.2234999991	0.67	0.3	1
942900.8301999992	0.82	0.2	1
942901.4368999992	0.56	0.2	1
942902.0435999992	0.19	0.2	1
942902.6502999992	0.07	0.2	1
942903.2569999992	0.37	0.2	1
942903.8636999992	0.46	0.2	1
942904.7703999992	0.83	0.3	1
942905.6770999993	0.54	0.3	1
942907.4904999993	0.57	0.3	1
942910.2105999993	0.55	0.3	1
942913.5373999993	0.66	0.2	1
942917.7708999993	0.59	0.3	1
942922.9110999993	0.52	0.3	1
942928.6579999994	0.67	0.2	1
942935.3115999993	0.6	0.3	1
942936.2182999994	0.58	0.3	1
942938.0316999994	0.65	0.3	1
942940.7517999994	0.51	0.3	1
942944.0785999994	0.23	0.2	1
942948.3120999994	0.56	0.3	1
942953.1522999994	0.23	0.2	1
942958.8991999994	0.56	0.3	1
942965.5527999994	0.62	0.3	1
942973.1130999994	0.7	0.3	1
942981.5800999993	0.45	0.3	1
942990.9537999993	0.56	0.3	1
943000.9341999993	0.27	0.2	1
943011.8212999994	0.59	0.3	1
943023.6150999994	0.45	0.3	1
943036.0155999993	0.27	0.2	1
943049.0227999993	0.24	0.2	1
943062.6366999993	0.26	0.2	1
943076.8572999993	0.25	0.2	1
943091.9845999994	0.42	0.3	1
943092.8912999994	0.37	0.3	1
943093.4979999994	0.58	0.2	1
943095.0113999995	0.42	0.3	1
943097.4314999995	0.45	0.3	1
943100.4582999995	0.56	0.2	1
943104.3917999995	0.43	0.3	1
943109.2319999995	0.48	0.3	1
943109.8386999995	0.18	0.2	1
943110.4453999995	0.17	0.2	1
943111.0520999995	0.13	0.2	1
943112.2654999995	0.13	0.2	1
943114.0855999995	0.28	0.2	1
943116.5123999995	0.49	0.2	1
943119.5458999996	0.28	0.2	1
943123.1860999996	0.13	0.2	1
943124.0927999996	0.25	0.3	1
943124.6994999996	0.69	0.2	1
943125.9128999996	0.69	0.2	1
943128.0329999996	0.4	0.3	1
943130.7597999995	0.68	0.2	1
943134.0932999995	0.61	0.2	1
943138.0334999994	0.74	0.2	1
943142.8803999994	0.43	0.3	1
943148.3339999994	0.53	0.2	1
943154.3942999995	0.59	0.2	1
943161.0612999995	0.66	0.2	1
943168.3349999995	0.76	0.2	1
943176.5153999995	0.44	0.3	1
943185.3024999994	0.59	0.2	1
943194.6962999994	0.57	0.2	1
943204.6967999993	0.65	0.2	1
943215.3039999993	0.45	0.2	1
943226.5178999993	0.7	0.2	1
943238.6384999993	0.37	0.3	1
943251.3657999993	0.75	0.2	1
943264.6997999994	0.7	0.2	1
943278.6404999994	0.62	0.2	1
943293.1878999994	0.61	0.2	1
943308.3419999995	0.46	0.2	1
943324.1027999995	0.63	0.2	1
943340.7702999995	0.45	0.3	1
943358.0444999995	0.6	0.2	1
943375.9253999995	0.52	0.2	1
943394.4129999995	0.54	0.2	1
943413.5072999995	0.72	0.2	1
943433.2082999995	0.64	0.2	1
943453.5159999995	0.67	0.2	1
943474.4303999995	0.61	0.2	1
943494.9514999995	0.52	0.2	1
943516.0792999995	0.54	0.2	1
943538.1137999995	0.36	0.3	1
943560.7549999994	0.56	0.2	1
943584.0028999994	0.67	0.2	1
943607.8574999993	0.62	0.2	1
943632.3187999993	0.69	0.2	1
943657.6867999993	0.34	0.3	1
943683.6614999993	0.67	0.2	1
943710.2428999994	0.71	0.2	1
943737.4309999994	0.66	0.2	1
943765.2257999994	0.63	0.2	1
943793.6272999995	0.59	0.2	1
943822.6354999995	0.63	0.2	1
943852.2503999996	0.69	0.2	1
943882.4719999996	0.68	0.2	1
943913.3002999997	0.7	0.2	1
943945.0352999996	0.57	0.3	1
943977.3769999996	0.5	0.2	1
944010.3253999996	0.61	0.2	1
944043.8804999996	0.74	0.2	1
944078.0422999996	0.49	0.2	1
944112.8107999996	0.66	0.2	1
944148.4859999997	0.67	0.3	1
944184.7678999996	0.53	0.2	1
944221.6564999996	0.63	0.2	1
944259.1517999995	0.47	0.2	1
944297.2537999995	0.61	0.2	1
944335.9624999994	0.57	0.2	1
944375.2778999994	0.68	0.2	1
944415.1999999994	0.59	0.2	1
944455.7287999993	0.56	0.2	1
944496.8642999993	0.45	0.2	1
944538.6064999993	0.58	0.2	1
944580.9553999993	0.54	0.2	1
944623.9109999993	0.63	0.2	1
944667.4732999993	0.58	0.2	1
944711.6422999993	0.73	0.2	1
944756.7179999993	0.45	0.3	1
944802.4003999993	0.43	0.2	1
944848.9894999993	0.32	0.3	1
944896.4852999994	0.38	0.3	1
944944.5877999994	0.7	0.2	1
944993.5969999994	0.4	0.3	1
945043.2128999993	0.5	0.2	1
945093.4354999993	0.64	0.2	1
945144.5647999994	0.42	0.3	1
945196.3007999994	0.67	0.2	1
945248.6434999994	0.37	0.2	1
945301.8928999994	0.64	0.3	1
945355.7489999994	0.6	0.2	1
945410.2117999993	0.61	0.2	1
945465.2812999993	0.65	0.2	1
