1.8333	0.24	1.0	1
17.0499	0.03	7.3	1
33.549800000000005	0.42	0.7	1
53.71640000000001	0.06	2.0	1
85.2497	0.52	6.2	1
130.1663	0.03	7.3	1
184.24960000000002	0.02	5.0	1
239.98290000000003	0.32	0.9	1
308.73290000000003	0.01	7.1	1
378.7662	0.15	0.7	1
450.44950000000006	0.37	0.9	1
530.3828000000001	0.15	4.5	1
559.3494000000001	1.0	8.2	1
605.1827000000001	0.97	9.2	1
669.166	0.91	9.9	1
748.5493	0.97	8.4	1
844.2493000000001	0.98	8.9	1
959.0160000000001	0.88	10.4	1
1092.8494	0.88	10.4	1
1242.8161	0.99	8.8	1
1410.9328	0.91	9.9	1
1599.7662	0.85	11.3	1
1804.7329	0.97	8.8	1
2028.5828999999999	0.89	10.3	1
2271.8662	0.88	10.6	1
2533.8495	0.87	10.2	1
2811.9660999999996	0.98	8.8	1
3112.6326999999997	0.77	12.3	1
3432.7326	0.87	10.6	1
3771.3491999999997	0.9	10.1	1
4128.299099999999	0.9	10.0	1
4501.565699999999	0.99	8.9	1
4894.632299999999	0.87	10.8	1
5303.098899999999	0.99	8.4	1
5725.865499999999	0.98	7.8	1
6164.582099999999	1.0	8.7	1
6619.7986999999985	0.96	9.0	1
7091.3319999999985	0.98	8.9	1
7581.931999999999	0.88	10.4	1
8092.3319999999985	0.87	10.8	1
8623.081999999999	0.84	11.1	1
9171.431999999999	0.94	9.6	1
9738.665299999999	0.88	10.3	1
10326.798599999998	0.82	11.4	1
10932.165199999998	0.92	9.4	1
11555.498499999998	0.91	9.8	1
12197.348499999998	0.9	10.1	1
12859.365199999998	0.84	11.0	1
13540.265199999998	0.9	10.3	1
14240.231899999999	0.85	10.4	1
14959.0819	0.89	10.3	1
15693.881899999998	1.0	8.7	1
16449.581899999997	0.83	11.4	1
17221.781899999998	0.98	9.0	1
18013.0486	0.89	10.4	1
18823.7486	0.84	10.6	1
19654.0653	0.86	10.7	1
20504.5487	0.84	11.0	1
