1.3	0.14	0.8	1
3.9000000000000004	0.36	0.8	1
7.9625	0.31	0.9	1
14.95	0.25	1.8	1
33.3125	0.02	7.0	1
53.625	0.11	1.2	1
74.2625	0.33	0.2	1
97.0125	0.34	1.3	1
112.125	1.0	9.3	1
145.925	0.82	11.5	1
195.0	0.96	9.4	1
258.8625	0.99	9.1	1
339.1375	0.89	10.1	1
434.85	0.96	9.5	1
545.5125	0.94	9.2	1
671.6125000000001	0.93	9.5	1
814.2875	0.92	10.2	1
974.1875	0.88	10.6	1
1149.3625	0.99	9.4	1
1343.7125	0.8	11.8	1
1557.2375000000002	0.82	11.8	1
1785.8750000000002	0.92	9.3	1
2030.9250000000002	0.9	10.1	1
2292.3875000000003	0.88	10.1	1
2568.3125	0.98	8.9	1
2860.4875	0.9	10.0	1
3167.9375	0.95	9.4	1
3490.175	0.97	9.1	1
3829.3125	0.88	10.4	1
4184.5375	0.91	9.9	1
4554.712500000001	0.96	9.2	1
4939.837500000001	0.97	9.2	1
5342.512500000001	0.86	10.8	1
5761.925000000001	0.89	10.3	1
6196.450000000001	0.94	9.3	1
6645.437500000001	0.99	8.9	1
7110.187500000001	0.92	9.7	1
7590.375000000001	0.92	9.5	1
8085.350000000001	0.98	9.1	1
8597.712500000001	0.85	10.7	1
9124.212500000001	0.99	8.7	1
9665.662500000002	0.96	9.2	1
10222.712500000001	0.9	9.6	1
10795.037500000002	0.98	9.4	1
11382.150000000001	1.0	9.1	1
11985.187500000002	0.9	9.8	1
12602.850000000002	0.99	9.0	1
13236.112500000003	0.88	9.6	1
13883.350000000002	0.97	8.6	1
14546.025000000001	0.94	9.5	1
15223.162500000002	0.99	8.9	1
15916.712500000001	0.89	10.1	1
16626.025	0.91	9.7	1
17352.725000000002	0.87	10.7	1
18096.812500000004	0.85	10.7	1
