1.2502	0.17	0.8	1
4.9951	0.33	1.6	1
12.634699999999999	0.16	2.5	1
24.4801	0.6	2.7	1
46.2869	0.04	6.4	1
68.4106	0.26	0.2	1
90.6957	0.45	0.1	1
113.2977	0.41	0.2	1
137.3055	0.39	0.9	1
164.5858	0.19	2.1	1
193.11630000000002	0.47	0.8	1
223.98590000000002	0.33	1.5	1
256.5724	0.4	1.1	1
300.5203	0.04	7.3	1
351.7851	0.07	4.7	1
414.1001	0.05	7.1	1
484.1987	0.1	5.0	1
502.6142	0.94	9.2	1
536.9022	0.89	10.2	1
586.596	0.92	9.9	1
648.74	0.99	8.0	1
727.2231	0.88	10.5	1
820.8009000000001	0.9	9.7	1
928.3845000000001	0.99	9.0	1
1049.0406	0.99	8.4	1
1185.7247	0.89	10.3	1
1335.9479000000001	0.98	8.7	1
1502.0436000000002	0.88	10.2	1
1683.7007	0.91	10.0	1
1884.4969	0.79	12.3	1
2097.8989	1.0	8.1	1
2324.5289000000002	0.98	8.5	1
2565.1647000000003	0.97	9.0	1
2821.0507000000002	0.91	9.8	1
3090.4758	0.99	8.7	1
3372.8178000000003	0.97	8.3	1
3671.8100000000004	0.87	10.7	1
3983.4080000000004	1.0	8.1	1
4308.5451	1.0	8.7	1
4650.3324	0.85	10.7	1
5005.9699	0.94	8.9	1
5375.7688	0.99	9.1	1
5762.5291	0.86	10.9	1
6164.8508	0.91	10.0	1
6581.645	0.94	9.3	1
7012.445000000001	1.0	9.0	1
7460.828600000001	0.82	11.3	1
7925.551300000001	0.86	10.5	1
8404.902000000002	0.94	9.4	1
8898.569600000003	0.99	9.2	1
9407.798600000002	0.91	10.0	1
9932.277800000002	0.92	9.8	1
10470.918400000002	0.99	9.1	1
11025.742600000001	0.86	10.4	1
11597.839300000001	0.85	11.1	1
12184.564000000002	0.94	9.4	1
12788.250100000003	0.84	10.9	1
13407.342000000002	0.91	9.9	1
14040.439700000003	0.98	9.0	1
14686.298800000002	1.0	8.2	1
15346.008100000003	0.93	8.9	1
