0.14750000000000002	0.15	0.1	1
0.5841000000000001	0.17	0.2	1
0.8732000000000001	0.38	0.2	1
8.2514	0.01	5.0	1
16.7687	0.22	0.8	1
25.433500000000002	0.52	0.1	1
34.2458	0.37	0.1	1
44.055600000000005	0.16	0.7	1
54.296200000000006	0.2	0.3	1
64.9676	0.15	0.3	1
77.2031	0.23	1.1	1
90.43610000000001	0.17	0.7	1
105.51660000000001	0.35	1.3	1
123.43620000000001	0.08	2.0	1
142.49490000000003	0.42	0.8	1
142.78400000000002	0.24	0.2	1
156.9565	0.89	10.0	1
187.0015	0.84	11.2	1
230.9356	0.89	9.8	1
287.6255	0.98	9.0	1
357.4962	0.94	9.3	1
439.131	0.99	8.3	1
535.0799	0.88	10.1	1
643.2179	1.0	8.6	1
765.3867	0.88	9.9	1
901.303	0.91	9.7	1
1050.1168	0.99	9.1	1
1211.2614	0.99	8.7	1
1385.8701	0.93	9.5	1
1573.9429	0.95	9.5	1
1777.1798000000001	0.87	10.7	1
1996.1475	0.84	11.1	1
2228.8627	0.89	9.7	1
2473.342	0.99	8.3	1
2730.0104	0.97	8.6	1
3001.4179000000004	0.89	10.4	1
3288.6979000000006	0.85	11.2	1
3588.7337000000007	0.98	9.0	1
3901.3836000000006	0.98	8.9	1
4228.206	0.9	10.0	1
4568.6342	0.92	9.6	1
4922.243200000001	0.96	9.3	1
5289.741300000001	0.9	9.8	1
5669.853500000001	0.98	8.9	1
6063.713200000001	0.94	9.7	1
6472.453700000001	0.88	10.5	1
6895.225000000001	0.9	9.9	1
7332.8771000000015	0.86	10.5	1
7785.551700000002	0.86	10.6	1
8252.682100000002	0.88	10.2	1
8733.560000000001	0.93	9.7	1
9229.885400000001	0.84	10.9	1
9739.2499	0.92	9.2	1
10262.6452	0.91	9.9	1
10798.3713	0.99	8.7	1
11348.269900000001	0.88	10.0	1
11912.9076	0.87	10.4	1
12493.7011	0.83	11.4	1
13090.2254	0.84	11.1	1
13702.4805	0.83	11.1	1
14329.7581	0.88	10.6	1
14970.7832	0.91	9.7	1
15624.4224	0.98	8.9	1
16289.9674	0.98	8.4	1
