0.1391	0.44	0.1	1
5.3449	0.42	3.9	1
11.489799999999999	0.04	0.7	1
18.307199999999998	0.13	0.5	1
25.6637	0.59	0.4	1
33.6927	0.06	0.5	1
42.6608	0.16	0.7	1
54.0347	0.21	1.8	1
67.0144	0.32	1.2	1
82.39989999999999	0.2	1.8	1
101.12449999999998	0.79	2.5	1
121.32159999999999	0.31	1.1	1
141.65779999999998	0.54	0.1	1
163.9998	0.35	1.5	1
187.5476	0.33	0.9	1
211.63449999999997	0.2	0.4	1
224.17359999999996	0.93	9.4	1
250.45179999999996	0.91	10.3	1
291.13579999999996	0.84	10.8	1
345.95889999999997	0.87	10.6	1
412.38779999999997	0.98	8.7	1
491.3558	0.92	9.4	1
581.6629	0.99	8.5	1
685.1758	0.9	9.9	1
802.1612	0.89	10.1	1
933.1524	0.86	10.5	1
1076.1494	0.95	9.0	1
1232.0855000000001	0.92	9.7	1
1401.2274000000002	0.91	9.9	1
1584.2418000000002	0.86	10.4	1
1781.3953000000001	0.86	10.6	1
1992.1546	0.91	10.2	1
2213.5864	1.0	8.0	1
2446.224	0.99	8.4	1
2691.4007	0.98	9.4	1
2949.6499000000003	0.9	9.8	1
3220.3049	0.93	9.3	1
3502.299	1.0	8.5	1
3795.4989	0.96	8.4	1
4100.9713	0.97	9.2	1
4422.0495	0.81	11.7	1
4755.5335000000005	0.93	9.3	1
5100.756600000001	1.0	8.8	1
5459.585500000001	0.88	10.2	1
5831.486900000001	0.93	9.8	1
6214.8608	0.98	8.6	1
6610.240500000001	0.97	9.0	1
7019.226000000001	0.88	10.2	1
7442.2173	0.88	10.5	1
7878.6811	0.88	10.1	1
8326.2174	1.0	8.3	1
8785.626199999999	0.98	8.9	1
9258.507499999998	0.9	10.1	1
9744.994599999998	0.89	10.2	1
10245.087499999998	0.88	10.2	1
10757.052899999997	1.0	8.9	1
11280.757399999997	0.96	8.8	1
11818.067699999996	0.9	10.2	1
