7708675	176000.0	17	24000.0	17.6058	0	7.3333	24.9391
1155276	703000.0	0	500.0	70.3	0	1406.0	1476.3
1155277	722000.0	0	500.0	72.2	1476.3	1444.0	2992.5
1155290	616000.0	0	500.0	61.6	2992.5	1232.0	4286.1
1155293	513000.0	0	500.0	51.3	4286.1	1026.0	5363.400000000001
1155139	527000.0	0	500.0	52.7	5363.4	1054.0	6470.099999999999
1155146	660000.0	0	500.0	66.0	6470.1	1320.0	7856.1
1155147	588000.0	0	500.0	58.8	7856.1	1176.0	9090.900000000001
1155271	512000.0	0	500.0	51.2	9090.9	1024.0	10166.1
1155254	613000.0	0	500.0	61.3	10166.1	1226.0	11453.4
1155251	801000.0	0	500.0	80.1	11453.4	1602.0	13135.5
1155266	509000.0	0	500.0	50.9	13135.5	1018.0	14204.4
1155132	742000.0	0	500.0	74.2	14204.4	1484.0	15762.6
1155166	770000.0	0	500.0	77.0	15762.6	1540.0	17379.6
1155217	629000.0	0	500.0	62.9	17379.6	1258.0	18700.5
1155210	537000.0	0	500.0	53.7	18700.5	1074.0	19828.2
1155298	611000.0	3	1000.0	61.1	0	611.0	672.1
1155302	573000.0	3	1000.0	57.3	672.1	573.0	1302.4
1155160	528000.0	5	4000.0	52.8038	0	132.0	184.8038
1155159	671000.0	5	4000.0	67.1038	184.8038	167.75	419.6576
1155291	537000.0	5	4000.0	53.7038	419.6576	134.25	607.6114
1155161	681000.0	6	5000.0	68.1038	0	136.2	204.3038
1155297	599000.0	7	5000.0	59.9038	0	119.8	179.7038
1155288	545000.0	9	6000.0	54.5067	0	90.8333	145.34
1155151	577000.0	9	6000.0	57.7067	145.34	96.1667	299.2134
1155287	503000.0	10	6000.0	50.3067	0	83.8333	134.14
1155162	595000.0	10	6000.0	59.5067	134.14	99.1667	292.8134
1155152	549000.0	10	6000.0	54.9067	292.8134	91.5	439.2201
1155135	551000.0	10	6000.0	55.1067	439.2201	91.8333	586.1600999999999
1155137	739000.0	10	6000.0	73.9067	586.1601	123.1667	783.2335
1155182	684000.0	10	6000.0	68.4067	783.2335	114.0	965.6402
1155285	726000.0	11	6000.0	72.6067	0	121.0	193.6067
1155241	528000.0	11	6000.0	52.8067	193.6067	88.0	334.4134
1155149	588000.0	11	6000.0	58.8067	334.4134	98.0	491.2201
1155265	560000.0	11	6000.0	56.0067	491.2201	93.3333	640.5601
1155269	641000.0	11	6000.0	64.1067	640.5601	106.8333	811.5001000000001
1155134	519000.0	11	6000.0	51.9067	811.5001	86.5	949.9068
1155136	568000.0	11	6000.0	56.8067	949.9068	94.6667	1101.3802
1155286	543000.0	12	6000.0	54.3	0	90.5	144.8
1155153	690000.0	13	8000.0	69.0	0	86.25	155.25
1155247	773000.0	13	8000.0	77.3	155.25	96.625	329.175
1155183	547000.0	13	8000.0	54.7	329.175	68.375	452.25
1155278	585000.0	14	12000.0	58.5	0	48.75	107.25
1155282	708000.0	14	12000.0	70.8	107.25	59.0	237.05
1155284	524000.0	14	12000.0	52.4	237.05	43.6667	333.1167
1155174	696000.0	14	12000.0	69.6	333.1167	58.0	460.71669999999995
1155272	687000.0	14	12000.0	68.7	460.7167	57.25	586.6667
1155259	724000.0	14	12000.0	72.4	586.6667	60.3333	719.4
1155253	878000.0	14	12000.0	87.8	719.4	73.1667	880.3666999999999
1155248	706000.0	14	12000.0	70.6	880.3667	58.8333	1009.8000000000001
1155261	711000.0	14	12000.0	71.1	1009.8	59.25	1140.1499999999999
1155263	585000.0	14	12000.0	58.5	1140.15	48.75	1247.4
1155268	719000.0	14	12000.0	71.9	1247.4	59.9167	1379.2167000000002
1155231	621000.0	14	12000.0	62.1	1379.2167	51.75	1493.0666999999999
1155228	658000.0	14	12000.0	65.8	1493.0667	54.8333	1613.7
1155215	522000.0	14	12000.0	52.2	1613.7	43.5	1709.4
1155194	584000.0	14	12000.0	58.4	1709.4	48.6667	1816.4667000000002
1155258	596000.0	14	12000.0	59.6	1816.4667	49.6667	1925.7333999999998
1155296	662000.0	15	16000.0	66.2	0	41.375	107.575
1155240	520000.0	15	16000.0	52.0	107.575	32.5	192.075
1155239	617000.0	15	16000.0	61.7	192.075	38.5625	292.3375
1155238	509000.0	15	16000.0	50.9	292.3375	31.8125	375.04999999999995
1155140	637000.0	15	16000.0	63.7	375.05	39.8125	478.5625
1155155	624000.0	15	16000.0	62.4	478.5625	39.0	579.9625
1155233	578000.0	15	16000.0	57.8	579.9625	36.125	673.8874999999999
1155255	650000.0	15	16000.0	65.0	673.8875	40.625	779.5125
1155158	597000.0	15	16000.0	59.7	779.5125	37.3125	876.5250000000001
1155191	562000.0	15	16000.0	56.2	876.525	35.125	967.85
1155185	710000.0	15	16000.0	71.0	967.85	44.375	1083.225
1155180	698000.0	15	16000.0	69.8	1083.225	43.625	1196.6499999999999
1155178	694000.0	15	16000.0	69.4	1196.65	43.375	1309.4250000000002
1155167	580000.0	15	16000.0	58.0	1309.425	36.25	1403.675
1155196	542000.0	15	16000.0	54.2	1403.675	33.875	1491.75
1155222	590000.0	15	16000.0	59.0	1491.75	36.875	1587.625
1155218	660000.0	15	16000.0	66.0	1587.625	41.25	1694.875
1155213	533000.0	15	16000.0	53.3	1694.875	33.3125	1781.4875
1155205	682000.0	15	16000.0	68.2	1781.4875	42.625	1892.3125
1155212	705000.0	15	16000.0	70.5	1892.3125	44.0625	2006.875
1155144	535000.0	16	18000.0	53.5058	0	29.7222	83.22800000000001
1155274	596000.0	16	18000.0	59.6058	83.228	33.1111	175.9449
1155235	705000.0	16	18000.0	70.5058	175.9449	39.1667	285.6174
1155249	642000.0	16	18000.0	64.2058	285.6174	35.6667	385.4899
1155175	614000.0	16	18000.0	61.4058	385.4899	34.1111	481.0068
1155230	595000.0	16	18000.0	59.5058	481.0068	33.0556	573.5682
1155187	523000.0	16	18000.0	52.3058	573.5682	29.0556	654.9296
1155184	671000.0	16	18000.0	67.1058	654.9296	37.2778	759.3132
1155164	571000.0	16	18000.0	57.1058	759.3132	31.7222	848.1412000000001
1155223	809000.0	16	18000.0	80.9058	848.1412	44.9444	973.9914
1155211	539000.0	16	18000.0	53.9058	973.9914	29.9444	1057.8416
1155206	624000.0	16	18000.0	62.4058	1057.8416	34.6667	1154.9141
1155200	798000.0	16	18000.0	79.8058	1154.9141	44.3333	1279.0532
1155283	607000.0	17	24000.0	60.7058	0	25.2917	85.9975
1155289	511000.0	17	24000.0	51.1058	85.9975	21.2917	158.39499999999998
1155143	611000.0	17	24000.0	61.1058	158.395	25.4583	244.95910000000003
1155236	824000.0	17	24000.0	82.4058	244.9591	34.3333	361.69820000000004
1155148	522000.0	17	24000.0	52.2058	361.6982	21.75	435.654
1155243	513000.0	17	24000.0	51.3058	435.654	21.375	508.3348
1155260	539000.0	17	24000.0	53.9058	508.3348	22.4583	584.6989
1155262	541000.0	17	24000.0	54.1058	584.6989	22.5417	661.3464
1155138	647000.0	17	24000.0	64.7058	661.3464	26.9583	753.0105
1155245	598000.0	17	24000.0	59.8058	753.0105	24.9167	837.733
1155189	529000.0	17	24000.0	52.9058	837.733	22.0417	912.6804999999999
1155188	614000.0	17	24000.0	61.4058	912.6805	25.5833	999.6696000000001
1155181	596000.0	17	24000.0	59.6058	999.6696	24.8333	1084.1087
1155177	640000.0	17	24000.0	64.0058	1084.1087	26.6667	1174.7812
1155172	707000.0	17	24000.0	70.7058	1174.7812	29.4583	1274.9452999999999
1155173	615000.0	17	24000.0	61.5058	1274.9453	25.625	1362.0761
1155193	749000.0	17	24000.0	74.9058	1362.0761	31.2083	1468.1902
1155227	652000.0	17	24000.0	65.2058	1468.1902	27.1667	1560.5627
1155204	708000.0	17	24000.0	70.8058	1560.5627	29.5	1660.8685
1155202	751000.0	17	24000.0	75.1058	1660.8685	31.2917	1767.266
1155279	713000.0	18	30000.0	71.3058	0	23.7667	95.0725
1155281	535000.0	18	30000.0	53.5058	95.0725	17.8333	166.41160000000002
1155292	603000.0	18	30000.0	60.3058	166.4116	20.1	246.8174
1155294	751000.0	18	30000.0	75.1058	246.8174	25.0333	346.9565
1155257	738000.0	18	30000.0	73.8058	346.9565	24.6	445.3623
1155142	579000.0	18	30000.0	57.9058	445.3623	19.3	522.5681
1155145	587000.0	18	30000.0	58.7058	522.5681	19.5667	600.8405999999999
1155154	781000.0	18	30000.0	78.1058	600.8406	26.0333	704.9797000000001
1155237	559000.0	18	30000.0	55.9058	704.9797	18.6333	779.5187999999999
1155234	713000.0	18	30000.0	71.3058	779.5188	23.7667	874.5913
1155242	614000.0	18	30000.0	61.4058	874.5913	20.4667	956.4638
1155267	658000.0	18	30000.0	65.8058	956.4638	21.9333	1044.2029
1155209	740000.0	18	30000.0	74.0058	1044.2029	24.6667	1142.8754
1155190	610000.0	18	30000.0	61.0058	1142.8754	20.3333	1224.2144999999998
1155179	612000.0	18	30000.0	61.2058	1224.2145	20.4	1305.8203
1155170	673000.0	18	30000.0	67.3058	1305.8203	22.4333	1395.5594
1155171	577000.0	18	30000.0	57.7058	1395.5594	19.2333	1472.4985000000001
1155225	510000.0	18	30000.0	51.0058	1472.4985	17.0	1540.5042999999998
1155220	595000.0	18	30000.0	59.5058	1540.5043	19.8333	1619.8434
1155219	718000.0	18	30000.0	71.8058	1619.8434	23.9333	1715.5825
1155207	729000.0	18	30000.0	72.9058	1715.5825	24.3	1812.7883
1155275	663000.0	19	30000.0	66.3058	0	22.1	88.4058
1155299	718000.0	19	30000.0	71.8058	88.4058	23.9333	184.1449
1155280	603000.0	19	30000.0	60.3058	184.1449	20.1	264.5507
1155156	646000.0	19	30000.0	64.6058	264.5507	21.5333	350.6898
1155256	807000.0	19	30000.0	80.7058	350.6898	26.9	458.2956
1155270	640000.0	19	30000.0	64.0058	458.2956	21.3333	543.6347
1155244	614000.0	19	30000.0	61.4058	543.6347	20.4667	625.5071999999999
1155186	602000.0	19	30000.0	60.2058	625.5072	20.0667	705.7796999999999
1155176	638000.0	19	30000.0	63.8058	705.7797	21.2667	790.8522
1155163	629000.0	19	30000.0	62.9058	790.8522	20.9667	874.7247
1155165	604000.0	19	30000.0	60.4058	874.7247	20.1333	955.2638
1155168	820000.0	19	30000.0	82.0058	955.2638	27.3333	1064.6028999999999
1155169	636000.0	19	30000.0	63.6058	1064.6029	21.2	1149.4087000000002
1155192	511000.0	19	30000.0	51.1058	1149.4087	17.0333	1217.5478
1155229	617000.0	19	30000.0	61.7058	1217.5478	20.5667	1299.8203
1155226	788000.0	19	30000.0	78.8058	1299.8203	26.2667	1404.8928
1155214	597000.0	19	30000.0	59.7058	1404.8928	19.9	1484.4986000000001
1155201	645000.0	19	30000.0	64.5058	1484.4986	21.5	1570.5043999999998
1155198	763000.0	14	12000.0	76.3	1924.7334	63.5833	2064.6167
1155273	709000.0	15	16000.0	70.9	2005.875	44.3125	2121.0875
1155133	699000.0	16	18000.0	69.9058	1278.0532	38.8333	1386.7923
1155250	1084000.0	17	24000.0	108.4058	1766.266	45.1667	1919.8385
1155157	722000.0	17	24000.0	72.2058	1919.8385	30.0833	2022.1276
1155252	936000.0	19	30000.0	93.6058	1569.5044	31.2	1694.3102000000001
1155197	1043000.0	19	30000.0	104.3058	1693.3102	34.7667	1832.3826999999999
9359141	29000.0	0	500.0	2.9	19786.2	58.0	19847.100000000002
9359294	23000.0	0	500.0	2.3	19847.1	46.0	19895.399999999998
9359301	24000.0	0	500.0	2.4	19895.4	48.0	19945.800000000003
9359269	20000.0	0	500.0	2.0	19945.8	40.0	19987.8
9359383	22000.0	0	500.0	2.2	19987.8	44.0	20034.0
9359090	30000.0	0	500.0	3.0	20034.0	60.0	20097.0
9359009	27000.0	0	500.0	2.7	20097.0	54.0	20153.7
9359118	29000.0	0	500.0	2.9	20153.7	58.0	20214.600000000002
9359121	28000.0	0	500.0	2.8	20214.6	56.0	20273.399999999998
9358972	24000.0	0	500.0	2.4	20273.4	48.0	20323.800000000003
9359447	28000.0	9	6000.0	2.8067	257.2134	4.6667	264.68679999999995
9359468	29000.0	9	6000.0	2.9067	264.6868	4.8333	272.4268
9359535	40000.0	9	6000.0	4.0067	272.4268	6.6667	283.10020000000003
9359539	23000.0	9	6000.0	2.3067	283.1002	3.8333	289.24019999999996
9359541	28000.0	9	6000.0	2.8067	289.2402	4.6667	296.7136
9359543	26000.0	10	6000.0	2.6067	923.6402	4.3333	930.5802000000001
9359406	24000.0	10	6000.0	2.4067	930.5802	4.0	936.9869
9359448	28000.0	11	6000.0	2.8067	1059.3802	4.6667	1066.8536000000001
9359454	23000.0	11	6000.0	2.3067	1066.8536	3.8333	1072.9936
9359546	27000.0	11	6000.0	2.7067	1072.9936	4.5	1080.2003
9359534	26000.0	12	6000.0	2.6	102.8	4.3333	109.73329999999999
9359537	24000.0	12	6000.0	2.4	109.7333	4.0	116.1333
9359440	27000.0	14	12000.0	2.7	2023.6167	2.25	2028.5667
9359458	27000.0	14	12000.0	2.7	2028.5667	2.25	2033.5167000000001
9359482	23000.0	14	12000.0	2.3	2033.5167	1.9167	2037.7333999999998
9359485	23000.0	14	12000.0	2.3	2037.7334	1.9167	2041.9501
9359416	28000.0	14	12000.0	2.8	2041.9501	2.3333	2047.0834
9359187	33000.0	14	12000.0	3.3	2047.0834	2.75	2053.1334
9359185	22000.0	14	12000.0	2.2	2053.1334	1.8333	2057.1666999999998
9359180	24000.0	14	12000.0	2.4	2057.1667	2.0	2061.5667000000003
9359179	23000.0	14	12000.0	2.3	2061.5667	1.9167	2065.7834000000003
9359176	22000.0	14	12000.0	2.2	2065.7834	1.8333	2069.8166999999994
9359165	23000.0	14	12000.0	2.3	2069.8167	1.9167	2074.0334000000003
9359155	35000.0	14	12000.0	3.5	2074.0334	2.9167	2080.4501
9359131	27000.0	14	12000.0	2.7	2080.4501	2.25	2085.4001
9359578	28000.0	14	12000.0	2.8	2085.4001	2.3333	2090.5334
9359227	29000.0	14	12000.0	2.9	2090.5334	2.4167	2095.8501
9359158	33000.0	14	12000.0	3.3	2095.8501	2.75	2101.9001000000003
9359502	22000.0	14	12000.0	2.2	2101.9001	1.8333	2105.9333999999994
9359550	21000.0	14	12000.0	2.1	2105.9334	1.75	2109.7834
9359277	28000.0	14	12000.0	2.8	2109.7834	2.3333	2114.9166999999998
9359275	24000.0	14	12000.0	2.4	2114.9167	2.0	2119.3167000000003
9359319	23000.0	14	12000.0	2.3	2119.3167	1.9167	2123.5334000000003
9359270	23000.0	14	12000.0	2.3	2123.5334	1.9167	2127.7501
9359247	25000.0	14	12000.0	2.5	2127.7501	2.0833	2132.3334
9359255	24000.0	14	12000.0	2.4	2132.3334	2.0	2136.7334
9359263	29000.0	14	12000.0	2.9	2136.7334	2.4167	2142.0501000000004
9359266	22000.0	14	12000.0	2.2	2142.0501	1.8333	2146.0833999999995
9359321	25000.0	14	12000.0	2.5	2146.0834	2.0833	2150.6666999999998
9359348	32000.0	14	12000.0	3.2	2150.6667	2.6667	2156.5334000000003
9359362	23000.0	14	12000.0	2.3	2156.5334	1.9167	2160.7501
9359397	44000.0	14	12000.0	4.4	2160.7501	3.6667	2168.8168000000005
9359583	24000.0	14	12000.0	2.4	2168.8168	2.0	2173.2168
9359215	22000.0	14	12000.0	2.2	2173.2168	1.8333	2177.2500999999997
9359330	27000.0	14	12000.0	2.7	2177.2501	2.25	2182.2001
9359204	21000.0	14	12000.0	2.1	2182.2001	1.75	2186.0501
9359199	23000.0	14	12000.0	2.3	2186.0501	1.9167	2190.2668000000003
9359070	25000.0	14	12000.0	2.5	2190.2668	2.0833	2194.8500999999997
9359091	26000.0	14	12000.0	2.6	2194.8501	2.1667	2199.6168000000002
9359013	22000.0	14	12000.0	2.2	2199.6168	1.8333	2203.6500999999994
9359057	30000.0	14	12000.0	3.0	2203.6501	2.5	2209.1501
9359034	35000.0	14	12000.0	3.5	2209.1501	2.9167	2215.5668
9359058	34000.0	14	12000.0	3.4	2215.5668	2.8333	2221.8001
9359036	24000.0	14	12000.0	2.4	2221.8001	2.0	2226.2001
9359049	27000.0	14	12000.0	2.7	2226.2001	2.25	2231.1501
9359050	24000.0	14	12000.0	2.4	2231.1501	2.0	2235.5501
9359098	23000.0	14	12000.0	2.3	2235.5501	1.9167	2239.7668000000003
9359106	29000.0	14	12000.0	2.9	2239.7668	2.4167	2245.0835
9359107	27000.0	14	12000.0	2.7	2245.0835	2.25	2250.0335
9359116	24000.0	14	12000.0	2.4	2250.0335	2.0	2254.4335
9358993	21000.0	14	12000.0	2.1	2254.4335	1.75	2258.2835
9359471	27000.0	15	16000.0	2.7	2080.0875	1.6875	2084.475
9359483	29000.0	15	16000.0	2.9	2084.475	1.8125	2089.1875
9359484	23000.0	15	16000.0	2.3	2089.1875	1.4375	2092.925
9359436	26000.0	15	16000.0	2.6	2092.925	1.625	2097.15
9359177	37000.0	15	16000.0	3.7	2097.15	2.3125	2103.1625
9359169	31000.0	15	16000.0	3.1	2103.1625	1.9375	2108.2
9359412	20000.0	15	16000.0	2.0	2108.2	1.25	2111.45
9359573	23000.0	15	16000.0	2.3	2111.45	1.4375	2115.1875
9359503	22000.0	15	16000.0	2.2	2115.1875	1.375	2118.7625
9359521	24000.0	15	16000.0	2.4	2118.7625	1.5	2122.6625
9359410	24000.0	15	16000.0	2.4	2122.6625	1.5	2126.5625
9359279	23000.0	15	16000.0	2.3	2126.5625	1.4375	2130.3
9359316	26000.0	15	16000.0	2.6	2130.3	1.625	2134.525
9359246	28000.0	15	16000.0	2.8	2134.525	1.75	2139.0750000000003
9359253	22000.0	15	16000.0	2.2	2139.075	1.375	2142.6499999999996
9359258	29000.0	15	16000.0	2.9	2142.65	1.8125	2147.3625
9359385	35000.0	15	16000.0	3.5	2147.3625	2.1875	2153.05
9359404	25000.0	15	16000.0	2.5	2153.05	1.5625	2157.1125
9359341	33000.0	15	16000.0	3.3	2157.1125	2.0625	2162.4750000000004
9359327	33000.0	15	16000.0	3.3	2162.475	2.0625	2167.8375
9359220	21000.0	15	16000.0	2.1	2167.8375	1.3125	2171.25
9359218	31000.0	15	16000.0	3.1	2171.25	1.9375	2176.2875
9359016	31000.0	15	16000.0	3.1	2176.2875	1.9375	2181.325
9359023	23000.0	15	16000.0	2.3	2181.325	1.4375	2185.0625
9359024	22000.0	15	16000.0	2.2	2185.0625	1.375	2188.6375
9359007	26000.0	15	16000.0	2.6	2188.6375	1.625	2192.8624999999997
9359124	33000.0	15	16000.0	3.3	2192.8625	2.0625	2198.2250000000004
9358950	23000.0	15	16000.0	2.3	2198.225	1.4375	2201.9625
9358966	22000.0	15	16000.0	2.2	2201.9625	1.375	2205.5375
9358981	20000.0	15	16000.0	2.0	2205.5375	1.25	2208.7875
9358946	28000.0	16	18000.0	2.8058	1345.7923	1.5556	1350.1537
9359363	36000.0	16	18000.0	3.6058	1350.1537	2.0	1355.7595000000001
9359466	29000.0	16	18000.0	2.9058	1355.7595	1.6111	1360.2764
9359439	31000.0	16	18000.0	3.1058	1360.2764	1.7222	1365.1044
9359476	21000.0	16	18000.0	2.1058	1365.1044	1.1667	1368.3769
9359480	23000.0	16	18000.0	2.3058	1368.3769	1.2778	1371.9605000000001
9359413	29000.0	16	18000.0	2.9058	1371.9605	1.6111	1376.4774
9359425	29000.0	16	18000.0	2.9058	1376.4774	1.6111	1380.9943
9359170	20000.0	16	18000.0	2.0058	1380.9943	1.1111	1384.1112
9359154	30000.0	16	18000.0	3.0058	1384.1112	1.6667	1388.7837
9359501	40000.0	16	18000.0	4.0058	1388.7837	2.2222	1395.0116999999998
9359281	29000.0	16	18000.0	2.9058	1395.0117	1.6111	1399.5286
9359296	27000.0	16	18000.0	2.7058	1399.5286	1.5	1403.7344
9359297	28000.0	16	18000.0	2.8058	1403.7344	1.5556	1408.0958
9359304	22000.0	16	18000.0	2.2058	1408.0958	1.2222	1411.5238
9359307	28000.0	16	18000.0	2.8058	1411.5238	1.5556	1415.8852
9359310	26000.0	16	18000.0	2.6058	1415.8852	1.4444	1419.9354
9359272	26000.0	16	18000.0	2.6058	1419.9354	1.4444	1423.9856000000002
9359232	27000.0	16	18000.0	2.7058	1423.9856	1.5	1428.1914
9359238	23000.0	16	18000.0	2.3058	1428.1914	1.2778	1431.775
9359239	41000.0	16	18000.0	4.1058	1431.775	2.2778	1438.1586000000002
9359251	33000.0	16	18000.0	3.3058	1438.1586	1.8333	1443.2977
9359268	31000.0	16	18000.0	3.1058	1443.2977	1.7222	1448.1257
9359393	28000.0	16	18000.0	2.8058	1448.1257	1.5556	1452.4871
9359394	32000.0	16	18000.0	3.2058	1452.4871	1.7778	1457.4707
9359346	20000.0	16	18000.0	2.0058	1457.4707	1.1111	1460.5876
9359219	31000.0	16	18000.0	3.1058	1460.5876	1.7222	1465.4156
9359217	28000.0	16	18000.0	2.8058	1465.4156	1.5556	1469.777
9359332	24000.0	16	18000.0	2.4058	1469.777	1.3333	1473.5161
9359208	28000.0	16	18000.0	2.8058	1473.5161	1.5556	1477.8775
9359196	32000.0	16	18000.0	3.2058	1477.8775	1.7778	1482.8611
9359340	24000.0	16	18000.0	2.4058	1482.8611	1.3333	1486.6002
9359075	23000.0	16	18000.0	2.3058	1486.6002	1.2778	1490.1838000000002
9359066	30000.0	16	18000.0	3.0058	1490.1838	1.6667	1494.8563
9359012	24000.0	16	18000.0	2.4058	1494.8563	1.3333	1498.5954
9359065	23000.0	16	18000.0	2.3058	1498.5954	1.2778	1502.179
9359052	27000.0	16	18000.0	2.7058	1502.179	1.5	1506.3848
9359019	34000.0	16	18000.0	3.4058	1506.3848	1.8889	1511.6795
9358954	35000.0	16	18000.0	3.5058	1511.6795	1.9444	1517.1297
9358959	23000.0	16	18000.0	2.3058	1517.1297	1.2778	1520.7133000000001
9359112	32000.0	16	18000.0	3.2058	1520.7133	1.7778	1525.6969
9358952	24000.0	16	18000.0	2.4058	1525.6969	1.3333	1529.436
9358967	30000.0	16	18000.0	3.0058	1529.436	1.6667	1534.1084999999998
9358987	34000.0	16	18000.0	3.4058	1534.1085	1.8889	1539.4032
9358973	26000.0	16	18000.0	2.6058	1539.4032	1.4444	1543.4534
9359481	28000.0	17	24000.0	2.8058	1981.1276	1.1667	1985.1001
9359486	26000.0	17	24000.0	2.6058	1985.1001	1.0833	1988.7892000000002
9359438	36000.0	17	24000.0	3.6058	1988.7892	1.5	1993.895
9359175	26000.0	17	24000.0	2.6058	1993.895	1.0833	1997.5841
9359490	20000.0	17	24000.0	2.0058	1997.5841	0.8333	2000.4232
9359146	23000.0	17	24000.0	2.3058	2000.4232	0.9583	2003.6873
9359137	25000.0	17	24000.0	2.5058	2003.6873	1.0417	2007.2348
9359565	33000.0	17	24000.0	3.3058	2007.2348	1.375	2011.9156
9359574	27000.0	17	24000.0	2.7058	2011.9156	1.125	2015.7464
9359163	23000.0	17	24000.0	2.3058	2015.7464	0.9583	2019.0105
9359506	22000.0	17	24000.0	2.2058	2019.0105	0.9167	2022.133
9359513	23000.0	17	24000.0	2.3058	2022.133	0.9583	2025.3971000000001
9359557	24000.0	17	24000.0	2.4058	2025.3971	1.0	2028.8029
9359284	25000.0	17	24000.0	2.5058	2028.8029	1.0417	2032.3503999999998
9359314	26000.0	17	24000.0	2.6058	2032.3504	1.0833	2036.0395
9359273	22000.0	17	24000.0	2.2058	2036.0395	0.9167	2039.162
9359229	30000.0	17	24000.0	3.0058	2039.162	1.25	2043.4178
9359252	23000.0	17	24000.0	2.3058	2043.4178	0.9583	2046.6819
9359324	28000.0	17	24000.0	2.8058	2046.6819	1.1667	2050.6544000000004
9359390	37000.0	17	24000.0	3.7058	2050.6544	1.5417	2055.9019000000003
9359391	32000.0	17	24000.0	3.2058	2055.9019	1.3333	2060.441
9359403	21000.0	17	24000.0	2.1058	2060.441	0.875	2063.4217999999996
9359193	24000.0	17	24000.0	2.4058	2063.4218	1.0	2066.8276
9359333	28000.0	17	24000.0	2.8058	2066.8276	1.1667	2070.8001000000004
9359200	24000.0	17	24000.0	2.4058	2070.8001	1.0	2074.2059
9359579	33000.0	17	24000.0	3.3058	2074.2059	1.375	2078.8867
9359222	29000.0	17	24000.0	2.9058	2078.8867	1.2083	2083.0008
9359082	21000.0	17	24000.0	2.1058	2083.0008	0.875	2085.9815999999996
9359010	30000.0	17	24000.0	3.0058	2085.9816	1.25	2090.2374
9359025	32000.0	17	24000.0	3.2058	2090.2374	1.3333	2094.7765
9359026	21000.0	17	24000.0	2.1058	2094.7765	0.875	2097.7572999999998
9359031	25000.0	17	24000.0	2.5058	2097.7573	1.0417	2101.3048000000003
9359035	26000.0	17	24000.0	2.6058	2101.3048	1.0833	2104.9938999999995
9359041	26000.0	17	24000.0	2.6058	2104.9939	1.0833	2108.6829999999995
9359053	25000.0	17	24000.0	2.5058	2108.683	1.0417	2112.2305
9359110	30000.0	17	24000.0	3.0058	2112.2305	1.25	2116.4863
9359005	25000.0	17	24000.0	2.5058	2116.4863	1.0417	2120.0338
9359591	23000.0	17	24000.0	2.3058	2120.0338	0.9583	2123.2979
9358986	38000.0	17	24000.0	3.8058	2123.2979	1.5833	2128.687
9358976	34000.0	17	24000.0	3.4058	2128.687	1.4167	2133.5095
9359022	31000.0	17	24000.0	3.1058	2133.5095	1.2917	2137.907
9359474	24000.0	18	30000.0	2.4058	1770.7883	0.8	1773.9941
9359418	22000.0	18	30000.0	2.2058	1773.9941	0.7333	1776.9332
9359420	31000.0	18	30000.0	3.1058	1776.9332	1.0333	1781.0723
9359167	26000.0	18	30000.0	2.6058	1781.0723	0.8667	1784.5448000000001
9359432	32000.0	18	30000.0	3.2058	1784.5448	1.0667	1788.8173
9359494	22000.0	18	30000.0	2.2058	1788.8173	0.7333	1791.7564
9359142	22000.0	18	30000.0	2.2058	1791.7564	0.7333	1794.6955
9359157	23000.0	18	30000.0	2.3058	1794.6955	0.7667	1797.768
9359569	35000.0	18	30000.0	3.5058	1797.768	1.1667	1802.4405
9359505	23000.0	18	30000.0	2.3058	1802.4405	0.7667	1805.513
9359507	19000.0	18	30000.0	1.9058	1805.513	0.6333	1808.0520999999999
9359512	23000.0	18	30000.0	2.3058	1808.0521	0.7667	1811.1246
9359527	28000.0	18	30000.0	2.8058	1811.1246	0.9333	1814.8637
9359491	28000.0	18	30000.0	2.8058	1814.8637	0.9333	1818.6028000000001
9359282	23000.0	18	30000.0	2.3058	1818.6028	0.7667	1821.6752999999999
9359287	33000.0	18	30000.0	3.3058	1821.6753	1.1	1826.0811
9359298	26000.0	18	30000.0	2.6058	1826.0811	0.8667	1829.5536000000002
9359254	22000.0	18	30000.0	2.2058	1829.5536	0.7333	1832.4927
9359262	23000.0	18	30000.0	2.3058	1832.4927	0.7667	1835.5652
9359265	25000.0	18	30000.0	2.5058	1835.5652	0.8333	1838.9043
9359322	25000.0	18	30000.0	2.5058	1838.9043	0.8333	1842.2433999999998
9359358	22000.0	18	30000.0	2.2058	1842.2434	0.7333	1845.1825000000001
9359190	24000.0	18	30000.0	2.4058	1845.1825	0.8	1848.3882999999998
9359401	27000.0	18	30000.0	2.7058	1848.3883	0.9	1851.9941000000001
9359209	20000.0	18	30000.0	2.0058	1851.9941	0.6667	1854.6665999999998
9359587	25000.0	18	30000.0	2.5058	1854.6666	0.8333	1858.0057
9359095	22000.0	18	30000.0	2.2058	1858.0057	0.7333	1860.9448
9359096	25000.0	18	30000.0	2.5058	1860.9448	0.8333	1864.2839
9359042	28000.0	18	30000.0	2.8058	1864.2839	0.9333	1868.023
9359056	24000.0	18	30000.0	2.4058	1868.023	0.8	1871.2287999999999
9359018	31000.0	18	30000.0	3.1058	1871.2288	1.0333	1875.3679000000002
9359114	27000.0	18	30000.0	2.7058	1875.3679	0.9	1878.9737
9358961	23000.0	18	30000.0	2.3058	1878.9737	0.7667	1882.0462
9358982	31000.0	18	30000.0	3.1058	1882.0462	1.0333	1886.1853
9358971	23000.0	18	30000.0	2.3058	1886.1853	0.7667	1889.2578
9358968	22000.0	18	30000.0	2.2058	1889.2578	0.7333	1892.1969000000001
9359472	22000.0	19	30000.0	2.2058	1792.3827	0.7333	1795.3218000000002
9359437	22000.0	19	30000.0	2.2058	1795.3218	0.7333	1798.2609
9359173	36000.0	19	30000.0	3.6058	1798.2609	1.2	1803.0667
9359430	29000.0	19	30000.0	2.9058	1803.0667	0.9667	1806.9392
9359489	22000.0	19	30000.0	2.2058	1806.9392	0.7333	1809.8783
9359148	27000.0	19	30000.0	2.7058	1809.8783	0.9	1813.4841000000001
9359136	24000.0	19	30000.0	2.4058	1813.4841	0.8	1816.6898999999999
9359563	23000.0	19	30000.0	2.3058	1816.6899	0.7667	1819.7624
9359580	28000.0	19	30000.0	2.8058	1819.7624	0.9333	1823.5015
9359558	25000.0	19	30000.0	2.5058	1823.5015	0.8333	1826.8406
9359164	25000.0	19	30000.0	2.5058	1826.8406	0.8333	1830.1797
9359409	27000.0	19	30000.0	2.7058	1830.1797	0.9	1833.7855
9359312	25000.0	19	30000.0	2.5058	1833.7855	0.8333	1837.1245999999999
9359243	23000.0	19	30000.0	2.3058	1837.1246	0.7667	1840.1971
9359326	23000.0	19	30000.0	2.3058	1840.1971	0.7667	1843.2696
9359354	28000.0	19	30000.0	2.8058	1843.2696	0.9333	1847.0087
9359357	29000.0	19	30000.0	2.9058	1847.0087	0.9667	1850.8812
9359364	23000.0	19	30000.0	2.3058	1850.8812	0.7667	1853.9537
9359376	29000.0	19	30000.0	2.9058	1853.9537	0.9667	1857.8262
9359378	22000.0	19	30000.0	2.2058	1857.8262	0.7333	1860.7653
9359328	30000.0	19	30000.0	3.0058	1860.7653	1.0	1864.7711
9359211	23000.0	19	30000.0	2.3058	1864.7711	0.7667	1867.8436
9359206	21000.0	19	30000.0	2.1058	1867.8436	0.7	1870.6494
9359203	25000.0	19	30000.0	2.5058	1870.6494	0.8333	1873.9885
9359068	22000.0	19	30000.0	2.2058	1873.9885	0.7333	1876.9276
9359084	29000.0	19	30000.0	2.9058	1876.9276	0.9667	1880.8001
9359085	23000.0	19	30000.0	2.3058	1880.8001	0.7667	1883.8726
9359011	21000.0	19	30000.0	2.1058	1883.8726	0.7	1886.6784
9359093	28000.0	19	30000.0	2.8058	1886.6784	0.9333	1890.4175
9359000	20000.0	19	30000.0	2.0058	1890.4175	0.6667	1893.09
9358957	34000.0	19	30000.0	3.4058	1893.09	1.1333	1897.6290999999999
9359097	25000.0	19	30000.0	2.5058	1897.6291	0.8333	1900.9682
9359125	26000.0	19	30000.0	2.6058	1900.9682	0.8667	1904.4407
