475.94
795.403
990.739
607.902
463.267
675.657
319.807
404.958
313.487
112.241
1012.809
397.772
679.663
134.053
724.865
632.516
710.556
1035.977
526.792
608.186
1742.584
505.451
520.488
171.532
217.866
577.156
209.736
677.144
320.897
275.811
676.341
305.152
1194.842
348.27
1178.388
712.797
290.759
427.645
1317.208
531.8
889.749
861.551
182.878
1101.154
676.823
419.967
147.113
541.134
749.906
330.552
369.85
772.195
419.083
242.302
1023.52
1033.003
873.251
933.396
756.097
751.972
610.208
386.528
345.306
691.949
245.881
288.045
443.022
147.265
144.314
697.573
303.818
788.945
764.583
767.06
359.317
329.834
222.998
1393.784
900.263
195.373
541.026
394.943
64.081
1146.703
661.284
298.161
247.812
627.935
207.566
331.236
749.021
179.739
133.701
828.607
211.972
1150.297
1208.025
1192.942
698.88
620.995
548.595
199.454
586.99
67.722
355.563
379.375
397.519
219.008
386.744
199.466
221.514
548.777
383.121
159.419
278.923
632.587
185.394
479.063
160.635
517.668
625.121
503.147
124.886
276.276
472.701
527.51
431.712
323.739
338.752
518.627
545.91
523.849
580.511
756.65
731.901
487.705
454.898
444.765
843.527
86.311
1184.147
207.586
700.271
344.75
1108.551
782.52
436.185
464.833
395.77
622.682
705.632
325.962
503.696
399.409
319.348
541.58
314.074
507.944
740.799
911.44
726.85
647.098
462.275
151.579
135.798
700.387
727.832
125.506
418.278
782.013
207.891
317.557
692.498
64.439
120.149
1031.585
505.306
381.443
856.042
796.633
633.643
795.941
1078.906
180.094
755.605
358.044
93.675
710.723
389.857
237.426
903.094
269.698
94.141
654.18
218.465
270.493
607.576
365.723
397.138
388.889
215.765
567.28
669.017
504.797
513.403
46.573
575.767
434.448
729.703
411.92
208.544
335.789
660.994
492.672
50.57
898.549
445.286
360.331
212.997
922.848
637.846
241.992
1079.402
579.55
458.808
485.855
316.908
215.927
249.518
316.799
425.925
278.307
531.16
643.136
818.771
552.744
130.283
567.148
1077.941
324.155
128.266
31.283
456.455
65.82
271.514
572.113
213.24
753.342
178.102
224.08
1046.138
935.071
28.8
97.002
44.884
947.037
428.632
423.217
168.53
286.446
96.758
785.749
122.05
422.748
260.808
585.964
415.939
523.218
183.915
448.188
833.429
116.769
446.605
556.154
663.442
144.994
316.078
346.46
264.655
241.441
71.844
135.647
612.24
642.46
915.523
213.814
97.095
74.917
45.238
893.055
747.924
340.256
71.09
227.837
1056.039
842.057
48.463
393.968
707.848
14.675
196.612
589.342
615.11
118.521
178.854
250.393
413.104
24.979
101.34
421.134
358.599
594.468
14.527
832.031
430.558
609.849
763.893
44.037
496.752
147.761
1114.059
74.3
32.263
44.341
539.484
277.842
523.029
463.438
92.197
301.672
190.668
365.913
52.273
740.491
169.867
673.914
22.048
504.364
63.2
1110.953
460.956
505.56
329.535
543.149
153.335
205.105
336.944
380.046
345.322
383.703
756.903
208.441
357.394
477.922
517.613
250.379
495.45
356.809
132.578
264.574
217.79
473.563
690.382
595.719
218.388
546.917
424.461
662.436
589.984
455.098
19.357
251.474
1097.108
795.05
253.828
80.024
81.761
195.488
577.571
293.71
843.447
269.617
62.591
773.543
464.829
282.945
247.171
440.529
225.243
479.81
244.946
33.893
115.147
311.552
157.036
369.542
693.959
19.793
101.33
412.621
131.369
57.418
309.192
227.909
656.59
650.897
309.807
886.281
654.905
290.136
105.012
292.518
18.904
478.251
311.746
379.115
488.878
41.553
416.124
64.598
359.168
249.809
695.854
238.813
353.794
50.502
381.945
182.11
78.918
436.047
49.712
470.348
465.803
414.294
305.822
741.805
217.581
381.152
556.13
554.809
169.554
472.174
307.747
627.072
35.415
714.036
382.252
416.921
317.055
98.161
166.552
400.776
451.254
145.699
574.739
444.675
284.615
541.011
604.562
278.883
218.689
315.476
197.908
556.61
653.555
119.504
337.678
328.453
416.296
130.931
390.759
92.705
694.955
440.644
192.011
306.489
45.061
507.473
412.072
403.48
129.395
400.33
605.714
373.304
597.85
738.834
576.025
370.544
291.888
