72.651
125.134
125.425
75.304
77.608
67.542
125.15
42.596
58.23
55.518
105.507
34.527
76.556
40.204
90.905
31.689
55.62
70.364
18.764
74.569
17.023
113.328
51.957
67.729
76.819
42.605
60.161
101.693
68.065
77.659
84.399
100.83
77.683
123.183
136.482
65.606
82.467
87.029
77.199
55.879
125.472
68.446
50.699
85.782
80.197
63.611
66.852
111.578
85.994
84.843
37.808
73.504
64.691
45.343
64.859
112.197
39.818
123.31
50.706
102.046
61.799
75.753
41.618
95.643
124.732
40.667
21.741
59.205
73.002
36.89
107.796
56.038
60.834
91.669
63.856
56.036
48.631
88.512
41.931
40.218
63.809
51.878
48.555
54.748
46.379
16.529
56.897
41.287
95.442
100.495
69.862
53.662
57.374
49.966
38.108
76.132
105.277
82.624
50.884
58.6
75.878
26.258
78.148
31.361
107.198
35.192
108.791
125.553
65.767
28.508
41.547
75.365
53.823
17.848
64.889
104.763
89.885
62.212
32.351
63.395
94.373
30.772
59.421
38.25
75.101
99.749
87.818
48.772
62.184
77.961
110.504
75.016
62.921
69.917
47.964
45.803
67.857
64.743
88.064
65.956
130.341
72.905
70.967
28.449
96.132
48.5
62.482
109.088
39.581
79.283
19.288
54.168
36.388
59.425
49.164
53.402
87.464
73.667
70.191
61.608
30.364
77.521
44.155
33.118
77.569
55.539
33.597
29.667
68.319
51.567
85.299
30.899
67.921
54.125
54.548
69.88
51.068
46.457
52.499
107.354
31.147
80.66
57.281
42.163
58.216
26.286
38.666
50.978
86.369
40.945
69.919
30.443
34.35
78.664
35.853
28.361
54.359
68.888
27.201
30.067
21.903
70.987
76.0
42.101
33.844
12.348
49.432
64.023
39.052
77.03
73.366
73.02
57.408
13.259
30.567
32.555
39.116
34.833
34.717
59.807
39.631
26.352
57.031
68.113
35.023
65.398
31.876
27.46
53.354
31.537
71.81
42.514
48.568
18.944
49.005
51.563
39.016
58.621
56.465
23.725
41.384
28.932
24.027
13.329
47.228
29.959
43.192
66.478
47.838
36.176
77.196
71.3
17.597
23.271
18.081
59.928
29.683
35.106
21.714
97.24
35.334
89.605
30.821
41.99
23.065
49.016
30.679
40.239
25.434
39.504
42.8
18.571
30.723
51.076
23.951
38.009
28.365
20.036
22.663
19.084
19.91
31.641
36.0
43.518
66.055
63.92
13.529
27.343
19.154
78.615
27.931
44.202
17.319
13.291
59.35
33.087
16.708
45.872
42.373
8.99
52.787
65.612
38.983
16.318
28.024
15.477
14.124
15.561
21.228
25.546
33.236
33.172
10.821
76.914
38.631
41.343
43.433
34.597
35.253
22.185
32.059
19.365
20.198
15.817
22.49
34.365
39.143
16.899
26.577
38.175
19.711
27.002
26.593
24.177
20.388
38.72
16.844
29.252
43.444
42.544
47.516
48.36
16.011
39.364
25.539
30.677
33.669
23.28
23.415
36.108
41.245
39.746
56.037
28.275
22.722
29.906
50.65
38.274
43.191
36.375
19.539
62.377
48.472
49.495
22.16
47.228
31.135
75.799
33.64
35.738
20.474
50.146
44.556
45.382
14.43
48.016
40.507
31.724
47.154
27.055
38.445
17.242
30.571
67.294
27.126
23.381
24.24
44.274
21.944
26.446
26.747
27.262
30.013
51.53
22.932
44.976
25.994
26.166
33.48
17.39
37.375
36.913
65.418
38.196
59.697
25.832
30.743
38.159
38.704
26.921
26.472
33.126
23.133
29.699
34.819
33.032
52.043
20.406
30.712
39.433
23.258
39.401
37.291
25.424
29.908
22.479
39.633
49.928
26.494
38.18
28.863
49.637
43.564
35.142
40.237
41.502
19.864
52.571
19.549
25.371
33.224
42.289
33.046
31.26
38.218
48.421
40.328
48.57
27.852
37.736
44.238
23.396
34.865
26.813
38.347
24.405
56.354
35.412
48.488
41.598
57.19
41.761
34.315
37.291
23.911
40.433
40.172
29.258
21.652
41.352
42.039
33.72
31.793
51.583
25.446
57.983
33.78
45.459
28.107
50.179
23.311
52.969
73.307
48.891
43.751
37.96
38.956
36.165
27.92
