2.75	0.74	1.5	1
7.5167	0.92	1.1	1
14.6667	0.71	1.3	1
22.650000000000002	0.95	1.0	1
32.650000000000006	0.88	1.1	1
44.48330000000001	0.95	1.0	1
58.516600000000004	0.85	1.2	1
74.3832	1.0	1.0	1
92.44980000000001	0.89	1.2	1
112.53310000000002	0.93	1.1	1
134.6331	0.88	1.1	1
158.56640000000002	0.96	1.0	1
184.33300000000003	0.92	1.0	1
212.84960000000004	0.73	1.5	1
243.19950000000003	0.99	1.0	1
275.9327	0.82	1.3	1
309.49920000000003	0.92	1.0	1
344.7157	0.97	0.9	1
381.76550000000003	0.95	1.0	1
420.64860000000004	0.96	1.0	1
461.18170000000003	0.96	0.9	1
503.36480000000006	1.0	0.9	1
547.5646	0.87	1.1	1
593.5977	0.93	1.0	1
642.9308	0.85	1.8	1
694.2805999999999	0.86	1.1	1
748.1971	0.77	1.4	1
803.9469	0.88	1.0	1
861.53	0.97	1.0	1
920.9463999999999	0.9	1.0	1
982.1960999999999	1.0	1.0	1
1044.9125	1.0	0.8	1
1109.4622	0.98	1.0	1
1175.6619	0.97	0.9	1
1243.5116	0.92	0.9	1
1313.1946	0.96	1.0	1
1385.0776	0.8	1.2	1
1458.7939000000001	0.99	1.0	1
1534.1602	1.0	0.9	1
1611.1765	0.95	0.9	1
1690.2095	0.92	1.1	1
1771.0757999999998	0.84	1.0	1
1853.5920999999998	0.98	0.9	1
1937.9416999999999	0.86	1.0	1
2024.3079999999998	0.88	1.1	1
2112.5076	0.94	1.0	1
2202.1739	1.0	0.8	1
2293.8568999999998	0.78	1.1	1
2387.3732	0.99	1.0	1
2482.7228	0.86	1.0	1
2579.7224	0.94	0.9	1
2678.1887	0.98	0.8	1
2778.3050000000003	0.94	0.9	1
2880.2546	0.93	1.0	1
2984.2209000000003	0.87	1.1	1
3090.0205	0.89	1.0	1
3197.4701	0.96	0.9	1
3306.3864	0.9	0.8	1
3417.136	0.9	1.0	1
3529.5356	0.98	0.9	1
3643.7685	0.97	1.0	1
3759.8347000000003	0.87	1.0	1
3877.3676000000005	0.89	0.8	1
3996.3672000000006	0.99	0.8	1
4117.200100000001	0.97	1.0	1
4240.0497000000005	0.9	1.1	1
