2.9808	0.77	2.1	1
5.111599999999999	0.74	1.5	1
9.373199999999999	0.67	1.5	1
15.057299999999998	0.93	1.0	1
22.163899999999998	0.95	1.0	1
30.8346	0.92	1.1	1
40.9278	0.93	1.0	1
52.4435	0.95	1.0	1
65.8067	0.87	1.3	1
80.87570000000001	0.9	1.2	1
97.65050000000001	0.85	1.2	1
116.1311	0.82	1.2	1
136.7425	0.78	1.5	1
157.6347	0.98	0.9	1
179.9494	0.9	1.0	1
203.54489999999998	0.98	0.9	1
228.7045	0.88	1.1	1
255.2866	0.89	1.0	1
283.1495	0.96	0.9	1
312.1515	0.93	0.8	1
343.001	0.82	1.3	1
375.27299999999997	0.96	1.0	1
409.3925	0.74	1.3	1
444.93449999999996	1.0	1.0	1
482.74899999999997	0.61	1.6	1
521.7026	0.96	0.8	1
562.2203	0.87	1.1	1
604.4438	0.71	1.2	1
648.3731	0.79	1.2	1
693.7249	0.92	1.0	1
740.3575000000001	0.99	0.9	1
788.1292000000001	0.94	0.8	1
837.4650000000001	0.84	1.1	1
888.5066000000002	0.84	1.2	1
940.8290000000002	0.87	0.9	1
994.5739000000002	0.86	1.0	1
1049.7413000000001	0.89	1.0	1
1106.7562	0.75	1.3	1
1165.1936	0.9	1.0	1
1224.6285	0.98	0.7	1
1285.4859000000001	0.96	1.0	1
1347.9074	0.92	1.1	1
1411.6097	1.0	0.9	1
1476.7345	0.95	1.0	1
1543.2818	0.96	1.0	1
1610.9682	0.99	0.8	1
1680.0771	0.92	1.0	1
1750.6085	0.99	1.0	1
1822.5624	0.9	1.0	1
1896.3638	0.74	1.3	1
1971.5877	0.9	1.0	1
2048.0924	0.95	0.9	1
2126.3029	0.78	1.2	1
2206.0775000000003	0.84	1.1	1
2287.1329000000005	0.96	0.9	1
2369.6108000000004	0.89	1.0	1
2453.5112000000004	0.83	1.0	1
2538.8341000000005	0.92	1.0	1
2625.5795000000003	0.98	1.0	1
2713.889	0.86	1.1	1
2803.3376000000003	0.99	0.8	1
2894.3503	0.82	1.1	1
2987.0688	0.76	1.2	1
3081.2098	0.9	1.0	1
3176.6316	0.93	0.9	1
3273.4759000000004	0.9	1.0	1
3371.6010000000006	0.98	0.9	1
3471.0069000000008	1.0	0.9	1
3572.9686000000006	0.82	1.8	1
