2.2725	0.92	1.7	1
6.4175	0.91	1.4	1
9.1683	0.77	1.2	1
13.1249	1.0	0.9	1
18.554000000000002	0.91	1.1	1
25.188900000000004	0.99	0.9	1
33.2963	0.73	1.1	1
42.7428	0.91	1.0	1
54.195100000000004	0.74	1.5	1
66.1199	0.88	1.1	1
79.2505	0.94	0.9	1
93.5869	0.93	0.9	1
109.2624	0.81	1.0	1
126.67699999999999	0.79	1.3	1
146.4974	0.82	1.8	1
168.1903	0.68	1.4	1
191.489	0.89	1.2	1
216.39350000000002	0.72	1.2	1
242.77050000000003	0.81	1.1	1
270.88660000000004	0.75	1.3	1
300.47520000000003	0.88	1.1	1
331.53630000000004	0.76	1.1	1
363.9365	0.89	1.0	1
397.4092	0.98	0.8	1
432.0877	0.95	0.9	1
468.1053	0.9	1.0	1
505.3287	0.98	0.9	1
544.1579	0.8	1.2	1
584.3262000000001	0.9	1.0	1
625.7003000000001	1.0	0.9	1
668.5469	0.84	1.1	1
713.1326	0.77	1.3	1
758.9241000000001	0.99	0.9	1
805.9214000000001	0.94	0.9	1
854.2578000000001	0.92	1.0	1
903.6667000000001	0.96	0.8	1
954.4147000000002	0.87	1.0	1
1006.5018000000001	0.92	1.0	1
1060.0614	0.75	1.1	1
1114.9601	0.92	1.0	1
1170.9313	1.0	0.8	1
1228.375	0.88	1.1	1
1287.1578	0.94	1.0	1
1347.1463999999999	1.0	0.9	1
1408.7407999999998	0.8	1.2	1
1471.4076999999997	0.97	0.8	1
1535.5470999999998	0.88	1.1	1
1600.8922999999998	1.0	0.9	1
1667.4432999999997	0.99	0.9	1
1735.3333999999998	0.93	1.0	1
1804.8292999999999	0.77	1.2	1
1876.1977	0.71	1.4	1
1948.9052	0.95	1.0	1
2023.6184999999998	0.62	1.5	1
2099.6708999999996	0.95	1.0	1
2176.9291	1.0	0.9	1
2255.5263999999997	0.94	1.0	1
2335.4628	0.96	1.0	1
2416.6049999999996	0.94	0.9	1
2499.2196999999996	0.87	1.1	1
