21.606722957142857	0.4	8.1	1
64.8201688714286	0.4	8.1	1
86.9602251619048	0.4	8.3	1
109.100281452381	0.4	8.3	1
129.10700440952385	0.4	7.5	1
150.18039403333339	0.4	7.9	1
179.25378365714292	0.6	10.9	1
207.79383994761912	0.6	10.7	1
229.40056290476198	0.4	8.1	1
250.47395252857152	0.4	7.9	1
270.48067548571436	0.4	7.5	1
291.5540651095239	0.4	7.9	1
312.09412140000006	0.4	7.7	1
332.63417769047624	0.4	7.7	1
353.70756731428577	0.4	7.9	1
383.3142902714286	0.6	11.1	1
404.38767989523814	0.4	7.9	1
433.994402852381	0.6	11.1	1
462.00112580952384	0.6	10.5	1
491.0745154333334	0.6	10.9	1
520.1479050571429	0.6	10.9	1
549.7546280142858	0.6	11.1	1
607.3680739285713	0.6	10.5	1
636.9747968857142	0.6	11.1	1
664.4481865095238	0.6	10.3	1
719.3949657571428	0.6	10.3	1
741.0016887142857	0.4	8.1	1
761.0084116714286	0.4	7.5	1
790.081801295238	0.6	10.9	1
840.2285805428564	0.4	7.9	1
861.8353034999993	0.4	8.1	1
905.0487494142858	0.4	8.1	1
977.3355849523825	0.6	10.9	1
1077.6291434476213	0.6	10.5	1
1207.5294249000035	0.6	11.1	1
1259.0364293095292	0.4	8.1	1
1340.1501566761985	0.6	11.1	1
1367.623546300008	0.6	10.3	1
1389.230269257151	0.4	8.1	1
1432.9770485047707	0.4	8.3	1
1506.3305507095336	0.6	11.1	1
1607.1574425381066	0.6	10.3	1
1737.05772399049	0.6	10.9	1
1766.1311136142997	0.6	10.9	1
1794.671169904776	0.6	10.7	1
1851.7512824857283	0.6	10.7	1
1929.90478469049	0.4	7.9	1
2035.5316765190605	0.6	10.3	1
2168.6319579714414	0.6	10.3	1
2190.7720142619173	0.4	8.3	1
2212.37873721906	0.4	8.1	1
2240.918793509536	0.6	10.7	1
2261.458849800012	0.4	7.7	1
2309.4722957142976	0.6	10.3	1
2385.492464585727	0.6	10.5	1
2482.586023080966	0.4	7.9	1
2609.286304533347	0.6	11.1	1
2657.0599756095385	0.4	7.9	1
2686.666698566681	0.6	11.1	1
2736.8134778143008	0.4	7.7	1
2807.5003133523965	0.4	7.7	1
2899.2605385143015	0.4	7.9	1
3012.0941533000155	0.4	7.9	1
3046.5344910428717	0.4	8.1	1
