23.62502200357143	0.6	10.5	1
41.40004400714286	0.4	7.9	1
77.85008801428575	0.4	8.3	1
102.37511001785717	0.6	10.9	1
120.60013202142859	0.4	8.1	1
145.12515402500003	0.6	10.9	1
163.35017602857147	0.4	8.1	1
180.6751980321429	0.4	7.7	1
204.75022003571434	0.6	10.7	1
221.62524203928575	0.4	7.5	1
238.95026404285719	0.4	7.7	1
263.0252860464286	0.6	10.7	1
305.32533005357163	0.4	8.1	1
323.5503520571431	0.4	8.1	1
360.0003960642857	0.4	8.1	1
378.67541806785715	0.4	8.3	1
402.75044007142856	0.6	10.7	1
419.625462075	0.4	7.5	1
437.8504840785714	0.4	8.1	1
462.82550608214285	0.6	11.1	1
487.3505280857143	0.6	10.9	1
510.9755500892857	0.6	10.5	1
527.8505720928572	0.4	7.5	1
546.0755940964286	0.4	8.1	1
569.7006161	0.6	10.5	1
593.3256381035715	0.6	10.5	1
617.4006601071429	0.6	10.7	1
666.0007041142859	0.6	10.9	1
690.5257261178573	0.6	10.9	1
740.025770125001	0.6	11.1	1
765.0007921285725	0.6	11.1	1
783.6758141321438	0.4	8.3	1
827.3258581392872	0.6	11.1	1
852.3008801428587	0.6	11.1	1
869.1759021464301	0.4	7.5	1
887.4009241500015	0.4	8.1	1
904.2759461535729	0.4	7.5	1
922.0509681571443	0.4	7.9	1
939.8259901607157	0.4	7.9	1
963.0010121642872	0.6	10.3	1
981.6760341678587	0.4	8.3	1
999.0010561714302	0.4	7.7	1
1017.6760781750015	0.4	8.3	1
1042.201100178573	0.6	10.9	1
1066.7261221821443	0.6	10.9	1
1083.6011441857158	0.4	7.5	1
1108.1261661892872	0.6	10.9	1
1132.6511881928586	0.6	10.9	1
1182.1512322000005	0.6	11.1	1
1206.226254203572	0.6	10.7	1
1230.3012762071432	0.6	10.7	1
1254.8262982107146	0.6	10.9	1
1278.0013202142861	0.6	10.3	1
1296.6763422178576	0.4	8.3	1
1332.676386225001	0.4	7.7	1
1350.0014082285722	0.4	7.7	1
1391.8514522357134	0.6	10.9	1
1408.726474239285	0.4	7.5	1
1431.9014962428564	0.6	10.3	1
1455.526518246428	0.6	10.5	1
1473.3015402499993	0.4	7.9	1
1491.0765622535707	0.4	7.9	1
1514.2515842571422	0.6	10.3	1
1554.7516282642855	0.4	7.7	1
1619.7766942749986	0.6	10.9	1
1643.85171627857	0.6	10.7	1
1668.3767382821413	0.6	10.9	1
1717.8767822892833	0.6	11.1	1
1741.0518042928547	0.6	10.3	1
1765.5768262964261	0.6	10.9	1
1782.9018482999975	0.4	7.7	1
1807.876870303569	0.6	11.1	1
1851.0769143107116	0.4	8.1	1
1875.151936314283	0.6	10.7	1
1898.3269583178544	0.6	10.3	1
1923.3019803214258	0.6	11.1	1
1971.4520243285685	0.6	10.3	1
2044.127090339283	0.6	10.9	1
2068.6521123428547	0.6	10.9	1
2086.877134346426	0.4	8.1	1
2103.752156349997	0.4	7.5	1
2121.077178353569	0.4	7.7	1
2137.95220035714	0.4	7.5	1
2155.2772223607117	0.4	7.7	1
2189.927266367853	0.4	7.7	1
2208.6022883714245	0.4	8.3	1
