18.03752200357143	0.6	11.1	1
36.07504400714286	0.6	11.1	1
53.13756601071429	0.6	10.5	1
69.87508801428572	0.6	10.3	1
82.06261001785715	0.4	7.5	1
107.412654025	0.4	8.1	1
124.47517602857143	0.6	10.5	1
158.92522003571437	0.6	10.7	1
175.98774203928582	0.6	10.5	1
189.47526404285725	0.4	8.3	1
202.96278604642868	0.4	8.3	1
215.8003080500001	0.4	7.9	1
229.28783005357153	0.4	8.3	1
242.12535205714295	0.4	7.9	1
267.15039606428576	0.4	7.5	1
279.66291806785716	0.4	7.7	1
296.7254400714286	0.6	10.5	1
314.112962075	0.6	10.7	1
327.6004840785714	0.4	8.3	1
358.47552808571385	0.6	10.7	1
375.2130500892853	0.6	10.3	1
388.3755720928567	0.4	8.1	1
401.21309409642816	0.4	7.9	1
414.7006160999996	0.4	8.3	1
426.888138103571	0.4	7.5	1
440.05066010714245	0.4	8.1	1
453.2131821107139	0.4	8.1	1
470.92570411428534	0.6	10.9	1
487.66322611785677	0.6	10.3	1
500.8257481214282	0.4	8.1	1
513.6632701249996	0.4	7.9	1
527.1507921285711	0.4	8.3	1
539.6633141321425	0.4	7.7	1
556.725836135714	0.6	10.5	1
569.5633581392854	0.4	7.9	1
581.7508801428568	0.4	7.5	1
598.4884021464281	0.6	10.3	1
611.6509241499996	0.4	8.1	1
629.363446153571	0.6	10.9	1
647.0759681571424	0.6	10.9	1
664.1384901607138	0.6	10.5	1
676.6510121642852	0.4	7.7	1
694.3635341678566	0.6	10.9	1
707.5260561714281	0.4	8.1	1
719.7135781749995	0.4	7.5	1
732.8761001785709	0.4	8.1	1
763.1011441857136	0.6	10.5	1
780.813666189285	0.6	10.9	1
798.5261881928564	0.6	10.9	1
811.0387101964278	0.4	7.7	1
823.5512321999993	0.4	7.7	1
849.2262762071423	0.4	8.1	1
862.0637982107137	0.4	7.9	1
880.1013202142851	0.6	11.1	1
898.1388422178566	0.6	11.1	1
916.176364221428	0.6	11.1	1
933.2388862249994	0.6	10.5	1
951.2764082285709	0.6	11.1	1
963.7889302321423	0.4	7.7	1
988.4889742392835	0.4	7.5	1
1001.3264962428549	0.4	7.9	1
1019.3640182464263	0.6	11.1	1
1032.2015402499978	0.4	7.9	1
1045.3640622535693	0.4	8.1	1
1075.9141062607118	0.6	10.7	1
1093.9516282642833	0.6	11.1	1
1130.026672271426	0.6	11.1	1
1146.7641942749974	0.6	10.3	1
1159.2767162785688	0.4	7.7	1
1176.66423828214	0.6	10.7	1
1189.5017602857115	0.4	7.9	1
1220.3768042928534	0.6	11.1	1
1268.3143703035666	0.6	10.5	1
1286.026892307138	0.6	10.9	1
1304.0644143107095	0.6	11.1	1
1320.801936314281	0.6	10.3	1
1337.5394583178524	0.6	10.3	1
1354.601980321424	0.6	10.5	1
1367.7645023249954	0.4	8.1	1
1379.952024328567	0.4	7.5	1
1392.4645463321383	0.4	7.7	1
1422.6895903392794	0.6	10.9	1
1439.752112342851	0.6	10.5	1
1474.202156349995	0.6	10.7	1
1487.3646783535664	0.4	8.1	1
1500.2022003571378	0.4	7.9	1
1525.8772443642797	0.4	7.9	1
1542.6147663678512	0.6	10.3	1
1555.1272883714225	0.4	7.7	1
1571.864810374994	0.6	10.3	1
1589.2523323785654	0.6	10.7	1
1619.1523763857065	0.4	7.7	1
1631.9898983892779	0.4	7.9	1
1662.2149423964197	0.6	10.7	1
1679.927464399991	0.6	10.9	1
1693.4149864035626	0.4	8.3	1
1724.2900304107059	0.6	10.7	1
1742.3275524142773	0.6	11.1	1
1760.0400744178487	0.6	10.9	1
1772.55259642142	0.4	7.7	1
1789.6151184249916	0.6	10.5	1
1807.327640428563	0.6	10.9	1
1820.1651624321344	0.4	7.9	1
1846.1652064392763	0.4	8.1	1
1862.9027284428478	0.6	10.3	1
1897.6777724499912	0.6	11.1	1
1915.0652944535625	0.6	10.7	1
1944.6403384607038	0.4	7.5	1
1957.8028604642752	0.4	8.1	1
1984.452904471418	0.4	8.3	1
2002.4904264749894	0.6	11.1	1
2015.3279484785608	0.4	7.9	1
2041.3279924857027	0.4	8.1	1
2054.815514489274	0.4	8.3	1
2072.5280364928453	0.6	10.9	1
2090.2405584964167	0.6	10.9	1
2107.6280804999883	0.6	10.7	1
2142.7281245071295	0.6	10.9	1
2160.115646510701	0.6	10.7	1
2178.1531685142722	0.6	11.1	1
2190.3406905178435	0.4	7.5	1
2207.403212521415	0.6	10.5	1
2236.978256528559	0.4	7.7	1
2255.0157785321303	0.6	11.1	1
2285.890822539273	0.4	7.9	1
2303.2783445428445	0.6	10.7	1
2315.790866546416	0.4	7.7	1
2341.140910553557	0.4	7.9	1
2358.528432557129	0.6	10.7	1
2371.0409545607004	0.4	7.7	1
2384.2034765642716	0.4	8.1	1
2401.915998567843	0.6	10.9	1
2432.7910425749847	0.4	8.1	1
2449.528564578556	0.6	10.3	1
2483.6536085856997	0.6	10.7	1
2497.141130589271	0.4	8.3	1
2527.3661745964146	0.6	10.3	1
2540.528696599986	0.4	8.1	1
2558.241218603557	0.6	10.9	1
2589.441262610699	0.4	8.3	1
2637.378828621413	0.6	10.3	1
2655.0913506249844	0.6	10.9	1
2668.2538726285557	0.4	8.1	1
2684.991394632127	0.6	10.3	1
2718.7914386392704	0.6	10.5	1
2765.1040046499866	0.4	7.7	1
2782.166526653558	0.6	10.5	1
2795.329048657129	0.4	8.1	1
2825.5540926642716	0.6	10.5	1
2842.941614667843	0.6	10.7	1
2855.1291366714145	0.4	7.5	1
2872.191658674986	0.6	10.5	1
2888.9291806785573	0.6	10.3	1
2906.6417026821287	0.6	10.9	1
2937.8417466892706	0.4	8.3	1
2951.004268692842	0.4	8.1	1
2963.841790696413	0.4	7.9	1
2976.6793126999846	0.4	7.9	1
2989.191834703556	0.4	7.7	1
3018.7668787106973	0.6	10.5	1
3036.154400714269	0.6	10.7	1
3070.27944472141	0.6	10.3	1
3083.1169667249815	0.4	7.9	1
3096.604488728553	0.4	8.3	1
3109.4420107321243	0.4	7.9	1
3135.117054739266	0.4	7.9	1
3173.9546207499784	0.4	8.1	1
3226.279708764262	0.4	8.3	1
3243.9922307678335	0.6	10.9	1
3279.0922747749755	0.6	10.7	1
3331.254840785687	0.6	10.5	1
