14.272471438095238	0.6	10.7	1
29.07827620952381	0.6	11.1	1
39.350747647619045	0.4	7.7	1
54.156552419047614	0.6	11.1	1
64.96235719047618	0.4	8.1	1
75.76816196190475	0.4	8.1	1
90.30730006666666	0.6	10.9	1
104.31310483809523	0.6	10.5	1
114.58557627619047	0.4	7.7	1
129.39138104761903	0.6	11.1	1
139.66385248571427	0.4	7.7	1
164.74212869523802	0.6	11.1	1
174.7479334666666	0.4	7.5	1
185.82040490476186	0.4	8.3	1
196.62620967619043	0.4	8.1	1
207.16534778095235	0.4	7.9	1
221.70448588571426	0.6	10.9	1
250.51609542857156	0.6	10.7	1
264.5219002000001	0.6	10.5	1
279.061038304762	0.6	10.9	1
304.40598118095266	0.4	8.1	1
318.41178595238125	0.6	10.5	1
328.41759072380984	0.4	7.5	1
338.9567288285717	0.4	7.9	1
350.029200266667	0.4	8.3	1
364.3016717047622	0.6	10.7	1
379.1074764761908	0.6	11.1	1
389.37994791428605	0.4	7.7	1
400.4524193523813	0.4	8.3	1
414.72489079047654	0.6	10.7	1
425.53069556190513	0.4	8.1	1
436.069833666667	0.4	7.9	1
450.8756384380956	0.6	11.1	1
479.4205813142869	0.6	10.3	1
493.4263860857155	0.6	10.5	1
503.96552419047737	0.4	7.9	1
528.2438004000004	0.6	10.3	1
542.2496051714289	0.6	10.5	1
557.0554099428575	0.6	11.1	1
570.7945480476194	0.6	10.3	1
581.0670194857146	0.4	7.7	1
594.8061575904765	0.6	10.3	1
605.3452956952384	0.4	7.9	1
630.1569052380949	0.6	10.7	1
644.9627100095234	0.6	11.1	1
658.968514780952	0.6	10.5	1
669.7743195523806	0.4	8.1	1
680.5801243238092	0.4	8.1	1
690.5859290952377	0.4	7.5	1
710.8642053047631	0.4	7.7	1
721.9366767428584	0.4	8.3	1
743.5482862857161	0.4	7.9	1
757.287424390478	0.6	10.3	1
771.2932291619065	0.6	10.5	1
781.5657006000017	0.4	7.7	1
801.8439768095268	0.4	7.5	1
816.116448247622	0.6	10.7	1
830.3889196857172	0.6	10.7	1
844.128057790479	0.6	10.3	1
854.9338625619076	0.4	8.1	1
869.2063340000029	0.6	10.7	1
894.2846102095281	0.4	8.1	1
908.02374831429	0.6	10.3	1
922.5628864190519	0.6	10.9	1
936.3020245238138	0.6	10.3	1
947.1078292952424	0.4	8.1	1
957.6469674000043	0.4	7.9	1
967.6527721714328	0.4	7.5	1
982.1919102761948	0.6	10.9	1
992.7310483809567	0.4	7.9	1
1017.0093245904816	0.6	10.3	1
1031.81512936191	0.6	11.1	1
1045.554267466672	0.6	10.3	1
1055.8267389047671	0.4	7.7	1
1065.8325436761957	0.4	7.5	1
1090.6441532190543	0.6	11.1	1
1101.4499579904827	0.4	8.1	1
1111.4557627619113	0.4	7.5	1
1126.2615675333398	0.6	11.1	1
1155.0731770761977	0.6	10.5	1
1169.3456485142929	0.6	10.7	1
1183.8847866190547	0.6	10.9	1
1197.8905913904832	0.6	10.5	1
1212.6963961619117	0.6	11.1	1
1223.5022009333402	0.4	8.1	1
1237.7746723714354	0.6	10.7	1
1262.319615247627	0.4	7.7	1
1273.1254200190556	0.4	8.1	1
1284.1978914571507	0.4	8.3	1
1294.470362895246	0.4	7.7	1
1309.2761676666744	0.6	11.1	1
1323.8153057714362	0.6	10.9	1
1338.6211105428647	0.6	11.1	1
1352.6269153142932	0.6	10.5	1
1363.4327200857217	0.4	8.1	1
1377.9718581904835	0.6	10.9	1
1407.0501344000083	0.6	10.9	1
1417.8559391714368	0.4	8.1	1
1442.6675487142948	0.6	10.5	1
1478.2849630285828	0.4	8.1	1
1488.557434466678	0.4	7.7	1
1498.829905904773	0.4	7.7	1
1513.1023773428683	0.6	10.7	1
1527.6415154476301	0.6	10.9	1
1541.380653552392	0.6	10.3	1
1552.4531249904871	0.4	8.3	1
1574.0647345333448	0.4	7.9	1
1584.33720597144	0.4	7.7	1
1594.8763440762018	0.4	7.9	1
1605.148815514297	0.4	7.7	1
1615.6879536190588	0.4	7.9	1
1626.2270917238206	0.4	7.9	1
1647.3053679333455	0.4	7.9	1
1661.0445060381073	0.6	10.3	1
1671.8503108095358	0.4	8.1	1
1686.6561155809643	0.6	11.1	1
1696.6619203523928	0.4	7.5	1
1717.740196561918	0.4	8.3	1
1728.27933466668	0.4	7.9	1
1742.551806104775	0.6	10.7	1
1757.090944209537	0.6	10.9	1
1767.0967489809655	0.4	7.5	1
1788.1750251904907	0.4	8.3	1
1823.5257728381118	0.6	10.7	1
1837.5315776095404	0.6	10.5	1
1848.6040490476355	0.4	8.3	1
1862.609853819064	0.6	10.5	1
1876.348991923826	0.6	10.3	1
1890.621463361921	0.6	10.7	1
1915.4330729047795	0.4	7.9	1
1929.438877676208	0.6	10.5	1
1939.7113491143032	0.4	7.7	1
1954.250487219065	0.6	10.9	1
1964.5229586571602	0.4	7.7	1
1989.067901533352	0.6	10.7	1
2002.8070396381138	0.6	10.3	1
2030.8186491809727	0.6	10.7	1
2044.5577872857345	0.6	10.3	1
2054.83025872383	0.4	7.7	1
2065.102730161925	0.4	7.7	1
2075.3752016000203	0.4	7.7	1
2090.181006371449	0.6	11.1	1
2100.1868111428776	0.4	7.5	1
2114.7259492476396	0.6	10.9	1
2128.4650873524015	0.6	10.3	1
2152.4766968952604	0.4	7.7	1
2163.5491683333557	0.4	8.3	1
2174.088306438118	0.4	7.9	1
2198.899915980976	0.6	10.7	1
2237.9839969619306	0.6	10.7	1
2252.256468400026	0.6	10.7	1
2265.9956065047877	0.6	10.3	1
2276.801411276216	0.4	8.1	1
2298.679687485741	0.4	8.3	1
2309.218825590503	0.4	7.9	1
2320.2912970285984	0.4	8.3	1
2341.9029065714562	0.4	7.9	1
2352.1753780095514	0.4	7.7	1
2362.4478494476466	0.4	7.7	1
2373.253654219075	0.4	8.1	1
2386.992792323837	0.6	10.3	1
2397.265263761932	0.4	7.7	1
2407.5377352000273	0.4	7.7	1
2428.349344742886	0.4	7.9	1
2439.1551495143144	0.4	8.1	1
2453.960954285743	0.6	11.1	1
2468.500092390505	0.6	10.9	1
2493.5783686000264	0.4	7.9	1
2503.584173371455	0.4	7.5	1
2528.39578291431	0.6	11.1	1
2566.946530561928	0.6	10.3	1
2581.48566866669	0.6	10.9	1
2595.758140104785	0.6	10.7	1
2605.763944876214	0.4	7.5	1
2629.508887752402	0.6	10.3	1
2640.5813591904976	0.4	8.3	1
2662.726302066685	0.4	8.3	1
2694.877049714298	0.4	7.5	1
2704.882854485727	0.4	7.5	1
2718.621992590489	0.6	10.3	1
2732.6277973619176	0.6	10.5	1
2742.6336021333464	0.4	7.5	1
2762.6452116762016	0.4	7.5	1
2776.917683114297	0.6	10.7	1
2802.2626259904887	0.4	8.3	1
2817.068430761917	0.6	11.1	1
2846.1467069714417	0.6	10.7	1
2860.1525117428705	0.6	10.5	1
2870.1583165142993	0.4	7.5	1
2890.436592723821	0.4	7.7	1
2921.7873403714393	0.4	8.3	1
2967.6772261238166	0.6	10.9	1
2981.4163642285785	0.6	10.3	1
3009.161307104771	0.6	10.5	1
3023.1671118761997	0.6	10.5	1
3047.712054752388	0.4	7.9	1
3082.262802400003	0.4	7.5	1
3093.0686071714313	0.4	8.1	1
3114.4135500476227	0.4	7.9	1
3125.486021485718	0.4	8.3	1
3147.3642976952387	0.4	8.1	1
3182.981712009522	0.6	10.3	1
3193.5208501142843	0.4	7.9	1
3204.0599882190463	0.4	7.9	1
3225.1382644285677	0.4	7.9	1
3235.944069199996	0.4	8.1	1
3257.822345409521	0.4	8.3	1
3272.6281501809494	0.6	11.1	1
3283.700621619045	0.4	8.3	1
3294.239759723807	0.4	7.9	1
3319.5847025999947	0.6	11.1	1
3333.85717403809	0.6	10.7	1
3344.929645476185	0.4	8.3	1
3366.2745883523726	0.4	7.7	1
3377.080393123801	0.4	8.1	1
3401.6253359999923	0.6	10.3	1
3416.431140771421	0.6	11.1	1
3442.0427503142787	0.4	8.1	1
3452.848555085707	0.4	8.1	1
3466.587693190469	0.6	10.3	1
3481.3934979618975	0.6	11.1	1
3506.2051075047557	0.4	7.5	1
3521.010912276184	0.6	11.1	1
3549.5558551523754	0.6	10.3	1
3564.0949932571375	0.6	10.9	1
3592.3732694666587	0.6	10.3	1
3606.3790742380875	0.6	10.5	1
3634.124017114276	0.6	10.3	1
3676.6747647618945	0.6	11.1	1
3687.480569533323	0.4	8.1	1
3712.0255124095142	0.6	10.3	1
3722.8313171809427	0.4	8.1	1
3744.7095933904675	0.4	8.3	1
3776.8603410380842	0.4	7.7	1
3791.3994791428463	0.6	10.9	1
3802.4719505809417	0.4	8.3	1
3824.616893457129	0.4	8.3	1
3861.0343077714087	0.6	10.7	1
3911.724193523785	0.6	10.7	1
3926.5299982952133	0.6	11.1	1
3941.0691363999754	0.6	10.9	1
3966.1474126094968	0.4	7.9	1
3980.686550714259	0.6	10.9	1
3994.6923554856876	0.6	10.5	1
4019.7706316952094	0.4	8.3	1
4030.843103133305	0.4	8.3	1
4040.8489079047336	0.4	7.5	1
4055.654712676162	0.6	11.1	1
4084.1996555523533	0.6	10.3	1
4123.817069866642	0.4	8.3	1
4173.440288952355	0.4	7.5	1
4187.979427057117	0.6	10.9	1
4217.324369933305	0.6	11.1	1
4256.675117580922	0.4	7.5	1
4306.031669999966	0.4	7.5	1
4366.194027190436	0.4	8.1	1
4380.733165295198	0.6	10.9	1
4405.278108171386	0.4	7.5	1
4416.083912942814	0.4	8.1	1
4440.628855819005	0.6	10.3	1
4475.446270133294	0.4	7.7	1
4524.002822552346	0.6	10.3	1
4538.808627323774	0.6	11.1	1
4567.620236866632	0.6	10.5	1
4581.892708304727	0.6	10.7	1
4610.970984514252	0.6	11.1	1
4654.58839882854	0.6	10.9	1
4713.011617914254	0.6	11.1	1
4723.817422685683	0.4	8.1	1
4744.62903222854	0.4	7.5	1
4758.368170333302	0.6	10.3	1
4786.113113209494	0.6	10.5	1
4799.852251314256	0.6	10.3	1
4824.130527523782	0.4	7.9	1
4859.214608504733	0.4	8.1	1
4905.371160923781	0.4	8.3	1
4915.910299028543	0.4	7.9	1
4930.716103799971	0.6	11.1	1
4960.327713342829	0.6	11.1	1
4999.945127657116	0.4	7.5	1
5010.484265761878	0.4	7.9	1
5035.029208638066	0.6	10.5	1
5070.37995628568	0.4	8.1	1
5080.919094390442	0.4	7.9	1
5102.26403726663	0.4	8.1	1
5113.069842038059	0.4	8.1	1
5134.6814515809165	0.4	8.1	1
5167.36553256187	0.4	8.3	1
5214.055418314249	0.6	10.5	1
5228.5945564190115	0.6	10.9	1
5253.672832628533	0.4	7.9	1
5288.75691360948	0.4	7.5	1
5334.380132695187	0.4	7.9	1
5394.275823218987	0.6	10.7	1
5405.081627990416	0.4	8.1	1
5430.6932375332735	0.6	11.1	1
5470.310651847561	0.6	10.5	1
5523.667204266608	0.6	10.3	1
5587.296228123752	0.4	7.7	1
5597.568699561848	0.4	7.7	1
5622.646975771373	0.6	11.1	1
5661.731056752327	0.6	10.5	1
5714.820942504708	0.6	10.5	1
5782.449966361849	0.6	10.9	1
5793.522437799944	0.4	8.3	1
5815.134047342798	0.4	7.9	1
5847.018128323745	0.4	7.7	1
5889.708014076122	0.4	8.1	1
5943.470371266594	0.4	8.3	1
