29.053810900000002	0.4	8.3	1
65.1076218	0.6	10.3	1
92.06143270000001	0.4	7.7	1
145.2690545	0.4	7.5	1
172.9228654	0.4	7.9	1
201.9766763	0.4	8.3	1
239.43048720000002	0.6	10.7	1
266.3842981	0.4	7.7	1
294.038109	0.4	7.9	1
330.79191990000004	0.6	10.5	1
404.99954170000024	0.6	10.7	1
432.65335260000023	0.4	7.9	1
470.80716350000023	0.6	10.9	1
508.9609744000002	0.6	10.9	1
538.0147853000002	0.4	8.3	1
566.3685962000002	0.4	8.1	1
603.1224071000001	0.6	10.5	1
639.8762180000001	0.6	10.5	1
675.9300289000001	0.6	10.3	1
702.8838398000001	0.4	7.7	1
731.2376507000001	0.4	8.1	1
757.4914616000001	0.4	7.5	1
795.6452725000001	0.6	10.9	1
862.8528942999995	0.4	8.3	1
899.6067051999995	0.6	10.5	1
938.4605160999995	0.6	11.1	1
967.5143269999995	0.4	8.3	1
993.7681378999995	0.4	7.5	1
1031.9219487999994	0.6	10.9	1
1106.8295705999988	0.6	10.5	1
1145.6833814999989	0.6	11.1	1
1182.4371923999988	0.6	10.5	1
1208.6910032999988	0.4	7.5	1
1273.7986250999986	0.6	11.1	1
1301.4524359999987	0.4	7.9	1
1337.5062468999986	0.6	10.3	1
1363.7600577999985	0.4	7.5	1
1391.4138686999986	0.4	7.9	1
1417.6676795999986	0.4	7.5	1
1455.8214904999986	0.6	10.9	1
1484.1753013999987	0.4	8.1	1
1521.6291122999987	0.6	10.7	1
1557.6829231999986	0.6	10.3	1
