38.8538109	0.6	11.1	1
74.9076218	0.6	10.3	1
103.2614327	0.4	8.1	1
140.0152436	0.6	10.5	1
177.4690545	0.6	10.7	1
206.5228654	0.4	8.3	1
234.87667629999999	0.4	8.1	1
291.58429810000007	0.4	8.1	1
329.0381090000001	0.6	10.7	1
365.0919199000001	0.6	10.3	1
401.14573080000014	0.6	10.3	1
439.9995417000001	0.6	11.1	1
466.95335260000013	0.4	7.7	1
494.6071635000001	0.4	7.9	1
533.4609744000002	0.6	11.1	1
562.5147853000002	0.4	8.3	1
588.7685962000002	0.4	7.5	1
626.9224071000001	0.6	10.9	1
653.1762180000001	0.4	7.5	1
691.3300289000001	0.6	10.9	1
720.3838398000001	0.4	8.3	1
746.6376507000001	0.4	7.5	1
773.5914616000001	0.4	7.7	1
801.9452725000001	0.4	8.1	1
828.1990834000001	0.4	7.5	1
867.0528943	0.6	11.1	1
894.7067052000001	0.4	7.9	1
932.1605161000001	0.6	10.7	1
995.8681379000005	0.4	7.5	1
1022.8219488000005	0.4	7.7	1
1060.2757597000004	0.6	10.7	1
1097.7295706000004	0.6	10.7	1
1134.4833815000004	0.6	10.5	1
1160.7371924000004	0.4	7.5	1
1199.5910033000005	0.6	11.1	1
1237.0448142000005	0.6	10.7	1
1263.9986251000005	0.4	7.7	1
1302.8524360000006	0.6	11.1	1
1367.9600578000006	0.4	7.5	1
1404.7138687000006	0.6	10.5	1
1442.1676796000006	0.6	10.7	1
1470.5214905000007	0.4	8.1	1
1507.2753014000007	0.6	10.5	1
