24.90672295714286	0.4	8.3	1
49.81344591428572	0.4	8.3	1
99.02689182857142	0.4	8.1	1
121.53361478571428	0.4	7.5	1
144.64033774285713	0.4	7.7	1
168.3470607	0.4	7.9	1
199.85378365714286	0.6	10.5	1
232.5605066142857	0.6	10.9	1
264.66722957142855	0.6	10.7	1
288.3739525285714	0.4	7.9	1
312.6806754857143	0.4	8.1	1
345.98739844285717	0.6	11.1	1
369.69412140000003	0.4	7.9	1
403.0008443571429	0.6	11.1	1
425.5075673142858	0.4	7.5	1
449.81429027142866	0.4	8.1	1
472.32101322857153	0.4	7.5	1
496.6277361857144	0.4	8.1	1
529.3344591428572	0.6	10.9	1
551.8411821000001	0.4	7.5	1
583.947905057143	0.6	10.7	1
615.4546280142858	0.6	10.5	1
639.1613509714286	0.4	7.9	1
670.0680739285715	0.6	10.3	1
725.2815198428572	0.4	8.1	1
750.1882428	0.4	8.3	1
775.0949657571429	0.4	8.3	1
807.8016887142858	0.6	10.9	1
832.1084116714286	0.4	8.1	1
857.0151346285714	0.4	8.3	1
915.2285805428571	0.6	11.1	1
938.3353035	0.4	7.7	1
961.4420264571429	0.4	7.7	1
992.3487494142857	0.6	10.3	1
1055.3621953285715	0.6	10.7	1
1088.6689182857144	0.6	11.1	1
1112.3756412428572	0.4	7.9	1
1136.0823642	0.4	7.9	1
1168.7890871571428	0.6	10.9	1
1201.4958101142856	0.6	10.9	1
1224.6025330714285	0.4	7.7	1
1270.8159789857132	0.4	7.7	1
1293.922701942856	0.4	7.7	1
1317.6294248999989	0.4	7.9	1
1350.3361478571417	0.6	10.9	1
1374.6428708142846	0.4	8.1	1
1406.1495937714274	0.6	10.5	1
1437.0563167285702	0.6	10.3	1
1460.763039685713	0.4	7.9	1
1485.069762642856	0.4	8.1	1
1508.7764855999988	0.4	7.9	1
1533.0832085571417	0.4	8.1	1
1565.7899315142845	0.6	10.9	1
1596.6966544714273	0.6	10.3	1
