0,1,42000,0.03,4200.0
1,1,14000,0.87,1400.0
2,1,13000,0.91,1300.0
3,1,13000,0.93,1300.0
4,1,12000,1.0,1200.0
5,1,14000,0.82,1400.0
6,1,14000,0.84,1400.0
7,1,12000,0.9,1200.0
8,1,16000,0.78,1600.0
9,1,14000,0.85,1400.0
10,2,13000,0.88,1300.0
11,2,14000,0.88,1400.0
12,2,14000,0.85,1400.0
13,2,12000,0.96,1200.0
15,2,15000,0.78,1500.0
16,2,13000,0.93,1300.0
17,2,12000,0.93,1200.0
18,2,16000,0.75,1600.0
19,2,12000,0.95,1200.0
20,3,13000,0.97,1300.0
21,3,12000,0.98,1200.0
22,3,13000,0.95,1300.0
23,3,14000,0.85,1400.0
24,3,13000,0.9,1300.0
25,3,14000,0.86,1400.0
26,3,14000,0.85,1400.0
27,3,8000,0.92,800.0
29,3,18000,0.69,1800.0
30,4,12000,0.95,1200.0
31,4,13000,0.97,1300.0
32,4,14000,0.86,1400.0
33,4,13000,0.92,1300.0
34,4,12000,0.97,1200.0
35,4,15000,0.8,1500.0
36,4,12000,0.91,1200.0
37,4,11000,0.94,1100.0
38,4,11000,1.0,1100.0
39,4,12000,0.96,1200.0
40,5,13000,0.91,1300.0
41,5,13000,0.86,1300.0
42,5,13000,0.93,1300.0
43,5,12000,1.0,1200.0
44,5,14000,0.86,1400.0
45,5,11000,1.0,1100.0
46,5,13000,0.9,1300.0
47,5,15000,0.78,1500.0
48,5,12000,0.97,1200.0
49,5,13000,0.97,1300.0
50,6,11000,0.97,1100.0
51,6,17000,0.71,1700.0
52,6,14000,0.89,1400.0
53,6,14000,0.84,1400.0
54,6,12000,0.89,1200.0
56,6,13000,0.95,1300.0
57,6,13000,0.93,1300.0
58,6,15000,0.8,1500.0
61,7,14000,0.87,1400.0
62,7,12000,0.99,1200.0
63,7,13000,0.89,1300.0
64,7,13000,0.88,1300.0
66,7,13000,0.92,1300.0
67,7,14000,0.85,1400.0
68,7,13000,0.9,1300.0
69,7,15000,0.77,1500.0
70,8,11000,0.99,1100.0
71,8,61000,0.81,6100.0
73,8,12000,0.98,1200.0
74,8,13000,0.87,1300.0
75,8,15000,0.76,1500.0
76,8,14000,0.83,1400.0
77,8,12000,0.95,1200.0
79,8,12000,0.93,1200.0
80,9,17000,0.73,1700.0
81,9,14000,0.84,1400.0
82,9,61000,0.82,6100.0
83,9,14000,0.88,1400.0
84,9,14000,0.8,1400.0
85,9,13000,0.88,1300.0
86,9,13000,0.85,1300.0
87,9,12000,0.93,1200.0
88,9,13000,0.94,1300.0
89,9,12000,0.96,1200.0
90,10,13000,0.95,1300.0
91,10,14000,0.88,1400.0
92,10,13000,0.87,1300.0
93,10,13000,0.87,1300.0
94,10,16000,0.75,1600.0
95,10,15000,0.8,1500.0
96,10,11000,0.96,1100.0
97,10,14000,0.81,1400.0
98,10,13000,0.91,1300.0
99,10,11000,0.99,1100.0
101,11,14000,0.82,1400.0
103,11,14000,0.87,1400.0
104,11,13000,0.88,1300.0
105,11,12000,0.93,1200.0
106,11,15000,0.81,1500.0
107,11,14000,0.86,1400.0
108,11,13000,0.9,1300.0
109,11,14000,0.82,1400.0
110,12,13000,0.89,1300.0
111,12,14000,0.85,1400.0
112,12,82000,0.64,8200.0
114,12,13000,0.91,1300.0
115,12,12000,0.94,1200.0
116,12,12000,0.96,1200.0
117,12,11000,0.95,1100.0
118,12,12000,0.94,1200.0
119,12,12000,0.95,1200.0
120,13,12000,0.89,1200.0
121,13,14000,0.87,1400.0
122,13,13000,0.92,1300.0
123,13,14000,0.82,1400.0
124,13,12000,1.0,1200.0
125,13,12000,0.91,1200.0
126,13,14000,0.81,1400.0
127,13,15000,0.8,1500.0
128,13,14000,0.87,1400.0
129,13,13000,0.94,1300.0
130,14,13000,0.93,1300.0
131,14,12000,0.98,1200.0
132,14,12000,0.99,1200.0
133,14,14000,0.81,1400.0
134,14,13000,0.89,1300.0
135,14,12000,0.91,1200.0
136,14,15000,0.84,1500.0
137,14,12000,0.96,1200.0
138,14,14000,0.84,1400.0
139,14,14000,0.84,1400.0
140,15,12000,0.98,1200.0
141,15,18000,0.7,1800.0
142,15,13000,0.96,1300.0
143,15,13000,0.89,1300.0
144,15,14000,0.83,1400.0
145,15,14000,0.87,1400.0
146,15,16000,0.72,1600.0
147,15,11000,0.95,1100.0
148,15,7000,1.0,700.0
150,16,12000,0.97,1200.0
151,16,15000,0.78,1500.0
152,16,13000,0.95,1300.0
153,16,12000,0.96,1200.0
154,16,12000,0.95,1200.0
155,16,12000,0.93,1200.0
156,16,11000,0.98,1100.0
157,16,11000,0.97,1100.0
158,16,16000,0.74,1600.0
159,16,14000,0.87,1400.0
160,17,14000,0.89,1400.0
161,17,13000,0.88,1300.0
162,17,12000,0.94,1200.0
164,17,14000,0.88,1400.0
166,17,11000,0.99,1100.0
167,17,12000,0.94,1200.0
169,17,14000,0.85,1400.0
170,18,16000,0.75,1600.0
171,18,12000,0.98,1200.0
172,18,14000,0.87,1400.0
174,18,12000,0.94,1200.0
175,18,14000,0.86,1400.0
176,18,14000,0.82,1400.0
177,18,12000,0.97,1200.0
178,18,21000,0.58,2100.0
179,18,13000,0.88,1300.0
180,19,13000,0.9,1300.0
181,19,13000,0.9,1300.0
182,19,13000,0.91,1300.0
183,19,14000,0.85,1400.0
184,19,12000,0.97,1200.0
187,19,15000,0.8,1500.0
188,19,15000,0.75,1500.0
189,19,7000,0.32,700.0
191,20,14000,0.86,1400.0
192,20,12000,0.98,1200.0
193,20,13000,0.93,1300.0
194,20,13000,0.9,1300.0
195,20,13000,0.91,1300.0
196,20,13000,0.89,1300.0
197,20,12000,1.0,1200.0
198,20,13000,0.89,1300.0
199,20,12000,0.99,1200.0
200,21,13000,0.96,1300.0
201,21,11000,0.97,1100.0
203,21,14000,0.81,1400.0
204,21,15000,0.82,1500.0
205,21,13000,0.95,1300.0
206,21,12000,0.98,1200.0
207,21,14000,0.84,1400.0
208,21,11000,0.96,1100.0
209,21,14000,0.85,1400.0
211,22,8000,1.0,800.0
212,22,9000,0.86,900.0
213,22,12000,0.98,1200.0
214,22,13000,0.85,1300.0
215,22,15000,0.79,1500.0
216,22,12000,0.96,1200.0
217,22,13000,0.95,1300.0
218,22,14000,0.88,1400.0
220,23,14000,0.85,1400.0
221,23,16000,0.76,1600.0
222,23,13000,0.87,1300.0
223,23,13000,0.9,1300.0
224,23,13000,0.89,1300.0
225,23,12000,0.96,1200.0
227,23,11000,0.99,1100.0
228,23,17000,0.75,1700.0
229,23,13000,0.92,1300.0
230,24,15000,0.83,1500.0
231,24,72000,0.73,7200.0
233,24,13000,0.95,1300.0
235,24,13000,0.87,1300.0
236,24,15000,0.83,1500.0
237,24,12000,0.93,1200.0
238,24,12000,0.96,1200.0
239,24,15000,0.78,1500.0
240,25,23000,0.85,2300.0
241,25,13000,0.91,1300.0
242,25,14000,0.84,1400.0
243,25,18000,0.69,1800.0
246,25,14000,0.83,1400.0
247,25,13000,0.91,1300.0
248,25,15000,0.81,1500.0
249,25,16000,0.75,1600.0
250,26,14000,0.89,1400.0
251,26,16000,0.71,1600.0
252,26,13000,0.92,1300.0
253,26,14000,0.88,1400.0
254,26,14000,0.87,1400.0
255,26,13000,0.91,1300.0
256,26,13000,0.93,1300.0
258,26,14000,0.91,1400.0
259,26,14000,0.91,1400.0
260,27,12000,0.94,1200.0
261,27,12000,1.0,1200.0
262,27,15000,0.8,1500.0
263,27,12000,0.97,1200.0
265,27,14000,0.83,1400.0
267,27,32000,0.88,3200.0
268,27,11000,1.0,1100.0
269,27,13000,0.88,1300.0
270,28,10000,1.0,1000.0
271,28,14000,0.9,1400.0
272,28,16000,0.75,1600.0
273,28,11000,1.0,1100.0
274,28,12000,0.97,1200.0
279,28,15000,0.83,1500.0
280,29,13000,0.91,1300.0
281,29,13000,0.89,1300.0
282,29,13000,0.9,1300.0
284,29,15000,0.8,1500.0
285,29,12000,0.94,1200.0
286,29,14000,0.81,1400.0
287,29,14000,0.84,1400.0
288,29,15000,0.81,1500.0
289,29,14000,0.9,1400.0
290,30,21000,0.61,2100.0
291,30,5000,0.46,500.0
292,30,12000,0.98,1200.0
293,30,13000,0.88,1300.0
294,30,13000,0.91,1300.0
295,30,12000,0.93,1200.0
296,30,13000,0.94,1300.0
297,30,12000,0.94,1200.0
299,30,16000,0.73,1600.0
300,31,13000,0.94,1300.0
302,31,13000,0.93,1300.0
303,31,13000,0.9,1300.0
304,31,12000,0.93,1200.0
305,31,11000,1.0,1100.0
306,31,12000,0.91,1200.0
307,31,13000,0.9,1300.0
308,31,12000,0.94,1200.0
309,31,13000,0.91,1300.0
310,32,13000,0.89,1300.0
311,32,14000,0.89,1400.0
314,32,13000,0.89,1300.0
315,32,11000,0.99,1100.0
316,32,13000,0.91,1300.0
318,32,14000,0.84,1400.0
319,32,13000,0.88,1300.0
320,33,15000,0.82,1500.0
322,33,14000,0.83,1400.0
323,33,12000,0.99,1200.0
324,33,15000,0.81,1500.0
325,33,14000,0.83,1400.0
326,33,12000,0.95,1200.0
327,33,14000,0.87,1400.0
328,33,11000,0.99,1100.0
329,33,13000,0.91,1300.0
330,34,15000,0.8,1500.0
331,34,13000,0.9,1300.0
332,34,15000,0.81,1500.0
333,34,12000,0.99,1200.0
334,34,14000,0.82,1400.0
335,34,15000,0.79,1500.0
336,34,13000,0.88,1300.0
337,34,14000,0.83,1400.0
338,34,14000,0.86,1400.0
339,34,13000,0.94,1300.0
340,35,13000,0.96,1300.0
341,35,13000,0.89,1300.0
342,35,12000,0.99,1200.0
343,35,13000,0.94,1300.0
344,35,18000,0.68,1800.0
345,35,19000,0.65,1900.0
346,35,12000,0.96,1200.0
347,35,12000,0.95,1200.0
348,35,14000,0.86,1400.0
349,35,12000,0.93,1200.0
350,36,14000,0.85,1400.0
351,36,12000,0.92,1200.0
352,36,12000,0.94,1200.0
353,36,13000,0.92,1300.0
354,36,13000,0.91,1300.0
355,36,15000,0.81,1500.0
356,36,14000,0.85,1400.0
357,36,11000,0.95,1100.0
358,36,14000,0.87,1400.0
359,36,17000,0.71,1700.0
360,37,13000,0.93,1300.0
361,37,11000,0.94,1100.0
363,37,12000,0.96,1200.0
364,37,15000,0.78,1500.0
365,37,12000,0.92,1200.0
366,37,13000,0.89,1300.0
367,37,12000,0.99,1200.0
368,37,13000,0.91,1300.0
369,37,12000,0.96,1200.0
370,38,18000,0.69,1800.0
371,38,12000,0.94,1200.0
372,38,12000,0.94,1200.0
373,38,15000,0.83,1500.0
375,38,16000,0.73,1600.0
376,38,13000,0.9,1300.0
378,38,12000,0.96,1200.0
379,38,12000,0.93,1200.0
380,39,13000,0.9,1300.0
381,39,12000,0.95,1200.0
382,39,14000,0.89,1400.0
383,39,15000,0.78,1500.0
384,39,13000,0.94,1300.0
385,39,11000,1.0,1100.0
386,39,14000,0.89,1400.0
388,39,11000,0.98,1100.0
389,39,12000,0.94,1200.0
390,40,13000,0.92,1300.0
391,40,11000,0.99,1100.0
392,40,13000,0.87,1300.0
393,40,11000,1.0,1100.0
394,40,13000,0.94,1300.0
395,40,14000,0.89,1400.0
396,40,13000,0.92,1300.0
397,40,11000,0.96,1100.0
398,40,13000,0.89,1300.0
399,40,12000,1.0,1200.0
400,41,12000,0.93,1200.0
401,41,14000,0.82,1400.0
404,41,14000,0.88,1400.0
407,41,14000,0.86,1400.0
408,41,14000,0.9,1400.0
409,41,14000,0.84,1400.0
410,42,15000,0.81,1500.0
411,42,12000,0.93,1200.0
412,42,11000,0.99,1100.0
413,42,16000,0.75,1600.0
415,42,13000,0.88,1300.0
416,42,12000,1.0,1200.0
417,42,12000,0.9,1200.0
418,42,13000,0.85,1300.0
419,42,20000,0.95,2000.0
420,43,13000,0.95,1300.0
421,43,13000,0.89,1300.0
422,43,15000,0.78,1500.0
423,43,11000,1.0,1100.0
424,43,14000,0.92,1400.0
425,43,15000,0.81,1500.0
426,43,12000,0.95,1200.0
428,43,15000,0.83,1500.0
429,43,13000,0.95,1300.0
430,44,14000,0.92,1400.0
431,44,17000,0.72,1700.0
432,44,18000,0.67,1800.0
433,44,19000,0.92,1900.0
434,44,12000,0.93,1200.0
435,44,15000,0.84,1500.0
436,44,11000,1.0,1100.0
437,44,13000,0.93,1300.0
438,44,14000,0.86,1400.0
439,44,14000,0.87,1400.0
440,45,16000,0.76,1600.0
442,45,11000,0.96,1100.0
443,45,16000,0.76,1600.0
444,45,11000,1.0,1100.0
445,45,16000,0.79,1600.0
446,45,15000,0.83,1500.0
447,45,12000,0.92,1200.0
448,45,12000,0.95,1200.0
449,45,12000,0.99,1200.0
450,46,13000,0.89,1300.0
452,46,14000,0.82,1400.0
453,46,12000,0.98,1200.0
455,46,14000,0.9,1400.0
457,46,20000,0.97,2000.0
458,46,14000,0.86,1400.0
459,46,13000,0.9,1300.0
460,47,13000,0.94,1300.0
461,47,13000,0.92,1300.0
462,47,12000,0.96,1200.0
463,47,11000,0.99,1100.0
464,47,16000,0.75,1600.0
465,47,13000,0.92,1300.0
466,47,13000,0.85,1300.0
467,47,12000,0.97,1200.0
469,47,13000,0.87,1300.0
470,48,12000,0.98,1200.0
471,48,9000,0.85,900.0
472,48,14000,0.82,1400.0
473,48,24000,0.83,2400.0
475,48,12000,0.93,1200.0
477,48,13000,0.95,1300.0
478,48,13000,0.9,1300.0
479,48,11000,0.98,1100.0
480,49,13000,0.9,1300.0
481,49,15000,0.79,1500.0
482,49,15000,0.84,1500.0
483,49,13000,0.9,1300.0
484,49,13000,0.94,1300.0
485,49,13000,0.9,1300.0
486,49,14000,0.83,1400.0
487,49,15000,0.79,1500.0
488,49,14000,0.83,1400.0
489,49,12000,0.95,1200.0
490,50,24000,0.82,2400.0
491,50,12000,0.93,1200.0
492,50,12000,0.92,1200.0
493,50,13000,0.95,1300.0
494,50,17000,0.75,1700.0
495,50,13000,0.94,1300.0
496,50,14000,0.85,1400.0
497,50,12000,0.99,1200.0
498,50,14000,0.87,1400.0
499,50,66000,0.77,6600.0
500,51,13000,0.86,1300.0
501,51,14000,0.88,1400.0
502,51,1000,0.27,100.0
503,51,4000,0.39,400.0
504,51,2000,0.31,200.0
505,51,4000,0.38,400.0
506,51,1000,0.41,100.0
507,51,7000,0.16,700.0
508,51,4000,0.39,400.0
509,51,7000,0.35,700.0
510,52,1000,0.82,100.0
516,52,30000,0.64,3000.0
530,54,13000,0.67,1300.0
568,57,12000,0.74,1200.0
569,57,13000,0.71,1300.0
584,59,510000,0.01,51000.0
587,59,540000,0.01,54000.0
604,61,11000,0.8,1100.0
619,62,510000,0.01,51000.0
658,66,10000,0.76,1000.0
671,68,3000,0.45,300.0
727,73,11000,0.78,1100.0
736,74,540000,0.03,54000.0
749,75,513000,0.03,51300.0
758,76,10000,0.87,1000.0
766,77,291000,0.02,29100.0
767,77,510000,0.02,51000.0
805,81,12000,0.74,1200.0
814,82,12000,0.77,1200.0
829,83,510000,0.01,51000.0
851,86,599000,0.04,59900.0
858,86,12000,0.75,1200.0
859,86,510000,0.02,51000.0
862,87,13000,0.67,1300.0
918,92,12000,0.79,1200.0
920,93,511000,0.03,51100.0
961,97,504000,0.03,50400.0
990,100,3000,0.67,300.0
1016,102,595000,0.04,59500.0
1027,103,1000,0.75,100.0
1034,104,1000,0.09,100.0
1035,104,1000,0.15,100.0
1036,104,3000,0.74,300.0
1037,104,3000,0.55,300.0
1038,104,3000,0.6,300.0
1039,104,3000,0.74,300.0
1040,105,3000,0.58,300.0
1041,105,3000,0.55,300.0
1042,105,3000,0.64,300.0
1043,105,3000,0.74,300.0
1044,105,3000,0.66,300.0
1045,105,3000,0.53,300.0
1046,105,3000,0.68,300.0
1047,105,2000,0.73,200.0
1048,105,3000,0.67,300.0
1049,105,3000,0.74,300.0
1050,106,4000,0.41,400.0
1051,106,3000,0.63,300.0
1052,106,3000,0.67,300.0
1053,106,2000,0.71,200.0
1054,106,3000,0.68,300.0
1055,106,2000,0.66,200.0
1056,106,2000,0.59,200.0
1057,106,2000,0.74,200.0
1058,106,2000,0.82,200.0
1059,106,3000,0.68,300.0
1060,107,3000,0.64,300.0
1061,107,2000,0.74,200.0
1062,107,3000,0.54,300.0
1063,107,3000,0.62,300.0
1064,107,3000,0.7,300.0
1065,107,3000,0.63,300.0
1066,107,2000,0.65,200.0
1067,107,2000,0.78,200.0
1068,107,3000,0.66,300.0
1069,107,2000,0.8,200.0
1070,108,3000,0.52,300.0
1071,108,2000,0.78,200.0
1072,108,2000,0.64,200.0
1073,108,3000,0.6,300.0
1074,108,3000,0.66,300.0
1075,108,4000,0.44,400.0
1076,108,3000,0.46,300.0
1077,108,3000,0.59,300.0
1078,108,3000,0.62,300.0
1079,108,3000,0.67,300.0
1080,109,3000,0.71,300.0
1081,109,3000,0.62,300.0
1082,109,3000,0.57,300.0
1083,109,3000,0.65,300.0
1084,109,3000,0.72,300.0
1085,109,2000,0.75,200.0
1086,109,3000,0.66,300.0
1087,109,3000,0.65,300.0
1088,109,3000,0.48,300.0
1089,109,3000,0.49,300.0
1090,110,3000,0.72,300.0
1091,110,3000,0.69,300.0
1092,110,3000,0.68,300.0
1093,110,3000,0.66,300.0
1094,110,3000,0.69,300.0
1095,110,3000,0.64,300.0
1096,110,3000,0.42,300.0
1097,110,4000,0.55,400.0
1098,110,3000,0.59,300.0
1099,110,3000,0.61,300.0
1100,111,4000,0.52,400.0
1101,111,2000,0.77,200.0
1102,111,3000,0.7,300.0
1103,111,3000,0.54,300.0
1104,111,3000,0.58,300.0
1105,111,3000,0.68,300.0
1106,111,3000,0.61,300.0
1107,111,3000,0.67,300.0
1108,111,4000,0.55,400.0
1109,111,3000,0.47,300.0
1110,112,3000,0.59,300.0
1111,112,3000,0.65,300.0
1112,112,3000,0.58,300.0
1113,112,3000,0.72,300.0
1114,112,2000,0.7,200.0
1115,112,2000,0.74,200.0
1116,112,3000,0.56,300.0
1117,112,3000,0.62,300.0
1118,112,2000,0.71,200.0
1119,112,3000,0.63,300.0
1120,113,3000,0.6,300.0
1121,113,4000,0.37,400.0
1122,113,4000,0.53,400.0
1123,113,3000,0.5,300.0
1124,113,3000,0.57,300.0
1125,113,3000,0.72,300.0
1126,113,2000,0.77,200.0
1127,113,3000,0.57,300.0
1128,113,2000,0.65,200.0
1129,113,4000,0.46,400.0
1130,114,3000,0.61,300.0
1131,114,3000,0.43,300.0
1132,114,3000,0.66,300.0
1133,114,3000,0.52,300.0
1134,114,3000,0.56,300.0
1135,114,3000,0.58,300.0
1136,114,3000,0.59,300.0
1137,114,3000,0.64,300.0
1138,114,3000,0.61,300.0
1139,114,2000,0.79,200.0
1140,115,3000,0.62,300.0
1141,115,3000,0.55,300.0
1142,115,3000,0.63,300.0
1143,115,3000,0.72,300.0
1144,115,3000,0.59,300.0
1145,115,3000,0.57,300.0
1146,115,3000,0.59,300.0
1147,115,2000,0.66,200.0
1148,115,3000,0.56,300.0
1149,115,3000,0.53,300.0
1150,116,3000,0.63,300.0
1151,116,3000,0.56,300.0
1152,116,3000,0.7,300.0
1153,116,3000,0.54,300.0
1154,116,3000,0.67,300.0
1155,116,3000,0.64,300.0
1156,116,3000,0.57,300.0
1157,116,3000,0.65,300.0
1158,116,3000,0.67,300.0
1159,116,2000,0.66,200.0
1160,117,3000,0.75,300.0
1161,117,3000,0.68,300.0
1162,117,3000,0.66,300.0
1163,117,2000,0.73,200.0
1164,117,3000,0.56,300.0
1165,117,4000,0.41,400.0
1166,117,3000,0.74,300.0
1167,117,3000,0.59,300.0
1168,117,3000,0.7,300.0
1169,117,3000,0.65,300.0
1170,118,3000,0.71,300.0
1171,118,3000,0.64,300.0
1172,118,3000,0.54,300.0
1173,118,3000,0.66,300.0
1174,118,3000,0.66,300.0
1175,118,2000,0.69,200.0
1176,118,3000,0.66,300.0
1177,118,2000,0.73,200.0
1178,118,3000,0.68,300.0
1179,118,3000,0.63,300.0
1180,119,3000,0.65,300.0
1181,119,3000,0.46,300.0
1182,119,3000,0.64,300.0
1183,119,3000,0.64,300.0
1184,119,2000,0.71,200.0
1185,119,3000,0.69,300.0
1186,119,3000,0.67,300.0
1187,119,3000,0.64,300.0
1188,119,2000,0.65,200.0
1189,119,4000,0.54,400.0
1190,120,3000,0.55,300.0
1191,120,3000,0.72,300.0
1192,120,2000,0.72,200.0
1193,120,3000,0.68,300.0
1194,120,4000,0.58,400.0
1195,120,3000,0.55,300.0
1196,120,3000,0.61,300.0
1197,120,3000,0.65,300.0
1198,120,2000,0.68,200.0
1199,120,3000,0.65,300.0
1200,121,3000,0.54,300.0
1201,121,2000,0.79,200.0
1202,121,3000,0.68,300.0
1203,121,3000,0.62,300.0
1204,121,3000,0.7,300.0
1205,121,2000,0.67,200.0
1206,121,4000,0.52,400.0
1207,121,3000,0.69,300.0
1208,121,3000,0.59,300.0
1209,121,4000,0.5,400.0
1210,122,3000,0.54,300.0
1211,122,4000,0.37,400.0
1212,122,3000,0.57,300.0
1213,122,2000,0.71,200.0
1214,122,4000,0.55,400.0
1215,122,1000,0.76,100.0
1216,122,3000,0.73,300.0
1217,122,2000,0.72,200.0
1218,122,2000,0.66,200.0
1219,122,3000,0.56,300.0
1220,123,2000,0.69,200.0
1221,123,3000,0.65,300.0
1222,123,3000,0.62,300.0
1223,123,3000,0.57,300.0
1224,123,3000,0.69,300.0
1225,123,3000,0.41,300.0
1226,123,3000,0.63,300.0
1227,123,2000,0.67,200.0
1228,123,2000,0.74,200.0
1229,123,4000,0.36,400.0
1230,124,3000,0.58,300.0
1231,124,3000,0.67,300.0
1232,124,2000,0.7,200.0
1233,124,2000,0.6,200.0
1234,124,2000,0.63,200.0
1235,124,3000,0.58,300.0
1236,124,3000,0.57,300.0
1237,124,2000,0.58,200.0
1238,124,3000,0.54,300.0
1239,124,2000,0.77,200.0
1240,125,2000,0.78,200.0
1241,125,3000,0.65,300.0
1242,125,2000,0.78,200.0
1243,125,3000,0.66,300.0
1244,125,2000,0.84,200.0
1245,125,3000,0.64,300.0
1246,125,3000,0.65,300.0
1247,125,3000,0.5,300.0
1248,125,4000,0.52,400.0
1249,125,3000,0.66,300.0
1250,126,3000,0.54,300.0
1251,126,3000,0.59,300.0
1252,126,3000,0.66,300.0
1253,126,4000,0.52,400.0
1254,126,2000,0.77,200.0
1255,126,3000,0.52,300.0
1256,126,3000,0.61,300.0
1257,126,2000,0.73,200.0
1258,126,3000,0.63,300.0
1259,126,3000,0.65,300.0
1260,127,3000,0.75,300.0
1261,127,2000,0.6,200.0
1262,127,2000,0.72,200.0
1263,127,2000,0.83,200.0
1264,127,3000,0.68,300.0
1265,127,3000,0.56,300.0
1266,127,3000,0.63,300.0
1267,127,4000,0.52,400.0
1268,127,3000,0.72,300.0
1269,127,3000,0.62,300.0
1270,128,3000,0.58,300.0
1271,128,3000,0.56,300.0
1272,128,3000,0.62,300.0
1273,128,3000,0.59,300.0
1274,128,3000,0.71,300.0
1275,128,2000,0.74,200.0
1276,128,3000,0.69,300.0
1277,128,3000,0.66,300.0
1278,128,2000,0.76,200.0
1279,128,3000,0.64,300.0
1280,129,3000,0.61,300.0
1281,129,2000,0.79,200.0
1282,129,2000,0.61,200.0
1283,129,2000,0.8,200.0
1284,129,3000,0.58,300.0
1285,129,3000,0.56,300.0
1286,129,3000,0.67,300.0
1287,129,3000,0.63,300.0
1288,129,2000,0.76,200.0
1289,129,3000,0.62,300.0
1290,130,2000,0.62,200.0
1291,130,4000,0.5,400.0
1292,130,3000,0.57,300.0
1293,130,3000,0.61,300.0
1294,130,3000,0.64,300.0
1295,130,2000,0.7,200.0
1296,130,2000,0.65,200.0
1297,130,2000,0.75,200.0
1298,130,4000,0.31,400.0
1299,130,2000,0.76,200.0
1300,131,2000,0.7,200.0
1301,131,3000,0.7,300.0
1302,131,3000,0.66,300.0
1303,131,3000,0.58,300.0
1304,131,3000,0.74,300.0
1305,131,3000,0.57,300.0
1306,131,3000,0.63,300.0
1307,131,3000,0.66,300.0
1308,131,3000,0.67,300.0
1309,131,3000,0.66,300.0
1310,132,3000,0.68,300.0
1311,132,3000,0.68,300.0
1312,132,4000,0.57,400.0
1313,132,3000,0.66,300.0
1314,132,3000,0.75,300.0
1315,132,3000,0.62,300.0
1316,132,3000,0.52,300.0
1317,132,3000,0.72,300.0
1318,132,3000,0.68,300.0
1319,132,2000,0.69,200.0
1320,133,3000,0.63,300.0
1321,133,3000,0.71,300.0
1322,133,3000,0.71,300.0
1323,133,3000,0.55,300.0
1324,133,3000,0.56,300.0
1325,133,3000,0.73,300.0
1326,133,2000,0.73,200.0
1327,133,3000,0.62,300.0
1328,133,4000,0.49,400.0
1329,133,3000,0.64,300.0
1330,134,2000,0.77,200.0
1331,134,3000,0.42,300.0
1332,134,2000,0.63,200.0
1333,134,3000,0.68,300.0
1334,134,3000,0.55,300.0
1335,134,3000,0.66,300.0
1336,134,2000,0.54,200.0
1337,134,2000,0.59,200.0
1338,134,3000,0.62,300.0
1339,134,3000,0.64,300.0
1340,135,3000,0.7,300.0
1341,135,2000,0.69,200.0
1342,135,3000,0.64,300.0
1343,135,3000,0.63,300.0
1344,135,3000,0.68,300.0
1345,135,2000,0.67,200.0
1346,135,3000,0.43,300.0
1347,135,4000,0.41,400.0
1348,135,3000,0.68,300.0
1349,135,3000,0.68,300.0
1350,136,3000,0.66,300.0
1351,136,3000,0.54,300.0
1352,136,3000,0.67,300.0
1353,136,2000,0.76,200.0
1354,136,3000,0.61,300.0
1355,136,3000,0.55,300.0
1356,136,2000,0.61,200.0
1357,136,3000,0.6,300.0
1358,136,2000,0.81,200.0
1359,136,2000,0.75,200.0
1360,137,2000,0.76,200.0
1361,137,3000,0.68,300.0
1362,137,4000,0.54,400.0
1363,137,3000,0.66,300.0
1364,137,3000,0.7,300.0
1365,137,3000,0.74,300.0
1366,137,3000,0.62,300.0
1367,137,3000,0.68,300.0
1368,137,3000,0.53,300.0
1369,137,3000,0.61,300.0
1370,138,2000,0.76,200.0
1371,138,3000,0.62,300.0
1372,138,4000,0.48,400.0
1373,138,3000,0.68,300.0
1374,138,3000,0.6,300.0
1375,138,3000,0.7,300.0
1376,138,3000,0.61,300.0
1377,138,3000,0.71,300.0
1378,138,2000,0.69,200.0
1379,138,2000,0.76,200.0
1380,139,3000,0.66,300.0
1381,139,4000,0.47,400.0
1382,139,4000,0.5,400.0
1383,139,3000,0.62,300.0
1384,139,3000,0.76,300.0
1385,139,4000,0.53,400.0
1386,139,6000,0.29,600.0
1387,139,3000,0.66,300.0
1388,139,3000,0.64,300.0
1389,139,3000,0.69,300.0
1390,140,4000,0.48,400.0
1391,140,3000,0.74,300.0
1392,140,2000,0.73,200.0
1393,140,2000,0.75,200.0
1394,140,3000,0.76,300.0
1395,140,2000,0.86,200.0
1396,140,2000,0.59,200.0
1397,140,3000,0.67,300.0
1398,140,3000,0.63,300.0
1399,140,2000,0.61,200.0
1400,141,4000,0.4,400.0
1401,141,2000,0.75,200.0
1402,141,3000,0.65,300.0
1403,141,4000,0.6,400.0
1404,141,3000,0.7,300.0
1405,141,3000,0.67,300.0
1406,141,3000,0.41,300.0
1407,141,2000,0.75,200.0
1408,141,3000,0.54,300.0
1409,141,4000,0.6,400.0
1410,142,3000,0.56,300.0
1411,142,2000,0.78,200.0
1412,142,3000,0.52,300.0
1413,142,3000,0.72,300.0
1414,142,3000,0.65,300.0
1415,142,3000,0.57,300.0
1416,142,3000,0.58,300.0
1417,142,3000,0.62,300.0
1418,142,3000,0.66,300.0
1419,142,3000,0.6,300.0
1420,143,3000,0.64,300.0
1421,143,3000,0.62,300.0
1422,143,3000,0.64,300.0
1423,143,3000,0.45,300.0
1424,143,3000,0.63,300.0
1425,143,3000,0.63,300.0
1426,143,2000,0.54,200.0
1427,143,3000,0.6,300.0
1428,143,3000,0.62,300.0
1429,143,2000,0.71,200.0
1430,144,3000,0.47,300.0
1431,144,3000,0.65,300.0
1432,144,3000,0.68,300.0
1433,144,3000,0.68,300.0
1434,144,4000,0.55,400.0
1435,144,3000,0.71,300.0
1436,144,2000,0.78,200.0
1437,144,3000,0.65,300.0
1438,144,3000,0.7,300.0
1439,144,3000,0.6,300.0
1440,145,3000,0.46,300.0
1441,145,3000,0.67,300.0
1442,145,3000,0.59,300.0
1443,145,2000,0.57,200.0
1444,145,3000,0.65,300.0
1445,145,3000,0.68,300.0
1446,145,3000,0.58,300.0
1447,145,3000,0.58,300.0
1448,145,3000,0.62,300.0
1449,145,3000,0.62,300.0
1450,146,3000,0.56,300.0
1451,146,3000,0.65,300.0
1452,146,2000,0.68,200.0
1453,146,3000,0.45,300.0
1454,146,3000,0.66,300.0
1455,146,4000,0.36,400.0
1456,146,3000,0.55,300.0
1457,146,2000,0.75,200.0
1458,146,4000,0.51,400.0
1459,146,3000,0.59,300.0
1460,147,3000,0.69,300.0
1461,147,3000,0.68,300.0
1462,147,4000,0.43,400.0
1463,147,3000,0.58,300.0
1464,147,3000,0.61,300.0
1465,147,3000,0.68,300.0
1466,147,3000,0.68,300.0
1467,147,2000,0.81,200.0
1468,147,2000,0.81,200.0
1469,147,3000,0.6,300.0
1470,148,3000,0.7,300.0
1471,148,2000,0.68,200.0
1472,148,3000,0.61,300.0
1473,148,3000,0.67,300.0
1474,148,3000,0.54,300.0
1475,148,3000,0.73,300.0
1476,148,2000,0.69,200.0
1477,148,4000,0.41,400.0
1478,148,2000,0.72,200.0
1479,148,4000,0.36,400.0
1480,149,3000,0.66,300.0
1481,149,3000,0.67,300.0
1482,149,3000,0.61,300.0
1483,149,3000,0.64,300.0
1484,149,2000,0.78,200.0
1485,149,3000,0.59,300.0
1486,149,3000,0.63,300.0
1487,149,3000,0.69,300.0
1488,149,3000,0.6,300.0
1489,149,4000,0.55,400.0
1490,150,3000,0.59,300.0
1491,150,3000,0.59,300.0
1492,150,3000,0.67,300.0
1493,150,3000,0.64,300.0
1494,150,3000,0.67,300.0
1495,150,3000,0.74,300.0
1496,150,3000,0.56,300.0
1497,150,3000,0.47,300.0
1498,150,3000,0.55,300.0
1499,150,2000,0.66,200.0
1500,151,3000,0.64,300.0
1501,151,3000,0.72,300.0
1502,151,3000,0.66,300.0
1503,151,3000,0.57,300.0
1504,151,3000,0.66,300.0
1505,151,2000,0.84,200.0
1506,151,4000,0.52,400.0
1507,151,3000,0.7,300.0
1508,151,3000,0.67,300.0
1509,151,3000,0.57,300.0
1510,152,3000,0.47,300.0
1511,152,3000,0.54,300.0
1512,152,3000,0.62,300.0
1513,152,3000,0.69,300.0
1514,152,3000,0.71,300.0
1515,152,3000,0.71,300.0
1516,152,3000,0.66,300.0
1517,152,3000,0.63,300.0
1518,152,3000,0.52,300.0
1519,152,2000,0.8,200.0
1520,153,3000,0.64,300.0
1521,153,2000,0.8,200.0
1522,153,3000,0.66,300.0
1523,153,4000,0.47,400.0
1524,153,2000,0.81,200.0
1525,153,2000,0.8,200.0
1526,153,4000,0.44,400.0
1527,153,3000,0.58,300.0
1528,153,3000,0.65,300.0
1529,153,3000,0.72,300.0
1530,154,3000,0.65,300.0
1531,154,3000,0.69,300.0
1532,154,2000,0.59,200.0
1533,154,3000,0.74,300.0
1534,154,3000,0.67,300.0
1535,154,3000,0.65,300.0
1536,154,3000,0.63,300.0
1537,154,2000,0.73,200.0
1538,154,3000,0.72,300.0
1539,154,3000,0.64,300.0
1540,155,3000,0.64,300.0
1541,155,2000,0.69,200.0
1542,155,3000,0.56,300.0
1543,155,3000,0.65,300.0
1544,155,2000,0.71,200.0
1545,155,3000,0.62,300.0
1546,155,3000,0.69,300.0
1547,155,3000,0.58,300.0
1548,155,3000,0.66,300.0
1549,155,3000,0.7,300.0
1550,156,3000,0.65,300.0
1551,156,3000,0.68,300.0
1552,156,3000,0.66,300.0
1553,156,3000,0.63,300.0
1554,156,2000,0.48,200.0
1555,156,2000,0.58,200.0
1556,156,3000,0.64,300.0
1557,156,3000,0.73,300.0
1558,156,3000,0.74,300.0
1559,156,3000,0.54,300.0
1560,157,2000,0.61,200.0
1561,157,3000,0.4,300.0
1562,157,2000,0.61,200.0
1563,157,3000,0.67,300.0
1564,157,2000,0.6,200.0
1565,157,4000,0.44,400.0
1566,157,4000,0.5,400.0
1567,157,3000,0.61,300.0
1568,157,3000,0.66,300.0
1569,157,3000,0.63,300.0
1570,158,4000,0.49,400.0
1571,158,4000,0.54,400.0
1572,158,2000,0.59,200.0
1573,158,3000,0.58,300.0
1574,158,3000,0.58,300.0
1575,158,3000,0.51,300.0
1576,158,3000,0.67,300.0
1577,158,3000,0.59,300.0
1578,158,3000,0.67,300.0
1579,158,3000,0.65,300.0
1580,159,3000,0.54,300.0
1581,159,2000,0.65,200.0
1582,159,3000,0.54,300.0
1583,159,3000,0.7,300.0
1584,159,3000,0.57,300.0
1585,159,2000,0.7,200.0
1586,159,3000,0.66,300.0
1587,159,3000,0.63,300.0
1588,159,3000,0.56,300.0
1589,159,2000,0.73,200.0
1590,160,2000,0.51,200.0
1591,160,3000,0.57,300.0
1592,160,2000,0.76,200.0
1593,160,3000,0.68,300.0
1594,160,3000,0.6,300.0
1595,160,3000,0.58,300.0
1596,160,3000,0.59,300.0
1597,160,2000,0.7,200.0
1598,160,4000,0.5,400.0
1599,160,3000,0.47,300.0
1600,161,3000,0.62,300.0
1601,161,2000,0.7,200.0
1602,161,3000,0.57,300.0
1603,161,3000,0.72,300.0
1604,161,3000,0.7,300.0
1605,161,4000,0.48,400.0
1606,161,3000,0.62,300.0
1607,161,3000,0.6,300.0
1608,161,4000,0.54,400.0
1609,161,3000,0.69,300.0
1610,162,3000,0.53,300.0
1611,162,3000,0.63,300.0
1612,162,3000,0.6,300.0
1613,162,2000,0.78,200.0
1614,162,4000,0.44,400.0
1615,162,3000,0.68,300.0
1616,162,3000,0.67,300.0
1617,162,3000,0.6,300.0
1618,162,3000,0.67,300.0
1619,162,3000,0.71,300.0
1620,163,3000,0.66,300.0
1621,163,3000,0.59,300.0
1622,163,3000,0.51,300.0
1623,163,2000,0.76,200.0
1624,163,3000,0.58,300.0
1625,163,3000,0.66,300.0
1626,163,2000,0.71,200.0
1627,163,3000,0.58,300.0
1628,163,4000,0.5,400.0
1629,163,4000,0.4,400.0
1630,164,3000,0.67,300.0
1631,164,3000,0.64,300.0
1632,164,3000,0.67,300.0
1633,164,2000,0.77,200.0
1634,164,3000,0.54,300.0
1635,164,3000,0.67,300.0
1636,164,2000,0.7,200.0
1637,164,3000,0.6,300.0
1638,164,3000,0.47,300.0
1639,164,2000,0.75,200.0
1640,165,3000,0.65,300.0
1641,165,2000,0.78,200.0
1642,165,2000,0.74,200.0
1643,165,3000,0.67,300.0
1644,165,2000,0.71,200.0
1645,165,3000,0.7,300.0
1646,165,3000,0.61,300.0
1647,165,3000,0.68,300.0
1648,165,3000,0.72,300.0
1649,165,4000,0.52,400.0
1650,166,3000,0.48,300.0
1651,166,2000,0.59,200.0
1652,166,3000,0.57,300.0
1653,166,3000,0.62,300.0
1654,166,3000,0.61,300.0
1655,166,3000,0.74,300.0
1656,166,2000,0.74,200.0
1657,166,3000,0.64,300.0
1658,166,2000,0.54,200.0
1659,166,3000,0.57,300.0
1660,167,3000,0.64,300.0
1661,167,3000,0.64,300.0
1662,167,3000,0.6,300.0
1663,167,3000,0.73,300.0
1664,167,3000,0.66,300.0
1665,167,2000,0.79,200.0
1666,167,2000,0.76,200.0
1667,167,3000,0.65,300.0
1668,167,2000,0.72,200.0
1669,167,3000,0.61,300.0
1670,168,3000,0.57,300.0
1671,168,3000,0.53,300.0
1672,168,3000,0.55,300.0
1673,168,3000,0.65,300.0
1674,168,3000,0.77,300.0
1675,168,3000,0.62,300.0
1676,168,3000,0.68,300.0
1677,168,3000,0.68,300.0
1678,168,3000,0.73,300.0
1679,168,3000,0.66,300.0
1680,169,3000,0.62,300.0
1681,169,2000,0.71,200.0
1682,169,3000,0.61,300.0
1683,169,2000,0.74,200.0
1684,169,2000,0.72,200.0
1685,169,3000,0.64,300.0
1686,169,3000,0.68,300.0
1687,169,3000,0.6,300.0
1688,169,2000,0.78,200.0
1689,169,2000,0.72,200.0
1690,170,3000,0.67,300.0
1691,170,3000,0.65,300.0
1692,170,1000,0.81,100.0
1693,170,1000,0.78,100.0
1694,170,1000,0.67,100.0
1695,170,1000,0.85,100.0
1696,170,3000,0.83,300.0
1697,170,4000,0.74,400.0
1698,170,4000,0.71,400.0
1699,170,3000,0.6,300.0
1700,171,2000,0.96,200.0
1701,171,2000,0.94,200.0
1702,171,3000,0.63,300.0
1703,171,2000,0.86,200.0
1704,171,2000,0.92,200.0
1705,171,2000,0.83,200.0
1706,171,2000,0.94,200.0
1707,171,3000,0.65,300.0
1708,171,5000,0.62,500.0
1709,171,3000,0.76,300.0
1710,172,2000,0.86,200.0
1711,172,2000,0.87,200.0
1712,172,2000,0.86,200.0
1713,172,4000,0.76,400.0
1714,172,2000,0.86,200.0
1715,172,2000,0.92,200.0
1716,172,2000,0.97,200.0
1717,172,3000,0.82,300.0
1718,172,2000,0.54,200.0
1719,172,2000,0.86,200.0
1720,173,2000,0.85,200.0
1721,173,2000,0.87,200.0
1722,173,3000,0.75,300.0
1723,173,2000,0.79,200.0
1724,173,2000,0.88,200.0
1725,173,3000,0.82,300.0
1726,173,5000,0.65,500.0
1727,173,2000,0.88,200.0
1729,173,4000,0.62,400.0
1730,174,2000,0.98,200.0
1731,174,3000,0.81,300.0
1732,174,2000,0.85,200.0
1733,174,2000,0.83,200.0
1734,174,4000,0.67,400.0
1735,174,2000,0.87,200.0
1736,174,3000,0.8,300.0
1737,174,2000,0.86,200.0
1738,174,2000,0.89,200.0
1739,174,2000,0.86,200.0
1740,175,13000,0.79,1300.0
1741,175,2000,0.78,200.0
1742,175,1000,0.87,100.0
1743,175,2000,0.85,200.0
1744,175,2000,0.85,200.0
1745,175,2000,0.97,200.0
1746,175,4000,0.69,400.0
1747,175,2000,0.84,200.0
1748,175,2000,0.83,200.0
1749,175,2000,0.57,200.0
1750,176,2000,0.93,200.0
1751,176,2000,0.92,200.0
1752,176,2000,0.96,200.0
1753,176,12000,0.64,1200.0
1754,176,2000,0.84,200.0
1755,176,2000,0.99,200.0
1756,176,2000,0.8,200.0
1757,176,2000,0.87,200.0
1758,176,2000,0.92,200.0
1759,176,4000,0.71,400.0
1760,177,3000,0.91,300.0
1761,177,4000,0.7,400.0
1762,177,3000,0.78,300.0
1763,177,2000,0.95,200.0
1764,177,3000,0.71,300.0
1765,177,2000,0.86,200.0
1766,177,3000,0.7,300.0
1767,177,2000,0.82,200.0
1768,177,2000,0.89,200.0
1769,177,3000,0.56,300.0
1770,178,4000,0.67,400.0
1771,178,4000,0.77,400.0
1772,178,2000,0.84,200.0
1773,178,2000,0.91,200.0
1774,178,2000,0.75,200.0
1775,178,3000,0.84,300.0
1776,178,3000,0.8,300.0
1777,178,4000,0.68,400.0
1778,178,2000,0.84,200.0
1779,178,3000,0.84,300.0
1780,179,2000,0.9,200.0
1781,179,2000,0.9,200.0
1782,179,3000,0.75,300.0
1783,179,2000,0.89,200.0
1784,179,2000,0.93,200.0
1785,179,2000,0.87,200.0
1786,179,2000,0.96,200.0
1787,179,2000,0.86,200.0
1788,179,2000,0.69,200.0
1789,179,2000,0.66,200.0
1790,180,2000,0.76,200.0
1791,180,2000,0.53,200.0
1792,180,2000,0.84,200.0
1793,180,3000,0.86,300.0
1794,180,2000,0.98,200.0
1795,180,2000,0.84,200.0
1796,180,2000,0.93,200.0
1797,180,2000,0.89,200.0
1798,180,2000,0.82,200.0
1799,180,5000,0.65,500.0
1800,181,2000,0.91,200.0
1801,181,1000,0.87,100.0
1802,181,2000,0.84,200.0
1803,181,2000,0.83,200.0
1804,181,3000,0.64,300.0
1805,181,4000,0.77,400.0
1806,181,2000,0.76,200.0
1807,181,4000,0.71,400.0
1808,181,2000,0.66,200.0
1809,181,2000,0.96,200.0
1810,182,2000,0.87,200.0
1811,182,2000,0.77,200.0
1812,182,3000,0.75,300.0
1813,182,2000,0.98,200.0
1814,182,2000,0.84,200.0
1815,182,2000,0.93,200.0
1816,182,3000,0.81,300.0
1817,182,3000,0.58,300.0
1818,182,3000,0.82,300.0
1819,182,4000,0.71,400.0
1820,183,2000,0.89,200.0
1821,183,2000,0.84,200.0
1822,183,2000,0.84,200.0
1823,183,2000,0.75,200.0
1824,183,5000,0.62,500.0
1825,183,4000,0.77,400.0
1826,183,2000,0.86,200.0
1827,183,2000,0.92,200.0
1828,183,2000,0.88,200.0
1829,183,2000,0.92,200.0
1830,184,2000,0.77,200.0
1831,184,1000,0.86,100.0
1832,184,4000,0.68,400.0
1833,184,5000,0.63,500.0
1834,184,4000,0.75,400.0
1835,184,3000,0.82,300.0
1836,184,3000,0.75,300.0
1837,184,2000,0.94,200.0
1838,184,4000,0.71,400.0
1839,184,2000,0.88,200.0
1840,185,2000,0.92,200.0
1841,185,2000,0.96,200.0
1842,185,2000,0.96,200.0
1843,185,2000,0.94,200.0
1844,185,12000,0.69,1200.0
1845,185,2000,0.96,200.0
1846,185,2000,0.68,200.0
1847,185,2000,0.85,200.0
1848,185,2000,0.84,200.0
1849,185,2000,0.98,200.0
1850,186,2000,0.53,200.0
1851,186,2000,0.9,200.0
1852,186,2000,0.84,200.0
1853,186,4000,0.78,400.0
1854,186,3000,0.62,300.0
1855,186,2000,0.96,200.0
1856,186,2000,0.85,200.0
1857,186,3000,0.73,300.0
1858,186,2000,0.79,200.0
1859,186,2000,0.89,200.0
1860,187,2000,0.94,200.0
1861,187,2000,0.75,200.0
1862,187,2000,0.87,200.0
1863,187,4000,0.74,400.0
1864,187,2000,0.81,200.0
1865,187,4000,0.72,400.0
1866,187,2000,0.94,200.0
1867,187,2000,0.95,200.0
1868,187,2000,0.82,200.0
1869,187,2000,0.76,200.0
1870,188,2000,0.9,200.0
1871,188,2000,0.89,200.0
1872,188,4000,0.7,400.0
1873,188,2000,0.84,200.0
1874,188,4000,0.8,400.0
1875,188,2000,0.86,200.0
1876,188,5000,0.55,500.0
1877,188,4000,0.69,400.0
1878,188,2000,0.84,200.0
1879,188,2000,0.92,200.0
1880,189,2000,0.87,200.0
1881,189,2000,0.73,200.0
1882,189,3000,0.8,300.0
1883,189,3000,0.59,300.0
1884,189,4000,0.69,400.0
1885,189,2000,0.72,200.0
1886,189,2000,0.94,200.0
1887,189,2000,0.94,200.0
1888,189,2000,0.88,200.0
1889,189,2000,0.98,200.0
1890,190,2000,0.75,200.0
1891,190,2000,0.67,200.0
1892,190,2000,0.96,200.0
1893,190,3000,0.74,300.0
1894,190,2000,0.93,200.0
1895,190,3000,0.83,300.0
1896,190,3000,0.74,300.0
1897,190,2000,0.8,200.0
1898,190,3000,0.75,300.0
1899,190,2000,0.83,200.0
1900,191,2000,0.64,200.0
1901,191,2000,0.85,200.0
1902,191,2000,0.86,200.0
1903,191,5000,0.57,500.0
1904,191,2000,0.91,200.0
1905,191,2000,0.94,200.0
1906,191,3000,0.93,300.0
1907,191,3000,0.82,300.0
1908,191,3000,0.77,300.0
1909,191,2000,0.76,200.0
1910,192,2000,0.98,200.0
1911,192,2000,0.92,200.0
1912,192,6000,0.54,600.0
1913,192,2000,0.93,200.0
1914,192,12000,0.68,1200.0
1915,192,5000,0.63,500.0
1916,192,2000,0.91,200.0
1917,192,2000,0.92,200.0
1918,192,2000,0.92,200.0
1919,192,2000,0.96,200.0
1920,193,4000,0.75,400.0
1921,193,4000,0.69,400.0
1922,193,2000,0.88,200.0
1923,193,3000,0.7,300.0
1924,193,2000,0.93,200.0
1925,193,2000,0.87,200.0
1926,193,2000,0.95,200.0
1927,193,1000,0.95,100.0
1928,193,4000,0.62,400.0
1929,193,4000,0.71,400.0
1930,194,2000,0.82,200.0
1931,194,2000,0.88,200.0
1932,194,2000,0.91,200.0
1933,194,2000,0.98,200.0
1934,194,2000,0.7,200.0
1935,194,3000,0.76,300.0
1936,194,3000,0.81,300.0
1937,194,2000,0.82,200.0
1938,194,2000,0.92,200.0
1939,194,1000,0.8,100.0
1940,195,2000,0.92,200.0
1941,195,4000,0.73,400.0
1942,195,2000,0.82,200.0
1943,195,4000,0.68,400.0
1944,195,2000,0.92,200.0
1945,195,5000,0.65,500.0
1946,195,2000,0.88,200.0
1947,195,2000,0.86,200.0
1948,195,2000,0.78,200.0
1949,195,2000,0.92,200.0
1950,196,2000,0.89,200.0
1951,196,3000,0.73,300.0
1952,196,4000,0.74,400.0
1953,196,2000,0.9,200.0
1954,196,4000,0.73,400.0
1955,196,2000,0.83,200.0
1956,196,4000,0.84,400.0
1957,196,2000,0.84,200.0
1958,196,2000,0.74,200.0
1959,196,2000,0.91,200.0
1960,197,2000,0.97,200.0
1961,197,2000,0.9,200.0
1962,197,3000,0.67,300.0
1963,197,2000,0.96,200.0
1964,197,4000,0.7,400.0
1965,197,3000,0.74,300.0
1966,197,2000,0.81,200.0
1967,197,4000,0.75,400.0
1968,197,3000,0.75,300.0
1969,197,4000,0.76,400.0
1970,198,2000,0.85,200.0
1971,198,2000,0.98,200.0
1972,198,2000,0.83,200.0
1973,198,12000,0.67,1200.0
1974,198,2000,0.98,200.0
1975,198,2000,0.97,200.0
1976,198,2000,0.83,200.0
1977,198,2000,0.87,200.0
1978,198,2000,0.78,200.0
1979,198,4000,0.7,400.0
1980,199,4000,0.7,400.0
1981,199,2000,0.87,200.0
1982,199,2000,0.74,200.0
1983,199,3000,0.65,300.0
1984,199,2000,0.91,200.0
1985,199,2000,0.84,200.0
1986,199,12000,0.69,1200.0
1987,199,2000,0.84,200.0
1988,199,4000,0.7,400.0
1989,199,2000,0.94,200.0
1990,200,2000,0.91,200.0
1991,200,2000,0.86,200.0
1992,200,4000,0.68,400.0
1993,200,4000,0.76,400.0
1994,200,2000,0.91,200.0
1995,200,4000,0.7,400.0
1996,200,2000,0.64,200.0
1997,200,2000,0.68,200.0
1998,200,1000,0.87,100.0
1999,200,2000,0.89,200.0
2000,201,2000,0.98,200.0
2001,201,4000,0.79,400.0
2002,201,2000,0.64,200.0
2003,201,2000,0.96,200.0
2004,201,2000,0.78,200.0
2005,201,4000,0.74,400.0
2006,201,2000,0.87,200.0
2007,201,2000,0.86,200.0
2008,201,2000,0.88,200.0
2009,201,2000,0.87,200.0
2010,202,2000,0.84,200.0
2011,202,2000,0.96,200.0
2012,202,2000,0.72,200.0
2013,202,5000,0.58,500.0
2014,202,2000,0.88,200.0
2015,202,2000,0.84,200.0
2016,202,5000,0.57,500.0
2017,202,4000,0.64,400.0
2018,202,4000,0.77,400.0
2019,202,2000,0.86,200.0
2020,203,2000,0.66,200.0
2021,203,2000,0.91,200.0
2022,203,2000,0.9,200.0
2023,203,2000,0.8,200.0
2024,203,2000,0.85,200.0
2025,203,4000,0.85,400.0
2026,203,2000,0.92,200.0
2027,203,4000,0.7,400.0
2028,203,4000,0.78,400.0
2029,203,2000,0.98,200.0
2030,204,4000,0.75,400.0
2031,204,2000,0.91,200.0
2032,204,4000,0.72,400.0
2033,204,3000,0.66,300.0
2034,204,2000,0.83,200.0
2035,204,2000,0.85,200.0
2036,204,3000,0.54,300.0
2037,204,4000,0.73,400.0
2038,204,2000,0.78,200.0
2039,204,2000,0.92,200.0
2040,205,3000,0.75,300.0
2041,205,4000,0.69,400.0
2042,205,4000,0.69,400.0
2043,205,2000,0.89,200.0
2044,205,2000,0.87,200.0
2045,205,4000,0.73,400.0
2046,205,4000,0.71,400.0
2047,205,2000,0.89,200.0
2048,205,2000,0.9,200.0
2049,205,2000,0.9,200.0
2050,206,2000,0.72,200.0
2051,206,2000,0.85,200.0
2052,206,2000,0.8,200.0
2053,206,2000,0.92,200.0
2054,206,1000,0.74,100.0
2055,206,3000,0.7,300.0
2056,206,2000,0.85,200.0
2057,206,2000,0.79,200.0
2058,206,2000,0.96,200.0
2059,206,12000,0.67,1200.0
2060,207,2000,0.91,200.0
2061,207,2000,0.88,200.0
2062,207,2000,0.92,200.0
2063,207,2000,0.99,200.0
2064,207,4000,0.79,400.0
2065,207,2000,0.78,200.0
2066,207,2000,0.96,200.0
2067,207,2000,0.79,200.0
2068,207,3000,0.68,300.0
2069,207,2000,0.9,200.0
2070,208,3000,0.81,300.0
2071,208,3000,0.83,300.0
2072,208,2000,0.59,200.0
2073,208,2000,0.88,200.0
2074,208,2000,0.85,200.0
2075,208,2000,0.86,200.0
2076,208,5000,0.6,500.0
2077,208,2000,0.9,200.0
2078,208,2000,0.69,200.0
2079,208,1000,0.93,100.0
2080,209,2000,0.77,200.0
2081,209,2000,0.96,200.0
2082,209,3000,0.69,300.0
2083,209,2000,0.85,200.0
2084,209,2000,0.81,200.0
2085,209,2000,0.98,200.0
2086,209,2000,0.81,200.0
2087,209,3000,0.67,300.0
2088,209,4000,0.72,400.0
2089,209,2000,0.87,200.0
2090,210,4000,0.65,400.0
2091,210,4000,0.76,400.0
2092,210,2000,0.97,200.0
2093,210,3000,0.62,300.0
2094,210,2000,0.73,200.0
2095,210,4000,0.65,400.0
2096,210,2000,0.86,200.0
2097,210,4000,0.69,400.0
2098,210,4000,0.79,400.0
2099,210,2000,0.8,200.0
2100,211,3000,0.81,300.0
2101,211,2000,0.89,200.0
2102,211,4000,0.75,400.0
2103,211,3000,0.6,300.0
2104,211,2000,0.85,200.0
2105,211,2000,0.86,200.0
2106,211,2000,0.79,200.0
2107,211,3000,0.82,300.0
2108,211,2000,0.86,200.0
2109,211,2000,0.89,200.0
2110,212,10000,0.72,1000.0
2111,212,2000,0.98,200.0
2112,212,2000,0.85,200.0
2113,212,4000,0.69,400.0
2114,212,2000,0.9,200.0
2115,212,2000,0.97,200.0
2116,212,16000,0.03,1600.0
2117,212,16000,0.11,1600.0
2118,212,15000,0.07,1500.0
2119,212,16000,0.06,1600.0
2120,213,13000,0.06,1300.0
2121,213,16000,0.02,1600.0
2122,213,16000,0.06,1600.0
2123,213,11000,0.26,1100.0
2124,213,9000,0.07,900.0
2125,213,16000,0.02,1600.0
2126,213,7000,0.17,700.0
2127,213,15000,0.24,1500.0
2128,213,11000,0.02,1100.0
2129,213,15000,0.07,1500.0
2130,214,2000,0.15,200.0
2131,214,1000,0.65,100.0
2132,214,2000,0.42,200.0
2134,214,1000,0.2,100.0
2136,214,1000,0.41,100.0
2139,214,1000,0.95,100.0
2140,215,3000,0.78,300.0
2141,215,5000,0.77,500.0
2142,215,4000,0.77,400.0
2143,215,4000,0.82,400.0
2145,215,4000,0.73,400.0
2146,215,27000,0.89,2700.0
2147,215,22000,0.88,2200.0
2148,215,26000,0.85,2600.0
2149,215,24000,0.8,2400.0
2150,216,26000,0.81,2600.0
2151,216,27000,0.91,2700.0
2152,216,27000,0.89,2700.0
2153,216,26000,0.79,2600.0
2154,216,29000,0.86,2900.0
2155,216,23000,0.88,2300.0
2156,216,31000,0.81,3100.0
2157,216,32000,0.79,3200.0
2158,216,27000,0.89,2700.0
2159,216,22000,0.86,2200.0
2160,217,32000,0.82,3200.0
2161,217,31000,0.86,3100.0
2162,217,24000,0.82,2400.0
2163,217,30000,0.85,3000.0
2164,217,26000,0.91,2600.0
2165,217,25000,0.8,2500.0
2166,217,26000,0.79,2600.0
2167,217,24000,0.83,2400.0
2168,217,31000,0.87,3100.0
2169,217,27000,0.89,2700.0
2170,218,24000,0.82,2400.0
2171,218,30000,0.82,3000.0
2172,218,31000,0.82,3100.0
2173,218,27000,0.89,2700.0
2174,218,24000,0.83,2400.0
2175,218,22000,0.89,2200.0
2176,218,31000,0.8,3100.0
2177,218,26000,0.93,2600.0
2178,218,34000,0.78,3400.0
2179,218,21000,0.91,2100.0
2180,219,21000,0.9,2100.0
2181,219,25000,0.82,2500.0
2182,219,24000,0.83,2400.0
2183,219,23000,0.89,2300.0
2184,219,31000,0.82,3100.0
2185,219,24000,0.83,2400.0
2186,219,29000,0.85,2900.0
2187,219,21000,0.91,2100.0
2188,219,1000,0.24,100.0
2189,219,1000,0.18,100.0
2190,220,1000,0.25,100.0
2191,220,1000,0.38,100.0
2192,220,1000,0.32,100.0
2193,220,1000,0.9,100.0
2194,220,1000,0.25,100.0
2195,220,1000,0.35,100.0
2196,220,1000,0.8,100.0
2197,220,6000,0.14,600.0
2199,220,92000,0.01,9200.0
2200,221,98000,0.01,9800.0
2201,221,96000,0.01,9600.0
2203,221,1000,0.84,100.0
2204,221,102000,0.02,10200.0
2205,221,1000,0.33,100.0
2206,221,1000,0.46,100.0
2207,221,1000,0.83,100.0
2208,221,3000,0.17,300.0
2210,222,2000,0.88,200.0
2211,222,13000,0.18,1300.0
2212,222,3000,0.85,300.0
2213,222,6000,0.48,600.0
2214,222,3000,0.44,300.0
2215,222,1000,0.71,100.0
2216,222,5000,0.57,500.0
2217,222,12000,0.59,1200.0
2218,222,4000,0.76,400.0
2219,222,1000,0.87,100.0
2220,223,5000,0.06,500.0
2221,223,2000,0.5,200.0
2222,223,3000,0.16,300.0
2223,223,4000,0.89,400.0
2224,223,4000,0.77,400.0
2225,223,5000,0.05,500.0
2226,223,5000,0.19,500.0
2227,223,2000,0.2,200.0
2228,223,4000,0.77,400.0
2230,224,2000,0.19,200.0
2232,224,5000,0.9,500.0
2233,224,1000,0.43,100.0
2234,224,5000,0.07,500.0
2235,224,2000,0.19,200.0
2236,224,5000,0.07,500.0
2237,224,5000,0.08,500.0
2238,224,5000,0.84,500.0
2239,224,1000,0.25,100.0
2240,225,29000,0.17,2900.0
2241,225,1000,0.16,100.0
2242,225,2000,0.34,200.0
2243,225,31000,0.14,3100.0
2244,225,30000,0.17,3000.0
2245,225,34000,0.14,3400.0
2246,225,31000,0.16,3100.0
2247,225,31000,0.16,3100.0
2248,225,33000,0.16,3300.0
2249,225,31000,0.15,3100.0
2250,226,30000,0.16,3000.0
2251,226,33000,0.14,3300.0
2252,226,30000,0.16,3000.0
2253,226,28000,0.18,2800.0
2254,226,32000,0.16,3200.0
2255,226,30000,0.17,3000.0
2256,226,36000,0.13,3600.0
2257,226,34000,0.14,3400.0
2258,226,25000,0.18,2500.0
2259,226,29000,0.17,2900.0
2260,227,32000,0.15,3200.0
2261,227,29000,0.17,2900.0
2262,227,2000,0.56,200.0
2263,227,3000,0.46,300.0
2264,227,2000,0.52,200.0
2265,227,1000,0.54,100.0
2268,227,1000,0.61,100.0
2269,227,3000,0.58,300.0
2271,228,2000,0.59,200.0
2272,228,3000,0.49,300.0
2273,228,2000,0.65,200.0
2274,228,4000,0.34,400.0
2275,228,2000,0.64,200.0
2276,228,2000,0.66,200.0
2277,228,4000,0.35,400.0
2278,228,2000,0.73,200.0
2279,228,2000,0.75,200.0
2280,229,2000,0.53,200.0
2281,229,3000,0.51,300.0
2282,229,2000,0.58,200.0
2283,229,2000,0.57,200.0
2284,229,1000,0.39,100.0
2286,229,1000,0.49,100.0
2288,229,2000,0.51,200.0
2290,230,3000,0.5,300.0
2291,230,4000,0.32,400.0
2292,230,3000,0.53,300.0
2293,230,3000,0.44,300.0
2296,230,2000,0.62,200.0
2297,230,2000,0.54,200.0
2298,230,1000,0.53,100.0
2299,230,2000,0.57,200.0
2301,231,2000,0.75,200.0
2303,231,3000,0.45,300.0
2304,231,3000,0.51,300.0
2305,231,2000,0.53,200.0
2307,231,3000,0.4,300.0
2308,231,4000,0.39,400.0
2309,231,1000,0.33,100.0
2310,232,1000,0.34,100.0
2312,232,4000,0.37,400.0
2314,232,3000,0.49,300.0
2315,232,1000,0.46,100.0
2317,232,2000,0.67,200.0
2318,232,1000,0.8,100.0
2319,232,2000,0.7,200.0
2320,233,1000,0.54,100.0
2321,233,2000,0.74,200.0
2323,233,2000,0.66,200.0
2325,233,1000,0.46,100.0
2326,233,2000,0.64,200.0
2327,233,1000,0.54,100.0
2328,233,1000,0.7,100.0
2329,233,3000,0.45,300.0
2331,234,1000,0.49,100.0
2332,234,1000,0.54,100.0
2333,234,2000,0.63,200.0
2334,234,2000,0.57,200.0
2335,234,2000,0.96,200.0
2336,234,2000,0.66,200.0
2338,234,2000,0.57,200.0
2339,234,4000,0.49,400.0
2341,235,1000,0.64,100.0
2342,235,3000,0.45,300.0
2343,235,1000,0.53,100.0
2344,235,2000,0.72,200.0
2345,235,2000,0.55,200.0
2346,235,1000,0.61,100.0
2348,235,1000,0.55,100.0
2349,235,3000,0.46,300.0
2350,236,2000,0.61,200.0
2351,236,2000,0.54,200.0
2352,236,3000,0.49,300.0
2353,236,1000,0.59,100.0
2354,236,4000,0.34,400.0
2355,236,1000,0.37,100.0
2357,236,2000,0.6,200.0
2358,236,1000,0.46,100.0
2361,237,2000,0.53,200.0
2363,237,1000,0.62,100.0
2364,237,2000,0.65,200.0
2365,237,2000,0.62,200.0
2366,237,2000,0.58,200.0
2368,237,2000,0.52,200.0
2369,237,1000,0.49,100.0
2373,238,1000,0.32,100.0
2374,238,1000,0.44,100.0
2376,238,4000,0.33,400.0
2377,238,1000,0.8,100.0
2378,238,2000,0.62,200.0
2380,239,2000,0.7,200.0
2381,239,3000,0.49,300.0
2382,239,3000,0.48,300.0
2383,239,1000,0.47,100.0
2385,239,2000,0.61,200.0
2386,239,108000,0.92,10800.0
2387,239,3000,0.45,300.0
2388,239,1000,0.47,100.0
2389,239,2000,0.62,200.0
2390,240,1000,0.63,100.0
2391,240,1000,0.51,100.0
2392,240,2000,0.61,200.0
2393,240,3000,0.52,300.0
2394,240,1000,0.43,100.0
2395,240,2000,0.62,200.0
2396,240,1000,0.51,100.0
2397,240,2000,0.6,200.0
2398,240,3000,0.45,300.0
2399,240,1000,0.45,100.0
2401,241,3000,0.19,300.0
2402,241,1000,0.6,100.0
2403,241,2000,0.6,200.0
2404,241,3000,0.48,300.0
2405,241,3000,0.5,300.0
2406,241,1000,0.64,100.0
2407,241,2000,0.72,200.0
2409,241,2000,0.67,200.0
2411,242,1000,0.41,100.0
2415,242,2000,0.63,200.0
2416,242,3000,0.43,300.0
2418,242,4000,0.41,400.0
2419,242,4000,0.37,400.0
2420,243,1000,0.56,100.0
2421,243,4000,0.35,400.0
2422,243,1000,0.34,100.0
2423,243,1000,0.31,100.0
2425,243,2000,0.55,200.0
2426,243,2000,0.12,200.0
2427,243,3000,0.44,300.0
2428,243,2000,0.71,200.0
2429,243,3000,0.56,300.0
2430,244,1000,0.49,100.0
2431,244,102000,0.82,10200.0
2432,244,2000,0.59,200.0
2433,244,1000,0.34,100.0
2434,244,3000,0.46,300.0
2436,244,2000,0.64,200.0
2437,244,2000,0.68,200.0
2438,244,2000,0.55,200.0
2439,244,1000,0.52,100.0
2440,245,1000,0.46,100.0
2441,245,2000,0.51,200.0
2444,245,3000,0.5,300.0
2445,245,1000,0.56,100.0
2447,245,3000,0.44,300.0
2448,245,2000,0.64,200.0
2449,245,1000,0.82,100.0
2450,246,3000,0.5,300.0
2452,246,1000,0.53,100.0
2453,246,2000,0.58,200.0
2455,246,3000,0.44,300.0
2456,246,1000,0.53,100.0
2457,246,1000,0.5,100.0
2458,246,2000,0.62,200.0
2459,246,2000,0.66,200.0
2460,247,1000,0.41,100.0
2462,247,1000,0.32,100.0
2463,247,2000,0.57,200.0
2464,247,2000,0.57,200.0
2465,247,1000,0.64,100.0
2466,247,3000,0.5,300.0
2467,247,2000,0.62,200.0
2468,247,1000,0.61,100.0
2469,247,1000,0.6,100.0
2470,248,2000,0.69,200.0
2471,248,1000,0.55,100.0
2472,248,2000,0.74,200.0
2474,248,1000,0.58,100.0
2475,248,2000,0.65,200.0
2478,248,3000,0.48,300.0
2479,248,1000,0.52,100.0
2480,249,3000,0.5,300.0
2481,249,2000,0.71,200.0
2482,249,1000,0.33,100.0
2483,249,2000,0.28,200.0
2484,249,1000,0.56,100.0
2485,249,5000,0.3,500.0
2487,249,1000,0.55,100.0
2488,249,2000,0.64,200.0
2489,249,2000,0.52,200.0
2491,250,1000,0.61,100.0
2492,250,2000,0.72,200.0
2493,250,1000,0.59,100.0
2495,250,3000,0.54,300.0
2497,250,1000,0.4,100.0
2498,250,1000,0.52,100.0
2499,250,1000,0.54,100.0
2500,251,115000,0.93,11500.0
2501,251,3000,0.5,300.0
2502,251,2000,0.68,200.0
2503,251,2000,0.65,200.0
2504,251,3000,0.56,300.0
2505,251,4000,0.4,400.0
2506,251,1000,0.7,100.0
2507,251,1000,0.59,100.0
2508,251,2000,0.58,200.0
2509,251,121000,0.83,12100.0
2511,252,2000,0.57,200.0
2512,252,2000,0.69,200.0
2513,252,2000,0.52,200.0
2515,252,2000,0.63,200.0
2516,252,1000,0.51,100.0
2517,252,1000,0.31,100.0
2519,252,1000,0.56,100.0
2520,253,4000,0.38,400.0
2521,253,2000,0.75,200.0
2522,253,4000,0.33,400.0
2524,253,1000,0.6,100.0
2525,253,3000,0.4,300.0
2527,253,3000,0.54,300.0
2528,253,1000,0.62,100.0
2529,253,2000,0.63,200.0
2531,254,1000,0.57,100.0
2532,254,2000,0.84,200.0
2533,254,2000,0.53,200.0
2534,254,2000,0.51,200.0
2535,254,2000,0.77,200.0
2536,254,1000,0.37,100.0
2537,254,2000,0.71,200.0
2538,254,1000,0.57,100.0
2539,254,118000,0.81,11800.0
2540,255,1000,0.57,100.0
2541,255,1000,0.87,100.0
2542,255,2000,0.72,200.0
2543,255,3000,0.42,300.0
2545,255,1000,0.29,100.0
2546,255,3000,0.54,300.0
2547,255,2000,0.74,200.0
2549,255,2000,0.59,200.0
2550,256,2000,0.61,200.0
2551,256,2000,0.64,200.0
2552,256,3000,0.49,300.0
2554,256,98000,0.84,9800.0
2556,256,1000,0.57,100.0
2557,256,1000,0.38,100.0
2558,256,2000,0.61,200.0
2559,256,1000,0.62,100.0
2560,257,2000,0.57,200.0
2561,257,3000,0.53,300.0
2563,257,2000,0.71,200.0
2565,257,1000,0.54,100.0
2566,257,3000,0.47,300.0
2568,257,3000,0.46,300.0
2571,258,1000,0.41,100.0
2572,258,2000,0.69,200.0
2573,258,3000,0.39,300.0
2574,258,3000,0.45,300.0
2575,258,1000,0.46,100.0
2577,258,3000,0.55,300.0
2578,258,2000,0.68,200.0
2581,259,1000,0.46,100.0
2583,259,4000,0.4,400.0
2585,259,3000,0.36,300.0
2586,259,2000,0.58,200.0
2587,259,2000,0.67,200.0
2588,259,1000,0.51,100.0
2589,259,3000,0.54,300.0
2590,260,3000,0.5,300.0
2591,260,2000,0.68,200.0
2593,260,1000,0.58,100.0
2594,260,2000,0.79,200.0
2595,260,3000,0.48,300.0
2599,260,1000,0.43,100.0
2600,261,1000,0.59,100.0
2601,261,2000,0.65,200.0
2602,261,2000,0.84,200.0
2603,261,2000,0.75,200.0
2604,261,1000,0.52,100.0
2605,261,3000,0.53,300.0
2606,261,1000,0.55,100.0
2608,261,2000,0.52,200.0
2609,261,2000,0.63,200.0
2610,262,2000,0.8,200.0
2611,262,2000,0.24,200.0
2612,262,2000,0.59,200.0
2613,262,3000,0.15,300.0
2614,262,1000,0.5,100.0
2615,262,2000,0.62,200.0
2616,262,4000,0.39,400.0
2617,262,1000,0.46,100.0
2621,263,2000,0.6,200.0
2622,263,1000,0.46,100.0
2623,263,3000,0.46,300.0
2624,263,2000,0.77,200.0
2626,263,2000,0.56,200.0
2629,263,1000,0.45,100.0
2630,264,2000,0.76,200.0
2631,264,2000,0.67,200.0
2632,264,2000,0.55,200.0
2635,264,2000,0.52,200.0
2636,264,102000,0.95,10200.0
2637,264,2000,0.68,200.0
2638,264,3000,0.48,300.0
2640,265,1000,0.36,100.0
2641,265,4000,0.32,400.0
2642,265,2000,0.77,200.0
2643,265,2000,0.77,200.0
2644,265,1000,0.56,100.0
2645,265,4000,0.36,400.0
2646,265,2000,0.66,200.0
2648,265,4000,0.38,400.0
2649,265,5000,0.26,500.0
2650,266,2000,0.7,200.0
