9.166699999999999	0.86	5.0	1
27.133399999999998	0.86	4.8	1
53.3501	0.91	4.5	1
86.5335	0.99	3.8	1
127.4169	0.94	4.2	1
178.2003	0.8	5.4	1
237.2337	0.91	4.5	1
303.4171	1.0	3.9	1
378.0338	0.89	4.6	1
463.2838	0.76	5.8	1
556.7837999999999	0.91	4.5	1
657.9838	0.96	4.2	1
767.6170999999999	0.9	4.6	1
884.9504	0.96	4.2	1
1011.2669999999999	0.86	4.9	1
1145.6503	0.92	4.4	1
1289.3836000000001	0.84	5.1	1
1442.2836000000002	0.85	5.0	1
1604.5336000000002	0.84	5.1	1
1776.3169000000003	0.84	5.2	1
1955.8002000000001	0.95	4.2	1
2145.9168	0.75	5.8	1
2344.8334	0.87	4.8	1
2552.3667	0.9	4.7	1
2768.8833	0.87	4.9	1
2994.1999	0.89	4.8	1
3228.6832	0.87	5.0	1
3471.2332	0.92	4.4	1
3721.2999	0.97	4.1	1
3979.7999	0.9	4.6	1
4248.3832	0.78	5.5	1
4524.1165	1.0	3.9	1
4808.4665	0.9	4.7	1
5101.799800000001	0.87	4.9	1
5403.383100000001	0.91	4.5	1
5713.583100000001	0.89	4.7	1
6031.583100000001	0.86	4.8	1
6294.7331	1.0	3.9	1
6565.583100000001	0.96	4.2	1
6844.133100000001	0.95	4.2	1
7129.833100000001	1.0	3.9	1
7421.866400000001	0.97	4.0	1
7721.416400000001	0.94	4.1	1
8028.666400000001	0.93	4.2	1
8344.3497	0.88	4.6	1
8668.0997	0.92	4.4	1
9000.283000000001	0.88	4.6	1
9339.983000000002	0.95	4.1	1
9688.299700000001	0.87	4.7	1
10043.949700000001	0.98	4.0	1
10407.483	0.92	4.3	1
10780.9163	0.78	5.4	1
11163.332900000001	0.86	4.9	1
11552.7162	1.0	3.8	1
11950.899500000001	0.85	4.8	1
12357.332800000002	0.89	4.5	1
12771.649400000002	0.92	4.3	1
13193.849300000002	0.94	4.3	1
13622.565900000001	0.95	4.1	1
