8.561399999999999	0.78	5.5	1
24.7508	0.83	4.9	1
48.4127	0.86	4.8	1
79.39150000000001	0.88	4.7	1
116.75390000000002	0.97	4.1	1
161.12210000000002	0.92	4.5	1
213.11830000000003	0.87	4.9	1
271.4981	0.97	4.1	1
337.66150000000005	0.84	5.0	1
412.5418	0.78	5.6	1
494.27230000000003	0.93	4.4	1
583.7864000000001	0.85	5.0	1
680.6174000000001	0.88	4.7	1
784.6098000000001	0.9	4.6	1
894.9858	0.99	4.1	1
1012.3676	0.91	4.5	1
1135.9774	1.0	4.0	1
1267.5263	0.83	5.1	1
1405.4587999999999	0.99	4.1	1
1551.0193	0.86	4.9	1
1704.5189	0.83	5.1	1
1865.1132	0.82	5.2	1
1970.0911	0.95	4.1	1
2081.297	0.97	4.0	1
2198.042	0.93	4.2	1
2321.4817	0.93	4.3	1
2454.8828	0.7	6.4	1
2594.6675	0.96	4.1	1
2741.9247	0.89	4.8	1
2896.6544	0.86	4.8	1
3057.301	0.99	3.8	1
3224.9534	0.88	4.5	1
3398.9894	0.95	4.1	1
3579.409	0.94	4.1	1
3766.3677000000002	0.93	4.2	1
3959.5544	0.96	4.0	1
4158.658	0.99	3.8	1
4364.300700000001	0.92	4.2	1
4576.482500000001	0.94	4.2	1
4795.359000000001	0.91	4.3	1
5020.619100000002	0.94	4.1	1
5251.951700000001	0.98	3.9	1
5489.201200000001	1.0	3.8	1
