6.139100000000001	0.9	4.6	1
19.2173	0.82	5.2	1
39.368	0.81	5.3	1
65.3912	0.92	4.4	1
97.2869	0.91	4.4	1
135.9884	0.84	5.1	1
181.09570000000002	0.87	4.8	1
233.00880000000004	0.82	5.1	1
291.461	0.87	4.9	1
355.2523	0.99	4.0	1
425.8494	0.84	5.1	1
503.3856	0.82	5.2	1
587.5943	0.86	5.0	1
677.5421	0.94	4.3	1
773.8957	0.87	4.8	1
876.3884	0.9	4.6	1
985.0202	0.9	4.6	1
1099.9245	0.88	4.7	1
1220.9679	0.9	4.6	1
1284.0838	1.0	3.8	1
1352.4055	0.98	3.9	1
1425.7997	1.0	3.8	1
1504.2664	1.0	3.8	1
1588.9388999999999	0.79	5.4	1
1679.6172	0.9	4.5	1
1778.168	0.74	5.9	1
1882.4578999999999	0.94	4.3	1
1991.9535999999998	0.99	3.9	1
2108.7884	0.8	5.5	1
2231.3623	0.94	4.3	1
2359.0087	1.0	3.8	1
2492.2608999999998	0.93	4.2	1
2630.9856	0.96	4.1	1
2775.1828	0.94	4.1	1
2926.1858	0.83	5.1	1
3084.2613	0.8	5.3	1
3247.9426000000003	0.93	4.2	1
3416.8297000000002	1.0	3.9	1
3591.4559000000004	0.91	4.3	1
