1355	17	61.00580477142857	0	22.03438809420604	83.04019286563461
1356	19	63.00580477142857	0	18.83295468133445	81.83875945276301
1357	9	61.006722957142856	0	30.870445344129553	91.8771683012724
1358	0	65.0	0	82.40365111561866	147.40365111561866
1359	4	71.0038109	0	49.01960784313725	120.02341874313726
1360	9	63.006722957142856	88.87716830127238	31.88259109311741	183.76648235153266
1361	13	71.00002200357143	0	30.10005087332542	101.10007287689685
1362	1	63.0	0	67.97583081570997	130.97583081570997
1363	4	67.0038109	116.0234187431372	46.25793979563656	229.28516943877378
1364	7	67.0038109	0	40.004776689753996	107.008587589754
1365	7	67.0038109	106.00858758975392	40.004776689753996	213.01717517950794
1366	19	61.00580477142857	71.83875945276304	18.235083104149226	151.07964732834085
1367	13	67.00002200357143	95.10007287689677	28.404273359335253	190.50436823980345
1368	11	65.00672295714286	0	29.486481582289965	94.49320453943282
1369	8	71.00672295714286	0	41.02149295123642	112.02821590837928
1370	12	65.00002200357143	0	28.77124645892351	93.77126846249494
1371	5	67.0038109	0	44.57158062799361	111.57539152799362
1372	10	61.006722957142856	0	28.06920669979753	89.07592965694039
1373	19	61.00580477142857	144.0796473283408	18.235083104149226	223.3205352039186
1374	2	63.0	0	52.29083665338646	115.29083665338646
1375	12	61.00002200357143	88.77126846249485	27.000708215297447	176.7719986813637
1376	18	61.00580477142857	0	21.37650686851696	82.38231163994553
1377	19	63.00580477142857	219.32053520391855	18.83295468133445	301.1592946566816
1378	18	71.00580477142857	80.38231163994556	24.880852256798427	176.26896866817256
1379	5	63.0038109	103.57539152799359	41.910590739755186	208.48979316774876
1380	12	61.00002200357143	171.77199868136358	27.000708215297447	259.77272890023244
1381	15	71.00002200357143	0	27.93955611522115	98.93957811879258
1382	11	71.00672295714286	80.49320453943278	32.20831065142442	183.70823814800008
1383	4	61.0038109	209.28516943877366	42.11543772438553	312.4044180631592
1384	1	65.0	108.97583081570997	70.13379369874838	244.10962451445835
1385	19	61.00580477142857	293.1592946566816	18.235083104149226	372.4001825322594
1386	18	67.00580477142857	168.26896866817265	23.47911410148584	258.75388754108707
1387	10	71.00672295714286	74.07592965694039	32.670715994846304	177.75336860892958
1388	9	63.006722957142856	155.76648235153266	31.88259109311741	250.65579640179294
1389	7	67.0038109	189.01717517950783	40.004776689753996	296.02576276926186
1390	0	63.0	115.40365111561869	79.868154158215	258.2718052738337
1391	0	71.0	257.2718052738337	90.01014198782961	418.28194726166333
1392	5	63.0038109	195.48979316774876	41.910590739755186	300.404194807504
1393	13	67.00002200357143	164.5043682398034	28.404273359335253	259.9086636027101
1394	2	71.0	95.29083665338658	58.930942895086325	225.2217795484729
1395	11	71.00672295714286	170.70823814799996	32.20831065142442	273.92327175656726
1396	11	71.00672295714286	272.9232717565674	32.20831065142442	376.13830536513467
1397	13	61.00002200357143	255.90866360271002	25.860607088350008	342.7692926946314
1398	10	67.00672295714286	166.75336860892958	30.830112276826796	264.59020384289926
1399	8	61.006722957142856	82.02821590837925	35.24381788768199	178.2787567532041
1400	1	65.0	228.10962451445835	70.13379369874838	363.2434182132067
1401	0	71.0	408.2819472616634	90.01014198782961	569.292089249493
1402	16	67.00580477142857	0	25.694124865776956	92.69992963720553
1403	18	71.00580477142857	241.75388754108712	24.880852256798427	337.64054456931416
1404	4	65.0038109	291.40441806315926	44.877105771886214	401.28533473504547
1405	7	63.0038109	280.02576276926175	37.61643181275376	380.64600548201554
1406	1	71.0	357.2434182132067	76.60768234786362	504.8511005610703
1407	7	67.0038109	378.6460054820154	40.004776689753996	485.65459307176945
1408	0	67.0	562.2920892494931	84.93914807302231	714.2312373225154
1409	11	71.00672295714286	363.1383053651348	32.20831065142442	466.3533389737021
1410	13	71.00002200357143	329.76929269463153	30.10005087332542	430.86936557152836
1411	10	63.006722957142856	251.5902038428992	28.989508558807284	343.58643535884937
1412	0	65.0	710.2312373225154	82.40365111561866	857.6348884381341
1413	13	71.00002200357143	427.8693655715283	30.10005087332542	528.9694384484252
1414	6	61.0038109	0	39.641278918637894	100.6450898186379
1415	17	63.00580477142857	23.040192865634708	22.756827048114435	108.80282468517771
1416	15	71.00002200357143	63.9395781187925	27.93955611522115	162.87915623758505
1417	0	65.0	852.6348884381341	82.40365111561866	1000.0385395537528
1418	0	61.0	999.0385395537528	77.33265720081135	1137.3711967545642
1419	10	67.00672295714286	335.5864353588495	30.830112276826796	433.42327059281916
1420	7	63.0038109	472.65459307176934	37.61643181275376	573.274835784523
1421	0	63.0	1134.3711967545642	79.868154158215	1277.2393509127792
1422	5	71.0038109	270.4041948075039	47.23257051623204	388.640576223736
1423	0	61.0	1275.2393509127792	77.33265720081135	1413.5720081135905
1424	3	63.0	0	49.93658845909955	112.93658845909955
1425	0	63.0	1411.5720081135905	79.868154158215	1554.4401622718055
1426	2	63.0	193.22177954847302	52.29083665338646	308.5126162018595
1427	6	71.0038109	87.64508981863787	46.1398492331687	204.78874995180658
1428	19	63.00580477142857	329.40018253225935	18.83295468133445	411.2389419850224
1429	0	65.0	1550.4401622718055	82.40365111561866	1697.8438133874242
1430	2	67.0	304.5126162018596	55.61088977423639	427.123505976096
1431	0	65.0	1695.8438133874242	82.40365111561866	1843.247464503043
1432	0	71.0	1842.247464503043	90.01014198782961	2003.2576064908726
1433	12	63.00002200357143	206.77272890023232	27.88597733711048	297.65872824091423
1434	16	63.00580477142857	60.699929637205514	24.160147261849975	147.86588167048407
1435	4	65.0038109	370.2853347350456	44.877105771886214	480.1662514069318
1436	6	65.0038109	195.7887499518065	42.24070704445022	303.03326789625675
1437	0	71.0	1998.2576064908726	90.01014198782961	2159.2677484787023
1438	4	67.0038109	477.1662514069317	46.25793979563656	590.4280021025681
1439	15	65.00002200357143	139.879156237585	25.578466866047535	230.45764510720394
1440	10	61.006722957142856	412.4232705928191	28.06920669979753	501.4992002497595
1441	0	63.0	2155.2677484787023	79.868154158215	2298.1359026369173
1442	14	65.00002200357143	0	27.514392143582796	92.51441414715423
1443	6	61.0038109	296.0332678962568	39.641278918637894	396.67835771489473
1444	3	71.0	92.93658845909954	56.27774254914394	220.21433100824348
1445	0	71.0	2294.1359026369173	90.01014198782961	2455.146044624747
1446	1	65.0	464.8511005610703	70.13379369874838	599.9848942598187
1447	0	65.0	2453.146044624747	82.40365111561866	2600.5496957403657
1448	0	67.0	2599.5496957403657	84.93914807302231	2751.488843813388
1449	16	63.00580477142857	132.865881670484	24.160147261849975	220.03183370376254
1450	2	71.0	407.1235059760961	58.930942895086325	537.0544488711824
1451	16	65.00580477142857	218.03183370376246	24.927136063813464	307.9647745390045
1452	1	71.0	593.9848942598187	76.60768234786362	741.5925766076823
1453	12	71.00002200357143	277.6587282409141	31.427053824362602	380.0858040688481
1454	9	61.006722957142856	184.65579640179294	30.870445344129553	276.5329647030654
1455	0	61.0	2744.4888438133876	77.33265720081135	2882.821501014199
1456	19	61.00580477142857	383.2389419850224	18.235083104149226	462.4798298606002
1457	14	65.00002200357143	77.51441414715418	27.514392143582796	170.0288282943084
1458	19	65.00580477142857	460.47982986060015	19.43082625851967	544.9164608905484
1459	7	67.0038109	534.274835784523	40.004776689753996	641.2834233742769
1460	0	71.0	2877.8215010141994	90.01014198782961	3038.831643002029
1461	19	65.00580477142857	541.9164608905485	19.43082625851967	626.3530919204967
1462	5	71.0038109	348.64057622373593	47.23257051623204	466.876957639968
1463	0	65.0	3035.8316430020295	82.40365111561866	3183.235294117648
1464	1	71.0	729.5925766076825	76.60768234786362	877.2002589555461
1465	0	61.0	3181.2352941176487	77.33265720081135	3319.56795131846
1466	14	67.00002200357143	161.02882829430837	28.360988824923805	256.3898391228036
1467	0	61.0	3317.5679513184605	77.33265720081135	3455.900608519272
1468	0	61.0	3454.9006085192723	77.33265720081135	3593.2332657200836
1469	17	65.00580477142857	54.80282468517771	23.47926600202283	143.28789545862912
1470	14	61.00002200357143	252.38983912280355	25.82119878090078	339.21105990727574
1471	0	71.0	3590.233265720084	90.01014198782961	3751.243407707914
1472	0	65.0	3750.2434077079142	82.40365111561866	3897.647058823533
1473	6	67.0038109	366.6783577148947	43.54042110735637	477.2225897222511
1474	0	61.0	3895.6470588235334	77.33265720081135	4033.9797160243447
1475	5	67.0038109	453.87695763996794	44.57158062799361	565.4523491679615
1476	0	65.0	4031.979716024345	82.40365111561866	4179.383367139963
1477	14	67.00002200357143	332.21105990727574	28.360988824923805	427.572070735771
1478	17	67.00580477142857	134.287895458629	24.201704955931223	225.49540518598883
1479	18	65.00580477142857	261.6405445693142	22.778245023829545	349.42459436457233
1480	0	65.0	4175.383367139963	82.40365111561866	4322.787018255582
1481	7	61.0038109	619.2834233742769	36.42225937425364	716.7094936485305
1482	0	67.0	4320.787018255582	84.93914807302231	4472.7261663286035
