14.7	0.39	0.7	1
52.5	0.32	1.1	1
111.3	0.35	1.0	1
189.0	0.35	0.9	1
270.9	0.5	0.2	1
371.7	0.38	0.9	1
489.29999999999995	0.36	0.8	1
621.5999999999999	0.43	0.7	1
768.5999999999999	0.39	0.7	1
938.6999999999999	0.31	1.1	1
1125.6	0.36	0.8	1
1335.6	0.28	1.1	1
1570.8	0.3	1.2	1
1822.8	0.37	0.8	1
2091.6	0.39	0.8	1
2368.7999999999997	0.51	0.4	1
2669.1	0.26	1.1	1
2986.2	0.41	0.8	1
3312.7999999999997	0.46	0.5	1
3654.1	0.41	0.7	1
4016.4	0.3	1.0	1
4401.8	0.3	1.1	1
4806.1	0.34	0.9	1
5231.400000000001	0.33	1.0	1
5673.500000000001	0.35	0.8	1
6132.400000000001	0.39	0.8	1
6616.500000000001	0.3	1.2	1
7119.500000000001	0.34	0.9	1
7645.600000000001	0.33	1.1	1
8190.600000000001	0.36	0.9	1
8752.400000000001	0.33	0.8	1
9328.900000000001	0.39	0.7	1
9924.300000000001	0.38	0.9	1
10540.7	0.31	1.0	1
11176.0	0.41	0.9	1
11828.1	0.33	0.8	1
12503.300000000001	0.3	1.1	1
13199.500000000002	0.33	1.0	1
13910.400000000001	0.4	0.7	1
14638.100000000002	0.4	0.8	1
15384.700000000003	0.34	0.9	1
16146.000000000002	0.39	0.7	1
16987.100000000002	0.57	3.8	1
17845.000000000004	0.36	0.8	1
18721.800000000003	0.34	0.9	1
19609.100000000002	0.43	0.5	1
20513.2	0.38	0.8	1
21436.2	0.38	0.9	1
22378.100000000002	0.37	0.9	1
23338.9	0.34	0.9	1
24318.600000000002	0.36	0.9	1
25313.000000000004	0.36	0.7	1
26326.300000000003	0.31	0.9	1
27360.600000000002	0.31	1.0	1
28413.800000000003	0.32	0.9	1
29485.9	0.39	0.9	1
30572.7	0.43	0.7	1
31678.4	0.3	0.9	1
32796.700000000004	0.38	0.6	1
33936.00000000001	0.28	1.0	1
35087.90000000001	0.42	0.6	1
36254.50000000001	0.43	0.7	1
37444.200000000004	0.32	1.1	1
38652.8	0.33	0.9	1
39884.5	0.32	1.1	1
41139.3	0.34	1.1	1
42415.100000000006	0.33	1.0	1
43705.600000000006	0.42	0.7	1
45012.90000000001	0.35	0.8	1
46339.100000000006	0.36	0.9	1
47684.200000000004	0.35	0.9	1
49050.3	0.3	1.0	1
50431.100000000006	0.42	0.7	1
51828.700000000004	0.38	0.8	1
53243.100000000006	0.33	0.8	1
54674.3	0.37	0.8	1
56124.4	0.35	0.9	1
57597.6	0.31	1.1	1
59089.7	0.32	0.9	1
60600.7	0.33	0.9	1
62126.399999999994	0.34	0.7	1
63672.09999999999	0.37	1.0	1
65232.49999999999	0.36	0.7	1
66809.7	0.4	0.8	1
68393.2	0.44	0.3	1
69980.9	0.75	0.2	1
71587.5	0.34	0.9	1
73210.9	0.38	0.8	1
74851.09999999999	0.35	0.8	1
76510.2	0.29	0.9	1
78188.2	0.33	0.9	1
79868.3	0.61	0.1	1
81561.0	0.44	0.6	1
83257.9	0.61	0.2	1
84969.5	0.41	0.7	1
86704.2	0.3	1.1	1
88464.09999999999	0.31	1.2	1
90240.79999999999	0.37	0.8	1
92040.59999999999	0.32	1.1	1
93859.29999999999	0.35	0.9	1
95694.79999999999	0.41	0.8	1
97542.9	0.38	0.6	1
99399.4	0.59	0.4	1
101272.7	0.35	0.8	1
103158.59999999999	0.47	0.6	1
105065.49999999999	0.3	1.0	1
106984.99999999999	0.38	0.6	1
108923.39999999998	0.33	0.9	1
110876.49999999999	0.37	0.7	1
112850.59999999999	0.32	1.0	1
114845.7	0.34	1.0	1
116859.7	0.33	0.9	1
118894.7	0.3	1.0	1
120946.5	0.42	0.8	1
123023.5	0.31	1.2	1
125119.4	0.39	0.9	1
127246.79999999999	0.24	1.5	1
129397.29999999999	0.28	1.1	1
131564.59999999998	0.36	0.8	1
133750.8	0.33	0.9	1
135955.9	0.38	0.9	1
138177.8	0.34	0.8	1
140418.59999999998	0.35	0.9	1
142682.49999999997	0.3	1.1	1
144970.59999999998	0.3	1.2	1
147283.89999999997	0.27	1.2	1
149616.09999999998	0.36	0.9	1
151965.09999999998	0.37	0.8	1
154337.19999999998	0.33	1.1	1
156728.19999999998	0.37	0.9	1
159138.09999999998	0.43	0.9	1
161562.69999999998	0.42	0.7	1
163991.49999999997	0.45	0.2	1
166441.29999999996	0.31	1.0	1
168909.99999999997	0.35	0.9	1
171399.69999999998	0.33	1.0	1
173910.4	0.31	1.0	1
176437.9	0.39	0.8	1
178984.3	0.37	0.9	1
181549.59999999998	0.33	0.9	1
184131.69999999998	0.37	0.8	1
186728.49999999997	0.38	0.7	1
189346.29999999996	0.33	1.0	1
191982.99999999997	0.33	0.9	1
194640.69999999998	0.33	1.0	1
197325.69999999998	0.29	1.3	1
200029.59999999998	0.34	0.9	1
202752.39999999997	0.37	0.9	1
205494.09999999998	0.39	0.9	1
208254.69999999998	0.35	0.9	1
211044.69999999998	0.28	1.4	1
213847.3	0.41	0.6	1
216666.69999999998	0.39	0.8	1
219511.3	0.28	1.2	1
222374.8	0.33	0.9	1
225257.19999999998	0.32	0.9	1
228164.8	0.25	1.2	1
231082.9	0.43	0.5	1
234017.8	0.36	0.8	1
236956.9	0.44	0.2	1
239904.4	0.41	0.4	1
242866.6	0.38	0.7	1
245849.80000000002	0.34	1.0	1
248837.2	0.6	0.2	1
251839.30000000002	0.39	0.7	1
254860.30000000002	0.3	0.9	1
257906.50000000003	0.3	1.2	1
260967.40000000002	0.4	0.7	1
264032.5	0.41	0.2	1
267114.4	0.39	0.8	1
270221.5	0.32	1.2	1
273353.8	0.25	1.2	1
276502.89999999997	0.39	0.8	1
279670.89999999997	0.32	0.9	1
282866.19999999995	0.29	1.3	1
286075.19999999995	0.4	0.7	1
289305.19999999995	0.31	1.0	1
292551.99999999994	0.34	0.8	1
295800.89999999997	0.58	0.1	1
299064.49999999994	0.38	0.7	1
302367.99999999994	0.23	1.9	1
305688.29999999993	0.38	0.8	1
309023.29999999993	0.43	0.7	1
312360.3999999999	0.59	0.1	1
315714.29999999993	0.37	0.8	1
319070.29999999993	0.73	0.1	1
322447.29999999993	0.31	1.0	1
325826.3999999999	0.7	0.1	1
329213.8999999999	0.57	0.4	1
332618.1999999999	0.37	0.8	1
336037.1999999999	0.4	0.7	1
339487.6999999999	0.26	1.5	1
342954.9999999999	0.38	0.8	1
346436.9999999999	0.42	0.7	1
349935.7999999999	0.36	0.8	1
353436.6999999999	0.68	0.1	1
356956.4999999999	0.34	0.9	1
360486.7999999999	0.5	0.5	1
364031.7999999999	0.34	0.7	1
367593.59999999986	0.36	0.8	1
371174.2999999999	0.3	0.9	1
374771.7999999999	0.36	0.8	1
378390.2999999999	0.35	1.0	1
382023.4999999999	0.39	0.7	1
385675.59999999986	0.35	0.9	1
389329.7999999999	0.75	0.1	1
393004.9999999999	0.31	1.0	1
396701.1999999999	0.35	1.0	1
400416.2999999999	0.35	0.9	1
404158.6999999999	0.28	1.3	1
407917.8999999999	0.34	0.8	1
411695.9999999999	0.35	0.9	1
415497.1999999999	0.31	1.1	1
419302.5999999999	0.56	0.2	1
423133.1999999999	0.31	1.2	1
426976.3999999999	0.42	0.6	1
430840.5999999999	0.32	1.0	1
434719.49999999994	0.4	0.7	1
438610.99999999994	0.41	0.6	1
442523.49999999994	0.31	1.0	1
446450.69999999995	0.36	0.7	1
450392.6	0.35	0.7	1
454355.5	0.31	1.0	1
458337.3	0.35	0.9	1
462321.2	0.67	0.1	1
466313.5	0.5	0.4	1
470322.6	0.34	0.8	1
474350.6	0.34	0.9	1
478395.39999999997	0.35	0.8	1
482459.1	0.3	0.9	1
486537.5	0.42	0.7	1
490626.4	0.44	0.5	1
494734.2	0.36	0.9	1
498858.8	0.38	0.8	1
502998.1	0.4	0.7	1
507171.0	0.24	1.6	1
511367.0	0.29	1.1	1
