1.8734000000000002	0.35	0.7	1
6.1535	0.33	0.9	1
10.707	0.82	0.1	1
17.6672	0.37	0.9	1
26.5008	0.37	0.7	1
37.207800000000006	0.4	0.7	1
50.32150000000001	0.4	0.9	1
65.30860000000001	0.33	0.7	1
81.36910000000002	0.54	0.4	1
98.76960000000003	0.47	0.5	1
118.11010000000003	0.33	1.1	1
139.05730000000003	0.22	0.6	1
162.41120000000004	0.36	0.9	1
188.43850000000003	0.31	1.0	1
216.87250000000003	0.32	0.9	1
247.97990000000004	0.29	1.0	1
281.76070000000004	0.29	1.0	1
317.6815	0.37	0.8	1
356.27570000000003	0.35	1.0	1
397.0099	0.36	0.8	1
439.6175	0.38	0.7	1
485.1651	0.31	1.1	1
532.8527	0.38	0.8	1
582.6803	0.38	0.8	1
634.3813	0.4	0.7	1
686.6223	0.59	0.2	1
741.27	0.37	0.9	1
797.7911	0.39	0.7	1
856.9856	0.3	1.0	1
917.7868	0.44	0.6	1
981.2614	0.34	1.0	1
1046.876	0.33	0.8	1
1115.964	0.28	1.3	1
1186.9253999999999	0.4	0.7	1
1260.5602	0.34	1.0	1
1337.135	0.27	1.1	1
1416.1165	0.35	0.9	1
1496.1714000000002	0.62	0.4	1
1578.3663000000001	0.37	0.8	1
1662.1679000000001	0.43	0.6	1
1747.8429	0.41	0.7	1
1835.3913	0.44	0.7	1
1925.6131	0.3	1.0	1
2017.7083	0.39	0.7	1
2111.6769	0.42	0.7	1
2207.7855	0.37	0.8	1
2306.8341	0.32	1.1	1
2408.5561000000002	0.29	1.0	1
2511.8848000000003	0.46	0.6	1
2616.8202	0.48	0.6	1
2723.629	0.36	0.7	1
2832.8444999999997	0.34	0.9	1
2944.2	0.37	0.8	1
3058.2288999999996	0.33	1.0	1
3174.3977999999997	0.4	0.8	1
3292.4401	0.37	0.7	1
3412.8891	0.35	0.9	1
3535.2115	0.42	0.7	1
3659.4073	0.4	0.7	1
3785.4764999999998	0.39	0.7	1
3913.4190999999996	0.35	0.7	1
4043.7683999999995	0.38	0.9	1
4176.257699999999	0.33	0.8	1
4310.886999999999	0.39	0.8	1
4447.389699999999	0.4	0.7	1
4586.5657999999985	0.32	1.0	1
4727.8818999999985	0.41	0.8	1
4871.871399999998	0.3	1.0	1
5017.734299999998	0.39	0.7	1
5165.470599999998	0.41	0.7	1
5316.146899999998	0.35	1.1	1
5468.963199999998	0.35	0.8	1
5623.652899999998	0.44	0.7	1
5779.2159999999985	0.36	0.7	1
5936.119099999998	0.52	0.5	1
6094.895599999998	0.42	0.7	1
6255.545499999998	0.4	0.7	1
6417.802099999998	0.45	0.6	1
6581.932099999998	0.41	0.7	1
6748.202099999999	0.37	0.8	1
6916.3454999999985	0.41	0.7	1
7087.695599999998	0.29	1.2	1
7260.919099999998	0.41	0.7	1
7436.015999999998	0.37	0.7	1
7612.986299999998	0.39	0.7	1
7791.563299999998	0.46	0.6	1
7971.480299999998	0.47	0.5	1
8154.603999999998	0.28	1.2	1
8340.134399999999	0.32	0.9	1
8528.071499999998	0.36	0.9	1
8717.615299999998	0.41	0.6	1
8909.299099999998	0.33	0.8	1
9103.122899999998	0.39	0.8	1
9299.8867	0.3	1.1	1
9499.0572	0.33	0.9	1
9700.9011	0.32	1.0	1
9904.3517	0.4	0.6	1
10109.409	0.44	0.6	1
10316.6063	0.4	0.8	1
10525.677	0.43	0.7	1
10737.1544	0.36	0.9	1
10950.5052	0.42	0.7	1
11165.4627	0.45	0.6	1
11382.2936	0.37	0.7	1
11601.531200000001	0.32	0.9	1
11823.7088	0.3	1.1	1
12048.0264	0.35	0.8	1
12274.7507	0.36	0.9	1
12503.3484	0.38	0.7	1
12733.819500000001	0.37	0.7	1
12966.430600000002	0.39	0.8	1
13200.648400000002	0.47	0.6	1
13436.739600000003	0.42	0.7	1
13674.437500000002	0.43	0.6	1
13914.542100000002	0.3	0.9	1
14156.520100000002	0.37	0.7	1
14400.371500000001	0.4	0.7	1
14646.096300000001	0.43	0.7	1
14892.694500000001	0.39	0.7	1
15140.366100000001	0.51	0.4	1
15389.911100000001	0.4	0.7	1
15641.329500000002	0.45	0.7	1
15893.821300000001	0.55	0.4	1
16148.7198	0.34	0.9	1
16406.2917	0.37	1.0	1
16665.2036	0.51	0.5	1
16925.9889	0.42	0.7	1
17188.3809	0.46	0.6	1
17453.9796	0.28	1.2	1
17721.7183	0.36	0.8	1
17990.5304	0.5	0.4	1
18261.2159	0.39	0.7	1
18532.9748	0.56	0.4	1
18807.6737	0.29	1.1	1
19085.3126	0.3	1.1	1
19366.4249	0.27	1.3	1
19649.410600000003	0.4	0.7	1
19935.603000000003	0.3	1.2	1
20225.802100000004	0.26	1.5	1
20518.674600000006	0.36	1.0	1
20813.420500000007	0.41	0.7	1
21111.373100000008	0.28	1.2	1
21411.19910000001	0.41	0.7	1
21712.89850000001	0.41	0.7	1
22016.73790000001	0.37	0.8	1
22323.25070000001	0.26	1.0	1
22632.43690000001	0.33	1.0	1
22943.496500000012	0.41	0.7	1
23257.229500000012	0.3	1.0	1
23573.90250000001	0.28	1.1	1
23892.98220000001	0.34	0.9	1
24215.00190000001	0.31	1.1	1
24539.16160000001	0.37	0.8	1
24864.66130000001	0.49	0.5	1
25192.56770000001	0.37	0.9	1
25520.747500000012	0.65	0.1	1
25850.80070000001	0.42	0.7	1
26182.72730000001	0.36	0.7	1
26517.59390000001	0.28	1.1	1
26854.067200000012	0.41	0.6	1
27192.41390000001	0.37	0.7	1
27532.63400000001	0.39	0.7	1
27876.06080000001	0.3	1.2	1
28220.82760000001	0.48	0.5	1
28567.467800000013	0.4	0.7	1
28914.648000000012	0.44	0.2	1
29265.034900000013	0.29	1.2	1
29617.295200000015	0.43	0.7	1
29971.695500000016	0.33	0.8	1
30327.702500000018	0.44	0.6	1
30685.582900000016	0.44	0.7	1
31045.870000000017	0.3	0.9	1
31406.430500000017	0.66	0.1	1
31768.864400000017	0.36	0.7	1
32133.971700000016	0.35	1.0	1
32500.952400000016	0.43	0.7	1
32869.80650000001	0.42	0.7	1
33240.000600000014	0.48	0.5	1
33611.268100000016	0.52	0.4	1
33985.47560000001	0.27	1.1	1
34361.55650000001	0.38	0.7	1
34738.177400000015	0.65	0.2	1
35117.73830000001	0.29	1.1	1
35499.17260000001	0.37	0.7	1
35882.48030000001	0.45	0.7	1
36268.19470000001	0.32	0.9	1
36656.049100000004	0.37	0.8	1
37046.31020000001	0.34	0.9	1
37437.44470000001	0.42	0.7	1
37830.452600000004	0.36	0.7	1
38225.067200000005	0.46	0.6	1
38621.5552	0.4	0.7	1
39019.916600000004	0.37	0.7	1
39420.1514	0.41	0.7	1
39822.259600000005	0.37	0.7	1
40226.241200000004	0.48	0.7	1
40632.09620000001	0.4	0.7	1
41039.82460000001	0.38	0.7	1
41449.69300000001	0.31	0.8	1
41861.968100000006	0.35	0.9	1
42276.649900000004	0.31	0.9	1
42693.4717	0.37	0.8	1
43111.3669	0.49	0.4	1
43531.4021	0.35	0.8	1
43953.5773	0.39	0.8	1
44378.425899999995	0.32	1.0	1
44805.147899999996	0.42	0.7	1
45234.80989999999	0.28	1.1	1
45668.211899999995	0.26	1.4	1
46103.753899999996	0.38	0.8	1
46541.7026	0.38	0.9	1
46982.058	0.32	0.9	1
47424.286799999994	0.34	0.7	1
47869.18899999999	0.3	1.0	1
48315.96459999999	0.36	0.7	1
48765.946899999995	0.29	1.2	1
49218.3359	0.29	0.9	1
49673.931599999996	0.29	1.2	1
50130.8673	0.42	0.5	1
50588.8764	0.59	0.4	1
51049.0255	0.37	0.8	1
51510.7813	0.42	0.6	1
51974.410500000005	0.43	0.7	1
52439.913100000005	0.37	0.7	1
52907.2891	0.42	0.7	1
53376.5385	0.39	0.7	1
53847.6613	0.42	0.7	1
54320.3908	0.47	0.6	1
54795.527	0.3	0.9	1
55272.2699	0.41	0.6	1
55749.2862	0.67	0.1	1
56226.8425	0.52	0.2	1
56706.5388	0.38	0.8	1
57186.5085	0.68	0.1	1
57668.884900000005	0.33	0.9	1
58153.1347	0.43	0.7	1
58638.724500000004	0.5	0.5	1
59127.2543	0.3	1.1	1
59619.7908	0.25	1.5	1
60114.467300000004	0.37	0.8	1
60611.283800000005	0.38	0.8	1
61109.707	0.44	0.6	1
61610.2702	0.36	0.8	1
62111.3734	0.48	0.2	1
62614.883299999994	0.34	0.9	1
63119.19989999999	0.34	0.3	1
63625.389899999995	0.4	0.7	1
64134.51989999999	0.32	1.1	1
64645.25659999999	0.46	0.6	1
65158.666699999994	0.34	1.0	1
65674.7502	0.31	1.0	1
66193.77369999999	0.28	1.1	1
66714.1372	0.5	0.5	1
67235.8407	0.42	0.5	1
67760.2176	0.3	1.0	1
68287.0012	0.38	0.9	1
68814.0582	0.61	0.1	1
69341.3886	0.58	0.1	1
69870.59240000001	0.39	0.7	1
70400.0696	0.62	0.1	1
70931.1535	0.45	0.6	1
71464.1108	0.42	0.7	1
71999.20809999999	0.34	0.8	1
72535.6454	0.44	0.5	1
73073.9561	0.36	0.7	1
73613.6068	0.43	0.5	1
74155.13089999999	0.4	0.7	1
74697.72839999999	0.46	0.4	1
75241.39929999999	0.51	0.4	1
75787.21019999999	0.3	0.8	1
76334.62779999999	0.43	0.6	1
