0.5333	0.49	0.2	1
2.9333	0.36	0.7	1
7.466600000000001	0.39	0.8	1
13.866600000000002	0.39	0.7	1
21.5999	0.42	0.5	1
30.9332	0.38	0.6	1
41.5998	0.46	0.5	1
54.1331	0.43	0.7	1
68.2664	0.46	0.6	1
83.46640000000001	0.53	0.4	1
99.9997	0.43	0.5	1
118.6663	0.39	0.8	1
139.7329	0.34	0.9	1
162.93280000000001	0.37	0.8	1
186.9994	0.39	0.7	1
212.9327	0.4	0.7	1
240.73270000000002	0.39	0.7	1
270.9327	0.35	0.9	1
302.99940000000004	0.4	0.7	1
337.46610000000004	0.31	0.9	1
373.7995	0.42	0.7	1
411.99960000000004	0.45	0.7	1
452.86640000000006	0.33	1.0	1
495.59990000000005	0.47	0.7	1
540.2001	0.38	0.7	1
585.3336	0.51	0.2	1
632.8671	0.34	0.9	1
682.2673000000001	0.35	0.7	1
733.8008000000001	0.35	0.8	1
787.2010000000001	0.35	0.7	1
843.2679000000002	0.31	1.0	1
901.2015000000001	0.38	0.7	1
961.5351000000002	0.31	0.9	1
1023.7354000000001	0.37	0.7	1
1087.8024	0.36	0.7	1
1154.0027	0.4	0.8	1
1222.0697	0.37	0.7	1
1292.0034	0.36	0.7	1
1364.0704	0.38	0.8	1
1438.0041	0.42	0.7	1
1514.3378	0.37	0.9	1
1593.3382	0.3	1.0	1
1674.2052999999999	0.39	0.7	1
1757.4723999999999	0.34	0.9	1
1843.6727999999998	0.32	1.1	1
1933.0731999999998	0.31	1.2	1
2024.3402999999998	0.41	0.7	1
2118.0074	0.37	0.9	1
2214.0745	0.35	0.9	1
2312.0083	0.42	0.7	1
2411.8088	0.39	0.7	1
2513.7425999999996	0.37	0.8	1
2617.5430999999994	0.4	0.7	1
2723.2102999999993	0.39	0.7	1
2830.744199999999	0.43	0.7	1
2939.144799999999	0.4	0.7	1
3049.412099999999	0.43	0.7	1
3161.546099999999	0.41	0.7	1
3275.546799999999	0.39	0.7	1
3391.4141999999993	0.4	0.7	1
3508.8815999999993	0.46	0.6	1
3628.2156999999993	0.37	0.7	1
3749.9497999999994	0.34	0.9	1
3874.0838999999996	0.32	0.9	1
4000.8846999999996	0.35	1.0	1
4129.552199999999	0.44	0.7	1
4259.819699999999	0.39	0.6	1
4392.753899999999	0.32	1.0	1
4526.2213999999985	0.59	0.2	1
4661.288899999999	0.34	0.6	1
4798.756399999998	0.3	0.9	1
4938.623899999999	0.31	0.9	1
5080.358099999999	0.39	0.7	1
5223.958999999999	0.37	0.7	1
5368.093199999999	0.54	0.2	1
5514.360699999999	0.34	0.8	1
5662.4949	0.37	0.7	1
5811.6957999999995	0.54	0.4	1
5963.83	0.31	1.1	1
6118.0975	0.37	0.8	1
6275.0317	0.32	1.0	1
6434.3659	0.37	0.9	1
6596.1001	0.33	0.9	1
6759.701	0.42	0.7	1
6925.1686	0.4	0.7	1
7092.5028999999995	0.37	0.7	1
7261.7038999999995	0.39	0.7	1
7432.771599999999	0.34	0.7	1
7605.705999999999	0.38	0.7	1
7779.9737	0.55	0.5	1
7956.1080999999995	0.35	0.7	1
8134.3758	0.31	0.8	1
8314.5102	0.44	0.7	1
8496.5113	0.41	0.7	1
8680.3791	0.39	0.7	1
8866.1136	0.38	0.7	1
9054.7814	0.3	1.1	1
9245.8492	0.34	0.9	1
9438.7837	0.44	0.7	1
9633.8515	0.4	0.8	1
9830.786	0.41	0.7	1
10029.3872	0.33	1.0	1
10229.855099999999	0.37	0.7	1
10433.2563	0.31	1.1	1
10639.5908	0.33	1.1	1
10848.592	0.31	1.0	1
11059.7265	0.39	0.8	1
11272.9943	0.38	0.8	1
11488.1288	0.36	0.7	1
11705.130000000001	0.42	0.7	1
11924.531200000001	0.34	0.9	1
12144.9991	0.48	0.4	1
12367.333700000001	0.37	0.7	1
12590.735	0.54	0.4	1
12816.269600000001	0.47	0.8	1
13043.670900000001	0.38	0.7	1
13272.938900000001	0.44	0.7	1
13504.6069	0.36	0.9	1
13738.1416	0.4	0.7	1
13973.543000000001	0.45	0.7	1
14211.611100000002	0.36	1.0	1
14451.545900000001	0.42	0.7	1
14693.614000000001	0.39	0.8	1
14937.815400000001	0.37	0.8	1
15184.4168	0.34	0.9	1
15433.4182	0.33	0.9	1
15685.0863	0.32	1.0	1
15938.887700000001	0.31	0.8	1
16194.555800000002	0.4	0.7	1
16452.623900000002	0.28	0.9	1
16712.292	0.41	0.6	1
16973.293400000002	0.51	0.5	1
17236.161500000002	0.41	0.7	1
17501.162900000003	0.37	0.8	1
17766.431000000004	0.66	0.1	1
18034.099100000003	0.39	0.9	1
18303.633900000004	0.38	0.7	1
18574.502000000004	0.44	0.5	1
18848.570100000004	0.29	1.2	1
19124.771500000006	0.43	0.8	1
19403.639600000006	0.31	1.0	1
19684.907700000007	0.33	0.9	1
19969.10910000001	0.31	1.1	1
20255.44380000001	0.33	0.8	1
20543.64520000001	0.4	0.7	1
20832.91330000001	0.34	0.4	1
21124.31470000001	0.4	0.8	1
21418.11610000001	0.33	0.9	1
21714.317500000012	0.34	0.9	1
22012.385600000012	0.38	0.7	1
22312.32040000001	0.39	0.7	1
22613.855200000013	0.42	0.6	1
22918.056700000012	0.35	1.0	1
23224.124900000013	0.42	0.7	1
23531.793100000014	0.43	0.6	1
23842.128000000015	0.36	1.0	1
24155.129600000015	0.33	1.0	1
24470.264500000016	0.37	0.8	1
24787.799400000014	0.4	0.9	1
25107.201000000015	0.52	0.7	1
25427.135900000016	0.47	0.2	1
25749.204100000017	0.32	0.8	1
26073.405600000016	0.35	0.8	1
26399.740400000017	0.36	0.8	1
26727.141900000017	0.51	0.4	1
27055.94340000002	0.31	0.9	1
27385.01160000002	0.84	0.1	1
27715.94650000002	0.39	0.7	1
28048.74810000002	0.38	0.7	1
28383.41640000002	0.37	0.7	1
28719.95140000002	0.45	0.7	1
29058.08640000002	0.41	0.6	1
29398.08810000002	0.43	0.7	1
29739.68980000002	0.4	0.6	1
30083.42480000002	0.33	0.8	1
30429.293100000017	0.36	0.8	1
30777.294700000017	0.33	0.8	1
31128.229600000017	0.28	1.1	1
31481.031200000016	0.41	0.7	1
31836.232800000016	0.29	0.9	1
32193.301100000015	0.37	0.7	1
32551.969400000016	0.42	0.6	1
32912.23770000002	0.45	0.6	1
33275.97270000002	0.26	1.3	1
33642.37440000002	0.34	1.0	1
34010.64280000002	0.4	0.7	1
34380.24450000002	0.52	0.5	1
34750.379500000025	0.58	0.2	1
35121.847800000025	0.49	0.5	1
35495.182800000024	0.38	0.7	1
35870.11780000002	0.38	0.6	1
36246.652800000025	0.45	0.6	1
36625.58780000002	0.37	0.9	1
37006.65610000002	0.3	0.8	1
37389.85770000002	0.33	0.8	1
37776.25930000002	0.26	1.2	1
38164.26090000002	0.39	0.6	1
38553.595800000025	0.47	0.5	1
38945.33070000003	0.32	0.9	1
39338.13230000003	0.64	0.4	1
39732.800600000024	0.38	0.7	1
40129.33560000003	0.4	0.7	1
40527.47060000003	0.45	0.6	1
40927.73890000003	0.31	0.8	1
41329.873900000035	0.41	0.7	1
41734.14220000004	0.33	0.8	1
42139.74380000004	0.43	0.5	1
42547.74540000004	0.34	0.9	1
42957.613700000045	0.37	0.7	1
43368.01530000004	0.55	0.2	1
43780.016900000046	0.42	0.6	1
44193.88520000005	0.36	0.7	1
44609.35350000005	0.41	0.6	1
45026.68850000005	0.41	0.7	1
45446.42350000005	0.35	0.9	1
45868.02520000005	0.38	0.7	1
46292.29360000005	0.32	1.0	1
46718.69530000005	0.35	0.8	1
47146.96370000005	0.4	0.7	1
47577.36540000005	0.33	0.8	1
48010.43380000005	0.32	1.0	1
48447.23550000005	0.24	1.4	1
48886.17050000005	0.3	0.8	1
49328.30550000005	0.29	1.2	1
49772.040500000054	0.35	0.6	1
50218.442200000056	0.29	1.0	1
50665.910600000054	0.55	0.4	1
51113.912300000055	0.57	0.2	1
51563.247300000054	0.48	0.5	1
52014.44900000005	0.41	0.7	1
52467.250700000055	0.41	0.6	1
52921.91910000006	0.4	0.7	1
53378.18750000006	0.38	0.6	1
