1.3	0.36	0.8	1
3.9000000000000004	0.36	0.8	1
7.9625	0.35	0.9	1
13.325	0.38	0.8	1
19.987499999999997	0.37	0.8	1
28.275	0.32	1.0	1
38.025	0.34	0.9	1
49.4	0.31	1.0	1
62.5625	0.32	1.1	1
77.1875	0.36	0.9	1
93.275	0.31	0.9	1
111.15	0.28	1.1	1
130.8125	0.29	1.1	1
151.775	0.42	0.8	1
174.0375	0.39	0.8	1
197.92499999999998	0.31	1.0	1
223.7625	0.31	1.2	1
251.0625	0.36	0.9	1
279.825	0.36	0.9	1
310.2125	0.32	1.0	1
342.22499999999997	0.3	1.0	1
375.53749999999997	0.32	0.8	1
410.15	0.34	0.8	1
446.875	0.28	1.3	1
484.7125	0.29	1.3	1
524.0124999999999	0.34	0.9	1
564.775	0.31	0.9	1
607.0	0.35	0.9	1
650.525	0.37	0.8	1
695.675	0.3	1.0	1
742.4499999999999	0.34	1.0	1
790.8499999999999	0.34	1.0	1
840.7124999999999	0.35	0.9	1
892.0374999999999	0.37	0.9	1
944.9875	0.31	1.0	1
999.2375	0.34	0.8	1
1054.95	0.36	0.9	1
1112.2875000000001	0.3	1.0	1
1170.9250000000002	0.36	0.8	1
1231.1875000000002	0.32	1.0	1
1292.9125000000001	0.35	0.9	1
1356.1000000000001	0.33	0.9	1
1420.5875	0.36	0.8	1
1486.5375000000001	0.33	0.9	1
1553.7875000000001	0.34	0.8	1
1622.3375	0.38	0.8	1
1692.1875	0.38	0.8	1
1763.5	0.36	0.9	1
1836.4375	0.31	1.0	1
1911.1625	0.31	1.1	1
1987.35	0.33	0.9	1
2065.1625	0.33	1.0	1
2144.275	0.35	0.8	1
2224.85	0.34	0.9	1
2306.725	0.35	0.8	1
2390.0625	0.37	0.9	1
2475.025	0.32	1.0	1
2561.6125	0.32	1.0	1
2649.6625000000004	0.36	0.9	1
2739.175	0.31	0.9	1
2830.15	0.32	0.9	1
2922.5875	0.34	0.9	1
3016.975	0.31	1.2	1
3112.825	0.33	0.9	1
3210.1375	0.36	0.9	1
3308.75	0.36	0.8	1
3408.825	0.35	0.9	1
3510.2	0.37	0.8	1
3612.875	0.36	0.8	1
3717.0125	0.32	0.9	1
3822.45	0.39	0.8	1
3929.5125	0.31	1.0	1
4037.875	0.41	0.8	1
4147.7	0.34	0.9	1
4258.825	0.41	0.8	1
4371.25	0.38	0.8	1
4485.3	0.35	1.0	1
4600.650000000001	0.36	0.8	1
4717.625000000001	0.33	1.0	1
4836.225000000001	0.31	1.0	1
4956.287500000001	0.36	0.9	1
5077.6500000000015	0.36	0.8	1
5200.637500000002	0.35	1.0	1
5325.0875000000015	0.36	0.9	1
5451.487500000001	0.32	1.2	1
5579.187500000001	0.38	0.8	1
5708.512500000001	0.29	1.0	1
5839.625000000001	0.27	1.1	1
5972.525000000001	0.32	1.1	1
6107.05	0.35	1.0	1
6243.0375	0.36	0.9	1
6380.4875	0.37	0.9	1
6519.5625	0.33	1.0	1
6660.5875	0.28	1.2	1
6802.912499999999	0.38	0.8	1
6947.025	0.29	1.1	1
7092.7625	0.31	1.0	1
7240.125	0.39	1.0	1
7388.7875	0.42	0.8	1
7538.9125	0.37	0.9	1
7690.5	0.35	0.9	1
7843.3875	0.39	0.8	1
7997.7375	0.35	0.9	1
8153.3875	0.35	0.8	1
8310.5	0.34	0.9	1
8469.2375	0.31	1.0	1
8629.762499999999	0.28	1.1	1
8791.5875	0.38	0.8	1
8954.875	0.33	0.9	1
9119.7875	0.34	1.0	1
9286.1625	0.37	0.9	1
9453.8375	0.38	0.8	1
9622.975	0.33	0.9	1
9793.575	0.36	0.9	1
9965.962500000001	0.33	1.1	1
10139.650000000001	0.39	0.8	1
10314.962500000001	0.35	1.0	1
10491.737500000001	0.36	0.9	1
10670.1375	0.35	1.0	1
10850.325	0.3	1.1	1
11031.8125	0.39	0.8	1
11215.4125	0.29	1.3	1
11400.3125	0.39	0.8	1
11586.5125	0.37	0.8	1
11774.0125	0.4	0.8	1
11962.8125	0.38	0.8	1
12153.075	0.35	0.9	1
12345.612500000001	0.25	1.4	1
12539.937500000002	0.34	1.1	1
12735.725000000002	0.35	0.9	1
12932.975000000002	0.33	0.9	1
13131.687500000002	0.34	0.9	1
13331.862500000001	0.34	0.9	1
13532.6625	0.31	1.0	1
13734.7625	0.31	0.8	1
13938.8125	0.28	1.2	1
14144.4875	0.34	1.0	1
14351.4625	0.37	0.8	1
14559.7375	0.37	0.8	1
14769.3125	0.35	0.8	1
14981.0	0.3	1.3	1
15194.15	0.37	0.9	1
15408.762499999999	0.34	0.9	1
15624.999999999998	0.31	1.0	1
15842.699999999999	0.38	0.9	1
16062.025	0.33	1.0	1
16283.137499999999	0.31	1.1	1
16505.55	0.3	0.8	1
16729.425	0.3	0.9	1
16954.7625	0.34	0.9	1
17181.4	0.36	0.8	1
17409.3375	0.38	0.8	1
17638.575	0.42	0.8	1
17869.7625	0.29	1.2	1
18102.412500000002	0.32	0.9	1
18336.362500000003	0.36	0.8	1
18571.775	0.32	0.9	1
18808.65	0.33	0.9	1
19046.825	0.36	0.8	1
19286.625	0.31	1.0	1
19528.375	0.27	1.2	1
19771.75	0.32	1.0	1
20016.5875	0.32	0.9	1
20262.8875	0.3	0.9	1
20510.65	0.34	0.9	1
20759.7125	0.4	0.8	1
21010.4	0.33	1.0	1
21262.7125	0.29	1.0	1
21516.487500000003	0.35	0.9	1
21771.725000000002	0.34	0.9	1
22028.2625	0.36	0.8	1
22286.425	0.31	1.0	1
22546.05	0.37	0.9	1
22807.3	0.35	1.0	1
23069.85	0.39	0.8	1
23334.1875	0.3	1.1	1
23599.825	0.33	0.8	1
23867.0875	0.34	1.0	1
24135.65	0.38	0.8	1
24405.8375	0.27	1.0	1
24677.487500000003	0.32	0.9	1
24950.437500000004	0.33	0.8	1
25224.850000000002	0.33	0.9	1
25500.8875	0.3	1.0	1
25778.3875	0.34	0.9	1
26057.1875	0.37	0.8	1
26337.45	0.36	0.9	1
26619.0125	0.36	0.8	1
26902.037500000002	0.31	0.9	1
27186.687500000004	0.33	1.0	1
27472.962500000005	0.36	1.0	1
27760.700000000004	0.34	0.9	1
28050.550000000003	0.29	1.3	1
28342.187500000004	0.31	1.1	1
28635.775000000005	0.33	1.2	1
28930.987500000007	0.29	1.0	1
29227.500000000007	0.39	0.8	1
29525.475000000006	0.37	0.9	1
29824.912500000006	0.35	0.9	1
30125.650000000005	0.39	0.8	1
30428.175000000007	0.31	1.1	1
30732.325000000008	0.34	1.0	1
31038.425000000007	0.31	1.2	1
31346.150000000005	0.35	1.0	1
31655.500000000004	0.35	1.0	1
31966.150000000005	0.42	0.8	1
32278.100000000006	0.34	0.8	1
32592.000000000007	0.31	1.2	1
32907.200000000004	0.37	0.8	1
33223.700000000004	0.41	0.8	1
33541.662500000006	0.34	0.9	1
33860.925	0.37	0.8	1
34181.4875	0.35	0.8	1
34503.512500000004	0.35	0.9	1
34827.81250000001	0.27	1.4	1
35153.575000000004	0.39	0.9	1
35480.9625	0.35	1.0	1
35810.4625	0.26	1.3	1
36141.5875	0.33	1.0	1
36474.175	0.36	0.9	1
36808.0625	0.39	0.8	1
37143.25	0.41	0.8	1
37479.9	0.37	0.9	1
37818.3375	0.33	1.1	1
38158.2375	0.35	0.9	1
38499.600000000006	0.33	0.9	1
38842.58750000001	0.34	1.0	1
39186.87500000001	0.36	0.8	1
39532.46250000001	0.34	0.8	1
39879.83750000001	0.3	1.1	1
40228.51250000001	0.37	0.8	1
40578.48750000001	0.37	0.8	1
40929.92500000001	0.31	0.9	1
41282.66250000001	0.36	0.8	1
41636.86250000001	0.37	0.9	1
41992.36250000001	0.39	0.8	1
42348.65000000001	0.28	1.1	1
42706.40000000001	0.36	0.9	1
43065.45000000001	0.36	0.8	1
43426.125000000015	0.31	1.0	1
43788.587500000016	0.29	1.1	1
44152.51250000002	0.34	0.9	1
44518.22500000002	0.35	1.1	1
44885.40000000002	0.38	0.9	1
45254.03750000002	0.33	0.9	1
45624.30000000002	0.29	1.0	1
45995.86250000002	0.37	0.8	1
46369.05000000002	0.32	1.0	1
46743.53750000002	0.37	0.8	1
47119.48750000002	0.3	0.9	1
47497.062500000015	0.29	1.0	1
47875.937500000015	0.4	0.8	1
48256.275000000016	0.34	0.9	1
48638.400000000016	0.31	1.1	1
49021.98750000002	0.37	0.9	1
49407.03750000002	0.35	0.9	1
49793.71250000002	0.32	1.0	1
50182.175000000025	0.25	1.1	1
50571.93750000002	0.34	0.8	1
50963.32500000002	0.27	1.0	1
51356.337500000016	0.3	1.0	1
51751.13750000002	0.34	1.1	1
52147.23750000002	0.36	0.8	1
52544.80000000002	0.37	0.9	1
52944.47500000002	0.27	1.3	1
53345.45000000002	0.36	0.8	1
53747.72500000002	0.35	0.8	1
54152.11250000002	0.26	1.3	1
54557.962500000016	0.32	0.9	1
54965.275000000016	0.34	0.9	1
55374.53750000001	0.29	1.2	1
55785.587500000016	0.31	1.1	1
56197.937500000015	0.42	0.8	1
56611.587500000016	0.44	0.8	1
57026.70000000002	0.37	0.9	1
57443.43750000002	0.38	1.0	1
57861.800000000025	0.33	1.0	1
58281.46250000002	0.34	0.8	1
58702.75000000002	0.32	1.0	1
59125.987500000025	0.29	1.2	1
59551.825000000026	0.24	1.6	1
59979.28750000003	0.29	1.0	1
60408.050000000025	0.36	0.8	1
60838.112500000025	0.33	0.8	1
61269.47500000003	0.38	0.8	1
61702.137500000026	0.38	0.8	1
62136.262500000026	0.34	0.9	1
62572.012500000026	0.36	1.0	1
63009.387500000026	0.28	1.0	1
63448.22500000003	0.34	0.9	1
63888.362500000025	0.38	0.8	1
64329.800000000025	0.38	0.8	1
64772.53750000003	0.4	0.8	1
65217.22500000003	0.28	1.2	1
65663.21250000002	0.39	0.8	1
66110.82500000003	0.36	1.0	1
66559.73750000003	0.38	0.8	1
67010.11250000003	0.36	0.9	1
67462.27500000004	0.3	1.1	1
67916.38750000004	0.25	1.2	1
68371.80000000005	0.37	0.8	1
68828.51250000004	0.37	0.8	1
69286.68750000004	0.4	0.9	1
69746.16250000005	0.36	0.8	1
70206.93750000004	0.39	0.8	1
70669.01250000004	0.4	0.8	1
71132.38750000004	0.38	0.8	1
71597.22500000003	0.38	0.9	1
72063.68750000003	0.35	1.0	1
72532.10000000003	0.27	1.2	1
73001.97500000003	0.35	0.9	1
73473.15000000004	0.37	0.8	1
73945.62500000004	0.37	0.8	1
74419.88750000004	0.32	1.1	1
74895.61250000005	0.35	0.9	1
75372.96250000005	0.33	1.0	1
75851.77500000005	0.34	0.9	1
76332.21250000005	0.35	1.0	1
76814.27500000005	0.29	1.0	1
77297.96250000005	0.32	1.0	1
77782.95000000006	0.39	0.8	1
78269.88750000006	0.27	1.2	1
78758.77500000005	0.29	1.2	1
79249.77500000005	0.29	1.3	1
79742.07500000006	0.43	0.8	1
80235.67500000006	0.36	0.8	1
80731.06250000006	0.29	1.1	1
81228.23750000006	0.32	1.1	1
81727.03750000006	0.35	1.0	1
82227.62500000006	0.31	1.1	1
82729.51250000006	0.37	0.8	1
83232.70000000006	0.38	0.8	1
83738.16250000005	0.26	1.4	1
84245.06250000004	0.27	1.5	1
84753.75000000004	0.27	1.1	1
85264.06250000004	0.27	1.0	1
85775.67500000005	0.4	0.8	1
86288.58750000005	0.38	0.8	1
86802.80000000005	0.36	0.8	1
87318.47500000005	0.34	0.9	1
87835.45000000006	0.35	0.8	1
88353.72500000005	0.35	0.8	1
88873.46250000005	0.31	0.9	1
89394.50000000006	0.33	0.8	1
89917.00000000006	0.3	0.9	1
90441.12500000006	0.29	1.0	1
90966.87500000006	0.34	1.0	1
91493.92500000006	0.39	0.8	1
92022.27500000007	0.33	0.8	1
92552.41250000006	0.32	1.1	1
93083.85000000006	0.39	0.8	1
93616.75000000006	0.32	0.9	1
94150.95000000006	0.39	0.8	1
94686.61250000006	0.32	0.9	1
95223.57500000006	0.39	0.8	1
95762.00000000006	0.34	0.9	1
96301.72500000006	0.38	0.8	1
96843.72500000006	0.22	1.4	1
97387.02500000007	0.37	0.8	1
97931.78750000006	0.31	0.9	1
98478.01250000007	0.37	0.9	1
99025.86250000008	0.28	1.0	1
99575.66250000008	0.28	1.2	1
100126.92500000008	0.33	0.9	1
100679.81250000007	0.3	1.0	1
101234.97500000008	0.27	1.4	1
101791.60000000008	0.3	0.9	1
102349.68750000007	0.33	0.9	1
102909.72500000008	0.25	1.2	1
103471.87500000007	0.28	1.3	1
104035.32500000007	0.31	0.8	1
104600.56250000007	0.31	1.1	1
105167.10000000008	0.36	0.8	1
105734.93750000007	0.36	0.8	1
106304.23750000008	0.34	0.9	1
106875.48750000008	0.26	1.2	1
107448.03750000008	0.35	0.8	1
108022.53750000008	0.29	1.2	1
108598.33750000008	0.41	0.8	1
109175.43750000009	0.37	0.8	1
109753.83750000008	0.34	0.8	1
110333.53750000008	0.37	0.8	1
110914.86250000008	0.32	1.0	1
111497.65000000008	0.32	0.9	1
112081.90000000008	0.33	0.9	1
112667.61250000008	0.33	0.9	1
113255.27500000008	0.31	1.2	1
113844.40000000008	0.35	0.9	1
114434.98750000008	0.34	0.9	1
115027.03750000008	0.36	0.9	1
115620.55000000008	0.35	0.9	1
116215.36250000008	0.34	0.8	1
116811.47500000008	0.38	0.8	1
117408.88750000008	0.35	0.8	1
118009.22500000008	0.22	1.8	1
118611.51250000008	0.3	1.2	1
119215.10000000008	0.36	0.8	1
119820.80000000008	0.27	1.3	1
120427.96250000008	0.31	0.9	1
121036.58750000008	0.35	0.9	1
121647.32500000008	0.3	1.3	1
122259.68750000009	0.34	1.0	1
122873.51250000008	0.34	0.9	1
123488.63750000008	0.39	0.8	1
124105.55000000009	0.29	1.1	1
124724.0875000001	0.32	1.0	1
125343.92500000009	0.32	0.8	1
125965.06250000009	0.4	0.8	1
126587.98750000009	0.29	1.1	1
127212.2125000001	0.37	0.8	1
127837.9000000001	0.36	0.9	1
128464.8875000001	0.32	0.8	1
129093.1750000001	0.35	0.8	1
129722.7625000001	0.35	0.8	1
130354.7875000001	0.24	1.5	1
130988.6000000001	0.29	1.1	1
131623.8750000001	0.31	0.9	1
132260.4500000001	0.38	0.8	1
132898.3250000001	0.38	0.8	1
133537.8250000001	0.31	1.0	1
134179.1125000001	0.34	1.1	1
134821.8625000001	0.35	0.9	1
135466.4000000001	0.37	1.1	1
136112.2375000001	0.31	0.8	1
136759.5375000001	0.33	0.9	1
137408.1375000001	0.34	0.8	1
138058.0375000001	0.34	0.8	1
138709.2375000001	0.4	0.8	1
139361.9000000001	0.34	0.9	1
140016.18750000012	0.32	1.0	1
140671.93750000012	0.37	0.9	1
141328.9875000001	0.35	0.8	1
141987.3375000001	0.36	0.8	1
142646.9875000001	0.36	0.8	1
143308.4250000001	0.3	1.1	1
143971.1625000001	0.38	0.8	1
144635.52500000008	0.32	1.0	1
145302.65000000008	0.24	1.7	1
145971.40000000008	0.3	1.0	1
146641.45000000007	0.37	0.8	1
147312.80000000008	0.37	0.8	1
147985.9375000001	0.29	1.1	1
148660.7000000001	0.34	1.0	1
149336.7625000001	0.39	0.8	1
150014.1250000001	0.34	0.8	1
150692.7875000001	0.35	0.8	1
151373.0750000001	0.32	1.0	1
