1.4058000000000002	0.33	0.9	1
4.2174	0.35	0.9	1
8.2792	0.35	0.8	1
13.7468	0.36	0.9	1
21.0869	0.27	1.2	1
29.6772	0.38	0.8	1
39.8289	0.3	1.0	1
51.6975	0.31	1.1	1
65.1275	0.32	1.0	1
79.9633	0.33	0.9	1
96.3605	0.31	1.0	1
114.1635	0.35	0.9	1
133.3723	0.32	0.9	1
154.14249999999998	0.31	1.0	1
176.4741	0.33	1.0	1
200.2115	0.34	0.9	1
225.5103	0.3	1.0	1
252.8371	0.28	1.3	1
281.88079999999997	0.33	1.1	1
312.33029999999997	0.34	0.9	1
344.18559999999997	0.34	0.9	1
377.60229999999996	0.39	1.0	1
412.42479999999995	0.29	0.9	1
448.65309999999994	0.32	0.9	1
486.13159999999993	0.35	0.8	1
524.8602999999999	0.38	0.8	1
564.8391999999999	0.37	0.8	1
606.3794999999999	0.31	1.0	1
649.4812	0.29	1.0	1
694.2998	0.27	1.1	1
740.3686	0.37	0.8	1
787.8432	0.34	0.9	1
836.8792000000001	0.32	1.0	1
886.4766000000001	0.3	1.0	1
937.4798000000001	0.35	0.9	1
989.8888000000001	0.34	0.9	1
1043.8592	0.28	1.0	1
1099.2354	0.38	0.9	1
1156.4841000000001	0.32	1.2	1
1214.9830000000002	0.4	0.8	1
1275.0433000000003	0.28	1.0	1
1336.3538000000003	0.37	0.8	1
1399.3812000000003	0.27	1.1	1
1463.8144000000002	0.3	0.9	1
1529.4978	0.4	0.8	1
1596.4314000000002	0.41	0.8	1
1664.7708000000002	0.36	0.9	1
1734.3604000000003	0.4	0.8	1
1805.8225000000002	0.27	1.2	1
1879.1571000000001	0.3	1.2	1
1953.8975	0.32	0.9	1
2030.0437	0.36	0.9	1
2107.5957	0.37	0.9	1
2186.3979	0.35	0.8	1
2266.4503	0.36	0.8	1
2347.7529	0.35	0.8	1
2430.7724	0.28	1.1	1
2515.0420999999997	0.36	0.8	1
2600.8731999999995	0.33	1.0	1
2688.1100999999994	0.34	0.9	1
2776.7527999999993	0.32	0.9	1
2866.645699999999	0.36	0.8	1
2957.7887999999994	0.41	0.8	1
3050.1820999999995	0.36	0.8	1
3144.1367999999993	0.32	1.0	1
3240.2750999999994	0.24	1.4	1
3338.1302999999994	0.32	1.1	1
3437.2356999999993	0.41	0.8	1
3537.746899999999	0.33	0.9	1
3639.663899999999	0.34	0.9	1
3742.831099999999	0.38	0.8	1
3847.559699999999	0.31	1.0	1
3953.5384999999987	0.35	0.8	1
4061.0786999999987	0.34	1.0	1
4169.869099999999	0.35	0.8	1
4279.909699999999	0.39	0.8	1
4391.511699999999	0.34	1.0	1
4504.519499999999	0.32	0.9	1
4618.777499999999	0.33	0.8	1
4734.285699999999	0.39	0.8	1
4851.355299999999	0.37	1.0	1
4969.6750999999995	0.3	0.8	1
5089.245099999999	0.36	0.8	1
5210.687599999999	0.29	1.2	1
5333.535899999999	0.32	0.9	1
5457.634399999999	0.36	0.8	1
5583.294299999999	0.33	1.0	1
5710.359999999999	0.35	0.9	1
5838.831499999998	0.38	0.9	1
5968.5531999999985	0.39	0.8	1
6099.836299999998	0.33	1.0	1
6232.991899999998	0.29	1.2	1
6368.1754999999985	0.27	1.3	1
6504.609299999998	0.34	0.8	1
6642.293299999998	0.35	0.8	1
6781.538699999998	0.31	1.0	1
6922.034299999998	0.32	0.8	1
7063.935699999998	0.35	0.9	1
7207.242899999998	0.34	0.9	1
7352.111499999998	0.3	1.0	1
7498.230299999998	0.36	0.8	1
7645.754899999998	0.36	0.9	1
7794.840899999998	0.33	1.0	1
7945.177099999998	0.37	0.8	1
8096.763499999998	0.36	0.8	1
8249.755699999998	0.34	0.9	1
8404.775899999999	0.27	1.3	1
8561.046299999998	0.36	0.8	1
8719.033599999999	0.34	1.1	1
8878.582299999998	0.29	1.0	1
9039.692399999998	0.33	1.0	1
9202.363899999998	0.32	1.0	1
9366.5968	0.36	1.0	1
9532.391099999999	0.33	1.0	1
9699.435599999999	0.36	0.8	1
9868.0415	0.3	1.0	1
10038.053199999998	0.42	0.9	1
10209.470699999998	0.34	0.9	1
10382.138399999998	0.33	0.8	1
10556.211899999998	0.35	0.9	1
10731.6912	0.35	0.9	1
10908.420699999999	0.37	0.8	1
11087.0227	0.29	1.2	1
11267.4972	0.3	1.2	1
11449.5331	0.3	1.0	1
11633.4415	0.28	1.2	1
11818.755700000002	0.33	0.9	1
12005.4757	0.36	0.9	1
12193.4459	0.33	0.8	1
12382.6663	0.39	0.8	1
12573.292500000001	0.38	0.9	1
12765.3245	0.38	0.9	1
12958.7623	0.34	0.9	1
13153.6059	0.43	0.9	1
13349.699700000001	0.37	0.8	1
13547.0437	0.4	0.8	1
13745.9491	0.28	1.0	1
13946.4159	0.3	1.0	1
14148.5996	0.31	1.1	1
14352.0335	0.38	0.8	1
14557.0288	0.36	1.0	1
14763.741	0.31	1.1	1
14971.859	0.36	0.9	1
15180.227200000001	0.37	0.8	1
15390.467900000001	0.31	1.2	1
15602.270000000002	0.33	1.0	1
15815.633500000002	0.33	1.0	1
16031.180600000002	0.3	1.4	1
16248.4446	0.3	1.1	1
16467.4255	0.29	1.1	1
16687.8122	0.36	0.9	1
16910.2269	0.27	1.3	1
17134.047400000003	0.3	0.9	1
17359.584800000004	0.28	1.1	1
17586.372400000004	0.37	0.8	1
17814.721400000002	0.36	1.0	1
18044.320600000003	0.33	0.8	1
18275.481200000002	0.3	1.0	1
18508.0476	0.38	0.9	1
18742.3309	0.27	1.1	1
18978.175600000002	0.3	1.0	1
19215.270500000002	0.41	0.8	1
19453.6156	0.37	0.8	1
19693.522100000002	0.32	1.0	1
19934.6788	0.39	0.8	1
20177.2413	0.31	0.9	1
20421.676300000003	0.31	1.2	1
20667.361500000003	0.33	0.8	1
20914.452500000003	0.35	0.9	1
21162.949300000004	0.35	0.9	1
21412.851900000005	0.33	0.9	1
21664.160300000007	0.34	0.9	1
21917.030100000007	0.31	1.0	1
22171.305700000008	0.34	0.9	1
22427.29820000001	0.31	1.1	1
22684.69650000001	0.34	0.9	1
22943.34500000001	0.33	0.8	1
23203.39930000001	0.31	0.9	1
23464.703800000007	0.36	0.8	1
23727.414100000005	0.37	0.9	1
23991.685800000007	0.32	1.0	1
24257.363300000008	0.34	0.9	1
24524.60220000001	0.32	1.0	1
24793.71360000001	0.28	1.2	1
25064.23080000001	0.36	0.9	1
25335.99820000001	0.4	0.8	1
25609.17140000001	0.31	0.9	1
25883.90600000001	0.33	1.0	1
26160.20200000001	0.32	1.0	1
26437.903800000007	0.34	0.9	1
26717.789200000007	0.28	1.4	1
26999.080400000006	0.34	0.9	1
27281.933000000005	0.3	1.0	1
27566.035800000005	0.38	0.8	1
27851.388800000004	0.39	0.8	1
28140.636500000004	0.19	2.5	1
28431.445600000003	0.33	1.0	1
28723.504900000004	0.39	0.8	1
29017.747800000005	0.27	1.4	1
29313.396500000006	0.29	0.9	1
29610.917700000005	0.29	1.2	1
29909.844700000005	0.34	0.9	1
30210.333100000003	0.33	1.0	1
30512.071700000004	0.36	0.8	1
30815.216100000005	0.33	0.9	1
31119.921900000005	0.35	1.0	1
31426.033500000005	0.32	0.9	1
31733.706500000004	0.34	1.0	1
32043.096400000002	0.31	1.1	1
32354.203200000004	0.28	1.1	1
32666.715800000005	0.33	0.9	1
32980.94530000001	0.33	1.1	1
33296.42500000001	0.38	0.8	1
33613.46610000001	0.32	1.0	1
33932.69080000001	0.28	1.4	1
34253.32130000001	0.37	0.9	1
34575.20200000001	0.43	0.8	1
34898.488500000014	0.37	0.9	1
35223.18080000002	0.33	0.9	1
35549.43450000002	0.32	1.0	1
35877.24960000002	0.31	1.0	1
36206.47050000002	0.34	0.9	1
36537.40830000002	0.32	1.1	1
36869.75190000002	0.4	0.9	1
37203.50130000002	0.35	0.9	1
37538.81210000002	0.34	1.0	1
37875.52870000002	0.33	0.9	1
38213.806700000016	0.32	1.0	1
38553.490500000014	0.33	0.9	1
38894.580100000014	0.34	0.9	1
39237.54220000001	0.28	1.2	1
39581.91010000001	0.33	0.9	1
39928.15050000001	0.28	1.2	1
40275.64110000001	0.36	0.8	1
40624.38190000001	0.35	0.8	1
40974.37290000001	0.39	0.8	1
41325.76970000001	0.39	0.9	1
41678.572300000014	0.34	0.9	1
42032.62510000001	0.39	0.8	1
42387.92810000001	0.4	0.8	1
42743.481300000014	0.36	0.8	1
43100.44030000002	0.3	0.9	1
43458.80510000002	0.37	0.9	1
43818.73130000002	0.3	1.0	1
44181.15220000002	0.26	1.6	1
44544.82330000002	0.42	0.8	1
44910.366900000015	0.29	1.2	1
45277.93850000002	0.26	1.3	1
45646.760300000016	0.39	0.8	1
46016.83230000002	0.38	0.8	1
46388.621200000016	0.31	1.1	1
46761.971500000014	0.34	1.0	1
47137.34980000001	0.31	1.3	1
47513.97830000001	0.38	0.8	1
47891.85700000001	0.34	0.8	1
48271.29710000001	0.3	1.0	1
48652.14300000001	0.36	0.9	1
49034.70580000001	0.3	1.1	1
49418.67440000001	0.36	0.9	1
49803.89320000001	0.43	0.8	1
50190.36220000001	0.42	0.8	1
50578.392600000014	0.3	1.0	1
50968.606600000014	0.28	1.4	1
51360.53750000001	0.33	1.1	1
51754.80750000001	0.26	1.5	1
52150.32770000001	0.34	0.8	1
52547.720400000006	0.3	1.2	1
52946.5189	0.36	0.9	1
53346.878800000006	0.33	1.0	1
53749.11120000001	0.29	1.2	1
54153.06050000001	0.28	1.1	1
54558.26000000001	0.37	0.8	1
54964.70970000001	0.36	0.8	1
55373.03190000001	0.32	1.2	1
55782.91550000001	0.33	1.0	1
56194.04930000001	0.37	0.8	1
56607.055600000014	0.29	1.2	1
57021.31210000002	0.37	0.8	1
57436.97440000002	0.33	0.9	1
57854.19810000002	0.32	1.0	1
58273.449800000024	0.25	1.3	1
58694.107300000025	0.37	0.9	1
59116.94840000002	0.26	1.4	1
59541.19530000002	0.33	0.9	1
59966.84800000002	0.34	0.9	1
60393.90650000002	0.35	0.9	1
60822.21520000002	0.35	0.8	1
61251.92970000002	0.36	0.9	1
61683.20560000002	0.33	1.0	1
62116.04290000002	0.34	1.0	1
62550.28600000002	0.35	0.9	1
62986.40160000002	0.32	1.2	1
63423.76740000002	0.33	0.8	1
63862.38340000002	0.33	0.8	1
64302.24960000002	0.39	0.8	1
64743.521600000015	0.34	0.9	1
65186.19940000001	0.36	0.9	1
65630.12740000001	0.43	0.8	1
66076.23900000002	0.28	1.4	1
66523.60080000001	0.34	0.8	1
66972.83510000001	0.27	1.2	1
67423.31960000002	0.36	0.8	1
67875.20990000002	0.34	0.9	1
68328.35040000001	0.39	0.8	1
68783.05230000001	0.36	1.0	1
69239.0044	0.38	0.8	1
69696.20670000001	0.35	0.8	1
70154.9704	0.31	1.0	1
70614.98430000001	0.38	0.8	1
71076.40400000001	0.35	0.9	1
71539.22950000002	0.37	0.9	1
72004.08300000001	0.28	1.3	1
72469.80900000001	0.28	1.2	1
72937.4075	0.33	1.2	1
73406.2562	0.34	0.8	1
73876.5107	0.34	0.9	1
74348.171	0.39	0.9	1
74821.3927	0.35	1.0	1
75296.1758	0.32	1.0	1
75772.6758	0.4	1.1	1
76250.42599999999	0.36	0.8	1
76729.582	0.38	0.9	1
77209.98819999999	0.36	0.8	1
77692.11129999999	0.31	1.1	1
78175.6402	0.35	0.9	1
78660.4193	0.39	0.8	1
79146.7598	0.31	1.0	1
79634.5061	0.33	0.9	1
80123.50259999999	0.38	0.8	1
80613.7493	0.38	0.8	1
81105.40179999999	0.36	0.9	1
81598.3045	0.39	0.8	1
82092.9241	0.28	1.1	1
82589.1051	0.34	1.0	1
83086.8475	0.34	1.0	1
83586.1513	0.35	1.0	1
84086.7053	0.36	0.8	1
84588.6651	0.36	0.9	1
85092.6529	0.25	1.3	1
85598.5132	0.28	1.2	1
86105.6237	0.36	0.8	1
86613.9844	0.34	0.8	1
87123.7509	0.33	0.9	1
87634.9232	0.33	0.9	1
88148.1235	0.25	1.3	1
88662.57400000001	0.38	0.8	1
89178.5859	0.3	1.0	1
89696.00360000001	0.38	0.9	1
90214.67150000001	0.34	0.8	1
90734.5896	0.42	0.8	1
91255.75790000001	0.33	0.8	1
91778.17640000001	0.35	0.8	1
92302.0007	0.31	0.9	1
92827.0752	0.35	0.8	1
93353.3999	0.38	0.8	1
93882.0637	0.24	1.5	1
94412.9111	0.21	1.4	1
94945.3199	0.3	1.0	1
95478.9789	0.38	0.8	1
96013.8881	0.38	0.8	1
96550.3587	0.36	1.0	1
97088.8573	0.22	1.3	1
97628.6061	0.35	0.8	1
98169.91630000001	0.31	1.0	1
98712.63230000001	0.34	0.9	1
99257.22080000001	0.26	1.2	1
99803.52620000001	0.31	1.1	1
100351.08180000001	0.36	0.8	1
100899.88760000002	0.36	0.8	1
101449.94360000001	0.38	0.8	1
102001.40540000002	0.36	0.9	1
102554.11740000002	0.35	0.8	1
103108.23520000002	0.34	0.9	1
103664.06990000003	0.31	1.1	1
104221.62150000004	0.31	1.1	1
104781.20110000003	0.29	1.3	1
105342.18650000004	0.35	0.9	1
105904.57770000004	0.33	0.9	1
106468.21910000003	0.35	0.8	1
107033.42190000003	0.3	1.0	1
107600.18610000004	0.33	1.0	1
108168.51170000003	0.31	1.0	1
108738.08750000004	0.38	0.8	1
109309.22470000004	0.3	1.0	1
109881.61210000004	0.36	0.8	1
110455.24970000004	0.4	0.8	1
111030.13750000004	0.39	0.8	1
111606.27550000005	0.36	0.8	1
112184.13040000005	0.29	1.1	1
112763.39110000005	0.35	0.9	1
113344.05760000006	0.33	0.9	1
113926.12990000006	0.29	0.9	1
114509.45240000005	0.39	0.8	1
115094.02510000006	0.33	0.8	1
115680.00360000005	0.37	0.9	1
116267.54350000006	0.3	1.0	1
116856.48920000005	0.36	0.9	1
117446.68510000006	0.36	0.8	1
118039.06460000006	0.29	1.4	1
118632.84990000006	0.37	0.9	1
119227.88540000006	0.38	0.8	1
119825.88230000006	0.23	1.9	1
120425.12940000005	0.34	0.8	1
121025.62670000005	0.36	0.8	1
121627.84090000005	0.32	1.1	1
122231.30530000005	0.37	0.8	1
122836.17550000006	0.38	0.9	1
123442.29590000006	0.34	0.8	1
124049.97770000006	0.34	1.0	1
124659.37640000007	0.29	1.1	1
125270.64760000007	0.31	1.2	1
125883.16900000007	0.36	0.8	1
126496.94060000006	0.39	0.8	1
127111.96240000006	0.32	0.8	1
127728.70110000006	0.31	1.1	1
128346.69000000006	0.29	0.8	1
128965.92910000007	0.35	0.8	1
129586.41840000007	0.41	0.8	1
130208.78020000007	0.3	1.2	1
130832.85890000006	0.3	1.1	1
131458.18780000007	0.36	0.8	1
