0.8058000000000001	0.22	0.6	1
2.1507	0.53	0.4	1
4.434699999999999	0.41	0.7	1
7.924499999999999	0.31	0.9	1
11.5534	0.75	0.1	1
16.6548	0.28	1.1	1
22.8287	0.37	0.8	1
30.0751	0.35	0.8	1
38.6606	0.29	1.0	1
48.1852	0.4	0.7	1
58.9156	0.33	0.9	1
71.1185	0.29	1.1	1
84.7939	0.3	1.1	1
99.0084	0.56	0.4	1
113.49539999999999	0.6	0.2	1
128.1215	0.73	0.1	1
143.5534	0.38	0.6	1
159.92440000000002	0.4	0.7	1
177.1012	0.44	0.6	1
195.4838	0.36	0.9	1
214.9389	0.42	0.8	1
235.4665	0.34	0.8	1
257.3332	0.34	1.0	1
280.2724	0.37	0.8	1
304.5507	0.35	1.0	1
329.2348	0.35	0.3	1
355.25800000000004	0.35	1.0	1
381.42030000000005	0.69	0.1	1
407.52170000000007	0.36	0.7	1
434.69560000000007	0.39	0.8	1
463.0753000000001	0.33	0.9	1
492.79410000000007	0.33	1.0	1
523.4520000000001	0.37	0.7	1
555.3157000000001	0.32	0.9	1
588.2519000000001	0.37	0.8	1
622.2606000000001	0.4	0.8	1
657.4751000000001	0.36	0.9	1
693.6287000000001	0.4	0.7	1
730.9881	0.29	0.9	1
769.2866	0.36	0.7	1
808.9242	0.34	1.0	1
850.0343	0.31	1.1	1
892.3502000000001	0.33	0.9	1
935.8719000000001	0.34	0.9	1
980.7327000000001	0.33	1.0	1
1026.5326000000002	0.34	0.7	1
1073.2716000000003	0.35	0.7	1
1121.2164000000002	0.37	0.9	1
1170.7670000000003	0.3	1.2	1
1221.3901000000003	0.37	0.8	1
1273.2190000000003	0.35	0.9	1
1326.1204000000002	0.34	0.8	1
1380.4943000000003	0.32	1.1	1
1435.8073000000004	0.41	0.7	1
1492.3261000000005	0.37	0.9	1
1550.0507000000005	0.38	0.9	1
1608.9811000000004	0.32	0.9	1
1668.9840000000004	0.48	0.8	1
1729.9260000000004	0.42	0.7	1
1792.0738000000003	0.33	0.9	1
1855.1607000000004	0.4	0.7	1
1919.1867000000004	0.39	0.7	1
1984.0185000000004	0.4	0.6	1
2049.9228000000003	0.36	0.8	1
2117.0329	0.34	0.9	1
2185.2155000000002	0.39	0.8	1
2254.6039	0.35	0.9	1
2325.3314	0.35	1.0	1
2397.1314	0.35	0.8	1
2470.2705	0.32	1.0	1
2544.7487	0.33	1.0	1
2620.166	0.41	0.7	1
2696.6558	0.36	0.8	1
2774.3514	0.36	0.9	1
2853.2528	0.4	0.9	1
2932.96	0.41	0.6	1
3013.7397	0.39	0.8	1
3095.5919	0.39	0.8	1
3178.6499	0.35	0.9	1
3263.1803999999997	0.3	1.1	1
3348.7834	0.37	0.8	1
3435.4588999999996	0.32	0.8	1
3523.6068999999998	0.31	1.1	1
3612.8273999999997	0.37	0.8	1
3703.2536999999998	0.36	0.9	1
3794.7524999999996	0.39	0.8	1
3887.7237999999998	0.35	1.1	1
3981.7675999999997	0.34	0.8	1
4076.8839	0.4	0.8	1
4173.7393	0.3	1.3	1
4272.0672	0.32	1.1	1
4371.734200000001	0.34	1.0	1
4472.340300000001	0.39	0.7	1
4574.1522	0.34	0.9	1
4677.0366	0.39	0.8	1
4781.526800000001	0.31	1.2	1
4887.356100000001	0.3	1.0	1
4994.124500000001	0.36	0.7	1
5102.498700000001	0.35	1.2	1
5211.945400000001	0.4	0.8	1
5322.464600000001	0.39	0.8	1
5433.789600000001	0.47	0.6	1
5546.3204000000005	0.33	0.9	1
5659.790300000001	0.4	0.7	1
5774.466	0.35	0.9	1
5890.7475	0.31	1.2	1
6008.101500000001	0.36	0.8	1
6126.528	0.39	0.8	1
6246.027	0.38	0.8	1
6366.7318000000005	0.38	0.9	1
6488.5091	0.36	0.8	1
6611.8922	0.29	1.2	1
6736.2144	0.38	0.7	1
6861.6091	0.31	0.8	1
6987.6763	0.46	0.5	1
7115.216	0.31	1.1	1
7244.2282000000005	0.28	1.1	1
7373.379500000001	0.6	0.1	1
7503.469900000001	0.41	0.7	1
7634.766100000001	0.31	0.9	1
7767.401400000001	0.3	1.0	1
7901.375800000001	0.28	1.0	1
8036.689300000001	0.29	1.0	1
8173.341900000001	0.29	1.0	1
8311.867000000002	0.3	1.4	1
8451.731200000002	0.33	1.0	1
8593.067900000002	0.33	1.1	1
8735.610400000001	0.33	0.9	1
8879.492000000002	0.34	1.0	1
9023.779400000001	0.38	0.3	1
9169.405900000002	0.33	1.0	1
9316.7715	0.28	1.3	1
9465.2096	0.43	0.8	1
9614.8535	0.41	0.9	1
9765.303199999998	0.37	0.6	1
9916.9587	0.38	0.9	1
10069.42	0.44	0.6	1
10222.9538	0.35	0.8	1
10377.6934	0.36	0.9	1
10533.6388	0.34	0.9	1
10691.056700000001	0.28	1.1	1
10848.8137	0.34	1.0	1
11007.2432	0.46	0.5	1
11167.0118	0.33	1.0	1
11328.1195	0.34	1.0	1
11490.299700000001	0.37	0.8	1
11653.819000000001	0.35	1.0	1
11818.2774	0.42	0.7	1
11983.8083	0.38	0.8	1
12150.545	0.34	0.9	1
12318.3542	0.41	0.8	1
12487.5025	0.33	1.0	1
12657.856600000001	0.34	0.9	1
12829.283200000002	0.35	0.8	1
13002.048900000002	0.3	1.0	1
13176.1537	0.31	1.0	1
13351.331	0.36	0.8	1
13526.6474	0.72	0.1	1
13703.1696	0.35	0.9	1
13881.2976	0.31	1.2	1
14060.6314	0.37	0.9	1
14240.1043	0.62	0.1	1
14419.7163	0.47	0.1	1
14600.8008	0.3	1.1	1
14783.224400000001	0.4	1.0	1
14966.5871	0.4	0.7	1
15151.0223	0.34	0.8	1
15336.2633	0.38	0.6	1
15522.7101	0.38	0.9	1
15710.2294	0.34	0.8	1
15899.0878	0.35	1.0	1
16089.018699999999	0.33	0.8	1
16280.1554	0.35	0.9	1
16471.564599999998	0.6	0.2	1
16664.1796	0.38	0.9	1
16858.0004	0.35	0.9	1
17052.7603	0.41	0.7	1
17248.992700000003	0.31	1.1	1
17446.5642	0.35	1.0	1
17646.0082	0.27	1.4	1
17846.7913	0.36	1.0	1
18048.6469	0.4	0.8	1
18251.4416	0.39	0.7	1
18455.1754	0.41	0.7	1
18659.715	0.39	0.6	1
18865.5937	0.34	1.0	1
19072.5449	0.36	0.8	1
19280.301900000002	0.44	0.6	1
19489.531400000003	0.31	1.1	1
19699.833400000003	0.38	0.8	1
19911.474500000004	0.36	1.0	1
20124.321400000004	0.32	0.9	1
20338.240800000003	0.38	0.8	1
20553.232700000004	0.38	0.8	1
20769.430400000005	0.33	0.9	1
20986.833900000005	0.36	0.9	1
21205.309900000004	0.41	0.8	1
21424.058400000005	0.38	0.2	1
21643.746000000006	0.42	0.7	1
21863.706100000007	0.63	0.2	1
22084.738700000005	0.37	0.8	1
22306.977100000004	0.32	0.9	1
22529.888000000003	0.46	0.5	1
22754.138000000003	0.32	1.0	1
22979.327100000002	0.36	0.7	1
23205.4553	0.48	0.7	1
23433.189300000002	0.3	1.2	1
23662.262400000003	0.27	1.0	1
23892.941300000002	0.28	1.2	1
24124.2927	0.49	0.5	1
24357.249900000003	0.28	1.2	1
24592.0796	0.27	1.4	1
24827.9818	0.35	0.8	1
25065.3565	0.35	1.1	1
25303.6703	0.39	0.7	1
25543.4566	0.31	1.1	1
25784.315400000003	0.41	0.8	1
26026.380000000005	0.37	0.9	1
26270.050400000004	0.28	1.2	1
26514.926600000003	0.36	0.9	1
26760.7419	0.37	0.7	1
27008.0297	0.28	1.1	1
27256.2566	0.39	0.7	1
27505.8226	0.32	1.0	1
27756.594399999998	0.35	0.9	1
28008.4387	0.35	0.8	1
28261.355499999998	0.35	0.8	1
28515.611399999998	0.33	1.0	1
28770.939799999996	0.37	0.8	1
29026.540699999998	0.6	0.2	1
29283.6141	0.26	1.1	1
29541.8933	0.34	0.9	1
29800.845	0.48	0.5	1
30060.3358	0.51	0.4	1
30321.2991	0.32	1.1	1
30583.3349	0.39	0.8	1
30846.576500000003	0.33	0.9	1
31111.023900000004	0.33	0.9	1
31376.677100000004	0.37	0.9	1
31643.669400000006	0.34	1.0	1
31911.734200000006	0.39	0.8	1
32181.138100000007	0.33	1.0	1
32451.21450000001	0.54	0.5	1
32722.63000000001	0.35	1.0	1
32994.18460000001	0.75	0.1	1
33266.94500000001	0.34	0.9	1
33541.444500000005	0.31	1.3	1
33817.016500000005	0.39	0.8	1
34093.9276	0.31	1.0	1
34371.9112	0.34	0.8	1
34650.1673	0.49	0.2	1
34929.6292	0.33	0.9	1
35210.0302	0.4	0.7	1
35491.637	0.33	0.9	1
35774.4496	0.32	0.9	1
36057.468	0.36	0.9	1
36341.5589	0.37	0.8	1
36625.922300000006	0.54	0.2	1
36911.3582	0.41	0.8	1
37198.2666	0.3	1.1	1
37486.114100000006	0.38	0.7	1
37775.167400000006	0.33	0.9	1
38065.42650000001	0.31	0.9	1
38356.89140000001	0.33	0.9	1
38649.42880000001	0.39	0.8	1
38943.03870000001	0.37	0.8	1
39237.054400000015	0.36	0.3	1
39532.142600000014	0.37	0.8	1
39828.436600000015	0.37	0.9	1
40125.93640000001	0.34	0.9	1
40424.775300000016	0.33	1.0	1
40724.553300000014	0.42	0.7	1
41024.870400000014	0.6	0.4	1
41326.52660000001	0.32	1.0	1
41629.25530000001	0.35	0.8	1
41933.189800000015	0.34	0.9	1
42238.19680000001	0.39	0.8	1
42544.676300000014	0.32	1.1	1
42852.36160000001	0.39	0.9	1
43161.11940000001	0.36	0.8	1
43471.21630000001	0.35	1.0	1
43782.385700000006	0.37	0.8	1
44094.62760000001	0.37	0.8	1
44408.208600000005	0.31	1.0	1
44722.862100000006	0.36	0.8	1
45038.32140000001	0.48	0.6	1
45354.719800000006	0.42	0.7	1
45672.19070000001	0.38	0.8	1
45990.8674	0.4	0.9	1
46310.4832	0.36	0.7	1
46631.171500000004	0.34	0.8	1
46953.3323	0.32	1.1	1
47276.832200000004	0.36	1.0	1
47601.2712	0.4	0.7	1
47925.9827	0.71	0.2	1
48252.0333	0.32	1.0	1
48579.823000000004	0.3	1.3	1
48908.41850000001	0.44	0.6	1
49238.486500000006	0.27	1.1	1
49569.62700000001	0.41	0.8	1
49901.30660000001	0.51	0.4	1
50234.32530000001	0.33	1.0	1
50567.48310000001	0.68	0.1	1
50900.91340000001	0.57	0.2	1
51235.282800000015	0.41	0.7	1
51570.72470000001	0.42	0.8	1
51906.83910000001	0.35	0.5	1
52244.426000000014	0.35	1.1	1
52582.81870000001	0.39	0.6	1
52922.41720000001	0.36	0.9	1
53263.488200000014	0.31	1.1	1
53605.765000000014	0.36	0.9	1
53949.114300000016	0.37	0.8	1
54293.66940000001	0.32	0.9	1
54639.563600000016	0.34	1.0	1
54986.663600000014	0.34	0.9	1
55335.10270000002	0.33	1.0	1
55683.947600000014	0.37	0.3	1
56033.86500000001	0.43	0.8	1
56384.988200000014	0.36	0.9	1
56737.31720000001	0.32	0.9	1
57090.85200000001	0.33	0.9	1
57445.59260000001	0.35	0.9	1
57801.27230000001	0.38	0.7	1
58158.82450000001	0.28	1.4	1
58517.58250000001	0.3	0.9	1
58877.146300000015	0.42	0.6	1
59238.049200000016	0.29	1.0	1
59600.15790000001	0.37	0.9	1
59963.20570000001	0.34	0.7	1
60327.059300000015	0.45	0.6	1
60691.98540000001	0.4	0.8	1
61058.11730000001	0.34	0.9	1
61425.188300000016	0.4	0.7	1
61793.065100000014	0.43	0.6	1
62162.28100000002	0.3	1.0	1
62531.63600000002	0.68	0.1	1
62902.19680000002	0.33	0.9	1
63273.69670000002	0.44	0.7	1
63646.26910000002	0.34	0.8	1
64020.04730000002	0.35	0.9	1
64394.89800000002	0.39	0.8	1
64771.35450000002	0.28	1.2	1
65148.616800000025	0.43	0.6	1
65526.81820000002	0.36	0.7	1
65905.95870000002	0.38	0.7	1
66286.17170000002	0.37	0.8	1
66666.52380000002	0.74	0.1	1
67048.21500000003	0.38	1.0	1
67430.97870000002	0.35	0.8	1
67814.68150000002	0.41	0.7	1
68199.32340000002	0.38	0.7	1
68584.30440000002	0.33	1.0	1
68970.22450000003	0.41	0.7	1
69356.41710000002	0.68	0.2	1
69743.94880000003	0.31	1.0	1
70132.55300000003	0.4	0.8	1
70521.42970000002	0.57	0.2	1
70911.64550000003	0.33	1.0	1
71302.93380000003	0.34	0.8	1
71695.29460000002	0.41	0.8	1
72089.39450000002	0.28	1.3	1
72484.70020000002	0.35	0.9	1
72880.94500000002	0.38	0.7	1
73277.32890000002	0.65	0.1	1
73674.65190000003	0.39	0.7	1
74073.18070000003	0.36	0.9	1
74472.38200000003	0.45	0.5	1
74872.78910000002	0.38	0.9	1
75274.13530000002	0.34	0.7	1
75676.28730000003	0.41	0.6	1
76079.37840000003	0.4	0.7	1
76483.40860000002	0.42	0.7	1
76888.51130000003	0.35	0.8	1
77293.75310000003	0.82	0.1	1
77700.06740000003	0.37	0.8	1
78107.32080000003	0.4	0.7	1
78515.24670000003	0.45	0.5	1
78923.97840000004	0.42	0.6	1
79334.04920000004	0.36	1.0	1
79745.45910000004	0.33	1.0	1
80158.20810000003	0.29	1.0	1
80572.69620000003	0.24	1.3	1
80988.25680000003	0.36	0.8	1
81404.88990000004	0.39	0.8	1
81822.59550000004	0.34	0.8	1
82241.37360000004	0.36	0.8	1
82661.22420000004	0.41	0.8	1
83082.54730000003	0.29	1.1	1
83504.00950000003	0.68	0.1	1
83926.67750000003	0.3	0.9	1
84350.41800000003	0.37	0.8	1
84775.09760000004	0.36	0.7	1
85200.84970000004	0.4	0.8	1
85627.40760000004	0.47	0.6	1
86055.30460000003	0.3	1.0	1
86484.27410000004	0.35	0.8	1
86914.44940000004	0.33	0.9	1
87345.96380000004	0.38	1.0	1
87777.75070000005	0.61	0.2	1
88209.81010000005	0.31	0.2	1
88642.94200000004	0.38	0.8	1
89077.27970000004	0.29	0.9	1
89512.95650000004	0.34	1.0	1
89949.57240000005	0.4	0.7	1
90386.59410000005	0.39	0.3	1
90824.42160000005	0.45	0.6	1
91263.18820000005	0.34	0.7	1
91702.62730000005	0.47	0.5	1
92143.53890000006	0.29	1.1	1
92585.52300000006	0.39	0.8	1
93027.64620000006	0.8	0.1	1
93470.84190000006	0.35	0.8	1
93915.37670000005	0.3	1.0	1
94360.98400000005	0.35	0.8	1
94808.06380000006	0.28	1.1	1
95256.34940000006	0.33	0.9	1
95705.70750000006	0.37	0.8	1
96156.13810000007	0.38	0.8	1
96606.70780000006	0.63	0.1	1
97058.48330000007	0.36	0.9	1
97511.33130000006	0.39	0.8	1
97965.38510000006	0.34	0.9	1
98421.17800000006	0.29	1.3	1
98877.11000000006	0.61	0.1	1
99334.11450000005	0.34	0.8	1
99792.19150000006	0.39	0.8	1
100252.00760000006	0.28	1.3	1
100712.49620000005	0.43	0.5	1
101173.12390000005	0.71	0.1	1
101634.42410000005	0.45	0.5	1
102096.39680000005	0.57	0.5	1
102559.30860000005	0.37	0.7	1
103022.35950000005	0.67	0.1	1
103486.88290000006	0.25	1.1	1
103952.61210000006	0.33	0.9	1
104419.81380000006	0.33	1.1	1
104888.08800000006	0.38	0.8	1
105357.16800000006	0.45	0.6	1
105827.45380000006	0.33	0.9	1
106298.94540000006	0.31	0.9	1
106771.77610000006	0.3	1.0	1
107245.27930000007	0.51	0.5	1
107719.98830000007	0.33	0.9	1
108196.16980000008	0.31	1.1	1
108673.42380000008	0.36	0.8	1
109151.35030000008	0.45	0.5	1
109630.61590000008	0.33	1.0	1
110110.82060000008	0.36	0.7	1
110591.96440000008	0.4	0.7	1
111073.91400000009	0.44	0.6	1
111557.0694000001	0.32	0.9	1
112041.83060000009	0.24	1.2	1
112527.66430000009	0.38	0.8	1
113014.83710000009	0.31	1.0	1
113503.08240000009	0.38	0.8	1
113992.53350000009	0.36	0.9	1
114483.45710000009	0.31	1.1	1
114975.58650000009	0.32	0.9	1
115468.9217000001	0.36	0.9	1
115963.1960000001	0.37	0.7	1
116458.6761000001	0.29	0.9	1
116954.6953000001	0.56	0.4	1
117452.4536000001	0.27	1.3	1
117950.3510000001	0.64	0.1	1
118448.3875000001	0.74	0.1	1
118947.4965000001	0.38	0.8	1
119447.81130000009	0.33	0.9	1
119948.26520000008	0.73	0.1	1
120449.79160000008	0.31	0.8	1
120952.39050000008	0.39	0.8	1
121456.86190000008	0.28	1.4	1
121962.67240000008	0.32	1.0	1
122469.02200000008	0.32	0.4	1
122976.44410000008	0.36	0.8	1
123485.07200000009	0.29	0.9	1
123994.50570000008	0.42	0.6	1
124505.01190000009	0.42	0.8	1
125016.19060000009	0.48	0.5	1
