1.1	0.7	0.1	1
3.3000000000000003	0.65	0.1	1
6.6000000000000005	0.67	0.1	1
9.0	0.69	0.1	1
12.5	0.67	0.1	1
17.1	0.8	0.1	1
21.8	0.63	0.1	1
27.6	0.65	0.1	1
34.5	0.72	0.1	1
42.5	0.66	0.1	1
51.6	0.74	0.1	1
61.8	0.65	0.1	1
73.1	0.74	0.1	1
85.5	0.75	0.1	1
99.0	0.59	0.1	1
113.6	0.85	0.1	1
129.29999999999998	0.44	0.1	1
146.09999999999997	0.62	0.1	1
162.99999999999997	0.64	0.1	1
180.99999999999997	0.65	0.1	1
200.09999999999997	0.57	0.1	1
220.29999999999995	0.59	0.1	1
241.59999999999997	0.61	0.1	1
263.99999999999994	0.52	0.1	1
287.49999999999994	0.5	0.1	1
312.09999999999997	0.78	0.1	1
337.79999999999995	0.71	0.1	1
364.59999999999997	0.77	0.1	1
392.49999999999994	0.84	0.1	1
421.49999999999994	0.73	0.1	1
451.59999999999997	0.63	0.1	1
482.79999999999995	0.56	0.1	1
515.0999999999999	0.71	0.1	1
548.4999999999999	0.76	0.1	1
582.9999999999999	0.6	0.1	1
618.5999999999999	0.79	0.1	1
