1.1	0.6	0.1	1
3.3000000000000003	0.74	0.1	1
6.6000000000000005	0.66	0.1	1
11.0	0.81	0.1	1
16.5	0.7	0.1	1
23.1	0.62	0.1	1
30.8	0.7	0.1	1
39.6	0.64	0.1	1
47.5	0.65	0.1	1
56.5	0.64	0.1	1
66.6	0.64	0.1	1
77.8	0.73	0.1	1
90.1	0.78	0.1	1
102.5	0.71	0.1	1
116.0	0.82	0.1	1
130.6	0.8	0.1	1
146.29999999999998	0.78	0.1	1
163.09999999999997	0.7	0.1	1
180.99999999999997	0.54	0.1	1
199.99999999999997	0.73	0.1	1
219.09999999999997	0.67	0.1	1
239.29999999999995	0.54	0.1	1
260.59999999999997	0.72	0.1	1
282.99999999999994	0.73	0.1	1
306.49999999999994	0.67	0.1	1
331.09999999999997	0.7	0.1	1
356.79999999999995	0.65	0.1	1
383.59999999999997	0.73	0.1	1
411.49999999999994	0.77	0.1	1
440.49999999999994	0.9	0.1	1
470.59999999999997	0.68	0.1	1
501.79999999999995	0.65	0.1	1
534.0999999999999	0.49	0.1	1
567.4999999999999	0.46	0.1	1
601.9999999999999	0.76	0.1	1
637.5999999999999	0.77	0.1	1
674.3	0.57	0.1	1
712.0999999999999	0.62	0.1	1
750.9999999999999	0.71	0.1	1
790.9999999999999	0.51	0.1	1
