3.2641	0.74	2.3	1
8.2257	0.84	1.9	1
16.0264	0.85	2.0	1
26.3829	0.87	1.8	1
39.4369	0.93	1.9	1
54.621700000000004	0.96	1.5	1
72.7873	0.86	2.1	1
93.792	0.84	2.0	1
117.7775	0.98	2.1	1
144.6021	0.88	2.0	1
174.4075	0.82	2.1	1
207.052	0.87	2.0	1
242.5356	0.92	2.0	1
280.575	0.88	1.8	1
322.0202	0.76	2.4	1
365.5962	0.92	1.5	1
412.29470000000003	0.79	2.2	1
461.83230000000003	0.93	2.0	1
514.7757	0.73	2.4	1
570.5582	0.81	2.0	1
629.3215	0.83	2.1	1
690.9239	0.88	2.0	1
755.2238	0.93	1.9	1
822.6462	0.8	2.2	1
892.7661	0.89	1.9	1
965.7251	0.86	2.0	1
1040.9566	0.91	1.6	1
1119.0272	0.85	2.0	1
1200.2203	0.77	2.2	1
1284.5358999999999	0.8	2.2	1
1371.4072999999999	0.94	1.8	1
1460.5511999999999	0.99	1.6	1
1552.5341999999998	0.84	2.0	1
1647.2146999999998	0.9	1.9	1
1744.7342999999998	0.97	2.0	1
1844.9514	0.97	1.9	1
1948.0076	0.89	2.0	1
2053.3363	0.97	1.6	1
