6500082	150000.0	0	500.0	15.0	0	300.0	315.0
6499020	158000.0	0	500.0	15.8	315.0	316.0	646.8
6499134	146000.0	2	1000.0	14.6	0	146.0	160.6
6499903	153000.0	3	1000.0	15.3	0	153.0	168.3
6499909	225000.0	4	4000.0	22.5038	0	56.25	78.7538
6500105	150000.0	5	4000.0	15.0038	0	37.5	52.5038
6499853	155000.0	5	4000.0	15.5038	52.5038	38.75	106.7576
6499209	153000.0	7	5000.0	15.3038	0	30.6	45.903800000000004
6499858	161000.0	8	5000.0	16.1067	0	32.2	48.306700000000006
6499150	159000.0	9	6000.0	15.9067	0	26.5	42.4067
6499736	152000.0	10	6000.0	15.2067	0	25.3333	40.54
6499344	158000.0	10	6000.0	15.8067	40.54	26.3333	82.68
6499750	155000.0	10	6000.0	15.5067	82.68	25.8333	124.02000000000001
6500214	143000.0	11	6000.0	14.3067	0	23.8333	38.14
6499382	150000.0	12	6000.0	15.0	0	25.0	40.0
6499374	150000.0	14	12000.0	15.0	0	12.5	27.5
6499260	161000.0	15	16000.0	16.1	0	10.0625	26.1625
6499949	143000.0	15	16000.0	14.3	26.1625	8.9375	49.400000000000006
6499509	150000.0	15	16000.0	15.0	49.4	9.375	73.775
6499040	150000.0	15	16000.0	15.0	73.775	9.375	98.15
6499875	139000.0	16	18000.0	13.9058	0	7.7222	21.628
6500076	142000.0	16	18000.0	14.2058	21.628	7.8889	43.722699999999996
6499692	150000.0	17	24000.0	15.0058	0	6.25	21.2558
6500083	154000.0	17	24000.0	15.4058	21.2558	6.4167	43.0783
6499476	156000.0	18	30000.0	15.6058	0	5.2	20.8058
6499447	162000.0	18	30000.0	16.2058	20.8058	5.4	42.4116
6499276	161000.0	19	30000.0	16.1058	0	5.3667	21.472499999999997
6499400	154000.0	19	30000.0	15.4058	21.4725	5.1333	42.011599999999994
6499188	161000.0	19	30000.0	16.1058	42.0116	5.3667	63.484100000000005
6500104	159000.0	19	30000.0	15.9058	63.4841	5.3	84.6899
6499421	156000.0	0	500.0	15.6	645.8	312.0	973.4
6499786	145000.0	0	500.0	14.5	973.4	290.0	1277.9
6499785	193000.0	0	500.0	19.3	1277.9	386.0	1683.2
6499792	212000.0	0	500.0	21.2	1683.2	424.0	2128.4
6499680	166000.0	0	500.0	16.6	2128.4	332.0	2477.0
6499328	158000.0	0	500.0	15.8	2477.0	316.0	2808.8
6499818	162000.0	0	500.0	16.2	2808.8	324.0	3149.0
6499341	182000.0	0	500.0	18.2	3149.0	364.0	3531.2
6499665	176000.0	0	500.0	17.6	3531.2	352.0	3900.7999999999997
6499625	144000.0	0	500.0	14.4	3900.8	288.0	4203.200000000001
6499585	179000.0	0	500.0	17.9	4203.2	358.0	4579.099999999999
6499713	151000.0	0	500.0	15.1	4579.1	302.0	4896.200000000001
6499309	194000.0	0	500.0	19.4	4896.2	388.0	5303.599999999999
6499540	142000.0	0	500.0	14.2	5303.6	284.0	5601.8
6499693	185000.0	0	500.0	18.5	5601.8	370.0	5990.3
6499500	147000.0	0	500.0	14.7	5990.3	294.0	6299.0
6499879	184000.0	0	500.0	18.4	6299.0	368.0	6685.4
6499904	174000.0	0	500.0	17.4	6685.4	348.0	7050.799999999999
6499080	212000.0	0	500.0	21.2	7050.8	424.0	7496.0
6500246	158000.0	0	500.0	15.8	7496.0	316.0	7827.8
6500239	166000.0	0	500.0	16.6	7827.8	332.0	8176.400000000001
6500211	198000.0	0	500.0	19.8	8176.4	396.0	8592.199999999999
6500237	199000.0	0	500.0	19.9	8592.2	398.0	9010.1
6499921	149000.0	0	500.0	14.9	9010.1	298.0	9323.0
6500280	172000.0	0	500.0	17.2	9323.0	344.0	9684.2
6499954	197000.0	0	500.0	19.7	9684.2	394.0	10097.900000000001
6499083	155000.0	0	500.0	15.5	10097.9	310.0	10423.4
6499989	154000.0	0	500.0	15.4	10423.4	308.0	10746.8
6500007	159000.0	0	500.0	15.9	10746.8	318.0	11080.699999999999
6500017	145000.0	0	500.0	14.5	11080.7	290.0	11385.2
6500098	174000.0	0	500.0	17.4	11385.2	348.0	11750.6
6500133	170000.0	0	500.0	17.0	11750.6	340.0	12107.6
6499748	150000.0	9	6000.0	15.0067	41.4067	25.0	81.4134
6499333	180000.0	9	6000.0	18.0067	81.4134	30.0	129.4201
6499334	176000.0	9	6000.0	17.6067	129.4201	29.3333	176.3601
6499702	263000.0	9	6000.0	26.3067	176.3601	43.8333	246.5001
6499271	144000.0	9	6000.0	14.4067	246.5001	24.0	284.9068
6499496	199000.0	9	6000.0	19.9067	284.9068	33.1667	337.98019999999997
6499959	170000.0	9	6000.0	17.0067	337.9802	28.3333	383.32020000000006
6500227	194000.0	9	6000.0	19.4067	383.3202	32.3333	435.0602
6500192	156000.0	9	6000.0	15.6067	435.0602	26.0	476.6669
6500262	180000.0	9	6000.0	18.0067	476.6669	30.0	524.6736000000001
6500135	177000.0	9	6000.0	17.7067	524.6736	29.5	571.8802999999999
6500060	173000.0	9	6000.0	17.3067	571.8803	28.8333	618.0203
6500071	233000.0	9	6000.0	23.3067	618.0203	38.8333	680.1603
6499844	149000.0	9	6000.0	14.9067	680.1603	24.8333	719.9003
6499567	167000.0	10	6000.0	16.7067	123.02	27.8333	167.56
6499683	205000.0	10	6000.0	20.5067	167.56	34.1667	222.2334
6499697	160000.0	10	6000.0	16.0067	222.2334	26.6667	264.9068
6499273	146000.0	10	6000.0	14.6067	264.9068	24.3333	303.8468
6499710	162000.0	10	6000.0	16.2067	303.8468	27.0	347.0535
6499689	147000.0	10	6000.0	14.7067	347.0535	24.5	386.2602
6499306	190000.0	10	6000.0	19.0067	386.2602	31.6667	436.9336
6499112	183000.0	10	6000.0	18.3067	436.9336	30.5	485.7403
6499970	162000.0	10	6000.0	16.2067	485.7403	27.0	528.947
6500219	165000.0	10	6000.0	16.5067	528.947	27.5	572.9537
6500095	153000.0	10	6000.0	15.3067	572.9537	25.5	613.7604
6499135	176000.0	10	6000.0	17.6067	613.7604	29.3333	660.7004000000001
6499138	175000.0	10	6000.0	17.5067	660.7004	29.1667	707.3738
6500101	196000.0	10	6000.0	19.6067	707.3738	32.6667	759.6472
6499746	181000.0	11	6000.0	18.1067	37.14	30.1667	85.4134
6499242	175000.0	11	6000.0	17.5067	85.4134	29.1667	132.08679999999998
6499419	150000.0	11	6000.0	15.0067	132.0868	25.0	172.0935
6499623	204000.0	11	6000.0	20.4067	172.0935	34.0	226.5002
6499698	161000.0	11	6000.0	16.1067	226.5002	26.8333	269.4402
6499695	149000.0	11	6000.0	14.9067	269.4402	24.8333	309.1802
6499305	225000.0	11	6000.0	22.5067	309.1802	37.5	369.18690000000004
6499966	183000.0	11	6000.0	18.3067	369.1869	30.5	417.99359999999996
6500170	163000.0	11	6000.0	16.3067	417.9936	27.1667	461.467
6500139	148000.0	11	6000.0	14.8067	461.467	24.6667	500.94039999999995
6500263	180000.0	11	6000.0	18.0067	500.9404	30.0	548.9471
6499118	172000.0	11	6000.0	17.2067	548.9471	28.6667	594.8204999999999
6499168	157000.0	11	6000.0	15.7067	594.8205	26.1667	636.6939
6499154	192000.0	11	6000.0	19.2067	636.6939	32.0	687.9005999999999
6500132	163000.0	11	6000.0	16.3067	687.9006	27.1667	731.374
6499851	149000.0	11	6000.0	14.9067	731.374	24.8333	771.114
6499215	144000.0	12	6000.0	14.4	39.0	24.0	77.4
6499677	162000.0	12	6000.0	16.2	77.4	27.0	120.60000000000001
6499701	184000.0	12	6000.0	18.4	120.6	30.6667	169.6667
6499462	172000.0	12	6000.0	17.2	169.6667	28.6667	215.53339999999997
6499458	171000.0	12	6000.0	17.1	215.5334	28.5	261.1334
6499712	161000.0	12	6000.0	16.1	261.1334	26.8333	304.0667
6499502	143000.0	12	6000.0	14.3	304.0667	23.8333	342.20000000000005
6499298	178000.0	12	6000.0	17.8	342.2	29.6667	389.6667
6499034	168000.0	12	6000.0	16.8	389.6667	28.0	434.4667
6500155	164000.0	12	6000.0	16.4	434.4667	27.3333	478.2
6500218	181000.0	12	6000.0	18.1	478.2	30.1667	526.4667000000001
6500225	173000.0	12	6000.0	17.3	526.4667	28.8333	572.5999999999999
6499937	169000.0	12	6000.0	16.9	572.6	28.1667	617.6667
6499920	162000.0	12	6000.0	16.2	617.6667	27.0	660.8667
6500270	189000.0	12	6000.0	18.9	660.8667	31.5	711.2667
6500264	142000.0	12	6000.0	14.2	711.2667	23.6667	749.1334
6500134	158000.0	12	6000.0	15.8	749.1334	26.3333	791.2667
6499560	146000.0	13	8000.0	14.6	0	18.25	32.85
6499335	163000.0	13	8000.0	16.3	32.85	20.375	69.525
6499285	190000.0	13	8000.0	19.0	69.525	23.75	112.275
6499288	173000.0	13	8000.0	17.3	112.275	21.625	151.20000000000002
6499467	142000.0	13	8000.0	14.2	151.2	17.75	183.14999999999998
6499275	152000.0	13	8000.0	15.2	183.15	19.0	217.35
6499503	177000.0	13	8000.0	17.7	217.35	22.125	257.17499999999995
6499894	186000.0	13	8000.0	18.6	257.175	23.25	299.02500000000003
6499049	164000.0	13	8000.0	16.4	299.025	20.5	335.92499999999995
6499960	167000.0	13	8000.0	16.7	335.925	20.875	373.5
6499906	182000.0	13	8000.0	18.2	373.5	22.75	414.45
6500166	186000.0	13	8000.0	18.6	414.45	23.25	456.3
6499876	179000.0	13	8000.0	17.9	456.3	22.375	496.575
6499968	242000.0	13	8000.0	24.2	496.575	30.25	551.025
6500220	174000.0	13	8000.0	17.4	551.025	21.75	590.175
6499922	178000.0	13	8000.0	17.8	590.175	22.25	630.2249999999999
6500278	190000.0	13	8000.0	19.0	630.225	23.75	672.975
6499828	161000.0	13	8000.0	16.1	672.975	20.125	709.2
6499172	171000.0	13	8000.0	17.1	709.2	21.375	747.6750000000001
6500069	188000.0	13	8000.0	18.8	747.675	23.5	789.9749999999999
6500086	154000.0	13	8000.0	15.4	789.975	19.25	824.625
6499991	151000.0	13	8000.0	15.1	824.625	18.875	858.6
6500091	172000.0	13	8000.0	17.2	858.6	21.5	897.3000000000001
6499141	166000.0	13	8000.0	16.6	897.3	20.75	934.65
6499978	165000.0	13	8000.0	16.5	934.65	20.625	971.775
6499449	160000.0	14	12000.0	16.0	26.5	13.3333	55.8333
6499434	198000.0	14	12000.0	19.8	55.8333	16.5	92.1333
6499437	182000.0	14	12000.0	18.2	92.1333	15.1667	125.50000000000001
6499444	182000.0	14	12000.0	18.2	125.5	15.1667	158.86669999999998
6499240	153000.0	14	12000.0	15.3	158.8667	12.75	186.91670000000002
6499256	166000.0	14	12000.0	16.6	186.9167	13.8333	217.35
6499249	152000.0	14	12000.0	15.2	217.35	12.6667	245.21669999999997
6499784	201000.0	14	12000.0	20.1	245.2167	16.75	282.0667
6499604	199000.0	14	12000.0	19.9	282.0667	16.5833	318.55
6499555	150000.0	14	12000.0	15.0	318.55	12.5	346.05
6499558	150000.0	14	12000.0	15.0	346.05	12.5	373.55
6499672	143000.0	14	12000.0	14.3	373.55	11.9167	399.7667
6499681	176000.0	14	12000.0	17.6	399.7667	14.6667	432.03340000000003
6499347	157000.0	14	12000.0	15.7	432.0334	13.0833	460.81669999999997
6499548	167000.0	14	12000.0	16.7	460.8167	13.9167	491.4334
6499340	192000.0	14	12000.0	19.2	491.4334	16.0	526.6333999999999
6499634	168000.0	14	12000.0	16.8	526.6334	14.0	557.4334
6499357	174000.0	14	12000.0	17.4	557.4334	14.5	589.3334
6499648	137000.0	14	12000.0	13.7	589.3334	11.4167	614.4501
6499644	207000.0	14	12000.0	20.7	614.4501	17.25	652.4001000000001
6499283	170000.0	14	12000.0	17.0	652.4001	14.1667	683.5668
6499472	167000.0	14	12000.0	16.7	683.5668	13.9167	714.1835
6499696	166000.0	14	12000.0	16.6	714.1835	13.8333	744.6168
6499312	226000.0	14	12000.0	22.6	744.6168	18.8333	786.0501
6499533	138000.0	14	12000.0	13.8	786.0501	11.5	811.3501
6499694	172000.0	14	12000.0	17.2	811.3501	14.3333	842.8834
6499691	176000.0	14	12000.0	17.6	842.8834	14.6667	875.1501000000001
6499290	166000.0	14	12000.0	16.6	875.1501	13.8333	905.5834
6499363	201000.0	14	12000.0	20.1	905.5834	16.75	942.4334
6499061	142000.0	14	12000.0	14.2	942.4334	11.8333	968.4667000000001
6499882	195000.0	14	12000.0	19.5	968.4667	16.25	1004.2167
6499055	141000.0	14	12000.0	14.1	1004.2167	11.75	1030.0666999999999
6499963	141000.0	14	12000.0	14.1	1030.0667	11.75	1055.9167
6499101	171000.0	14	12000.0	17.1	1055.9167	14.25	1087.2667
6499097	165000.0	14	12000.0	16.5	1087.2667	13.75	1117.5167
6500158	193000.0	14	12000.0	19.3	1117.5167	16.0833	1152.8999999999999
6500197	161000.0	14	12000.0	16.1	1152.9	13.4167	1182.4167
6500217	217000.0	14	12000.0	21.7	1182.4167	18.0833	1222.2
6499946	190000.0	14	12000.0	19.0	1222.2	15.8333	1257.0333
6499917	178000.0	14	12000.0	17.8	1257.0333	14.8333	1289.6666
6500180	183000.0	14	12000.0	18.3	1289.6666	15.25	1323.2166
6499957	144000.0	14	12000.0	14.4	1323.2166	12.0	1349.6166
6499931	166000.0	14	12000.0	16.6	1349.6166	13.8333	1380.0499
6500277	149000.0	14	12000.0	14.9	1380.0499	12.4167	1407.3666
6499932	150000.0	14	12000.0	15.0	1407.3666	12.5	1434.8666
6499009	155000.0	14	12000.0	15.5	1434.8666	12.9167	1463.2833
6499935	234000.0	14	12000.0	23.4	1463.2833	19.5	1506.1833000000001
6500068	249000.0	14	12000.0	24.9	1506.1833	20.75	1551.8333
6499837	162000.0	14	12000.0	16.2	1551.8333	13.5	1581.5333
6499148	142000.0	14	12000.0	14.2	1581.5333	11.8333	1607.5666
6499144	186000.0	14	12000.0	18.6	1607.5666	15.5	1641.6666
6499212	156000.0	14	12000.0	15.6	1641.6666	13.0	1670.2666
6499203	195000.0	14	12000.0	19.5	1670.2666	16.25	1706.0166
6499178	183000.0	14	12000.0	18.3	1706.0166	15.25	1739.5665999999999
6499842	175000.0	14	12000.0	17.5	1739.5666	14.5833	1771.6499000000001
6500114	158000.0	14	12000.0	15.8	1771.6499	13.1667	1800.6165999999998
6499129	213000.0	14	12000.0	21.3	1800.6166	17.75	1839.6666
6499369	136000.0	15	16000.0	13.6	97.15	8.5	119.25
6499440	147000.0	15	16000.0	14.7	119.25	9.1875	143.1375
6499380	221000.0	15	16000.0	22.1	143.1375	13.8125	179.04999999999998
6499383	170000.0	15	16000.0	17.0	179.05	10.625	206.675
6499246	171000.0	15	16000.0	17.1	206.675	10.6875	234.4625
6499772	200000.0	15	16000.0	20.0	234.4625	12.5	266.9625
6499767	225000.0	15	16000.0	22.5	266.9625	14.0625	303.525
6499744	149000.0	15	16000.0	14.9	303.525	9.3125	327.73749999999995
6499791	156000.0	15	16000.0	15.6	327.7375	9.75	353.08750000000003
6499395	171000.0	15	16000.0	17.1	353.0875	10.6875	380.875
6499552	156000.0	15	16000.0	15.6	380.875	9.75	406.225
6499346	191000.0	15	16000.0	19.1	406.225	11.9375	437.26250000000005
6499628	152000.0	15	16000.0	15.2	437.2625	9.5	461.9625
6499588	215000.0	15	16000.0	21.5	461.9625	13.4375	496.9
6499606	184000.0	15	16000.0	18.4	496.9	11.5	526.8
6499664	135000.0	15	16000.0	13.5	526.8	8.4375	548.7375
6499655	144000.0	15	16000.0	14.4	548.7375	9.0	572.1374999999999
6499580	205000.0	15	16000.0	20.5	572.1375	12.8125	605.45
6499268	180000.0	15	16000.0	18.0	605.45	11.25	634.7
6499543	151000.0	15	16000.0	15.1	634.7	9.4375	659.2375000000001
6499706	187000.0	15	16000.0	18.7	659.2375	11.6875	689.625
6499699	155000.0	15	16000.0	15.5	689.625	9.6875	714.8125
6499270	155000.0	15	16000.0	15.5	714.8125	9.6875	740.0
6499456	192000.0	15	16000.0	19.2	740.0	12.0	771.2
6499274	198000.0	15	16000.0	19.8	771.2	12.375	803.375
6499277	149000.0	15	16000.0	14.9	803.375	9.3125	827.5875
6499538	146000.0	15	16000.0	14.6	827.5875	9.125	851.3125
6499318	167000.0	15	16000.0	16.7	851.3125	10.4375	878.45
6499498	199000.0	15	16000.0	19.9	878.45	12.4375	910.7875
6499886	177000.0	15	16000.0	17.7	910.7875	11.0625	939.5500000000001
6500165	185000.0	15	16000.0	18.5	939.55	11.5625	969.6125
6499896	181000.0	15	16000.0	18.1	969.6125	11.3125	999.025
6499901	167000.0	15	16000.0	16.7	999.025	10.4375	1026.1625
6499913	179000.0	15	16000.0	17.9	1026.1625	11.1875	1055.25
6499110	222000.0	15	16000.0	22.2	1055.25	13.875	1091.325
6499108	163000.0	15	16000.0	16.3	1091.325	10.1875	1117.8125
6499972	150000.0	15	16000.0	15.0	1117.8125	9.375	1142.1875
6499967	170000.0	15	16000.0	17.0	1142.1875	10.625	1169.8125
6500157	176000.0	15	16000.0	17.6	1169.8125	11.0	1198.4125
6499974	149000.0	15	16000.0	14.9	1198.4125	9.3125	1222.625
6500255	203000.0	15	16000.0	20.3	1222.625	12.6875	1255.6125
6499952	184000.0	15	16000.0	18.4	1255.6125	11.5	1285.5125
6500200	204000.0	15	16000.0	20.4	1285.5125	12.75	1318.6625000000001
6500201	147000.0	15	16000.0	14.7	1318.6625	9.1875	1342.55
6500209	141000.0	15	16000.0	14.1	1342.55	8.8125	1365.4624999999999
6500275	157000.0	15	16000.0	15.7	1365.4625	9.8125	1390.9750000000001
6499836	158000.0	15	16000.0	15.8	1390.975	9.875	1416.6499999999999
6499996	181000.0	15	16000.0	18.1	1416.65	11.3125	1446.0625
6499190	190000.0	15	16000.0	19.0	1446.0625	11.875	1476.9375
6499186	226000.0	15	16000.0	22.6	1476.9375	14.125	1513.6625
6499179	193000.0	15	16000.0	19.3	1513.6625	12.0625	1545.0249999999999
6500051	144000.0	15	16000.0	14.4	1545.025	9.0	1568.4250000000002
6500230	136000.0	15	16000.0	13.6	1568.425	8.5	1590.5249999999999
6499805	191000.0	16	18000.0	19.1058	42.7227	10.6111	72.43960000000001
6499378	168000.0	16	18000.0	16.8058	72.4396	9.3333	98.5787
6499225	182000.0	16	18000.0	18.2058	98.5787	10.1111	126.8956
6499761	171000.0	16	18000.0	17.1058	126.8956	9.5	153.5014
6499752	167000.0	16	18000.0	16.7058	153.5014	9.2778	179.485
6499416	166000.0	16	18000.0	16.6058	179.485	9.2222	205.313
6499790	182000.0	16	18000.0	18.2058	205.313	10.1111	233.6299
6499388	202000.0	16	18000.0	20.2058	233.6299	11.2222	265.0579
6499254	149000.0	16	18000.0	14.9058	265.0579	8.2778	288.24150000000003
6499425	145000.0	16	18000.0	14.5058	288.2415	8.0556	310.8029
6499450	169000.0	16	18000.0	16.9058	310.8029	9.3889	337.0976
6499679	206000.0	16	18000.0	20.6058	337.0976	11.4444	369.14779999999996
6499673	236000.0	16	18000.0	23.6058	369.1478	13.1111	405.8647
6499348	162000.0	16	18000.0	16.2058	405.8647	9.0	431.07050000000004
6499596	195000.0	16	18000.0	19.5058	431.0705	10.8333	461.4096
6499574	172000.0	16	18000.0	17.2058	461.4096	9.5556	488.17100000000005
6499653	182000.0	16	18000.0	18.2058	488.171	10.1111	516.4879
6499586	188000.0	16	18000.0	18.8058	516.4879	10.4444	545.7380999999999
6499325	147000.0	16	18000.0	14.7058	545.7381	8.1667	568.6106
6499487	148000.0	16	18000.0	14.8058	568.6106	8.2222	591.6386
6499313	155000.0	16	18000.0	15.5058	591.6386	8.6111	615.7555
6499514	206000.0	16	18000.0	20.6058	615.7555	11.4444	647.8057
6499488	172000.0	16	18000.0	17.2058	647.8057	9.5556	674.5671
6499890	145000.0	16	18000.0	14.5058	674.5671	8.0556	697.1285
6499092	196000.0	16	18000.0	19.6058	697.1285	10.8889	727.6232000000001
6499869	142000.0	16	18000.0	14.2058	727.6232	7.8889	749.7179
6499942	150000.0	16	18000.0	15.0058	749.7179	8.3333	773.057
6500240	162000.0	16	18000.0	16.2058	773.057	9.0	798.2628
6500260	206000.0	16	18000.0	20.6058	798.2628	11.4444	830.313
6500222	157000.0	16	18000.0	15.7058	830.313	8.7222	854.741
6499015	144000.0	16	18000.0	14.4058	854.741	8.0	877.1468
6499013	149000.0	16	18000.0	14.9058	877.1468	8.2778	900.3303999999999
6499207	147000.0	16	18000.0	14.7058	900.3304	8.1667	923.2029
6499201	184000.0	16	18000.0	18.4058	923.2029	10.2222	951.8309
6500022	144000.0	16	18000.0	14.4058	951.8309	8.0	974.2367
6500026	189000.0	16	18000.0	18.9058	974.2367	10.5	1003.6425
6500029	146000.0	16	18000.0	14.6058	1003.6425	8.1111	1026.3594
6499824	209000.0	16	18000.0	20.9058	1026.3594	11.6111	1058.8763000000001
6499132	144000.0	16	18000.0	14.4058	1058.8763	8.0	1081.2821
6500113	175000.0	16	18000.0	17.5058	1081.2821	9.7222	1108.5100999999997
6500116	145000.0	16	18000.0	14.5058	1108.5101	8.0556	1131.0714999999998
6499987	150000.0	16	18000.0	15.0058	1131.0715	8.3333	1154.4106
6499799	151000.0	17	24000.0	15.1058	42.0783	6.2917	63.4758
6499267	293000.0	17	24000.0	29.3058	63.4758	12.2083	104.98989999999999
6499263	175000.0	17	24000.0	17.5058	104.9899	7.2917	129.7874
6499811	150000.0	17	24000.0	15.0058	129.7874	6.25	151.04319999999998
6499381	157000.0	17	24000.0	15.7058	151.0432	6.5417	173.29070000000002
6499373	171000.0	17	24000.0	17.1058	173.2907	7.125	197.52149999999997
6499226	177000.0	17	24000.0	17.7058	197.5215	7.375	222.6023
6499424	154000.0	17	24000.0	15.4058	222.6023	6.4167	244.4248
6499432	188000.0	17	24000.0	18.8058	244.4248	7.8333	271.0639
6499394	165000.0	17	24000.0	16.5058	271.0639	6.875	294.4447
6499398	152000.0	17	24000.0	15.2058	294.4447	6.3333	315.98380000000003
6499740	207000.0	17	24000.0	20.7058	315.9838	8.625	345.3146
6499554	175000.0	17	24000.0	17.5058	345.3146	7.2917	370.1121
6499678	164000.0	17	24000.0	16.4058	370.1121	6.8333	393.3512
6499668	193000.0	17	24000.0	19.3058	393.3512	8.0417	420.6987
6499687	183000.0	17	24000.0	18.3058	420.6987	7.625	446.62949999999995
6499345	151000.0	17	24000.0	15.1058	446.6295	6.2917	468.027
6499599	205000.0	17	24000.0	20.5058	468.027	8.5417	497.0745
6499609	191000.0	17	24000.0	19.1058	497.0745	7.9583	524.1386
6499649	169000.0	17	24000.0	16.9058	524.1386	7.0417	548.0861
6499638	150000.0	17	24000.0	15.0058	548.0861	6.25	569.3419
6499637	174000.0	17	24000.0	17.4058	569.3419	7.25	593.9977
6499700	161000.0	17	24000.0	16.1058	593.9977	6.7083	616.8118000000001
6500004	166000.0	17	24000.0	16.6058	616.8118	6.9167	640.3343
6499530	206000.0	17	24000.0	20.6058	640.3343	8.5833	669.5234
6499531	162000.0	17	24000.0	16.2058	669.5234	6.75	692.4792
6499314	257000.0	17	24000.0	25.7058	692.4792	10.7083	728.8933
6499504	169000.0	17	24000.0	16.9058	728.8933	7.0417	752.8408
6499058	153000.0	17	24000.0	15.3058	752.8408	6.375	774.5215999999999
6499054	170000.0	17	24000.0	17.0058	774.5216	7.0833	798.6107000000001
6499867	185000.0	17	24000.0	18.5058	798.6107	7.7083	824.8248
6499099	172000.0	17	24000.0	17.2058	824.8248	7.1667	849.1972999999999
6499871	173000.0	17	24000.0	17.3058	849.1973	7.2083	873.7114
6500159	191000.0	17	24000.0	19.1058	873.7114	7.9583	900.7755000000001
6500259	255000.0	17	24000.0	25.5058	900.7755	10.625	936.9063
6500243	232000.0	17	24000.0	23.2058	936.9063	9.6667	969.7787999999999
6499930	173000.0	17	24000.0	17.3058	969.7788	7.2083	994.2929
6499022	191000.0	17	24000.0	19.1058	994.2929	7.9583	1021.3570000000001
6499830	195000.0	17	24000.0	19.5058	1021.357	8.125	1048.9877999999999
6499839	158000.0	17	24000.0	15.8058	1048.9878	6.5833	1071.3769000000002
6499841	179000.0	17	24000.0	17.9058	1071.3769	7.4583	1096.741
6500010	183000.0	17	24000.0	18.3058	1096.741	7.625	1122.6718
6500031	190000.0	17	24000.0	19.0058	1122.6718	7.9167	1149.5943
6499185	207000.0	17	24000.0	20.7058	1149.5943	8.625	1178.9251
6499827	180000.0	17	24000.0	18.0058	1178.9251	7.5	1204.4308999999998
6500045	175000.0	17	24000.0	17.5058	1204.4309	7.2917	1229.2284
6499975	174000.0	17	24000.0	17.4058	1229.2284	7.25	1253.8842
6500120	188000.0	17	24000.0	18.8058	1253.8842	7.8333	1280.5233
6499977	182000.0	17	24000.0	18.2058	1280.5233	7.5833	1306.3124
6499122	246000.0	17	24000.0	24.6058	1306.3124	10.25	1341.1682
6499793	167000.0	18	30000.0	16.7058	41.4116	5.5667	63.6841
6499816	198000.0	18	30000.0	19.8058	63.6841	6.6	90.0899
6499720	160000.0	18	30000.0	16.0058	90.0899	5.3333	111.42899999999999
6499370	152000.0	18	30000.0	15.2058	111.429	5.0667	131.7015
6499809	171000.0	18	30000.0	17.1058	131.7015	5.7	154.5073
6499780	178000.0	18	30000.0	17.8058	154.5073	5.9333	178.2464
6499236	193000.0	18	30000.0	19.3058	178.2464	6.4333	203.9855
6499239	167000.0	18	30000.0	16.7058	203.9855	5.5667	226.258
6499247	173000.0	18	30000.0	17.3058	226.258	5.7667	249.33050000000003
6499726	181000.0	18	30000.0	18.1058	249.3305	6.0333	273.4696
6499230	168000.0	18	30000.0	16.8058	273.4696	5.6	295.8754
6499760	180000.0	18	30000.0	18.0058	295.8754	6.0	319.88120000000004
6499729	203000.0	18	30000.0	20.3058	319.8812	6.7667	346.95369999999997
6499401	159000.0	18	30000.0	15.9058	346.9537	5.3	368.15950000000004
6499728	204000.0	18	30000.0	20.4058	368.1595	6.8	395.3653
6499360	172000.0	18	30000.0	17.2058	395.3653	5.7333	418.3044
6499339	152000.0	18	30000.0	15.2058	418.3044	5.0667	438.5769
6499342	168000.0	18	30000.0	16.8058	438.5769	5.6	460.9827
6499667	218000.0	18	30000.0	21.8058	460.9827	7.2667	490.0552
6499593	206000.0	18	30000.0	20.6058	490.0552	6.8667	517.5277
6499613	167000.0	18	30000.0	16.7058	517.5277	5.5667	539.8001999999999
6499608	182000.0	18	30000.0	18.2058	539.8002	6.0667	564.0726999999999
6499602	176000.0	18	30000.0	17.6058	564.0727	5.8667	587.5452000000001
6499631	181000.0	18	30000.0	18.1058	587.5452	6.0333	611.6843000000001
6499666	210000.0	18	30000.0	21.0058	611.6843	7.0	639.6901
6499647	175000.0	18	30000.0	17.5058	639.6901	5.8333	663.0292000000001
6499583	165000.0	18	30000.0	16.5058	663.0292	5.5	685.035
6499475	162000.0	18	30000.0	16.2058	685.035	5.4	706.6407999999999
6499321	187000.0	18	30000.0	18.7058	706.6408	6.2333	731.5799
6499527	191000.0	18	30000.0	19.1058	731.5799	6.3667	757.0524
6499535	188000.0	18	30000.0	18.8058	757.0524	6.2667	782.1249
6499316	166000.0	18	30000.0	16.6058	782.1249	5.5333	804.2640000000001
6499517	186000.0	18	30000.0	18.6058	804.264	6.2	829.0698000000001
6499513	157000.0	18	30000.0	15.7058	829.0698	5.2333	850.0088999999999
6499508	199000.0	18	30000.0	19.9058	850.0089	6.6333	876.548
6499302	178000.0	18	30000.0	17.8058	876.548	5.9333	900.2871
6500273	196000.0	18	30000.0	19.6058	900.2871	6.5333	926.4262000000001
6499062	205000.0	18	30000.0	20.5058	926.4262	6.8333	953.7653
6499964	150000.0	18	30000.0	15.0058	953.7653	5.0	973.7711
6499045	182000.0	18	30000.0	18.2058	973.7711	6.0667	998.0436
6500173	185000.0	18	30000.0	18.5058	998.0436	6.1667	1022.7161
6499908	157000.0	18	30000.0	15.7058	1022.7161	5.2333	1043.6552000000001
6499973	155000.0	18	30000.0	15.5058	1043.6552	5.1667	1064.3276999999998
6499863	171000.0	18	30000.0	17.1058	1064.3277	5.7	1087.1335000000001
6499082	183000.0	18	30000.0	18.3058	1087.1335	6.1	1111.5393
6499077	195000.0	18	30000.0	19.5058	1111.5393	6.5	1137.5450999999998
6499072	189000.0	18	30000.0	18.9058	1137.5451	6.3	1162.7509
6500152	187000.0	18	30000.0	18.7058	1162.7509	6.2333	1187.69
6499945	164000.0	18	30000.0	16.4058	1187.69	5.4667	1209.5625
6500210	230000.0	18	30000.0	23.0058	1209.5625	7.6667	1240.235
6499948	165000.0	18	30000.0	16.5058	1240.235	5.5	1262.2407999999998
6499021	167000.0	18	30000.0	16.7058	1262.2408	5.5667	1284.5133
6499956	207000.0	18	30000.0	20.7058	1284.5133	6.9	1312.1191000000001
6499014	186000.0	18	30000.0	18.6058	1312.1191	6.2	1336.9249
6500267	183000.0	18	30000.0	18.3058	1336.9249	6.1	1361.3307
6499999	182000.0	18	30000.0	18.2058	1361.3307	6.0667	1385.6032
6500074	160000.0	18	30000.0	16.0058	1385.6032	5.3333	1406.9423
6500080	162000.0	18	30000.0	16.2058	1406.9423	5.4	1428.5481
6500000	206000.0	18	30000.0	20.6058	1428.5481	6.8667	1456.0206
6500015	175000.0	18	30000.0	17.5058	1456.0206	5.8333	1479.3597
6500016	170000.0	18	30000.0	17.0058	1479.3597	5.6667	1502.0321999999999
6500028	154000.0	18	30000.0	15.4058	1502.0322	5.1333	1522.5713
6499192	164000.0	18	30000.0	16.4058	1522.5713	5.4667	1544.4438
6500041	176000.0	18	30000.0	17.6058	1544.4438	5.8667	1567.9163
6500043	174000.0	18	30000.0	17.4058	1567.9163	5.8	1591.1221
6500110	150000.0	18	30000.0	15.0058	1591.1221	5.0	1611.1279
6499142	185000.0	18	30000.0	18.5058	1611.1279	6.1667	1635.8003999999999
6499221	170000.0	19	30000.0	17.0058	83.6899	5.6667	106.3624
6499218	191000.0	19	30000.0	19.1058	106.3624	6.3667	131.8349
6499231	220000.0	19	30000.0	22.0058	131.8349	7.3333	161.174
6499771	172000.0	19	30000.0	17.2058	161.174	5.7333	184.11310000000003
6499405	175000.0	19	30000.0	17.5058	184.1131	5.8333	207.4522
6499407	196000.0	19	30000.0	19.6058	207.4522	6.5333	233.5913
6499765	160000.0	19	30000.0	16.0058	233.5913	5.3333	254.9304
6499412	179000.0	19	30000.0	17.9058	254.9304	5.9667	278.80289999999997
6499403	152000.0	19	30000.0	15.2058	278.8029	5.0667	299.07540000000006
6499248	161000.0	19	30000.0	16.1058	299.0754	5.3667	320.54789999999997
6499674	190000.0	19	30000.0	19.0058	320.5479	6.3333	345.88700000000006
6499353	159000.0	19	30000.0	15.9058	345.887	5.3	367.0928
6499670	186000.0	19	30000.0	18.6058	367.0928	6.2	391.8986
6499551	157000.0	19	30000.0	15.7058	391.8986	5.2333	412.8377
6499326	174000.0	19	30000.0	17.4058	412.8377	5.8	436.0435
6499589	179000.0	19	30000.0	17.9058	436.0435	5.9667	459.916
6499617	163000.0	19	30000.0	16.3058	459.916	5.4333	481.65509999999995
6499605	171000.0	19	30000.0	17.1058	481.6551	5.7	504.4609
6499661	156000.0	19	30000.0	15.6058	504.4609	5.2	525.2667
6499658	186000.0	19	30000.0	18.6058	525.2667	6.2	550.0725000000001
6499483	154000.0	19	30000.0	15.4058	550.0725	5.1333	570.6116
6499484	159000.0	19	30000.0	15.9058	570.6116	5.3	591.8173999999999
6499491	159000.0	19	30000.0	15.9058	591.8174	5.3	613.0232
6499718	175000.0	19	30000.0	17.5058	613.0232	5.8333	636.3623
6499272	176000.0	19	30000.0	17.6058	636.3623	5.8667	659.8348000000001
6499457	169000.0	19	30000.0	16.9058	659.8348	5.6333	682.3738999999999
6499460	158000.0	19	30000.0	15.8058	682.3739	5.2667	703.4464
6499465	158000.0	19	30000.0	15.8058	703.4464	5.2667	724.5189
6499497	154000.0	19	30000.0	15.4058	724.5189	5.1333	745.058
6499299	190000.0	19	30000.0	19.0058	745.058	6.3333	770.3971
6499300	186000.0	19	30000.0	18.6058	770.3971	6.2	795.2029000000001
6499877	191000.0	19	30000.0	19.1058	795.2029	6.3667	820.6754000000001
6499057	163000.0	19	30000.0	16.3058	820.6754	5.4333	842.4145
6500164	168000.0	19	30000.0	16.8058	842.4145	5.6	864.8203
6499899	174000.0	19	30000.0	17.4058	864.8203	5.8	888.0260999999999
6500142	163000.0	19	30000.0	16.3058	888.0261	5.4333	909.7652
6499859	207000.0	19	30000.0	20.7058	909.7652	6.9	937.371
6499971	164000.0	19	30000.0	16.4058	937.371	5.4667	959.2434999999999
6500151	179000.0	19	30000.0	17.9058	959.2435	5.9667	983.116
6499872	155000.0	19	30000.0	15.5058	983.116	5.1667	1003.7885
6499029	172000.0	19	30000.0	17.2058	1003.7885	5.7333	1026.7276
6499919	162000.0	19	30000.0	16.2058	1026.7276	5.4	1048.3334
6500254	191000.0	19	30000.0	19.1058	1048.3334	6.3667	1073.8059
6500193	154000.0	19	30000.0	15.4058	1073.8059	5.1333	1094.345
6499951	180000.0	19	30000.0	18.0058	1094.345	6.0	1118.3508
6500221	177000.0	19	30000.0	17.7058	1118.3508	5.9	1141.9566
6499947	167000.0	19	30000.0	16.7058	1141.9566	5.5667	1164.2291
6500205	200000.0	19	30000.0	20.0058	1164.2291	6.6667	1190.9016
6500181	180000.0	19	30000.0	18.0058	1190.9016	6.0	1214.9073999999998
6499012	192000.0	19	30000.0	19.2058	1214.9074	6.4	1240.5132
6499011	152000.0	19	30000.0	15.2058	1240.5132	5.0667	1260.7857000000001
6499213	185000.0	19	30000.0	18.5058	1260.7857	6.1667	1285.4581999999998
6500189	198000.0	19	30000.0	19.8058	1285.4582	6.6	1311.864
6500136	187000.0	19	30000.0	18.7058	1311.864	6.2333	1336.8031
6500072	163000.0	19	30000.0	16.3058	1336.8031	5.4333	1358.5422
6500097	171000.0	19	30000.0	17.1058	1358.5422	5.7	1381.3480000000002
6499149	163000.0	19	30000.0	16.3058	1381.348	5.4333	1403.0871
6499173	165000.0	19	30000.0	16.5058	1403.0871	5.5	1425.0928999999999
6499177	170000.0	19	30000.0	17.0058	1425.0929	5.6667	1447.7654
6499820	153000.0	19	30000.0	15.3058	1447.7654	5.1	1468.1712
6499826	186000.0	19	30000.0	18.6058	1468.1712	6.2	1492.977
6499131	174000.0	19	30000.0	17.4058	1492.977	5.8	1516.1828
6500118	195000.0	19	30000.0	19.5058	1516.1828	6.5	1542.1886
6500099	179000.0	19	30000.0	17.9058	1542.1886	5.9667	1566.0611
6500249	235000.0	0	500.0	23.5	12106.6	470.0	12600.1
6499081	236000.0	0	500.0	23.6	12600.1	472.0	13095.7
6500272	195000.0	14	12000.0	19.5	1838.6666	16.25	1874.4166
6499621	235000.0	14	12000.0	23.5	1874.4166	19.5833	1917.4999
6499950	208000.0	14	12000.0	20.8	1917.4999	17.3333	1955.6332
6499703	199000.0	14	12000.0	19.9	1955.6332	16.5833	1992.1165
6499446	264000.0	14	12000.0	26.4	1992.1165	22.0	2040.5165000000002
6500008	187000.0	15	16000.0	18.7	1589.525	11.6875	1619.9125000000001
6499940	208000.0	15	16000.0	20.8	1619.9125	13.0	1653.7124999999999
6499229	191000.0	15	16000.0	19.1	1653.7125	11.9375	1684.75
6500202	191000.0	15	16000.0	19.1	1684.75	11.9375	1715.7875
6499566	192000.0	15	16000.0	19.2	1715.7875	12.0	1746.9875
6499757	205000.0	15	16000.0	20.5	1746.9875	12.8125	1780.3
6499563	177000.0	15	16000.0	17.7	1780.3	11.0625	1809.0625
6499489	192000.0	16	18000.0	19.2058	1153.4106	10.6667	1183.2830999999999
6499723	234000.0	16	18000.0	23.4058	1183.2831	13.0	1219.6889
6499810	174000.0	16	18000.0	17.4058	1219.6889	9.6667	1246.7614
6499510	201000.0	16	18000.0	20.1058	1246.7614	11.1667	1278.0339000000001
6499375	240000.0	16	18000.0	24.0058	1278.0339	13.3333	1315.3729999999998
6499845	204000.0	16	18000.0	20.4058	1315.373	11.3333	1347.1121
6499327	260000.0	16	18000.0	26.0058	1347.1121	14.4444	1387.5623
6499933	264000.0	17	24000.0	26.4058	1340.1682	11.0	1377.574
6499352	244000.0	17	24000.0	24.4058	1377.574	10.1667	1412.1465
6499620	239000.0	17	24000.0	23.9058	1412.1465	9.9583	1446.0106
6499195	188000.0	17	24000.0	18.8058	1446.0106	7.8333	1472.6497000000002
6499086	257000.0	17	24000.0	25.7058	1472.6497	10.7083	1509.0638
6499865	213000.0	17	24000.0	21.3058	1509.0638	8.875	1539.2446
6500042	173000.0	17	24000.0	17.3058	1539.2446	7.2083	1563.7587
6499296	198000.0	17	24000.0	19.8058	1563.7587	8.25	1591.8145000000002
6499140	201000.0	17	24000.0	20.1058	1591.8145	8.375	1620.2953
6499878	240000.0	17	24000.0	24.0058	1620.2953	10.0	1654.3011
6499165	202000.0	17	24000.0	20.2058	1654.3011	8.4167	1682.9235999999999
6499709	193000.0	18	30000.0	19.3058	1634.8004	6.4333	1660.5395
6499281	206000.0	18	30000.0	20.6058	1660.5395	6.8667	1688.0120000000002
6499438	184000.0	18	30000.0	18.4058	1688.012	6.1333	1712.5511
6499584	225000.0	18	30000.0	22.5058	1712.5511	7.5	1742.5568999999998
6499976	186000.0	18	30000.0	18.6058	1742.5569	6.2	1767.3627000000001
6499220	160000.0	18	30000.0	16.0058	1767.3627	5.3333	1788.7017999999998
6499367	213000.0	18	30000.0	21.3058	1788.7018	7.1	1817.1076
6499238	194000.0	18	30000.0	19.4058	1817.1076	6.4667	1842.9801
6499763	210000.0	18	30000.0	21.0058	1842.9801	7.0	1870.9859
6499776	204000.0	18	30000.0	20.4058	1870.9859	6.8	1898.1916999999999
6499733	203000.0	18	30000.0	20.3058	1898.1917	6.7667	1925.2642
6499204	196000.0	19	30000.0	19.6058	1565.0611	6.5333	1591.2002
6499506	180000.0	19	30000.0	18.0058	1591.2002	6.0	1615.206
6499639	268000.0	19	30000.0	26.8058	1615.206	8.9333	1650.9451
6500208	178000.0	19	30000.0	17.8058	1650.9451	5.9333	1674.6842
6500177	179000.0	19	30000.0	17.9058	1674.6842	5.9667	1698.5566999999999
6499997	171000.0	19	30000.0	17.1058	1698.5567	5.7	1721.3625000000002
6500178	182000.0	19	30000.0	18.2058	1721.3625	6.0667	1745.635
6499322	198000.0	19	30000.0	19.8058	1745.635	6.6	1772.0408
6499439	205000.0	19	30000.0	20.5058	1772.0408	6.8333	1799.3799
6500079	215000.0	19	30000.0	21.5058	1799.3799	7.1667	1828.0523999999998
6499650	204000.0	14	12000.0	20.4	2039.5165	17.0	2076.9165
6499924	261000.0	18	30000.0	26.1058	1924.2642	8.7	1959.0700000000002
497632	1000.0	15	16000.0	0.1	1804.0625	0.0625	1804.225
