464475	4000.0	17	24000.0	0.4058	0	0.1667	0.5725
464243	5000.0	13	8000.0	0.5	0	0.625	1.125
465476	11000.0	15	16000.0	1.1	0	0.6875	1.7875
465871	8000.0	16	18000.0	0.8058	0	0.4444	1.2502
462536	10000.0	16	18000.0	1.0058	1.2502	0.5556	2.8116000000000003
464261	6000.0	18	30000.0	0.6058	0	0.2	0.8058000000000001
463897	4000.0	18	30000.0	0.4058	0.8058	0.1333	1.3449
466067	5000.0	0	500.0	0.5	0	10.0	10.5
464152	33000.0	0	500.0	3.3	9.5	66.0	78.8
464637	40000.0	0	500.0	4.0	78.8	80.0	162.8
464339	37000.0	0	500.0	3.7	162.8	74.0	240.5
463004	43000.0	0	500.0	4.3	240.5	86.0	330.8
463437	40000.0	0	500.0	4.0	330.8	80.0	414.8
463242	32000.0	0	500.0	3.2	414.8	64.0	482.0
463247	32000.0	0	500.0	3.2	482.0	64.0	549.2
463416	22000.0	0	500.0	2.2	549.2	44.0	595.4000000000001
465977	29000.0	0	500.0	2.9	595.4	58.0	656.3
465455	28000.0	0	500.0	2.8	656.3	56.0	715.0999999999999
465533	27000.0	0	500.0	2.7	715.1	54.0	771.8000000000001
465590	39000.0	0	500.0	3.9	771.8	78.0	853.6999999999999
465708	42000.0	0	500.0	4.2	853.7	84.0	941.9000000000001
465725	39000.0	0	500.0	3.9	941.9	78.0	1023.8
462584	16000.0	0	500.0	1.6	1023.8	32.0	1057.3999999999999
464851	33000.0	0	500.0	3.3	1057.4	66.0	1126.7
464000	15000.0	2	1000.0	1.5	0	15.0	16.5
462977	27000.0	3	1000.0	2.7	0	27.0	29.7
464158	38000.0	4	4000.0	3.8038	0	9.5	13.303799999999999
464754	43000.0	4	4000.0	4.3038	13.3038	10.75	28.3576
463185	34000.0	5	4000.0	3.4038	0	8.5	11.9038
463025	34000.0	6	5000.0	3.4038	0	6.8	10.2038
464036	39000.0	7	5000.0	3.9038	0	7.8	11.7038
464222	38000.0	10	6000.0	3.8067	0	6.3333	10.14
464035	39000.0	10	6000.0	3.9067	10.14	6.5	20.5467
464026	42000.0	13	8000.0	4.2	0	5.25	9.45
464253	29000.0	13	8000.0	2.9	9.45	3.625	15.975
464210	16000.0	14	12000.0	1.6	0	1.3333	2.9333
464166	41000.0	14	12000.0	4.1	2.9333	3.4167	10.45
464751	49000.0	14	12000.0	4.9	10.45	4.0833	19.4333
464763	33000.0	14	12000.0	3.3	19.4333	2.75	25.4833
464702	20000.0	14	12000.0	2.0	25.4833	1.6667	29.15
462973	36000.0	14	12000.0	3.6	29.15	3.0	35.75
464527	41000.0	14	12000.0	4.1	35.75	3.4167	43.2667
464267	40000.0	14	12000.0	4.0	43.2667	3.3333	50.6
464408	37000.0	14	12000.0	3.7	50.6	3.0833	57.383300000000006
464447	44000.0	14	12000.0	4.4	57.3833	3.6667	65.45
464450	35000.0	14	12000.0	3.5	65.45	2.9167	71.86670000000001
464467	47000.0	14	12000.0	4.7	71.8667	3.9167	80.4834
464504	29000.0	14	12000.0	2.9	80.4834	2.4167	85.80010000000001
463519	45000.0	14	12000.0	4.5	85.8001	3.75	94.0501
463538	38000.0	14	12000.0	3.8	94.0501	3.1667	101.0168
463037	32000.0	14	12000.0	3.2	101.0168	2.6667	106.88350000000001
463360	38000.0	14	12000.0	3.8	106.8835	3.1667	113.8502
463432	39000.0	14	12000.0	3.9	113.8502	3.25	121.0002
466105	37000.0	14	12000.0	3.7	121.0002	3.0833	127.7835
463115	30000.0	14	12000.0	3.0	127.7835	2.5	133.2835
465676	18000.0	14	12000.0	1.8	133.2835	1.5	136.58350000000002
465801	15000.0	14	12000.0	1.5	136.5835	1.25	139.3335
462948	31000.0	14	12000.0	3.1	139.3335	2.5833	145.0168
462951	30000.0	14	12000.0	3.0	145.0168	2.5	150.5168
464866	51000.0	14	12000.0	5.1	150.5168	4.25	159.86679999999998
464833	39000.0	14	12000.0	3.9	159.8668	3.25	167.01680000000002
465139	36000.0	14	12000.0	3.6	167.0168	3.0	173.61679999999998
462652	31000.0	14	12000.0	3.1	173.6168	2.5833	179.30010000000001
462892	27000.0	14	12000.0	2.7	179.3001	2.25	184.25009999999997
465372	39000.0	14	12000.0	3.9	184.2501	3.25	191.4001
464082	40000.0	15	16000.0	4.0	0	2.5	6.5
464200	49000.0	15	16000.0	4.9	6.5	3.0625	14.4625
464487	15000.0	15	16000.0	1.5	14.4625	0.9375	16.9
464695	14000.0	15	16000.0	1.4	16.9	0.875	19.174999999999997
464686	35000.0	15	16000.0	3.5	19.175	2.1875	24.8625
464387	30000.0	15	16000.0	3.0	24.8625	1.875	29.7375
463997	29000.0	15	16000.0	2.9	29.7375	1.8125	34.45
463496	46000.0	15	16000.0	4.6	34.45	2.875	41.925000000000004
463577	45000.0	15	16000.0	4.5	41.925	2.8125	49.2375
463495	31000.0	15	16000.0	3.1	49.2375	1.9375	54.275
463814	36000.0	15	16000.0	3.6	54.275	2.25	60.125
463198	31000.0	15	16000.0	3.1	60.125	1.9375	65.1625
465890	38000.0	15	16000.0	3.8	65.1625	2.375	71.33749999999999
465967	38000.0	15	16000.0	3.8	71.3375	2.375	77.5125
466021	37000.0	15	16000.0	3.7	77.5125	2.3125	83.525
466102	36000.0	15	16000.0	3.6	83.525	2.25	89.375
465874	28000.0	15	16000.0	2.8	89.375	1.75	93.925
465594	14000.0	15	16000.0	1.4	93.925	0.875	96.2
465646	39000.0	15	16000.0	3.9	96.2	2.4375	102.53750000000001
465733	39000.0	15	16000.0	3.9	102.5375	2.4375	108.875
465303	39000.0	15	16000.0	3.9	108.875	2.4375	115.2125
465289	33000.0	15	16000.0	3.3	115.2125	2.0625	120.575
464995	29000.0	15	16000.0	2.9	120.575	1.8125	125.28750000000001
464868	39000.0	15	16000.0	3.9	125.2875	2.4375	131.625
462727	45000.0	15	16000.0	4.5	131.625	2.8125	138.9375
462850	50000.0	15	16000.0	5.0	138.9375	3.125	147.0625
465371	30000.0	15	16000.0	3.0	147.0625	1.875	151.9375
464134	32000.0	16	18000.0	3.2058	0.8116	1.7778	5.7952
464098	38000.0	16	18000.0	3.8058	5.7952	2.1111	11.712100000000001
464063	49000.0	16	18000.0	4.9058	11.7121	2.7222	19.3401
464517	39000.0	16	18000.0	3.9058	19.3401	2.1667	25.412599999999998
464278	40000.0	16	18000.0	4.0058	25.4126	2.2222	31.640600000000003
464299	29000.0	16	18000.0	2.9058	31.6406	1.6111	36.1575
464374	40000.0	16	18000.0	4.0058	36.1575	2.2222	42.3855
463973	44000.0	16	18000.0	4.4058	42.3855	2.4444	49.2357
463589	36000.0	16	18000.0	3.6058	49.2357	2.0	54.8415
463619	41000.0	16	18000.0	4.1058	54.8415	2.2778	61.225100000000005
463715	27000.0	16	18000.0	2.7058	61.2251	1.5	65.4309
463737	30000.0	16	18000.0	3.0058	65.4309	1.6667	70.1034
463051	39000.0	16	18000.0	3.9058	70.1034	2.1667	76.1759
463805	30000.0	16	18000.0	3.0058	76.1759	1.6667	80.8484
463856	18000.0	16	18000.0	1.8058	80.8484	1.0	83.6542
463212	38000.0	16	18000.0	3.8058	83.6542	2.1111	89.5711
463093	48000.0	16	18000.0	4.8058	89.5711	2.6667	97.04360000000001
463337	35000.0	16	18000.0	3.5058	97.0436	1.9444	102.4938
463338	40000.0	16	18000.0	4.0058	102.4938	2.2222	108.72179999999999
463340	39000.0	16	18000.0	3.9058	108.7218	2.1667	114.7943
463392	40000.0	16	18000.0	4.0058	114.7943	2.2222	121.0223
465898	31000.0	16	18000.0	3.1058	121.0223	1.7222	125.8503
465988	28000.0	16	18000.0	2.8058	125.8503	1.5556	130.2117
466044	47000.0	16	18000.0	4.7058	130.2117	2.6111	137.5286
466065	41000.0	16	18000.0	4.1058	137.5286	2.2778	143.9122
465519	42000.0	16	18000.0	4.2058	143.9122	2.3333	150.45130000000003
465453	47000.0	16	18000.0	4.7058	150.4513	2.6111	157.7682
462573	27000.0	16	18000.0	2.7058	157.7682	1.5	161.97400000000002
465618	44000.0	16	18000.0	4.4058	161.974	2.4444	168.8242
465716	37000.0	16	18000.0	3.7058	168.8242	2.0556	174.5856
465273	29000.0	16	18000.0	2.9058	174.5856	1.6111	179.1025
465233	37000.0	16	18000.0	3.7058	179.1025	2.0556	184.8639
465206	13000.0	16	18000.0	1.3058	184.8639	0.7222	186.8919
464959	42000.0	16	18000.0	4.2058	186.8919	2.3333	193.431
464890	38000.0	16	18000.0	3.8058	193.431	2.1111	199.3479
464877	32000.0	16	18000.0	3.2058	199.3479	1.7778	204.33150000000003
462757	37000.0	16	18000.0	3.7058	204.3315	2.0556	210.09290000000001
462759	39000.0	16	18000.0	3.9058	210.0929	2.1667	216.16539999999998
462763	36000.0	16	18000.0	3.6058	216.1654	2.0	221.7712
462859	43000.0	16	18000.0	4.3058	221.7712	2.3889	228.4659
462874	16000.0	16	18000.0	1.6058	228.4659	0.8889	230.9606
465398	37000.0	16	18000.0	3.7058	230.9606	2.0556	236.722
464617	45000.0	17	24000.0	4.5058	0	1.875	6.3808
464611	18000.0	17	24000.0	1.8058	6.3808	0.75	8.9366
464533	39000.0	17	24000.0	3.9058	8.9366	1.625	14.467400000000001
463067	29000.0	17	24000.0	2.9058	14.4674	1.2083	18.581500000000002
463591	37000.0	17	24000.0	3.7058	18.5815	1.5417	23.828999999999997
463652	39000.0	17	24000.0	3.9058	23.829	1.625	29.3598
463775	41000.0	17	24000.0	4.1058	29.3598	1.7083	35.1739
463811	27000.0	17	24000.0	2.7058	35.1739	1.125	39.0047
463857	27000.0	17	24000.0	2.7058	39.0047	1.125	42.835499999999996
464768	36000.0	17	24000.0	3.6058	42.8355	1.5	47.941300000000005
463490	41000.0	17	24000.0	4.1058	47.9413	1.7083	53.7554
463275	38000.0	17	24000.0	3.8058	53.7554	1.5833	59.1445
463291	37000.0	17	24000.0	3.7058	59.1445	1.5417	64.39200000000001
463980	38000.0	17	24000.0	3.8058	64.392	1.5833	69.7811
464772	35000.0	17	24000.0	3.5058	69.7811	1.4583	74.74519999999998
464818	41000.0	17	24000.0	4.1058	74.7452	1.7083	80.5593
465984	47000.0	17	24000.0	4.7058	80.5593	1.9583	87.22339999999998
466117	38000.0	17	24000.0	3.8058	87.2234	1.5833	92.6125
465857	47000.0	17	24000.0	4.7058	92.6125	1.9583	99.27659999999999
465577	45000.0	17	24000.0	4.5058	99.2766	1.875	105.6574
465600	51000.0	17	24000.0	5.1058	105.6574	2.125	112.8882
465601	32000.0	17	24000.0	3.2058	112.8882	1.3333	117.42729999999999
465619	37000.0	17	24000.0	3.7058	117.4273	1.5417	122.6748
465757	37000.0	17	24000.0	3.7058	122.6748	1.5417	127.9223
465199	15000.0	17	24000.0	1.5058	127.9223	0.625	130.0531
465197	36000.0	17	24000.0	3.6058	130.0531	1.5	135.1589
465005	38000.0	17	24000.0	3.8058	135.1589	1.5833	140.548
462957	28000.0	17	24000.0	2.8058	140.548	1.1667	144.5205
465317	37000.0	17	24000.0	3.7058	144.5205	1.5417	149.768
462716	29000.0	17	24000.0	2.9058	149.768	1.2083	153.8821
462749	27000.0	17	24000.0	2.7058	153.8821	1.125	157.71290000000002
465339	15000.0	17	24000.0	1.5058	157.7129	0.625	159.84369999999998
462818	42000.0	17	24000.0	4.2058	159.8437	1.75	165.79950000000002
463138	31000.0	17	24000.0	3.1058	165.7995	1.2917	170.19699999999997
464464	12000.0	18	30000.0	1.2058	0	0.4	1.6058
463545	42000.0	18	30000.0	4.2058	1.6058	1.4	7.211600000000001
463616	29000.0	18	30000.0	2.9058	7.2116	0.9667	11.0841
463773	37000.0	18	30000.0	3.7058	11.0841	1.2333	16.0232
463044	38000.0	18	30000.0	3.8058	16.0232	1.2667	21.0957
463035	16000.0	18	30000.0	1.6058	21.0957	0.5333	23.2348
463204	34000.0	18	30000.0	3.4058	23.2348	1.1333	27.773899999999998
463207	35000.0	18	30000.0	3.5058	27.7739	1.1667	32.446400000000004
463256	50000.0	18	30000.0	5.0058	32.4464	1.6667	39.1189
463285	30000.0	18	30000.0	3.0058	39.1189	1.0	43.1247
463412	42000.0	18	30000.0	4.2058	43.1247	1.4	48.7305
463428	37000.0	18	30000.0	3.7058	48.7305	1.2333	53.6696
465915	53000.0	18	30000.0	5.3058	53.6696	1.7667	60.7421
465928	47000.0	18	30000.0	4.7058	60.7421	1.5667	67.0146
466039	31000.0	18	30000.0	3.1058	67.0146	1.0333	71.1537
465507	21000.0	18	30000.0	2.1058	71.1537	0.7	73.9595
465624	38000.0	18	30000.0	3.8058	73.9595	1.2667	79.03200000000001
465627	38000.0	18	30000.0	3.8058	79.032	1.2667	84.1045
465718	43000.0	18	30000.0	4.3058	84.1045	1.4333	89.84360000000001
465784	91000.0	18	30000.0	9.1058	89.8436	3.0333	101.9827
465691	28000.0	18	30000.0	2.8058	101.9827	0.9333	105.7218
465283	45000.0	18	30000.0	4.5058	105.7218	1.5	111.7276
465216	15000.0	18	30000.0	1.5058	111.7276	0.5	113.73339999999999
465307	28000.0	18	30000.0	2.8058	113.7334	0.9333	117.47250000000001
465170	39000.0	18	30000.0	3.9058	117.4725	1.3	122.6783
462966	39000.0	18	30000.0	3.9058	122.6783	1.3	127.88409999999999
464811	48000.0	18	30000.0	4.8058	127.8841	1.6	134.2899
462648	29000.0	18	30000.0	2.9058	134.2899	0.9667	138.1624
462820	44000.0	18	30000.0	4.4058	138.1624	1.4667	144.0349
462825	33000.0	18	30000.0	3.3058	144.0349	1.1	148.4407
462885	17000.0	18	30000.0	1.7058	148.4407	0.5667	150.7132
462773	41000.0	18	30000.0	4.1058	150.7132	1.3667	156.1857
464698	34000.0	19	30000.0	3.4058	0	1.1333	4.5391
464636	41000.0	19	30000.0	4.1058	4.5391	1.3667	10.0116
464560	19000.0	19	30000.0	1.9058	10.0116	0.6333	12.550699999999999
464351	37000.0	19	30000.0	3.7058	12.5507	1.2333	17.489800000000002
464362	19000.0	19	30000.0	1.9058	17.4898	0.6333	20.028899999999997
463466	38000.0	19	30000.0	3.8058	20.0289	1.2667	25.1014
463837	40000.0	19	30000.0	4.0058	25.1014	1.3333	30.440500000000004
463040	39000.0	19	30000.0	3.9058	30.4405	1.3	35.6463
463743	40000.0	19	30000.0	4.0058	35.6463	1.3333	40.9854
463446	18000.0	19	30000.0	1.8058	40.9854	0.6	43.3912
463921	39000.0	19	30000.0	3.9058	43.3912	1.3	48.596999999999994
463893	32000.0	19	30000.0	3.2058	48.597	1.0667	52.8695
463890	39000.0	19	30000.0	3.9058	52.8695	1.3	58.0753
463096	30000.0	19	30000.0	3.0058	58.0753	1.0	62.0811
463251	40000.0	19	30000.0	4.0058	62.0811	1.3333	67.4202
465561	37000.0	19	30000.0	3.7058	67.4202	1.2333	72.35929999999999
466023	44000.0	19	30000.0	4.4058	72.3593	1.4667	78.2318
466030	41000.0	19	30000.0	4.1058	78.2318	1.3667	83.7043
466063	43000.0	19	30000.0	4.3058	83.7043	1.4333	89.44340000000001
465863	39000.0	19	30000.0	3.9058	89.4434	1.3	94.6492
465852	30000.0	19	30000.0	3.0058	94.6492	1.0	98.65499999999999
465562	47000.0	19	30000.0	4.7058	98.655	1.5667	104.9275
465583	37000.0	19	30000.0	3.7058	104.9275	1.2333	109.86659999999999
462581	92000.0	19	30000.0	9.2058	109.8666	3.0667	122.1391
465703	15000.0	19	30000.0	1.5058	122.1391	0.5	124.14489999999999
465712	31000.0	19	30000.0	3.1058	124.1449	1.0333	128.28400000000002
465811	36000.0	19	30000.0	3.6058	128.284	1.2	133.08979999999997
465824	61000.0	19	30000.0	6.1058	133.0898	2.0333	141.22889999999998
462617	39000.0	19	30000.0	3.9058	141.2289	1.3	146.43470000000002
462641	21000.0	19	30000.0	2.1058	146.4347	0.7	149.24049999999997
465294	38000.0	19	30000.0	3.8058	149.2405	1.2667	154.313
464829	19000.0	19	30000.0	1.9058	154.313	0.6333	156.85209999999998
465359	36000.0	19	30000.0	3.6058	156.8521	1.2	161.65789999999998
462733	42000.0	19	30000.0	4.2058	161.6579	1.4	167.26370000000003
462734	43000.0	19	30000.0	4.3058	167.2637	1.4333	173.0028
462765	29000.0	19	30000.0	2.9058	173.0028	0.9667	176.8753
462767	37000.0	19	30000.0	3.7058	176.8753	1.2333	181.81440000000003
462771	31000.0	19	30000.0	3.1058	181.8144	1.0333	185.9535
462927	38000.0	19	30000.0	3.8058	185.9535	1.2667	191.02599999999998
463468	44000.0	0	500.0	4.4	1125.7	88.0	1218.1000000000001
463492	42000.0	0	500.0	4.2	1218.1	84.0	1306.3
463508	44000.0	0	500.0	4.4	1306.3	88.0	1398.7
463520	52000.0	0	500.0	5.2	1398.7	104.0	1507.9
463565	52000.0	0	500.0	5.2	1507.9	104.0	1617.1000000000001
464750	33000.0	0	500.0	3.3	1617.1	66.0	1686.3999999999999
463539	30000.0	0	500.0	3.0	1686.4	60.0	1749.4
465217	31000.0	0	500.0	3.1	1749.4	62.0	1814.5
463245	33000.0	0	500.0	3.3	1814.5	66.0	1883.8
463384	49000.0	0	500.0	4.9	1883.8	98.0	1986.7
463294	35000.0	0	500.0	3.5	1986.7	70.0	2060.2
465088	32000.0	0	500.0	3.2	2060.2	64.0	2127.3999999999996
463944	33000.0	0	500.0	3.3	2127.4	66.0	2196.7000000000003
463836	49000.0	0	500.0	4.9	2196.7	98.0	2299.6
464194	30000.0	0	500.0	3.0	2299.6	60.0	2362.6
464151	44000.0	0	500.0	4.4	2362.6	88.0	2455.0
464274	41000.0	0	500.0	4.1	2455.0	82.0	2541.1
464623	32000.0	0	500.0	3.2	2541.1	64.0	2608.2999999999997
463710	37000.0	0	500.0	3.7	2608.3	74.0	2686.0
464569	35000.0	0	500.0	3.5	2686.0	70.0	2759.5
463650	44000.0	0	500.0	4.4	2759.5	88.0	2851.9
463658	41000.0	0	500.0	4.1	2851.9	82.0	2938.0
463768	42000.0	0	500.0	4.2	2938.0	84.0	3026.2
464468	37000.0	0	500.0	3.7	3026.2	74.0	3103.8999999999996
463729	49000.0	0	500.0	4.9	3103.9	98.0	3206.8
465738	45000.0	0	500.0	4.5	3206.8	90.0	3301.3
462796	55000.0	0	500.0	5.5	3301.3	110.0	3416.8
462756	33000.0	0	500.0	3.3	3416.8	66.0	3486.1000000000004
462898	38000.0	0	500.0	3.8	3486.1	76.0	3565.9
466116	33000.0	0	500.0	3.3	3565.9	66.0	3635.2000000000003
462728	52000.0	0	500.0	5.2	3635.2	104.0	3744.3999999999996
462731	41000.0	0	500.0	4.1	3744.4	82.0	3830.5
462674	45000.0	0	500.0	4.5	3830.5	90.0	3925.0
465347	37000.0	0	500.0	3.7	3925.0	74.0	4002.7
465472	39000.0	0	500.0	3.9	4002.7	78.0	4084.6
465467	48000.0	0	500.0	4.8	4084.6	96.0	4185.4
465489	44000.0	0	500.0	4.4	4185.4	88.0	4277.799999999999
465332	48000.0	0	500.0	4.8	4277.8	96.0	4378.6
463118	41000.0	0	500.0	4.1	4378.6	82.0	4464.700000000001
463033	55000.0	0	500.0	5.5	4464.7	110.0	4580.2
463128	54000.0	0	500.0	5.4	4580.2	108.0	4693.599999999999
463296	30000.0	9	6000.0	3.0067	0	5.0	8.0067
464341	40000.0	9	6000.0	4.0067	8.0067	6.6667	18.6801
464416	31000.0	9	6000.0	3.1067	18.6801	5.1667	26.9535
464207	42000.0	10	6000.0	4.2067	19.5467	7.0	30.7534
463689	33000.0	10	6000.0	3.3067	30.7534	5.5	39.5601
464672	41000.0	10	6000.0	4.1067	39.5601	6.8333	50.500099999999996
464563	112000.0	10	6000.0	11.2067	50.5001	18.6667	80.3735
463005	17000.0	10	6000.0	1.7067	80.3735	2.8333	84.9135
463090	46000.0	10	6000.0	4.6067	84.9135	7.6667	97.18690000000001
463036	13000.0	10	6000.0	1.3067	97.1869	2.1667	100.6603
462947	46000.0	10	6000.0	4.6067	100.6603	7.6667	112.93370000000002
465514	43000.0	10	6000.0	4.3067	112.9337	7.1667	124.40710000000001
465313	36000.0	10	6000.0	3.6067	124.4071	6.0	134.0138
465315	32000.0	10	6000.0	3.2067	134.0138	5.3333	142.55380000000002
465322	33000.0	10	6000.0	3.3067	142.5538	5.5	151.3605
463934	34000.0	11	6000.0	3.4067	0	5.6667	9.0734
463945	38000.0	11	6000.0	3.8067	9.0734	6.3333	19.2134
463832	46000.0	11	6000.0	4.6067	19.2134	7.6667	31.4868
464214	39000.0	11	6000.0	3.9067	31.4868	6.5	41.893499999999996
463686	33000.0	11	6000.0	3.3067	41.8935	5.5	50.7002
464321	35000.0	12	6000.0	3.5	0	5.8333	9.333300000000001
464314	36000.0	12	6000.0	3.6	9.3333	6.0	18.9333
464624	48000.0	12	6000.0	4.8	18.9333	8.0	31.7333
464619	42000.0	12	6000.0	4.2	31.7333	7.0	42.9333
463694	20000.0	12	6000.0	2.0	42.9333	3.3333	48.266600000000004
465374	30000.0	12	6000.0	3.0	48.2666	5.0	56.2666
464320	17000.0	13	8000.0	1.7	14.975	2.125	18.8
464410	27000.0	13	8000.0	2.7	18.8	3.375	24.875
464204	39000.0	13	8000.0	3.9	24.875	4.875	33.65
463826	43000.0	13	8000.0	4.3	33.65	5.375	43.324999999999996
465566	40000.0	13	8000.0	4.0	43.325	5.0	52.325
464911	21000.0	14	12000.0	2.1	190.4001	1.75	194.2501
463470	34000.0	14	12000.0	3.4	194.2501	2.8333	200.48340000000002
463480	31000.0	14	12000.0	3.1	200.4834	2.5833	206.1667
464894	31000.0	14	12000.0	3.1	206.1667	2.5833	211.85
463465	37000.0	14	12000.0	3.7	211.85	3.0833	218.6333
463393	30000.0	14	12000.0	3.0	218.6333	2.5	224.1333
464953	28000.0	14	12000.0	2.8	224.1333	2.3333	229.2666
464949	48000.0	14	12000.0	4.8	229.2666	4.0	238.06660000000002
463436	42000.0	14	12000.0	4.2	238.0666	3.5	245.76659999999998
464932	46000.0	14	12000.0	4.6	245.7666	3.8333	254.1999
464930	48000.0	14	12000.0	4.8	254.1999	4.0	262.9999
464784	42000.0	14	12000.0	4.2	262.9999	3.5	270.6999
463580	45000.0	14	12000.0	4.5	270.6999	3.75	278.9499
463581	39000.0	14	12000.0	3.9	278.9499	3.25	286.0999
464734	31000.0	14	12000.0	3.1	286.0999	2.5833	291.7832
464717	30000.0	14	12000.0	3.0	291.7832	2.5	297.2832
463615	34000.0	14	12000.0	3.4	297.2832	2.8333	303.5165
463563	45000.0	14	12000.0	4.5	303.5165	3.75	311.7665
464792	34000.0	14	12000.0	3.4	311.7665	2.8333	317.9998
463530	20000.0	14	12000.0	2.0	317.9998	1.6667	321.6665
463531	37000.0	14	12000.0	3.7	321.6665	3.0833	328.4498
463548	47000.0	14	12000.0	4.7	328.4498	3.9167	337.06649999999996
464793	44000.0	14	12000.0	4.4	337.0665	3.6667	345.1332
463388	17000.0	14	12000.0	1.7	345.1332	1.4167	348.24989999999997
463205	29000.0	14	12000.0	2.9	348.2499	2.4167	353.5666
465203	52000.0	14	12000.0	5.2	353.5666	4.3333	363.0999
463213	33000.0	14	12000.0	3.3	363.0999	2.75	369.1499
465159	35000.0	14	12000.0	3.5	369.1499	2.9167	375.5666
465224	47000.0	14	12000.0	4.7	375.5666	3.9167	384.1833
465260	50000.0	14	12000.0	5.0	384.1833	4.1667	393.34999999999997
465259	40000.0	14	12000.0	4.0	393.35	3.3333	400.68330000000003
465253	40000.0	14	12000.0	4.0	400.6833	3.3333	408.0166
463186	27000.0	14	12000.0	2.7	408.0166	2.25	412.96659999999997
463252	34000.0	14	12000.0	3.4	412.9666	2.8333	419.1999
465022	48000.0	14	12000.0	4.8	419.1999	4.0	427.9999
465008	32000.0	14	12000.0	3.2	427.9999	2.6667	433.8666
463272	32000.0	14	12000.0	3.2	433.8666	2.6667	439.7333
465105	32000.0	14	12000.0	3.2	439.7333	2.6667	445.59999999999997
465104	29000.0	14	12000.0	2.9	445.6	2.4167	450.9167
463302	36000.0	14	12000.0	3.6	450.9167	3.0	457.5167
464710	44000.0	14	12000.0	4.4	457.5167	3.6667	465.5834
463915	43000.0	14	12000.0	4.3	465.5834	3.5833	473.4667
464404	36000.0	14	12000.0	3.6	473.4667	3.0	480.0667
464401	49000.0	14	12000.0	4.9	480.0667	4.0833	489.05
463851	43000.0	14	12000.0	4.3	489.05	3.5833	496.93330000000003
464378	44000.0	14	12000.0	4.4	496.9333	3.6667	504.99999999999994
463885	52000.0	14	12000.0	5.2	505.0	4.3333	514.5332999999999
464156	44000.0	14	12000.0	4.4	514.5333	3.6667	522.6
464139	34000.0	14	12000.0	3.4	522.6	2.8333	528.8333
464087	41000.0	14	12000.0	4.1	528.8333	3.4167	536.35
464268	32000.0	14	12000.0	3.2	536.35	2.6667	542.2167000000001
464264	36000.0	14	12000.0	3.6	542.2167	3.0	548.8167
463978	33000.0	14	12000.0	3.3	548.8167	2.75	554.8666999999999
464622	39000.0	14	12000.0	3.9	554.8667	3.25	562.0167
464598	42000.0	14	12000.0	4.2	562.0167	3.5	569.7167000000001
463708	53000.0	14	12000.0	5.3	569.7167	4.4167	579.4333999999999
464590	49000.0	14	12000.0	4.9	579.4334	4.0833	588.4167
464586	40000.0	14	12000.0	4.0	588.4167	3.3333	595.75
464571	17000.0	14	12000.0	1.7	595.75	1.4167	598.8667
463632	36000.0	14	12000.0	3.6	598.8667	3.0	605.4667000000001
464671	42000.0	14	12000.0	4.2	605.4667	3.5	613.1667
463641	40000.0	14	12000.0	4.0	613.1667	3.3333	620.5
464666	32000.0	14	12000.0	3.2	620.5	2.6667	626.3667
463666	49000.0	14	12000.0	4.9	626.3667	4.0833	635.35
463145	42000.0	14	12000.0	4.2	635.35	3.5	643.0500000000001
463718	44000.0	14	12000.0	4.4	643.05	3.6667	651.1166999999999
464470	31000.0	14	12000.0	3.1	651.1167	2.5833	656.8000000000001
464445	44000.0	14	12000.0	4.4	656.8	3.6667	664.8666999999999
464565	52000.0	14	12000.0	5.2	664.8667	4.3333	674.4000000000001
464562	36000.0	14	12000.0	3.6	674.4	3.0	681.0
463720	46000.0	14	12000.0	4.6	681.0	3.8333	689.4333
464554	38000.0	14	12000.0	3.8	689.4333	3.1667	696.4
464538	31000.0	14	12000.0	3.1	696.4	2.5833	702.0833
463746	32000.0	14	12000.0	3.2	702.0833	2.6667	707.95
464521	42000.0	14	12000.0	4.2	707.95	3.5	715.6500000000001
464506	31000.0	14	12000.0	3.1	715.65	2.5833	721.3333
465754	50000.0	14	12000.0	5.0	721.3333	4.1667	730.5
465741	28000.0	14	12000.0	2.8	730.5	2.3333	735.6333
462855	32000.0	14	12000.0	3.2	735.6333	2.6667	741.5
465822	44000.0	14	12000.0	4.4	741.5	3.6667	749.5667
465810	46000.0	14	12000.0	4.6	749.5667	3.8333	758.0
462761	43000.0	14	12000.0	4.3	758.0	3.5833	765.8833
465792	41000.0	14	12000.0	4.1	765.8833	3.4167	773.4
462778	42000.0	14	12000.0	4.2	773.4	3.5	781.1
465775	47000.0	14	12000.0	4.7	781.1	3.9167	789.7167000000001
465633	43000.0	14	12000.0	4.3	789.7167	3.5833	797.5999999999999
465615	46000.0	14	12000.0	4.6	797.6	3.8333	806.0333
465612	40000.0	14	12000.0	4.0	806.0333	3.3333	813.3666000000001
465650	34000.0	14	12000.0	3.4	813.3666	2.8333	819.5998999999999
462875	39000.0	14	12000.0	3.9	819.5999	3.25	826.7499
462889	30000.0	14	12000.0	3.0	826.7499	2.5	832.2499
465659	42000.0	14	12000.0	4.2	832.2499	3.5	839.9499000000001
462598	51000.0	14	12000.0	5.1	839.9499	4.25	849.2999
462611	51000.0	14	12000.0	5.1	849.2999	4.25	858.6499
462619	41000.0	14	12000.0	4.1	858.6499	3.4167	866.1666
466010	46000.0	14	12000.0	4.6	866.1666	3.8333	874.5999
462518	19000.0	14	12000.0	1.9	874.5999	1.5833	878.0832
462522	45000.0	14	12000.0	4.5	878.0832	3.75	886.3332
462524	48000.0	14	12000.0	4.8	886.3332	4.0	895.1332
462546	38000.0	14	12000.0	3.8	895.1332	3.1667	902.0998999999999
462556	18000.0	14	12000.0	1.8	902.0999	1.5	905.3999
465910	51000.0	14	12000.0	5.1	905.3999	4.25	914.7499
462689	43000.0	14	12000.0	4.3	914.7499	3.5833	922.6332
465891	37000.0	14	12000.0	3.7	922.6332	3.0833	929.4165
465881	54000.0	14	12000.0	5.4	929.4165	4.5	939.3165
462715	33000.0	14	12000.0	3.3	939.3165	2.75	945.3665
462719	15000.0	14	12000.0	1.5	945.3665	1.25	948.1165
462743	38000.0	14	12000.0	3.8	948.1165	3.1667	955.0831999999999
465878	34000.0	14	12000.0	3.4	955.0832	2.8333	961.3165
465926	41000.0	14	12000.0	4.1	961.3165	3.4167	968.8332
465950	48000.0	14	12000.0	4.8	968.8332	4.0	977.6332
464110	17000.0	14	12000.0	1.7	977.6332	1.4167	980.7499
462942	43000.0	14	12000.0	4.3	980.7499	3.5833	988.6332
465473	106000.0	14	12000.0	10.6	988.6332	8.8333	1008.0665
465509	31000.0	14	12000.0	3.1	1008.0665	2.5833	1013.7498
465500	45000.0	14	12000.0	4.5	1013.7498	3.75	1021.9998
465335	41000.0	14	12000.0	4.1	1021.9998	3.4167	1029.5165
463089	47000.0	14	12000.0	4.7	1029.5165	3.9167	1038.1332
465434	34000.0	14	12000.0	3.4	1038.1332	2.8333	1044.3665
465528	40000.0	14	12000.0	4.0	1044.3665	3.3333	1051.6998
463136	49000.0	14	12000.0	4.9	1051.6998	4.0833	1060.6831000000002
465310	31000.0	14	12000.0	3.1	1060.6831	2.5833	1066.3663999999999
463131	39000.0	14	12000.0	3.9	1066.3664	3.25	1073.5164000000002
465300	37000.0	14	12000.0	3.7	1073.5164	3.0833	1080.2997
464897	33000.0	15	16000.0	3.3	150.9375	2.0625	156.3
463504	43000.0	15	16000.0	4.3	156.3	2.6875	163.28750000000002
464993	26000.0	15	16000.0	2.6	163.2875	1.625	167.5125
464976	37000.0	15	16000.0	3.7	167.5125	2.3125	173.52499999999998
463423	13000.0	15	16000.0	1.3	173.525	0.8125	175.63750000000002
463438	39000.0	15	16000.0	3.9	175.6375	2.4375	181.975
464929	36000.0	15	16000.0	3.6	181.975	2.25	187.825
464780	53000.0	15	16000.0	5.3	187.825	3.3125	196.4375
464776	44000.0	15	16000.0	4.4	196.4375	2.75	203.5875
464770	44000.0	15	16000.0	4.4	203.5875	2.75	210.7375
464764	18000.0	15	16000.0	1.8	210.7375	1.125	213.66250000000002
463597	57000.0	15	16000.0	5.7	213.6625	3.5625	222.92499999999998
464713	41000.0	15	16000.0	4.1	222.925	2.5625	229.5875
463533	36000.0	15	16000.0	3.6	229.5875	2.25	235.4375
465212	42000.0	15	16000.0	4.2	235.4375	2.625	242.2625
463210	47000.0	15	16000.0	4.7	242.2625	2.9375	249.89999999999998
465196	41000.0	15	16000.0	4.1	249.9	2.5625	256.5625
463219	16000.0	15	16000.0	1.6	256.5625	1.0	259.1625
465193	40000.0	15	16000.0	4.0	259.1625	2.5	265.6625
463167	44000.0	15	16000.0	4.4	265.6625	2.75	272.8125
463168	42000.0	15	16000.0	4.2	272.8125	2.625	279.6375
465241	47000.0	15	16000.0	4.7	279.6375	2.9375	287.275
465227	42000.0	15	16000.0	4.2	287.275	2.625	294.09999999999997
465061	47000.0	15	16000.0	4.7	294.1	2.9375	301.7375
463348	43000.0	15	16000.0	4.3	301.7375	2.6875	308.725
463277	27000.0	15	16000.0	2.7	308.725	1.6875	313.1125
464336	54000.0	15	16000.0	5.4	313.1125	3.375	321.8875
464304	43000.0	15	16000.0	4.3	321.8875	2.6875	328.875
463942	36000.0	15	16000.0	3.6	328.875	2.25	334.725
463906	50000.0	15	16000.0	5.0	334.725	3.125	342.85
463839	36000.0	15	16000.0	3.6	342.85	2.25	348.70000000000005
463840	34000.0	15	16000.0	3.4	348.7	2.125	354.22499999999997
463872	32000.0	15	16000.0	3.2	354.225	2.0	359.425
464377	24000.0	15	16000.0	2.4	359.425	1.5	363.325
464369	47000.0	15	16000.0	4.7	363.325	2.9375	370.9625
464285	46000.0	15	16000.0	4.6	370.9625	2.875	378.4375
464051	36000.0	15	16000.0	3.6	378.4375	2.25	384.2875
464129	45000.0	15	16000.0	4.5	384.2875	2.8125	391.6
464121	40000.0	15	16000.0	4.0	391.6	2.5	398.1
464281	42000.0	15	16000.0	4.2	398.1	2.625	404.925
463982	42000.0	15	16000.0	4.2	404.925	2.625	411.75
464428	46000.0	15	16000.0	4.6	411.75	2.875	419.225
464616	41000.0	15	16000.0	4.1	419.225	2.5625	425.88750000000005
464603	48000.0	15	16000.0	4.8	425.8875	3.0	433.6875
464596	44000.0	15	16000.0	4.4	433.6875	2.75	440.8375
464577	40000.0	15	16000.0	4.0	440.8375	2.5	447.3375
463628	33000.0	15	16000.0	3.3	447.3375	2.0625	452.7
464662	30000.0	15	16000.0	3.0	452.7	1.875	457.575
464502	59000.0	15	16000.0	5.9	457.575	3.6875	467.16249999999997
463779	31000.0	15	16000.0	3.1	467.1625	1.9375	472.20000000000005
463801	44000.0	15	16000.0	4.4	472.2	2.75	479.34999999999997
464461	45000.0	15	16000.0	4.5	479.35	2.8125	486.6625
464438	30000.0	15	16000.0	3.0	486.6625	1.875	491.5375
463722	43000.0	15	16000.0	4.3	491.5375	2.6875	498.52500000000003
464546	43000.0	15	16000.0	4.3	498.525	2.6875	505.5125
463732	28000.0	15	16000.0	2.8	505.5125	1.75	510.0625
463139	89000.0	15	16000.0	8.9	510.0625	5.5625	524.525
462812	42000.0	15	16000.0	4.2	524.525	2.625	531.35
465728	42000.0	15	16000.0	4.2	531.35	2.625	538.1750000000001
465726	14000.0	15	16000.0	1.4	538.175	0.875	540.4499999999999
462845	22000.0	15	16000.0	2.2	540.45	1.375	544.0250000000001
465826	43000.0	15	16000.0	4.3	544.025	2.6875	551.0124999999999
462755	20000.0	15	16000.0	2.0	551.0125	1.25	554.2625
465698	44000.0	15	16000.0	4.4	554.2625	2.75	561.4125
465789	38000.0	15	16000.0	3.8	561.4125	2.375	567.5875
462779	33000.0	15	16000.0	3.3	567.5875	2.0625	572.9499999999999
462770	32000.0	15	16000.0	3.2	572.95	2.0	578.1500000000001
465622	43000.0	15	16000.0	4.3	578.15	2.6875	585.1374999999999
462934	48000.0	15	16000.0	4.8	585.1375	3.0	592.9375
465592	18000.0	15	16000.0	1.8	592.9375	1.125	595.8625
465586	39000.0	15	16000.0	3.9	595.8625	2.4375	602.1999999999999
462877	44000.0	15	16000.0	4.4	602.2	2.75	609.35
462878	33000.0	15	16000.0	3.3	609.35	2.0625	614.7125
462882	35000.0	15	16000.0	3.5	614.7125	2.1875	620.4
465662	43000.0	15	16000.0	4.3	620.4	2.6875	627.3874999999999
462897	51000.0	15	16000.0	5.1	627.3875	3.1875	635.6750000000001
465832	39000.0	15	16000.0	3.9	635.675	2.4375	642.0124999999999
462591	26000.0	15	16000.0	2.6	642.0125	1.625	646.2375000000001
466009	37000.0	15	16000.0	3.7	646.2375	2.3125	652.25
462531	46000.0	15	16000.0	4.6	652.25	2.875	659.725
465908	29000.0	15	16000.0	2.9	659.725	1.8125	664.4375
462654	43000.0	15	16000.0	4.3	664.4375	2.6875	671.425
462686	30000.0	15	16000.0	3.0	671.425	1.875	676.3
465935	43000.0	15	16000.0	4.3	676.3	2.6875	683.2874999999999
463108	35000.0	15	16000.0	3.5	683.2875	2.1875	688.975
463031	70000.0	15	16000.0	7.0	688.975	4.375	700.35
465342	47000.0	15	16000.0	4.7	700.35	2.9375	707.9875000000001
463119	52000.0	15	16000.0	5.2	707.9875	3.25	716.4375
465426	43000.0	15	16000.0	4.3	716.4375	2.6875	723.425
463084	46000.0	15	16000.0	4.6	723.425	2.875	730.9
463047	56000.0	15	16000.0	5.6	730.9	3.5	740.0
463081	40000.0	15	16000.0	4.0	740.0	2.5	746.5
463041	36000.0	15	16000.0	3.6	746.5	2.25	752.35
465451	42000.0	15	16000.0	4.2	752.35	2.625	759.1750000000001
463099	59000.0	15	16000.0	5.9	759.175	3.6875	768.7624999999999
463034	35000.0	15	16000.0	3.5	768.7625	2.1875	774.45
462992	43000.0	15	16000.0	4.3	774.45	2.6875	781.4375
465320	39000.0	15	16000.0	3.9	781.4375	2.4375	787.775
465527	43000.0	15	16000.0	4.3	787.775	2.6875	794.7624999999999
465529	32000.0	15	16000.0	3.2	794.7625	2.0	799.9625000000001
462962	32000.0	15	16000.0	3.2	799.9625	2.0	805.1625
462974	36000.0	15	16000.0	3.6	805.1625	2.25	811.0125
464903	35000.0	16	18000.0	3.5058	235.722	1.9444	241.1722
464876	40000.0	16	18000.0	4.0058	241.1722	2.2222	247.40019999999998
464873	37000.0	16	18000.0	3.7058	247.4002	2.0556	253.16160000000002
464923	58000.0	16	18000.0	5.8058	253.1616	3.2222	262.1896
463408	45000.0	16	18000.0	4.5058	262.1896	2.5	269.1954
464964	24000.0	16	18000.0	2.4058	269.1954	1.3333	272.9345
464961	31000.0	16	18000.0	3.1058	272.9345	1.7222	277.7625
463450	41000.0	16	18000.0	4.1058	277.7625	2.2778	284.1461
464719	31000.0	16	18000.0	3.1058	284.1461	1.7222	288.97409999999996
464786	46000.0	16	18000.0	4.6058	288.9741	2.5556	296.13550000000004
464838	30000.0	16	18000.0	3.0058	296.1355	1.6667	300.808
464830	35000.0	16	18000.0	3.5058	300.808	1.9444	306.2582
463534	21000.0	16	18000.0	2.1058	306.2582	1.1667	309.53069999999997
464813	41000.0	16	18000.0	4.1058	309.5307	2.2778	315.9143
463550	42000.0	16	18000.0	4.2058	315.9143	2.3333	322.45340000000004
464795	54000.0	16	18000.0	5.4058	322.4534	3.0	330.8592
464998	44000.0	16	18000.0	4.4058	330.8592	2.4444	337.70939999999996
465209	36000.0	16	18000.0	3.6058	337.7094	2.0	343.3152
465207	42000.0	16	18000.0	4.2058	343.3152	2.3333	349.8543
465165	40000.0	16	18000.0	4.0058	349.8543	2.2222	356.08230000000003
465218	48000.0	16	18000.0	4.8058	356.0823	2.6667	363.55479999999994
465280	38000.0	16	18000.0	3.8058	363.5548	2.1111	369.4717
463176	55000.0	16	18000.0	5.5058	369.4717	3.0556	378.03310000000005
465258	59000.0	16	18000.0	5.9058	378.0331	3.2778	387.2167
463187	42000.0	16	18000.0	4.2058	387.2167	2.3333	393.7558
463194	22000.0	16	18000.0	2.2058	393.7558	1.2222	397.1838
465156	50000.0	16	18000.0	5.0058	397.1838	2.7778	404.96740000000005
465072	37000.0	16	18000.0	3.7058	404.9674	2.0556	410.72880000000004
465059	17000.0	16	18000.0	1.7058	410.7288	0.9444	413.37899999999996
465045	22000.0	16	18000.0	2.2058	413.379	1.2222	416.807
465011	28000.0	16	18000.0	2.8058	416.807	1.5556	421.1684
463288	20000.0	16	18000.0	2.0058	421.1684	1.1111	424.28530000000006
465103	41000.0	16	18000.0	4.1058	424.2853	2.2778	430.6689
465102	16000.0	16	18000.0	1.6058	430.6689	0.8889	433.1636
463304	16000.0	16	18000.0	1.6058	433.1636	0.8889	435.65829999999994
464711	37000.0	16	18000.0	3.7058	435.6583	2.0556	441.41970000000003
463624	44000.0	16	18000.0	4.4058	441.4197	2.4444	448.26989999999995
463935	40000.0	16	18000.0	4.0058	448.2699	2.2222	454.4979
463949	34000.0	16	18000.0	3.4058	454.4979	1.8889	459.7926
464385	45000.0	16	18000.0	4.5058	459.7926	2.5	466.7984
464380	32000.0	16	18000.0	3.2058	466.7984	1.7778	471.78200000000004
463883	30000.0	16	18000.0	3.0058	471.782	1.6667	476.4545
463952	44000.0	16	18000.0	4.4058	476.4545	2.4444	483.30469999999997
463958	45000.0	16	18000.0	4.5058	483.3047	2.5	490.31050000000005
464145	16000.0	16	18000.0	1.6058	490.3105	0.8889	492.80519999999996
464122	103000.0	16	18000.0	10.3058	492.8052	5.7222	508.8332
464120	18000.0	16	18000.0	1.8058	508.8332	1.0	511.63899999999995
463962	54000.0	16	18000.0	5.4058	511.639	3.0	520.0448
464260	38000.0	16	18000.0	3.8058	520.0448	2.1111	525.9617
463987	48000.0	16	18000.0	4.8058	525.9617	2.6667	533.4341999999999
463992	27000.0	16	18000.0	2.7058	533.4342	1.5	537.64
464224	47000.0	16	18000.0	4.7058	537.64	2.6111	544.9568999999999
464575	47000.0	16	18000.0	4.7058	544.9569	2.6111	552.2737999999999
464626	47000.0	16	18000.0	4.7058	552.2738	2.6111	559.5907
464687	27000.0	16	18000.0	2.7058	559.5907	1.5	563.7964999999999
463671	60000.0	16	18000.0	6.0058	563.7965	3.3333	573.1356000000001
463772	48000.0	16	18000.0	4.8058	573.1356	2.6667	580.6080999999999
464490	46000.0	16	18000.0	4.6058	580.6081	2.5556	587.7695000000001
464489	43000.0	16	18000.0	4.3058	587.7695	2.3889	594.4642
463793	103000.0	16	18000.0	10.3058	594.4642	5.7222	610.4922
463736	40000.0	16	18000.0	4.0058	610.4922	2.2222	616.7202000000001
463744	33000.0	16	18000.0	3.3058	616.7202	1.8333	621.8593
464530	44000.0	16	18000.0	4.4058	621.8593	2.4444	628.7094999999999
465121	47000.0	16	18000.0	4.7058	628.7095	2.6111	636.0264
465749	20000.0	16	18000.0	2.0058	636.0264	1.1111	639.1433
462810	56000.0	16	18000.0	5.6058	639.1433	3.1111	647.8602
465739	30000.0	16	18000.0	3.0058	647.8602	1.6667	652.5327
465699	49000.0	16	18000.0	4.9058	652.5327	2.7222	660.1607
465814	34000.0	16	18000.0	3.4058	660.1607	1.8889	665.4554
462774	50000.0	16	18000.0	5.0058	665.4554	2.7778	673.239
465783	47000.0	16	18000.0	4.7058	673.239	2.6111	680.5559
462864	46000.0	16	18000.0	4.6058	680.5559	2.5556	687.7173
462901	29000.0	16	18000.0	2.9058	687.7173	1.6111	692.2342
462930	45000.0	16	18000.0	4.5058	692.2342	2.5	699.24
465585	46000.0	16	18000.0	4.6058	699.24	2.5556	706.4014000000001
462866	49000.0	16	18000.0	4.9058	706.4014	2.7222	714.0294
465689	48000.0	16	18000.0	4.8058	714.0294	2.6667	721.5019
462876	40000.0	16	18000.0	4.0058	721.5019	2.2222	727.7299
465694	35000.0	16	18000.0	3.5058	727.7299	1.9444	733.1801
462883	29000.0	16	18000.0	2.9058	733.1801	1.6111	737.697
465666	54000.0	16	18000.0	5.4058	737.697	3.0	746.1028
465658	41000.0	16	18000.0	4.1058	746.1028	2.2778	752.4864
462587	50000.0	16	18000.0	5.0058	752.4864	2.7778	760.27
462597	32000.0	16	18000.0	3.2058	760.27	1.7778	765.2535999999999
466035	42000.0	16	18000.0	4.2058	765.2536	2.3333	771.7927
466112	41000.0	16	18000.0	4.1058	771.7927	2.2778	778.1763
462523	19000.0	16	18000.0	1.9058	778.1763	1.0556	781.1377
462539	34000.0	16	18000.0	3.4058	781.1377	1.8889	786.4324
462558	46000.0	16	18000.0	4.6058	786.4324	2.5556	793.5938000000001
465993	27000.0	16	18000.0	2.7058	793.5938	1.5	797.7995999999999
465989	40000.0	16	18000.0	4.0058	797.7996	2.2222	804.0276000000001
462691	40000.0	16	18000.0	4.0058	804.0276	2.2222	810.2556000000001
465894	52000.0	16	18000.0	5.2058	810.2556	2.8889	818.3503
462714	45000.0	16	18000.0	4.5058	818.3503	2.5	825.3561
465864	45000.0	16	18000.0	4.5058	825.3561	2.5	832.3619
465584	40000.0	16	18000.0	4.0058	832.3619	2.2222	838.5899000000001
465920	44000.0	16	18000.0	4.4058	838.5899	2.4444	845.4400999999999
462645	43000.0	16	18000.0	4.3058	845.4401	2.3889	852.1348
462661	44000.0	16	18000.0	4.4058	852.1348	2.4444	858.985
465962	38000.0	16	18000.0	3.8058	858.985	2.1111	864.9019
465955	37000.0	16	18000.0	3.7058	864.9019	2.0556	870.6632999999999
465346	41000.0	16	18000.0	4.1058	870.6633	2.2778	877.0469
465477	35000.0	16	18000.0	3.5058	877.0469	1.9444	882.4971
465363	44000.0	16	18000.0	4.4058	882.4971	2.4444	889.3473
463014	39000.0	16	18000.0	3.9058	889.3473	2.1667	895.4198
463117	50000.0	16	18000.0	5.0058	895.4198	2.7778	903.2034
465499	108000.0	16	18000.0	10.8058	903.2034	6.0	920.0092
463049	42000.0	16	18000.0	4.2058	920.0092	2.3333	926.5482999999999
463068	17000.0	16	18000.0	1.7058	926.5483	0.9444	929.1985
465413	47000.0	16	18000.0	4.7058	929.1985	2.6111	936.5153999999999
465397	41000.0	16	18000.0	4.1058	936.5154	2.2778	942.899
463087	39000.0	16	18000.0	3.9058	942.899	2.1667	948.9715
462964	49000.0	16	18000.0	4.9058	948.9715	2.7222	956.5995
465574	45000.0	16	18000.0	4.5058	956.5995	2.5	963.6053
464216	40000.0	17	24000.0	4.0058	169.197	1.6667	174.8695
463479	32000.0	17	24000.0	3.2058	174.8695	1.3333	179.4086
464906	39000.0	17	24000.0	3.9058	179.4086	1.625	184.9394
464880	46000.0	17	24000.0	4.6058	184.9394	1.9167	191.46189999999999
464926	47000.0	17	24000.0	4.7058	191.4619	1.9583	198.12600000000003
463411	38000.0	17	24000.0	3.8058	198.126	1.5833	203.51510000000002
464950	44000.0	17	24000.0	4.4058	203.5151	1.8333	209.7542
464736	33000.0	17	24000.0	3.3058	209.7542	1.375	214.435
464735	16000.0	17	24000.0	1.6058	214.435	0.6667	216.70749999999998
464836	40000.0	17	24000.0	4.0058	216.7075	1.6667	222.38
464802	46000.0	17	24000.0	4.6058	222.38	1.9167	228.90249999999997
463557	30000.0	17	24000.0	3.0058	228.9025	1.25	233.1583
464712	43000.0	17	24000.0	4.3058	233.1583	1.7917	239.2558
465201	56000.0	17	24000.0	5.6058	239.2558	2.3333	247.1949
465195	29000.0	17	24000.0	2.9058	247.1949	1.2083	251.309
465178	33000.0	17	24000.0	3.3058	251.309	1.375	255.9898
463235	39000.0	17	24000.0	3.9058	255.9898	1.625	261.5206
463149	44000.0	17	24000.0	4.4058	261.5206	1.8333	267.7597
465268	49000.0	17	24000.0	4.9058	267.7597	2.0417	274.7072
465264	17000.0	17	24000.0	1.7058	274.7072	0.7083	277.1213
465076	39000.0	17	24000.0	3.9058	277.1213	1.625	282.6521
463342	29000.0	17	24000.0	2.9058	282.6521	1.2083	286.7662
463354	35000.0	17	24000.0	3.5058	286.7662	1.4583	291.73030000000006
465032	45000.0	17	24000.0	4.5058	291.7303	1.875	298.1111
465027	34000.0	17	24000.0	3.4058	298.1111	1.4167	302.9336
465021	45000.0	17	24000.0	4.5058	302.9336	1.875	309.31440000000003
463371	47000.0	17	24000.0	4.7058	309.3144	1.9583	315.9785
465018	44000.0	17	24000.0	4.4058	315.9785	1.8333	322.2176
463322	30000.0	17	24000.0	3.0058	322.2176	1.25	326.4734
463318	36000.0	17	24000.0	3.6058	326.4734	1.5	331.5792
463307	51000.0	17	24000.0	5.1058	331.5792	2.125	338.81
464329	38000.0	17	24000.0	3.8058	338.81	1.5833	344.1991
463927	18000.0	17	24000.0	1.8058	344.1991	0.75	346.75489999999996
464316	33000.0	17	24000.0	3.3058	346.7549	1.375	351.4357
464308	49000.0	17	24000.0	4.9058	351.4357	2.0417	358.3832
463850	40000.0	17	24000.0	4.0058	358.3832	1.6667	364.0557
464386	45000.0	17	24000.0	4.5058	364.0557	1.875	370.4365
463954	51000.0	17	24000.0	5.1058	370.4365	2.125	377.6673
464192	36000.0	17	24000.0	3.6058	377.6673	1.5	382.7731
464176	41000.0	17	24000.0	4.1058	382.7731	1.7083	388.5872
464165	42000.0	17	24000.0	4.2058	388.5872	1.75	394.543
464078	44000.0	17	24000.0	4.4058	394.543	1.8333	400.7821
464094	51000.0	17	24000.0	5.1058	400.7821	2.125	408.0129
464125	40000.0	17	24000.0	4.0058	408.0129	1.6667	413.6854
464272	43000.0	17	24000.0	4.3058	413.6854	1.7917	419.7829
464266	45000.0	17	24000.0	4.5058	419.7829	1.875	426.1637
464247	36000.0	17	24000.0	3.6058	426.1637	1.5	431.2695
464223	15000.0	17	24000.0	1.5058	431.2695	0.625	433.4003
463993	18000.0	17	24000.0	1.8058	433.4003	0.75	435.9561
463994	40000.0	17	24000.0	4.0058	435.9561	1.6667	441.6286
464430	14000.0	17	24000.0	1.4058	441.6286	0.5833	443.6177
463681	24000.0	17	24000.0	2.4058	443.6177	1.0	447.0235
463713	25000.0	17	24000.0	2.5058	447.0235	1.0417	450.571
464491	39000.0	17	24000.0	3.9058	450.571	1.625	456.1018
464463	49000.0	17	24000.0	4.9058	456.1018	2.0417	463.0493
464459	32000.0	17	24000.0	3.2058	463.0493	1.3333	467.58840000000004
463806	40000.0	17	24000.0	4.0058	467.5884	1.6667	473.2609
464453	42000.0	17	24000.0	4.2058	473.2609	1.75	479.2167
463808	45000.0	17	24000.0	4.5058	479.2167	1.875	485.5975
463767	38000.0	17	24000.0	3.8058	485.5975	1.5833	490.9866
464545	45000.0	17	24000.0	4.5058	490.9866	1.875	497.36740000000003
463738	42000.0	17	24000.0	4.2058	497.3674	1.75	503.3232
464532	32000.0	17	24000.0	3.2058	503.3232	1.3333	507.8623
463758	53000.0	17	24000.0	5.3058	507.8623	2.2083	515.3764
465298	41000.0	17	24000.0	4.1058	515.3764	1.7083	521.1905
465748	96000.0	17	24000.0	9.6058	521.1905	4.0	534.7963000000001
462807	35000.0	17	24000.0	3.5058	534.7963	1.4583	539.7604
465746	29000.0	17	24000.0	2.9058	539.7604	1.2083	543.8745
462829	34000.0	17	24000.0	3.4058	543.8745	1.4167	548.697
465756	40000.0	17	24000.0	4.0058	548.697	1.6667	554.3695
462752	31000.0	17	24000.0	3.1058	554.3695	1.2917	558.767
465805	31000.0	17	24000.0	3.1058	558.767	1.2917	563.1645000000001
462789	28000.0	17	24000.0	2.8058	563.1645	1.1667	567.137
465642	46000.0	17	24000.0	4.6058	567.137	1.9167	573.6595
465617	31000.0	17	24000.0	3.1058	573.6595	1.2917	578.057
462920	44000.0	17	24000.0	4.4058	578.057	1.8333	584.2961
462932	33000.0	17	24000.0	3.3058	584.2961	1.375	588.9769
465591	34000.0	17	24000.0	3.4058	588.9769	1.4167	593.7994
465589	36000.0	17	24000.0	3.6058	593.7994	1.5	598.9052
465648	47000.0	17	24000.0	4.7058	598.9052	1.9583	605.5693
465684	40000.0	17	24000.0	4.0058	605.5693	1.6667	611.2418
462880	113000.0	17	24000.0	11.3058	611.2418	4.7083	627.2559
462881	29000.0	17	24000.0	2.9058	627.2559	1.2083	631.37
465669	47000.0	17	24000.0	4.7058	631.37	1.9583	638.0341
465657	47000.0	17	24000.0	4.7058	638.0341	1.9583	644.6981999999999
465670	38000.0	17	24000.0	3.8058	644.6982	1.5833	650.0873
466016	42000.0	17	24000.0	4.2058	650.0873	1.75	656.0431
462572	33000.0	17	24000.0	3.3058	656.0431	1.375	660.7239
466070	20000.0	17	24000.0	2.0058	660.7239	0.8333	663.563
462567	34000.0	17	24000.0	3.4058	663.563	1.4167	668.3855
462516	47000.0	17	24000.0	4.7058	668.3855	1.9583	675.0495999999999
466108	53000.0	17	24000.0	5.3058	675.0496	2.2083	682.5637
462635	50000.0	17	24000.0	5.0058	682.5637	2.0833	689.6528000000001
462694	41000.0	17	24000.0	4.1058	689.6528	1.7083	695.4669
465873	30000.0	17	24000.0	3.0058	695.4669	1.25	699.7227
465866	41000.0	17	24000.0	4.1058	699.7227	1.7083	705.5368000000001
465840	39000.0	17	24000.0	3.9058	705.5368	1.625	711.0676
465917	30000.0	17	24000.0	3.0058	711.0676	1.25	715.3234
465981	45000.0	17	24000.0	4.5058	715.3234	1.875	721.7042
465966	46000.0	17	24000.0	4.6058	721.7042	1.9167	728.2267
465956	28000.0	17	24000.0	2.8058	728.2267	1.1667	732.1992
462671	44000.0	17	24000.0	4.4058	732.1992	1.8333	738.4383
462673	45000.0	17	24000.0	4.5058	738.4383	1.875	744.8191
465938	43000.0	17	24000.0	4.3058	744.8191	1.7917	750.9166
465479	30000.0	17	24000.0	3.0058	750.9166	1.25	755.1724
465471	49000.0	17	24000.0	4.9058	755.1724	2.0417	762.1199
465462	42000.0	17	24000.0	4.2058	762.1199	1.75	768.0757
465364	43000.0	17	24000.0	4.3058	768.0757	1.7917	774.1732
463111	30000.0	17	24000.0	3.0058	774.1732	1.25	778.429
465423	31000.0	17	24000.0	3.1058	778.429	1.2917	782.8265
463076	18000.0	17	24000.0	1.8058	782.8265	0.75	785.3823
463079	44000.0	17	24000.0	4.4058	785.3823	1.8333	791.6214
465403	48000.0	17	24000.0	4.8058	791.6214	2.0	798.4272
465443	41000.0	17	24000.0	4.1058	798.4272	1.7083	804.2413
462971	32000.0	17	24000.0	3.2058	804.2413	1.3333	808.7804
465301	44000.0	17	24000.0	4.4058	808.7804	1.8333	815.0195
465553	37000.0	17	24000.0	3.7058	815.0195	1.5417	820.2669999999999
465316	32000.0	17	24000.0	3.2058	820.267	1.3333	824.8061
465531	48000.0	17	24000.0	4.8058	824.8061	2.0	831.6119
463475	34000.0	18	30000.0	3.4058	155.1857	1.1333	159.7248
464913	31000.0	18	30000.0	3.1058	159.7248	1.0333	163.86389999999997
464912	49000.0	18	30000.0	4.9058	163.8639	1.6333	170.403
463484	30000.0	18	30000.0	3.0058	170.403	1.0	174.40879999999999
463509	46000.0	18	30000.0	4.6058	174.4088	1.5333	180.5479
463451	35000.0	18	30000.0	3.5058	180.5479	1.1667	185.22039999999998
463453	33000.0	18	30000.0	3.3058	185.2204	1.1	189.6262
464857	41000.0	18	30000.0	4.1058	189.6262	1.3667	195.0987
464854	35000.0	18	30000.0	3.5058	195.0987	1.1667	199.7712
464752	45000.0	18	30000.0	4.5058	199.7712	1.5	205.777
463582	32000.0	18	30000.0	3.2058	205.777	1.0667	210.0495
464729	35000.0	18	30000.0	3.5058	210.0495	1.1667	214.72199999999998
464996	41000.0	18	30000.0	4.1058	214.722	1.3667	220.1945
463525	43000.0	18	30000.0	4.3058	220.1945	1.4333	225.9336
463540	17000.0	18	30000.0	1.7058	225.9336	0.5667	228.20610000000002
463541	44000.0	18	30000.0	4.4058	228.2061	1.4667	234.0786
464814	31000.0	18	30000.0	3.1058	234.0786	1.0333	238.21769999999998
464807	15000.0	18	30000.0	1.5058	238.2177	0.5	240.2235
463203	29000.0	18	30000.0	2.9058	240.2235	0.9667	244.096
465210	41000.0	18	30000.0	4.1058	244.096	1.3667	249.5685
463227	40000.0	18	30000.0	4.0058	249.5685	1.3333	254.9076
465179	33000.0	18	30000.0	3.3058	254.9076	1.1	259.3134
463229	43000.0	18	30000.0	4.3058	259.3134	1.4333	265.05249999999995
465284	36000.0	18	30000.0	3.6058	265.0525	1.2	269.8583
463179	35000.0	18	30000.0	3.5058	269.8583	1.1667	274.5308
465255	45000.0	18	30000.0	4.5058	274.5308	1.5	280.5366
465251	54000.0	18	30000.0	5.4058	280.5366	1.8	287.74240000000003
465242	30000.0	18	30000.0	3.0058	287.7424	1.0	291.7482
465226	44000.0	18	30000.0	4.4058	291.7482	1.4667	297.6207
463248	44000.0	18	30000.0	4.4058	297.6207	1.4667	303.4932
463329	43000.0	18	30000.0	4.3058	303.4932	1.4333	309.23229999999995
465055	31000.0	18	30000.0	3.1058	309.2323	1.0333	313.3714
463332	11000.0	18	30000.0	1.1058	313.3714	0.3667	314.84389999999996
463377	46000.0	18	30000.0	4.6058	314.8439	1.5333	320.983
465078	38000.0	18	30000.0	3.8058	320.983	1.2667	326.0555
465143	37000.0	18	30000.0	3.7058	326.0555	1.2333	330.9946
463281	19000.0	18	30000.0	1.9058	330.9946	0.6333	333.5337
463286	40000.0	18	30000.0	4.0058	333.5337	1.3333	338.87280000000004
464111	33000.0	18	30000.0	3.3058	338.8728	1.1	343.2786
463312	41000.0	18	30000.0	4.1058	343.2786	1.3667	348.75109999999995
463319	44000.0	18	30000.0	4.4058	348.7511	1.4667	354.6236
463951	41000.0	18	30000.0	4.1058	354.6236	1.3667	360.0961
463902	47000.0	18	30000.0	4.7058	360.0961	1.5667	366.3686
464383	49000.0	18	30000.0	4.9058	366.3686	1.6333	372.90770000000003
464050	45000.0	18	30000.0	4.5058	372.9077	1.5	378.9135
464155	41000.0	18	30000.0	4.1058	378.9135	1.3667	384.38599999999997
464083	41000.0	18	30000.0	4.1058	384.386	1.3667	389.8585
464117	35000.0	18	30000.0	3.5058	389.8585	1.1667	394.531
464024	33000.0	18	30000.0	3.3058	394.531	1.1	398.9368
464198	49000.0	18	30000.0	4.9058	398.9368	1.6333	405.4759
464015	20000.0	18	30000.0	2.0058	405.4759	0.6667	408.14840000000004
463989	45000.0	18	30000.0	4.5058	408.1484	1.5	414.1542
464221	39000.0	18	30000.0	3.9058	414.1542	1.3	419.36
463684	47000.0	18	30000.0	4.7058	419.36	1.5667	425.63250000000005
463701	34000.0	18	30000.0	3.4058	425.6325	1.1333	430.1716
463704	37000.0	18	30000.0	3.7058	430.1716	1.2333	435.1107
464699	35000.0	18	30000.0	3.5058	435.1107	1.1667	439.7832
464697	32000.0	18	30000.0	3.2058	439.7832	1.0667	444.05570000000006
464685	40000.0	18	30000.0	4.0058	444.0557	1.3333	449.39480000000003
464682	20000.0	18	30000.0	2.0058	449.3948	0.6667	452.0673
464659	43000.0	18	30000.0	4.3058	452.0673	1.4333	457.80639999999994
463659	44000.0	18	30000.0	4.4058	457.8064	1.4667	463.6789
463677	44000.0	18	30000.0	4.4058	463.6789	1.4667	469.5514
463680	35000.0	18	30000.0	3.5058	469.5514	1.1667	474.2239
463816	42000.0	18	30000.0	4.2058	474.2239	1.4	479.8297
463821	15000.0	18	30000.0	1.5058	479.8297	0.5	481.8355
464505	14000.0	18	30000.0	1.4058	481.8355	0.4667	483.708
464507	31000.0	18	30000.0	3.1058	483.708	1.0333	487.8471
464513	40000.0	18	30000.0	4.0058	487.8471	1.3333	493.18620000000004
463760	47000.0	18	30000.0	4.7058	493.1862	1.5667	499.4587
465737	44000.0	18	30000.0	4.4058	499.4587	1.4667	505.3312
462841	40000.0	18	30000.0	4.0058	505.3312	1.3333	510.67030000000005
465765	38000.0	18	30000.0	3.8058	510.6703	1.2667	515.7428
462750	38000.0	18	30000.0	3.8058	515.7428	1.2667	520.8153
465825	48000.0	18	30000.0	4.8058	520.8153	1.6	527.2211
465796	38000.0	18	30000.0	3.8058	527.2211	1.2667	532.2936
465776	20000.0	18	30000.0	2.0058	532.2936	0.6667	534.9661
465693	40000.0	18	30000.0	4.0058	534.9661	1.3333	540.3052
465620	43000.0	18	30000.0	4.3058	540.3052	1.4333	546.0443
462929	18000.0	18	30000.0	1.8058	546.0443	0.6	548.4501
462900	46000.0	18	30000.0	4.6058	548.4501	1.5333	554.5892000000001
465660	37000.0	18	30000.0	3.7058	554.5892	1.2333	559.5283
465836	46000.0	18	30000.0	4.6058	559.5283	1.5333	565.6674
462574	41000.0	18	30000.0	4.1058	565.6674	1.3667	571.1399000000001
466042	42000.0	18	30000.0	4.2058	571.1399	1.4	576.7456999999999
466018	41000.0	18	30000.0	4.1058	576.7457	1.3667	582.2182000000001
466015	22000.0	18	30000.0	2.2058	582.2182	0.7333	585.1573
462627	56000.0	18	30000.0	5.6058	585.1573	1.8667	592.6298
462570	52000.0	18	30000.0	5.2058	592.6298	1.7333	599.5689
466121	34000.0	18	30000.0	3.4058	599.5689	1.1333	604.108
466119	35000.0	18	30000.0	3.5058	604.108	1.1667	608.7805
466090	39000.0	18	30000.0	3.9058	608.7805	1.3	613.9862999999999
466085	46000.0	18	30000.0	4.6058	613.9863	1.5333	620.1254000000001
466081	86000.0	18	30000.0	8.6058	620.1254	2.8667	631.5979000000001
466076	40000.0	18	30000.0	4.0058	631.5979	1.3333	636.937
466073	54000.0	18	30000.0	5.4058	636.937	1.8	644.1428
462690	35000.0	18	30000.0	3.5058	644.1428	1.1667	648.8153
462688	32000.0	18	30000.0	3.2058	648.8153	1.0667	653.0877999999999
462721	37000.0	18	30000.0	3.7058	653.0878	1.2333	658.0269
462745	48000.0	18	30000.0	4.8058	658.0269	1.6	664.4327
465983	44000.0	18	30000.0	4.4058	664.4327	1.4667	670.3051999999999
462637	27000.0	18	30000.0	2.7058	670.3052	0.9	673.911
462660	54000.0	18	30000.0	5.4058	673.911	1.8	681.1167999999999
462670	32000.0	18	30000.0	3.2058	681.1168	1.0667	685.3892999999999
465945	35000.0	18	30000.0	3.5058	685.3893	1.1667	690.0618000000001
465943	45000.0	18	30000.0	4.5058	690.0618	1.5	696.0676
465929	40000.0	18	30000.0	4.0058	696.0676	1.3333	701.4067
463109	45000.0	18	30000.0	4.5058	701.4067	1.5	707.4125
463026	41000.0	18	30000.0	4.1058	707.4125	1.3667	712.8850000000001
462994	38000.0	18	30000.0	3.8058	712.885	1.2667	717.9575
465328	29000.0	18	30000.0	2.9058	717.9575	0.9667	721.8299999999999
463003	39000.0	18	30000.0	3.9058	721.83	1.3	727.0358
465333	33000.0	18	30000.0	3.3058	727.0358	1.1	731.4416
465324	34000.0	18	30000.0	3.4058	731.4416	1.1333	735.9807
463032	34000.0	18	30000.0	3.4058	735.9807	1.1333	740.5197999999999
465383	40000.0	18	30000.0	4.0058	740.5198	1.3333	745.8589000000001
465458	30000.0	18	30000.0	3.0058	745.8589	1.0	749.8647
465380	61000.0	18	30000.0	6.1058	749.8647	2.0333	758.0038000000001
465439	36000.0	18	30000.0	3.6058	758.0038	1.2	762.8096
465379	53000.0	18	30000.0	5.3058	762.8096	1.7667	769.8821
465441	31000.0	18	30000.0	3.1058	769.8821	1.0333	774.0212000000001
465516	36000.0	18	30000.0	3.6058	774.0212	1.2	778.8270000000001
465306	45000.0	18	30000.0	4.5058	778.827	1.5	784.8328
463469	31000.0	19	30000.0	3.1058	190.026	1.0333	194.1651
464909	41000.0	19	30000.0	4.1058	194.1651	1.3667	199.6376
463486	46000.0	19	30000.0	4.6058	199.6376	1.5333	205.77669999999998
464887	37000.0	19	30000.0	3.7058	205.7767	1.2333	210.71580000000003
463499	43000.0	19	30000.0	4.3058	210.7158	1.4333	216.4549
463491	42000.0	19	30000.0	4.2058	216.4549	1.4	222.06070000000003
464992	26000.0	19	30000.0	2.6058	222.0607	0.8667	225.5332
464974	44000.0	19	30000.0	4.4058	225.5332	1.4667	231.4057
464963	26000.0	19	30000.0	2.6058	231.4057	0.8667	234.8782
463434	42000.0	19	30000.0	4.2058	234.8782	1.4	240.484
464936	39000.0	19	30000.0	3.9058	240.484	1.3	245.68980000000002
463459	29000.0	19	30000.0	2.9058	245.6898	0.9667	249.5623
463523	17000.0	19	30000.0	1.7058	249.5623	0.5667	251.8348
464782	36000.0	19	30000.0	3.6058	251.8348	1.2	256.6406
464773	32000.0	19	30000.0	3.2058	256.6406	1.0667	260.91310000000004
464737	44000.0	19	30000.0	4.4058	260.9131	1.4667	266.7856
464730	33000.0	19	30000.0	3.3058	266.7856	1.1	271.1914
464728	42000.0	19	30000.0	4.2058	271.1914	1.4	276.7972
464831	18000.0	19	30000.0	1.8058	276.7972	0.6	279.203
464826	47000.0	19	30000.0	4.7058	279.203	1.5667	285.4755
464816	50000.0	19	30000.0	5.0058	285.4755	1.6667	292.148
463543	33000.0	19	30000.0	3.3058	292.148	1.1	296.5538
463553	48000.0	19	30000.0	4.8058	296.5538	1.6	302.9596
464788	45000.0	19	30000.0	4.5058	302.9596	1.5	308.96540000000005
465183	53000.0	19	30000.0	5.3058	308.9654	1.7667	316.0379
465162	35000.0	19	30000.0	3.5058	316.0379	1.1667	320.7104
463241	37000.0	19	30000.0	3.7058	320.7104	1.2333	325.6495
463201	37000.0	19	30000.0	3.7058	325.6495	1.2333	330.5886
463170	17000.0	19	30000.0	1.7058	330.5886	0.5667	332.8611
463182	44000.0	19	30000.0	4.4058	332.8611	1.4667	338.7336
465239	41000.0	19	30000.0	4.1058	338.7336	1.3667	344.2061
465057	49000.0	19	30000.0	4.9058	344.2061	1.6333	350.7452
463331	39000.0	19	30000.0	3.9058	350.7452	1.3	355.951
463334	34000.0	19	30000.0	3.4058	355.951	1.1333	360.49010000000004
465015	40000.0	19	30000.0	4.0058	360.4901	1.3333	365.8292
465003	28000.0	19	30000.0	2.8058	365.8292	0.9333	369.56829999999997
463255	38000.0	19	30000.0	3.8058	369.5683	1.2667	374.6408
465140	52000.0	19	30000.0	5.2058	374.6408	1.7333	381.5799
463279	42000.0	19	30000.0	4.2058	381.5799	1.4	387.1857
463287	59000.0	19	30000.0	5.9058	387.1857	1.9667	395.0582
465113	40000.0	19	30000.0	4.0058	395.0582	1.3333	400.39730000000003
465112	45000.0	19	30000.0	4.5058	400.3973	1.5	406.4031
465094	51000.0	19	30000.0	5.1058	406.4031	1.7	413.20889999999997
463917	49000.0	19	30000.0	4.9058	413.2089	1.6333	419.74800000000005
464330	45000.0	19	30000.0	4.5058	419.748	1.5	425.7538
463925	42000.0	19	30000.0	4.2058	425.7538	1.4	431.3596
464325	17000.0	19	30000.0	1.7058	431.3596	0.5667	433.63210000000004
464324	43000.0	19	30000.0	4.3058	433.6321	1.4333	439.37119999999993
464309	38000.0	19	30000.0	3.8058	439.3712	1.2667	444.4437
464302	43000.0	19	30000.0	4.3058	444.4437	1.4333	450.18279999999993
464295	38000.0	19	30000.0	3.8058	450.1828	1.2667	455.2553
464403	43000.0	19	30000.0	4.3058	455.2553	1.4333	460.9943999999999
463874	49000.0	19	30000.0	4.9058	460.9944	1.6333	467.5335
463875	43000.0	19	30000.0	4.3058	467.5335	1.4333	473.27259999999995
463881	31000.0	19	30000.0	3.1058	473.2726	1.0333	477.4117
463896	42000.0	19	30000.0	4.2058	477.4117	1.4	483.0175
464030	31000.0	19	30000.0	3.1058	483.0175	1.0333	487.15659999999997
464182	18000.0	19	30000.0	1.8058	487.1566	0.6	489.5624
464164	43000.0	19	30000.0	4.3058	489.5624	1.4333	495.3015
464142	42000.0	19	30000.0	4.2058	495.3015	1.4	500.90729999999996
463830	32000.0	19	30000.0	3.2058	500.9073	1.0667	505.17980000000006
463960	40000.0	19	30000.0	4.0058	505.1798	1.3333	510.51890000000003
463961	30000.0	19	30000.0	3.0058	510.5189	1.0	514.5246999999999
463967	32000.0	19	30000.0	3.2058	514.5247	1.0667	518.7972
464217	42000.0	19	30000.0	4.2058	518.7972	1.4	524.4029999999999
464612	56000.0	19	30000.0	5.6058	524.403	1.8667	531.8755000000001
464583	33000.0	19	30000.0	3.3058	531.8755	1.1	536.2813
463712	46000.0	19	30000.0	4.6058	536.2813	1.5333	542.4204000000001
464570	36000.0	19	30000.0	3.6058	542.4204	1.2	547.2262000000001
464625	35000.0	19	30000.0	3.5058	547.2262	1.1667	551.8987
464635	37000.0	19	30000.0	3.7058	551.8987	1.2333	556.8377999999999
464703	43000.0	19	30000.0	4.3058	556.8378	1.4333	562.5769
464690	31000.0	19	30000.0	3.1058	562.5769	1.0333	566.7160000000001
463630	30000.0	19	30000.0	3.0058	566.716	1.0	570.7218
464675	40000.0	19	30000.0	4.0058	570.7218	1.3333	576.0609000000001
464649	44000.0	19	30000.0	4.4058	576.0609	1.4667	581.9333999999999
463786	22000.0	19	30000.0	2.2058	581.9334	0.7333	584.8725
463790	32000.0	19	30000.0	3.2058	584.8725	1.0667	589.1449999999999
463807	23000.0	19	30000.0	2.3058	589.145	0.7667	592.2175
463819	20000.0	19	30000.0	2.0058	592.2175	0.6667	594.89
464552	36000.0	19	30000.0	3.6058	594.89	1.2	599.6958000000001
463748	35000.0	19	30000.0	3.5058	599.6958	1.1667	604.3683
463754	34000.0	19	30000.0	3.4058	604.3683	1.1333	608.9073999999999
463763	49000.0	19	30000.0	4.9058	608.9074	1.6333	615.4465
464508	34000.0	19	30000.0	3.4058	615.4465	1.1333	619.9856
465745	23000.0	19	30000.0	2.3058	619.9856	0.7667	623.0581
465740	43000.0	19	30000.0	4.3058	623.0581	1.4333	628.7972
462823	48000.0	19	30000.0	4.8058	628.7972	1.6	635.203
462833	43000.0	19	30000.0	4.3058	635.203	1.4333	640.9421
465705	41000.0	19	30000.0	4.1058	640.9421	1.3667	646.4146000000001
462795	37000.0	19	30000.0	3.7058	646.4146	1.2333	651.3536999999999
465813	54000.0	19	30000.0	5.4058	651.3537	1.8	658.5595
465798	32000.0	19	30000.0	3.2058	658.5595	1.0667	662.8319999999999
462747	39000.0	19	30000.0	3.9058	662.832	1.3	668.0378
465641	32000.0	19	30000.0	3.2058	668.0378	1.0667	672.3102999999999
465625	48000.0	19	30000.0	4.8058	672.3103	1.6	678.7161
465604	40000.0	19	30000.0	4.0058	678.7161	1.3333	684.0552
465598	31000.0	19	30000.0	3.1058	684.0552	1.0333	688.1943000000001
465587	43000.0	19	30000.0	4.3058	688.1943	1.4333	693.9334
462870	43000.0	19	30000.0	4.3058	693.9334	1.4333	699.6725
465680	48000.0	19	30000.0	4.8058	699.6725	1.6	706.0783
465668	42000.0	19	30000.0	4.2058	706.0783	1.4	711.6841
465833	43000.0	19	30000.0	4.3058	711.6841	1.4333	717.4232
466064	29000.0	19	30000.0	2.9058	717.4232	0.9667	721.2956999999999
462593	34000.0	19	30000.0	3.4058	721.2957	1.1333	725.8348
466040	36000.0	19	30000.0	3.6058	725.8348	1.2	730.6406000000001
466031	32000.0	19	30000.0	3.2058	730.6406	1.0667	734.9130999999999
466025	42000.0	19	30000.0	4.2058	734.9131	1.4	740.5188999999999
462613	46000.0	19	30000.0	4.6058	740.5189	1.5333	746.6580000000001
466011	36000.0	19	30000.0	3.6058	746.658	1.2	751.4638000000001
466007	31000.0	19	30000.0	3.1058	751.4638	1.0333	755.6029000000001
466002	44000.0	19	30000.0	4.4058	755.6029	1.4667	761.4753999999999
466096	41000.0	19	30000.0	4.1058	761.4754	1.3667	766.9479000000001
466078	43000.0	19	30000.0	4.3058	766.9479	1.4333	772.687
462564	48000.0	19	30000.0	4.8058	772.687	1.6	779.0928
466093	31000.0	19	30000.0	3.1058	779.0928	1.0333	783.2319000000001
462695	38000.0	19	30000.0	3.8058	783.2319	1.2667	788.3044
462718	45000.0	19	30000.0	4.5058	788.3044	1.5	794.3102
465976	30000.0	19	30000.0	3.0058	794.3102	1.0	798.316
462675	26000.0	19	30000.0	2.6058	798.316	0.8667	801.7885000000001
462939	39000.0	19	30000.0	3.9058	801.7885	1.3	806.9943
465356	45000.0	19	30000.0	4.5058	806.9943	1.5	813.0001
465478	34000.0	19	30000.0	3.4058	813.0001	1.1333	817.5391999999999
463103	41000.0	19	30000.0	4.1058	817.5392	1.3667	823.0117000000001
465326	33000.0	19	30000.0	3.3058	823.0117	1.1	827.4175
465497	28000.0	19	30000.0	2.8058	827.4175	0.9333	831.1566
465459	47000.0	19	30000.0	4.7058	831.1566	1.5667	837.4291
463048	39000.0	19	30000.0	3.9058	837.4291	1.3	842.6348999999999
462940	44000.0	19	30000.0	4.4058	842.6349	1.4667	848.5074
465389	44000.0	19	30000.0	4.4058	848.5074	1.4667	854.3798999999999
465407	47000.0	19	30000.0	4.7058	854.3799	1.5667	860.6524
465449	38000.0	19	30000.0	3.8058	860.6524	1.2667	865.7248999999999
465448	38000.0	19	30000.0	3.8058	865.7249	1.2667	870.7974
465442	16000.0	19	30000.0	1.6058	870.7974	0.5333	872.9365000000001
463114	36000.0	19	30000.0	3.6058	872.9365	1.2	877.7423000000001
463126	17000.0	19	30000.0	1.7058	877.7423	0.5667	880.0147999999999
462953	43000.0	19	30000.0	4.3058	880.0148	1.4333	885.7539
462946	41000.0	19	30000.0	4.1058	885.7539	1.3667	891.2264000000001
