1.8734000000000002	0.45	0.7	1
5.6202000000000005	0.4	0.7	1
10.707	0.48	0.5	1
17.4005	0.51	0.6	1
25.9674	0.43	0.7	1
36.407700000000006	0.41	0.7	1
48.7214	0.44	0.7	1
62.3751	0.47	0.5	1
77.90220000000001	0.42	0.7	1
95.30270000000002	0.4	0.7	1
114.57660000000001	0.43	0.7	1
135.72390000000001	0.38	0.7	1
158.4779	0.51	0.6	1
183.1053	0.43	0.7	1
209.6061	0.39	0.7	1
237.4469	0.47	0.5	1
266.8944	0.44	0.6	1
297.9486	0.5	0.6	1
330.8762	0.44	0.7	1
365.41049999999996	0.43	0.6	1
401.81819999999993	0.42	0.7	1
439.83259999999996	0.45	0.6	1
479.45369999999997	0.4	0.6	1
520.9481999999999	0.44	0.7	1
563.5160999999999	0.53	0.4	1
607.9573999999999	0.41	0.7	1
653.0053999999999	0.47	0.6	1
699.9267999999998	0.41	0.7	1
748.4548999999998	0.45	0.6	1
798.5896999999999	0.43	0.6	1
850.3311999999999	0.44	0.6	1
903.6793999999999	0.47	0.6	1
958.9009999999998	0.43	0.7	1
1015.9959999999999	0.37	0.7	1
1074.6977	0.4	0.6	1
1135.0061	0.42	0.6	1
1196.6545	0.46	0.5	1
1259.9096000000002	0.41	0.6	1
1324.7714	0.44	0.6	1
1391.2399	0.4	0.6	1
1459.3151	0.54	0.6	1
1528.997	0.46	0.6	1
1600.5523	0.39	0.7	1
1673.7143	0.47	0.6	1
1748.2163	0.49	0.5	1
1824.0583000000001	0.47	0.5	1
1901.507	0.42	0.6	1
1980.8291000000002	0.43	0.7	1
2062.0246	0.39	0.7	1
2144.8268000000003	0.48	0.6	1
2229.2357	0.43	0.6	1
2314.9846000000002	0.5	0.5	1
2402.6069	0.41	0.7	1
2491.8359	0.41	0.6	1
2582.9383000000003	0.46	0.7	1
2675.6474000000003	0.45	0.6	1
2769.9632	0.5	0.6	1
2865.619	0.48	0.5	1
2963.1482	0.4	0.7	1
3062.5508	0.41	0.7	1
3163.8268	0.45	0.7	1
3266.7095	0.45	0.6	1
3371.4656	0.41	0.7	1
3478.0951	0.4	0.7	1
3586.598	0.45	0.7	1
3696.7075999999997	0.61	0.6	1
3808.1571999999996	0.51	0.5	1
3920.9467999999997	0.47	0.5	1
4035.3430999999996	0.4	0.6	1
4151.6128	0.41	0.7	1
4269.4892	0.42	0.6	1
4388.9723	0.44	0.6	1
4510.3288	0.38	0.7	1
4633.5587000000005	0.41	0.7	1
4758.662	0.42	0.7	1
4885.372	0.43	0.6	1
5013.688700000001	0.43	0.6	1
5143.6121	0.41	0.6	1
5275.4089	0.38	0.7	1
5408.0791	0.45	0.7	1
5542.356	0.46	0.6	1
5677.9729	0.49	0.5	1
5815.1965	0.46	0.6	1
5954.0268	0.41	0.6	1
6094.4637999999995	0.43	0.6	1
6236.2408	0.5	0.5	1
6379.6245	0.42	0.6	1
6524.6149	0.41	0.6	1
6671.2119999999995	0.44	0.6	1
6819.6825	0.42	0.7	1
6970.0264	0.42	0.7	1
7121.977	0.44	0.6	1
7275.5343	0.45	0.6	1
7430.965	0.37	0.7	1
7588.2691	0.44	0.7	1
7746.913200000001	0.47	0.5	1
7907.164000000001	0.45	0.6	1
8069.021500000001	0.44	0.6	1
8232.219000000001	0.45	0.5	1
8397.289900000002	0.41	0.7	1
8563.700800000002	0.46	0.5	1
8731.718400000002	0.37	0.6	1
8901.342700000001	0.48	0.6	1
9072.840400000001	0.41	0.7	1
9246.211500000001	0.45	0.7	1
9420.922600000002	0.56	0.5	1
9597.240400000002	0.48	0.6	1
9775.164900000002	0.46	0.6	1
9954.696100000001	0.44	0.6	1
10135.5673	0.52	0.5	1
10318.3119	0.38	0.7	1
10502.6632	0.45	0.6	1
10688.621200000001	0.41	0.6	1
10876.185900000002	0.47	0.6	1
11065.624000000002	0.39	0.7	1
11256.668800000001	0.46	0.6	1
11449.320300000001	0.52	0.6	1
11643.578500000001	0.47	0.6	1
11839.443400000002	0.39	0.6	1
12036.915000000003	0.43	0.6	1
12235.993300000002	0.44	0.6	1
12436.678300000001	0.42	0.6	1
12638.970000000001	0.45	0.6	1
12843.135100000001	0.39	0.7	1
13049.173600000002	0.41	0.7	1
13256.818800000003	0.42	0.6	1
13466.070700000002	0.48	0.6	1
13676.662600000001	0.47	0.5	1
13889.127900000001	0.4	0.7	1
14103.466600000002	0.4	0.7	1
14319.678700000002	0.42	0.7	1
14537.497500000001	0.49	0.6	1
14756.923	0.48	0.6	1
14978.2219	0.36	0.7	1
15200.8608	0.47	0.5	1
15424.8397	0.44	0.5	1
15650.692000000001	0.43	0.7	1
15878.417700000002	0.49	0.7	1
16107.750100000001	0.39	0.6	1
16338.6892	0.48	0.6	1
16570.9683	0.45	0.5	1
16803.8541	0.42	0.6	1
17038.3466	0.45	0.6	1
17274.7125	0.34	0.7	1
17512.951800000003	0.36	0.7	1
17753.064500000004	0.4	0.7	1
17994.783900000006	0.5	0.6	1
18237.843300000004	0.54	0.5	1
18482.242700000003	0.5	0.5	1
18728.2488	0.38	0.6	1
18976.1283	0.43	0.7	1
19225.3478	0.48	0.5	1
19475.9073	0.47	0.5	1
19728.0735	0.45	0.6	1
19982.1131	0.44	0.7	1
20237.7594	0.37	0.6	1
20495.2791	0.39	0.7	1
20754.1388	0.46	0.5	1
21014.6052	0.44	0.6	1
21276.945000000003	0.43	0.7	1
21540.891500000005	0.47	0.6	1
21806.178000000004	0.46	0.5	1
22073.337900000002	0.47	0.7	1
22342.3712	0.44	0.7	1
22613.2779	0.45	0.7	1
22886.058	0.4	0.7	1
23160.4448	0.46	0.6	1
23436.4383	0.45	0.6	1
23714.038500000002	0.41	0.6	1
23993.512100000004	0.44	0.7	1
24274.592400000005	0.46	0.6	1
24557.279400000007	0.46	0.6	1
24841.573100000005	0.48	0.6	1
25127.473500000004	0.48	0.6	1
25414.980600000003	0.45	0.6	1
25704.361100000002	0.39	0.7	1
25995.3483	0.42	0.6	1
26288.2089	0.37	0.7	1
26582.942900000002	0.43	0.7	1
26879.283600000002	0.45	0.6	1
27177.497700000004	0.42	0.7	1
27477.585200000005	0.45	0.7	1
27779.279400000007	0.41	0.6	1
28082.31360000001	0.48	0.5	1
28387.221200000007	0.31	0.7	1
28693.735500000006	0.45	0.6	1
29001.856500000005	0.47	0.6	1
29311.850900000005	0.38	0.7	1
29622.452000000005	0.45	0.6	1
29934.659800000005	0.46	0.6	1
30248.741000000005	0.45	0.7	1
30564.428900000006	0.43	0.6	1
30881.723500000007	0.48	0.6	1
31200.89150000001	0.48	0.7	1
31521.66620000001	0.46	0.6	1
31844.04760000001	0.49	0.6	1
32167.50240000001	0.58	0.4	1
32492.56390000001	0.46	0.6	1
32819.49880000001	0.47	0.7	1
33148.040400000005	0.43	0.6	1
33478.188700000006	0.39	0.6	1
33810.2104	0.42	0.7	1
34143.838800000005	0.47	0.6	1
34479.0739	0.45	0.6	1
34815.915700000005	0.46	0.6	1
35154.3642	0.45	0.6	1
35494.686100000006	0.38	0.7	1
35836.348000000005	0.55	0.5	1
36179.61660000001	0.41	0.6	1
36524.49190000001	0.47	0.6	1
36871.240600000005	0.41	0.7	1
37219.329300000005	0.46	0.5	1
37569.2914	0.43	0.7	1
37920.5935	0.53	0.5	1
38273.5023	0.46	0.6	1
38628.0178	0.44	0.6	1
38984.4067	0.4	0.7	1
39342.1356	0.6	0.5	1
39701.4712	0.39	0.6	1
40062.6802	0.43	0.7	1
40425.7626	0.41	0.7	1
40790.718400000005	0.38	0.7	1
41157.014200000005	0.51	0.5	1
41524.9167	0.44	0.6	1
41894.4259	0.44	0.6	1
42265.8085	0.4	0.7	1
42638.7978	0.46	0.6	1
43013.3938	0.47	0.6	1
43389.5965	0.51	0.6	1
43767.1392	0.47	0.5	1
44146.5553	0.37	0.7	1
44527.5781	0.46	0.6	1
44910.4743	0.47	0.7	1
45294.7105	0.45	0.5	1
45680.820100000004	0.43	0.7	1
46068.803100000005	0.37	0.7	1
46458.3928	0.45	0.6	1
46849.3225	0.49	0.5	1
47242.1256	0.43	0.7	1
47636.8021	0.4	0.7	1
48033.352	0.44	0.7	1
48431.5086	0.46	0.6	1
48831.2719	0.49	0.6	1
49232.9086	0.41	0.7	1
49636.4187	0.43	0.7	1
50041.535500000005	0.46	0.6	1
50448.259000000005	0.45	0.6	1
50856.5892	0.47	0.6	1
