1.6067	0.46	0.6	1
5.0868	0.45	0.7	1
10.1736	0.43	0.6	1
17.1338	0.4	0.7	1
25.7007	0.47	0.6	1
36.141000000000005	0.4	0.7	1
48.4547	0.37	0.7	1
62.3751	0.38	0.6	1
77.90220000000001	0.48	0.6	1
95.036	0.47	0.6	1
114.0432	0.45	0.7	1
134.6571	0.4	0.6	1
156.8777	0.43	0.6	1
180.705	0.47	0.6	1
206.40570000000002	0.42	0.7	1
233.71310000000003	0.43	0.6	1
262.89390000000003	0.37	0.7	1
293.68140000000005	0.45	0.6	1
326.3423000000001	0.4	0.7	1
360.6099000000001	0.45	0.6	1
396.7509000000001	0.46	0.7	1
434.4986000000001	0.46	0.6	1
473.8530000000001	0.42	0.6	1
514.8141000000002	0.48	0.6	1
557.6486000000002	0.44	0.7	1
601.8231000000002	0.47	0.5	1
647.8710000000002	0.49	0.7	1
695.5256000000002	0.4	0.6	1
745.0536000000002	0.37	0.7	1
796.1883000000001	0.46	0.6	1
849.1964000000002	0.42	0.7	1
904.0779000000001	0.37	0.7	1
960.5661000000001	0.4	0.6	1
1018.9277000000001	0.4	0.7	1
1078.1627	0.41	0.7	1
1139.2711000000002	0.4	0.7	1
1202.2529000000002	0.4	0.7	1
1266.8414000000002	0.47	0.6	1
1333.3033000000003	0.42	0.7	1
1401.6386000000002	0.43	0.7	1
1471.5806000000002	0.45	0.6	1
1543.3960000000002	0.42	0.7	1
1616.5514000000003	0.46	0.5	1
1691.3135000000002	0.44	0.6	1
1767.6823000000002	0.42	0.6	1
1845.6578000000002	0.45	0.6	1
1925.5067000000001	0.4	0.7	1
2007.229	0.42	0.7	1
2090.558	0.4	0.6	1
2175.7604	0.43	0.7	1
2262.5695	0.42	0.6	1
2351.252	0.39	0.7	1
2441.5412	0.44	0.6	1
2533.7038000000002	0.41	0.7	1
2627.2064	0.45	0.5	1
2722.5824000000002	0.41	0.7	1
2819.8318000000004	0.44	0.7	1
2918.1546000000003	0.43	0.4	1
3018.3508	0.41	0.7	1
3120.4204	0.39	0.7	1
3224.3634	0.39	0.7	1
3329.9131	0.43	0.6	1
3437.3362	0.36	0.7	1
3546.6327	0.34	0.7	1
3657.2692	0.58	0.5	1
3769.5124	0.44	0.6	1
3883.629	0.44	0.7	1
3999.6189999999997	0.44	0.7	1
4117.2157	0.45	0.6	1
4236.1524	0.51	0.5	1
4356.6957999999995	0.45	0.6	1
4479.1125999999995	0.4	0.7	1
4603.4028	0.4	0.7	1
4729.5664	0.33	0.7	1
4857.3367	0.52	0.6	1
4986.9803999999995	0.43	0.7	1
5118.230799999999	0.47	0.6	1
5251.0878999999995	0.48	0.6	1
5385.5517	0.44	0.6	1
5521.0889	0.62	0.4	1
5658.4995	0.43	0.7	1
5797.7835	0.42	0.7	1
5938.9409	0.39	0.7	1
6081.705	0.41	0.6	1
6226.0758	0.44	0.6	1
6372.32	0.41	0.7	1
6520.1709	0.44	0.6	1
6669.6285	0.47	0.6	1
6820.9595	0.4	0.7	1
6973.6305	0.44	0.5	1
7128.1749	0.43	0.7	1
7284.5927	0.36	0.7	1
7442.617200000001	0.46	0.6	1
7602.5151000000005	0.45	0.7	1
7763.753000000001	0.51	0.5	1
7926.597600000001	0.44	0.6	1
8091.315600000001	0.38	0.7	1
8257.907000000001	0.37	0.7	1
8426.1051	0.45	0.6	1
8596.1766	0.45	0.7	1
8768.121500000001	0.41	0.7	1
8940.406400000002	0.52	0.5	1
9114.298000000003	0.48	0.6	1
9290.063000000002	0.43	0.7	1
9467.168000000001	0.55	0.5	1
9645.879700000001	0.47	0.6	1
9826.198100000001	0.45	0.6	1
10008.123200000002	0.48	0.6	1
10191.388300000002	0.41	0.5	1
10376.260100000003	0.44	0.6	1
10562.471900000002	0.51	0.5	1
10750.557100000002	0.39	0.7	1
10940.515700000002	0.44	0.7	1
11132.347700000002	0.41	0.7	1
11325.786400000003	0.48	0.6	1
11520.298500000003	0.51	0.4	1
11716.417300000003	0.46	0.6	1
11913.876100000003	0.54	0.5	1
12112.941600000004	0.43	0.6	1
12313.613800000003	0.43	0.6	1
12516.159400000002	0.41	0.7	1
12720.311700000002	0.47	0.6	1
12926.337400000002	0.42	0.7	1
13134.236500000003	0.38	0.7	1
13343.742300000004	0.45	0.6	1
13555.121500000003	0.44	0.7	1
13767.840700000002	0.49	0.5	1
13982.166600000002	0.47	0.6	1
14198.365900000003	0.39	0.7	1
14415.905200000003	0.51	0.5	1
14635.317900000004	0.39	0.7	1
14856.337300000003	0.45	0.6	1
15078.963400000002	0.49	0.6	1
15303.462900000002	0.41	0.7	1
15529.835800000003	0.45	0.7	1
15758.082100000003	0.41	0.7	1
15987.935100000002	0.46	0.6	1
16219.661500000002	0.42	0.7	1
16452.9946	0.44	0.6	1
16687.934400000002	0.5	0.6	1
16924.747600000002	0.36	0.7	1
17163.434200000003	0.43	0.7	1
17403.994200000005	0.41	0.7	1
17646.160900000006	0.4	0.6	1
17889.934300000004	0.45	0.6	1
18135.581100000003	0.39	0.7	1
18382.834600000002	0.43	0.6	1
18631.4281	0.49	0.5	1
18881.6283	0.43	0.6	1
19133.4352	0.42	0.6	1
19387.1155	0.42	0.7	1
19642.4025	0.45	0.6	1
19899.5629	0.39	0.7	1
20158.596700000002	0.43	0.7	1
20419.237200000003	0.46	0.6	1
20681.217700000005	0.44	0.5	1
20945.071600000003	0.43	0.7	1
21210.2655	0.43	0.5	1
21477.3328	0.39	0.7	1
21746.2735	0.38	0.7	1
22016.8209	0.46	0.6	1
22289.2417	0.37	0.7	1
22563.5359	0.43	0.7	1
22838.4368	0.44	0.6	1
23115.2111	0.36	0.7	1
23393.8588	0.51	0.7	1
23674.113200000003	0.47	0.6	1
23955.9743	0.46	0.6	1
24239.7088	0.5	0.7	1
24525.3167	0.39	0.7	1
24812.798	0.49	0.7	1
25102.1527	0.48	0.7	1
25393.3808	0.41	0.7	1
25686.2156	0.42	0.6	1
25980.9238	0.46	0.7	1
26277.505400000002	0.39	0.7	1
26575.427000000003	0.48	0.5	1
26874.688600000005	0.54	0.5	1
27175.556900000003	0.42	0.6	1
27477.7652	0.47	0.5	1
27781.3135	0.46	0.5	1
28086.7352	0.39	0.7	1
28394.0303	0.43	0.7	1
28703.1988	0.36	0.7	1
29013.974	0.45	0.6	1
29326.0892	0.53	0.5	1
29639.5444	0.51	0.5	1
29954.873	0.35	0.7	1
30271.8083	0.53	0.6	1
30590.617000000002	0.39	0.7	1
30911.032400000004	0.4	0.6	1
31232.521200000003	0.54	0.4	1
31555.616700000002	0.47	0.6	1
31880.585600000002	0.47	0.7	1
32207.427900000002	0.38	0.7	1
32536.143600000003	0.39	0.7	1
32866.466	0.44	0.6	1
33198.6618	0.41	0.7	1
33532.4643	0.46	0.6	1
33868.1402	0.47	0.7	1
34205.6895	0.4	0.7	1
34544.5788	0.53	0.5	1
34884.8081	0.45	0.5	1
35226.910800000005	0.42	0.7	1
35570.353500000005	0.51	0.5	1
35915.66960000001	0.42	0.7	1
36262.32570000001	0.51	0.5	1
36610.855200000005	0.43	0.7	1
36960.991400000006	0.41	0.6	1
37313.001000000004	0.41	0.7	1
37666.884000000005	0.39	0.7	1
38022.107	0.52	0.5	1
38378.936700000006	0.45	0.6	1
38737.373100000004	0.46	0.6	1
39097.41620000001	0.5	0.6	1
39459.066000000006	0.45	0.6	1
39822.58920000001	0.4	0.7	1
40187.71910000001	0.45	0.6	1
40554.455700000006	0.41	0.6	1
40922.799000000006	0.46	0.6	1
41292.4823	0.48	0.5	1
41662.772300000004	0.42	0.6	1
42034.9357	0.44	0.7	1
42408.7058	0.4	0.6	1
42783.549300000006	0.49	0.4	1
43159.732800000005	0.46	0.5	1
43537.78970000001	0.43	0.7	1
43917.45330000001	0.47	0.6	1
44298.990300000005	0.42	0.7	1
44681.867300000005	0.49	0.5	1
45066.351	0.43	0.6	1
45452.4414	0.42	0.6	1
45840.1385	0.36	0.6	1
46229.4423	0.48	0.6	1
46620.6195	0.43	0.7	1
47013.4034	0.42	0.6	1
47407.794	0.44	0.6	1
47803.791300000004	0.5	0.6	1
48201.395300000004	0.45	0.6	1
48600.87270000001	0.43	0.7	1
49002.22350000001	0.42	0.7	1
49405.181000000004	0.45	0.6	1
49810.011900000005	0.46	0.7	1
50216.7162	0.47	0.7	1
50624.760500000004	0.53	0.5	1
51034.4115	0.41	0.6	1
51445.402500000004	0.48	0.5	1
51858.0002	0.42	0.6	1
52272.471300000005	0.42	0.7	1
52688.815800000004	0.43	0.7	1
53106.76700000001	0.42	0.6	1
53526.05820000001	0.5	0.5	1
53946.95610000001	0.52	0.6	1
54369.19400000001	0.5	0.5	1
54793.03860000001	0.47	0.6	1
55218.22320000001	0.52	0.5	1
55645.014500000005	0.42	0.6	1
56073.412500000006	0.43	0.6	1
56503.4172	0.47	0.6	1
56935.295300000005	0.43	0.7	1
57369.046800000004	0.44	0.7	1
57804.671700000006	0.38	0.7	1
58241.636600000005	0.47	0.5	1
58679.94150000001	0.46	0.5	1
59119.85310000001	0.45	0.6	1
59561.37140000001	0.43	0.6	1
60004.49640000001	0.49	0.6	1
60449.22810000001	0.46	0.6	1
60895.56650000001	0.42	0.6	1
61343.511600000005	0.5	0.6	1
61793.06340000001	0.46	0.6	1
62244.221900000004	0.45	0.6	1
62696.987100000006	0.43	0.6	1
63151.359000000004	0.52	0.6	1
63607.604300000006	0.47	0.7	1
64065.189600000005	0.48	0.5	1
64524.38160000001	0.4	0.6	1
64985.18030000001	0.47	0.6	1
65447.85240000001	0.42	0.7	1
65912.39790000001	0.44	0.7	1
