1.6	0.42	0.6	1
5.0667	0.4	0.7	1
10.1334	0.41	0.6	1
16.8001	0.47	0.6	1
25.0668	0.41	0.6	1
34.9335	0.45	0.6	1
46.4002	0.46	0.6	1
59.466899999999995	0.48	0.6	1
74.4003	0.42	0.7	1
91.2004	0.38	0.7	1
109.60050000000001	0.48	0.6	1
129.60060000000001	0.44	0.6	1
151.2007	0.42	0.6	1
174.13410000000002	0.48	0.5	1
198.9342	0.4	0.7	1
225.601	0.42	0.7	1
254.1345	0.42	0.7	1
284.5347	0.41	0.7	1
316.8016	0.38	0.7	1
350.6685	0.5	0.6	1
386.4021	0.39	0.7	1
423.7357	0.44	0.6	1
462.93600000000004	0.43	0.7	1
503.7363	0.42	0.6	1
546.1366	0.41	0.6	1
590.1369000000001	0.43	0.6	1
635.7372	0.45	0.6	1
681.9375	0.4	0.6	1
729.4711	0.5	0.5	1
778.8714	0.42	0.7	1
829.8717	0.42	0.6	1
882.472	0.48	0.6	1
936.6723	0.41	0.6	1
992.7393	0.44	0.7	1
1050.1396	0.47	0.5	1
1109.1399	0.49	0.6	1
1169.7402	0.45	0.6	1
1232.2072	0.38	0.7	1
1296.5409	0.35	0.7	1
1362.7413	0.41	0.7	1
1430.8084	0.41	0.7	1
1500.4754999999998	0.47	0.6	1
1572.0092999999997	0.42	0.7	1
1645.4097999999997	0.4	0.7	1
1720.4102999999996	0.47	0.6	1
1797.0107999999996	0.5	0.6	1
1875.4779999999996	0.41	0.7	1
1955.5451999999996	0.4	0.6	1
2037.2123999999997	0.5	0.6	1
2120.7463	0.35	0.7	1
2205.8801999999996	0.46	0.6	1
2292.8807999999995	0.32	0.7	1
2381.4813999999997	0.43	0.6	1
2471.9486999999995	0.42	0.7	1
2564.0159999999996	0.42	0.6	1
2657.6832999999997	0.44	0.6	1
2752.9505999999997	0.49	0.6	1
2850.0845999999997	0.44	0.7	1
2948.8185999999996	0.46	0.6	1
3049.1525999999994	0.49	0.6	1
3150.8198999999995	0.51	0.5	1
3254.0871999999995	0.47	0.6	1
3359.2211999999995	0.37	0.7	1
3465.9551999999994	0.42	0.6	1
3574.0224999999996	0.51	0.5	1
3683.6897999999997	0.44	0.6	1
3794.9570999999996	0.43	0.6	1
3908.0910999999996	0.41	0.7	1
4023.0917999999997	0.43	0.7	1
4139.4258	0.47	0.5	1
4257.0931	0.41	0.5	1
4376.3604000000005	0.39	0.6	1
4496.961	0.54	0.5	1
4619.1616	0.38	0.6	1
4743.2289	0.35	0.7	1
4868.8962	0.47	0.6	1
4996.4302	0.44	0.7	1
5125.8309	0.44	0.7	1
5257.0983	0.42	0.7	1
5390.2324	0.43	0.7	1
5525.2332	0.42	0.7	1
5661.834	0.42	0.6	1
5799.3015	0.38	0.7	1
5938.369	0.44	0.6	1
6078.7698	0.43	0.5	1
6221.0373	0.39	0.7	1
6365.1715	0.44	0.7	1
6510.9057	0.44	0.6	1
6658.506600000001	0.42	0.7	1
6807.4408	0.47	0.5	1
6958.2417000000005	0.43	0.7	1
7110.9093	0.41	0.7	1
7265.4436000000005	0.34	0.7	1
7421.8446	0.42	0.7	1
7579.845600000001	0.46	0.6	1
7739.7133	0.41	0.7	1
7901.1810000000005	0.44	0.6	1
8064.2487	0.47	0.6	1
8228.9164	0.46	0.6	1
8395.1841	0.47	0.6	1
8563.318500000001	0.4	0.7	1
8733.0529	0.45	0.6	1
8904.654	0.35	0.7	1
9077.5884	0.51	0.5	1
9252.122800000001	0.43	0.6	1
9428.257200000002	0.46	0.6	1
9605.724900000001	0.46	0.5	1
9784.7926	0.46	0.6	1
9965.4603	0.45	0.6	1
10147.728000000001	0.45	0.6	1
10331.595700000002	0.47	0.6	1
10516.530100000002	0.53	0.4	1
10703.331200000002	0.43	0.7	1
10891.732300000001	0.45	0.6	1
11081.4667	0.51	0.5	1
11272.8011	0.43	0.6	1
11465.7355	0.46	0.6	1
11660.536600000001	0.42	0.7	1
11857.2044	0.39	0.7	1
12055.7389	0.4	0.7	1
12256.1401	0.41	0.7	1
12458.408000000001	0.44	0.7	1
12662.5426	0.42	0.7	1
12868.2772	0.43	0.6	1
13075.3451	0.55	0.5	1
13284.279700000001	0.46	0.7	1
13494.814300000002	0.45	0.6	1
13706.948900000001	0.49	0.6	1
13920.4168	0.49	0.5	1
14135.751400000001	0.39	0.7	1
14352.419300000001	0.59	0.5	1
14570.687200000002	0.47	0.6	1
14789.555100000001	0.44	0.6	1
15010.023000000001	0.45	0.6	1
15231.824200000001	0.43	0.5	1
15455.225400000001	0.46	0.6	1
15680.226600000002	0.48	0.6	1
15907.094500000001	0.44	0.7	1
16135.2957	0.46	0.5	1
16364.8302	0.48	0.5	1
16596.2314	0.41	0.7	1
16829.2326	0.4	0.6	1
17063.8338	0.44	0.6	1
17300.3017	0.38	0.7	1
17538.369599999998	0.38	0.6	1
17778.0375	0.47	0.6	1
18019.572099999998	0.43	0.7	1
18262.9734	0.35	0.7	1
18508.2414	0.41	0.7	1
18754.842699999997	0.53	0.5	1
19002.777299999998	0.45	0.5	1
19252.311899999997	0.45	0.6	1
19502.913199999995	0.56	0.4	1
19755.114499999996	0.44	0.6	1
20008.915799999995	0.46	0.6	1
20264.317099999997	0.41	0.6	1
20521.585099999997	0.49	0.7	1
20780.719799999995	0.46	0.7	1
21040.921199999997	0.5	0.4	1
21302.989299999997	0.44	0.7	1
21566.657399999996	0.44	0.6	1
21831.925499999998	0.45	0.6	1
22098.526899999997	0.51	0.5	1
22366.994999999995	0.4	0.7	1
22637.329799999996	0.39	0.7	1
22909.531299999995	0.39	0.7	1
23183.066099999996	0.5	0.5	1
23458.467599999996	0.44	0.7	1
23735.469099999995	0.47	0.6	1
24014.070599999995	0.43	0.6	1
24294.272099999995	0.43	0.6	1
24575.806899999996	0.56	0.5	1
24859.208399999996	0.45	0.7	1
25144.476599999995	0.42	0.7	1
25431.344799999995	0.39	0.6	1
25719.279699999996	0.49	0.4	1
26008.814599999994	0.45	0.6	1
26299.949499999995	0.47	0.6	1
26592.951099999995	0.47	0.7	1
26887.819399999993	0.45	0.7	1
27184.554399999994	0.43	0.7	1
27482.622699999993	0.5	0.5	1
27782.290999999994	0.48	0.6	1
28083.292599999993	0.42	0.5	1
28385.360899999992	0.47	0.4	1
28689.029199999994	0.45	0.6	1
28994.030799999993	0.5	0.5	1
29300.89909999999	0.42	0.7	1
29609.367399999992	0.46	0.6	1
29919.43569999999	0.43	0.6	1
30231.370699999992	0.41	0.7	1
30544.172399999992	0.45	0.7	1
30858.57409999999	0.49	0.6	1
31174.57579999999	0.47	0.6	1
31492.44419999999	0.44	0.7	1
31811.912599999992	0.47	0.6	1
32132.447699999993	0.53	0.4	1
32454.849499999993	0.41	0.7	1
32779.117999999995	0.38	0.7	1
33104.98649999999	0.43	0.6	1
33432.721699999995	0.4	0.7	1
33762.323599999996	0.38	0.7	1
34093.792199999996	0.42	0.7	1
34426.594099999995	0.5	0.5	1
34760.99599999999	0.5	0.6	1
35097.264599999995	0.42	0.7	1
35435.3999	0.42	0.7	1
35774.8685	0.48	0.5	1
36116.203799999996	0.41	0.7	1
36459.13909999999	0.53	0.6	1
36803.674399999996	0.46	0.6	1
37150.0764	0.37	0.7	1
37498.0784	0.39	0.6	1
37847.4137	0.46	0.5	1
38198.348999999995	0.48	0.6	1
38551.151	0.46	0.7	1
38905.8197	0.45	0.7	1
39262.0884	0.43	0.6	1
39619.9571	0.45	0.6	1
39979.6925	0.4	0.7	1
40341.294599999994	0.39	0.7	1
40704.229999999996	0.49	0.5	1
41069.0321	0.4	0.7	1
41435.700899999996	0.42	0.7	1
41803.969699999994	0.49	0.6	1
42173.83849999999	0.51	0.6	1
42545.04059999999	0.49	0.5	1
42918.109399999994	0.44	0.7	1
43292.51149999999	0.45	0.5	1
43668.51359999999	0.5	0.6	1
44046.38239999999	0.41	0.7	1
44426.11789999999	0.39	0.7	1
44807.72009999999	0.44	0.7	1
45190.92229999999	0.46	0.6	1
45575.99119999999	0.39	0.7	1
45962.393399999986	0.51	0.5	1
46350.66229999999	0.4	0.7	1
46740.53119999999	0.49	0.6	1
47132.00009999999	0.4	0.6	1
47525.33569999999	0.42	0.7	1
47920.537999999986	0.42	0.7	1
