1.2833	0.39	0.7	1
3.8499000000000003	0.43	0.7	1
7.8832	0.42	0.8	1
13.566500000000001	0.33	0.9	1
20.349800000000002	0.42	0.6	1
28.599800000000002	0.41	0.8	1
38.1331	0.42	0.7	1
48.9497	0.39	0.7	1
60.866299999999995	0.47	0.6	1
74.0662	0.39	0.7	1
88.54939999999999	0.4	0.7	1
104.31589999999998	0.39	0.7	1
121.36569999999999	0.43	0.7	1
139.88219999999998	0.38	0.8	1
159.31539999999998	0.51	0.5	1
179.84859999999998	0.44	0.6	1
201.48179999999996	0.43	0.6	1
224.21499999999997	0.53	0.6	1
248.59819999999996	0.36	0.9	1
274.44809999999995	0.37	0.8	1
301.76469999999995	0.39	0.8	1
330.36459999999994	0.39	0.7	1
360.2477999999999	0.41	0.7	1
391.23099999999994	0.41	0.6	1
423.3141999999999	0.47	0.6	1
456.8640999999999	0.4	0.8	1
491.8806999999999	0.37	0.8	1
528.3639999999999	0.38	0.8	1
565.7639999999999	0.5	0.5	1
604.6306999999999	0.36	0.8	1
644.5973999999999	0.49	0.6	1
685.0307999999999	0.36	0.8	1
727.1141999999999	0.34	0.9	1
770.6642999999999	0.37	0.8	1
815.6810999999999	0.34	0.8	1
862.1646	0.38	0.8	1
909.7480999999999	0.44	0.6	1
958.9816	0.37	0.9	1
1009.6818	0.42	0.8	1
1061.8487	0.43	0.8	1
1115.2989	0.41	0.7	1
1170.3991	0.35	0.9	1
1226.5993	0.5	0.6	1
1284.4495000000002	0.31	0.9	1
1343.583	0.38	0.7	1
1404.1832000000002	0.35	0.8	1
1465.8834000000002	0.49	0.6	1
1528.6836	0.42	0.6	1
1592.5838	0.42	0.6	1
1657.4007000000001	0.45	0.5	1
1723.5009000000002	0.42	0.7	1
1790.8844000000001	0.38	0.7	1
1859.3679000000002	0.45	0.6	1
1928.9514000000001	0.44	0.6	1
2000.0016	0.34	0.8	1
2072.3351000000002	0.42	0.7	1
2145.9519	0.38	0.7	1
2220.6687	0.45	0.6	1
2296.6688000000004	0.42	0.7	1
2374.1356000000005	0.41	0.8	1
2452.8857000000007	0.45	0.7	1
2532.9191000000005	0.42	0.7	1
2614.2358000000004	0.43	0.7	1
2697.2025000000003	0.35	0.9	1
2781.6359	0.41	0.8	1
2867.7193	0.34	0.9	1
2954.9027	0.47	0.6	1
3043.3694	0.43	0.7	1
3132.9361	0.47	0.6	1
3223.9694999999997	0.38	0.8	1
3316.4696	0.37	0.8	1
3410.0697	0.53	0.6	1
3505.3198	0.38	0.9	1
3601.8532	0.39	0.7	1
3699.6699	0.45	0.7	1
3798.7699	0.4	0.7	1
3898.9698999999996	0.46	0.6	1
4000.0865999999996	0.45	0.5	1
4102.3033	0.46	0.6	1
4205.8033	0.39	0.7	1
4310.953299999999	0.36	0.9	1
4417.386599999999	0.52	0.7	1
4524.919899999999	0.46	0.6	1
4633.553199999999	0.44	0.6	1
4743.836499999999	0.36	0.9	1
4855.4030999999995	0.39	0.7	1
4968.253	0.4	0.7	1
5082.5696	0.35	0.8	1
5197.986199999999	0.46	0.6	1
5314.502799999999	0.42	0.6	1
5432.486099999999	0.35	0.8	1
5551.569399999999	0.46	0.6	1
5671.936	0.41	0.7	1
5793.7693	0.33	0.8	1
5916.7026	0.48	0.6	1
6040.7359	0.39	0.6	1
6166.0525	0.36	0.7	1
6292.2858	0.46	0.5	1
6419.9857999999995	0.39	0.8	1
6548.602499999999	0.45	0.5	1
6677.685899999999	0.34	0.8	1
6808.052599999998	0.41	0.7	1
6939.885999999999	0.41	0.8	1
7072.8193999999985	0.46	0.6	1
7207.586099999999	0.37	1.0	1
7344.002799999998	0.31	0.9	1
7483.352799999999	0.27	1.6	1
7623.802799999999	0.44	0.6	1
7765.352799999999	0.44	0.6	1
7908.369499999999	0.36	0.8	1
8052.852899999999	0.43	0.8	1
8198.4363	0.4	0.6	1
8345.4864	0.41	0.8	1
8493.6365	0.43	0.6	1
8643.4366	0.4	0.9	1
8794.7034	0.42	0.8	1
8947.0702	0.44	0.6	1
9100.3537	0.43	0.5	1
9254.9205	0.42	0.7	1
9410.7706	0.44	0.7	1
9567.7207	0.43	0.6	1
9726.1375	0.37	0.8	1
9886.3876	0.29	1.0	1
10047.7377	0.47	0.6	1
10210.1878	0.39	0.6	1
10373.5546	0.52	0.5	1
10538.3881	0.39	0.8	1
10704.5049	0.42	0.7	1
10871.905	0.39	0.7	1
11040.4051	0.49	0.6	1
11210.9219	0.32	1.1	1
11382.9054	0.4	0.8	1
11556.172199999999	0.43	0.7	1
11730.538999999999	0.5	0.6	1
11905.822499999998	0.48	0.5	1
12082.572699999999	0.41	0.8	1
12260.789599999998	0.36	0.8	1
12440.106499999998	0.43	0.6	1
12620.523399999998	0.4	0.6	1
12802.223599999998	0.39	0.7	1
12985.207099999998	0.42	0.7	1
13169.290599999998	0.42	0.6	1
13354.840799999998	0.37	0.8	1
13542.040999999997	0.33	0.9	1
13730.341199999997	0.41	0.6	1
13920.474699999997	0.36	1.0	1
14111.708199999997	0.42	0.6	1
14304.591699999997	0.37	0.9	1
14498.758499999998	0.43	0.7	1
14694.025299999998	0.44	0.6	1
14890.758799999998	0.38	0.8	1
15090.058999999997	0.27	1.4	1
15290.275899999997	0.54	0.5	1
15491.592799999997	0.43	0.6	1
15694.559699999996	0.39	0.9	1
15898.626599999996	0.44	0.6	1
16103.610199999996	0.47	0.5	1
16310.060499999996	0.44	0.8	1
16517.610799999995	0.4	0.6	1
16727.177799999994	0.27	1.1	1
16938.394799999995	0.37	0.9	1
17150.345099999995	0.53	0.4	1
17363.578699999995	0.42	0.7	1
17577.912299999996	0.48	0.6	1
17793.162599999996	0.47	0.5	1
18009.879599999997	0.41	0.8	1
18227.879899999996	0.35	0.7	1
18449.180199999995	0.22	1.8	1
18671.763799999997	0.5	0.7	1
18894.814099999996	0.4	0.8	1
19120.797699999996	0.24	1.6	1
19347.881299999997	0.48	0.6	1
19576.431599999996	0.39	0.8	1
19806.081899999997	0.44	0.6	1
20037.565499999997	0.32	1.0	1
20270.1491	0.4	0.6	1
20504.566	0.35	1.0	1
20740.4496	0.37	0.8	1
20977.9832	0.39	0.9	1
21216.6168	0.45	0.6	1
21456.9004	0.38	0.9	1
21699.200699999998	0.32	1.1	1
21942.601	0.45	0.6	1
22187.1013	0.44	0.6	1
22432.701599999997	0.46	0.6	1
22679.768599999996	0.37	0.8	1
22927.935599999997	0.43	0.6	1
23177.569299999996	0.39	0.8	1
23428.852999999996	0.37	0.9	1
23683.069999999996	0.23	1.6	1
23938.386999999995	0.36	0.6	1
24195.170699999995	0.39	0.8	1
24454.337699999996	0.24	1.3	1
24714.421399999996	0.49	0.5	1
24975.421799999996	0.52	0.5	1
25237.888899999998	0.38	0.8	1
25501.0893	0.56	0.4	1
25765.573	0.44	0.7	1
26031.523400000002	0.39	0.8	1
26298.573800000002	0.4	0.6	1
26567.090900000003	0.39	0.8	1
26836.5247	0.48	0.5	1
27106.875200000002	0.46	0.5	1
27378.509000000002	0.45	0.7	1
27651.059500000003	0.48	0.5	1
27925.993300000002	0.29	1.3	1
28202.3938	0.39	0.8	1
28480.0776	0.42	0.7	1
28758.8614	0.38	0.6	1
29039.1119	0.41	0.8	1
29320.4624	0.44	0.6	1
29602.9129	0.46	0.6	1
29887.7467	0.25	1.3	1
30173.6805	0.5	0.6	1
30460.7143	0.46	0.6	1
30750.4981	0.24	1.5	1
31041.3819	0.45	0.6	1
31333.7324	0.37	0.8	1
31628.282900000002	0.24	1.2	1
31924.116700000002	0.42	0.7	1
32221.417200000004	0.39	0.8	1
32519.817700000003	0.44	0.6	1
32819.868200000004	0.35	0.9	1
33121.38540000001	0.4	0.8	1
33424.55260000001	0.37	0.9	1
33728.81980000001	0.41	0.6	1
34034.18700000001	0.44	0.6	1
34341.02090000001	0.36	0.8	1
34649.50480000001	0.34	0.9	1
34959.455400000006	0.43	0.8	1
35269.87270000001	0.4	0.8	1
35581.756700000005	0.4	0.8	1
35895.10740000001	0.44	0.8	1
36211.57480000001	0.24	1.7	1
36529.325500000006	0.44	0.7	1
36848.359500000006	0.34	0.7	1
37169.04350000001	0.36	0.9	1
37492.660800000005	0.26	1.6	1
37817.928100000005	0.31	0.9	1
38145.0287	0.34	1.0	1
38473.596000000005	0.41	0.8	1
38803.630000000005	0.37	0.8	1
39135.1307	0.39	0.8	1
39469.5647	0.24	1.6	1
39806.748700000004	0.25	1.5	1
40145.3994	0.35	0.8	1
40485.3334	0.36	0.7	1
40826.3674	0.42	0.6	1
41170.3347	0.25	1.6	1
41516.6853	0.26	1.3	1
41864.135899999994	0.49	0.6	1
42212.686499999996	0.44	0.6	1
42562.3371	0.45	0.6	1
42913.454399999995	0.41	0.8	1
43265.67169999999	0.47	0.6	1
43619.53899999999	0.37	0.9	1
43974.87299999999	0.4	0.8	1
44332.223699999995	0.32	1.1	1
44691.041099999995	0.4	0.8	1
45051.508499999996	0.37	0.9	1
45413.075899999996	0.46	0.6	1
45776.10999999999	0.38	0.8	1
46140.244099999996	0.48	0.6	1
46507.311499999996	0.26	1.6	1
46875.84559999999	0.39	0.8	1
47246.02969999999	0.38	0.9	1
47617.49709999999	0.45	0.7	1
47990.06449999999	0.49	0.6	1
48364.281899999994	0.33	0.9	1
48739.599299999994	0.45	0.6	1
49116.01669999999	0.41	0.6	1
49493.35079999999	0.47	0.5	1
49871.78489999999	0.47	0.6	1
50254.06899999999	0.2	2.1	1
50638.91979999999	0.24	1.4	1
51025.05389999999	0.43	0.7	1
51412.47129999999	0.39	0.7	1
51800.98869999999	0.43	0.6	1
52190.60609999999	0.43	0.6	1
52581.87349999999	0.37	0.9	1
52974.24089999999	0.47	0.6	1
53368.07499999999	0.4	0.8	1
53765.02579999999	0.23	1.7	1
54163.44329999999	0.36	0.8	1
54563.69409999999	0.34	1.0	1
54965.41159999999	0.41	0.8	1
55368.04579999999	0.48	0.5	1
55771.77999999999	0.43	0.6	1
56177.16419999999	0.36	0.9	1
56583.64839999999	0.49	0.6	1
56991.41589999999	0.46	0.7	1
57400.28339999999	0.43	0.6	1
57810.067599999995	0.47	0.5	1
58221.13509999999	0.4	0.7	1
