0.975	0.39	0.6	1
3.4125	0.36	0.9	1
6.987500000000001	0.42	0.7	1
11.8625	0.32	0.8	1
18.0375	0.38	0.8	1
25.35	0.37	0.7	1
33.6375	0.4	0.6	1
42.737500000000004	0.49	0.5	1
52.8125	0.46	0.6	1
63.8625	0.46	0.6	1
76.2125	0.4	0.8	1
89.86250000000001	0.35	0.8	1
104.81250000000001	0.36	0.8	1
120.73750000000001	0.45	0.6	1
137.63750000000002	0.42	0.6	1
155.8375	0.44	0.8	1
175.175	0.38	0.7	1
195.8125	0.4	0.8	1
217.9125	0.37	0.9	1
241.15	0.43	0.7	1
265.2	0.49	0.5	1
291.2	0.25	1.2	1
318.0125	0.5	0.5	1
345.6375	0.43	0.5	1
374.5625	0.34	0.8	1
404.95	0.35	0.9	1
436.8	0.39	0.9	1
470.27500000000003	0.33	1.0	1
505.05	0.39	0.8	1
540.8	0.4	0.6	1
577.8499999999999	0.4	0.8	1
616.0374999999999	0.46	0.7	1
655.5249999999999	0.38	0.8	1
696.1499999999999	0.37	0.7	1
738.0749999999998	0.37	0.8	1
781.2999999999998	0.36	0.8	1
825.6624999999998	0.45	0.7	1
870.8374999999997	0.54	0.5	1
916.3124999999998	0.39	0.8	1
963.0874999999997	0.38	0.8	1
1011.1624999999998	0.41	0.8	1
1060.3749999999998	0.41	0.7	1
1110.8874999999998	0.4	0.8	1
1162.5375	0.42	0.7	1
1215.1625	0.43	0.6	1
1269.0874999999999	0.46	0.8	1
1324.3124999999998	0.39	0.8	1
1380.5124999999998	0.46	0.6	1
1437.6874999999998	0.45	0.6	1
1495.8374999999999	0.44	0.6	1
1554.9624999999999	0.45	0.6	1
1615.3874999999998	0.38	0.8	1
1676.9499999999998	0.44	0.7	1
1739.6499999999999	0.42	0.7	1
1803.4875	0.44	0.7	1
1868.3	0.43	0.6	1
1934.4125	0.39	0.8	1
2001.5	0.43	0.6	1
2069.725	0.41	0.7	1
2139.25	0.37	0.8	1
2209.5875	0.45	0.5	1
2281.0625	0.4	0.7	1
2353.675	0.4	0.7	1
2427.425	0.38	0.7	1
2502.3125	0.4	0.7	1
2578.5	0.37	0.8	1
2655.9875	0.41	0.8	1
2734.775	0.37	0.8	1
2814.8625	0.35	0.8	1
2895.925	0.5	0.6	1
2978.2875000000004	0.37	0.8	1
3061.9500000000003	0.35	0.8	1
3146.5875	0.47	0.6	1
3232.525	0.37	0.8	1
3319.6	0.41	0.7	1
3407.975	0.36	0.8	1
3497.4874999999997	0.39	0.7	1
3587.975	0.45	0.6	1
3679.275	0.51	0.5	1
3771.875	0.4	0.8	1
3865.9375	0.36	0.9	1
3961.1375	0.44	0.7	1
4057.475	0.41	0.7	1
4154.95	0.42	0.7	1
4253.8875	0.34	0.9	1
4354.287499999999	0.35	0.9	1
4455.662499999999	0.45	0.6	1
4558.3375	0.39	0.8	1
4661.987499999999	0.45	0.6	1
4766.937499999999	0.36	0.8	1
4872.862499999999	0.42	0.6	1
4980.0875	0.38	0.8	1
5088.287499999999	0.45	0.6	1
5197.787499999999	0.36	0.8	1
5308.749999999999	0.33	0.9	1
5420.687499999999	0.47	0.6	1
5533.762499999999	0.41	0.7	1
5648.299999999999	0.35	0.9	1
5764.137499999999	0.35	0.8	1
5879.624999999999	0.52	0.4	1
5996.737499999999	0.32	1.0	1
6115.312499999999	0.3	0.9	1
6235.024999999999	0.42	0.7	1
6355.387499999999	0.46	0.4	1
6477.049999999999	0.4	0.8	1
6600.174999999999	0.34	0.9	1
6724.275	0.44	0.6	1
6849.349999999999	0.43	0.6	1
6975.724999999999	0.37	0.8	1
7103.075	0.42	0.6	1
7231.5625	0.43	0.7	1
7361.35	0.41	0.8	1
7492.275000000001	0.34	0.7	1
7624.175	0.51	0.6	1
7757.05	0.42	0.6	1
7890.900000000001	0.44	0.6	1
8026.05	0.38	0.8	1
8162.175	0.39	0.6	1
8299.6	0.46	0.8	1
8438.325	0.42	0.8	1
8578.1875	0.44	0.7	1
8719.025	0.47	0.6	1
8861.324999999999	0.39	0.9	1
9005.0875	0.39	0.9	1
9149.9875	0.41	0.7	1
9295.699999999999	0.48	0.5	1
9442.7125	0.41	0.8	1
9590.5375	0.43	0.5	1
9739.3375	0.44	0.6	1
9888.949999999999	0.53	0.5	1
10039.537499999999	0.47	0.6	1
10191.749999999998	0.32	1.0	1
10344.937499999998	0.44	0.6	1
10499.262499999999	0.39	0.7	1
10654.562499999998	0.43	0.6	1
10810.674999999997	0.46	0.5	1
10967.924999999997	0.45	0.7	1
11126.312499999998	0.42	0.7	1
11286.487499999997	0.32	1.1	1
11447.474999999997	0.54	0.5	1
11609.762499999997	0.38	0.8	1
11773.674999999997	0.38	1.0	1
11938.562499999998	0.43	0.6	1
12104.587499999998	0.41	0.7	1
12271.749999999998	0.4	0.7	1
12440.212499999998	0.4	0.8	1
12609.974999999999	0.43	0.8	1
12781.199999999999	0.38	0.9	1
12953.4	0.49	0.6	1
13126.574999999999	0.51	0.6	1
13302.187499999998	0.25	1.5	1
13478.612499999997	0.47	0.5	1
13656.174999999997	0.43	0.7	1
13834.874999999998	0.46	0.7	1
14014.874999999998	0.39	0.8	1
14196.012499999999	0.41	0.7	1
14378.287499999999	0.44	0.7	1
14561.8625	0.36	0.8	1
14746.574999999999	0.43	0.7	1
14932.912499999999	0.33	1.0	1
15120.55	0.42	0.8	1
15309.162499999999	0.41	0.6	1
15499.074999999999	0.41	0.8	1
15690.287499999999	0.37	0.8	1
15882.637499999999	0.47	0.7	1
16076.287499999999	0.35	0.8	1
16271.2375	0.38	0.8	1
16467.649999999998	0.34	0.9	1
16665.3625	0.42	0.8	1
16864.212499999998	0.42	0.7	1
17064.0375	0.47	0.6	1
17264.675	0.46	0.5	1
17466.2875	0.42	0.6	1
17669.199999999997	0.43	0.8	1
17872.249999999996	0.45	0.7	1
18076.112499999996	0.47	0.5	1
18281.274999999994	0.35	0.8	1
18488.549999999996	0.25	1.3	1
18696.962499999994	0.4	0.7	1
18908.137499999993	0.26	1.7	1
19120.612499999992	0.43	0.8	1
19334.22499999999	0.38	0.7	1
19548.812499999993	0.45	0.6	1
19764.374999999993	0.42	0.6	1
19980.749999999993	0.43	0.5	1
20197.937499999993	0.46	0.5	1
20416.09999999999	0.35	0.6	1
20635.07499999999	0.47	0.5	1
20855.34999999999	0.35	0.8	1
21076.924999999992	0.41	0.8	1
21299.799999999992	0.36	0.8	1
21523.97499999999	0.37	0.8	1
21751.237499999992	0.22	1.9	1
21979.799999999992	0.35	0.8	1
22209.33749999999	0.48	0.6	1
22441.31249999999	0.23	1.5	1
22674.912499999988	0.32	1.0	1
22909.81249999999	0.4	0.8	1
23146.01249999999	0.35	0.8	1
23383.34999999999	0.37	0.7	1
23621.66249999999	0.41	0.6	1
23861.112499999992	0.45	0.7	1
24101.699999999993	0.44	0.7	1
24343.587499999994	0.39	0.8	1
24586.287499999995	0.47	0.5	1
24829.799999999996	0.47	0.5	1
25074.449999999997	0.46	0.7	1
25320.237499999996	0.43	0.7	1
25566.999999999996	0.45	0.6	1
25814.737499999996	0.44	0.6	1
26063.449999999997	0.43	0.6	1
26313.137499999997	0.43	0.6	1
26564.124999999996	0.43	0.8	1
26815.924999999996	0.51	0.5	1
27068.862499999996	0.4	0.7	1
27323.749999999996	0.27	1.2	1
27579.774999999998	0.39	0.7	1
27837.1	0.38	0.8	1
28095.5625	0.4	0.7	1
28355.1625	0.39	0.7	1
28616.0625	0.38	0.8	1
28878.2625	0.4	0.8	1
29141.7625	0.39	0.8	1
29408.025	0.22	1.7	1
29677.050000000003	0.25	1.7	1
29947.537500000002	0.36	0.9	1
30218.8375	0.48	0.5	1
30491.7625	0.26	1.0	1
30765.825	0.4	0.7	1
31040.8625	0.51	0.6	1
31317.0375	0.46	0.7	1
31594.837499999998	0.35	1.0	1
31873.449999999997	0.48	0.5	1
32153.0375	0.37	0.6	1
32433.762499999997	0.41	0.7	1
32715.7875	0.38	0.8	1
32998.7875	0.51	0.6	1
33283.25	0.37	0.9	1
33568.85	0.43	0.7	1
33855.424999999996	0.47	0.6	1
34142.975	0.43	0.6	1
34431.6625	0.42	0.7	1
34721.325	0.42	0.6	1
35012.774999999994	0.32	1.1	1
35304.2	0.5	0.6	1
35596.924999999996	0.39	0.8	1
35890.95	0.37	0.8	1
36185.95	0.47	0.6	1
36482.4125	0.33	0.9	1
36780.174999999996	0.4	0.8	1
37080.212499999994	0.31	1.4	1
37381.549999999996	0.36	0.8	1
37683.862499999996	0.4	0.6	1
37987.31249999999	0.4	0.7	1
38292.22499999999	0.38	0.9	1
38598.11249999999	0.41	0.6	1
38904.97499999999	0.46	0.6	1
39212.97499999999	0.43	0.7	1
39521.78749999999	0.52	0.5	1
39831.899999999994	0.41	0.8	1
40143.47499999999	0.38	0.9	1
40456.34999999999	0.41	0.8	1
40771.337499999994	0.26	1.3	1
41087.462499999994	0.38	0.7	1
41405.049999999996	0.37	0.9	1
41723.45	0.53	0.5	1
42044.125	0.3	1.4	1
42366.2625	0.38	0.9	1
42689.862499999996	0.36	0.9	1
43014.7625	0.38	0.8	1
43340.962499999994	0.38	0.8	1
43668.299999999996	0.44	0.7	1
43997.424999999996	0.24	1.1	1
44327.85	0.39	0.8	1
44659.575	0.38	0.8	1
44992.6	0.42	0.8	1
45326.7625	0.45	0.7	1
45661.899999999994	0.44	0.6	1
45998.337499999994	0.34	0.8	1
46335.74999999999	0.49	0.6	1
46674.462499999994	0.39	0.8	1
47014.47499999999	0.36	0.8	1
47355.78749999999	0.38	0.8	1
47698.07499999999	0.44	0.6	1
48041.33749999999	0.45	0.6	1
48387.36249999999	0.22	1.7	1
48734.52499999999	0.44	0.7	1
49082.499999999985	0.47	0.5	1
49431.44999999998	0.42	0.6	1
49781.374999999985	0.46	0.6	1
50132.599999999984	0.39	0.8	1
50484.79999999998	0.41	0.6	1
50837.974999999984	0.53	0.6	1
51192.44999999998	0.38	0.8	1
51548.54999999998	0.37	1.0	1
51905.94999999998	0.41	0.8	1
52264.974999999984	0.34	1.0	1
52624.812499999985	0.51	0.5	1
