0.9391	0.45	0.6	1
2.8173000000000004	0.48	0.6	1
5.479100000000001	0.46	0.5	1
9.08	0.44	0.6	1
13.9311	0.39	0.8	1
20.0324	0.41	0.8	1
27.2284	0.44	0.7	1
35.8302	0.38	0.9	1
45.3711	0.43	0.6	1
56.4734	0.34	1.0	1
68.82589999999999	0.37	0.8	1
82.58419999999998	0.35	0.9	1
97.59269999999998	0.37	0.8	1
113.38479999999998	0.44	0.5	1
130.4271	0.36	0.8	1
148.4085	0.44	0.6	1
167.1735	0.58	0.5	1
187.0332	0.44	0.7	1
208.1431	0.34	0.8	1
230.3477	0.45	0.7	1
253.9581	0.36	0.9	1
278.8187	0.39	0.8	1
304.92949999999996	0.4	0.8	1
332.60169999999994	0.37	1.0	1
361.21299999999997	0.46	0.6	1
390.7634	0.5	0.6	1
421.56399999999996	0.41	0.8	1
453.30369999999994	0.47	0.6	1
485.98249999999996	0.43	0.6	1
519.756	0.38	0.7	1
554.7796999999999	0.45	0.8	1
591.2091999999999	0.46	0.9	1
628.8888999999999	0.41	0.8	1
666.5076999999999	0.44	0.6	1
705.0655999999999	0.44	0.6	1
744.7181999999999	0.42	0.7	1
785.6209999999999	0.38	0.8	1
827.7739999999999	0.35	0.8	1
870.8660999999998	0.45	0.6	1
915.0528999999998	0.42	0.7	1
960.4898999999998	0.39	0.8	1
1007.1770999999998	0.42	0.8	1
1054.9589999999998	0.43	0.7	1
1103.6799999999998	0.4	0.6	1
1153.4957	0.41	0.7	1
1204.2504999999999	0.4	0.6	1
1256.4110999999998	0.35	0.9	1
1309.3552999999997	0.42	0.5	1
1363.3941999999997	0.45	0.7	1
1418.5277999999996	0.41	0.7	1
1474.6004999999996	0.45	0.6	1
1531.6122999999995	0.51	0.6	1
1589.8742999999995	0.42	0.8	1
1649.3864999999994	0.4	0.8	1
1710.4600999999993	0.34	1.0	1
1772.7838999999992	0.38	0.8	1
1836.6690999999992	0.32	1.0	1
1901.1822999999993	0.53	0.4	1
1966.9456999999993	0.36	0.8	1
2033.9592999999993	0.38	0.8	1
2101.9119999999994	0.43	0.6	1
2170.8037999999992	0.46	0.6	1
2240.790299999999	0.42	0.7	1
2311.5603999999994	0.51	0.5	1
2383.5806999999995	0.36	0.8	1
2456.8511999999996	0.44	0.8	1
2531.3718999999996	0.46	0.8	1
2606.9873	0.43	0.7	1
2683.8529	0.41	0.8	1
2761.8132	0.37	0.7	1
2840.8682	0.43	0.7	1
2921.0179	0.4	0.7	1
3002.2623	0.48	0.7	1
3084.2902999999997	0.44	0.5	1
3167.2573999999995	0.48	0.6	1
3251.3191999999995	0.45	0.7	1
3336.6311999999994	0.31	0.8	1
3423.0378999999994	0.45	0.7	1
3510.5392999999995	0.46	0.7	1
3598.8242999999993	0.48	0.5	1
3688.2039999999993	0.38	0.7	1
3778.833899999999	0.43	0.8	1
3870.402899999999	0.43	0.6	1
3963.222099999999	0.42	0.8	1
4057.135999999999	0.38	0.7	1
4152.455699999999	0.4	0.9	1
4249.025599999999	0.38	0.8	1
4346.845699999999	0.38	0.8	1
4445.604899999999	0.4	0.6	1
4546.858799999999	0.24	1.6	1
4649.207399999999	0.42	0.7	1
4752.806199999999	0.37	0.8	1
4857.655199999999	0.4	0.8	1
4963.754399999999	0.39	0.8	1
5070.948299999999	0.35	0.7	1
5179.547999999999	0.36	0.9	1
5289.086799999999	0.42	0.6	1
5399.720299999999	0.37	0.7	1
5511.603999999999	0.42	0.8	1
5624.737899999999	0.41	0.8	1
5739.121999999999	0.43	0.8	1
5854.289699999999	0.47	0.5	1
5969.552099999999	0.35	0.7	1
6086.220299999999	0.4	0.9	1
6204.138699999999	0.36	0.8	1
6325.018499999998	0.21	1.9	1
6447.4596999999985	0.32	1.0	1
6570.995599999998	0.34	0.7	1
6695.470599999999	0.41	0.6	1
6821.195799999999	0.38	0.8	1
6948.015699999999	0.38	0.7	1
7075.774699999999	0.45	0.6	1
7204.939499999999	0.36	0.9	1
7335.354499999999	0.37	0.8	1
7467.019699999999	0.33	0.8	1
7599.468499999999	0.49	0.5	1
7732.856399999999	0.45	0.6	1
7867.494499999999	0.4	0.8	1
8002.605099999999	0.63	0.3	1
8138.8103999999985	0.42	0.7	1
8275.799299999999	0.52	0.5	1
8414.0384	0.39	0.8	1
8553.2166	0.44	0.6	1
8694.1117	0.33	1.1	1
8836.257	0.41	0.8	1
8979.3414	0.39	0.6	1
9123.520499999999	0.4	0.7	1
9268.6387	0.43	0.6	1
9415.007099999999	0.35	0.8	1
9562.3146	0.43	0.6	1
9710.5612	0.45	0.6	1
9859.7469	0.42	0.6	1
10010.1828	0.41	0.8	1
10161.868900000001	0.43	0.8	1
10314.338600000001	0.51	0.5	1
10467.903	0.41	0.7	1
10622.562100000001	0.41	0.7	1
10778.0048	0.46	0.5	1
10934.5422	0.44	0.7	1
11092.0187	0.46	0.6	1
11250.7454	0.38	0.8	1
11410.5668	0.35	0.7	1
11571.4829	0.43	0.7	1
11733.3381	0.5	0.6	1
11896.288	0.42	0.7	1
12060.4881	0.41	0.8	1
12225.938400000001	0.38	0.8	1
12392.794500000002	0.34	0.9	1
12560.589700000002	0.44	0.6	1
12729.635100000003	0.37	0.8	1
12899.930700000003	0.4	0.8	1
13071.165400000004	0.51	0.6	1
13243.494800000004	0.4	0.7	1
13416.918900000004	0.4	0.7	1
13591.593200000005	0.39	0.8	1
13767.517700000004	0.39	0.8	1
13944.692400000004	0.39	0.8	1
14123.272900000004	0.35	0.9	1
14303.103600000004	0.41	0.8	1
14483.873400000004	0.5	0.6	1
14665.737900000004	0.44	0.7	1
14848.852600000004	0.37	0.8	1
15033.062000000004	0.47	0.7	1
15218.677200000004	0.38	0.9	1
15405.231500000004	0.44	0.6	1
15592.880500000003	0.39	0.7	1
15781.313100000003	0.5	0.5	1
15971.151500000004	0.38	0.9	1
16162.240100000003	0.36	0.8	1
16353.956700000002	0.46	0.4	1
16546.9235	0.38	0.8	1
16740.1405	0.36	0.8	1
16934.1411	0.43	0.5	1
17129.2364	0.44	0.7	1
17325.4264	0.45	0.7	1
17522.4	0.53	0.5	1
17720.312700000002	0.45	0.6	1
17919.164500000003	0.5	0.6	1
18119.111000000004	0.42	0.7	1
18320.463300000003	0.31	0.9	1
18524.310300000005	0.26	1.6	1
18729.096400000006	0.41	0.6	1
18935.443900000006	0.33	1.0	1
19142.886100000007	0.44	0.7	1
19351.267400000008	0.41	0.6	1
19560.58780000001	0.47	0.6	1
19771.158400000008	0.38	0.8	1
19982.823700000008	0.4	0.7	1
20196.983700000008	0.25	1.6	1
20412.082800000007	0.45	0.6	1
20628.121000000006	0.45	0.6	1
20845.720600000008	0.36	1.0	1
21064.570400000008	0.42	0.8	1
21284.82600000001	0.29	0.9	1
21506.176300000006	0.41	0.7	1
21729.710200000005	0.23	1.4	1
21954.338800000005	0.41	0.7	1
22179.751000000004	0.47	0.5	1
22406.102300000002	0.42	0.6	1
22633.703800000003	0.38	0.8	1
22862.555500000002	0.4	0.8	1
23092.501900000003	0.41	0.7	1
23323.698500000002	0.39	0.8	1
23556.300900000002	0.35	0.9	1
23789.8424	0.49	0.6	1
24024.634100000003	0.39	0.8	1
24260.209400000003	0.46	0.5	1
24496.568300000003	0.44	0.5	1
24734.177400000004	0.36	0.8	1
24972.881200000003	0.4	0.7	1
25212.524100000002	0.41	0.6	1
25453.417200000004	0.42	0.8	1
25695.405000000002	0.44	0.7	1
25938.176400000004	0.45	0.5	1
26182.198000000004	0.39	0.8	1
26427.314300000005	0.38	0.7	1
26673.369700000007	0.48	0.6	1
26920.364200000007	0.39	0.6	1
27168.608900000007	0.39	0.8	1
27417.948300000007	0.39	0.7	1
27668.537900000007	0.37	0.8	1
27920.066600000006	0.44	0.6	1
28173.156700000007	0.31	1.0	1
28427.497000000007	0.41	0.8	1
28682.620900000005	0.44	0.5	1
28938.995000000006	0.35	0.8	1
29196.308200000007	0.46	0.6	1
29454.560500000007	0.42	0.6	1
29714.218600000007	0.34	0.9	1
29974.660300000007	0.48	0.5	1
30236.196700000008	0.44	0.7	1
30498.983300000007	0.38	0.8	1
30761.709000000006	0.54	0.6	1
31025.684900000007	0.42	0.8	1
31291.999900000006	0.22	1.5	1
31559.720700000005	0.31	0.9	1
31828.691700000007	0.37	0.8	1
32100.001800000005	0.25	1.5	1
32372.717700000005	0.32	0.9	1
32648.083800000004	0.24	1.7	1
32925.166800000006	0.27	1.1	1
33204.2778	0.24	1.3	1
33485.1057	0.27	1.1	1
33768.5838	0.24	1.7	1
34053.1566	0.42	0.7	1
34338.824100000005	0.37	0.7	1
34625.7418	0.45	0.8	1
34913.909700000004	0.42	0.8	1
35203.32780000001	0.38	0.8	1
35493.996100000004	0.36	0.8	1
35787.003500000006	0.28	1.5	1
36081.57230000001	0.33	1.0	1
36378.324700000005	0.26	1.4	1
36676.327300000004	0.4	0.8	1
36975.58010000001	0.4	0.8	1
37276.23870000001	0.41	0.9	1
37578.14750000001	0.39	0.8	1
37882.23990000001	0.25	1.4	1
38188.515900000006	0.24	1.4	1
38495.575500000006	0.48	0.5	1
38804.974200000004	0.24	1.5	1
39116.556500000006	0.27	1.4	1
39428.9224	0.52	0.5	1
39743.0052	0.31	1.1	1
40058.3382	0.38	0.8	1
40375.8548	0.28	1.4	1
40695.555	0.23	1.4	1
41016.5054	0.4	0.8	1
41339.0172	0.33	1.0	1
41662.468100000006	0.48	0.6	1
41987.79150000001	0.31	1.2	1
42314.054000000004	0.46	0.6	1
42641.255600000004	0.44	0.6	1
42969.863000000005	0.35	0.9	1
43299.56510000001	0.42	0.7	1
43631.29520000001	0.23	1.3	1
43964.27550000001	0.37	0.8	1
44298.19490000001	0.45	0.6	1
44633.36450000001	0.38	0.8	1
44969.47320000001	0.48	0.6	1
45306.83210000001	0.41	0.8	1
45646.37460000001	0.28	1.4	1
45986.85620000001	0.4	0.6	1
46328.74360000001	0.35	0.9	1
46671.88120000001	0.38	0.8	1
47016.73570000001	0.32	1.1	1
47362.840400000016	0.4	0.8	1
47710.50650000002	0.32	1.0	1
48059.422800000015	0.39	0.8	1
48409.278200000015	0.45	0.6	1
48760.07270000002	0.48	0.6	1
49111.80630000002	0.45	0.6	1
49464.47900000002	0.46	0.6	1
49819.49080000002	0.26	1.5	1
50176.21950000002	0.28	1.1	1
50534.19840000002	0.32	0.8	1
50893.272000000026	0.43	0.7	1
51253.284700000026	0.45	0.6	1
51614.54760000003	0.39	0.8	1
