0.6725	0.49	0.5	1
2.1508	0.45	0.6	1
4.4349	0.41	0.6	1
8.1915	0.31	1.1	1
12.8872	0.37	0.7	1
18.522	0.42	0.7	1
24.9626	0.42	0.6	1
32.7423	0.34	1.0	1
41.327799999999996	0.43	0.6	1
50.852399999999996	0.41	0.7	1
61.049499999999995	0.47	0.5	1
72.05239999999999	0.45	0.6	1
83.8611	0.48	0.6	1
96.60889999999999	0.42	0.7	1
110.29579999999999	0.41	0.7	1
124.65519999999998	0.44	0.5	1
139.82039999999998	0.41	0.6	1
155.92469999999997	0.44	0.7	1
172.96809999999996	0.41	0.7	1
191.21729999999997	0.32	0.9	1
210.53899999999996	0.39	0.8	1
230.79979999999995	0.44	0.7	1
252.13309999999996	0.38	0.8	1
274.1389	0.54	0.5	1
297.0838	0.41	0.7	1
320.9678	0.39	0.7	1
345.7909	0.45	0.7	1
371.55310000000003	0.43	0.7	1
398.3878	0.38	0.8	1
426.295	0.39	0.8	1
455.408	0.33	0.9	1
485.3268	0.45	0.6	1
515.9181	0.5	0.5	1
547.3152	0.47	0.6	1
579.5181	0.45	0.6	1
612.6601	0.43	0.7	1
647.0079000000001	0.34	0.9	1
682.2948000000001	0.43	0.7	1
718.5208000000001	0.38	0.7	1
755.6859000000002	0.41	0.7	1
793.5235000000001	0.48	0.5	1
832.0336000000001	0.55	0.5	1
871.4828000000001	0.4	0.7	1
911.6045000000001	0.47	0.5	1
952.5320000000002	0.46	0.6	1
993.6653000000001	0.38	0.9	1
1035.8711	0.41	0.8	1
1079.1494	0.37	0.8	1
1123.3668	0.44	0.7	1
1168.79	0.39	0.9	1
1215.2857	0.38	0.8	1
1262.5872	0.45	0.6	1
1310.9612	0.39	0.8	1
1360.141	0.52	0.6	1
1409.8599000000002	0.61	0.4	1
1460.2513000000001	0.48	0.5	1
1511.4485000000002	0.53	0.6	1
1563.5848	0.4	0.7	1
1616.6602	0.38	0.7	1
1670.5414	0.42	0.6	1
1725.4951	0.41	0.8	1
1781.3879000000002	0.44	0.7	1
1838.2198	0.46	0.7	1
1895.7242	0.48	0.5	1
1954.0344	0.44	0.6	1
2013.4171000000001	0.38	0.8	1
2073.7389000000003	0.42	0.7	1
2134.7332	0.51	0.5	1
2196.5333	0.46	0.6	1
2259.0059	0.46	0.5	1
2322.1510000000003	0.48	0.5	1
2386.3686000000002	0.39	0.8	1
2452.4587	0.27	1.4	1
2519.4879	0.36	0.7	1
2587.4562	0.44	0.7	1
2656.2303	0.46	0.6	1
2725.8102000000003	0.45	0.6	1
2796.0626	0.48	0.5	1
2867.2541	0.41	0.7	1
2939.2514	0.47	0.6	1
3011.9212	0.56	0.5	1
3085.5301000000004	0.46	0.7	1
3159.9448	0.45	0.6	1
3235.1653	0.45	0.6	1
3311.1916	0.47	0.6	1
3388.157	0.39	0.7	1
3465.9282000000003	0.5	0.6	1
3544.6385000000005	0.45	0.7	1
3624.4213000000004	0.37	0.8	1
3705.1432000000004	0.41	0.7	1
3786.6709000000005	0.44	0.6	1
3869.5377000000003	0.34	1.0	1
3953.2103	0.48	0.6	1
4037.9554000000003	0.34	0.8	1
4123.5063	0.39	0.6	1
4209.863	0.45	0.6	1
4297.2922	0.35	0.8	1
4385.5271999999995	0.43	0.6	1
4474.7013	0.39	0.7	1
4564.6812	0.42	0.6	1
4655.4669	0.46	0.6	1
4747.058400000001	0.43	0.6	1
4839.589000000001	0.43	0.7	1
4932.925400000001	0.43	0.6	1
5027.200900000001	0.39	0.7	1
5122.415500000001	0.4	0.7	1
5218.969200000001	0.36	1.0	1
5316.595400000001	0.42	0.8	1
5415.027400000001	0.46	0.6	1
5514.265200000001	0.49	0.6	1
5614.1755	0.53	0.5	1
5714.7583	0.49	0.5	1
5816.2802	0.4	0.7	1
5918.6079	0.45	0.6	1
6021.8747	0.39	0.7	1
6125.814	0.54	0.5	1
6230.5591	0.46	0.6	1
6336.110000000001	0.43	0.6	1
6441.200000000001	0.49	0.4	1
6547.095800000001	0.4	0.6	1
6654.064100000001	0.4	0.8	1
6761.838200000001	0.5	0.6	1
6870.284800000001	0.48	0.5	1
6979.537200000002	0.41	0.6	1
7090.528700000002	0.29	1.3	1
7202.7260000000015	0.34	0.9	1
7315.9958000000015	0.44	0.8	1
7430.071400000002	0.44	0.6	1
7545.3528000000015	0.38	0.9	1
7661.9733000000015	0.33	1.0	1
7779.399600000002	0.49	0.6	1
7897.631700000002	0.43	0.6	1
8016.669600000002	0.48	0.6	1
8136.513300000002	0.42	0.6	1
8257.162800000002	0.46	0.6	1
8378.351400000001	0.55	0.4	1
8500.612500000001	0.41	0.8	1
8623.6794	0.47	0.6	1
8747.9521	0.37	0.9	1
8873.0306	0.46	0.6	1
8999.3149	0.37	0.9	1
9126.404999999999	0.42	0.6	1
9254.300899999998	0.41	0.6	1
9383.135899999997	0.47	0.7	1
9512.776699999997	0.48	0.6	1
9643.223299999996	0.43	0.6	1
9774.608999999997	0.41	0.7	1
9906.533799999997	0.47	0.4	1
10039.264399999998	0.44	0.6	1
10172.934099999999	0.4	0.7	1
10307.6763	0.42	0.8	1
10443.2243	0.42	0.6	1
10579.7114	0.42	0.7	1
10717.1376	0.42	0.7	1
10855.5029	0.4	0.7	1
10994.673999999999	0.46	0.6	1
11134.5176	0.49	0.5	1
11275.167	0.43	0.6	1
11416.7555	0.36	0.7	1
11559.283099999999	0.41	0.7	1
11702.883199999998	0.42	0.8	1
11847.289099999998	0.44	0.6	1
11992.234099999998	0.53	0.4	1
12138.118199999997	0.42	0.7	1
12284.941399999998	0.38	0.7	1
12432.570399999999	0.41	0.6	1
12581.4052	0.39	0.9	1
12731.1791	0.41	0.7	1
12881.8921	0.4	0.7	1
13033.410899999999	0.42	0.6	1
13185.735499999999	0.42	0.6	1
13339.399199999998	0.33	1.0	1
13493.868699999997	0.51	0.6	1
13649.010699999997	0.51	0.5	1
13804.958499999997	0.46	0.6	1
13961.712099999997	0.45	0.6	1
14119.271499999997	0.49	0.6	1
14277.503399999998	0.46	0.5	1
14436.807799999999	0.39	0.8	1
14597.318	0.33	0.9	1
14758.634	0.43	0.6	1
14921.0225	0.34	0.8	1
15084.216799999998	0.5	0.6	1
15248.083599999998	0.48	0.5	1
15412.889499999997	0.39	0.7	1
15578.634499999998	0.38	0.7	1
15745.185299999997	0.43	0.6	1
15912.408599999997	0.46	0.5	1
16080.570999999996	0.43	0.7	1
16249.539199999996	0.49	0.6	1
16419.313199999997	0.54	0.6	1
16589.759699999995	0.51	0.5	1
16761.011999999995	0.5	0.6	1
16933.070099999994	0.45	0.6	1
17104.933999999994	0.5	0.6	1
17277.736999999994	0.37	0.7	1
17451.612499999992	0.34	0.8	1
17626.427099999994	0.43	0.7	1
17802.180799999995	0.41	0.7	1
17978.606999999996	0.41	0.5	1
18155.838999999996	0.49	0.6	1
18333.876799999995	0.48	0.6	1
18512.587099999993	0.49	0.5	1
18692.103199999994	0.46	0.6	1
18872.425099999993	0.45	0.6	1
19053.552799999994	0.45	0.6	1
19235.752999999993	0.38	0.8	1
19418.625699999993	0.47	0.5	1
19602.170899999994	0.48	0.5	1
19786.521899999992	0.44	0.6	1
19972.478699999992	0.3	1.2	1
20159.374599999992	0.46	0.7	1
20347.076299999993	0.42	0.6	1
20535.717099999994	0.45	0.7	1
20725.030399999996	0.52	0.5	1
20915.416199999996	0.38	0.8	1
21106.607799999994	0.42	0.6	1
21298.471899999993	0.48	0.5	1
21491.008499999993	0.49	0.5	1
21684.48419999999	0.44	0.7	1
21878.89899999999	0.4	0.7	1
22074.25289999999	0.43	0.7	1
22270.54589999999	0.43	0.7	1
22467.77799999999	0.45	0.7	1
22665.949199999992	0.44	0.7	1
22864.92619999999	0.47	0.6	1
23064.70899999999	0.41	0.6	1
23265.29759999999	0.47	0.6	1
23466.691999999992	0.48	0.6	1
23668.89219999999	0.39	0.6	1
23872.164899999992	0.34	0.8	1
24076.243399999992	0.45	0.6	1
24281.127699999994	0.44	0.6	1
24486.951099999995	0.41	0.7	1
24693.580299999994	0.46	0.6	1
24901.281999999996	0.35	0.8	1
25109.789499999995	0.44	0.6	1
25319.369499999997	0.35	0.8	1
25529.8886	0.4	0.7	1
25741.3468	0.39	0.7	1
25953.7441	0.43	0.7	1
26168.013899999998	0.26	1.4	1
26383.2228	0.4	0.7	1
26599.3708	0.43	0.7	1
26816.3246	0.46	0.6	1
27033.9509	0.44	0.5	1
27252.649699999998	0.39	0.8	1
27472.2876	0.45	0.7	1
27692.998	0.31	0.8	1
27914.514199999998	0.45	0.6	1
28136.836199999998	0.46	0.6	1
28360.097299999998	0.4	0.7	1
28584.4309	0.38	0.8	1
28809.7036	0.48	0.7	1
29036.0488	0.35	0.8	1
29263.199800000002	0.47	0.6	1
29491.0233	0.46	0.5	1
29719.6526	0.47	0.6	1
29948.954400000002	0.45	0.5	1
30179.062	0.42	0.6	1
30409.975400000003	0.46	0.6	1
30641.294600000005	0.5	0.3	1
30873.552900000006	0.42	0.7	1
31106.750300000007	0.45	0.7	1
31340.753500000006	0.53	0.6	1
31575.362500000007	0.25	1.2	1
31810.644000000008	0.46	0.5	1
32046.731300000007	0.5	0.6	1
32283.624400000008	0.44	0.6	1
32522.256600000008	0.28	1.3	1
32761.56130000001	0.53	0.5	1
33001.53850000001	0.46	0.5	1
33242.18820000001	0.44	0.5	1
33483.64370000001	0.47	0.6	1
33726.171700000006	0.42	0.8	1
33969.372200000005	0.64	0.5	1
34213.245200000005	0.54	0.5	1
34458.05730000001	0.47	0.7	1
34703.941900000005	0.39	0.8	1
34951.8323	0.25	1.5	1
35200.6618	0.41	0.7	1
35450.2971	0.45	0.6	1
35700.7382	0.41	0.6	1
35952.2518	0.38	0.8	1
36204.7045	0.45	0.7	1
36457.8297	0.47	0.5	1
36711.7607	0.46	0.6	1
36966.4975	0.36	0.6	1
37221.9068	0.43	0.5	1
37478.2552	0.41	0.7	1
37735.4094	0.43	0.6	1
37993.369399999996	0.53	0.6	1
38252.2685	0.41	0.7	1
38511.973399999995	0.45	0.6	1
38772.484099999994	0.43	0.6	1
39034.2006	0.35	0.9	1
39296.72289999999	0.45	0.6	1
39559.78429999999	0.55	0.4	1
39823.65149999999	0.39	0.6	1
40088.45779999999	0.38	0.7	1
40354.46989999999	0.38	0.9	1
40621.42109999999	0.43	0.7	1
40889.17809999999	0.42	0.6	1
41157.87419999999	0.37	0.7	1
41427.50939999999	0.42	0.7	1
41697.95039999999	0.43	0.6	1
41969.19719999999	0.49	0.6	1
42241.24979999999	0.46	0.6	1
42514.10819999999	0.47	0.6	1
42788.03909999999	0.41	0.8	1
43062.90909999999	0.45	0.7	1
43338.58489999999	0.47	0.6	1
43615.46649999999	0.37	0.9	1
43893.15389999999	0.43	0.6	1
44171.78039999999	0.36	0.7	1
44451.34599999999	0.43	0.7	1
44731.717399999994	0.44	0.6	1
45013.294599999994	0.35	0.9	1
45295.8109	0.44	0.7	1
45579.266299999996	0.42	0.7	1
45863.394199999995	0.52	0.5	1
46148.4612	0.41	0.7	1
46435.2673	0.29	1.3	1
46723.8125	0.31	1.3	1
47013.2968	0.45	0.7	1
47303.18689999999	0.57	0.3	1
47595.74949999999	0.25	2.0	1
47889.25119999999	0.41	0.7	1
48183.558699999994	0.44	0.6	1
48478.80529999999	0.44	0.7	1
48774.72439999999	0.49	0.5	1
49071.44929999999	0.5	0.6	1
49369.11329999999	0.38	0.7	1
49667.58309999999	0.5	0.6	1
49966.85869999999	0.46	0.6	1
50267.07339999999	0.46	0.7	1
50568.093899999985	0.51	0.6	1
50870.186899999986	0.36	0.8	1
51173.48569999998	0.37	0.9	1
51477.72359999998	0.47	0.7	1
51782.767299999985	0.46	0.6	1
52088.75009999998	0.41	0.7	1
52395.80539999998	0.39	0.8	1
52703.799799999986	0.42	0.7	1
53012.733299999985	0.38	0.7	1
