0.8058000000000001	0.48	0.6	1
2.6841	0.37	0.8	1
5.3682	0.49	0.6	1
8.8581	0.44	0.6	1
13.1538	0.43	0.6	1
18.522	0.41	0.8	1
24.962699999999998	0.39	0.8	1
32.209199999999996	0.42	0.6	1
40.5282	0.4	0.8	1
49.7863	0.37	0.7	1
59.9835	0.44	0.7	1
71.1198	0.42	0.7	1
83.1952	0.39	0.7	1
96.0764	0.43	0.6	1
109.7634	0.5	0.6	1
124.5229	0.36	0.8	1
140.2215	0.41	0.7	1
156.7259	0.49	0.6	1
174.1694	0.43	0.7	1
192.6854	0.38	0.8	1
211.8739	0.46	0.5	1
232.0015	0.44	0.7	1
253.20159999999998	0.37	0.8	1
275.4742	0.34	0.8	1
298.5526	0.44	0.6	1
322.3035	0.44	0.5	1
346.7269	0.47	0.5	1
372.0894	0.42	0.7	1
398.391	0.39	0.7	1
424.4984	0.49	0.6	1
451.4116	0.44	0.6	1
479.1306	0.49	0.6	1
507.7887	0.42	0.7	1
537.3859	0.39	0.7	1
567.6556	0.47	0.5	1
598.5978	0.49	0.5	1
630.2125	0.51	0.5	1
662.633	0.46	0.6	1
695.8593000000001	0.42	0.6	1
730.1581000000001	0.36	0.8	1
765.5294000000001	0.38	0.8	1
801.7065000000001	0.46	0.6	1
838.5561000000001	0.5	0.5	1
876.2115000000001	0.48	0.6	1
914.8060000000002	0.36	0.7	1
954.6063000000001	0.26	0.9	1
995.2124000000001	0.45	0.6	1
1036.891	0.41	0.8	1
1079.3754000000001	0.44	0.6	1
1122.9323000000002	0.37	0.8	1
1167.4283000000003	0.44	0.7	1
1212.7301000000002	0.41	0.6	1
1258.7044000000003	0.44	0.5	1
1305.6178000000002	0.43	0.7	1
1353.4703000000002	0.39	0.7	1
1402.2619000000002	0.37	0.7	1
1451.8593000000003	0.47	0.6	1
1502.5292000000004	0.4	0.8	1
1553.7382000000005	0.48	0.4	1
1605.7530000000004	0.43	0.6	1
1658.8403000000003	0.42	0.8	1
1712.7334000000003	0.43	0.6	1
1767.5656000000004	0.4	0.7	1
1823.2036000000003	0.43	0.6	1
1880.8474000000003	0.26	1.5	1
1939.2970000000003	0.49	0.6	1
1998.5524000000003	0.43	0.6	1
2058.7469	0.38	0.7	1
2119.8805	0.42	0.7	1
2181.8199000000004	0.43	0.6	1
2244.5651000000003	0.49	0.6	1
2308.2494	0.44	0.7	1
2372.6062	0.48	0.5	1
2437.7688000000003	0.43	0.6	1
2503.8705000000004	0.45	0.7	1
2570.7780000000002	0.44	0.6	1
2638.4913	0.43	0.6	1
2707.1437	0.46	0.7	1
2776.6019	0.5	0.6	1
2846.9992	0.42	0.7	1
2918.2023000000004	0.46	0.6	1
2990.3445	0.39	0.7	1
3063.2925	0.41	0.6	1
3137.0463	0.45	0.6	1
3211.8726	0.35	0.8	1
3287.5047	0.46	0.6	1
3364.0759	0.41	0.7	1
3441.4528999999998	0.41	0.6	1
3519.769	0.41	0.7	1
3598.7576	0.46	0.5	1
3678.552	0.43	0.6	1
3759.0189	0.5	0.5	1
3840.2916	0.46	0.6	1
3922.3701	0.43	0.6	1
4005.2544000000003	0.38	0.6	1
4088.8112	0.45	0.5	1
4173.1738000000005	0.41	0.6	1
4258.3422	0.43	0.6	1
4344.4497	0.37	0.7	1
4430.4963	0.43	0.7	1
4517.482	0.37	0.7	1
4605.2735	0.43	0.6	1
4693.870800000001	0.42	0.6	1
4783.5406	0.38	0.8	1
4874.5495	0.32	1.0	1
4966.6309	0.38	0.8	1
5059.6514	0.39	0.7	1
5153.7444	0.39	0.8	1
5248.5099	0.5	0.5	1
5343.9479	0.46	0.5	1
5440.325	0.36	0.7	1
5537.5079	0.49	0.6	1
5635.7633	0.37	0.8	1
5734.8245	0.44	0.6	1
5834.6915	0.48	0.6	1
5935.231	0.47	0.5	1
6036.443	0.5	0.5	1
6138.5941	0.4	0.7	1
6241.6843	0.39	0.7	1
6345.7136	0.41	0.7	1
6450.4154	0.47	0.5	1
6556.0563	0.42	0.7	1
6662.7697	0.39	0.8	1
6770.4222	0.39	0.7	1
6878.8805	0.47	0.6	1
6988.4113	0.35	0.8	1
7098.8812	0.37	0.7	1
7210.4236	0.43	0.8	1
7322.9051	0.45	0.7	1
7436.3257	0.39	0.7	1
7551.0854	0.37	1.0	1
7667.1842	0.3	1.0	1
7783.9555	0.48	0.5	1
7901.5326000000005	0.44	0.6	1
8019.9155	0.43	0.6	1
8138.9709	0.47	0.5	1
8258.965400000001	0.42	0.7	1
8379.765700000002	0.48	0.6	1
8501.505100000002	0.37	0.7	1
8624.183600000002	0.34	0.7	1
8747.667900000002	0.43	0.6	1
8872.091300000002	0.42	0.7	1
8997.587200000002	0.36	0.8	1
9123.755600000002	0.44	0.5	1
9250.729800000003	0.43	0.6	1
9378.376500000002	0.46	0.5	1
9506.962300000003	0.39	0.7	1
9636.620600000002	0.32	0.8	1
9767.084700000001	0.48	0.6	1
9898.3546	0.43	0.6	1
10030.563600000001	0.4	0.7	1
10163.711700000002	0.41	0.7	1
10297.5323	0.44	0.5	1
10432.1587	0.45	0.6	1
10567.5909	0.47	0.6	1
10703.6956	0.47	0.5	1
10840.739399999999	0.43	0.7	1
10978.7223	0.42	0.7	1
11117.510999999999	0.48	0.6	1
11257.2388	0.4	0.7	1
11397.7724	0.48	0.6	1
11539.2451	0.41	0.7	1
11681.6569	0.45	0.7	1
11824.7412	0.51	0.5	1
11968.7646	0.38	0.7	1
12113.7271	0.36	0.7	1
12259.7621	0.37	0.8	1
12406.6029	0.45	0.6	1
12554.5162	0.37	0.8	1
12703.3686	0.48	0.7	1
12853.1601	0.41	0.7	1
13004.2907	0.33	1.0	1
13156.3604	0.39	0.7	1
13309.1026	0.45	0.5	1
13462.5173	0.53	0.5	1
13616.6045	0.49	0.5	1
13771.4975	0.44	0.6	1
13927.1963	0.5	0.6	1
14085.167599999999	0.2	1.7	1
14244.078	0.4	0.7	1
14403.7942	0.43	0.6	1
14564.4495	0.52	0.7	1
14725.910600000001	0.44	0.6	1
14888.177500000002	0.48	0.6	1
15051.250200000002	0.44	0.6	1
15214.128700000003	0.51	0.6	1
15377.813000000004	0.5	0.6	1
15542.569800000003	0.41	0.8	1
15708.132400000002	0.46	0.6	1
15874.500800000002	0.36	0.6	1
16041.541700000002	0.42	0.5	1
16209.388400000002	0.48	0.6	1
16378.174200000001	0.4	0.7	1
16547.899100000002	0.34	0.7	1
16718.563100000003	0.53	0.7	1
16890.166200000003	0.47	0.7	1
17062.841800000002	0.38	0.8	1
17236.1899	0.43	0.5	1
17410.4771	0.44	0.7	1
17585.5701	0.45	0.6	1
17761.4689	0.47	0.6	1
17938.3068	0.46	0.7	1
18115.9505	0.47	0.6	1
18294.666699999998	0.35	0.8	1
18474.321999999996	0.43	0.7	1
18654.9164	0.54	0.7	1
18836.3166	0.44	0.6	1
19018.3893	0.42	0.5	1
19201.4011	0.43	0.7	1
19385.218699999998	0.48	0.6	1
19569.708799999997	0.51	0.5	1
19755.004699999998	0.41	0.6	1
19941.106399999997	0.41	0.6	1
20128.013899999998	0.41	0.6	1
20315.5939	0.48	0.5	1
20503.8464	0.47	0.5	1
20692.9047	0.47	0.6	1
20882.768799999998	0.43	0.6	1
21073.4387	0.41	0.6	1
21264.914399999998	0.44	0.6	1
21457.329199999996	0.39	0.7	1
21650.949799999995	0.35	0.9	1
21845.376199999995	0.48	0.6	1
22040.875099999994	0.38	0.8	1
22237.313099999992	0.43	0.7	1
22434.690199999994	0.37	0.7	1
22632.873099999993	0.45	0.6	1
22831.861799999995	0.5	0.6	1
23032.189599999994	0.35	1.0	1
23233.456499999993	0.42	0.7	1
23435.395899999992	0.49	0.5	1
23638.141099999993	0.48	0.6	1
23841.558799999995	0.5	0.5	1
24045.782299999995	0.46	0.6	1
24250.811599999994	0.38	0.6	1
24456.779999999995	0.41	0.7	1
24663.554199999995	0.45	0.6	1
24871.267499999994	0.46	0.7	1
25079.919899999994	0.43	0.7	1
25289.378099999994	0.5	0.6	1
25500.042099999995	0.34	0.9	1
25711.645199999995	0.44	0.7	1
25924.187399999995	0.45	0.7	1
26138.868699999995	0.23	1.6	1
26354.355799999994	0.4	0.6	1
26570.781999999996	0.42	0.7	1
26788.280699999996	0.41	0.8	1
27006.718499999995	0.44	0.7	1
27225.962099999997	0.43	0.6	1
27445.878199999996	0.47	0.5	1
27666.600099999996	0.44	0.6	1
27888.394499999995	0.39	0.8	1
28110.994699999996	0.47	0.6	1
28334.533999999996	0.42	0.7	1
28558.879099999995	0.47	0.6	1
28784.163299999993	0.39	0.7	1
29010.386599999994	0.41	0.7	1
29237.682399999994	0.39	0.8	1
29466.183999999994	0.39	0.9	1
29695.491399999995	0.45	0.6	1
29925.471299999994	0.46	0.5	1
30156.256999999994	0.36	0.6	1
30388.115199999993	0.38	0.8	1
30619.645899999992	0.48	0.5	1
30852.11569999999	0.35	0.7	1
31085.25799999999	0.51	0.5	1
31319.60609999999	0.35	0.9	1
31555.95999999999	0.24	1.5	1
31793.25299999999	0.41	0.7	1
32031.35179999999	0.46	0.6	1
32270.38969999999	0.43	0.7	1
32510.50009999999	0.39	0.8	1
32752.749599999992	0.23	1.6	1
32995.80489999999	0.45	0.6	1
33239.53269999999	0.5	0.5	1
33484.199599999985	0.43	0.7	1
33729.53899999998	0.47	0.5	1
33975.55089999998	0.55	0.5	1
34222.36859999998	0.37	0.6	1
34469.99209999998	0.45	0.6	1
34718.55469999998	0.38	0.7	1
34967.78979999998	0.47	0.5	1
35217.83069999998	0.43	0.6	1
35469.610699999976	0.27	1.3	1
35722.063199999975	0.47	0.5	1
35976.38819999997	0.26	1.4	1
36231.65229999997	0.41	0.7	1
36487.855499999976	0.37	0.7	1
36744.864499999974	0.47	0.6	1
37002.54599999997	0.46	0.5	1
37261.166599999975	0.36	0.7	1
37520.59299999997	0.38	0.6	1
37780.82519999997	0.44	0.6	1
38043.06319999997	0.27	1.5	1
38306.24029999997	0.43	0.7	1
38570.356499999965	0.39	0.7	1
38835.278499999964	0.46	0.6	1
39101.006299999965	0.48	0.6	1
39367.67319999996	0.42	0.7	1
39635.14589999996	0.35	0.6	1
39904.75769999996	0.26	1.6	1
40175.04199999996	0.46	0.5	1
40446.79879999996	0.27	1.1	1
40719.49469999996	0.4	0.7	1
40993.12969999996	0.45	0.7	1
41267.437199999964	0.53	0.5	1
41542.55049999996	0.4	0.6	1
41818.33629999996	0.54	0.5	1
42095.06119999996	0.46	0.7	1
42372.99189999996	0.39	0.9	1
42651.595099999955	0.51	0.5	1
42930.87079999995	0.46	0.5	1
43210.81899999995	0.44	0.5	1
43491.706299999954	0.43	0.7	1
43773.53269999995	0.4	0.7	1
44056.16489999995	0.46	0.6	1
44340.13619999995	0.33	1.0	1
44625.17999999995	0.37	0.8	1
44910.89629999995	0.49	0.5	1
45197.68509999995	0.39	0.8	1
45485.27969999995	0.42	0.6	1
45774.34679999995	0.29	1.1	1
46065.81969999995	0.22	1.8	1
46358.36509999995	0.43	0.8	1
46651.98299999995	0.43	0.8	1
46946.40669999995	0.46	0.6	1
47241.63619999995	0.49	0.6	1
47537.67149999995	0.46	0.6	1
47834.64589999995	0.41	0.7	1
48132.29279999995	0.53	0.5	1
48430.878799999955	0.39	0.7	1
48730.13729999996	0.5	0.5	1
