2.1037999999999997	0.46	0.7	1
6.311399999999999	0.45	0.7	1
12.322799999999999	0.47	0.6	1
19.738	0.4	0.8	1
28.957	0.42	0.6	1
39.6798	0.55	0.5	1
51.9064	0.48	0.5	1
66.2368	0.45	0.7	1
82.971	0.37	0.8	1
99.509	0.46	0.6	1
118.1508	0.46	0.7	1
139.1964	0.37	0.8	1
162.3458	0.43	0.7	1
186.399	0.57	0.3	1
212.556	0.42	0.7	1
239.8168	0.41	0.7	1
268.8814	0.5	0.6	1
299.7498	0.5	0.6	1
332.722	0.44	0.7	1
370.798	0.23	1.7	1
410.9778	0.42	0.7	1
452.6614	0.49	0.5	1
496.7488	0.39	0.8	1
542.64	0.4	0.6	1
590.935	0.39	0.8	1
641.0337999999999	0.35	0.6	1
693.2363999999999	0.43	0.7	1
747.2427999999999	0.41	0.6	1
805.1529999999999	0.22	1.3	1
866.6669999999999	0.26	1.2	1
929.6847999999999	0.49	0.5	1
994.5063999999999	0.47	0.6	1
1061.4317999999998	0.43	0.7	1
1129.561	0.47	0.4	1
1200.0939999999998	0.42	0.8	1
1272.4307999999999	0.5	0.6	1
1346.5713999999998	0.43	0.6	1
1422.5158	0.46	0.6	1
1500.5639999999999	0.41	0.7	1
1580.416	0.46	0.6	1
1662.0718	0.44	0.6	1
1745.5313999999998	0.52	0.6	1
1831.0947999999999	0.39	0.7	1
1920.8619999999999	0.28	1.4	1
2012.4329999999998	0.46	0.6	1
2107.6077999999998	0.29	1.2	1
2206.0863999999997	0.29	1.1	1
