2.1037999999999997	0.42	0.7	1
6.311399999999999	0.39	0.7	1
12.0228	0.5	0.5	1
19.838	0.43	0.7	1
30.057000000000002	0.37	0.8	1
41.0798	0.47	0.6	1
53.9064	0.4	0.6	1
68.5368	0.45	0.6	1
84.971	0.38	0.6	1
103.809	0.34	0.8	1
125.35079999999999	0.36	0.9	1
148.3964	0.45	0.5	1
173.8458	0.37	0.8	1
200.399	0.42	0.7	1
227.756	0.42	0.6	1
256.6168	0.44	0.5	1
287.2814	0.43	0.6	1
319.74980000000005	0.47	0.6	1
353.72200000000004	0.45	0.5	1
389.09800000000007	0.39	0.8	1
426.27780000000007	0.44	0.6	1
465.56140000000005	0.42	0.7	1
509.0488	0.24	1.4	1
556.74	0.24	1.4	1
606.835	0.39	0.8	1
658.7338000000001	0.49	0.6	1
713.9364	0.28	1.1	1
771.2428	0.4	0.7	1
830.653	0.37	0.7	1
891.8670000000001	0.43	0.6	1
954.8848	0.43	0.6	1
1020.3064	0.35	0.8	1
1087.8318000000002	0.43	0.7	1
1157.4610000000002	0.42	0.7	1
1228.8940000000002	0.46	0.6	1
1303.0308000000002	0.38	0.9	1
1379.8714000000002	0.39	0.9	1
1458.5158000000001	0.51	0.6	1
1538.9640000000002	0.46	0.6	1
1621.516	0.4	0.7	1
1706.1718	0.45	0.7	1
1792.3314	0.45	0.5	1
1880.2948000000001	0.48	0.6	1
1970.362	0.4	0.7	1
2061.933	0.53	0.5	1
2155.3078	0.47	0.6	1
2250.1864	0.48	0.5	1
2346.5688	0.48	0.5	1
2445.055	0.42	0.7	1
2545.645	0.4	0.7	1
2649.8388	0.29	1.2	1
