1.5067	0.57	0.5	1
5.1201	0.39	0.7	1
10.5402	0.42	0.6	1
18.067	0.43	0.7	1
26.4005	0.42	0.6	1
37.44070000000001	0.37	0.9	1
50.58760000000001	0.41	0.7	1
65.5412	0.39	0.6	1
82.6015	0.41	0.7	1
100.5685	0.5	0.3	1
120.9422	0.36	0.8	1
143.1226	0.44	0.6	1
166.8097	0.51	0.5	1
192.30349999999999	0.41	0.6	1
216.904	0.43	0.7	1
243.31119999999999	0.39	0.6	1
271.5251	0.43	0.6	1
301.5457	0.46	0.6	1
336.073	0.24	1.5	1
373.00699999999995	0.41	0.8	1
412.3476999999999	0.34	0.8	1
453.79509999999993	0.44	0.7	1
497.0491999999999	0.48	0.6	1
543.0099999999999	0.34	0.9	1
590.7774999999999	0.5	0.6	1
640.6516999999999	0.42	0.7	1
692.9325999999999	0.43	0.8	1
749.1201999999998	0.31	1.3	1
807.4144999999999	0.45	0.7	1
867.8154999999998	0.43	0.7	1
930.0231999999999	0.43	0.6	1
994.3375999999998	0.43	0.7	1
1060.1587	0.51	0.5	1
