1.6067	0.45	0.6	1
4.8201	0.47	0.6	1
9.6402	0.47	0.6	1
16.3337	0.45	0.7	1
24.3672	0.52	0.5	1
34.007400000000004	0.47	0.6	1
44.9876	0.45	0.5	1
57.5745	0.44	0.6	1
71.7681	0.46	0.6	1
87.5684	0.49	0.6	1
104.9754	0.48	0.6	1
123.9891	0.44	0.6	1
144.87619999999998	0.4	0.7	1
167.6367	0.46	0.7	1
192.0039	0.47	0.6	1
217.7111	0.44	0.5	1
245.02499999999998	0.37	0.6	1
273.94559999999996	0.46	0.6	1
304.73959999999994	0.38	0.7	1
337.1402999999999	0.44	0.6	1
371.14769999999993	0.45	0.6	1
407.0284999999999	0.4	0.7	1
444.78269999999986	0.45	0.7	1
483.87689999999986	0.5	0.5	1
524.8444999999998	0.41	0.7	1
567.4187999999998	0.44	0.6	1
611.8664999999999	0.4	0.7	1
657.9208999999998	0.43	0.6	1
705.5819999999999	0.42	0.6	1
755.1164999999999	0.44	0.7	1
806.5243999999999	0.4	0.7	1
859.8056999999999	0.42	0.7	1
914.6936999999999	0.48	0.6	1
971.4550999999999	0.41	0.7	1
1030.0899	0.39	0.7	1
1090.0647	0.51	0.5	1
1151.9128999999998	0.4	0.7	1
1214.3677999999998	0.44	0.6	1
1278.6960999999997	0.37	0.7	1
1344.8977999999997	0.4	0.7	1
1412.9728999999998	0.37	0.7	1
1482.3879999999997	0.45	0.5	1
1553.6764999999996	0.39	0.7	1
1626.8383999999996	0.37	0.7	1
1701.6069999999997	0.5	0.6	1
1777.9822999999997	0.48	0.6	1
1855.9642999999996	0.42	0.6	1
1935.8196999999996	0.37	0.7	1
2016.7484999999995	0.63	0.4	1
2099.2839999999997	0.46	0.6	1
2183.6928999999996	0.41	0.7	1
2269.9751999999994	0.46	0.7	1
2357.8641999999995	0.46	0.6	1
2447.6265999999996	0.46	0.7	1
2538.9956999999995	0.52	0.6	1
2631.9714999999997	0.43	0.6	1
2726.2872999999995	0.42	0.5	1
2822.4764999999993	0.46	0.7	1
2920.2723999999994	0.5	0.6	1
3019.6749999999993	0.41	0.6	1
3120.950999999999	0.47	0.7	1
3223.833699999999	0.43	0.6	1
3328.323099999999	0.47	0.6	1
3434.1524999999992	0.44	0.5	1
3541.8552999999993	0.44	0.7	1
3651.4314999999992	0.4	0.7	1
3762.614399999999	0.5	0.6	1
3874.870699999999	0.48	0.4	1
3988.466999999999	0.46	0.5	1
4103.936699999999	0.43	0.7	1
4221.279799999999	0.44	0.7	1
4340.2296	0.41	0.6	1
4461.0527999999995	0.45	0.7	1
4583.215999999999	0.43	0.5	1
4707.2526	0.36	0.7	1
4832.8958999999995	0.44	0.6	1
4960.4126	0.43	0.7	1
5089.802699999999	0.42	0.7	1
5220.799499999999	0.46	0.6	1
5353.402999999999	0.41	0.6	1
5487.879899999999	0.43	0.7	1
5624.230199999999	0.41	0.7	1
5762.187199999999	0.47	0.6	1
5901.484199999999	0.49	0.5	1
6042.387899999999	0.5	0.6	1
6184.898299999999	0.43	0.6	1
6329.015399999999	0.44	0.6	1
6475.005899999999	0.42	0.7	1
6622.336399999999	0.46	0.5	1
6771.2735999999995	0.47	0.6	1
6922.084199999999	0.35	0.7	1
7074.7681999999995	0.36	0.7	1
7229.058899999999	0.46	0.6	1
7384.689599999999	0.48	0.5	1
7542.193699999999	0.38	0.7	1
7700.5711999999985	0.42	0.7	1
7860.555399999998	0.43	0.6	1
8022.412999999999	0.36	0.7	1
8185.877299999998	0.51	0.6	1
8351.214999999998	0.43	0.7	1
8518.159399999999	0.49	0.6	1
8686.9772	0.4	0.7	1
8857.401699999999	0.49	0.6	1
9029.432899999998	0.52	0.6	1
9203.070799999998	0.39	0.6	1
9378.582099999998	0.44	0.7	1
9555.433399999998	0.47	0.5	1
9734.158099999999	0.44	0.7	1
9914.489499999998	0.44	0.6	1
10096.427599999997	0.45	0.6	1
10280.239099999997	0.44	0.7	1
10465.923999999997	0.4	0.7	1
10653.482299999998	0.44	0.7	1
10842.913999999997	0.44	0.7	1
11034.219099999997	0.39	0.7	1
11227.130899999996	0.41	0.6	1
11421.916099999997	0.42	0.7	1
11618.307999999997	0.44	0.6	1
11816.306599999998	0.49	0.6	1
12016.178599999997	0.43	0.7	1
12217.657299999997	0.49	0.6	1
12420.742699999997	0.44	0.6	1
12625.701499999997	0.45	0.7	1
12832.533699999998	0.43	0.7	1
13040.972599999997	0.47	0.6	1
13251.284899999997	0.41	0.7	1
13463.470599999997	0.4	0.7	1
13677.529699999997	0.43	0.7	1
13893.195499999998	0.44	0.6	1
14110.734699999997	0.37	0.7	1
14329.347299999998	0.55	0.4	1
14549.566599999998	0.44	0.6	1
14771.659299999998	0.43	0.7	1
14995.358699999997	0.43	0.6	1
15220.398099999997	0.48	0.5	1
15447.310899999997	0.36	0.7	1
15676.097099999997	0.39	0.7	1
15906.489999999998	0.42	0.6	1
16138.756299999997	0.46	0.7	1
16372.629299999997	0.47	0.6	1
16608.375699999997	0.44	0.7	1
16845.462099999997	0.44	0.5	1
17084.155199999997	0.45	0.6	1
17324.7217	0.45	0.7	1
17567.1616	0.42	0.7	1
17811.2082	0.43	0.6	1
18056.861500000003	0.43	0.6	1
18304.1215	0.48	0.6	1
18552.7215	0.52	0.5	1
18803.1949	0.34	0.7	1
19055.008299999998	0.48	0.5	1
19308.695099999997	0.43	0.7	1
19563.988599999997	0.45	0.6	1
19820.622099999997	0.47	0.5	1
20079.128999999997	0.43	0.7	1
20339.242599999998	0.45	0.6	1
20601.2296	0.4	0.7	1
20864.8233	0.46	0.6	1
21130.0237	0.43	0.6	1
21397.0975	0.45	0.7	1
21665.778	0.39	0.6	1
21936.065199999997	0.44	0.6	1
22208.225799999997	0.41	0.7	1
22481.993099999996	0.45	0.6	1
22757.367099999996	0.49	0.6	1
23034.081099999996	0.48	0.5	1
23312.135099999996	0.49	0.5	1
23591.529099999996	0.46	0.5	1
23871.529799999997	0.41	0.6	1
24153.403899999998	0.45	0.7	1
24437.1514	0.44	0.7	1
24722.2389	0.48	0.5	1
25008.933100000002	0.46	0.6	1
25297.234	0.46	0.6	1
25587.4083	0.39	0.7	1
25878.656	0.55	0.4	1
26171.5104	0.43	0.6	1
26466.2382	0.36	0.7	1
26762.5727	0.49	0.6	1
27060.780600000002	0.42	0.7	1
27360.595200000003	0.43	0.6	1
27662.2832	0.36	0.7	1
27965.5779	0.45	0.6	1
28270.4793	0.44	0.6	1
28577.2541	0.38	0.7	1
28885.902299999998	0.41	0.7	1
29195.890499999998	0.41	0.5	1
29507.485399999998	0.46	0.6	1
29820.686999999998	0.49	0.6	1
30135.4953	0.43	0.6	1
30452.177	0.43	0.7	1
30770.4654	0.41	0.6	1
31090.627200000003	0.52	0.7	1
31412.6624	0.42	0.7	1
31736.3043	0.42	0.6	1
32061.0196	0.5	0.4	1
32387.3416	0.43	0.6	1
32715.537	0.42	0.7	1
33045.6058	0.46	0.7	1
33377.547999999995	0.38	0.7	1
33711.0969	0.43	0.6	1
34045.985799999995	0.51	0.5	1
34382.2147	0.48	0.5	1
34720.316999999995	0.37	0.7	1
35060.2927	0.43	0.7	1
35402.1418	0.39	0.7	1
35745.5976	0.47	0.6	1
36090.6601	0.42	0.6	1
36437.3293	0.42	0.6	1
36785.6052	0.54	0.6	1
37135.754499999995	0.41	0.7	1
37487.5105	0.47	0.6	1
37841.139899999995	0.42	0.7	1
38196.6427	0.41	0.7	1
38554.018899999995	0.41	0.7	1
38912.7351	0.45	0.5	1
39273.3247	0.44	0.7	1
39635.521	0.45	0.6	1
39999.0573	0.5	0.5	1
40363.933600000004	0.45	0.5	1
40730.416600000004	0.43	0.6	1
41097.973000000005	0.57	0.4	1
41467.1361	0.44	0.6	1
41837.905900000005	0.41	0.6	1
42210.282400000004	0.45	0.6	1
42584.532300000006	0.45	0.7	1
42960.388900000005	0.51	0.6	1
43338.11890000001	0.41	0.7	1
43717.72230000001	0.42	0.7	1
44098.932400000005	0.42	0.6	1
44481.749200000006	0.41	0.6	1
44864.906	0.45	0.5	1
45249.936200000004	0.42	0.7	1
45636.8398	0.4	0.7	1
46025.6168	0.4	0.7	1
46416.2672	0.46	0.7	1
46808.257600000004	0.47	0.5	1
47202.1214	0.44	0.7	1
47597.85860000001	0.43	0.7	1
47995.20250000001	0.47	0.6	1
48394.4198	0.43	0.7	1
48795.510500000004	0.41	0.7	1
49198.2079	0.42	0.6	1
49602.7787	0.39	0.7	1
50008.9562	0.47	0.6	1
50416.7404	0.42	0.6	1
50826.1313	0.4	0.6	1
51237.1289	0.45	0.6	1
51649.7332	0.44	0.6	1
52064.210900000005	0.38	0.7	1
52479.762	0.47	0.4	1
52897.1865	0.43	0.7	1
53316.2177	0.51	0.6	1
53736.8556	0.4	0.6	1
54159.3669	0.42	0.7	1
54583.7516	0.46	0.7	1
55009.743	0.45	0.6	1
55437.341100000005	0.46	0.6	1
55866.279200000004	0.48	0.5	1
56296.82400000001	0.45	0.6	1
56729.24220000001	0.42	0.7	1
57163.533800000005	0.38	0.7	1
57599.432100000005	0.49	0.6	1
58036.6704	0.47	0.5	1
58475.782100000004	0.42	0.7	1
58916.7672	0.41	0.7	1
59359.359000000004	0.45	0.6	1
59803.2908	0.59	0.5	1
60248.829300000005	0.46	0.6	1
60695.974500000004	0.46	0.6	1
61144.45970000001	0.49	0.5	1
61594.818300000006	0.37	0.7	1
62046.51690000001	0.46	0.5	1
62499.82220000001	0.4	0.6	1
62955.00090000001	0.43	0.7	1
63412.05300000001	0.4	0.7	1
63870.978500000005	0.4	0.7	1
64331.510700000006	0.41	0.6	1
64793.649600000004	0.47	0.6	1
65257.395200000006	0.48	0.6	1
65722.74750000001	0.47	0.6	1
66189.70650000001	0.47	0.6	1
66658.27220000002	0.5	0.6	1
67128.17790000002	0.49	0.5	1
67599.69030000003	0.46	0.6	1
68073.07610000003	0.42	0.7	1
68547.80190000003	0.49	0.5	1
69024.40110000003	0.4	0.7	1
69502.60700000003	0.45	0.6	1
69982.68630000003	0.44	0.7	1
70464.37230000003	0.54	0.6	1
70947.66500000004	0.44	0.6	1
71432.56440000003	0.43	0.6	1
71919.33720000004	0.43	0.7	1
72407.98340000004	0.38	0.7	1
