2738893	16000.0	0	500.0	1.6	0	32.0	33.6
2738737	18000.0	0	500.0	1.8	33.6	36.0	71.4
2738882	28000.0	0	500.0	2.8	71.4	56.0	130.2
2738993	16000.0	0	500.0	1.6	130.2	32.0	163.79999999999998
2738394	20000.0	0	500.0	2.0	163.8	40.0	205.8
2738807	30000.0	0	500.0	3.0	205.8	60.0	268.8
2738746	26000.0	2	1000.0	2.6	0	26.0	28.6
2739047	21000.0	2	1000.0	2.1	28.6	21.0	51.7
2738789	22000.0	4	4000.0	2.2038	0	5.5	7.7038
2738813	16000.0	5	4000.0	1.6038	0	4.0	5.6038
2738440	17000.0	5	4000.0	1.7038	5.6038	4.25	11.5576
2738605	28000.0	8	5000.0	2.8067	0	5.6	8.4067
2738443	17000.0	8	5000.0	1.7067	8.4067	3.4	13.5134
2738828	23000.0	9	6000.0	2.3067	0	3.8333	6.140000000000001
2738900	16000.0	10	6000.0	1.6067	0	2.6667	4.2734000000000005
2738798	30000.0	10	6000.0	3.0067	4.2734	5.0	12.2801
2738719	32000.0	12	6000.0	3.2	0	5.3333	8.5333
2738491	22000.0	12	6000.0	2.2	8.5333	3.6667	14.4
2738849	20000.0	14	12000.0	2.0	0	1.6667	3.6667
2738530	30000.0	14	12000.0	3.0	3.6667	2.5	9.1667
2738524	28000.0	14	12000.0	2.8	9.1667	2.3333	14.299999999999999
2738377	30000.0	14	12000.0	3.0	14.3	2.5	19.8
2738576	28000.0	14	12000.0	2.8	19.8	2.3333	24.933300000000003
2738390	31000.0	14	12000.0	3.1	24.9333	2.5833	30.616600000000002
2738676	15000.0	14	12000.0	1.5	30.6166	1.25	33.3666
2738573	15000.0	14	12000.0	1.5	33.3666	1.25	36.1166
2738713	28000.0	14	12000.0	2.8	36.1166	2.3333	41.2499
2738619	16000.0	14	12000.0	1.6	41.2499	1.3333	44.1832
2738906	31000.0	14	12000.0	3.1	44.1832	2.5833	49.8665
2738472	30000.0	14	12000.0	3.0	49.8665	2.5	55.3665
2738945	25000.0	14	12000.0	2.5	55.3665	2.0833	59.9498
2739023	17000.0	15	16000.0	1.7	0	1.0625	2.7625
2738498	23000.0	15	16000.0	2.3	2.7625	1.4375	6.5
2738495	26000.0	15	16000.0	2.6	6.5	1.625	10.725
2738414	18000.0	15	16000.0	1.8	10.725	1.125	13.65
2738891	20000.0	15	16000.0	2.0	13.65	1.25	16.9
2738773	16000.0	15	16000.0	1.6	16.9	1.0	19.5
2739031	31000.0	15	16000.0	3.1	19.5	1.9375	24.5375
2738539	18000.0	15	16000.0	1.8	24.5375	1.125	27.462500000000002
2738664	28000.0	15	16000.0	2.8	27.4625	1.75	32.0125
2738690	16000.0	15	16000.0	1.6	32.0125	1.0	34.612500000000004
2738392	31000.0	15	16000.0	3.1	34.6125	1.9375	39.65
2738982	18000.0	15	16000.0	1.8	39.65	1.125	42.574999999999996
2738348	18000.0	15	16000.0	1.8	42.575	1.125	45.5
2738475	28000.0	15	16000.0	2.8	45.5	1.75	50.05
2738588	24000.0	15	16000.0	2.4	50.05	1.5	53.949999999999996
2738985	20000.0	15	16000.0	2.0	53.95	1.25	57.2
2738726	23000.0	16	18000.0	2.3058	0	1.2778	3.5836
2738596	18000.0	16	18000.0	1.8058	3.5836	1.0	6.3894
2739037	16000.0	16	18000.0	1.6058	6.3894	0.8889	8.8841
2738598	18000.0	16	18000.0	1.8058	8.8841	1.0	11.6899
2738743	18000.0	16	18000.0	1.8058	11.6899	1.0	14.4957
2738607	28000.0	16	18000.0	2.8058	14.4957	1.5556	18.857100000000003
2738844	30000.0	16	18000.0	3.0058	18.8571	1.6667	23.5296
2738648	16000.0	16	18000.0	1.6058	23.5296	0.8889	26.024299999999997
2738662	18000.0	16	18000.0	1.8058	26.0243	1.0	28.8301
2738666	34000.0	16	18000.0	3.4058	28.8301	1.8889	34.1248
2738465	28000.0	16	18000.0	2.8058	34.1248	1.5556	38.4862
2738629	30000.0	16	18000.0	3.0058	38.4862	1.6667	43.158699999999996
2738632	29000.0	16	18000.0	2.9058	43.1587	1.6111	47.6756
2738720	17000.0	17	24000.0	1.7058	0	0.7083	2.4141
2738889	30000.0	17	24000.0	3.0058	2.4141	1.25	6.6699
2738973	23000.0	17	24000.0	2.3058	6.6699	0.9583	9.934
2738659	11000.0	17	24000.0	1.1058	9.934	0.4583	11.498099999999999
2738376	19000.0	17	24000.0	1.9058	11.4981	0.7917	14.1956
2738972	19000.0	17	24000.0	1.9058	14.1956	0.7917	16.8931
2738468	28000.0	17	24000.0	2.8058	16.8931	1.1667	20.8656
2738592	30000.0	17	24000.0	3.0058	20.8656	1.25	25.1214
2738938	28000.0	17	24000.0	2.8058	25.1214	1.1667	29.0939
2738343	11000.0	17	24000.0	1.1058	29.0939	0.4583	30.658
2738555	30000.0	18	30000.0	3.0058	0	1.0	4.0058
2738691	30000.0	18	30000.0	3.0058	4.0058	1.0	8.0116
2738990	28000.0	18	30000.0	2.8058	8.0116	0.9333	11.750699999999998
2738696	17000.0	18	30000.0	1.7058	11.7507	0.5667	14.0232
2738971	21000.0	18	30000.0	2.1058	14.0232	0.7	16.828999999999997
2738627	17000.0	18	30000.0	1.7058	16.829	0.5667	19.1015
2738371	29000.0	18	30000.0	2.9058	19.1015	0.9667	22.974
2738944	30000.0	18	30000.0	3.0058	22.974	1.0	26.9798
2739036	20000.0	19	30000.0	2.0058	0	0.6667	2.6725
2738603	30000.0	19	30000.0	3.0058	2.6725	1.0	6.6783
2738745	16000.0	19	30000.0	1.6058	6.6783	0.5333	8.817400000000001
2739030	23000.0	19	30000.0	2.3058	8.8174	0.7667	11.889899999999999
2738855	28000.0	19	30000.0	2.8058	11.8899	0.9333	15.629000000000001
2739041	16000.0	19	30000.0	1.6058	15.629	0.5333	17.7681
2738685	30000.0	19	30000.0	3.0058	17.7681	1.0	21.7739
2738992	9000.0	19	30000.0	0.9058	21.7739	0.3	22.9797
2738578	18000.0	19	30000.0	1.8058	22.9797	0.6	25.385500000000004
2738958	23000.0	19	30000.0	2.3058	25.3855	0.7667	28.458000000000002
2739073	14000.0	0	500.0	1.4	267.8	28.0	297.2
2739066	24000.0	0	500.0	2.4	297.2	48.0	347.59999999999997
2739060	24000.0	0	500.0	2.4	347.6	48.0	398.0
7381093	22000.0	0	500.0	2.2	398.0	44.0	444.2
2739061	14000.0	0	500.0	1.4	444.2	28.0	473.59999999999997
2739058	9000.0	0	500.0	0.9	473.6	18.0	492.5
2739055	12000.0	0	500.0	1.2	492.5	24.0	517.7
2739046	16000.0	0	500.0	1.6	517.7	32.0	551.3000000000001
7381100	14000.0	0	500.0	1.4	551.3	28.0	580.6999999999999
7381022	17000.0	0	500.0	1.7	580.7	34.0	616.4000000000001
7381559	26000.0	0	500.0	2.6	616.4	52.0	671.0
7381479	20000.0	0	500.0	2.0	671.0	40.0	713.0
7380964	12000.0	0	500.0	1.2	713.0	24.0	738.2
7381624	16000.0	0	500.0	1.6	738.2	32.0	771.8000000000001
7381668	9000.0	0	500.0	0.9	771.8	18.0	790.6999999999999
7381059	22000.0	0	500.0	2.2	790.7	44.0	836.9000000000001
2738411	26000.0	0	500.0	2.6	836.9	52.0	891.5
7381616	17000.0	0	500.0	1.7	891.5	34.0	927.2
2738449	14000.0	0	500.0	1.4	927.2	28.0	956.6
7381579	17000.0	0	500.0	1.7	956.6	34.0	992.3000000000001
2738452	12000.0	0	500.0	1.2	992.3	24.0	1017.5
2738431	9000.0	0	500.0	0.9	1017.5	18.0	1036.4
7381605	22000.0	0	500.0	2.2	1036.4	44.0	1082.6000000000001
2738505	14000.0	0	500.0	1.4	1082.6	28.0	1112.0
2738864	42000.0	0	500.0	4.2	1112.0	84.0	1200.2
2738520	15000.0	0	500.0	1.5	1200.2	30.0	1231.7
2738956	10000.0	0	500.0	1.0	1231.7	20.0	1252.7
2738930	18000.0	0	500.0	1.8	1252.7	36.0	1290.5
2738919	15000.0	0	500.0	1.5	1290.5	30.0	1322.0
7381133	25000.0	0	500.0	2.5	1322.0	50.0	1374.5
2738741	14000.0	0	500.0	1.4	1374.5	28.0	1403.9
2738644	21000.0	0	500.0	2.1	1403.9	42.0	1448.0
7381179	14000.0	0	500.0	1.4	1448.0	28.0	1477.4
7381172	20000.0	0	500.0	2.0	1477.4	40.0	1519.4
7380631	16000.0	0	500.0	1.6	1519.4	32.0	1553.0
2738589	8000.0	0	500.0	0.8	1553.0	16.0	1569.8
2738532	15000.0	0	500.0	1.5	1569.8	30.0	1601.3
7380875	27000.0	0	500.0	2.7	1601.3	54.0	1658.0
7380876	22000.0	0	500.0	2.2	1658.0	44.0	1704.2
7380595	8000.0	0	500.0	0.8	1704.2	16.0	1721.0
7380785	20000.0	0	500.0	2.0	1721.0	40.0	1763.0
7380485	26000.0	0	500.0	2.6	1763.0	52.0	1817.6
7381447	62000.0	0	500.0	6.2	1817.6	124.0	1947.8
7381438	22000.0	0	500.0	2.2	1947.8	44.0	1994.0
7380481	12000.0	0	500.0	1.2	1994.0	24.0	2019.2
7380568	15000.0	0	500.0	1.5	2019.2	30.0	2050.7
7381432	7000.0	10	6000.0	0.7067	11.2801	1.1667	13.1535
7380987	7000.0	11	6000.0	0.7067	0	1.1667	1.8734000000000002
2738824	7000.0	12	6000.0	0.7	13.4	1.1667	15.2667
2738794	7000.0	13	8000.0	0.7	0	0.875	1.575
7380622	7000.0	13	8000.0	0.7	1.575	0.875	3.15
2739068	17000.0	14	12000.0	1.7	58.9498	1.4167	62.066500000000005
2739064	24000.0	14	12000.0	2.4	62.0665	2.0	66.4665
7381238	15000.0	14	12000.0	1.5	66.4665	1.25	69.2165
2738965	16000.0	14	12000.0	1.6	69.2165	1.3333	72.14979999999998
7381107	24000.0	14	12000.0	2.4	72.1498	2.0	76.5498
2738968	10000.0	14	12000.0	1.0	76.5498	0.8333	78.3831
2738970	15000.0	14	12000.0	1.5	78.3831	1.25	81.1331
2739079	14000.0	14	12000.0	1.4	81.1331	1.1667	83.69980000000001
2739029	13000.0	14	12000.0	1.3	83.6998	1.0833	86.08309999999999
7381239	16000.0	14	12000.0	1.6	86.0831	1.3333	89.01639999999999
2739022	8000.0	14	12000.0	0.8	89.0164	0.6667	90.48310000000001
2739018	30000.0	14	12000.0	3.0	90.4831	2.5	95.9831
2739021	21000.0	14	12000.0	2.1	95.9831	1.75	99.83309999999999
2739038	21000.0	14	12000.0	2.1	99.8331	1.75	103.6831
2739035	16000.0	14	12000.0	1.6	103.6831	1.3333	106.61639999999998
2738412	16000.0	14	12000.0	1.6	106.6164	1.3333	109.54969999999999
7381534	20000.0	14	12000.0	2.0	109.5497	1.6667	113.21640000000001
7381533	18000.0	14	12000.0	1.8	113.2164	1.5	116.51639999999999
7381029	17000.0	14	12000.0	1.7	116.5164	1.4167	119.63310000000001
2738460	24000.0	14	12000.0	2.4	119.6331	2.0	124.0331
7381528	24000.0	14	12000.0	2.4	124.0331	2.0	128.43310000000002
2738466	31000.0	14	12000.0	3.1	128.4331	2.5833	134.1164
7381009	24000.0	14	12000.0	2.4	134.1164	2.0	138.5164
7381477	16000.0	14	12000.0	1.6	138.5164	1.3333	141.4497
7381473	8000.0	14	12000.0	0.8	141.4497	0.6667	142.9164
7380960	18000.0	14	12000.0	1.8	142.9164	1.5	146.21640000000002
7381277	22000.0	14	12000.0	2.2	146.2164	1.8333	150.2497
7381279	18000.0	14	12000.0	1.8	150.2497	1.5	153.5497
7381494	14000.0	14	12000.0	1.4	153.5497	1.1667	156.1164
2738413	21000.0	14	12000.0	2.1	156.1164	1.75	159.9664
7381630	17000.0	14	12000.0	1.7	159.9664	1.4167	163.08309999999997
2738417	17000.0	14	12000.0	1.7	163.0831	1.4167	166.19979999999998
7381623	24000.0	14	12000.0	2.4	166.1998	2.0	170.59980000000002
2738422	15000.0	14	12000.0	1.5	170.5998	1.25	173.3498
7381628	15000.0	14	12000.0	1.5	173.3498	1.25	176.0998
7381062	17000.0	14	12000.0	1.7	176.0998	1.4167	179.21649999999997
7381648	18000.0	14	12000.0	1.8	179.2165	1.5	182.5165
7381043	8000.0	14	12000.0	0.8	182.5165	0.6667	183.9832
2738447	15000.0	14	12000.0	1.5	183.9832	1.25	186.7332
7381572	17000.0	14	12000.0	1.7	186.7332	1.4167	189.8499
7381595	20000.0	14	12000.0	2.0	189.8499	1.6667	193.51659999999998
7381611	22000.0	14	12000.0	2.2	193.5166	1.8333	197.5499
2738430	14000.0	14	12000.0	1.4	197.5499	1.1667	200.1166
2738441	44000.0	14	12000.0	4.4	200.1166	3.6667	208.1833
2738675	25000.0	14	12000.0	2.5	208.1833	2.0833	212.7666
2738500	16000.0	14	12000.0	1.6	212.7666	1.3333	215.6999
2738506	25000.0	14	12000.0	2.5	215.6999	2.0833	220.28320000000002
2738858	17000.0	14	12000.0	1.7	220.2832	1.4167	223.39989999999997
2738857	19000.0	14	12000.0	1.9	223.3999	1.5833	226.88320000000002
2738856	17000.0	14	12000.0	1.7	226.8832	1.4167	229.99989999999997
2738848	8000.0	14	12000.0	0.8	229.9999	0.6667	231.4666
2738845	15000.0	14	12000.0	1.5	231.4666	1.25	234.2166
7381156	14000.0	14	12000.0	1.4	234.2166	1.1667	236.7833
2738871	16000.0	14	12000.0	1.6	236.7833	1.3333	239.7166
2738866	14000.0	14	12000.0	1.4	239.7166	1.1667	242.2833
2738875	15000.0	14	12000.0	1.5	242.2833	1.25	245.0333
2738372	18000.0	14	12000.0	1.8	245.0333	1.5	248.3333
2738382	21000.0	14	12000.0	2.1	248.3333	1.75	252.1833
2738387	14000.0	14	12000.0	1.4	252.1833	1.1667	254.75
2738962	8000.0	14	12000.0	0.8	254.75	0.6667	256.2167
2738342	8000.0	14	12000.0	0.8	256.2167	0.6667	257.6834
2738396	22000.0	14	12000.0	2.2	257.6834	1.8333	261.7167
2738912	24000.0	14	12000.0	2.4	261.7167	2.0	266.1167
7381141	44000.0	14	12000.0	4.4	266.1167	3.6667	274.18339999999995
2738953	20000.0	14	12000.0	2.0	274.1834	1.6667	277.8501
2738402	22000.0	14	12000.0	2.2	277.8501	1.8333	281.8834
7381159	20000.0	14	12000.0	2.0	281.8834	1.6667	285.5501
2738716	23000.0	14	12000.0	2.3	285.5501	1.9167	289.7668
2738695	11000.0	14	12000.0	1.1	289.7668	0.9167	291.7835
2738747	14000.0	14	12000.0	1.4	291.7835	1.1667	294.3502
2738734	22000.0	14	12000.0	2.2	294.3502	1.8333	298.38349999999997
2738642	16000.0	14	12000.0	1.6	298.3835	1.3333	301.31680000000006
2738641	15000.0	14	12000.0	1.5	301.3168	1.25	304.0668
2738640	16000.0	14	12000.0	1.6	304.0668	1.3333	307.00010000000003
2738684	17000.0	14	12000.0	1.7	307.0001	1.4167	310.11679999999996
2738673	16000.0	14	12000.0	1.6	310.1168	1.3333	313.05010000000004
2738667	19000.0	14	12000.0	1.9	313.0501	1.5833	316.5334
2738665	15000.0	14	12000.0	1.5	316.5334	1.25	319.2834
2738655	16000.0	14	12000.0	1.6	319.2834	1.3333	322.2167
2738757	15000.0	14	12000.0	1.5	322.2167	1.25	324.9667
7381177	15000.0	14	12000.0	1.5	324.9667	1.25	327.7167
7381193	26000.0	14	12000.0	2.6	327.7167	2.1667	332.4834
2738834	20000.0	14	12000.0	2.0	332.4834	1.6667	336.1501
2738827	16000.0	14	12000.0	1.6	336.1501	1.3333	339.08340000000004
2738826	15000.0	14	12000.0	1.5	339.0834	1.25	341.8334
2738821	19000.0	14	12000.0	1.9	341.8334	1.5833	345.31669999999997
2738769	24000.0	14	12000.0	2.4	345.3167	2.0	349.7167
7381115	21000.0	14	12000.0	2.1	349.7167	1.75	353.5667
7381200	22000.0	14	12000.0	2.2	353.5667	1.8333	357.6
7381212	25000.0	14	12000.0	2.5	357.6	2.0833	362.18330000000003
2738531	15000.0	14	12000.0	1.5	362.1833	1.25	364.9333
7380948	20000.0	14	12000.0	2.0	364.9333	1.6667	368.59999999999997
7380623	31000.0	14	12000.0	3.1	368.6	2.5833	374.28330000000005
7380866	24000.0	14	12000.0	2.4	374.2833	2.0	378.6833
7380660	22000.0	14	12000.0	2.2	378.6833	1.8333	382.71659999999997
7380837	22000.0	14	12000.0	2.2	382.7166	1.8333	386.7499
7381336	18000.0	14	12000.0	1.8	386.7499	1.5	390.04990000000004
2738527	15000.0	14	12000.0	1.5	390.0499	1.25	392.7999
7380649	15000.0	14	12000.0	1.5	392.7999	1.25	395.5499
7380640	25000.0	14	12000.0	2.5	395.5499	2.0833	400.1332
7380853	12000.0	14	12000.0	1.2	400.1332	1.0	402.3332
7380638	22000.0	14	12000.0	2.2	402.3332	1.8333	406.3665
2738533	39000.0	14	12000.0	3.9	406.3665	3.25	413.51649999999995
7380891	18000.0	14	12000.0	1.8	413.5165	1.5	416.8165
7380576	22000.0	14	12000.0	2.2	416.8165	1.8333	420.8498
7380574	16000.0	14	12000.0	1.6	420.8498	1.3333	423.78310000000005
7380612	24000.0	14	12000.0	2.4	423.7831	2.0	428.18309999999997
7380610	15000.0	14	12000.0	1.5	428.1831	1.25	430.9331
7380598	22000.0	14	12000.0	2.2	430.9331	1.8333	434.9664
7380879	12000.0	14	12000.0	1.2	434.9664	1.0	437.1664
7380569	14000.0	14	12000.0	1.4	437.1664	1.1667	439.7331
7380778	22000.0	14	12000.0	2.2	439.7331	1.8333	443.7664
7380781	22000.0	14	12000.0	2.2	443.7664	1.8333	447.7997
7380726	12000.0	14	12000.0	1.2	447.7997	1.0	449.99969999999996
7380744	18000.0	14	12000.0	1.8	449.9997	1.5	453.29970000000003
7380762	17000.0	14	12000.0	1.7	453.2997	1.4167	456.41639999999995
7381390	58000.0	14	12000.0	5.8	456.4164	4.8333	467.04970000000003
7380741	15000.0	14	12000.0	1.5	467.0497	1.25	469.7997
7381455	15000.0	14	12000.0	1.5	469.7997	1.25	472.5497
7380787	15000.0	14	12000.0	1.5	472.5497	1.25	475.2997
2738522	23000.0	14	12000.0	2.3	475.2997	1.9167	479.5164
7380833	16000.0	14	12000.0	1.6	479.5164	1.3333	482.4497
7380800	14000.0	14	12000.0	1.4	482.4497	1.1667	485.0164
7380801	25000.0	14	12000.0	2.5	485.0164	2.0833	489.5997
7381380	16000.0	14	12000.0	1.6	489.5997	1.3333	492.533
7380896	16000.0	14	12000.0	1.6	492.533	1.3333	495.46630000000005
7380489	26000.0	14	12000.0	2.6	495.4663	2.1667	500.233
7381362	26000.0	14	12000.0	2.6	500.233	2.1667	504.9997
2738545	17000.0	14	12000.0	1.7	504.9997	1.4167	508.1164
7380922	15000.0	14	12000.0	1.5	508.1164	1.25	510.8664
7380529	23000.0	14	12000.0	2.3	510.8664	1.9167	515.0831
7381361	54000.0	14	12000.0	5.4	515.0831	4.5	524.9830999999999
7380537	14000.0	14	12000.0	1.4	524.9831	1.1667	527.5498
7380930	18000.0	14	12000.0	1.8	527.5498	1.5	530.8498
7380504	14000.0	14	12000.0	1.4	530.8498	1.1667	533.4164999999999
7380495	18000.0	14	12000.0	1.8	533.4165	1.5	536.7165
7380929	24000.0	14	12000.0	2.4	536.7165	2.0	541.1165
7380900	14000.0	14	12000.0	1.4	541.1165	1.1667	543.6831999999999
7380479	14000.0	14	12000.0	1.4	543.6832	1.1667	546.2499
7381358	15000.0	14	12000.0	1.5	546.2499	1.25	548.9999
7380544	20000.0	14	12000.0	2.0	548.9999	1.6667	552.6666
2739075	15000.0	15	16000.0	1.5	56.2	0.9375	58.6375
2739062	20000.0	15	16000.0	2.0	58.6375	1.25	61.8875
2739070	16000.0	15	16000.0	1.6	61.8875	1.0	64.48750000000001
7381240	24000.0	15	16000.0	2.4	64.4875	1.5	68.3875
2738974	17000.0	15	16000.0	1.7	68.3875	1.0625	71.15
2738998	15000.0	15	16000.0	1.5	71.15	0.9375	73.5875
2739027	14000.0	15	16000.0	1.4	73.5875	0.875	75.86250000000001
2739020	8000.0	15	16000.0	0.8	75.8625	0.5	77.1625
2739008	13000.0	15	16000.0	1.3	77.1625	0.8125	79.27499999999999
2738994	15000.0	15	16000.0	1.5	79.275	0.9375	81.7125
2739054	16000.0	15	16000.0	1.6	81.7125	1.0	84.3125
2739052	16000.0	15	16000.0	1.6	84.3125	1.0	86.9125
2738987	15000.0	15	16000.0	1.5	86.9125	0.9375	89.35
7381095	14000.0	15	16000.0	1.4	89.35	0.875	91.625
7381088	24000.0	15	16000.0	2.4	91.625	1.5	95.525
2738467	15000.0	15	16000.0	1.5	95.525	0.9375	97.9625
7381547	16000.0	15	16000.0	1.6	97.9625	1.0	100.5625
2738470	19000.0	15	16000.0	1.9	100.5625	1.1875	103.65
7381025	16000.0	15	16000.0	1.6	103.65	1.0	106.25
7381257	22000.0	15	16000.0	2.2	106.25	1.375	109.825
7381560	14000.0	15	16000.0	1.4	109.825	0.875	112.10000000000001
7381033	24000.0	15	16000.0	2.4	112.1	1.5	116.0
7381554	17000.0	15	16000.0	1.7	116.0	1.0625	118.7625
7381524	18000.0	15	16000.0	1.8	118.7625	1.125	121.6875
2738580	8000.0	15	16000.0	0.8	121.6875	0.5	122.9875
7380953	17000.0	15	16000.0	1.7	122.9875	1.0625	125.75
7381568	24000.0	15	16000.0	2.4	125.75	1.5	129.65
7381500	30000.0	15	16000.0	3.0	129.65	1.875	134.525
7381571	9000.0	15	16000.0	0.9	134.525	0.5625	135.9875
7381056	17000.0	15	16000.0	1.7	135.9875	1.0625	138.75
7381052	8000.0	15	16000.0	0.8	138.75	0.5	140.05
2738418	8000.0	15	16000.0	0.8	140.05	0.5	141.35000000000002
2738421	17000.0	15	16000.0	1.7	141.35	1.0625	144.11249999999998
7381622	12000.0	15	16000.0	1.2	144.1125	0.75	146.0625
2738425	8000.0	15	16000.0	0.8	146.0625	0.5	147.3625
7381063	15000.0	15	16000.0	1.5	147.3625	0.9375	149.8
7381656	22000.0	15	16000.0	2.2	149.8	1.375	153.375
2738450	14000.0	15	16000.0	1.4	153.375	0.875	155.65
7381612	26000.0	15	16000.0	2.6	155.65	1.625	159.875
2738442	21000.0	15	16000.0	2.1	159.875	1.3125	163.2875
7381610	22000.0	15	16000.0	2.2	163.2875	1.375	166.86249999999998
7381609	18000.0	15	16000.0	1.8	166.8625	1.125	169.78750000000002
2738434	8000.0	15	16000.0	0.8	169.7875	0.5	171.0875
2738435	23000.0	15	16000.0	2.3	171.0875	1.4375	174.82500000000002
2738897	17000.0	15	16000.0	1.7	174.825	1.0625	177.58749999999998
2738890	18000.0	15	16000.0	1.8	177.5875	1.125	180.51250000000002
2738509	15000.0	15	16000.0	1.5	180.5125	0.9375	182.95
2738886	16000.0	15	16000.0	1.6	182.95	1.0	185.54999999999998
2738493	15000.0	15	16000.0	1.5	185.55	0.9375	187.9875
7381124	20000.0	15	16000.0	2.0	187.9875	1.25	191.2375
2738474	23000.0	15	16000.0	2.3	191.2375	1.4375	194.97500000000002
2738478	15000.0	15	16000.0	1.5	194.975	0.9375	197.4125
2738489	19000.0	15	16000.0	1.9	197.4125	1.1875	200.5
2738492	25000.0	15	16000.0	2.5	200.5	1.5625	204.5625
2738860	19000.0	15	16000.0	1.9	204.5625	1.1875	207.65
2738859	21000.0	15	16000.0	2.1	207.65	1.3125	211.0625
2738514	14000.0	15	16000.0	1.4	211.0625	0.875	213.3375
2738868	16000.0	15	16000.0	1.6	213.3375	1.0	215.9375
2738865	23000.0	15	16000.0	2.3	215.9375	1.4375	219.675
7381125	21000.0	15	16000.0	2.1	219.675	1.3125	223.0875
2738373	14000.0	15	16000.0	1.4	223.0875	0.875	225.3625
2738374	15000.0	15	16000.0	1.5	225.3625	0.9375	227.8
7381136	29000.0	15	16000.0	2.9	227.8	1.8125	232.51250000000002
2738378	14000.0	15	16000.0	1.4	232.5125	0.875	234.7875
2738384	17000.0	15	16000.0	1.7	234.7875	1.0625	237.54999999999998
2738386	9000.0	15	16000.0	0.9	237.55	0.5625	239.01250000000002
2738393	20000.0	15	16000.0	2.0	239.0125	1.25	242.2625
2738963	16000.0	15	16000.0	1.6	242.2625	1.0	244.86249999999998
2738395	15000.0	15	16000.0	1.5	244.8625	0.9375	247.3
2738932	16000.0	15	16000.0	1.6	247.3	1.0	249.9
2738935	14000.0	15	16000.0	1.4	249.9	0.875	252.175
2738401	17000.0	15	16000.0	1.7	252.175	1.0625	254.9375
2738404	17000.0	15	16000.0	1.7	254.9375	1.0625	257.7
2738948	17000.0	15	16000.0	1.7	257.7	1.0625	260.4625
7381236	26000.0	15	16000.0	2.6	260.4625	1.625	264.6875
2738711	14000.0	15	16000.0	1.4	264.6875	0.875	266.9625
2738705	20000.0	15	16000.0	2.0	266.9625	1.25	270.2125
2738700	16000.0	15	16000.0	1.6	270.2125	1.0	272.8125
2738753	10000.0	15	16000.0	1.0	272.8125	0.625	274.4375
2738750	17000.0	15	16000.0	1.7	274.4375	1.0625	277.2
2738688	16000.0	15	16000.0	1.6	277.2	1.0	279.8
2738646	22000.0	15	16000.0	2.2	279.8	1.375	283.375
2738643	14000.0	15	16000.0	1.4	283.375	0.875	285.65
2738636	23000.0	15	16000.0	2.3	285.65	1.4375	289.3875
2738631	22000.0	15	16000.0	2.2	289.3875	1.375	292.9625
2738674	14000.0	15	16000.0	1.4	292.9625	0.875	295.23749999999995
2738668	15000.0	15	16000.0	1.5	295.2375	0.9375	297.675
2738660	17000.0	15	16000.0	1.7	297.675	1.0625	300.4375
2738657	16000.0	15	16000.0	1.6	300.4375	1.0	303.0375
2738623	23000.0	15	16000.0	2.3	303.0375	1.4375	306.77500000000003
7381178	19000.0	15	16000.0	1.9	306.775	1.1875	309.86249999999995
2738806	45000.0	15	16000.0	4.5	309.8625	2.8125	317.175
2738799	22000.0	15	16000.0	2.2	317.175	1.375	320.75
2738832	16000.0	15	16000.0	1.6	320.75	1.0	323.35
2738762	20000.0	15	16000.0	2.0	323.35	1.25	326.6
2738761	16000.0	15	16000.0	1.6	326.6	1.0	329.20000000000005
2738791	21000.0	15	16000.0	2.1	329.2	1.3125	332.6125
2738787	20000.0	15	16000.0	2.0	332.6125	1.25	335.8625
2738779	8000.0	15	16000.0	0.8	335.8625	0.5	337.1625
2738579	17000.0	15	16000.0	1.7	337.1625	1.0625	339.925
2738557	8000.0	15	16000.0	0.8	339.925	0.5	341.225
7381460	16000.0	15	16000.0	1.6	341.225	1.0	343.82500000000005
7380620	22000.0	15	16000.0	2.2	343.825	1.375	347.4
2738528	23000.0	15	16000.0	2.3	347.4	1.4375	351.1375
7380888	26000.0	15	16000.0	2.6	351.1375	1.625	355.3625
7381413	12000.0	15	16000.0	1.2	355.3625	0.75	357.3125
2738535	14000.0	15	16000.0	1.4	357.3125	0.875	359.5875
7380596	15000.0	15	16000.0	1.5	359.5875	0.9375	362.025
2738587	15000.0	15	16000.0	1.5	362.025	0.9375	364.4625
2738602	11000.0	15	16000.0	1.1	364.4625	0.6875	366.25
2738534	16000.0	15	16000.0	1.6	366.25	1.0	368.85
2738523	20000.0	15	16000.0	2.0	368.85	1.25	372.1
7380779	22000.0	15	16000.0	2.2	372.1	1.375	375.675
7381312	17000.0	15	16000.0	1.7	375.675	1.0625	378.4375
7380780	19000.0	15	16000.0	1.9	378.4375	1.1875	381.525
7380730	16000.0	15	16000.0	1.6	381.525	1.0	384.125
2738564	16000.0	15	16000.0	1.6	384.125	1.0	386.725
7380782	18000.0	15	16000.0	1.8	386.725	1.125	389.65000000000003
7380786	20000.0	15	16000.0	2.0	389.65	1.25	392.9
7380774	16000.0	15	16000.0	1.6	392.9	1.0	395.5
7380767	22000.0	15	16000.0	2.2	395.5	1.375	399.075
2738593	11000.0	15	16000.0	1.1	399.075	0.6875	400.8625
2738566	16000.0	15	16000.0	1.6	400.8625	1.0	403.46250000000003
2738567	16000.0	15	16000.0	1.6	403.4625	1.0	406.0625
7380820	12000.0	15	16000.0	1.2	406.0625	0.75	408.0125
7381452	14000.0	15	16000.0	1.4	408.0125	0.875	410.28749999999997
7380825	24000.0	15	16000.0	2.4	410.2875	1.5	414.1875
7380826	17000.0	15	16000.0	1.7	414.1875	1.0625	416.95
7380830	22000.0	15	16000.0	2.2	416.95	1.375	420.525
7381308	19000.0	15	16000.0	1.9	420.525	1.1875	423.61249999999995
7380807	26000.0	15	16000.0	2.6	423.6125	1.625	427.83750000000003
7381392	15000.0	15	16000.0	1.5	427.8375	0.9375	430.275
7381449	18000.0	15	16000.0	1.8	430.275	1.125	433.2
7380936	57000.0	15	16000.0	5.7	433.2	3.5625	442.4625
7380912	15000.0	15	16000.0	1.5	442.4625	0.9375	444.9
2738618	15000.0	15	16000.0	1.5	444.9	0.9375	447.3375
2738608	18000.0	15	16000.0	1.8	447.3375	1.125	450.2625
7381441	16000.0	15	16000.0	1.6	450.2625	1.0	452.8625
7381469	22000.0	15	16000.0	2.2	452.8625	1.375	456.4375
7381355	14000.0	15	16000.0	1.4	456.4375	0.875	458.7125
7381443	15000.0	15	16000.0	1.5	458.7125	0.9375	461.15
7381444	14000.0	15	16000.0	1.4	461.15	0.875	463.42499999999995
7381344	22000.0	15	16000.0	2.2	463.425	1.375	467.0
2738540	17000.0	15	16000.0	1.7	467.0	1.0625	469.7625
7381365	14000.0	15	16000.0	1.4	469.7625	0.875	472.03749999999997
7380927	8000.0	15	16000.0	0.8	472.0375	0.5	473.33750000000003
7381439	52000.0	15	16000.0	5.2	473.3375	3.25	481.78749999999997
7380478	24000.0	15	16000.0	2.4	481.7875	1.5	485.6875
2738553	14000.0	15	16000.0	1.4	485.6875	0.875	487.9625
7380907	22000.0	15	16000.0	2.2	487.9625	1.375	491.53749999999997
2739074	8000.0	16	18000.0	0.8058	46.6756	0.4444	47.9258
2739072	21000.0	16	18000.0	2.1058	47.9258	1.1667	51.1983
2739063	16000.0	16	18000.0	1.6058	51.1983	0.8889	53.693000000000005
2738410	15000.0	16	18000.0	1.5058	53.693	0.8333	56.0321
7381067	24000.0	16	18000.0	2.4058	56.0321	1.3333	59.7712
2738978	18000.0	16	18000.0	1.8058	59.7712	1.0	62.577
7381074	8000.0	16	18000.0	0.8058	62.577	0.4444	63.8272
2738976	8000.0	16	18000.0	0.8058	63.8272	0.4444	65.0774
2739026	23000.0	16	18000.0	2.3058	65.0774	1.2778	68.661
2739003	15000.0	16	18000.0	1.5058	68.661	0.8333	71.00009999999999
2739006	16000.0	16	18000.0	1.6058	71.0001	0.8889	73.49480000000001
2739007	11000.0	16	18000.0	1.1058	73.4948	0.6111	75.2117
2739010	14000.0	16	18000.0	1.4058	75.2117	0.7778	77.39529999999999
2738995	28000.0	16	18000.0	2.8058	77.3953	1.5556	81.75670000000001
2739056	23000.0	16	18000.0	2.3058	81.7567	1.2778	85.3403
2739040	26000.0	16	18000.0	2.6058	85.3403	1.4444	89.3905
2738989	38000.0	16	18000.0	3.8058	89.3905	2.1111	95.3074
2738991	9000.0	16	18000.0	0.9058	95.3074	0.5	96.7132
2739034	16000.0	16	18000.0	1.6058	96.7132	0.8889	99.20790000000001
7381096	14000.0	16	18000.0	1.4058	99.2079	0.7778	101.3915
2738437	23000.0	16	18000.0	2.3058	101.3915	1.2778	104.9751
7381019	14000.0	16	18000.0	1.4058	104.9751	0.7778	107.1587
7381545	24000.0	16	18000.0	2.4058	107.1587	1.3333	110.89779999999999
7381539	16000.0	16	18000.0	1.6058	110.8978	0.8889	113.39250000000001
7381010	15000.0	16	18000.0	1.5058	113.3925	0.8333	115.73159999999999
2738459	21000.0	16	18000.0	2.1058	115.7316	1.1667	119.00410000000001
7381258	16000.0	16	18000.0	1.6058	119.0041	0.8889	121.4988
7381264	12000.0	16	18000.0	1.2058	121.4988	0.6667	123.3713
7381260	30000.0	16	18000.0	3.0058	123.3713	1.6667	128.0438
7380990	15000.0	16	18000.0	1.5058	128.0438	0.8333	130.3829
7380966	16000.0	16	18000.0	1.6058	130.3829	0.8889	132.8776
7380973	22000.0	16	18000.0	2.2058	132.8776	1.2222	136.3056
7380997	15000.0	16	18000.0	1.5058	136.3056	0.8333	138.6447
7381508	52000.0	16	18000.0	5.2058	138.6447	2.8889	146.73940000000002
7381484	17000.0	16	18000.0	1.7058	146.7394	0.9444	149.3896
7381491	24000.0	16	18000.0	2.4058	149.3896	1.3333	153.1287
7381490	14000.0	16	18000.0	1.4058	153.1287	0.7778	155.31230000000002
7381488	16000.0	16	18000.0	1.6058	155.3123	0.8889	157.807
7381487	16000.0	16	18000.0	1.6058	157.807	0.8889	160.30169999999998
7381035	14000.0	16	18000.0	1.4058	160.3017	0.7778	162.48530000000002
7381640	24000.0	16	18000.0	2.4058	162.4853	1.3333	166.2244
7381245	18000.0	16	18000.0	1.8058	166.2244	1.0	169.0302
7381644	58000.0	16	18000.0	5.8058	169.0302	3.2222	178.0582
7381666	60000.0	16	18000.0	6.0058	178.0582	3.3333	187.3973
7381658	26000.0	16	18000.0	2.6058	187.3973	1.4444	191.4475
2738445	15000.0	16	18000.0	1.5058	191.4475	0.8333	193.7866
7381589	22000.0	16	18000.0	2.2058	193.7866	1.2222	197.2146
7381577	16000.0	16	18000.0	1.6058	197.2146	0.8889	199.70929999999998
2738436	14000.0	16	18000.0	1.4058	199.7093	0.7778	201.89290000000003
2738622	8000.0	16	18000.0	0.8058	201.8929	0.4444	203.1431
2738510	18000.0	16	18000.0	1.8058	203.1431	1.0	205.9489
2738512	15000.0	16	18000.0	1.5058	205.9489	0.8333	208.288
2738494	24000.0	16	18000.0	2.4058	208.288	1.3333	212.02710000000002
2738487	14000.0	16	18000.0	1.4058	212.0271	0.7778	214.2107
2738481	17000.0	16	18000.0	1.7058	214.2107	0.9444	216.86090000000002
2738884	11000.0	16	18000.0	1.1058	216.8609	0.6111	218.57779999999997
2738854	24000.0	16	18000.0	2.4058	218.5778	1.3333	222.3169
2738853	26000.0	16	18000.0	2.6058	222.3169	1.4444	226.3671
2738841	29000.0	16	18000.0	2.9058	226.3671	1.6111	230.884
2738862	21000.0	16	18000.0	2.1058	230.884	1.1667	234.15649999999997
2738881	17000.0	16	18000.0	1.7058	234.1565	0.9444	236.8067
2738870	20000.0	16	18000.0	2.0058	236.8067	1.1111	239.9236
2738910	31000.0	16	18000.0	3.1058	239.9236	1.7222	244.75159999999997
2738379	16000.0	16	18000.0	1.6058	244.7516	0.8889	247.2463
2738381	15000.0	16	18000.0	1.5058	247.2463	0.8333	249.5854
2738362	15000.0	16	18000.0	1.5058	249.5854	0.8333	251.9245
2738960	15000.0	16	18000.0	1.5058	251.9245	0.8333	254.2636
2738955	28000.0	16	18000.0	2.8058	254.2636	1.5556	258.625
2738349	15000.0	16	18000.0	1.5058	258.625	0.8333	260.96410000000003
2738359	15000.0	16	18000.0	1.5058	260.9641	0.8333	263.3032
2738361	24000.0	16	18000.0	2.4058	263.3032	1.3333	267.0423
2738931	16000.0	16	18000.0	1.6058	267.0423	0.8889	269.537
2738926	18000.0	16	18000.0	1.8058	269.537	1.0	272.34279999999995
2738911	22000.0	16	18000.0	2.2058	272.3428	1.2222	275.7708
2738937	14000.0	16	18000.0	1.4058	275.7708	0.7778	277.9544
2738399	22000.0	16	18000.0	2.2058	277.9544	1.2222	281.3824
7381142	12000.0	16	18000.0	1.2058	281.3824	0.6667	283.2549
2738947	43000.0	16	18000.0	4.3058	283.2549	2.3889	289.9496
2738943	15000.0	16	18000.0	1.5058	289.9496	0.8333	292.2887
2738942	20000.0	16	18000.0	2.0058	292.2887	1.1111	295.40560000000005
2738837	17000.0	16	18000.0	1.7058	295.4056	0.9444	298.0558
2738717	16000.0	16	18000.0	1.6058	298.0558	0.8889	300.55049999999994
2738703	15000.0	16	18000.0	1.5058	300.5505	0.8333	302.88960000000003
7381230	26000.0	16	18000.0	2.6058	302.8896	1.4444	306.93979999999993
2738739	8000.0	16	18000.0	0.8058	306.9398	0.4444	308.18999999999994
2738732	18000.0	16	18000.0	1.8058	308.19	1.0	310.9958
2738650	22000.0	16	18000.0	2.2058	310.9958	1.2222	314.42379999999997
2738634	19000.0	16	18000.0	1.9058	314.4238	1.0556	317.38520000000005
2738633	10000.0	16	18000.0	1.0058	317.3852	0.5556	318.94660000000005
2738630	14000.0	16	18000.0	1.4058	318.9466	0.7778	321.1302
2738652	24000.0	16	18000.0	2.4058	321.1302	1.3333	324.8693
2738653	17000.0	16	18000.0	1.7058	324.8693	0.9444	327.5195
2738682	15000.0	16	18000.0	1.5058	327.5195	0.8333	329.8586
2738669	15000.0	16	18000.0	1.5058	329.8586	0.8333	332.19770000000005
2738755	16000.0	16	18000.0	1.6058	332.1977	0.8889	334.69239999999996
2738814	8000.0	16	18000.0	0.8058	334.6924	0.4444	335.94259999999997
2738811	14000.0	16	18000.0	1.4058	335.9426	0.7778	338.12620000000004
2738805	15000.0	16	18000.0	1.5058	338.1262	0.8333	340.4653
2738802	10000.0	16	18000.0	1.0058	340.4653	0.5556	342.02670000000006
2738797	20000.0	16	18000.0	2.0058	342.0267	1.1111	345.14360000000005
2738795	22000.0	16	18000.0	2.2058	345.1436	1.2222	348.5716
7381165	24000.0	16	18000.0	2.4058	348.5716	1.3333	352.3107
2738833	22000.0	16	18000.0	2.2058	352.3107	1.2222	355.7387
7381176	14000.0	16	18000.0	1.4058	355.7387	0.7778	357.9223
2738771	23000.0	16	18000.0	2.3058	357.9223	1.2778	361.5059
7381116	17000.0	16	18000.0	1.7058	361.5059	0.9444	364.1561
2738767	19000.0	16	18000.0	1.9058	364.1561	1.0556	367.1175
2738765	21000.0	16	18000.0	2.1058	367.1175	1.1667	370.39
2738763	16000.0	16	18000.0	1.6058	370.39	0.8889	372.88469999999995
7381227	22000.0	16	18000.0	2.2058	372.8847	1.2222	376.3127
2738775	16000.0	16	18000.0	1.6058	376.3127	0.8889	378.8074
7381218	19000.0	16	18000.0	1.9058	378.8074	1.0556	381.7688
2738790	21000.0	16	18000.0	2.1058	381.7688	1.1667	385.0413
2738782	16000.0	16	18000.0	1.6058	385.0413	0.8889	387.53599999999994
7381209	16000.0	16	18000.0	1.6058	387.536	0.8889	390.03069999999997
2738778	20000.0	16	18000.0	2.0058	390.0307	1.1111	393.14760000000007
2738756	15000.0	16	18000.0	1.5058	393.1476	0.8333	395.48670000000004
7381369	22000.0	16	18000.0	2.2058	395.4867	1.2222	398.9147
7381338	15000.0	16	18000.0	1.5058	398.9147	0.8333	401.2538
2738569	15000.0	16	18000.0	1.5058	401.2538	0.8333	403.59290000000004
2738526	15000.0	16	18000.0	1.5058	403.5929	0.8333	405.932
7380852	20000.0	16	18000.0	2.0058	405.932	1.1111	409.04890000000006
7380889	15000.0	16	18000.0	1.5058	409.0489	0.8333	411.38800000000003
7380584	14000.0	16	18000.0	1.4058	411.388	0.7778	413.5716
2738586	17000.0	16	18000.0	1.7058	413.5716	0.9444	416.2218
7381341	17000.0	16	18000.0	1.7058	416.2218	0.9444	418.87199999999996
7380873	22000.0	16	18000.0	2.2058	418.872	1.2222	422.3
7380600	29000.0	16	18000.0	2.9058	422.3	1.6111	426.81690000000003
7381386	8000.0	16	18000.0	0.8058	426.8169	0.4444	428.0670999999999
7381310	28000.0	16	18000.0	2.8058	428.0671	1.5556	432.4285
7380752	8000.0	16	18000.0	0.8058	432.4285	0.4444	433.67869999999994
7380758	14000.0	16	18000.0	1.4058	433.6787	0.7778	435.8623
7381436	22000.0	16	18000.0	2.2058	435.8623	1.2222	439.2903
7381326	27000.0	16	18000.0	2.7058	439.2903	1.5	443.4961
7381393	26000.0	16	18000.0	2.6058	443.4961	1.4444	447.5463
7381387	20000.0	16	18000.0	2.0058	447.5463	1.1111	450.6632
7380768	24000.0	16	18000.0	2.4058	450.6632	1.3333	454.4023
7380681	22000.0	16	18000.0	2.2058	454.4023	1.2222	457.8303
7380679	16000.0	16	18000.0	1.6058	457.8303	0.8889	460.325
7381303	9000.0	16	18000.0	0.9058	460.325	0.5	461.7308
7381401	20000.0	16	18000.0	2.0058	461.7308	1.1111	464.84770000000003
7380668	62000.0	16	18000.0	6.2058	464.8477	3.4444	474.49789999999996
2738563	20000.0	16	18000.0	2.0058	474.4979	1.1111	477.61480000000006
7380814	22000.0	16	18000.0	2.2058	477.6148	1.2222	481.0428
7380686	20000.0	16	18000.0	2.0058	481.0428	1.1111	484.15970000000004
7380711	26000.0	16	18000.0	2.6058	484.1597	1.4444	488.20989999999995
7381306	14000.0	16	18000.0	1.4058	488.2099	0.7778	490.3935
2738597	15000.0	16	18000.0	1.5058	490.3935	0.8333	492.73260000000005
7380809	8000.0	16	18000.0	0.8058	492.7326	0.4444	493.98279999999994
7380935	22000.0	16	18000.0	2.2058	493.9828	1.2222	497.4108
7380513	15000.0	16	18000.0	1.5058	497.4108	0.8333	499.7499
2738544	24000.0	16	18000.0	2.4058	499.7499	1.3333	503.48900000000003
7381350	24000.0	16	18000.0	2.4058	503.489	1.3333	507.2281
7380486	16000.0	16	18000.0	1.6058	507.2281	0.8889	509.72279999999995
7381427	12000.0	16	18000.0	1.2058	509.7228	0.6667	511.5953
7381348	12000.0	16	18000.0	1.2058	511.5953	0.6667	513.4678
7380503	19000.0	16	18000.0	1.9058	513.4678	1.0556	516.4292
7380921	14000.0	16	18000.0	1.4058	516.4292	0.7778	518.6128
7381461	31000.0	16	18000.0	3.1058	518.6128	1.7222	523.4408000000001
7381353	29000.0	16	18000.0	2.9058	523.4408	1.6111	527.9576999999999
2738549	9000.0	16	18000.0	0.9058	527.9577	0.5	529.3635
7381434	20000.0	16	18000.0	2.0058	529.3635	1.1111	532.4804
7380560	26000.0	16	18000.0	2.6058	532.4804	1.4444	536.5306
7381359	24000.0	16	18000.0	2.4058	536.5306	1.3333	540.2697000000001
7381471	60000.0	16	18000.0	6.0058	540.2697	3.3333	549.6088
7380898	15000.0	16	18000.0	1.5058	549.6088	0.8333	551.9479
7381360	22000.0	16	18000.0	2.2058	551.9479	1.2222	555.3759
2738537	16000.0	16	18000.0	1.6058	555.3759	0.8889	557.8706000000001
2739067	21000.0	17	24000.0	2.1058	29.658	0.875	32.6388
2739011	15000.0	17	24000.0	1.5058	32.6388	0.625	34.769600000000004
2738977	16000.0	17	24000.0	1.6058	34.7696	0.6667	37.0421
7381070	22000.0	17	24000.0	2.2058	37.0421	0.9167	40.1646
7381085	14000.0	17	24000.0	1.4058	40.1646	0.5833	42.1537
2739028	16000.0	17	24000.0	1.6058	42.1537	0.6667	44.4262
2739004	8000.0	17	24000.0	0.8058	44.4262	0.3333	45.5653
2739050	16000.0	17	24000.0	1.6058	45.5653	0.6667	47.8378
2738988	9000.0	17	24000.0	0.9058	47.8378	0.375	49.1186
2739033	25000.0	17	24000.0	2.5058	49.1186	1.0417	52.6661
2739032	20000.0	17	24000.0	2.0058	52.6661	0.8333	55.5052
7381548	16000.0	17	24000.0	1.6058	55.5052	0.6667	57.7777
2738469	28000.0	17	24000.0	2.8058	57.7777	1.1667	61.7502
7381540	22000.0	17	24000.0	2.2058	61.7502	0.9167	64.87270000000001
7381027	16000.0	17	24000.0	1.6058	64.8727	0.6667	67.1452
2738458	24000.0	17	24000.0	2.4058	67.1452	1.0	70.551
7381562	17000.0	17	24000.0	1.7058	70.551	0.7083	72.96509999999999
2738461	15000.0	17	24000.0	1.5058	72.9651	0.625	75.0959
7381552	8000.0	17	24000.0	0.8058	75.0959	0.3333	76.235
7380985	16000.0	17	24000.0	1.6058	76.235	0.6667	78.50750000000001
7380970	20000.0	17	24000.0	2.0058	78.5075	0.8333	81.34659999999998
2738583	23000.0	17	24000.0	2.3058	81.3466	0.9583	84.6107
7381517	24000.0	17	24000.0	2.4058	84.6107	1.0	88.0165
7380998	15000.0	17	24000.0	1.5058	88.0165	0.625	90.14729999999999
2738457	19000.0	17	24000.0	1.9058	90.1473	0.7917	92.8448
7381620	7000.0	17	24000.0	0.7058	92.8448	0.2917	93.84230000000001
7381642	16000.0	17	24000.0	1.6058	93.8423	0.6667	96.1148
7381645	16000.0	17	24000.0	1.6058	96.1148	0.6667	98.38730000000001
7381065	19000.0	17	24000.0	1.9058	98.3873	0.7917	101.0848
7381064	16000.0	17	24000.0	1.6058	101.0848	0.6667	103.35730000000001
7381673	22000.0	17	24000.0	2.2058	103.3573	0.9167	106.4798
7381662	17000.0	17	24000.0	1.7058	106.4798	0.7083	108.89389999999999
2738427	22000.0	17	24000.0	2.2058	108.8939	0.9167	112.0164
2738444	16000.0	17	24000.0	1.6058	112.0164	0.6667	114.28890000000001
2738455	18000.0	17	24000.0	1.8058	114.2889	0.75	116.8447
7381574	15000.0	17	24000.0	1.5058	116.8447	0.625	118.9755
2738428	18000.0	17	24000.0	1.8058	118.9755	0.75	121.5313
2738429	9000.0	17	24000.0	0.9058	121.5313	0.375	122.8121
7381606	24000.0	17	24000.0	2.4058	122.8121	1.0	126.2179
7381046	33000.0	17	24000.0	3.3058	126.2179	1.375	130.8987
7381597	14000.0	17	24000.0	1.4058	130.8987	0.5833	132.8878
7381604	19000.0	17	24000.0	1.9058	132.8878	0.7917	135.5853
2738501	15000.0	17	24000.0	1.5058	135.5853	0.625	137.71609999999998
2738502	21000.0	17	24000.0	2.1058	137.7161	0.875	140.6969
2738497	15000.0	17	24000.0	1.5058	140.6969	0.625	142.8277
7381144	18000.0	17	24000.0	1.8058	142.8277	0.75	145.3835
2738511	17000.0	17	24000.0	1.7058	145.3835	0.7083	147.79760000000002
2738496	14000.0	17	24000.0	1.4058	147.7976	0.5833	149.7867
7381143	13000.0	17	24000.0	1.3058	149.7867	0.5417	151.6342
2738473	23000.0	17	24000.0	2.3058	151.6342	0.9583	154.8983
2738905	24000.0	17	24000.0	2.4058	154.8983	1.0	158.3041
2738899	22000.0	17	24000.0	2.2058	158.3041	0.9167	161.4266
2738908	18000.0	17	24000.0	1.8058	161.4266	0.75	163.9824
7381147	25000.0	17	24000.0	2.5058	163.9824	1.0417	167.5299
2738851	14000.0	17	24000.0	1.4058	167.5299	0.5833	169.519
2738846	17000.0	17	24000.0	1.7058	169.519	0.7083	171.93310000000002
2738843	24000.0	17	24000.0	2.4058	171.9331	1.0	175.3389
2738517	9000.0	17	24000.0	0.9058	175.3389	0.375	176.6197
2738877	29000.0	17	24000.0	2.9058	176.6197	1.2083	180.7338
2738876	15000.0	17	24000.0	1.5058	180.7338	0.625	182.8646
2738368	15000.0	17	24000.0	1.5058	182.8646	0.625	184.9954
2738385	23000.0	17	24000.0	2.3058	184.9954	0.9583	188.2595
2738961	17000.0	17	24000.0	1.7058	188.2595	0.7083	190.67360000000002
2738350	16000.0	17	24000.0	1.6058	190.6736	0.6667	192.94609999999997
2738397	19000.0	17	24000.0	1.9058	192.9461	0.7917	195.6436
2738928	21000.0	17	24000.0	2.1058	195.6436	0.875	198.62439999999998
2738925	16000.0	17	24000.0	1.6058	198.6244	0.6667	200.8969
2738920	18000.0	17	24000.0	1.8058	200.8969	0.75	203.4527
2738918	23000.0	17	24000.0	2.3058	203.4527	0.9583	206.7168
2738916	14000.0	17	24000.0	1.4058	206.7168	0.5833	208.7059
2738915	18000.0	17	24000.0	1.8058	208.7059	0.75	211.26170000000002
2738913	15000.0	17	24000.0	1.5058	211.2617	0.625	213.39249999999998
2738921	23000.0	17	24000.0	2.3058	213.3925	0.9583	216.65660000000003
2738936	25000.0	17	24000.0	2.5058	216.6566	1.0417	220.20409999999998
7381135	12000.0	17	24000.0	1.2058	220.2041	0.5	221.90990000000002
2738950	16000.0	17	24000.0	1.6058	221.9099	0.6667	224.18239999999997
2738941	10000.0	17	24000.0	1.0058	224.1824	0.4167	225.6049
2738839	16000.0	17	24000.0	1.6058	225.6049	0.6667	227.87739999999997
2738838	15000.0	17	24000.0	1.5058	227.8774	0.625	230.0082
7381235	16000.0	17	24000.0	1.6058	230.0082	0.6667	232.28069999999997
2738718	17000.0	17	24000.0	1.7058	232.2807	0.7083	234.69480000000001
2738728	14000.0	17	24000.0	1.4058	234.6948	0.5833	236.6839
2738701	23000.0	17	24000.0	2.3058	236.6839	0.9583	239.948
2738729	15000.0	17	24000.0	1.5058	239.948	0.625	242.0788
2738731	14000.0	17	24000.0	1.4058	242.0788	0.5833	244.0679
2738752	15000.0	17	24000.0	1.5058	244.0679	0.625	246.1987
7381229	22000.0	17	24000.0	2.2058	246.1987	0.9167	249.3212
2738730	8000.0	17	24000.0	0.8058	249.3212	0.3333	250.46030000000002
7381234	26000.0	17	24000.0	2.6058	250.4603	1.0833	254.14939999999999
2738647	19000.0	17	24000.0	1.9058	254.1494	0.7917	256.8469
2738635	28000.0	17	24000.0	2.8058	256.8469	1.1667	260.8194
2738626	9000.0	17	24000.0	0.9058	260.8194	0.375	262.1002
2738625	28000.0	17	24000.0	2.8058	262.1002	1.1667	266.07269999999994
2738654	15000.0	17	24000.0	1.5058	266.0727	0.625	268.2035
2738683	17000.0	17	24000.0	1.7058	268.2035	0.7083	270.61760000000004
2738681	21000.0	17	24000.0	2.1058	270.6176	0.875	273.59839999999997
2738663	21000.0	17	24000.0	2.1058	273.5984	0.875	276.5792
2738754	23000.0	17	24000.0	2.3058	276.5792	0.9583	279.8433
2738818	15000.0	17	24000.0	1.5058	279.8433	0.625	281.9741
7381183	22000.0	17	24000.0	2.2058	281.9741	0.9167	285.0966
2738820	19000.0	17	24000.0	1.9058	285.0966	0.7917	287.7941
7381168	18000.0	17	24000.0	1.8058	287.7941	0.75	290.3499
2738830	22000.0	17	24000.0	2.2058	290.3499	0.9167	293.4724
2738823	16000.0	17	24000.0	1.6058	293.4724	0.6667	295.7449
7381174	22000.0	17	24000.0	2.2058	295.7449	0.9167	298.8674
7381170	17000.0	17	24000.0	1.7058	298.8674	0.7083	301.2815
7381197	20000.0	17	24000.0	2.0058	301.2815	0.8333	304.1206
2738405	17000.0	17	24000.0	1.7058	304.1206	0.7083	306.53470000000004
2738774	23000.0	17	24000.0	2.3058	306.5347	0.9583	309.79879999999997
2738764	15000.0	17	24000.0	1.5058	309.7988	0.625	311.92960000000005
2738758	19000.0	17	24000.0	1.9058	311.9296	0.7917	314.6271
2738776	38000.0	17	24000.0	3.8058	314.6271	1.5833	320.01619999999997
2738406	14000.0	17	24000.0	1.4058	320.0162	0.5833	322.00530000000003
7381202	18000.0	17	24000.0	1.8058	322.0053	0.75	324.56109999999995
2738783	24000.0	17	24000.0	2.4058	324.5611	1.0	327.9669
7380861	20000.0	17	24000.0	2.0058	327.9669	0.8333	330.80600000000004
7381340	24000.0	17	24000.0	2.4058	330.806	1.0	334.2118
2738601	16000.0	17	24000.0	1.6058	334.2118	0.6667	336.48429999999996
7380855	18000.0	17	24000.0	1.8058	336.4843	0.75	339.0401
2738600	14000.0	17	24000.0	1.4058	339.0401	0.5833	341.0292
7380868	8000.0	17	24000.0	0.8058	341.0292	0.3333	342.1683
2738571	17000.0	17	24000.0	1.7058	342.1683	0.7083	344.5824
7380577	17000.0	17	24000.0	1.7058	344.5824	0.7083	346.9965
7380592	15000.0	17	24000.0	1.5058	346.9965	0.625	349.12730000000005
2738556	17000.0	17	24000.0	1.7058	349.1273	0.7083	351.5414
7380604	16000.0	17	24000.0	1.6058	351.5414	0.6667	353.8139
2738568	25000.0	17	24000.0	2.5058	353.8139	1.0417	357.3614
7381398	24000.0	17	24000.0	2.4058	357.3614	1.0	360.7672
7380773	22000.0	17	24000.0	2.2058	360.7672	0.9167	363.8897
7380772	16000.0	17	24000.0	1.6058	363.8897	0.6667	366.1622
7381288	15000.0	17	24000.0	1.5058	366.1622	0.625	368.293
7380746	15000.0	17	24000.0	1.5058	368.293	0.625	370.4238
7381321	22000.0	17	24000.0	2.2058	370.4238	0.9167	373.54630000000003
7380788	18000.0	17	24000.0	1.8058	373.5463	0.75	376.10209999999995
7380685	24000.0	17	24000.0	2.4058	376.1021	1.0	379.5079
7380819	17000.0	17	24000.0	1.7058	379.5079	0.7083	381.922
7380676	20000.0	17	24000.0	2.0058	381.922	0.8333	384.76110000000006
7380671	24000.0	17	24000.0	2.4058	384.7611	1.0	388.1669
2738562	18000.0	17	24000.0	1.8058	388.1669	0.75	390.7227
7381334	8000.0	17	24000.0	0.8058	390.7227	0.3333	391.86179999999996
7380794	18000.0	17	24000.0	1.8058	391.8618	0.75	394.4176
7380703	12000.0	17	24000.0	1.2058	394.4176	0.5	396.1234
7381304	15000.0	17	24000.0	1.5058	396.1234	0.625	398.2542
7381370	16000.0	17	24000.0	1.6058	398.2542	0.6667	400.5267
7380488	20000.0	17	24000.0	2.0058	400.5267	0.8333	403.36580000000004
7380914	24000.0	17	24000.0	2.4058	403.3658	1.0	406.7716
7380934	15000.0	17	24000.0	1.5058	406.7716	0.625	408.9024
2738546	14000.0	17	24000.0	1.4058	408.9024	0.5833	410.8915
7380492	26000.0	17	24000.0	2.6058	410.8915	1.0833	414.5806
7381466	22000.0	17	24000.0	2.2058	414.5806	0.9167	417.7031
2738577	17000.0	17	24000.0	1.7058	417.7031	0.7083	420.1172
2738574	17000.0	17	24000.0	1.7058	420.1172	0.7083	422.53130000000004
2738551	16000.0	17	24000.0	1.6058	422.5313	0.6667	424.80379999999997
2738543	14000.0	17	24000.0	1.4058	424.8038	0.5833	426.79290000000003
7381416	16000.0	17	24000.0	1.6058	426.7929	0.6667	429.06539999999995
7381425	18000.0	17	24000.0	1.8058	429.0654	0.75	431.6212
2738606	32000.0	17	24000.0	3.2058	431.6212	1.3333	436.1603
7380559	18000.0	17	24000.0	1.8058	436.1603	0.75	438.7161
7380901	22000.0	17	24000.0	2.2058	438.7161	0.9167	441.8386
2738981	22000.0	18	30000.0	2.2058	25.9798	0.7333	28.9189
2738980	15000.0	18	30000.0	1.5058	28.9189	0.5	30.9247
2738620	21000.0	18	30000.0	2.1058	30.9247	0.7	33.730500000000006
2738969	22000.0	18	30000.0	2.2058	33.7305	0.7333	36.6696
2738975	15000.0	18	30000.0	1.5058	36.6696	0.5	38.6754
2739080	14000.0	18	30000.0	1.4058	38.6754	0.4667	40.547900000000006
2738979	21000.0	18	30000.0	2.1058	40.5479	0.7	43.3537
2739000	15000.0	18	30000.0	1.5058	43.3537	0.5	45.359500000000004
2739001	21000.0	18	30000.0	2.1058	45.3595	0.7	48.1653
2739025	17000.0	18	30000.0	1.7058	48.1653	0.5667	50.437799999999996
2739019	14000.0	18	30000.0	1.4058	50.4378	0.4667	52.310300000000005
7381092	7000.0	18	30000.0	0.7058	52.3103	0.2333	53.249399999999994
2739013	31000.0	18	30000.0	3.1058	53.2494	1.0333	57.3885
2739042	17000.0	18	30000.0	1.7058	57.3885	0.5667	59.661
7381089	24000.0	18	30000.0	2.4058	59.661	0.8	62.8668
7381242	8000.0	18	30000.0	0.8058	62.8668	0.2667	63.939299999999996
7381021	18000.0	18	30000.0	1.8058	63.9393	0.6	66.3451
7381017	20000.0	18	30000.0	2.0058	66.3451	0.6667	69.0176
7381566	14000.0	18	30000.0	1.4058	69.0176	0.4667	70.8901
2738463	21000.0	18	30000.0	2.1058	70.8901	0.7	73.69590000000001
7381520	14000.0	18	30000.0	1.4058	73.6959	0.4667	75.5684
7380978	19000.0	18	30000.0	1.9058	75.5684	0.6333	78.1075
7380958	22000.0	18	30000.0	2.2058	78.1075	0.7333	81.0466
7381509	14000.0	18	30000.0	1.4058	81.0466	0.4667	82.9191
7381003	18000.0	18	30000.0	1.8058	82.9191	0.6	85.3249
7381503	15000.0	18	30000.0	1.5058	85.3249	0.5	87.3307
7381281	15000.0	18	30000.0	1.5058	87.3307	0.5	89.33649999999999
7381638	21000.0	18	30000.0	2.1058	89.3365	0.7	92.1423
7381626	46000.0	18	30000.0	4.6058	92.1423	1.5333	98.2814
7381617	15000.0	18	30000.0	1.5058	98.2814	0.5	100.2872
7381657	18000.0	18	30000.0	1.8058	100.2872	0.6	102.693
7381654	28000.0	18	30000.0	2.8058	102.693	0.9333	106.4321
7381653	16000.0	18	30000.0	1.6058	106.4321	0.5333	108.5712
7381650	9000.0	18	30000.0	0.9058	108.5712	0.3	109.777
7381590	20000.0	18	30000.0	2.0058	109.777	0.6667	112.4495
7381580	42000.0	18	30000.0	4.2058	112.4495	1.4	118.0553
2738453	15000.0	18	30000.0	1.5058	118.0553	0.5	120.0611
2738454	7000.0	18	30000.0	0.7058	120.0611	0.2333	121.00019999999999
2738456	19000.0	18	30000.0	1.9058	121.0002	0.6333	123.53930000000001
2738432	14000.0	18	30000.0	1.4058	123.5393	0.4667	125.4118
7381603	16000.0	18	30000.0	1.6058	125.4118	0.5333	127.5509
2738439	20000.0	18	30000.0	2.0058	127.5509	0.6667	130.2234
2738624	17000.0	18	30000.0	1.7058	130.2234	0.5667	132.4959
2738504	15000.0	18	30000.0	1.5058	132.4959	0.5	134.5017
2738898	8000.0	18	30000.0	0.8058	134.5017	0.2667	135.5742
2738895	15000.0	18	30000.0	1.5058	135.5742	0.5	137.57999999999998
2738507	18000.0	18	30000.0	1.8058	137.58	0.6	139.9858
2738887	19000.0	18	30000.0	1.9058	139.9858	0.6333	142.5249
2738907	24000.0	18	30000.0	2.4058	142.5249	0.8	145.7307
2738904	22000.0	18	30000.0	2.2058	145.7307	0.7333	148.66980000000004
2738483	14000.0	18	30000.0	1.4058	148.6698	0.4667	150.5423
2738484	24000.0	18	30000.0	2.4058	150.5423	0.8	153.74810000000002
2738488	18000.0	18	30000.0	1.8058	153.7481	0.6	156.1539
2738861	27000.0	18	30000.0	2.7058	156.1539	0.9	159.7597
2738847	22000.0	18	30000.0	2.2058	159.7597	0.7333	162.69880000000003
2738842	18000.0	18	30000.0	1.8058	162.6988	0.6	165.1046
2738840	14000.0	18	30000.0	1.4058	165.1046	0.4667	166.9771
2738885	18000.0	18	30000.0	1.8058	166.9771	0.6	169.3829
2738519	22000.0	18	30000.0	2.2058	169.3829	0.7333	172.32200000000003
2738874	21000.0	18	30000.0	2.1058	172.322	0.7	175.12779999999998
2738873	16000.0	18	30000.0	1.6058	175.1278	0.5333	177.2669
2738872	15000.0	18	30000.0	1.5058	177.2669	0.5	179.2727
7381126	14000.0	18	30000.0	1.4058	179.2727	0.4667	181.1452
2738370	17000.0	18	30000.0	1.7058	181.1452	0.5667	183.4177
2738375	22000.0	18	30000.0	2.2058	183.4177	0.7333	186.35680000000002
2738367	23000.0	18	30000.0	2.3058	186.3568	0.7667	189.42929999999998
2738383	29000.0	18	30000.0	2.9058	189.4293	0.9667	193.30180000000001
2738388	23000.0	18	30000.0	2.3058	193.3018	0.7667	196.37429999999998
2738363	9000.0	18	30000.0	0.9058	196.3743	0.3	197.58010000000002
2738344	10000.0	18	30000.0	1.0058	197.5801	0.3333	198.9192
2738351	30000.0	18	30000.0	3.0058	198.9192	1.0	202.92499999999998
2738352	15000.0	18	30000.0	1.5058	202.925	0.5	204.9308
2738360	15000.0	18	30000.0	1.5058	204.9308	0.5	206.9366
2738345	15000.0	18	30000.0	1.5058	206.9366	0.5	208.9424
2738929	17000.0	18	30000.0	1.7058	208.9424	0.5667	211.2149
2738922	18000.0	18	30000.0	1.8058	211.2149	0.6	213.6207
2738952	16000.0	18	30000.0	1.6058	213.6207	0.5333	215.75979999999998
2738403	16000.0	18	30000.0	1.6058	215.7598	0.5333	217.8989
2738949	20000.0	18	30000.0	2.0058	217.8989	0.6667	220.57139999999998
2738709	15000.0	18	30000.0	1.5058	220.5714	0.5	222.5772
2738699	21000.0	18	30000.0	2.1058	222.5772	0.7	225.38299999999998
2738693	16000.0	18	30000.0	1.6058	225.383	0.5333	227.5221
2738692	23000.0	18	30000.0	2.3058	227.5221	0.7667	230.59459999999999
2738689	22000.0	18	30000.0	2.2058	230.5946	0.7333	233.53370000000004
2738749	17000.0	18	30000.0	1.7058	233.5337	0.5667	235.80620000000002
2738748	15000.0	18	30000.0	1.5058	235.8062	0.5	237.81199999999998
2738744	20000.0	18	30000.0	2.0058	237.812	0.6667	240.4845
2738738	17000.0	18	30000.0	1.7058	240.4845	0.5667	242.757
7381232	15000.0	18	30000.0	1.5058	242.757	0.5	244.7628
2738733	7000.0	18	30000.0	0.7058	244.7628	0.2333	245.70190000000002
2738686	18000.0	18	30000.0	1.8058	245.7019	0.6	248.1077
2738645	17000.0	18	30000.0	1.7058	248.1077	0.5667	250.3802
2738639	16000.0	18	30000.0	1.6058	250.3802	0.5333	252.5193
2738628	15000.0	18	30000.0	1.5058	252.5193	0.5	254.52509999999998
2738637	10000.0	18	30000.0	1.0058	254.5251	0.3333	255.8642
2738678	14000.0	18	30000.0	1.4058	255.8642	0.4667	257.73670000000004
2738672	18000.0	18	30000.0	1.8058	257.7367	0.6	260.1425
7381113	46000.0	18	30000.0	4.6058	260.1425	1.5333	266.28159999999997
2738815	16000.0	18	30000.0	1.6058	266.2816	0.5333	268.4207
2738812	15000.0	18	30000.0	1.5058	268.4207	0.5	270.42650000000003
2738800	9000.0	18	30000.0	0.9058	270.4265	0.3	271.6323
2738796	21000.0	18	30000.0	2.1058	271.6323	0.7	274.43809999999996
2738831	39000.0	18	30000.0	3.9058	274.4381	1.3	279.64390000000003
2738825	20000.0	18	30000.0	2.0058	279.6439	0.6667	282.3164
2738772	8000.0	18	30000.0	0.8058	282.3164	0.2667	283.3889
2738770	10000.0	18	30000.0	1.0058	283.3889	0.3333	284.728
7381224	22000.0	18	30000.0	2.2058	284.728	0.7333	287.6671
2738768	16000.0	18	30000.0	1.6058	287.6671	0.5333	289.8062
2738760	18000.0	18	30000.0	1.8058	289.8062	0.6	292.212
2738766	18000.0	18	30000.0	1.8058	292.212	0.6	294.6178
7381203	18000.0	18	30000.0	1.8058	294.6178	0.6	297.0236
2738777	14000.0	18	30000.0	1.4058	297.0236	0.4667	298.8961
7381214	22000.0	18	30000.0	2.2058	298.8961	0.7333	301.8352
2738409	15000.0	18	30000.0	1.5058	301.8352	0.5	303.841
7381300	26000.0	18	30000.0	2.6058	303.841	0.8667	307.3135
7381337	21000.0	18	30000.0	2.1058	307.3135	0.7	310.11929999999995
7380862	14000.0	18	30000.0	1.4058	310.1193	0.4667	311.9918
7380633	12000.0	18	30000.0	1.2058	311.9918	0.4	313.5976
2738561	15000.0	18	30000.0	1.5058	313.5976	0.5	315.6034
7380839	26000.0	18	30000.0	2.6058	315.6034	0.8667	319.0759
7380655	23000.0	18	30000.0	2.3058	319.0759	0.7667	322.1484
7380841	22000.0	18	30000.0	2.2058	322.1484	0.7333	325.0875
7380647	15000.0	18	30000.0	1.5058	325.0875	0.5	327.0933
7380618	14000.0	18	30000.0	1.4058	327.0933	0.4667	328.9658
7380882	20000.0	18	30000.0	2.0058	328.9658	0.6667	331.6383
7381411	58000.0	18	30000.0	5.8058	331.6383	1.9333	339.37739999999997
7380583	7000.0	18	30000.0	0.7058	339.3774	0.2333	340.3165
7381285	27000.0	18	30000.0	2.7058	340.3165	0.9	343.9223
2738536	16000.0	18	30000.0	1.6058	343.9223	0.5333	346.0614
7380895	18000.0	18	30000.0	1.8058	346.0614	0.6	348.4672
7381410	16000.0	18	30000.0	1.6058	348.4672	0.5333	350.6063
7380603	29000.0	18	30000.0	2.9058	350.6063	0.9667	354.4788
2738570	17000.0	18	30000.0	1.7058	354.4788	0.5667	356.7513
7380776	11000.0	18	30000.0	1.1058	356.7513	0.3667	358.2238
7380777	30000.0	18	30000.0	3.0058	358.2238	1.0	362.2296
7381459	22000.0	18	30000.0	2.2058	362.2296	0.7333	365.1687
7381385	14000.0	18	30000.0	1.4058	365.1687	0.4667	367.0412
7380748	15000.0	18	30000.0	1.5058	367.0412	0.5	369.047
7380743	15000.0	18	30000.0	1.5058	369.047	0.5	371.05280000000005
7380674	62000.0	18	30000.0	6.2058	371.0528	2.0667	379.3253
7381335	25000.0	18	30000.0	2.5058	379.3253	0.8333	382.66440000000006
7380709	27000.0	18	30000.0	2.7058	382.6644	0.9	386.2702
7381307	12000.0	18	30000.0	1.2058	386.2702	0.4	387.876
7381291	8000.0	18	30000.0	0.8058	387.876	0.2667	388.94849999999997
7380795	26000.0	18	30000.0	2.6058	388.9485	0.8667	392.421
7380811	24000.0	18	30000.0	2.4058	392.421	0.8	395.6268
7380498	8000.0	18	30000.0	0.8058	395.6268	0.2667	396.6993
7380510	14000.0	18	30000.0	1.4058	396.6993	0.4667	398.5718
2738550	19000.0	18	30000.0	1.9058	398.5718	0.6333	401.1109
2738611	18000.0	18	30000.0	1.8058	401.1109	0.6	403.5167
7380512	14000.0	18	30000.0	1.4058	403.5167	0.4667	405.3892
7380493	8000.0	18	30000.0	0.8058	405.3892	0.2667	406.4617
7380903	20000.0	18	30000.0	2.0058	406.4617	0.6667	409.1342
7381297	14000.0	18	30000.0	1.4058	409.1342	0.4667	411.0067
7380944	27000.0	18	30000.0	2.7058	411.0067	0.9	414.6125
7380548	24000.0	18	30000.0	2.4058	414.6125	0.8	417.8183
7380542	22000.0	18	30000.0	2.2058	417.8183	0.7333	420.7574
7380941	29000.0	18	30000.0	2.9058	420.7574	0.9667	424.6299
7380566	49000.0	18	30000.0	4.9058	424.6299	1.6333	431.16900000000004
7381435	19000.0	18	30000.0	1.9058	431.169	0.6333	433.7081
7380567	15000.0	18	30000.0	1.5058	433.7081	0.5	435.7139
7380908	29000.0	18	30000.0	2.9058	435.7139	0.9667	439.5864
7381084	24000.0	19	30000.0	2.4058	27.458	0.8	30.6638
2739065	21000.0	19	30000.0	2.1058	30.6638	0.7	33.4696
2738967	24000.0	19	30000.0	2.4058	33.4696	0.8	36.675399999999996
2739076	18000.0	19	30000.0	1.8058	36.6754	0.6	39.0812
2738997	8000.0	19	30000.0	0.8058	39.0812	0.2667	40.1537
2739024	16000.0	19	30000.0	1.6058	40.1537	0.5333	42.2928
2739002	16000.0	19	30000.0	1.6058	42.2928	0.5333	44.4319
2738996	7000.0	19	30000.0	0.7058	44.4319	0.2333	45.370999999999995
2739017	22000.0	19	30000.0	2.2058	45.371	0.7333	48.310100000000006
2739005	14000.0	19	30000.0	1.4058	48.3101	0.4667	50.1826
2738983	17000.0	19	30000.0	1.7058	50.1826	0.5667	52.4551
7381102	15000.0	19	30000.0	1.5058	52.4551	0.5	54.4609
7381087	24000.0	19	30000.0	2.4058	54.4609	0.8	57.6667
2739053	16000.0	19	30000.0	1.6058	57.6667	0.5333	59.8058
2739045	17000.0	19	30000.0	1.7058	59.8058	0.5667	62.0783
2739039	24000.0	19	30000.0	2.4058	62.0783	0.8	65.2841
7381023	18000.0	19	30000.0	1.8058	65.2841	0.6	67.6899
7381014	17000.0	19	30000.0	1.7058	67.6899	0.5667	69.96239999999999
7381541	42000.0	19	30000.0	4.2058	69.9624	1.4	75.5682
7381011	46000.0	19	30000.0	4.6058	75.5682	1.5333	81.7073
7381031	22000.0	19	30000.0	2.2058	81.7073	0.7333	84.6464
7381565	22000.0	19	30000.0	2.2058	84.6464	0.7333	87.5855
7381558	14000.0	19	30000.0	1.4058	87.5855	0.4667	89.458
7381555	18000.0	19	30000.0	1.8058	89.458	0.6	91.8638
7380986	17000.0	19	30000.0	1.7058	91.8638	0.5667	94.13629999999999
7380977	18000.0	19	30000.0	1.8058	94.1363	0.6	96.5421
7380974	10000.0	19	30000.0	1.0058	96.5421	0.3333	97.88119999999999
7380972	17000.0	19	30000.0	1.7058	97.8812	0.5667	100.1537
7380968	24000.0	19	30000.0	2.4058	100.1537	0.8	103.3595
7380965	14000.0	19	30000.0	1.4058	103.3595	0.4667	105.232
7380993	14000.0	19	30000.0	1.4058	105.232	0.4667	107.1045
7381518	14000.0	19	30000.0	1.4058	107.1045	0.4667	108.977
7381512	18000.0	19	30000.0	1.8058	108.977	0.6	111.3828
7381507	16000.0	19	30000.0	1.6058	111.3828	0.5333	113.5219
7381283	32000.0	19	30000.0	3.2058	113.5219	1.0667	117.7944
7381639	18000.0	19	30000.0	1.8058	117.7944	0.6	120.2002
2738415	14000.0	19	30000.0	1.4058	120.2002	0.4667	122.0727
2738416	20000.0	19	30000.0	2.0058	122.0727	0.6667	124.7452
2738621	15000.0	19	30000.0	1.5058	124.7452	0.5	126.75099999999999
7381066	29000.0	19	30000.0	2.9058	126.751	0.9667	130.6235
7381669	15000.0	19	30000.0	1.5058	130.6235	0.5	132.6293
7381649	22000.0	19	30000.0	2.2058	132.6293	0.7333	135.56840000000003
2738446	8000.0	19	30000.0	0.8058	135.5684	0.2667	136.6409
7381586	24000.0	19	30000.0	2.4058	136.6409	0.8	139.8467
2738451	16000.0	19	30000.0	1.6058	139.8467	0.5333	141.98579999999998
7381357	14000.0	19	30000.0	1.4058	141.9858	0.4667	143.8583
2738438	18000.0	19	30000.0	1.8058	143.8583	0.6	146.2641
2738499	26000.0	19	30000.0	2.6058	146.2641	0.8667	149.7366
2738503	15000.0	19	30000.0	1.5058	149.7366	0.5	151.7424
2738508	19000.0	19	30000.0	1.9058	151.7424	0.6333	154.2815
2738471	18000.0	19	30000.0	1.8058	154.2815	0.6	156.6873
2738479	15000.0	19	30000.0	1.5058	156.6873	0.5	158.6931
2738482	21000.0	19	30000.0	2.1058	158.6931	0.7	161.49889999999996
2738901	10000.0	19	30000.0	1.0058	161.4989	0.3333	162.838
2738852	14000.0	19	30000.0	1.4058	162.838	0.4667	164.7105
2738850	16000.0	19	30000.0	1.6058	164.7105	0.5333	166.84959999999998
7381150	18000.0	19	30000.0	1.8058	166.8496	0.6	169.2554
2738515	23000.0	19	30000.0	2.3058	169.2554	0.7667	172.3279
2738516	14000.0	19	30000.0	1.4058	172.3279	0.4667	174.2004
2738880	17000.0	19	30000.0	1.7058	174.2004	0.5667	176.4729
2738863	16000.0	19	30000.0	1.6058	176.4729	0.5333	178.612
7381148	15000.0	19	30000.0	1.5058	178.612	0.5	180.6178
2738369	20000.0	19	30000.0	2.0058	180.6178	0.6667	183.29029999999997
2738389	17000.0	19	30000.0	1.7058	183.2903	0.5667	185.5628
2738391	22000.0	19	30000.0	2.2058	185.5628	0.7333	188.50190000000003
2738365	24000.0	19	30000.0	2.4058	188.5019	0.8	191.70770000000002
2738959	24000.0	19	30000.0	2.4058	191.7077	0.8	194.9135
2738954	15000.0	19	30000.0	1.5058	194.9135	0.5	196.9193
2738356	16000.0	19	30000.0	1.6058	196.9193	0.5333	199.05839999999998
2738357	17000.0	19	30000.0	1.7058	199.0584	0.5667	201.3309
2738924	16000.0	19	30000.0	1.6058	201.3309	0.5333	203.47
2738923	31000.0	19	30000.0	3.1058	203.47	1.0333	207.60909999999998
2738934	17000.0	19	30000.0	1.7058	207.6091	0.5667	209.88160000000002
2738917	14000.0	19	30000.0	1.4058	209.8816	0.4667	211.7541
2738400	8000.0	19	30000.0	0.8058	211.7541	0.2667	212.82659999999998
2738951	20000.0	19	30000.0	2.0058	212.8266	0.6667	215.4991
2738940	18000.0	19	30000.0	1.8058	215.4991	0.6	217.9049
2738723	22000.0	19	30000.0	2.2058	217.9049	0.7333	220.84400000000002
2738714	20000.0	19	30000.0	2.0058	220.844	0.6667	223.51649999999998
2738707	18000.0	19	30000.0	1.8058	223.5165	0.6	225.9223
2738698	15000.0	19	30000.0	1.5058	225.9223	0.5	227.9281
2738706	23000.0	19	30000.0	2.3058	227.9281	0.7667	231.0006
2738751	18000.0	19	30000.0	1.8058	231.0006	0.6	233.4064
2738740	15000.0	19	30000.0	1.5058	233.4064	0.5	235.41219999999998
2738742	13000.0	19	30000.0	1.3058	235.4122	0.4333	237.15130000000002
2738687	16000.0	19	30000.0	1.6058	237.1513	0.5333	239.29039999999998
2738638	17000.0	19	30000.0	1.7058	239.2904	0.5667	241.5629
2738677	16000.0	19	30000.0	1.6058	241.5629	0.5333	243.702
7380949	20000.0	19	30000.0	2.0058	243.702	0.6667	246.37449999999998
2738671	25000.0	19	30000.0	2.5058	246.3745	0.8333	249.7136
2738656	16000.0	19	30000.0	1.6058	249.7136	0.5333	251.8527
2738817	15000.0	19	30000.0	1.5058	251.8527	0.5	253.8585
2738816	17000.0	19	30000.0	1.7058	253.8585	0.5667	256.13100000000003
2738808	15000.0	19	30000.0	1.5058	256.131	0.5	258.1368
2738819	15000.0	19	30000.0	1.5058	258.1368	0.5	260.1426
7381160	22000.0	19	30000.0	2.2058	260.1426	0.7333	263.0817
7381161	26000.0	19	30000.0	2.6058	263.0817	0.8667	266.5542
7381167	26000.0	19	30000.0	2.6058	266.5542	0.8667	270.02669999999995
7381171	17000.0	19	30000.0	1.7058	270.0267	0.5667	272.29920000000004
2738793	23000.0	19	30000.0	2.3058	272.2992	0.7667	275.3717
7381219	29000.0	19	30000.0	2.9058	275.3717	0.9667	279.2442
2738759	17000.0	19	30000.0	1.7058	279.2442	0.5667	281.5167
2738788	17000.0	19	30000.0	1.7058	281.5167	0.5667	283.78920000000005
2738407	15000.0	19	30000.0	1.5058	283.7892	0.5	285.795
2738780	16000.0	19	30000.0	1.6058	285.795	0.5333	287.9341
7381215	16000.0	19	30000.0	1.6058	287.9341	0.5333	290.0732
7381118	22000.0	19	30000.0	2.2058	290.0732	0.7333	293.0123
7380857	22000.0	19	30000.0	2.2058	293.0123	0.7333	295.9514
7380629	22000.0	19	30000.0	2.2058	295.9514	0.7333	298.8905
7380628	14000.0	19	30000.0	1.4058	298.8905	0.4667	300.763
7380859	31000.0	19	30000.0	3.1058	300.763	1.0333	304.90209999999996
2738590	17000.0	19	30000.0	1.7058	304.9021	0.5667	307.17460000000005
7380851	20000.0	19	30000.0	2.0058	307.1746	0.6667	309.8471
7380643	18000.0	19	30000.0	1.8058	309.8471	0.6	312.2529
7380639	18000.0	19	30000.0	1.8058	312.2529	0.6	314.6587
2738591	19000.0	19	30000.0	1.9058	314.6587	0.6333	317.19780000000003
7380589	22000.0	19	30000.0	2.2058	317.1978	0.7333	320.13689999999997
7380585	12000.0	19	30000.0	1.2058	320.1369	0.4	321.7427
7380890	9000.0	19	30000.0	0.9058	321.7427	0.3	322.9485
7380582	24000.0	19	30000.0	2.4058	322.9485	0.8	326.15430000000003
7380580	15000.0	19	30000.0	1.5058	326.1543	0.5	328.1601
2738554	13000.0	19	30000.0	1.3058	328.1601	0.4333	329.89919999999995
2738584	15000.0	19	30000.0	1.5058	329.8992	0.5	331.90500000000003
7380617	14000.0	19	30000.0	1.4058	331.905	0.4667	333.7775
7380874	12000.0	19	30000.0	1.2058	333.7775	0.4	335.38329999999996
7380602	18000.0	19	30000.0	1.8058	335.3833	0.6	337.7891
7380728	31000.0	19	30000.0	3.1058	337.7891	1.0333	341.9282
7380784	17000.0	19	30000.0	1.7058	341.9282	0.5667	344.20070000000004
2738594	7000.0	19	30000.0	0.7058	344.2007	0.2333	345.1398
7380765	24000.0	19	30000.0	2.4058	345.1398	0.8	348.3456
7381324	14000.0	19	30000.0	1.4058	348.3456	0.4667	350.2181
7381395	22000.0	19	30000.0	2.2058	350.2181	0.7333	353.1572
7380717	17000.0	19	30000.0	1.7058	353.1572	0.5667	355.4297
7380669	16000.0	19	30000.0	1.6058	355.4297	0.5333	357.5688
7380716	15000.0	19	30000.0	1.5058	357.5688	0.5	359.57460000000003
2738595	8000.0	19	30000.0	0.8058	359.5746	0.2667	360.64709999999997
7380700	15000.0	19	30000.0	1.5058	360.6471	0.5	362.65290000000005
7381381	27000.0	19	30000.0	2.7058	362.6529	0.9	366.2587
7381470	14000.0	19	30000.0	1.4058	366.2587	0.4667	368.1312
2738615	14000.0	19	30000.0	1.4058	368.1312	0.4667	370.0037
7380913	22000.0	19	30000.0	2.2058	370.0037	0.7333	372.9428
7381347	14000.0	19	30000.0	1.4058	372.9428	0.4667	374.8153
2738614	16000.0	19	30000.0	1.6058	374.8153	0.5333	376.95439999999996
7380540	24000.0	19	30000.0	2.4058	376.9544	0.8	380.16020000000003
2738552	15000.0	19	30000.0	1.5058	380.1602	0.5	382.166
2738610	29000.0	19	30000.0	2.9058	382.166	0.9667	386.0385
2738616	22000.0	19	30000.0	2.2058	386.0385	0.7333	388.9776
7380500	60000.0	19	30000.0	6.0058	388.9776	2.0	396.9834
7380552	27000.0	19	30000.0	2.7058	396.9834	0.9	400.5892
7380565	22000.0	19	30000.0	2.2058	400.5892	0.7333	403.5283
7380745	9000.0	0	500.0	0.9	2049.7	18.0	2068.6
7380701	20000.0	0	500.0	2.0	2068.6	40.0	2110.6
7380494	18000.0	0	500.0	1.8	2110.6	36.0	2148.4
7381399	26000.0	0	500.0	2.6	2148.4	52.0	2203.0
7381317	28000.0	0	500.0	2.8	2203.0	56.0	2261.8
7380491	34000.0	0	500.0	3.4	2261.8	68.0	2333.2000000000003
2738604	26000.0	0	500.0	2.6	2333.2	52.0	2387.7999999999997
7380519	20000.0	0	500.0	2.0	2387.8	40.0	2429.8
7380627	30000.0	0	500.0	3.0	2429.8	60.0	2492.8
7381184	30000.0	0	500.0	3.0	2492.8	60.0	2555.8
7381600	26000.0	0	500.0	2.6	2555.8	52.0	2610.4
7380920	26000.0	0	500.0	2.6	2610.4	52.0	2665.0
7380836	26000.0	0	500.0	2.6	2665.0	52.0	2719.6
7381553	24000.0	0	500.0	2.4	2719.6	48.0	2770.0
7381259	25000.0	0	500.0	2.5	2770.0	50.0	2822.5
7381008	30000.0	0	500.0	3.0	2822.5	60.0	2885.5
7381557	28000.0	0	500.0	2.8	2885.5	56.0	2944.3
7381655	28000.0	0	500.0	2.8	2944.3	56.0	3003.1000000000004
7380803	44000.0	0	500.0	4.4	3003.1	88.0	3095.5
7381282	26000.0	0	500.0	2.6	3095.5	52.0	3150.1
7380791	26000.0	0	500.0	2.6	3150.1	52.0	3204.7
7380702	23000.0	14	12000.0	2.3	551.6666	1.9167	555.8833
7381117	28000.0	14	12000.0	2.8	555.8833	2.3333	561.0165999999999
7381204	45000.0	14	12000.0	4.5	561.0166	3.75	569.2666
7381316	26000.0	14	12000.0	2.6	569.2666	2.1667	574.0333
7381315	28000.0	14	12000.0	2.8	574.0333	2.3333	579.1666
7381205	17000.0	14	12000.0	1.7	579.1666	1.4167	582.2833
2739071	21000.0	14	12000.0	2.1	582.2833	1.75	586.1333000000001
7381079	20000.0	14	12000.0	2.0	586.1333	1.6667	589.8
7381396	24000.0	14	12000.0	2.4	589.8	2.0	594.1999999999999
7380725	28000.0	14	12000.0	2.8	594.2	2.3333	599.3333
7381327	32000.0	14	12000.0	3.2	599.3333	2.6667	605.2
7381194	10000.0	14	12000.0	1.0	605.2	0.8333	607.0333
7380683	24000.0	14	12000.0	2.4	607.0333	2.0	611.4333
7380547	32000.0	14	12000.0	3.2	611.4333	2.6667	617.3000000000001
7380605	30000.0	14	12000.0	3.0	617.3	2.5	622.8
7380541	22000.0	14	12000.0	2.2	622.8	1.8333	626.8333
7380613	28000.0	14	12000.0	2.8	626.8333	2.3333	631.9666
7380614	19000.0	14	12000.0	1.9	631.9666	1.5833	635.4499
7381109	20000.0	14	12000.0	2.0	635.4499	1.6667	639.1166
7381166	30000.0	14	12000.0	3.0	639.1166	2.5	644.6166
7380562	26000.0	14	12000.0	2.6	644.6166	2.1667	649.3833
7380578	19000.0	14	12000.0	1.9	649.3833	1.5833	652.8666
7380573	19000.0	14	12000.0	1.9	652.8666	1.5833	656.3498999999999
7381298	28000.0	14	12000.0	2.8	656.3499	2.3333	661.4832
7380587	17000.0	14	12000.0	1.7	661.4832	1.4167	664.5999
7381403	28000.0	14	12000.0	2.8	664.5999	2.3333	669.7332
7380677	28000.0	14	12000.0	2.8	669.7332	2.3333	674.8665
7380505	32000.0	14	12000.0	3.2	674.8665	2.6667	680.7332
7381180	20000.0	14	12000.0	2.0	680.7332	1.6667	684.3999
7380523	23000.0	14	12000.0	2.3	684.3999	1.9167	688.6166
7381428	18000.0	14	12000.0	1.8	688.6166	1.5	691.9165999999999
7380521	30000.0	14	12000.0	3.0	691.9166	2.5	697.4166
7380635	25000.0	14	12000.0	2.5	697.4166	2.0833	701.9999
7381185	18000.0	14	12000.0	1.8	701.9999	1.5	705.2999
7380648	9000.0	14	12000.0	0.9	705.2999	0.75	706.9499
7381106	26000.0	14	12000.0	2.6	706.9499	2.1667	711.7166
7381448	28000.0	14	12000.0	2.8	711.7166	2.3333	716.8498999999999
7381034	30000.0	14	12000.0	3.0	716.8499	2.5	722.3499
7381042	26000.0	14	12000.0	2.6	722.3499	2.1667	727.1166000000001
7381140	32000.0	14	12000.0	3.2	727.1166	2.6667	732.9833
7381573	18000.0	14	12000.0	1.8	732.9833	1.5	736.2832999999999
7381499	26000.0	14	12000.0	2.6	736.2833	2.1667	741.0500000000001
7381354	28000.0	14	12000.0	2.8	741.05	2.3333	746.1832999999999
7381601	26000.0	14	12000.0	2.6	746.1833	2.1667	750.95
7380918	16000.0	14	12000.0	1.6	750.95	1.3333	753.8833000000001
7381251	28000.0	14	12000.0	2.8	753.8833	2.3333	759.0165999999999
7381588	13000.0	14	12000.0	1.3	759.0166	1.0833	761.3999
7381045	22000.0	14	12000.0	2.2	761.3999	1.8333	765.4332
7381286	16000.0	14	12000.0	1.6	765.4332	1.3333	768.3665000000001
7381375	28000.0	14	12000.0	2.8	768.3665	2.3333	773.4997999999999
7381543	19000.0	14	12000.0	1.9	773.4998	1.5833	776.9831
7381273	35000.0	14	12000.0	3.5	776.9831	2.9167	783.3998
7380887	31000.0	14	12000.0	3.1	783.3998	2.5833	789.0831000000001
7381262	15000.0	14	12000.0	1.5	789.0831	1.25	791.8331
7381513	16000.0	14	12000.0	1.6	791.8331	1.3333	794.7664
7380858	33000.0	14	12000.0	3.3	794.7664	2.75	800.8163999999999
7380906	9000.0	14	12000.0	0.9	800.8164	0.75	802.4664
7381006	21000.0	14	12000.0	2.1	802.4664	1.75	806.3164
7381271	38000.0	14	12000.0	3.8	806.3164	3.1667	813.2831
7380812	22000.0	14	12000.0	2.2	813.2831	1.8333	817.3164
7381660	24000.0	14	12000.0	2.4	817.3164	2.0	821.7164
7381641	15000.0	14	12000.0	1.5	821.7164	1.25	824.4664
7380923	14000.0	14	12000.0	1.4	824.4664	1.1667	827.0331
7381636	28000.0	14	12000.0	2.8	827.0331	2.3333	832.1664
7380956	28000.0	14	12000.0	2.8	832.1664	2.3333	837.2996999999999
7381129	20000.0	14	12000.0	2.0	837.2997	1.6667	840.9664
7381632	16000.0	14	12000.0	1.6	840.9664	1.3333	843.8997
7381679	30000.0	14	12000.0	3.0	843.8997	2.5	849.3997
7380969	9000.0	14	12000.0	0.9	849.3997	0.75	851.0497
7381478	30000.0	14	12000.0	3.0	851.0497	2.5	856.5497
7381388	26000.0	14	12000.0	2.6	856.5497	2.1667	861.3164
7381364	28000.0	14	12000.0	2.8	861.3164	2.3333	866.4497
7380995	19000.0	14	12000.0	1.9	866.4497	1.5833	869.933
7381627	30000.0	14	12000.0	3.0	869.933	2.5	875.433
7381051	26000.0	14	12000.0	2.6	875.433	2.1667	880.1997
7380687	26000.0	15	16000.0	2.6	490.5375	1.625	494.76250000000005
7380689	20000.0	15	16000.0	2.0	494.7625	1.25	498.0125
7380497	33000.0	15	16000.0	3.3	498.0125	2.0625	503.375
7380749	25000.0	15	16000.0	2.5	503.375	1.5625	507.4375
7381071	28000.0	15	16000.0	2.8	507.4375	1.75	511.9875
7381329	19000.0	15	16000.0	1.9	511.9875	1.1875	515.075
7381223	28000.0	15	16000.0	2.8	515.075	1.75	519.625
7381313	35000.0	15	16000.0	3.5	519.625	2.1875	525.3125
7381206	24000.0	15	16000.0	2.4	525.3125	1.5	529.2125
7381440	23000.0	15	16000.0	2.3	529.2125	1.4375	532.9499999999999
7380732	16000.0	15	16000.0	1.6	532.95	1.0	535.5500000000001
7380734	21000.0	15	16000.0	2.1	535.55	1.3125	538.9625
7380736	30000.0	15	16000.0	3.0	538.9625	1.875	543.8375
7381119	28000.0	15	16000.0	2.8	543.8375	1.75	548.3874999999999
7381325	16000.0	15	16000.0	1.6	548.3875	1.0	550.9875000000001
7381323	26000.0	15	16000.0	2.6	550.9875	1.625	555.2125
7381414	16000.0	15	16000.0	1.6	555.2125	1.0	557.8125
7380545	30000.0	15	16000.0	3.0	557.8125	1.875	562.6875
7381409	37000.0	15	16000.0	3.7	562.6875	2.3125	568.7
7380534	16000.0	15	16000.0	1.6	568.7	1.0	571.3000000000001
7381110	18000.0	15	16000.0	1.8	571.3	1.125	574.2249999999999
7380572	32000.0	15	16000.0	3.2	574.225	2.0	579.4250000000001
7380571	21000.0	15	16000.0	2.1	579.425	1.3125	582.8375
7381112	28000.0	15	16000.0	2.8	582.8375	1.75	587.3874999999999
7380684	9000.0	15	16000.0	0.9	587.3875	0.5625	588.85
7381190	46000.0	15	16000.0	4.6	588.85	2.875	596.325
7380508	19000.0	15	16000.0	1.9	596.325	1.1875	599.4125
7380634	24000.0	15	16000.0	2.4	599.4125	1.5	603.3125
7380632	23000.0	15	16000.0	2.3	603.3125	1.4375	607.05
7380518	27000.0	15	16000.0	2.7	607.05	1.6875	611.4375
7380520	26000.0	15	16000.0	2.6	611.4375	1.625	615.6625
7381233	26000.0	15	16000.0	2.6	615.6625	1.625	619.8875
7381121	30000.0	15	16000.0	3.0	619.8875	1.875	624.7625
7380644	28000.0	15	16000.0	2.8	624.7625	1.75	629.3125
7381496	32000.0	15	16000.0	3.2	629.3125	2.0	634.5125
7381495	16000.0	15	16000.0	1.6	634.5125	1.0	637.1125000000001
7381497	30000.0	15	16000.0	3.0	637.1125	1.875	641.9875
7381501	28000.0	15	16000.0	2.8	641.9875	1.75	646.5374999999999
7381253	26000.0	15	16000.0	2.6	646.5375	1.625	650.7625
7381039	24000.0	15	16000.0	2.4	650.7625	1.5	654.6625
7381352	26000.0	15	16000.0	2.6	654.6625	1.625	658.8875
7381598	32000.0	15	16000.0	3.2	658.8875	2.0	664.0875000000001
7380824	26000.0	15	16000.0	2.6	664.0875	1.625	668.3125
7380821	20000.0	15	16000.0	2.0	668.3125	1.25	671.5625
7381276	24000.0	15	16000.0	2.4	671.5625	1.5	675.4625
7381278	38000.0	15	16000.0	3.8	675.4625	2.375	681.6374999999999
7381592	22000.0	15	16000.0	2.2	681.6375	1.375	685.2125000000001
7380856	14000.0	15	16000.0	1.4	685.2125	0.875	687.4875
7381134	10000.0	15	16000.0	1.0	687.4875	0.625	689.1125
7381536	26000.0	15	16000.0	2.6	689.1125	1.625	693.3375
7381272	24000.0	15	16000.0	2.4	693.3375	1.5	697.2375
7381525	30000.0	15	16000.0	3.0	697.2375	1.875	702.1125
7381263	29000.0	15	16000.0	2.9	702.1125	1.8125	706.8249999999999
7381339	26000.0	15	16000.0	2.6	706.825	1.625	711.0500000000001
7380863	26000.0	15	16000.0	2.6	711.05	1.625	715.275
7381267	22000.0	15	16000.0	2.2	715.275	1.375	718.85
7381265	20000.0	15	16000.0	2.0	718.85	1.25	722.1
7380813	20000.0	15	16000.0	2.0	722.1	1.25	725.35
7380828	14000.0	15	16000.0	1.4	725.35	0.875	727.625
7381391	11000.0	15	16000.0	1.1	727.625	0.6875	729.4125
7380759	28000.0	15	16000.0	2.8	729.4125	1.75	733.9625
7381659	26000.0	15	16000.0	2.6	733.9625	1.625	738.1875
7381633	28000.0	15	16000.0	2.8	738.1875	1.75	742.7375
7380980	23000.0	15	16000.0	2.3	742.7375	1.4375	746.4749999999999
7381475	26000.0	15	16000.0	2.6	746.475	1.625	750.7
7381331	30000.0	15	16000.0	3.0	750.7	1.875	755.575
7380933	16000.0	15	16000.0	1.6	755.575	1.0	758.1750000000001
7380769	22000.0	15	16000.0	2.2	758.175	1.375	761.75
7380766	19000.0	15	16000.0	1.9	761.75	1.1875	764.8375
7380963	17000.0	15	16000.0	1.7	764.8375	1.0625	767.6
7381621	24000.0	15	16000.0	2.4	767.6	1.5	771.5
7380991	23000.0	15	16000.0	2.3	771.5	1.4375	775.2375
7381615	28000.0	15	16000.0	2.8	775.2375	1.75	779.7874999999999
7381614	18000.0	15	16000.0	1.8	779.7875	1.125	782.7125
7380756	20000.0	15	16000.0	2.0	782.7125	1.25	785.9625
7381221	20000.0	16	18000.0	2.0058	556.8706	1.1111	559.9875
2738801	20000.0	16	18000.0	2.0058	559.9875	1.1111	563.1043999999999
7380704	22000.0	16	18000.0	2.2058	563.1044	1.2222	566.5324
7380707	30000.0	16	18000.0	3.0058	566.5324	1.6667	571.2049000000001
7381458	18000.0	16	18000.0	1.8058	571.2049	1.0	574.0106999999999
7380691	34000.0	16	18000.0	3.4058	574.0107	1.8889	579.3054000000001
7381122	21000.0	16	18000.0	2.1058	579.3054	1.1667	582.5779
7380750	24000.0	16	18000.0	2.4058	582.5779	1.3333	586.317
7380698	64000.0	16	18000.0	6.4058	586.317	3.5556	596.2784
7381199	19000.0	16	18000.0	1.9058	596.2784	1.0556	599.2398000000001
7381208	22000.0	16	18000.0	2.2058	599.2398	1.2222	602.6677999999999
7380739	19000.0	16	18000.0	1.9058	602.6678	1.0556	605.6292000000001
7380738	18000.0	16	18000.0	1.8058	605.6292	1.0	608.435
7381081	28000.0	16	18000.0	2.8058	608.435	1.5556	612.7964
7381201	26000.0	16	18000.0	2.6058	612.7964	1.4444	616.8466
7380710	22000.0	16	18000.0	2.2058	616.8466	1.2222	620.2746
7381314	26000.0	16	18000.0	2.6058	620.2746	1.4444	624.3248
7380724	16000.0	16	18000.0	1.6058	624.3248	0.8889	626.8195000000001
7381450	27000.0	16	18000.0	2.7058	626.8195	1.5	631.0252999999999
7381153	19000.0	16	18000.0	1.9058	631.0253	1.0556	633.9867
7381237	20000.0	16	18000.0	2.0058	633.9867	1.1111	637.1036
7380531	28000.0	16	18000.0	2.8058	637.1036	1.5556	641.465
7380601	28000.0	16	18000.0	2.8058	641.465	1.5556	645.8264
7380535	26000.0	16	18000.0	2.6058	645.8264	1.4444	649.8766
7381111	29000.0	16	18000.0	2.9058	649.8766	1.6111	654.3935
7381417	32000.0	16	18000.0	3.2058	654.3935	1.7778	659.3770999999999
7380575	23000.0	16	18000.0	2.3058	659.3771	1.2778	662.9607
7380625	26000.0	16	18000.0	2.6058	662.9607	1.4444	667.0109
7381419	30000.0	16	18000.0	3.0058	667.0109	1.6667	671.6834
7381158	30000.0	16	18000.0	3.0058	671.6834	1.6667	676.3559
7381299	18000.0	16	18000.0	1.8058	676.3559	1.0	679.1617
7381162	23000.0	16	18000.0	2.3058	679.1617	1.2778	682.7452999999999
7381187	20000.0	16	18000.0	2.0058	682.7453	1.1111	685.8622
7381097	26000.0	16	18000.0	2.6058	685.8622	1.4444	689.9124
7380657	18000.0	16	18000.0	1.8058	689.9124	1.0	692.7182
7381094	30000.0	16	18000.0	3.0058	692.7182	1.6667	697.3907
7380662	30000.0	16	18000.0	3.0058	697.3907	1.6667	702.0632
2738585	55000.0	16	18000.0	5.5058	702.0632	3.0556	710.6246000000001
7381120	28000.0	16	18000.0	2.8058	710.6246	1.5556	714.986
7381189	24000.0	16	18000.0	2.4058	714.986	1.3333	718.7251
7381404	19000.0	16	18000.0	1.9058	718.7251	1.0556	721.6865
7380524	20000.0	16	18000.0	2.0058	721.6865	1.1111	724.8034
7381101	20000.0	16	18000.0	2.0058	724.8034	1.1111	727.9203
7381405	28000.0	16	18000.0	2.8058	727.9203	1.5556	732.2817
7380846	19000.0	16	18000.0	1.9058	732.2817	1.0556	735.2431
7380844	22000.0	16	18000.0	2.2058	735.2431	1.2222	738.6711
7381256	37000.0	16	18000.0	3.7058	738.6711	2.0556	744.4325
7381372	26000.0	16	18000.0	2.6058	744.4325	1.4444	748.4827
7381349	20000.0	16	18000.0	2.0058	748.4827	1.1111	751.5996
7381498	26000.0	16	18000.0	2.6058	751.5996	1.4444	755.6498
7381041	12000.0	16	18000.0	1.2058	755.6498	0.6667	757.5223
7380849	30000.0	16	18000.0	3.0058	757.5223	1.6667	762.1948
7381599	24000.0	16	18000.0	2.4058	762.1948	1.3333	765.9339
7381464	10000.0	16	18000.0	1.0058	765.9339	0.5556	767.4953
7380818	17000.0	16	18000.0	1.7058	767.4953	0.9444	770.1455
7381506	28000.0	16	18000.0	2.8058	770.1455	1.5556	774.5069
7381024	18000.0	16	18000.0	1.8058	774.5069	1.0	777.3127
7381026	32000.0	16	18000.0	3.2058	777.3127	1.7778	782.2962999999999
7381274	9000.0	16	18000.0	0.9058	782.2963	0.5	783.7021
7381012	28000.0	16	18000.0	2.8058	783.7021	1.5556	788.0635
7381342	28000.0	16	18000.0	2.8058	788.0635	1.5556	792.4249
7381535	13000.0	16	18000.0	1.3058	792.4249	0.7222	794.4529
7381379	23000.0	16	18000.0	2.3058	794.4529	1.2778	798.0364999999999
7381510	28000.0	16	18000.0	2.8058	798.0365	1.5556	802.3979
7380902	30000.0	16	18000.0	3.0058	802.3979	1.6667	807.0704000000001
7381345	32000.0	16	18000.0	3.2058	807.0704	1.7778	812.0539999999999
7381270	26000.0	16	18000.0	2.6058	812.054	1.4444	816.1042
7381523	24000.0	16	18000.0	2.4058	816.1042	1.3333	819.8433
7381651	24000.0	16	18000.0	2.4058	819.8433	1.3333	823.5824
7381652	35000.0	16	18000.0	3.5058	823.5824	1.9444	829.0326
7380771	20000.0	16	18000.0	2.0058	829.0326	1.1111	832.1495
7380989	20000.0	16	18000.0	2.0058	832.1495	1.1111	835.2664
7380940	18000.0	16	18000.0	1.8058	835.2664	1.0	838.0722
7380975	43000.0	16	18000.0	4.3058	838.0722	2.3889	844.7669
7380961	26000.0	16	18000.0	2.6058	844.7669	1.4444	848.8171
7381389	22000.0	16	18000.0	2.2058	848.8171	1.2222	852.2451
7380983	17000.0	16	18000.0	1.7058	852.2451	0.9444	854.8952999999999
7381049	20000.0	16	18000.0	2.0058	854.8953	1.1111	858.0122
7380805	35000.0	16	18000.0	3.5058	858.0122	1.9444	863.4624
7381618	20000.0	16	18000.0	2.0058	863.4624	1.1111	866.5793
7380793	30000.0	16	18000.0	3.0058	866.5793	1.6667	871.2518
7381383	30000.0	16	18000.0	3.0058	871.2518	1.6667	875.9243
7381629	10000.0	16	18000.0	1.0058	875.9243	0.5556	877.4857000000001
7380690	16000.0	17	24000.0	1.6058	440.8386	0.6667	443.11109999999996
7380688	9000.0	17	24000.0	0.9058	443.1111	0.375	444.3919
7381454	23000.0	17	24000.0	2.3058	444.3919	0.9583	447.656
7381146	26000.0	17	24000.0	2.6058	447.656	1.0833	451.3451
7381437	30000.0	17	24000.0	3.0058	451.3451	1.25	455.6009
7380496	28000.0	17	24000.0	2.8058	455.6009	1.1667	459.5734
7381090	28000.0	17	24000.0	2.8058	459.5734	1.1667	463.54589999999996
7380697	30000.0	17	24000.0	3.0058	463.5459	1.25	467.80170000000004
7381293	28000.0	17	24000.0	2.8058	467.8017	1.1667	471.77419999999995
7381318	23000.0	17	24000.0	2.3058	471.7742	0.9583	475.0383
7381311	18000.0	17	24000.0	1.8058	475.0383	0.75	477.59409999999997
7380712	26000.0	17	24000.0	2.6058	477.5941	1.0833	481.2832
7380719	19000.0	17	24000.0	1.9058	481.2832	0.7917	483.9807
7380665	30000.0	17	24000.0	3.0058	483.9807	1.25	488.23650000000004
7380608	30000.0	17	24000.0	3.0058	488.2365	1.25	492.4923
7380611	19000.0	17	24000.0	1.9058	492.4923	0.7917	495.1898
7380532	26000.0	17	24000.0	2.6058	495.1898	1.0833	498.8789
7381157	20000.0	17	24000.0	2.0058	498.8789	0.8333	501.718
7380564	25000.0	17	24000.0	2.5058	501.718	1.0417	505.26550000000003
7380591	30000.0	17	24000.0	3.0058	505.2655	1.25	509.5213
7380586	30000.0	17	24000.0	3.0058	509.5213	1.25	513.7771
7380528	17000.0	17	24000.0	1.7058	513.7771	0.7083	516.1912
7381186	18000.0	17	24000.0	1.8058	516.1912	0.75	518.747
7380656	22000.0	17	24000.0	2.2058	518.747	0.9167	521.8694999999999
7380658	25000.0	17	24000.0	2.5058	521.8695	1.0417	525.417
7380651	22000.0	17	24000.0	2.2058	525.417	0.9167	528.5395
7380670	26000.0	17	24000.0	2.6058	528.5395	1.0833	532.2286
7380509	10000.0	17	24000.0	1.0058	532.2286	0.4167	533.6511
7381446	28000.0	17	24000.0	2.8058	533.6511	1.1667	537.6236
7380514	28000.0	17	24000.0	2.8058	537.6236	1.1667	541.5961
7381430	26000.0	17	24000.0	2.6058	541.5961	1.0833	545.2852
7380637	26000.0	17	24000.0	2.6058	545.2852	1.0833	548.9743000000001
7380645	26000.0	17	24000.0	2.6058	548.9743	1.0833	552.6634
7381182	29000.0	17	24000.0	2.9058	552.6634	1.2083	556.7775
7380915	22000.0	17	24000.0	2.2058	556.7775	0.9167	559.9
7380847	24000.0	17	24000.0	2.4058	559.9	1.0	563.3058
7381132	32000.0	17	24000.0	3.2058	563.3058	1.3333	567.8448999999999
7380843	25000.0	17	24000.0	2.5058	567.8449	1.0417	571.3924000000001
7381581	21000.0	17	24000.0	2.1058	571.3924	0.875	574.3732
7380848	24000.0	17	24000.0	2.4058	574.3732	1.0	577.779
7381036	22000.0	17	24000.0	2.2058	577.779	0.9167	580.9014999999999
7381351	30000.0	17	24000.0	3.0058	580.9015	1.25	585.1573000000001
7380850	23000.0	17	24000.0	2.3058	585.1573	0.9583	588.4214
7381584	30000.0	17	24000.0	3.0058	588.4214	1.25	592.6772
7380999	14000.0	17	24000.0	1.4058	592.6772	0.5833	594.6663
7381596	26000.0	17	24000.0	2.6058	594.6663	1.0833	598.3554
7381537	24000.0	17	24000.0	2.4058	598.3554	1.0	601.7612
7381489	38000.0	17	24000.0	3.8058	601.7612	1.5833	607.1503
7381504	24000.0	17	24000.0	2.4058	607.1503	1.0	610.5561
7380897	30000.0	17	24000.0	3.0058	610.5561	1.25	614.8119
7381028	23000.0	17	24000.0	2.3058	614.8119	0.9583	618.076
7381526	9000.0	17	24000.0	0.9058	618.076	0.375	619.3568
7380872	17000.0	17	24000.0	1.7058	619.3568	0.7083	621.7709
7381018	16000.0	17	24000.0	1.6058	621.7709	0.6667	624.0434
7381016	26000.0	17	24000.0	2.6058	624.0434	1.0833	627.7325000000001
7381538	31000.0	17	24000.0	3.1058	627.7325	1.2917	632.13
7380886	16000.0	17	24000.0	1.6058	632.13	0.6667	634.4025
7380865	25000.0	17	24000.0	2.5058	634.4025	1.0417	637.95
7381516	24000.0	17	24000.0	2.4058	637.95	1.0	641.3558
7381515	19000.0	17	24000.0	1.9058	641.3558	0.7917	644.0533
7380910	16000.0	17	24000.0	1.6058	644.0533	0.6667	646.3258000000001
7381032	16000.0	17	24000.0	1.6058	646.3258	0.6667	648.5983
7380870	28000.0	17	24000.0	2.8058	648.5983	1.1667	652.5708
7381269	28000.0	17	24000.0	2.8058	652.5708	1.1667	656.5432999999999
7381061	26000.0	17	24000.0	2.6058	656.5433	1.0833	660.2324000000001
7381663	20000.0	17	24000.0	2.0058	660.2324	0.8333	663.0715
7381249	28000.0	17	24000.0	2.8058	663.0715	1.1667	667.044
7380937	30000.0	17	24000.0	3.0058	667.044	1.25	671.2998
7381055	20000.0	17	24000.0	2.0058	671.2998	0.8333	674.1389
7380783	17000.0	17	24000.0	1.7058	674.1389	0.7083	676.553
7380932	27000.0	17	24000.0	2.7058	676.553	1.125	680.3838
7380770	30000.0	17	24000.0	3.0058	680.3838	1.25	684.6396
2738914	54000.0	17	24000.0	5.4058	684.6396	2.25	692.2954
7380943	26000.0	17	24000.0	2.6058	692.2954	1.0833	695.9845
7381053	26000.0	17	24000.0	2.6058	695.9845	1.0833	699.6736000000001
7381054	23000.0	17	24000.0	2.3058	699.6736	0.9583	702.9377
7380951	16000.0	17	24000.0	1.6058	702.9377	0.6667	705.2102
7380798	30000.0	17	24000.0	3.0058	705.2102	1.25	709.466
7381382	26000.0	17	24000.0	2.6058	709.466	1.0833	713.1551000000001
7381050	18000.0	17	24000.0	1.8058	713.1551	0.75	715.7108999999999
7381138	16000.0	17	24000.0	1.6058	715.7109	0.6667	717.9834000000001
7380796	8000.0	17	24000.0	0.8058	717.9834	0.3333	719.1225
7380804	18000.0	17	24000.0	1.8058	719.1225	0.75	721.6782999999999
7380757	28000.0	17	24000.0	2.8058	721.6783	1.1667	725.6508
7380994	26000.0	17	24000.0	2.6058	725.6508	1.0833	729.3399000000001
7381467	26000.0	17	24000.0	2.6058	729.3399	1.0833	733.029
7381191	32000.0	18	30000.0	3.2058	438.5864	1.0667	442.85890000000006
7380706	30000.0	18	30000.0	3.0058	442.8589	1.0	446.8647
7381192	35000.0	18	30000.0	3.5058	446.8647	1.1667	451.53720000000004
7381068	21000.0	18	30000.0	2.1058	451.5372	0.7	454.34299999999996
7380751	28000.0	18	30000.0	2.8058	454.343	0.9333	458.08209999999997
7381078	16000.0	18	30000.0	1.6058	458.0821	0.5333	460.2212
7381394	29000.0	18	30000.0	2.9058	460.2212	0.9667	464.0937
7381195	30000.0	18	30000.0	3.0058	464.0937	1.0	468.09950000000003
7381083	21000.0	18	30000.0	2.1058	468.0995	0.7	470.90529999999995
7381290	35000.0	18	30000.0	3.5058	470.9053	1.1667	475.5778
7381207	25000.0	18	30000.0	2.5058	475.5778	0.8333	478.91690000000006
7380708	35000.0	18	30000.0	3.5058	478.9169	1.1667	483.5894
7380713	32000.0	18	30000.0	3.2058	483.5894	1.0667	487.86190000000005
7381086	26000.0	18	30000.0	2.6058	487.8619	0.8667	491.33439999999996
7381216	28000.0	18	30000.0	2.8058	491.3344	0.9333	495.07349999999997
7380482	36000.0	18	30000.0	3.6058	495.0735	1.2	499.8793
7381322	30000.0	18	30000.0	3.0058	499.8793	1.0	503.8851
7381431	26000.0	18	30000.0	2.6058	503.8851	0.8667	507.3576
7380723	24000.0	18	30000.0	2.4058	507.3576	0.8	510.5634
7381319	20000.0	18	30000.0	2.0058	510.5634	0.6667	513.2359
7381213	31000.0	18	30000.0	3.1058	513.2359	1.0333	517.3750000000001
7380487	26000.0	18	30000.0	2.6058	517.375	0.8667	520.8475000000001
7381075	36000.0	18	30000.0	3.6058	520.8475	1.2	525.6533000000001
7380543	34000.0	18	30000.0	3.4058	525.6533	1.1333	530.1923999999999
2738538	23000.0	18	30000.0	2.3058	530.1924	0.7667	533.2649
7380609	18000.0	18	30000.0	1.8058	533.2649	0.6	535.6707
7381152	29000.0	18	30000.0	2.9058	535.6707	0.9667	539.5432
7380624	16000.0	18	30000.0	1.6058	539.5432	0.5333	541.6823
7380530	28000.0	18	30000.0	2.8058	541.6823	0.9333	545.4214000000001
7380533	22000.0	18	30000.0	2.2058	545.4214	0.7333	548.3604999999999
7380550	28000.0	18	30000.0	2.8058	548.3605	0.9333	552.0996
7380558	21000.0	18	30000.0	2.1058	552.0996	0.7	554.9054000000001
7381173	20000.0	18	30000.0	2.0058	554.9054	0.6667	557.5779
7380579	24000.0	18	30000.0	2.4058	557.5779	0.8	560.7837
7380557	25000.0	18	30000.0	2.5058	560.7837	0.8333	564.1228
7381422	11000.0	18	30000.0	1.1058	564.1228	0.3667	565.5953000000001
7380626	28000.0	18	30000.0	2.8058	565.5953	0.9333	569.3344
7381098	28000.0	18	30000.0	2.8058	569.3344	0.9333	573.0735
7380501	26000.0	18	30000.0	2.6058	573.0735	0.8667	576.546
7380680	21000.0	18	30000.0	2.1058	576.546	0.7	579.3518000000001
7380507	50000.0	18	30000.0	5.0058	579.3518	1.6667	586.0243
7381181	28000.0	18	30000.0	2.8058	586.0243	0.9333	589.7634
7381429	26000.0	18	30000.0	2.6058	589.7634	0.8667	593.2359000000001
7380526	20000.0	18	30000.0	2.0058	593.2359	0.6667	595.9084
7380641	22000.0	18	30000.0	2.2058	595.9084	0.7333	598.8475
7381406	19000.0	18	30000.0	1.9058	598.8475	0.6333	601.3865999999999
7380947	21000.0	18	30000.0	2.1058	601.3866	0.7	604.1924000000001
7381072	28000.0	18	30000.0	2.8058	604.1924	0.9333	607.9315
7381001	26000.0	18	30000.0	2.6058	607.9315	0.8667	611.4040000000001
7380845	32000.0	18	30000.0	3.2058	611.404	1.0667	615.6764999999999
7381583	39000.0	18	30000.0	3.9058	615.6765	1.3	620.8823
7381038	22000.0	18	30000.0	2.2058	620.8823	0.7333	623.8213999999999
7381602	23000.0	18	30000.0	2.3058	623.8214	0.7667	626.8939
7380817	28000.0	18	30000.0	2.8058	626.8939	0.9333	630.633
7380816	30000.0	18	30000.0	3.0058	630.633	1.0	634.6388000000001
7381368	30000.0	18	30000.0	3.0058	634.6388	1.0	638.6446
7381137	28000.0	18	30000.0	2.8058	638.6446	0.9333	642.3837
7381591	19000.0	18	30000.0	1.9058	642.3837	0.6333	644.9227999999999
7381594	16000.0	18	30000.0	1.6058	644.9228	0.5333	647.0619000000002
7380829	34000.0	18	30000.0	3.4058	647.0619	1.1333	651.601
7381020	10000.0	18	30000.0	1.0058	651.601	0.3333	652.9401
7380878	24000.0	18	30000.0	2.4058	652.9401	0.8	656.1459
7381530	18000.0	18	30000.0	1.8058	656.1459	0.6	658.5517
7380877	30000.0	18	30000.0	3.0058	658.5517	1.0	662.5575
7381529	19000.0	18	30000.0	1.9058	662.5575	0.6333	665.0966
7380880	26000.0	18	30000.0	2.6058	665.0966	0.8667	668.5691
7381015	30000.0	18	30000.0	3.0058	668.5691	1.0	672.5749000000001
7380885	30000.0	18	30000.0	3.0058	672.5749	1.0	676.5807
7380884	28000.0	18	30000.0	2.8058	676.5807	0.9333	680.3198
7381550	30000.0	18	30000.0	3.0058	680.3198	1.0	684.3256
7381556	34000.0	18	30000.0	3.4058	684.3256	1.1333	688.8647
7381266	10000.0	18	30000.0	1.0058	688.8647	0.3333	690.2038
7381244	29000.0	18	30000.0	2.9058	690.2038	0.9667	694.0763
7381058	28000.0	18	30000.0	2.8058	694.0763	0.9333	697.8154
7381661	28000.0	18	30000.0	2.8058	697.8154	0.9333	701.5545
7381128	28000.0	18	30000.0	2.8058	701.5545	0.9333	705.2936
7380924	24000.0	18	30000.0	2.4058	705.2936	0.8	708.4993999999999
7380954	26000.0	18	30000.0	2.6058	708.4994	0.8667	711.9719000000001
7380925	34000.0	18	30000.0	3.4058	711.9719	1.1333	716.511
2738346	28000.0	18	30000.0	2.8058	716.511	0.9333	720.2501
7380959	9000.0	18	30000.0	0.9058	720.2501	0.3	721.4558999999999
7381476	22000.0	18	30000.0	2.2058	721.4559	0.7333	724.395
7380942	32000.0	18	30000.0	3.2058	724.395	1.0667	728.6674999999999
7381675	30000.0	18	30000.0	3.0058	728.6675	1.0	732.6733
7381676	25000.0	18	30000.0	2.5058	732.6733	0.8333	736.0124000000001
7381486	34000.0	18	30000.0	3.4058	736.0124	1.1333	740.5514999999999
7380806	26000.0	18	30000.0	2.6058	740.5515	0.8667	744.0240000000001
7381280	28000.0	18	30000.0	2.8058	744.024	0.9333	747.7631
7381607	15000.0	18	30000.0	1.5058	747.7631	0.5	749.7689
7380792	16000.0	18	30000.0	1.6058	749.7689	0.5333	751.9080000000001
7380952	30000.0	18	30000.0	3.0058	751.908	1.0	755.9138
7381287	40000.0	18	30000.0	4.0058	755.9138	1.3333	761.2529000000001
7381225	27000.0	19	30000.0	2.7058	402.5283	0.9	406.1341
7381220	22000.0	19	30000.0	2.2058	406.1341	0.7333	409.0732
7380694	16000.0	19	30000.0	1.6058	409.0732	0.5333	411.21229999999997
7380696	21000.0	19	30000.0	2.1058	411.2123	0.7	414.0181
7380747	28000.0	19	30000.0	2.8058	414.0181	0.9333	417.75719999999995
7380731	19000.0	19	30000.0	1.9058	417.7572	0.6333	420.29630000000003
7381210	13000.0	19	30000.0	1.3058	420.2963	0.4333	422.0353999999999
7381123	22000.0	19	30000.0	2.2058	422.0354	0.7333	424.9745
7381196	28000.0	19	30000.0	2.8058	424.9745	0.9333	428.71359999999993
7380718	18000.0	19	30000.0	1.8058	428.7136	0.6	431.1194
7380607	20000.0	19	30000.0	2.0058	431.1194	0.6667	433.7919
7380753	13000.0	19	30000.0	1.3058	433.7919	0.4333	435.53099999999995
7380538	32000.0	19	30000.0	3.2058	435.531	1.0667	439.80350000000004
7380619	16000.0	19	30000.0	1.6058	439.8035	0.5333	441.94259999999997
7380536	24000.0	19	30000.0	2.4058	441.9426	0.8	445.14840000000004
7380549	30000.0	19	30000.0	3.0058	445.1484	1.0	449.1542
7381412	14000.0	19	30000.0	1.4058	449.1542	0.4667	451.0267
2738661	25000.0	19	30000.0	2.5058	451.0267	0.8333	454.36580000000004
7380597	32000.0	19	30000.0	3.2058	454.3658	1.0667	458.6383
7381423	19000.0	19	30000.0	1.9058	458.6383	0.6333	461.17740000000003
7381164	30000.0	19	30000.0	3.0058	461.1774	1.0	465.1832
7381175	22000.0	19	30000.0	2.2058	465.1832	0.7333	468.1223
7381163	26000.0	19	30000.0	2.6058	468.1223	0.8667	471.59479999999996
7380588	32000.0	19	30000.0	3.2058	471.5948	1.0667	475.86730000000006
7380654	18000.0	19	30000.0	1.8058	475.8673	0.6	478.2731
7380659	27000.0	19	30000.0	2.7058	478.2731	0.9	481.8789
7380511	24000.0	19	30000.0	2.4058	481.8789	0.8	485.0847
7381445	36000.0	19	30000.0	3.6058	485.0847	1.2	489.8905
7380663	24000.0	19	30000.0	2.4058	489.8905	0.8	493.0963
7380682	17000.0	19	30000.0	1.7058	493.0963	0.5667	495.3688
7381295	9000.0	19	30000.0	0.9058	495.3688	0.3	496.57460000000003
7380675	9000.0	19	30000.0	0.9058	496.5746	0.3	497.7804
7380506	16000.0	19	30000.0	1.6058	497.7804	0.5333	499.91949999999997
7380650	26000.0	19	30000.0	2.6058	499.9195	0.8667	503.392
7380642	19000.0	19	30000.0	1.9058	503.392	0.6333	505.9311
7381576	26000.0	19	30000.0	2.6058	505.9311	0.8667	509.4036
7380842	29000.0	19	30000.0	2.9058	509.4036	0.9667	513.2760999999999
7381569	23000.0	19	30000.0	2.3058	513.2761	0.7667	516.3486
7381002	24000.0	19	30000.0	2.4058	516.3486	0.8	519.5544
7381492	33000.0	19	30000.0	3.3058	519.5544	1.1	523.9602
7380822	23000.0	19	30000.0	2.3058	523.9602	0.7667	527.0327
7381000	20000.0	19	30000.0	2.0058	527.0327	0.6667	529.7052
7381377	19000.0	19	30000.0	1.9058	529.7052	0.6333	532.2443
7381366	24000.0	19	30000.0	2.4058	532.2443	0.8	535.4500999999999
7380835	10000.0	19	30000.0	1.0058	535.4501	0.3333	536.7892
7380911	9000.0	19	30000.0	0.9058	536.7892	0.3	537.995
7381527	14000.0	19	30000.0	1.4058	537.995	0.4667	539.8675
7381532	30000.0	19	30000.0	3.0058	539.8675	1.0	543.8733
7380894	18000.0	19	30000.0	1.8058	543.8733	0.6	546.2791
7381343	26000.0	19	30000.0	2.6058	546.2791	0.8667	549.7516
7381376	28000.0	19	30000.0	2.8058	549.7516	0.9333	553.4907000000001
7381005	13000.0	19	30000.0	1.3058	553.4907	0.4333	555.2298
7380909	30000.0	19	30000.0	3.0058	555.2298	1.0	559.2356
7381521	22000.0	19	30000.0	2.2058	559.2356	0.7333	562.1746999999999
7381007	19000.0	19	30000.0	1.9058	562.1747	0.6333	564.7138
7381522	8000.0	19	30000.0	0.8058	564.7138	0.2667	565.7863
7380867	35000.0	19	30000.0	3.5058	565.7863	1.1667	570.4588
7380869	26000.0	19	30000.0	2.6058	570.4588	0.8667	573.9313000000001
7380775	28000.0	19	30000.0	2.8058	573.9313	0.9333	577.6704
7381060	33000.0	19	30000.0	3.3058	577.6704	1.1	582.0762
7381333	30000.0	19	30000.0	3.0058	582.0762	1.0	586.082
7381634	18000.0	19	30000.0	1.8058	586.082	0.6	588.4878
7381481	30000.0	19	30000.0	3.0058	588.4878	1.0	592.4936
7380957	26000.0	19	30000.0	2.6058	592.4936	0.8667	595.9661000000001
7381665	20000.0	19	30000.0	2.0058	595.9661	0.6667	598.6386
7381248	30000.0	19	30000.0	3.0058	598.6386	1.0	602.6444
7381474	21000.0	19	30000.0	2.1058	602.6444	0.7	605.4502000000001
7380979	26000.0	19	30000.0	2.6058	605.4502	0.8667	608.9227000000001
7380938	37000.0	19	30000.0	3.7058	608.9227	1.2333	613.8617999999999
7380763	26000.0	19	30000.0	2.6058	613.8618	0.8667	617.3343000000001
7380981	24000.0	19	30000.0	2.4058	617.3343	0.8	620.5400999999999
7380761	24000.0	19	30000.0	2.4058	620.5401	0.8	623.7459
7381127	8000.0	19	30000.0	0.8058	623.7459	0.2667	624.8184
7380760	30000.0	19	30000.0	3.0058	624.8184	1.0	628.8242
7381363	22000.0	19	30000.0	2.2058	628.8242	0.7333	631.7633
7381678	16000.0	19	30000.0	1.6058	631.7633	0.5333	633.9024000000001
7380992	16000.0	19	30000.0	1.6058	633.9024	0.5333	636.0415
7380797	18000.0	19	30000.0	1.8058	636.0415	0.6	638.4473
7381485	19000.0	19	30000.0	1.9058	638.4473	0.6333	640.9864
7381246	35000.0	19	30000.0	3.5058	640.9864	1.1667	645.6589
7381356	19000.0	19	30000.0	1.9058	645.6589	0.6333	648.198
7381625	16000.0	19	30000.0	1.6058	648.198	0.5333	650.3371000000001
7381482	18000.0	19	30000.0	1.8058	650.3371	0.6	652.7429
7380945	20000.0	19	30000.0	2.0058	652.7429	0.6667	655.4154
7381105	29000.0	17	24000.0	2.9058	732.029	1.2083	736.1431
7381292	22000.0	17	24000.0	2.2058	736.1431	0.9167	739.2656
7380664	26000.0	18	30000.0	2.6058	760.2529	0.8667	763.7254
7381384	48000.0	19	30000.0	4.8058	654.4154	1.6	660.8212
7381546	19000.0	19	30000.0	1.9058	660.8212	0.6333	663.3602999999999
7381672	36000.0	19	30000.0	3.6058	663.3603	1.2	668.1661000000001
1629024	7000.0	17	24000.0	0.7058	729.2656	0.2917	730.2630999999999
1628713	7000.0	18	30000.0	0.7058	753.7254	0.2333	754.6645
