7967036	53000.0	0	500.0	5.3	0	106.0	111.3
7966751	49000.0	0	500.0	4.9	111.3	98.0	214.2
7962580	50000.0	0	500.0	5.0	214.2	100.0	319.2
7962058	43000.0	0	500.0	4.3	319.2	86.0	409.5
7966871	47000.0	1	500.0	4.7	0	94.0	98.7
7963876	45000.0	1	500.0	4.5	98.7	90.0	193.2
7969496	46000.0	2	1000.0	4.6	0	46.0	50.6
7962233	47000.0	3	1000.0	4.7	0	47.0	51.7
7964543	46000.0	4	4000.0	4.6038	0	11.5	16.1038
7965253	51000.0	5	4000.0	5.1038	0	12.75	17.8538
7968965	51000.0	6	5000.0	5.1038	0	10.2	15.303799999999999
7968737	53000.0	7	5000.0	5.3038	0	10.6	15.9038
7964879	46000.0	7	5000.0	4.6038	15.9038	9.2	29.7076
7965732	51000.0	9	6000.0	5.1067	0	8.5	13.6067
7964542	51000.0	9	6000.0	5.1067	13.6067	8.5	27.2134
7969335	45000.0	9	6000.0	4.5067	27.2134	7.5	39.2201
7969247	52000.0	10	6000.0	5.2067	0	8.6667	13.8734
7964954	49000.0	10	6000.0	4.9067	13.8734	8.1667	26.946800000000003
7964561	51000.0	14	12000.0	5.1	0	4.25	9.35
7965121	52000.0	14	12000.0	5.2	9.35	4.3333	18.883300000000002
7962797	50000.0	14	12000.0	5.0	18.8833	4.1667	28.049999999999997
7961733	45000.0	14	12000.0	4.5	28.05	3.75	36.3
7962024	46000.0	14	12000.0	4.6	36.3	3.8333	44.7333
7967549	58000.0	14	12000.0	5.8	44.7333	4.8333	55.3666
7966343	60000.0	14	12000.0	6.0	55.3666	5.0	66.3666
7967336	45000.0	14	12000.0	4.5	66.3666	3.75	74.6166
7966026	49000.0	15	16000.0	4.9	0	3.0625	7.9625
7969242	46000.0	15	16000.0	4.6	7.9625	2.875	15.4375
7965587	46000.0	15	16000.0	4.6	15.4375	2.875	22.9125
7969274	45000.0	15	16000.0	4.5	22.9125	2.8125	30.225
7966491	46000.0	15	16000.0	4.6	30.225	2.875	37.7
7961980	46000.0	15	16000.0	4.6	37.7	2.875	45.175000000000004
7961773	45000.0	15	16000.0	4.5	45.175	2.8125	52.4875
7967244	47000.0	15	16000.0	4.7	52.4875	2.9375	60.125
7966229	51000.0	15	16000.0	5.1	60.125	3.1875	68.4125
7968376	53000.0	15	16000.0	5.3	68.4125	3.3125	77.02499999999999
7964443	57000.0	15	16000.0	5.7	77.025	3.5625	86.28750000000001
7962216	45000.0	15	16000.0	4.5	86.2875	2.8125	93.6
7962318	52000.0	15	16000.0	5.2	93.6	3.25	102.05
7969688	51000.0	15	16000.0	5.1	102.05	3.1875	110.33749999999999
7969392	48000.0	16	18000.0	4.8058	0	2.6667	7.4725
7969009	53000.0	16	18000.0	5.3058	7.4725	2.9444	15.7227
7966027	50000.0	16	18000.0	5.0058	15.7227	2.7778	23.5063
7964599	45000.0	16	18000.0	4.5058	23.5063	2.5	30.5121
7963523	45000.0	16	18000.0	4.5058	30.5121	2.5	37.5179
7963242	46000.0	16	18000.0	4.6058	37.5179	2.5556	44.6793
7963059	49000.0	16	18000.0	4.9058	44.6793	2.7222	52.3073
7964015	44000.0	16	18000.0	4.4058	52.3073	2.4444	59.1575
7968134	46000.0	16	18000.0	4.6058	59.1575	2.5556	66.3189
7963485	50000.0	16	18000.0	5.0058	66.3189	2.7778	74.10249999999999
7967564	46000.0	16	18000.0	4.6058	74.1025	2.5556	81.2639
7967252	49000.0	16	18000.0	4.9058	81.2639	2.7222	88.8919
7964172	47000.0	16	18000.0	4.7058	88.8919	2.6111	96.2088
7964586	48000.0	17	24000.0	4.8058	0	2.0	6.8058
7964594	43000.0	17	24000.0	4.3058	6.8058	1.7917	12.9033
7963123	45000.0	17	24000.0	4.5058	12.9033	1.875	19.2841
7969879	53000.0	17	24000.0	5.3058	19.2841	2.2083	26.7982
7966474	48000.0	17	24000.0	4.8058	26.7982	2.0	33.604
7969582	51000.0	17	24000.0	5.1058	33.604	2.125	40.8348
7969906	48000.0	17	24000.0	4.8058	40.8348	2.0	47.6406
7966819	53000.0	17	24000.0	5.3058	47.6406	2.2083	55.1547
7969788	54000.0	17	24000.0	5.4058	55.1547	2.25	62.8105
7963874	51000.0	18	30000.0	5.1058	0	1.7	6.8058000000000005
7961626	45000.0	18	30000.0	4.5058	6.8058	1.5	12.811599999999999
7963705	44000.0	18	30000.0	4.4058	12.8116	1.4667	18.6841
7960828	49000.0	18	30000.0	4.9058	18.6841	1.6333	25.2232
7963536	47000.0	18	30000.0	4.7058	25.2232	1.5667	31.4957
7966660	48000.0	18	30000.0	4.8058	31.4957	1.6	37.9015
7960728	48000.0	18	30000.0	4.8058	37.9015	1.6	44.3073
7967623	49000.0	18	30000.0	4.9058	44.3073	1.6333	50.846399999999996
7962299	50000.0	18	30000.0	5.0058	50.8464	1.6667	57.5189
7967402	47000.0	18	30000.0	4.7058	57.5189	1.5667	63.791399999999996
7965971	49000.0	18	30000.0	4.9058	63.7914	1.6333	70.33050000000001
7962899	51000.0	18	30000.0	5.1058	70.3305	1.7	77.1363
7969391	49000.0	19	30000.0	4.9058	0	1.6333	6.5391
7963820	51000.0	19	30000.0	5.1058	6.5391	1.7	13.344899999999999
7969845	49000.0	19	30000.0	4.9058	13.3449	1.6333	19.884
7967467	50000.0	19	30000.0	5.0058	19.884	1.6667	26.5565
7961877	50000.0	19	30000.0	5.0058	26.5565	1.6667	33.229
7966736	57000.0	19	30000.0	5.7058	33.229	1.9	40.834799999999994
7963223	59000.0	19	30000.0	5.9058	40.8348	1.9667	48.707300000000004
7964394	51000.0	19	30000.0	5.1058	48.7073	1.7	55.5131
7966209	52000.0	19	30000.0	5.2058	55.5131	1.7333	62.452200000000005
7964403	49000.0	19	30000.0	4.9058	62.4522	1.6333	68.99130000000001
7969983	44000.0	19	30000.0	4.4058	68.9913	1.4667	74.8638
7968307	51000.0	19	30000.0	5.1058	74.8638	1.7	81.6696
7964240	46000.0	19	30000.0	4.6058	81.6696	1.5333	87.8087
7969597	52000.0	19	30000.0	5.2058	87.8087	1.7333	94.7478
7966325	45000.0	19	30000.0	4.5058	94.7478	1.5	100.75359999999999
7966132	46000.0	0	500.0	4.6	408.5	92.0	505.1
7965332	46000.0	0	500.0	4.6	505.1	92.0	601.7
7961580	49000.0	0	500.0	4.9	601.7	98.0	704.6
7969641	50000.0	0	500.0	5.0	704.6	100.0	809.6
7968394	47000.0	0	500.0	4.7	809.6	94.0	908.3000000000001
7969481	47000.0	0	500.0	4.7	908.3	94.0	1007.0
7962373	52000.0	0	500.0	5.2	1007.0	104.0	1116.2
7968142	45000.0	0	500.0	4.5	1116.2	90.0	1210.7
7966975	54000.0	0	500.0	5.4	1210.7	108.0	1324.1000000000001
7961150	59000.0	0	500.0	5.9	1324.1	118.0	1448.0
7965345	57000.0	10	6000.0	5.7067	25.9468	9.5	41.1535
7969173	44000.0	13	8000.0	4.4	0	5.5	9.9
7969603	51000.0	13	8000.0	5.1	9.9	6.375	21.375
7965348	49000.0	14	12000.0	4.9	73.6166	4.0833	82.5999
7961420	52000.0	14	12000.0	5.2	82.5999	4.3333	92.1332
7961295	53000.0	14	12000.0	5.3	92.1332	4.4167	101.8499
7961625	60000.0	14	12000.0	6.0	101.8499	5.0	112.8499
7964917	51000.0	14	12000.0	5.1	112.8499	4.25	122.1999
7965368	51000.0	14	12000.0	5.1	122.1999	4.25	131.54989999999998
7967628	55000.0	14	12000.0	5.5	131.5499	4.5833	141.63320000000002
7962790	51000.0	14	12000.0	5.1	141.6332	4.25	150.98319999999998
7967936	54000.0	14	12000.0	5.4	150.9832	4.5	160.88320000000002
7966042	52000.0	14	12000.0	5.2	160.8832	4.3333	170.41649999999998
7969815	50000.0	14	12000.0	5.0	170.4165	4.1667	179.5832
7966648	43000.0	14	12000.0	4.3	179.5832	3.5833	187.46650000000002
7967738	52000.0	14	12000.0	5.2	187.4665	4.3333	196.9998
7969827	45000.0	14	12000.0	4.5	196.9998	3.75	205.2498
7964980	41000.0	14	12000.0	4.1	205.2498	3.4167	212.76649999999998
7964010	61000.0	14	12000.0	6.1	212.7665	5.0833	223.9498
7960952	49000.0	14	12000.0	4.9	223.9498	4.0833	232.93310000000002
7963773	54000.0	14	12000.0	5.4	232.9331	4.5	242.8331
7967142	41000.0	14	12000.0	4.1	242.8331	3.4167	250.3498
7963376	49000.0	14	12000.0	4.9	250.3498	4.0833	259.3331
7963721	45000.0	14	12000.0	4.5	259.3331	3.75	267.5831
7969579	50000.0	14	12000.0	5.0	267.5831	4.1667	276.7498
7968537	49000.0	14	12000.0	4.9	276.7498	4.0833	285.7331
7964468	44000.0	14	12000.0	4.4	285.7331	3.6667	293.79979999999995
7966851	56000.0	14	12000.0	5.6	293.7998	4.6667	304.0665
7966373	52000.0	14	12000.0	5.2	304.0665	4.3333	313.5998
7966346	49000.0	14	12000.0	4.9	313.5998	4.0833	322.5831
7969592	48000.0	14	12000.0	4.8	322.5831	4.0	331.3831
7965902	43000.0	14	12000.0	4.3	331.3831	3.5833	339.26640000000003
7966722	48000.0	14	12000.0	4.8	339.2664	4.0	348.0664
7968614	45000.0	14	12000.0	4.5	348.0664	3.75	356.3164
7968962	52000.0	14	12000.0	5.2	356.3164	4.3333	365.8497
7966431	55000.0	15	16000.0	5.5	109.3375	3.4375	118.275
7961783	46000.0	15	16000.0	4.6	118.275	2.875	125.75
7965406	48000.0	15	16000.0	4.8	125.75	3.0	133.55
7964491	49000.0	15	16000.0	4.9	133.55	3.0625	141.51250000000002
7961601	62000.0	15	16000.0	6.2	141.5125	3.875	151.58749999999998
7963010	54000.0	15	16000.0	5.4	151.5875	3.375	160.3625
7962817	51000.0	15	16000.0	5.1	160.3625	3.1875	168.65
7968024	48000.0	15	16000.0	4.8	168.65	3.0	176.45000000000002
7963103	56000.0	15	16000.0	5.6	176.45	3.5	185.54999999999998
7963162	50000.0	15	16000.0	5.0	185.55	3.125	193.675
7968236	53000.0	15	16000.0	5.3	193.675	3.3125	202.28750000000002
7968396	51000.0	15	16000.0	5.1	202.2875	3.1875	210.575
7962444	56000.0	15	16000.0	5.6	210.575	3.5	219.67499999999998
7969450	52000.0	15	16000.0	5.2	219.675	3.25	228.125
7966057	45000.0	15	16000.0	4.5	228.125	2.8125	235.4375
7962179	51000.0	15	16000.0	5.1	235.4375	3.1875	243.725
7966031	51000.0	15	16000.0	5.1	243.725	3.1875	252.0125
7962624	51000.0	15	16000.0	5.1	252.0125	3.1875	260.3
7969069	46000.0	15	16000.0	4.6	260.3	2.875	267.77500000000003
7963225	58000.0	15	16000.0	5.8	267.775	3.625	277.2
7960933	52000.0	15	16000.0	5.2	277.2	3.25	285.65
7967109	51000.0	15	16000.0	5.1	285.65	3.1875	293.9375
7963296	47000.0	15	16000.0	4.7	293.9375	2.9375	301.575
7966766	56000.0	15	16000.0	5.6	301.575	3.5	310.675
7963735	49000.0	15	16000.0	4.9	310.675	3.0625	318.6375
7969551	52000.0	15	16000.0	5.2	318.6375	3.25	327.0875
7965001	48000.0	15	16000.0	4.8	327.0875	3.0	334.8875
7964389	53000.0	15	16000.0	5.3	334.8875	3.3125	343.5
7966192	48000.0	15	16000.0	4.8	343.5	3.0	351.3
7965911	53000.0	15	16000.0	5.3	351.3	3.3125	359.9125
7967315	46000.0	15	16000.0	4.6	359.9125	2.875	367.38750000000005
7961915	59000.0	16	18000.0	5.9058	95.2088	3.2778	104.3924
7965542	51000.0	16	18000.0	5.1058	104.3924	2.8333	112.33149999999999
7961996	57000.0	16	18000.0	5.7058	112.3315	3.1667	121.20400000000001
7966501	58000.0	16	18000.0	5.8058	121.204	3.2222	130.232
7961929	53000.0	16	18000.0	5.3058	130.232	2.9444	138.4822
7964942	54000.0	16	18000.0	5.4058	138.4822	3.0	146.888
7969093	48000.0	16	18000.0	4.8058	146.888	2.6667	154.3605
7961391	58000.0	16	18000.0	5.8058	154.3605	3.2222	163.3885
7961548	61000.0	16	18000.0	6.1058	163.3885	3.3889	172.8832
7961567	57000.0	16	18000.0	5.7058	172.8832	3.1667	181.7557
7965450	62000.0	16	18000.0	6.2058	181.7557	3.4444	191.4059
7965437	56000.0	16	18000.0	5.6058	191.4059	3.1111	200.12279999999998
7961900	51000.0	16	18000.0	5.1058	200.1228	2.8333	208.0619
7962947	47000.0	16	18000.0	4.7058	208.0619	2.6111	215.3788
7967989	54000.0	16	18000.0	5.4058	215.3788	3.0	223.7846
7966632	52000.0	16	18000.0	5.2058	223.7846	2.8889	231.87930000000003
7967946	60000.0	16	18000.0	6.0058	231.8793	3.3333	241.2184
7962760	59000.0	16	18000.0	5.9058	241.2184	3.2778	250.40200000000002
7962489	48000.0	16	18000.0	4.8058	250.402	2.6667	257.8745
7962433	54000.0	16	18000.0	5.4058	257.8745	3.0	266.2803
7961288	45000.0	16	18000.0	4.5058	266.2803	2.5	273.28610000000003
7969782	49000.0	16	18000.0	4.9058	273.2861	2.7222	280.91409999999996
7962713	50000.0	16	18000.0	5.0058	280.9141	2.7778	288.69770000000005
7966656	56000.0	16	18000.0	5.6058	288.6977	3.1111	297.4146
7962611	47000.0	16	18000.0	4.7058	297.4146	2.6111	304.73150000000004
7967212	45000.0	16	18000.0	4.5058	304.7315	2.5	311.7373
7965886	50000.0	16	18000.0	5.0058	311.7373	2.7778	319.52090000000004
7960898	60000.0	16	18000.0	6.0058	319.5209	3.3333	328.86
7963799	50000.0	16	18000.0	5.0058	328.86	2.7778	336.64360000000005
7960936	59000.0	16	18000.0	5.9058	336.6436	3.2778	345.8272
7963320	43000.0	16	18000.0	4.3058	345.8272	2.3889	352.52189999999996
7969560	49000.0	16	18000.0	4.9058	352.5219	2.7222	360.1499
7963731	43000.0	16	18000.0	4.3058	360.1499	2.3889	366.84459999999996
7966762	45000.0	16	18000.0	4.5058	366.8446	2.5	373.85040000000004
7961180	53000.0	16	18000.0	5.3058	373.8504	2.9444	382.10059999999993
7968538	58000.0	16	18000.0	5.8058	382.1006	3.2222	391.12859999999995
7964408	47000.0	16	18000.0	4.7058	391.1286	2.6111	398.44550000000004
7966154	58000.0	16	18000.0	5.8058	398.4455	3.2222	407.47349999999994
7961066	51000.0	16	18000.0	5.1058	407.4735	2.8333	415.4126
7968956	50000.0	16	18000.0	5.0058	415.4126	2.7778	423.19620000000003
7969286	50000.0	17	24000.0	5.0058	61.8105	2.0833	68.89959999999999
7961387	52000.0	17	24000.0	5.2058	68.8996	2.1667	76.27210000000001
7969092	52000.0	17	24000.0	5.2058	76.2721	2.1667	83.6446
7961330	58000.0	17	24000.0	5.8058	83.6446	2.4167	91.86710000000001
7964975	48000.0	17	24000.0	4.8058	91.8671	2.0	98.6729
7969248	54000.0	17	24000.0	5.4058	98.6729	2.25	106.3287
7969544	44000.0	17	24000.0	4.4058	106.3287	1.8333	112.56779999999999
7966450	49000.0	17	24000.0	4.9058	112.5678	2.0417	119.51530000000001
7961606	53000.0	17	24000.0	5.3058	119.5153	2.2083	127.0294
7963019	51000.0	17	24000.0	5.1058	127.0294	2.125	134.2602
7966015	46000.0	17	24000.0	4.6058	134.2602	1.9167	140.78269999999998
7963052	52000.0	17	24000.0	5.2058	140.7827	2.1667	148.1552
7967961	50000.0	17	24000.0	5.0058	148.1552	2.0833	155.2443
7968384	60000.0	17	24000.0	6.0058	155.2443	2.5	163.7501
7968497	52000.0	17	24000.0	5.2058	163.7501	2.1667	171.1226
7966628	51000.0	17	24000.0	5.1058	171.1226	2.125	178.3534
7969840	46000.0	17	24000.0	4.6058	178.3534	1.9167	184.87589999999997
7964679	56000.0	17	24000.0	5.6058	184.8759	2.3333	192.815
7964689	56000.0	17	24000.0	5.6058	192.815	2.3333	200.7541
7967570	55000.0	17	24000.0	5.5058	200.7541	2.2917	208.55159999999998
7966613	50000.0	17	24000.0	5.0058	208.5516	2.0833	215.6407
7962678	52000.0	17	24000.0	5.2058	215.6407	2.1667	223.0132
7965650	58000.0	17	24000.0	5.8058	223.0132	2.4167	231.2357
7962589	46000.0	17	24000.0	4.6058	231.2357	1.9167	237.7582
7968444	44000.0	17	24000.0	4.4058	237.7582	1.8333	243.9973
7964112	54000.0	17	24000.0	5.4058	243.9973	2.25	251.6531
7965100	49000.0	17	24000.0	4.9058	251.6531	2.0417	258.6006
7966906	57000.0	17	24000.0	5.7058	258.6006	2.375	266.6814
7963880	48000.0	17	24000.0	4.8058	266.6814	2.0	273.4872
7960928	44000.0	17	24000.0	4.4058	273.4872	1.8333	279.7263
7964007	49000.0	17	24000.0	4.9058	279.7263	2.0417	286.67379999999997
7964016	52000.0	17	24000.0	5.2058	286.6738	2.1667	294.04630000000003
7968637	54000.0	17	24000.0	5.4058	294.0463	2.25	301.7021
7966733	53000.0	17	24000.0	5.3058	301.7021	2.2083	309.21619999999996
7967145	52000.0	17	24000.0	5.2058	309.2162	2.1667	316.5887
7963341	54000.0	17	24000.0	5.4058	316.5887	2.25	324.2445
7967119	49000.0	17	24000.0	4.9058	324.2445	2.0417	331.192
7963522	46000.0	17	24000.0	4.6058	331.192	1.9167	337.7145
7968851	48000.0	17	24000.0	4.8058	337.7145	2.0	344.52029999999996
7964117	52000.0	17	24000.0	5.2058	344.5203	2.1667	351.8928
7960972	49000.0	17	24000.0	4.9058	351.8928	2.0417	358.8403
7965905	48000.0	17	24000.0	4.8058	358.8403	2.0	365.6461
7968522	49000.0	17	24000.0	4.9058	365.6461	2.0417	372.5936
7964335	50000.0	17	24000.0	5.0058	372.5936	2.0833	379.6827
7961097	50000.0	17	24000.0	5.0058	379.6827	2.0833	386.77180000000004
7969369	51000.0	18	30000.0	5.1058	76.1363	1.7	82.94210000000001
7962079	67000.0	18	30000.0	6.7058	82.9421	2.2333	91.88119999999999
7962074	49000.0	18	30000.0	4.9058	91.8812	1.6333	98.42030000000001
7964851	53000.0	18	30000.0	5.3058	98.4203	1.7667	105.4928
7965529	54000.0	18	30000.0	5.4058	105.4928	1.8	112.6986
7967177	47000.0	18	30000.0	4.7058	112.6986	1.5667	118.97109999999999
7969674	55000.0	18	30000.0	5.5058	118.9711	1.8333	126.3102
7961491	52000.0	18	30000.0	5.2058	126.3102	1.7333	133.2493
7965428	44000.0	18	30000.0	4.4058	133.2493	1.4667	139.1218
7967450	49000.0	18	30000.0	4.9058	139.1218	1.6333	145.6609
7969618	51000.0	18	30000.0	5.1058	145.6609	1.7	152.46669999999997
7963024	57000.0	18	30000.0	5.7058	152.4667	1.9	160.07250000000002
7968263	50000.0	18	30000.0	5.0058	160.0725	1.6667	166.74499999999998
7968414	50000.0	18	30000.0	5.0058	166.745	1.6667	173.4175
7967202	54000.0	18	30000.0	5.4058	173.4175	1.8	180.6233
7964547	56000.0	18	30000.0	5.6058	180.6233	1.8667	188.0958
7962455	57000.0	18	30000.0	5.7058	188.0958	1.9	195.7016
7962374	49000.0	18	30000.0	4.9058	195.7016	1.6333	202.2407
7967178	45000.0	18	30000.0	4.5058	202.2407	1.5	208.2465
7965976	53000.0	18	30000.0	5.3058	208.2465	1.7667	215.319
7960884	48000.0	18	30000.0	4.8058	215.319	1.6	221.7248
7965785	57000.0	18	30000.0	5.7058	221.7248	1.9	229.3306
7966747	45000.0	18	30000.0	4.5058	229.3306	1.5	235.3364
7963349	44000.0	18	30000.0	4.4058	235.3364	1.4667	241.2089
7963508	49000.0	18	30000.0	4.9058	241.2089	1.6333	247.748
7968809	51000.0	18	30000.0	5.1058	247.748	1.7	254.55379999999997
7963351	51000.0	18	30000.0	5.1058	254.5538	1.7	261.3596
7960759	51000.0	18	30000.0	5.1058	261.3596	1.7	268.1654
7961217	59000.0	18	30000.0	5.9058	268.1654	1.9667	276.0379
7967051	51000.0	18	30000.0	5.1058	276.0379	1.7	282.84369999999996
7968505	47000.0	18	30000.0	4.7058	282.8437	1.5667	289.11620000000005
7964288	53000.0	18	30000.0	5.3058	289.1162	1.7667	296.1887
7966270	43000.0	18	30000.0	4.3058	296.1887	1.4333	301.92779999999993
7968744	55000.0	18	30000.0	5.5058	301.9278	1.8333	309.2669
7964284	50000.0	18	30000.0	5.0058	309.2669	1.6667	315.93940000000003
7961095	49000.0	18	30000.0	4.9058	315.9394	1.6333	322.4785
7961903	49000.0	19	30000.0	4.9058	99.7536	1.6333	106.29270000000001
7961375	52000.0	19	30000.0	5.2058	106.2927	1.7333	113.23179999999999
7962147	53000.0	19	30000.0	5.3058	113.2318	1.7667	120.30430000000001
7963187	55000.0	19	30000.0	5.5058	120.3043	1.8333	127.64339999999999
7967812	54000.0	19	30000.0	5.4058	127.6434	1.8	134.84920000000002
7967196	46000.0	19	30000.0	4.6058	134.8492	1.5333	140.98829999999998
7968353	58000.0	19	30000.0	5.8058	140.9883	1.9333	148.72740000000002
7962874	51000.0	19	30000.0	5.1058	148.7274	1.7	155.53319999999997
7966019	52000.0	19	30000.0	5.2058	155.5332	1.7333	162.47230000000002
7968278	53000.0	19	30000.0	5.3058	162.4723	1.7667	169.54479999999998
7962736	52000.0	19	30000.0	5.2058	169.5448	1.7333	176.48390000000003
7962461	46000.0	19	30000.0	4.6058	176.4839	1.5333	182.623
7966053	51000.0	19	30000.0	5.1058	182.623	1.7	189.42879999999997
7968150	49000.0	19	30000.0	4.9058	189.4288	1.6333	195.9679
7962579	46000.0	19	30000.0	4.6058	195.9679	1.5333	202.10699999999997
7963208	55000.0	19	30000.0	5.5058	202.107	1.8333	209.4461
7963300	54000.0	19	30000.0	5.4058	209.4461	1.8	216.6519
7963558	44000.0	19	30000.0	4.4058	216.6519	1.4667	222.5244
7963637	56000.0	19	30000.0	5.6058	222.5244	1.8667	229.9969
7969577	57000.0	19	30000.0	5.7058	229.9969	1.9	237.60270000000003
7963279	53000.0	19	30000.0	5.3058	237.6027	1.7667	244.6752
7965072	53000.0	19	30000.0	5.3058	244.6752	1.7667	251.74769999999998
7964266	48000.0	19	30000.0	4.8058	251.7477	1.6	258.1535
7964239	59000.0	0	500.0	5.9	1447.0	118.0	1570.9
7962900	56000.0	0	500.0	5.6	1570.9	112.0	1688.5
7965601	52000.0	0	500.0	5.2	1688.5	104.0	1797.7
7966160	55000.0	14	12000.0	5.5	364.8497	4.5833	374.933
7968389	45000.0	14	12000.0	4.5	374.933	3.75	383.183
7963812	43000.0	14	12000.0	4.3	383.183	3.5833	391.0663
7963648	51000.0	14	12000.0	5.1	391.0663	4.25	400.41630000000004
7961528	48000.0	14	12000.0	4.8	400.4163	4.0	409.2163
7969719	51000.0	14	12000.0	5.1	409.2163	4.25	418.5663
7968995	55000.0	14	12000.0	5.5	418.5663	4.5833	428.6496
7965455	60000.0	14	12000.0	6.0	428.6496	5.0	439.6496
7962177	53000.0	14	12000.0	5.3	439.6496	4.4167	449.3663
7970018	54000.0	14	12000.0	5.4	449.3663	4.5	459.2663
7969470	57000.0	14	12000.0	5.7	459.2663	4.75	469.7163
7969469	50000.0	14	12000.0	5.0	469.7163	4.1667	478.883
7969951	50000.0	14	12000.0	5.0	478.883	4.1667	488.0497
7962349	52000.0	14	12000.0	5.2	488.0497	4.3333	497.58299999999997
7967580	52000.0	14	12000.0	5.2	497.583	4.3333	507.1163
7967317	62000.0	14	12000.0	6.2	507.1163	5.1667	518.4830000000001
7962674	50000.0	15	16000.0	5.0	366.3875	3.125	374.5125
7967694	54000.0	15	16000.0	5.4	374.5125	3.375	383.28749999999997
7965180	50000.0	15	16000.0	5.0	383.2875	3.125	391.4125
7960785	48000.0	15	16000.0	4.8	391.4125	3.0	399.21250000000003
7962869	48000.0	15	16000.0	4.8	399.2125	3.0	407.0125
7963833	66000.0	15	16000.0	6.6	407.0125	4.125	417.7375
7968056	57000.0	15	16000.0	5.7	417.7375	3.5625	427.0
7963458	53000.0	15	16000.0	5.3	427.0	3.3125	435.6125
7964907	52000.0	15	16000.0	5.2	435.6125	3.25	444.0625
7966082	44000.0	15	16000.0	4.4	444.0625	2.75	451.2125
7962012	52000.0	15	16000.0	5.2	451.2125	3.25	459.66249999999997
7960909	52000.0	15	16000.0	5.2	459.6625	3.25	468.1125
7961712	50000.0	15	16000.0	5.0	468.1125	3.125	476.2375
7968630	42000.0	15	16000.0	4.2	476.2375	2.625	483.0625
7969949	51000.0	15	16000.0	5.1	483.0625	3.1875	491.35
7967042	63000.0	15	16000.0	6.3	491.35	3.9375	501.58750000000003
7966779	48000.0	15	16000.0	4.8	501.5875	3.0	509.3875
7967240	50000.0	15	16000.0	5.0	509.3875	3.125	517.5125
7967297	46000.0	15	16000.0	4.6	517.5125	2.875	524.9875000000001
7969085	52000.0	15	16000.0	5.2	524.9875	3.25	533.4375
7968719	51000.0	16	18000.0	5.1058	422.1962	2.8333	430.1353
7969075	54000.0	16	18000.0	5.4058	430.1353	3.0	438.5411
7963774	54000.0	16	18000.0	5.4058	438.5411	3.0	446.94689999999997
7963369	47000.0	16	18000.0	4.7058	446.9469	2.6111	454.26380000000006
7967904	53000.0	16	18000.0	5.3058	454.2638	2.9444	462.51399999999995
7966186	55000.0	16	18000.0	5.5058	462.514	3.0556	471.07540000000006
7968460	62000.0	16	18000.0	6.2058	471.0754	3.4444	480.7256
7966249	44000.0	16	18000.0	4.4058	480.7256	2.4444	487.57579999999996
7961366	44000.0	16	18000.0	4.4058	487.5758	2.4444	494.426
7965795	60000.0	16	18000.0	6.0058	494.426	3.3333	503.7651
7965447	55000.0	16	18000.0	5.5058	503.7651	3.0556	512.3265
7961748	69000.0	16	18000.0	6.9058	512.3265	3.8333	523.0656
7969752	47000.0	16	18000.0	4.7058	523.0656	2.6111	530.3824999999999
7965953	44000.0	17	24000.0	4.4058	385.7718	1.8333	392.0109
7966034	65000.0	17	24000.0	6.5058	392.0109	2.7083	401.225
7962601	56000.0	17	24000.0	5.6058	401.225	2.3333	409.1641
7966307	51000.0	17	24000.0	5.1058	409.1641	2.125	416.3949
7964263	44000.0	17	24000.0	4.4058	416.3949	1.8333	422.634
7965959	50000.0	17	24000.0	5.0058	422.634	2.0833	429.72310000000004
7963907	50000.0	17	24000.0	5.0058	429.7231	2.0833	436.8122
7962740	54000.0	17	24000.0	5.4058	436.8122	2.25	444.468
7966896	43000.0	17	24000.0	4.3058	444.468	1.7917	450.5655
7968943	60000.0	17	24000.0	6.0058	450.5655	2.5	459.0713
7965110	48000.0	17	24000.0	4.8058	459.0713	2.0	465.8771
7968650	51000.0	17	24000.0	5.1058	465.8771	2.125	473.1079
7961922	47000.0	17	24000.0	4.7058	473.1079	1.9583	479.772
7969939	50000.0	17	24000.0	5.0058	479.772	2.0833	486.8611
7968980	54000.0	17	24000.0	5.4058	486.8611	2.25	494.5169
7961570	60000.0	17	24000.0	6.0058	494.5169	2.5	503.02270000000004
7967069	48000.0	17	24000.0	4.8058	503.0227	2.0	509.82849999999996
7962428	58000.0	17	24000.0	5.8058	509.8285	2.4167	518.051
7960722	45000.0	18	30000.0	4.5058	321.4785	1.5	327.4843
7966664	51000.0	18	30000.0	5.1058	327.4843	1.7	334.2901
7969869	60000.0	18	30000.0	6.0058	334.2901	2.0	342.2959
7967204	62000.0	18	30000.0	6.2058	342.2959	2.0667	350.56840000000005
7963923	54000.0	18	30000.0	5.4058	350.5684	1.8	357.7742
7965594	64000.0	18	30000.0	6.4058	357.7742	2.1333	366.3133
7967755	50000.0	18	30000.0	5.0058	366.3133	1.6667	372.98580000000004
7962682	50000.0	18	30000.0	5.0058	372.9858	1.6667	379.6583
7969616	45000.0	18	30000.0	4.5058	379.6583	1.5	385.6641
7965518	56000.0	18	30000.0	5.6058	385.6641	1.8667	393.1366
7968919	49000.0	18	30000.0	4.9058	393.1366	1.6333	399.6757
7961394	53000.0	18	30000.0	5.3058	399.6757	1.7667	406.7482
7969205	48000.0	18	30000.0	4.8058	406.7482	1.6	413.154
7966827	50000.0	18	30000.0	5.0058	413.154	1.6667	419.8265
7967893	47000.0	18	30000.0	4.7058	419.8265	1.5667	426.09900000000005
7968517	51000.0	18	30000.0	5.1058	426.099	1.7	432.90479999999997
7961584	54000.0	18	30000.0	5.4058	432.9048	1.8	440.11060000000003
7969865	55000.0	19	30000.0	5.5058	257.1535	1.8333	264.49260000000004
7968748	46000.0	19	30000.0	4.6058	264.4926	1.5333	270.63169999999997
7968407	48000.0	19	30000.0	4.8058	270.6317	1.6	277.0375
7969832	52000.0	19	30000.0	5.2058	277.0375	1.7333	283.9766
7963484	49000.0	19	30000.0	4.9058	283.9766	1.6333	290.51570000000004
7965642	47000.0	19	30000.0	4.7058	290.5157	1.5667	296.7882
7963353	46000.0	19	30000.0	4.6058	296.7882	1.5333	302.9273
7966049	52000.0	19	30000.0	5.2058	302.9273	1.7333	309.8664
7961060	53000.0	19	30000.0	5.3058	309.8664	1.7667	316.9389
7961987	54000.0	19	30000.0	5.4058	316.9389	1.8	324.1447
7969895	46000.0	19	30000.0	4.6058	324.1447	1.5333	330.2838
7967386	54000.0	19	30000.0	5.4058	330.2838	1.8	337.4896
7960912	43000.0	19	30000.0	4.3058	337.4896	1.4333	343.22869999999995
7961891	45000.0	19	30000.0	4.5058	343.2287	1.5	349.2345
7968879	58000.0	19	30000.0	5.8058	349.2345	1.9333	356.9736
7960964	56000.0	19	30000.0	5.6058	356.9736	1.8667	364.44609999999994
7962309	52000.0	19	30000.0	5.2058	364.4461	1.7333	371.3852
7966802	43000.0	19	30000.0	4.3058	371.3852	1.4333	377.12429999999995
7962239	54000.0	19	30000.0	5.4058	377.1243	1.8	384.3301
9561837	1000.0	2	1000.0	0.1	47.6	1.0	48.7
7962552	53000.0	14	12000.0	5.3	517.483	4.4167	527.1996999999999
7969774	64000.0	15	16000.0	6.4	532.4375	4.0	542.8375
7965855	61000.0	16	18000.0	6.1058	529.3825	3.3889	538.8772000000001
7966582	54000.0	16	18000.0	5.4058	538.8772	3.0	547.283
7967610	48000.0	18	30000.0	4.8058	439.1106	1.6	445.5164
7967080	76000.0	4	4000.0	7.6038	12.1038	19.0	38.7076
