0.9037999999999999	0.77	0.3	1
2.4114	0.98	0.2	1
4.8228	0.75	0.3	1
7.138	0.9	0.3	1
10.357	0.95	0.3	1
14.1798	0.95	0.2	1
18.906399999999998	0.72	0.3	1
24.2368	0.98	0.2	1
30.171	1.0	0.2	1
36.709	0.95	0.2	1
43.85080000000001	0.86	0.2	1
50.59640000000001	0.96	0.2	1
58.24580000000001	0.75	0.3	1
66.49900000000001	0.93	0.2	1
75.35600000000001	0.93	0.2	1
84.8168	1.0	0.2	1
94.8814	0.89	0.2	1
105.5498	1.0	0.2	1
116.822	0.89	0.2	1
127.998	0.9	0.3	1
140.0778	0.93	0.3	1
152.7614	0.94	0.2	1
166.3488	1.0	0.3	1
180.54000000000002	0.87	0.2	1
