1.1	0.76	0.1	1
3.3000000000000003	0.66	0.1	1
6.6000000000000005	0.73	0.1	1
11.0	0.67	0.1	1
16.5	0.65	0.1	1
23.1	0.47	0.1	1
30.8	0.64	0.1	1
39.6	0.65	0.1	1
49.5	0.64	0.1	1
60.5	0.65	0.1	1
72.6	0.55	0.1	1
85.8	0.58	0.1	1
100.1	0.7	0.1	1
115.5	0.61	0.1	1
132.0	0.58	0.1	1
149.6	0.65	0.1	1
168.3	0.54	0.1	1
188.10000000000002	0.72	0.1	1
209.00000000000003	0.5	0.1	1
231.00000000000003	0.59	0.1	1
254.10000000000002	0.58	0.1	1
278.3	0.62	0.1	1
303.6	0.58	0.1	1
330.0	0.65	0.1	1
357.5	0.6	0.1	1
386.1	0.67	0.1	1
415.8	0.75	0.1	1
446.6	0.66	0.1	1
478.5	0.63	0.1	1
511.5	0.45	0.1	1
