41.34	0.06	15.5	1
115.7534	0.09	12.4	1
233.9068	0.06	16.4	1
388.06690000000003	0.07	13.5	1
579.567	0.05	14.0	1
811.6071000000001	0.07	15.2	1
1081.5206	0.05	14.2	1
1387.1741000000002	0.07	13.4	1
1715.7676000000001	0.06	8.6	1
2080.6345	0.07	13.6	1
2473.2414	0.06	10.4	1
2896.7882999999997	0.04	11.6	1
3347.5418999999997	0.06	10.2	1
3826.5688999999998	0.05	10.6	1
4338.135899999999	0.06	12.2	1
4879.0428999999995	0.06	11.0	1
5455.689899999999	0.05	13.4	1
6053.6768999999995	0.05	8.0	1
6686.870599999999	0.07	13.2	1
7345.137699999999	0.06	9.4	1
8035.411499999999	0.05	12.0	1
8756.892	0.06	11.7	1
9513.5792	0.08	13.2	1
10297.4731	0.06	10.2	1
11119.240399999999	0.06	14.2	1
11990.0811	0.06	18.4	1
12895.5952	0.08	13.0	1
13833.116	0.09	12.0	1
14809.5768	0.06	14.6	1
15811.6443	0.06	9.6	1
16848.3852	0.07	13.0	1
17928.8661	0.04	16.4	1
19034.4204	0.11	9.4	1
20166.6481	0.07	10.0	1
21321.282499999998	0.06	8.4	1
22512.723599999998	0.07	13.8	1
23729.771399999998	0.06	9.6	1
24998.825899999996	0.05	19.5	1
26297.220399999995	0.08	11.0	1
27621.221599999993	0.05	9.6	1
28982.829499999993	0.06	14.1	1
30382.310799999992	0.06	14.2	1
31813.26549999999	0.05	11.8	1
33273.02689999999	0.05	10.8	1
34781.32829999999	0.05	18.2	1
36328.569699999985	0.05	14.6	1
37915.55109999998	0.04	14.9	1
39543.60589999998	0.07	15.4	1
41203.66739999998	0.05	12.0	1
42908.00229999998	0.06	16.6	1
44642.21059999998	0.05	11.2	1
46423.89229999998	0.05	17.8	1
48246.913999999975	0.07	15.5	1
50108.875699999975	0.08	14.6	1
52003.377399999976	0.05	12.2	1
53934.68579999998	0.05	13.8	1
55896.66759999998	0.05	11.5	1
57883.72279999998	0.06	9.4	1
59912.38469999998	0.06	15.6	1
61986.38659999998	0.05	17.0	1
64085.99519999998	0.11	9.6	1
66220.81049999998	0.07	13.2	1
68384.16579999997	0.11	10.7	1
70583.26109999997	0.05	13.4	1
72813.82979999998	0.04	11.8	1
75077.00519999997	0.05	12.6	1
77380.18729999998	0.07	15.0	1
79715.37609999998	0.05	12.0	1
82084.70489999998	0.06	12.8	1
84500.17369999998	0.06	17.3	1
86941.78249999999	0.06	9.8	1
89418.06469999999	0.05	13.0	1
91922.35359999999	0.06	10.5	1
94462.91589999999	0.09	13.6	1
97040.8182	0.06	14.0	1
99650.1939	0.09	11.8	1
102305.443	0.06	17.2	1
104990.8321	0.06	11.3	1
107726.8946	0.05	19.0	1
110499.7638	0.05	13.8	1
113316.6397	0.06	16.5	1
116142.6556	0.77	3.8	1
118996.9449	0.03	10.6	1
121861.1076	0.75	3.7	1
124735.677	0.73	3.9	1
127642.7864	0.05	12.2	1
130560.30249999999	0.72	3.9	1
133491.1586	0.63	5.0	1
136434.2881	0.67	4.6	1
139534.6243	0.19	59.7	1
142679.2339	0.06	16.6	1
