29.7	0.07	13.2	1
81.45	0.06	9.8	1
164.7	0.05	14.0	1
277.2	0.09	13.0	1
425.7	0.05	16.0	1
602.55	0.07	12.6	1
806.625	0.07	12.1	1
1036.35	0.09	11.4	1
1292.175	0.06	11.6	1
1572.75	0.06	11.0	1
1881.225	0.05	12.4	1
2225.7	0.05	16.0	1
2595.375	0.1	11.2	1
3003.75	0.06	17.2	1
3449.025	0.06	16.4	1
3929.85	0.07	15.8	1
4445.1	0.06	15.3	1
4980.150000000001	0.05	8.8	1
5543.325000000001	0.05	12.5	1
6129.450000000001	0.05	10.2	1
6749.775000000001	0.07	15.2	1
7397.325000000001	0.05	12.1	1
8063.775000000001	0.05	8.4	1
8767.575	0.05	16.6	1
9495.675000000001	0.06	10.8	1
10251.225	0.05	12.2	1
11032.875	0.07	11.6	1
11838.375	0.04	10.6	1
12666.825	0.06	10.2	1
13524.525000000001	0.05	13.0	1
14404.725000000002	0.06	10.0	1
15311.475000000002	0.05	11.8	1
16244.325000000003	0.05	11.6	1
17208.225000000002	0.07	13.8	1
18202.275	0.04	13.4	1
19217.925000000003	0.06	9.6	1
20263.725000000002	0.05	13.4	1
21343.275	0.05	15.0	1
22446.0	0.06	10.3	1
23574.825	0.04	11.6	1
24727.05	0.06	10.4	1
25911.225	0.04	14.2	1
27128.699999999997	0.07	14.8	1
28369.574999999997	0.06	10.4	1
29637.674999999996	0.05	12.1	1
30941.549999999996	0.07	15.9	1
32281.424999999996	0.07	16.0	1
33652.35	0.06	13.8	1
35048.924999999996	0.06	11.4	1
36468.674999999996	0.05	10.3	1
37917.674999999996	0.05	13.0	1
39392.774999999994	0.05	11.6	1
40895.99999999999	0.05	12.5	1
42419.47499999999	0.05	9.0	1
43968.149999999994	0.06	11.2	1
45551.024999999994	0.04	15.2	1
47164.95	0.07	13.8	1
48812.075	0.05	15.2	1
50496.1	0.05	16.4	1
52216.575	0.06	16.2	1
53964.95	0.04	12.4	1
55741.225	0.04	12.4	1
57553.95	0.06	16.2	1
59398.174999999996	0.04	14.0	1
61270.74999999999	0.05	12.6	1
63172.57499999999	0.05	13.0	1
65101.39999999999	0.06	12.0	1
67054.07499999998	0.05	10.6	1
69044.99999999999	0.05	17.0	1
71073.04999999999	0.06	16.5	1
73132.15	0.05	13.8	1
75213.525	0.05	9.9	1
77323.92499999999	0.04	12.9	1
79469.42499999999	0.06	15.6	1
81643.72499999999	0.05	12.8	1
83843.22499999999	0.05	11.2	1
86073.325	0.09	13.6	1
88330.875	0.09	12.2	1
90621.95	0.04	14.9	1
92920.34999999999	0.71	3.7	1
95227.97499999999	0.72	4.1	1
97545.49999999999	0.69	4.4	1
99890.92499999999	0.09	12.4	1
102245.12499999999	0.76	3.9	1
104673.47499999999	0.03	33.4	1
