21.2667	0.05	11.6	1
68.5667	0.04	14.2	1
142.6334	0.07	14.6	1
236.1334	0.06	10.6	1
347.9667	0.06	10.0	1
486.93330000000003	0.06	14.8	1
646.0666	0.05	11.0	1
823.1666	0.05	9.8	1
1024.0999	0.06	13.0	1
1247.3999	0.04	12.2	1
1486.8332	0.06	8.8	1
1752.2998	0.07	14.2	1
2039.7664	0.09	12.0	1
2352.533	0.05	13.8	1
2692.4329	0.06	14.8	1
3056.5328	0.05	13.2	1
3439.6994	0.06	10.4	1
3845.7826999999997	0.08	12.5	1
4272.766	0.06	11.4	1
4721.199299999999	0.05	11.7	1
5189.432599999999	0.07	10.8	1
5682.965899999999	0.06	13.8	1
6195.5659	0.11	10.4	1
6730.5326	0.06	12.2	1
7286.399299999999	0.09	11.4	1
7862.065999999999	0.05	10.8	1
8458.632699999998	0.05	11.4	1
9073.899399999998	0.06	10.2	1
9712.266099999999	0.05	12.6	1
10372.999499999998	0.05	12.2	1
11054.999599999997	0.06	11.6	1
11755.699699999997	0.06	10.2	1
12478.033099999997	0.06	11.8	1
13219.799799999997	0.06	10.6	1
13988.883199999997	0.04	14.9	1
14781.066599999996	0.08	12.6	1
15598.183299999997	0.04	13.6	1
16434.733299999996	0.06	10.6	1
17294.749999999996	0.05	12.8	1
18175.299999999996	0.05	11.2	1
19077.483299999996	0.05	11.8	1
20000.566599999995	0.05	11.4	1
20943.999899999995	0.06	11.1	1
21908.333199999994	0.05	11.4	1
22891.733199999995	0.06	10.4	1
23901.533199999994	0.07	14.4	1
24930.399899999993	0.05	10.4	1
25981.26659999999	0.05	12.0	1
27050.466599999992	0.1	10.0	1
28140.56659999999	0.05	11.4	1
29254.49989999999	0.06	13.0	1
30393.73319999999	0.06	13.8	1
31559.916499999992	0.05	14.7	1
32752.133099999992	0.06	14.2	1
33966.34969999999	0.07	12.0	1
35203.48299999999	0.05	12.5	1
36467.016299999996	0.07	14.4	1
37756.582899999994	0.04	14.2	1
39068.14949999999	0.06	12.0	1
40396.94939999999	0.05	9.4	1
41752.69929999999	0.07	14.7	1
43133.38249999999	0.05	13.6	1
44535.33239999999	0.06	11.6	1
45954.88229999999	0.05	9.6	1
47398.26549999999	0.08	13.0	1
48862.181999999986	0.06	11.2	1
50347.73179999999	0.05	11.8	1
51852.53159999999	0.06	10.5	1
53376.764699999985	0.05	10.6	1
54918.59779999999	0.06	9.6	1
56485.73089999999	0.07	13.8	1
58078.16399999999	0.08	13.8	1
59690.21379999999	0.05	10.7	1
61320.96359999999	0.06	10.2	1
62967.84669999999	0.07	8.8	1
64633.79649999999	0.05	10.4	1
66319.91299999999	0.06	11.0	1
68026.19619999999	0.05	11.0	1
69751.91269999999	0.06	10.6	1
71494.86249999999	0.06	9.4	1
73261.279	0.07	12.8	1
75051.16219999999	0.05	12.8	1
76858.6454	0.07	9.6	1
78687.39529999999	0.06	11.6	1
80532.64519999998	0.05	9.0	1
82396.22839999998	0.05	10.0	1
84284.01159999998	0.08	13.2	1
86190.12809999999	0.06	10.0	1
88117.14459999999	0.06	11.4	1
90063.22779999998	0.06	10.4	1
92034.61099999998	0.06	13.8	1
94028.91089999997	0.06	12.5	1
96047.77749999997	0.05	13.4	1
98089.01079999997	0.05	12.2	1
100149.31079999998	0.06	10.4	1
102234.17749999998	0.05	13.4	1
104339.76089999998	0.06	11.3	1
106472.47759999998	0.04	14.8	1
108627.19429999999	0.04	12.0	1
110802.0777	0.06	11.0	1
112995.4778	0.06	10.1	1
115209.0446	0.05	11.0	1
117438.37809999999	0.05	8.6	1
119689.52829999999	0.05	11.9	1
121960.8452	0.05	11.0	1
124257.46209999999	0.06	13.8	1
126573.87899999999	0.1	10.8	1
128917.06259999999	0.05	14.6	1
131279.6795	0.1	10.6	1
133663.1964	0.06	11.4	1
136072.0133	0.07	13.8	1
138506.13019999999	0.06	13.8	1
140962.98039999997	0.09	12.4	1
143438.89729999998	0.06	10.4	1
145937.7309	0.05	12.5	1
148457.4645	0.06	11.4	1
150996.9981	0.06	10.8	1
153558.8984	0.08	12.2	1
156145.73200000002	0.06	13.6	1
158754.93230000001	0.05	12.2	1
161390.89930000002	0.06	14.6	1
164047.76630000002	0.06	11.4	1
166729.56660000002	0.04	13.6	1
169437.40020000003	0.05	14.2	1
172162.10050000003	0.07	9.2	1
174907.70080000002	0.06	11.4	1
177672.00110000002	0.06	10.2	1
180458.30140000003	0.08	12.0	1
183267.70170000003	0.05	12.6	1
186096.35200000004	0.06	10.5	1
188946.63560000004	0.09	11.8	1
191816.35250000004	0.05	10.6	1
194706.60270000005	0.06	11.2	1
197623.98620000004	0.06	14.8	1
200564.83640000003	0.07	12.8	1
203526.95330000002	0.05	11.6	1
206506.67020000002	0.06	9.6	1
209509.1204	0.09	12.4	1
212531.37060000002	0.06	10.8	1
215580.75410000002	0.04	14.8	1
218653.05430000002	0.05	12.5	1
221748.0878	0.04	12.4	1
224867.688	0.07	13.4	1
228013.6882	0.05	14.4	1
231183.1551	0.05	12.8	1
234374.2553	0.06	11.8	1
237588.45549999998	0.04	12.6	1
240829.23899999997	0.04	14.5	1
244090.73919999998	0.06	11.3	1
247369.47269999998	0.06	9.4	1
250673.32289999997	0.07	13.7	1
254004.30639999997	0.05	14.8	1
257353.9899	0.04	10.2	1
260727.5067	0.08	13.0	1
264119.7235	0.05	10.2	1
267533.5736	0.06	11.8	1
270974.55700000003	0.04	14.8	1
274431.67370000004	0.06	8.8	1
277906.20710000006	0.06	9.5	1
281397.6072000001	0.06	9.2	1
284916.1406000001	0.07	14.8	1
288455.2073000001	0.05	11.2	1
292020.6740000001	0.06	14.4	1
295611.07400000014	0.05	13.6	1
299227.8740000001	0.06	14.4	1
302864.8407000001	0.1	11.0	1
306524.90740000014	0.05	12.6	1
310212.10740000015	0.06	14.8	1
313924.4241000002	0.05	13.7	1
317657.64080000017	0.06	11.4	1
321412.85750000016	0.05	12.0	1
325191.90750000015	0.09	13.0	1
328997.35750000016	0.06	14.4	1
332825.1742000002	0.05	12.2	1
336675.7242000002	0.05	12.4	1
340551.57420000015	0.05	13.8	1
344451.99090000015	0.06	13.4	1
348373.67430000013	0.06	11.6	1
352316.25770000013	0.09	11.4	1
356284.1411000001	0.06	13.8	1
360274.39120000013	0.05	12.2	1
364281.50800000015	0.11	9.2	1
368309.52480000013	0.05	11.4	1
372362.10830000014	0.07	13.4	1
376439.6251000001	0.07	13.6	1
380537.6752000001	0.06	11.2	1
384655.3420000001	0.05	10.7	1
388799.04210000014	0.07	14.2	1
392968.1422000001	0.05	14.4	1
397160.5256000001	0.05	12.7	1
401376.3757000001	0.05	12.8	1
405616.7925000001	0.06	13.4	1
409883.2426000001	0.06	14.2	1
414174.9927000001	0.06	13.8	1
418489.8428000001	0.06	12.6	1
422811.1096000001	0.84	3.5	1
427155.84310000006	0.07	12.8	1
431521.47660000005	0.1	11.4	1
435894.81010000006	0.73	4.2	1
440293.07690000004	0.05	13.6	1
444714.07700000005	0.05	12.4	1
449158.17710000003	0.09	12.6	1
453626.29390000005	0.06	13.1	1
458118.24400000006	0.07	13.0	1
462631.46080000006	0.05	11.6	1
467166.4943000001	0.05	11.9	1
471723.5278000001	0.05	12.0	1
476300.3613000001	0.09	10.8	1
480899.9281000001	0.05	12.4	1
485519.2949000001	0.06	10.8	1
490159.1950000001	0.05	11.2	1
494824.7618000001	0.04	14.0	1
499515.6286000001	0.08	13.8	1
504231.7954000001	0.08	13.8	1
508970.69550000015	0.09	12.4	1
513729.7623000001	0.06	11.0	1
518508.2624000001	0.06	10.6	1
523308.3958000001	0.05	11.8	1
528125.7625000001	0.06	9.4	1
532962.9292	0.06	10.8	1
537824.2959	0.07	13.2	1
542712.0626000001	0.06	14.4	1
547619.996	0.05	11.0	1
552553.2294000001	0.06	13.8	1
557512.4961000001	0.08	14.2	1
562494.4961000001	0.05	12.4	1
567503.2628000001	0.07	14.6	1
572534.0295000002	0.04	12.0	1
577592.1129000002	0.04	14.9	1
582676.5963000002	0.07	14.4	1
587784.1797000002	0.05	12.6	1
592914.1298000002	0.05	12.2	1
598068.6466000002	0.05	13.4	1
603243.6967000002	0.05	11.2	1
608440.7468000002	0.05	12.0	1
613664.9302000002	0.04	14.8	1
618895.6303000002	0.71	4.1	1
624134.3971000002	0.65	4.4	1
629380.4972000002	0.73	4.0	1
634650.7973000002	0.04	13.2	1
639929.1641000002	0.69	4.4	1
645229.8976000001	0.09	12.2	1
650539.0644000001	0.67	4.6	1
655855.5645000001	0.74	4.0	1
