22.425	0.06	13.8	1
66.1375	0.05	13.1	1
129.675	0.07	12.2	1
212.0625	0.05	11.6	1
314.925	0.05	12.6	1
441.35	0.05	14.5	1
581.425	0.09	8.4	1
737.0999999999999	0.06	9.6	1
916.175	0.05	14.4	1
1113.125	0.09	11.0	1
1325.025	0.06	9.2	1
1552.8500000000001	0.05	9.8	1
1797.25	0.06	10.2	1
2059.85	0.08	11.2	1
2339.675	0.06	10.6	1
2637.05	0.05	10.8	1
2958.4750000000004	0.07	14.8	1
3303.1375000000003	0.06	14.3	1
3665.3500000000004	0.06	10.8	1
4050.3125000000005	0.07	14.0	1
4457.8625	0.07	13.9	1
4888.4875	0.06	14.2	1
5336.6625	0.07	10.8	1
5802.875	0.06	11.1	1
6291.8375	0.07	14.0	1
6799.65	0.05	11.6	1
7329.5625	0.05	13.6	1
7877.025	0.06	10.8	1
8442.85	0.06	11.3	1
9026.875	0.05	11.2	1
9629.5875	0.05	11.5	1
10250.5	0.06	11.2	1
10891.2375	0.05	12.2	1
11548.875	0.1	10.4	1
12229.75	0.03	14.3	1
12927.85	0.06	10.6	1
13646.75	0.07	12.8	1
14385.8	0.09	12.4	1
15146.4625	0.05	13.3	1
15925.65	0.05	11.4	1
16727.2625	0.07	13.8	1
17547.725000000002	0.05	11.6	1
18388.987500000003	0.05	12.8	1
19248.450000000004	0.05	11.2	1
20129.687500000004	0.07	13.4	1
21030.100000000002	0.05	11.8	1
21950.987500000003	0.04	12.6	1
22893.325000000004	0.07	13.2	1
23859.875000000004	0.05	14.9	1
24842.675000000003	0.06	10.0	1
25842.050000000003	0.06	10.2	1
26864.825000000004	0.07	14.4	1
27907.100000000006	0.05	12.0	1
28969.200000000004	0.05	12.2	1
30053.237500000003	0.05	13.5	1
31160.675000000003	0.07	14.4	1
32286.9625	0.08	11.6	1
33432.425	0.05	11.8	1
34598.037500000006	0.06	12.4	1
35785.425	0.07	13.4	1
36986.787500000006	0.06	8.6	1
38210.575000000004	0.07	13.8	1
39456.787500000006	0.07	13.8	1
40719.575000000004	0.05	10.2	1
41995.3625	0.06	8.0	1
43292.925	0.07	13.4	1
44611.9375	0.05	13.2	1
45953.05	0.07	13.6	1
47317.4	0.07	14.3	1
48702.55	0.05	12.8	1
50105.25	0.06	10.8	1
51527.775	0.05	12.2	1
52966.225	0.05	9.8	1
54422.549999999996	0.06	11.0	1
55895.12499999999	0.05	10.0	1
57390.774999999994	0.05	14.2	1
58899.424999999996	0.06	8.0	1
60427.24999999999	0.04	11.8	1
61973.59999999999	0.04	11.4	1
63539.44999999999	0.07	12.0	1
65125.77499999999	0.05	12.6	1
66730.29999999999	0.05	11.2	1
68351.72499999999	0.06	10.4	1
69994.43749999999	0.05	13.1	1
71654.04999999999	0.06	10.4	1
73334.4625	0.07	12.8	1
75036.0	0.05	13.0	1
76757.3625	0.08	12.2	1
78500.0125	0.05	13.1	1
80262.8125	0.06	12.4	1
82047.7125	0.08	13.6	1
83856.3375	0.06	14.6	1
85681.2125	0.11	10.0	1
87529.48749999999	0.03	14.4	1
89395.31249999999	0.06	10.8	1
91282.58749999998	0.06	13.2	1
93193.91249999998	0.06	14.8	1
95126.03749999998	0.05	12.8	1
97079.93749999997	0.06	13.4	1
99055.28749999998	0.07	13.2	1
101051.27499999998	0.06	12.7	1
103067.41249999998	0.07	12.4	1
105106.62499999997	0.06	14.2	1
107168.91249999998	0.06	14.2	1
109253.94999999998	0.07	14.0	1
111359.46249999998	0.04	12.6	1
113481.87499999999	0.05	10.4	1
115620.04999999999	0.06	9.7	1
117779.025	0.06	12.8	1
119954.9	0.06	10.4	1
122153.2	0.07	13.8	1
124371.97499999999	0.05	12.6	1
126611.87499999999	0.04	13.0	1
128869.64999999998	0.05	11.0	1
131146.27499999997	0.05	11.6	1
133438.82499999995	0.07	9.8	1
135753.14999999997	0.07	13.4	1
138090.71249999997	0.06	14.3	1
140449.07499999995	0.04	12.8	1
142821.08749999997	0.06	8.4	1
145210.32499999995	0.05	10.6	1
147614.18749999994	0.06	9.0	1
150039.49999999994	0.06	13.2	1
152480.24999999994	0.06	9.5	1
154940.49999999994	0.05	12.0	1
157421.87499999994	0.08	13.0	1
159923.07499999995	0.08	12.2	1
162444.09999999995	0.07	12.2	1
164982.02499999994	0.06	10.4	1
167537.82499999992	0.1	11.0	1
170108.89999999994	0.06	9.4	1
172700.44999999992	0.07	12.6	1
175314.09999999992	0.04	13.6	1
177944.6499999999	0.06	10.4	1
180593.0749999999	0.05	11.0	1
183265.5499999999	0.06	14.8	1
185958.1749999999	0.06	12.4	1
188675.0124999999	0.07	14.9	1
191413.4624999999	0.04	13.3	1
194170.4374999999	0.09	11.4	1
196944.9624999999	0.07	10.8	1
199741.09999999992	0.07	13.3	1
202551.86249999993	0.06	9.0	1
205374.64999999994	0.06	7.4	1
208217.09999999995	0.09	12.1	1
211080.67499999996	0.07	13.0	1
213966.34999999995	0.08	13.6	1
216871.52499999994	0.09	12.0	1
219797.17499999993	0.05	12.6	1
222737.44999999992	0.05	9.0	1
225698.19999999992	0.05	12.6	1
228673.2499999999	0.05	8.8	1
231668.1249999999	0.06	12.2	1
234676.97499999992	0.06	8.6	1
237707.59999999992	0.06	13.4	1
240753.17499999993	0.06	9.2	1
243815.48749999993	0.06	10.3	1
246894.37499999994	0.06	10.2	1
249990.81249999994	0.04	10.8	1
253109.34999999995	0.07	13.6	1
256249.98749999996	0.07	13.6	1
259412.39999999997	0.06	13.4	1
262595.2875	0.07	12.6	1
265791.175	0.06	8.0	1
269007.5375	0.05	12.6	1
272245.35	0.05	13.2	1
275502.01249999995	0.05	11.6	1
278774.92499999993	0.05	10.0	1
282063.76249999995	0.06	9.8	1
285368.19999999995	0.06	9.6	1
288690.18749999994	0.05	10.8	1
292028.42499999993	0.07	10.0	1
295387.7874999999	0.05	13.0	1
298765.99999999994	0.09	11.6	1
302162.08749999997	0.05	11.0	1
305575.07499999995	0.11	10.4	1
309011.11249999993	0.06	14.8	1
312468.92499999993	0.07	13.4	1
315950.7874999999	0.06	14.8	1
319454.42499999993	0.05	13.4	1
322973.6624999999	0.06	9.6	1
326514.18749999994	0.06	13.1	1
330078.92499999993	0.06	14.9	1
333662.8374999999	0.06	11.8	1
337270.1499999999	0.04	14.4	1
340900.5374999999	0.07	14.2	1
344552.6999999999	0.05	13.4	1
348224.3624999999	0.06	12.0	1
351910.64999999985	0.06	9.0	1
355619.3624999999	0.07	13.8	1
359349.52499999985	0.05	13.2	1
363101.46249999985	0.06	13.4	1
366871.27499999985	0.05	11.0	1
370662.69999999984	0.05	13.3	1
374473.2999999998	0.05	11.8	1
378304.0499999998	0.05	12.4	1
382156.4124999998	0.08	13.3	1
386028.7624999998	0.05	12.3	1
389921.2624999998	0.09	12.4	1
393836.5124999998	0.07	14.0	1
397769.31249999977	0.06	10.8	1
401721.61249999976	0.05	12.0	1
405692.11249999976	0.05	11.2	1
409686.0124999998	0.06	14.4	1
413700.3874999998	0.04	12.6	1
417728.73749999976	0.05	8.6	1
421774.96249999973	0.06	11.0	1
425839.71249999973	0.06	11.4	1
429922.98749999976	0.05	11.4	1
434024.1374999998	0.05	11.0	1
438142.8374999998	0.05	10.8	1
442283.6374999998	0.07	13.6	1
446444.9124999998	0.05	12.6	1
450626.0124999998	0.05	12.2	1
454825.6374999998	0.06	11.4	1
459048.6624999998	0.06	14.4	1
463293.1374999998	0.04	13.2	1
467556.1374999998	0.06	11.4	1
471839.61249999976	0.05	12.6	1
476142.56249999977	0.05	12.6	1
480452.98749999976	0.66	4.6	1
484771.53749999974	0.64	5.0	1
489096.09999999974	0.74	3.7	1
