18.0502	0.04	11.6	1
56.950599999999994	0.05	13.4	1
109.2346	0.06	8.6	1
181.4355	0.05	12.8	1
275.42	0.05	14.0	1
389.47700000000003	0.07	12.9	1
531.2287	0.05	17.8	1
693.5195	0.07	13.2	1
877.4383	0.05	13.9	1
1077.5407	0.1	10.4	1
1300.6711	0.06	14.8	1
1544.0295	0.07	13.0	1
1802.9493000000002	0.05	10.0	1
2083.9638000000004	0.05	14.2	1
2382.0952000000007	0.06	11.0	1
2697.343500000001	0.05	11.0	1
3032.8198000000007	0.04	13.0	1
3386.6575000000007	0.05	11.8	1
3763.5232000000005	0.06	14.8	1
4157.505800000001	0.06	11.0	1
4569.227500000001	0.06	11.4	1
5000.555000000001	0.05	12.6	1
5453.977200000001	0.07	14.2	1
5925.760800000001	0.05	11.8	1
6413.728000000001	0.06	10.4	1
6918.189900000001	0.05	10.6	1
7443.813200000001	0.09	13.6	1
7991.220100000001	0.07	14.0	1
8558.855000000001	0.07	13.0	1
9147.1846	0.05	13.3	1
9752.32	0.06	10.8	1
10375.1945	0.06	11.4	1
11015.1859	0.05	11.0	1
11672.760900000001	0.04	11.3	1
12348.697300000002	0.05	11.8	1
13040.817300000002	0.1	10.4	1
13751.920900000003	0.07	12.2	1
14481.697000000004	0.06	12.0	1
15234.190000000004	0.05	14.6	1
16005.511000000004	0.06	12.1	1
16795.815600000005	0.06	12.2	1
17600.126000000004	0.06	9.0	1
18427.153300000005	0.06	14.6	1
19268.497500000005	0.06	9.2	1
20128.514200000005	0.05	12.0	1
21008.758900000004	0.07	13.0	1
21909.853800000004	0.05	13.4	1
22830.243400000003	0.07	12.4	1
23767.749900000003	0.05	11.0	1
24721.7511	0.05	10.6	1
25698.9359	0.04	14.9	1
26694.637600000002	0.05	11.9	1
27712.122900000002	0.05	14.0	1
28750.769600000003	0.06	13.6	1
29811.511000000002	0.06	14.2	1
30889.2138	0.06	10.9	1
31984.3446	0.05	11.2	1
33098.459	0.05	12.2	1
34235.6014	0.05	14.8	1
35386.1274	0.06	8.6	1
36559.5259	0.04	14.7	1
37753.774600000004	0.07	13.4	1
38969.495800000004	0.04	13.8	1
40201.71170000001	0.06	10.6	1
41452.60010000001	0.06	12.0	1
42720.29430000001	0.07	10.8	1
44004.79430000001	0.05	10.8	1
45307.34450000001	0.04	11.6	1
46632.611600000004	0.08	14.6	1
47980.2845	0.05	14.4	1
49345.6965	0.06	11.4	1
50732.7365	0.06	13.9	1
52133.4712	0.06	8.8	1
53556.6117	0.06	14.4	1
55001.6913	0.04	14.1	1
56468.2434	0.06	13.8	1
57950.3569	0.06	10.0	1
59453.9429	0.05	13.8	1
60973.4014	0.07	10.2	1
62514.643500000006	0.07	14.0	1
64073.0025	0.05	11.0	1
65646.9229	0.05	10.0	1
67241.69350000001	0.05	13.4	1
68858.8699	0.06	14.4	1
70495.6521	0.05	12.6	1
72147.9957	0.06	10.0	1
73822.5895	0.04	14.3	1
75520.2113	0.06	14.8	1
77235.8833	0.04	11.6	1
78971.4722	0.04	12.8	1
80727.28910000001	0.06	13.0	1
82499.60070000001	0.09	10.6	1
84294.00700000001	0.04	14.2	1
86106.46350000001	0.06	11.6	1
87935.25910000001	0.06	10.5	1
89780.5494	0.06	10.6	1
91641.8677	0.05	10.3	1
93523.5696	0.04	13.1	1
95426.8995	0.08	13.9	1
97352.6352	0.06	14.4	1
99297.04340000001	0.06	12.0	1
101264.16850000001	0.07	14.6	1
103249.34380000002	0.07	11.6	1
105254.12490000002	0.04	12.6	1
107280.06740000003	0.06	13.6	1
109323.43790000003	0.05	11.2	1
111384.23640000004	0.05	11.2	1
113467.75180000004	0.06	14.6	1
115565.27300000004	0.07	9.0	1
117685.51110000005	0.05	14.6	1
119824.57720000004	0.04	12.1	1
121979.82690000004	0.06	10.4	1
124154.37130000004	0.05	12.4	1
126346.96590000004	0.06	11.6	1
128560.09960000005	0.08	13.2	1
130792.06130000004	0.05	12.1	1
133045.49550000005	0.06	13.8	1
135315.11330000006	0.06	10.4	1
137606.82580000005	0.06	14.2	1
139921.56630000006	0.07	14.8	1
142251.86820000006	0.06	10.0	1
144600.22030000004	0.05	11.6	1
146970.04490000004	0.07	13.8	1
149357.29750000004	0.06	11.2	1
151764.77810000005	0.06	13.0	1
154192.17560000005	0.07	12.8	1
156637.62330000004	0.05	11.6	1
159102.36570000002	0.06	12.4	1
161584.53610000003	0.06	11.2	1
164081.95670000004	0.06	9.8	1
166595.09420000005	0.05	10.1	1
169123.17080000005	0.05	9.6	1
171670.85320000004	0.06	12.6	1
174239.69700000004	0.05	13.6	1
176825.03550000006	0.06	10.6	1
179432.31310000006	0.04	14.1	1
182062.61870000005	0.08	14.8	1
184710.50790000006	0.05	11.3	1
187377.69180000006	0.05	12.4	1
190064.48150000005	0.05	12.6	1
192771.18810000006	0.07	12.8	1
195490.03380000006	0.09	7.8	1
198225.68530000007	0.05	10.8	1
200975.65370000008	0.06	9.2	1
203748.02790000007	0.05	14.4	1
206537.5190000001	0.06	11.0	1
209349.7270000001	0.06	14.6	1
212182.31860000012	0.06	13.1	1
215029.84930000012	0.06	9.6	1
217893.87470000013	0.1	10.6	1
220774.08370000013	0.05	10.4	1
223672.96520000012	0.06	12.0	1
226591.76360000012	0.07	12.8	1
229529.54560000013	0.05	12.2	1
232490.04450000013	0.06	14.6	1
235468.59360000014	0.05	11.6	1
238467.68180000014	0.05	13.2	1
241488.55360000013	0.06	14.0	1
244525.92010000013	0.06	10.6	1
247581.95910000012	0.06	12.0	1
250659.47060000012	0.05	13.8	1
253755.96570000012	0.06	12.2	1
256874.86660000012	0.06	14.4	1
260016.0177000001	0.05	14.3	1
263173.66350000014	0.05	10.6	1
266352.4707000001	0.05	13.6	1
269552.43930000014	0.08	13.6	1
272773.10260000016	0.05	13.3	1
276016.4828000002	0.05	14.6	1
279278.5355000002	0.05	12.0	1
282560.8162000002	0.05	13.0	1
285861.76940000016	0.06	12.0	1
289176.41730000015	0.06	8.8	1
292506.9377000001	0.11	10.2	1
295860.48610000015	0.08	14.8	1
299237.0625000002	0.06	14.8	1
302634.0225000002	0.04	13.1	1
306047.1661000002	0.06	10.4	1
309479.2933000002	0.04	12.2	1
312929.1596000002	0.06	11.4	1
316394.5873000002	0.05	10.0	1
319876.1986000002	0.05	10.4	1
323373.0601000002	0.07	9.8	1
326883.3052000002	0.06	8.6	1
330408.1783000002	0.05	9.4	1
333952.0350000002	0.05	12.2	1
337515.8086000002	0.05	12.8	1
341094.5213000002	0.06	9.6	1
344695.0176000002	0.05	14.0	1
348310.7641000002	0.1	9.8	1
351946.11640000023	0.05	12.6	1
355597.65230000025	0.05	10.4	1
359265.37180000026	0.06	10.4	1
362953.71930000023	0.04	13.9	1
366648.4504000002	0.73	4.1	1
370359.6762000002	0.05	10.6	1
374091.44110000023	0.07	13.2	1
377845.30070000025	0.05	14.2	1
381617.5217000003	0.09	11.8	1
385409.9707000003	0.08	13.0	1
389215.49220000027	0.09	8.4	1
393041.08620000025	0.05	12.9	1
396885.6638000003	0.07	12.2	1
400748.6028000003	0.05	11.8	1
404627.4143000003	0.05	10.2	1
408525.83160000027	0.07	12.6	1
412446.34360000025	0.06	14.2	1
416382.72810000024	0.05	10.2	1
420341.8295000002	0.06	14.6	1
424318.9811000002	0.05	11.6	1
428316.6718000002	0.05	13.2	1
432329.76830000017	0.08	9.9	1
436349.40390000015	0.71	4.2	1
440383.35640000016	0.06	9.2	1
444437.8480000002	0.05	13.2	1
448509.14540000015	0.07	10.8	1
452601.91530000017	0.06	13.8	1
456714.6021000002	0.07	12.8	1
460842.85030000017	0.06	10.0	1
464985.72650000016	0.06	9.4	1
469149.91960000014	0.07	13.7	1
473334.3407000001	0.05	13.0	1
477537.43430000014	0.09	12.0	1
481761.37810000015	0.05	13.4	1
486008.34990000015	0.06	14.8	1
490277.03860000015	0.05	14.6	1
494553.0442000001	0.64	4.7	1
498836.05560000014	0.68	4.5	1
503126.07280000014	0.68	4.5	1
507423.71800000017	0.62	4.9	1
511741.9023000002	0.05	13.2	1
516066.7813000002	0.7	4.3	1
520408.1550000002	0.04	10.6	1
524756.3789000002	0.72	4.4	1
529112.8530000002	0.62	5.3	1
