12.2725	0.07	9.2	1
41.6175	0.07	12.8	1
91.9016	0.05	15.7	1
164.8582	0.04	17.0	1
258.8873	0.06	15.8	1
372.3889	0.06	14.6	1
505.8963	0.05	15.0	1
659.9428	0.06	15.4	1
840.7951	0.04	20.1	1
1048.1865	0.05	19.9	1
1275.8504	0.06	15.2	1
1526.0534	0.06	16.9	1
1796.2622000000001	0.05	15.0	1
2087.0101	0.06	15.4	1
2400.1638	0.04	16.8	1
2730.9233	0.07	13.2	1
3076.3553	0.05	11.0	1
3441.7931000000003	0.06	15.0	1
3828.57	0.05	16.0	1
4235.3527	0.06	15.0	1
4662.9412	0.05	15.6	1
5111.3355	0.06	15.6	1
5577.0689	0.06	13.0	1
6060.674800000001	0.05	13.4	1
6561.3532000000005	0.04	12.8	1
7076.0374	0.07	10.5	1
7613.5274	0.06	17.1	1
8170.4899000000005	0.05	14.6	1
8753.458200000001	0.05	19.5	1
9357.365600000001	0.06	15.7	1
9981.5455	0.06	15.2	1
10620.6645	0.06	11.2	1
11280.856000000002	0.06	15.8	1
11960.520000000002	0.06	14.6	1
12660.989800000003	0.05	15.6	1
13379.332100000003	0.06	13.4	1
14115.546900000003	0.06	13.4	1
14876.300800000003	0.04	18.4	1
15651.460500000003	0.06	10.8	1
16449.559300000004	0.06	17.2	1
17270.063900000005	0.06	16.8	1
18109.241000000005	0.04	14.0	1
18962.557200000007	0.05	10.6	1
19834.679200000006	0.07	14.1	1
20723.740300000005	0.04	12.7	1
21632.273900000004	0.06	14.6	1
22556.280000000002	0.05	11.6	1
23501.625200000002	0.06	16.0	1
24465.376200000002	0.06	13.8	1
25454.8663	0.05	19.3	1
26459.5622	0.07	11.4	1
27484.530600000002	0.05	15.2	1
28526.571500000002	0.07	12.8	1
29586.751500000002	0.05	13.6	1
30665.604000000003	0.07	14.0	1
31766.862300000004	0.06	16.8	1
32887.8597	0.05	14.8	1
34023.2629	0.07	10.8	1
35182.4052	0.05	17.8	1
36359.9533	0.06	13.8	1
37557.5072	0.06	15.0	1
38770.8002	0.06	11.8	1
40003.299	0.07	14.4	1
41256.0703	0.06	15.2	1
42526.4474	0.07	13.2	1
43816.563599999994	0.05	14.8	1
45124.552299999996	0.07	13.4	1
46452.413499999995	0.04	14.9	1
47802.54719999999	0.06	16.7	1
49166.5534	0.1	10.4	1
50547.098699999995	0.05	12.4	1
51946.716499999995	0.07	14.3	1
53360.20679999999	0.06	10.4	1
54785.96959999999	0.06	9.2	1
56230.40489999999	0.05	14.0	1
57692.17929999999	0.06	13.0	1
59175.026199999986	0.06	15.8	1
60672.01219999998	0.06	10.6	1
62189.003999999986	0.06	15.0	1
63723.60159999999	0.05	13.2	1
65273.404999999984	0.06	11.4	1
66847.21419999999	0.06	18.0	1
68442.36249999999	0.05	16.0	1
70055.91659999998	0.07	13.8	1
71684.14319999998	0.06	11.0	1
73325.97559999998	0.05	10.2	1
74984.34709999997	0.05	12.4	1
76663.39109999996	0.06	15.5	1
78366.57419999996	0.05	18.1	1
80085.49639999996	0.07	11.8	1
81822.55769999996	0.05	13.6	1
83579.75809999996	0.05	15.1	1
85353.23099999996	0.06	12.2	1
87144.57639999996	0.07	13.4	1
88951.66089999996	0.04	11.8	1
90780.88449999996	0.06	16.6	1
92631.71389999996	0.06	16.2	1
94505.21579999996	0.06	17.0	1
96399.79019999996	0.06	15.8	1
98313.97039999996	0.06	14.7	1
100241.75639999995	0.06	10.2	1
102186.34819999995	0.07	12.6	1
104152.01249999995	0.06	15.8	1
106139.01589999995	0.07	16.0	1
108138.55839999995	0.08	9.4	1
110158.37339999995	0.05	15.2	1
112194.72749999995	0.09	12.4	1
114251.22069999995	0.04	15.1	1
116323.45299999995	0.05	11.8	1
118409.55779999995	0.06	10.4	1
120518.33509999995	0.06	17.0	1
122647.91819999996	0.06	15.6	1
124812.30709999996	0.03	26.1	1
126997.50179999995	0.06	15.6	1
129210.30229999995	0.04	20.7	1
131436.97529999996	0.06	10.4	1
133684.05409999995	0.06	15.3	1
135946.20539999995	0.06	11.3	1
138230.22919999994	0.05	16.4	1
140530.25879999995	0.05	12.0	1
142847.62749999994	0.07	13.0	1
145182.86869999993	0.07	13.4	1
147540.91569999992	0.06	17.1	1
149922.96849999993	0.05	18.0	1
152318.36039999992	0.1	10.0	1
154737.2247999999	0.06	17.6	1
157177.9616999999	0.05	16.4	1
159641.7710999999	0.05	17.3	1
162126.7862999999	0.07	15.9	1
164631.8072999999	0.06	15.0	1
167158.1673999999	0.06	16.0	1
169709.4665999999	0.03	18.7	1
172279.17159999989	0.05	13.8	1
174865.68239999987	0.07	12.6	1
177473.79899999988	0.06	16.2	1
180103.6546999999	0.06	16.3	1
182749.7828999999	0.06	12.2	1
185412.0501999999	0.06	12.1	1
188094.5899999999	0.05	15.2	1
190793.6688999999	0.05	12.4	1
193508.2202999999	0.05	11.6	1
196239.9774999999	0.09	12.9	1
198986.4071999999	0.05	11.0	1
201746.1759999999	0.06	10.0	1
204525.6838999999	0.06	14.8	1
207322.2642999999	0.06	12.8	1
210132.7171999999	0.1	10.4	1
212959.1758999999	0.05	12.0	1
215801.9070999999	0.05	12.2	1
218656.1107999999	0.11	8.6	1
221531.3869999999	0.06	15.8	1
224428.4022999999	0.06	16.3	1
227343.0233999999	0.07	13.2	1
230268.85029999987	0.06	8.4	1
233217.74969999987	0.06	17.3	1
236178.38819999987	0.07	8.8	1
239159.56579999987	0.05	15.4	1
242157.81589999987	0.05	12.8	1
245176.07179999986	0.06	15.0	1
248211.13349999985	0.05	12.6	1
251260.86769999986	0.06	11.0	1
254327.94099999985	0.07	13.0	1
257409.68679999985	0.06	11.0	1
260513.17169999986	0.04	16.3	1
263639.5956999999	0.06	17.2	1
266786.0254999999	0.08	15.0	1
269947.66109999985	0.04	11.4	1
273131.56919999985	0.05	16.7	1
276334.4163999999	0.06	14.2	1
279560.20269999985	0.05	17.2	1
282801.1947999998	0.1	11.4	1
286056.0593999998	0.05	10.4	1
289334.6630999998	0.05	17.8	1
292626.33929999976	0.06	9.8	1
295932.1545999998	0.05	10.6	1
299251.57569999975	0.06	10.2	1
302586.46929999976	0.05	11.6	1
305938.70199999976	0.05	13.0	1
309311.2071999998	0.07	15.2	1
312703.85149999976	0.07	15.1	1
316113.03489999974	0.06	12.4	1
319537.15739999973	0.05	11.2	1
322993.41899999976	0.04	24.1	1
326465.41969999974	0.08	11.8	1
329954.22619999974	0.05	12.6	1
333457.70519999973	0.1	11.0	1
336985.0566999997	0.05	17.9	1
340535.34729999973	0.05	17.2	1
344108.3103999997	0.05	17.0	1
347705.54599999974	0.05	18.2	1
351325.7206999997	0.05	17.2	1
354961.10119999974	0.05	11.4	1
358606.8874999997	0.06	7.8	1
362274.8128999997	0.05	16.6	1
365963.27739999973	0.05	15.4	1
369666.4143999997	0.06	11.0	1
373384.7571999997	0.05	11.4	1
377124.4390999997	0.06	16.0	1
380877.1934999997	0.1	9.8	1
384645.1536999997	0.05	11.4	1
388427.1196999997	0.06	10.5	1
392224.35819999967	0.09	12.2	1
396035.20249999966	0.05	10.2	1
399868.71929999965	0.03	17.0	1
403716.37519999966	0.04	10.6	1
407581.63689999963	0.08	13.2	1
411468.6376999996	0.06	16.3	1
415376.4442999996	0.06	15.6	1
419304.65669999964	0.05	15.3	1
423254.20819999964	0.06	16.0	1
427224.29879999964	0.04	15.4	1
431214.92849999963	0.06	15.4	1
435231.2972999996	0.05	19.3	1
439273.1385999996	0.05	19.1	1
443330.9856999996	0.05	12.0	1
447394.57189999963	0.69	4.3	1
451471.23059999966	0.05	9.8	1
455570.02839999966	0.06	16.6	1
459687.36529999966	0.07	13.9	1
463824.70799999963	0.06	15.0	1
467983.7897999996	0.05	16.3	1
472161.01069999964	0.07	13.6	1
476359.30409999966	0.06	15.8	1
480578.8032999997	0.04	15.9	1
484822.8415999997	0.05	18.4	1
489089.9523999997	0.05	17.3	1
493377.3356999997	0.06	15.2	1
497687.1247999997	0.05	16.8	1
502018.2529999997	0.06	16.0	1
506374.58699999965	0.05	18.9	1
510735.99349999963	0.8	3.8	1
515111.00579999964	0.06	10.2	1
519504.95719999966	0.05	14.2	1
523922.51439999964	0.05	17.7	1
528355.0106999996	0.05	11.2	1
532804.8460999996	0.05	13.0	1
537270.4205999996	0.07	11.8	1
541754.4008999997	0.07	13.8	1
546258.6536999997	0.06	15.2	1
550775.9789999997	0.05	9.8	1
555318.9100999997	0.05	19.2	1
559880.7802999998	0.04	14.2	1
564465.0562999997	0.04	16.8	1
569071.0713999997	0.06	16.3	1
573699.2255999997	0.06	16.6	1
578344.4522999997	0.05	12.8	1
583007.0180999996	0.05	13.0	1
587696.1229999997	0.05	19.9	1
592406.1669999997	0.04	15.7	1
597136.2167999997	0.06	15.0	1
601871.0056999997	0.7	4.3	1
606612.3336999997	0.64	4.9	1
611360.2007999998	0.65	4.9	1
616113.0069999998	0.73	3.7	1
