36.8067	0.07	13.8	1
100.8201	0.05	10.2	1
202.7069	0.06	14.2	1
340.8671	0.04	13.6	1
514.5007	0.05	13.3	1
708.941	0.09	7.8	1
933.788	0.05	11.4	1
1213.8417	0.03	20.7	1
1529.6354	0.05	13.4	1
1876.9025	0.06	11.8	1
2254.5762999999997	0.05	11.4	1
2658.9235	0.06	10.0	1
3110.2106999999996	0.05	17.6	1
3592.9712999999997	0.05	11.8	1
4106.671899999999	0.06	11.6	1
4666.779199999999	0.06	17.4	1
5257.293199999999	0.05	11.4	1
5887.280599999999	0.06	14.8	1
6547.407999999999	0.05	11.3	1
7241.675399999999	0.06	12.8	1
7961.549499999999	0.06	9.6	1
8720.363599999999	0.05	14.6	1
9517.5844	0.07	14.4	1
10352.145199999999	0.07	14.0	1
11214.979399999998	0.06	10.6	1
12115.686999999998	0.05	14.2	1
13052.667999999998	0.07	13.6	1
14031.788999999997	0.06	15.8	1
15035.449999999997	0.06	9.2	1
16076.450999999997	0.06	14.0	1
17141.992	0.06	9.2	1
18243.806399999998	0.05	13.6	1
19380.294199999997	0.08	13.0	1
20549.855399999997	0.07	12.4	1
21753.556599999996	0.07	12.8	1
22993.264499999997	0.07	13.5	1
24268.179099999998	0.06	13.2	1
25567.6337	0.07	9.2	1
26893.7617	0.06	10.0	1
28257.7631	0.07	14.2	1
29650.0379	0.06	10.6	1
31067.9194	0.06	9.6	1
32516.740899999997	0.06	11.6	1
33989.56909999999	0.06	9.0	1
35490.137299999995	0.06	10.4	1
37022.17889999999	0.09	11.8	1
38593.16049999999	0.06	14.6	1
40205.21549999999	0.06	15.4	1
41850.34389999999	0.08	12.4	1
43538.412299999996	0.04	16.1	1
45250.4874	0.05	9.0	1
46994.5692	0.08	12.0	1
48763.191	0.06	9.2	1
50571.5528	0.07	14.9	1
52411.388	0.06	11.8	1
54298.9632	0.05	17.9	1
56227.8784	0.07	15.5	1
58187.200300000004	0.06	11.4	1
60188.3956	0.06	15.7	1
62230.664300000004	0.05	15.4	1
64310.8064	0.06	14.2	1
66419.2219	0.07	10.6	1
68563.3774	0.06	13.4	1
70745.1396	0.05	14.1	1
72957.3085	0.05	11.4	1
75203.6174	0.05	12.8	1
77480.86630000001	0.07	11.6	1
79793.32190000001	0.06	13.2	1
82142.05090000002	0.05	13.6	1
84532.91990000002	0.06	15.8	1
86962.19560000002	0.07	14.4	1
89418.14470000002	0.06	10.0	1
91911.96720000001	0.06	14.2	1
94444.72970000001	0.06	14.6	1
97002.03220000002	0.06	9.2	1
99587.60810000001	0.06	10.6	1
102196.72400000002	0.06	9.2	1
104834.11330000001	0.06	10.6	1
107507.24260000001	0.07	13.4	1
110215.04530000001	0.08	13.0	1
112953.78800000002	0.06	11.6	1
115722.13740000002	0.06	11.1	1
118526.76020000002	0.06	13.6	1
121360.18970000002	0.05	10.8	1
124230.15920000002	0.04	13.7	1
127132.13540000003	0.05	12.0	1
130074.91830000003	0.04	15.3	1
133054.50790000003	0.05	13.8	1
136066.6375	0.07	12.2	1
139120.9071	0.06	15.8	1
142211.9834	0.04	13.8	1
145331.8664	0.06	10.8	1
148492.2894	0.05	15.2	1
151755.1191	0.09	38.4	1
155052.0888	0.05	12.8	1
158381.5985	0.05	12.2	1
161748.9816	0.05	14.2	1
165141.7047	0.06	9.5	1
168546.2345	0.65	4.8	1
171962.77099999998	0.67	4.5	1
175388.6475	0.8	3.5	1
178851.864	0.04	14.0	1
182328.1539	0.61	4.9	1
185814.8505	0.72	3.9	1
