5536587	7000.0	19	30000.0	0.7058	0	0.2333	0.9391
4235606	95000.0	0	500.0	9.5	0	190.0	199.5
4235615	171000.0	0	500.0	17.1	199.5	342.0	558.6
4235620	63000.0	0	500.0	6.3	558.6	126.0	690.9
4235530	171000.0	0	500.0	17.1	690.9	342.0	1050.0
4235781	83000.0	0	500.0	8.3	1050.0	166.0	1224.3
4235757	62000.0	0	500.0	6.2	1224.3	124.0	1354.5
4235709	2000.0	0	500.0	0.2	1354.5	4.0	1358.7
4235703	172000.0	0	500.0	17.2	1358.7	344.0	1719.9
4235678	82000.0	0	500.0	8.2	1719.9	164.0	1892.1000000000001
4235934	62000.0	0	500.0	6.2	1892.1	124.0	2022.3
4235919	93000.0	0	500.0	9.3	2022.3	186.0	2217.6
4236306	174000.0	0	500.0	17.4	2217.6	348.0	2583.0
4235743	173000.0	0	500.0	17.3	2583.0	346.0	2946.3
4235588	172000.0	0	500.0	17.2	2946.3	344.0	3307.5
4236105	1000.0	0	500.0	0.1	3307.5	2.0	3309.6
4236056	157000.0	0	500.0	15.7	3309.6	314.0	3639.2999999999997
4236147	174000.0	0	500.0	17.4	3639.3	348.0	4004.7000000000003
4236148	80000.0	0	500.0	8.0	4004.7	160.0	4172.7
4236151	173000.0	0	500.0	17.3	4172.7	346.0	4536.0
4236153	81000.0	0	500.0	8.1	4536.0	162.0	4706.1
4236164	173000.0	0	500.0	17.3	4706.1	346.0	5069.400000000001
4235858	146000.0	0	500.0	14.6	5069.4	292.0	5376.0
4235853	91000.0	0	500.0	9.1	5376.0	182.0	5567.1
4235996	171000.0	0	500.0	17.1	5567.1	342.0	5926.200000000001
4236009	146000.0	0	500.0	14.6	5926.2	292.0	6232.8
4235839	172000.0	0	500.0	17.2	6232.8	344.0	6594.0
4235827	171000.0	0	500.0	17.1	6594.0	342.0	6953.1
4235978	172000.0	0	500.0	17.2	6953.1	344.0	7314.3
4236190	67000.0	0	500.0	6.7	7314.3	134.0	7455.0
4236187	171000.0	0	500.0	17.1	7455.0	342.0	7814.1
4236221	75000.0	0	500.0	7.5	7814.1	150.0	7971.6
4236201	172000.0	0	500.0	17.2	7971.6	344.0	8332.8
4235951	171000.0	3	1000.0	17.1	0	171.0	188.1
4235532	135000.0	3	1000.0	13.5	188.1	135.0	336.6
4235680	1000.0	3	1000.0	0.1	336.6	1.0	337.70000000000005
4235942	173000.0	4	4000.0	17.3038	0	43.25	60.553799999999995
4235724	172000.0	4	4000.0	17.2038	60.5538	43.0	120.7576
4235617	172000.0	5	4000.0	17.2038	0	43.0	60.2038
4235529	87000.0	7	5000.0	8.7038	0	17.4	26.1038
4235720	68000.0	7	5000.0	6.8038	26.1038	13.6	46.507600000000004
4236067	2000.0	8	5000.0	0.2067	0	0.4	0.6067
4235547	173000.0	9	6000.0	17.3067	0	28.8333	46.14
4235607	153000.0	9	6000.0	15.3067	46.14	25.5	86.94669999999999
4235774	172000.0	9	6000.0	17.2067	86.9467	28.6667	132.8201
4235777	83000.0	9	6000.0	8.3067	132.8201	13.8333	154.9601
4235762	151000.0	9	6000.0	15.1067	154.9601	25.1667	195.2335
4235605	171000.0	9	6000.0	17.1067	195.2335	28.5	240.84019999999998
4235700	96000.0	9	6000.0	9.6067	240.8402	16.0	266.4469
4235574	109000.0	9	6000.0	10.9067	266.4469	18.1667	295.5203
4235571	73000.0	9	6000.0	7.3067	295.5203	12.1667	314.9937
4235936	171000.0	9	6000.0	17.1067	314.9937	28.5	360.6004
4235921	162000.0	9	6000.0	16.2067	360.6004	27.0	403.8071
4235925	152000.0	9	6000.0	15.2067	403.8071	25.3333	444.3471
4235695	68000.0	9	6000.0	6.8067	444.3471	11.3333	462.4871
4235902	172000.0	9	6000.0	17.2067	462.4871	28.6667	508.3605
4235602	93000.0	9	6000.0	9.3067	508.3605	15.5	533.1672
4235715	172000.0	9	6000.0	17.2067	533.1672	28.6667	579.0405999999999
4235737	172000.0	9	6000.0	17.2067	579.0406	28.6667	624.914
4235585	172000.0	9	6000.0	17.2067	624.914	28.6667	670.7873999999999
4236080	172000.0	9	6000.0	17.2067	670.7874	28.6667	716.6608
4236084	171000.0	9	6000.0	17.1067	716.6608	28.5	762.2675
4236052	171000.0	9	6000.0	17.1067	762.2675	28.5	807.8742000000001
4236111	148000.0	9	6000.0	14.8067	807.8742	24.6667	847.3475999999999
4236155	173000.0	9	6000.0	17.3067	847.3476	28.8333	893.4876
4236170	67000.0	9	6000.0	6.7067	893.4876	11.1667	911.361
4236134	172000.0	9	6000.0	17.2067	911.361	28.6667	957.2343999999999
4235850	171000.0	9	6000.0	17.1067	957.2344	28.5	1002.8411000000001
4235846	143000.0	9	6000.0	14.3067	1002.8411	23.8333	1040.9811
4235883	174000.0	9	6000.0	17.4067	1040.9811	29.0	1087.3878
4235870	174000.0	9	6000.0	17.4067	1087.3878	29.0	1133.7945
4236035	85000.0	9	6000.0	8.5067	1133.7945	14.1667	1156.4678999999999
4235813	171000.0	9	6000.0	17.1067	1156.4679	28.5	1202.0746000000001
4235987	176000.0	9	6000.0	17.6067	1202.0746	29.3333	1249.0146
4236287	173000.0	9	6000.0	17.3067	1249.0146	28.8333	1295.1546
4235988	172000.0	9	6000.0	17.2067	1295.1546	28.6667	1341.028
4235976	147000.0	9	6000.0	14.7067	1341.028	24.5	1380.2347
4236174	172000.0	9	6000.0	17.2067	1380.2347	28.6667	1426.1081
4236276	171000.0	9	6000.0	17.1067	1426.1081	28.5	1471.7148
4236271	178000.0	9	6000.0	17.8067	1471.7148	29.6667	1519.1882
4235665	172000.0	9	6000.0	17.2067	1519.1882	28.6667	1565.0616
4235654	171000.0	9	6000.0	17.1067	1565.0616	28.5	1610.6683
4235785	60000.0	9	6000.0	6.0067	1610.6683	10.0	1626.675
4235658	171000.0	9	6000.0	17.1067	1626.675	28.5	1672.2817
4236258	83000.0	9	6000.0	8.3067	1672.2817	13.8333	1694.4217
4236199	172000.0	9	6000.0	17.2067	1694.4217	28.6667	1740.2951
4236195	171000.0	9	6000.0	17.1067	1740.2951	28.5	1785.9018
4236242	81000.0	9	6000.0	8.1067	1785.9018	13.5	1807.5085000000001
4235722	172000.0	10	6000.0	17.2067	0	28.6667	45.873400000000004
4235553	172000.0	10	6000.0	17.2067	45.8734	28.6667	91.74680000000001
4235624	172000.0	10	6000.0	17.2067	91.7468	28.6667	137.62019999999998
4235623	1000.0	10	6000.0	0.1067	137.6202	0.1667	137.8936
4235711	175000.0	10	6000.0	17.5067	137.8936	29.1667	184.56699999999998
4235710	177000.0	10	6000.0	17.7067	184.567	29.5	231.77370000000002
4235679	175000.0	10	6000.0	17.5067	231.7737	29.1667	278.4471
4235704	173000.0	10	6000.0	17.3067	278.4471	28.8333	324.58709999999996
4235913	99000.0	10	6000.0	9.9067	324.5871	16.5	350.9938
4235928	173000.0	10	6000.0	17.3067	350.9938	28.8333	397.1338
4235958	173000.0	10	6000.0	17.3067	397.1338	28.8333	443.2738
4235960	140000.0	10	6000.0	14.0067	443.2738	23.3333	480.6138
4235917	172000.0	10	6000.0	17.2067	480.6138	28.6667	526.4872
4235591	171000.0	10	6000.0	17.1067	526.4872	28.5	572.0939000000001
4236085	173000.0	10	6000.0	17.3067	572.0939	28.8333	618.2339
4236104	174000.0	10	6000.0	17.4067	618.2339	29.0	664.6406
4236059	66000.0	10	6000.0	6.6067	664.6406	11.0	682.2473
4236068	72000.0	10	6000.0	7.2067	682.2473	12.0	701.454
4236074	172000.0	10	6000.0	17.2067	701.454	28.6667	747.3273999999999
4236075	172000.0	10	6000.0	17.2067	747.3274	28.6667	793.2008
4236160	173000.0	10	6000.0	17.3067	793.2008	28.8333	839.3408
4236165	171000.0	10	6000.0	17.1067	839.3408	28.5	884.9475
4236123	151000.0	10	6000.0	15.1067	884.9475	25.1667	925.2209
4236125	171000.0	10	6000.0	17.1067	925.2209	28.5	970.8276000000001
4236126	171000.0	10	6000.0	17.1067	970.8276	28.5	1016.4343
4236139	76000.0	10	6000.0	7.6067	1016.4343	12.6667	1036.7077
4235859	172000.0	10	6000.0	17.2067	1036.7077	28.6667	1082.5810999999999
4235857	173000.0	10	6000.0	17.3067	1082.5811	28.8333	1128.7211000000002
4235852	174000.0	10	6000.0	17.4067	1128.7211	29.0	1175.1278
4235848	171000.0	10	6000.0	17.1067	1175.1278	28.5	1220.7345
4235891	63000.0	10	6000.0	6.3067	1220.7345	10.5	1237.5412000000001
4235842	75000.0	10	6000.0	7.5067	1237.5412	12.5	1257.5478999999998
4235890	171000.0	10	6000.0	17.1067	1257.5479	28.5	1303.1546
4235889	174000.0	10	6000.0	17.4067	1303.1546	29.0	1349.5613
4235886	88000.0	10	6000.0	8.8067	1349.5613	14.6667	1373.0347000000002
4235877	172000.0	10	6000.0	17.2067	1373.0347	28.6667	1418.9080999999999
4235825	135000.0	10	6000.0	13.5067	1418.9081	22.5	1454.9148
4235822	172000.0	10	6000.0	17.2067	1454.9148	28.6667	1500.7882
4235819	175000.0	10	6000.0	17.5067	1500.7882	29.1667	1547.4615999999999
4236019	173000.0	10	6000.0	17.3067	1547.4616	28.8333	1593.6016000000002
4236175	86000.0	10	6000.0	8.6067	1593.6016	14.3333	1616.5416
4236289	141000.0	10	6000.0	14.1067	1616.5416	23.5	1654.1483
4236292	145000.0	10	6000.0	14.5067	1654.1483	24.1667	1692.8217
4236298	173000.0	10	6000.0	17.3067	1692.8217	28.8333	1738.9617
4235979	65000.0	10	6000.0	6.5067	1738.9617	10.8333	1756.3017
4236286	95000.0	10	6000.0	9.5067	1756.3017	15.8333	1781.6417
4236267	173000.0	10	6000.0	17.3067	1781.6417	28.8333	1827.7817
4235651	173000.0	10	6000.0	17.3067	1827.7817	28.8333	1873.9217
4235670	173000.0	10	6000.0	17.3067	1873.9217	28.8333	1920.0617000000002
4235807	176000.0	10	6000.0	17.6067	1920.0617	29.3333	1967.0017
4235804	172000.0	10	6000.0	17.2067	1967.0017	28.6667	2012.8751
4236275	171000.0	10	6000.0	17.1067	2012.8751	28.5	2058.4818
4236207	171000.0	10	6000.0	17.1067	2058.4818	28.5	2104.0885
4236240	70000.0	10	6000.0	7.0067	2104.0885	11.6667	2122.7619
4236186	94000.0	10	6000.0	9.4067	2122.7619	15.6667	2147.8353
4236250	173000.0	10	6000.0	17.3067	2147.8353	28.8333	2193.9753
4236177	172000.0	10	6000.0	17.2067	2193.9753	28.6667	2239.8487000000005
4236185	63000.0	10	6000.0	6.3067	2239.8487	10.5	2256.6554
4236244	174000.0	10	6000.0	17.4067	2256.6554	29.0	2303.0621
4235751	51000.0	11	6000.0	5.1067	0	8.5	13.6067
4235621	174000.0	11	6000.0	17.4067	13.6067	29.0	60.013400000000004
4235646	138000.0	11	6000.0	13.8067	60.0134	23.0	96.8201
4235645	173000.0	11	6000.0	17.3067	96.8201	28.8333	142.9601
4235637	88000.0	11	6000.0	8.8067	142.9601	14.6667	166.4335
4235549	171000.0	11	6000.0	17.1067	166.4335	28.5	212.0402
4235944	173000.0	11	6000.0	17.3067	212.0402	28.8333	258.1802
4235956	172000.0	11	6000.0	17.2067	258.1802	28.6667	304.0536
4235575	85000.0	11	6000.0	8.5067	304.0536	14.1667	326.72700000000003
4235713	173000.0	11	6000.0	17.3067	326.727	28.8333	372.86699999999996
4235570	172000.0	11	6000.0	17.2067	372.867	28.6667	418.7404
4235929	172000.0	11	6000.0	17.2067	418.7404	28.6667	464.6138
4235698	171000.0	11	6000.0	17.1067	464.6138	28.5	510.2205
4235603	171000.0	11	6000.0	17.1067	510.2205	28.5	555.8272000000001
4235899	174000.0	11	6000.0	17.4067	555.8272	29.0	602.2339
4235908	80000.0	11	6000.0	8.0067	602.2339	13.3333	623.5739
4235735	173000.0	11	6000.0	17.3067	623.5739	28.8333	669.7139
4235580	172000.0	11	6000.0	17.2067	669.7139	28.6667	715.5872999999999
4235587	172000.0	11	6000.0	17.2067	715.5873	28.6667	761.4607
4236088	146000.0	11	6000.0	14.6067	761.4607	24.3333	800.4007
4236090	85000.0	11	6000.0	8.5067	800.4007	14.1667	823.0741
4236076	137000.0	11	6000.0	13.7067	823.0741	22.8333	859.6141
4236057	172000.0	11	6000.0	17.2067	859.6141	28.6667	905.4875
4236058	173000.0	11	6000.0	17.3067	905.4875	28.8333	951.6274999999999
4236061	80000.0	11	6000.0	8.0067	951.6275	13.3333	972.9675000000001
4236072	135000.0	11	6000.0	13.5067	972.9675	22.5	1008.9742
4236167	171000.0	11	6000.0	17.1067	1008.9742	28.5	1054.5809
4236132	171000.0	11	6000.0	17.1067	1054.5809	28.5	1100.1876
4236138	173000.0	11	6000.0	17.3067	1100.1876	28.8333	1146.3276
4235784	84000.0	11	6000.0	8.4067	1146.3276	14.0	1168.7343
4235854	171000.0	11	6000.0	17.1067	1168.7343	28.5	1214.3410000000001
4235849	172000.0	11	6000.0	17.2067	1214.341	28.6667	1260.2143999999998
4235861	173000.0	11	6000.0	17.3067	1260.2144	28.8333	1306.3544000000002
4235845	131000.0	11	6000.0	13.1067	1306.3544	21.8333	1341.2944
4235885	172000.0	11	6000.0	17.2067	1341.2944	28.6667	1387.1678
4235879	88000.0	11	6000.0	8.8067	1387.1678	14.6667	1410.6412
4236007	140000.0	11	6000.0	14.0067	1410.6412	23.3333	1447.9812
4236045	173000.0	11	6000.0	17.3067	1447.9812	28.8333	1494.1212
4236020	172000.0	11	6000.0	17.2067	1494.1212	28.6667	1539.9946
4236021	172000.0	11	6000.0	17.2067	1539.9946	28.6667	1585.868
4236024	149000.0	11	6000.0	14.9067	1585.868	24.8333	1625.608
4236025	171000.0	11	6000.0	17.1067	1625.608	28.5	1671.2147
4236294	172000.0	11	6000.0	17.2067	1671.2147	28.6667	1717.0881
4236295	88000.0	11	6000.0	8.8067	1717.0881	14.6667	1740.5615
4235676	89000.0	11	6000.0	8.9067	1740.5615	14.8333	1764.3015
4236260	99000.0	11	6000.0	9.9067	1764.3015	16.5	1790.7082
4236261	66000.0	11	6000.0	6.6067	1790.7082	11.0	1808.3149
4236266	175000.0	11	6000.0	17.5067	1808.3149	29.1667	1854.9883
4236273	171000.0	11	6000.0	17.1067	1854.9883	28.5	1900.595
4235989	145000.0	11	6000.0	14.5067	1900.595	24.1667	1939.2684
4235662	148000.0	11	6000.0	14.8067	1939.2684	24.6667	1978.7418
4235791	101000.0	11	6000.0	10.1067	1978.7418	16.8333	2005.6818
4235650	161000.0	11	6000.0	16.1067	2005.6818	26.8333	2048.6218
4235671	172000.0	11	6000.0	17.2067	2048.6218	28.6667	2094.4952000000003
4235811	153000.0	11	6000.0	15.3067	2094.4952	25.5	2135.3019
4235808	173000.0	11	6000.0	17.3067	2135.3019	28.8333	2181.4419
4236203	171000.0	11	6000.0	17.1067	2181.4419	28.5	2227.0485999999996
4236200	87000.0	11	6000.0	8.7067	2227.0486	14.5	2250.2553000000003
4236248	153000.0	11	6000.0	15.3067	2250.2553	25.5	2291.062
4236254	156000.0	11	6000.0	15.6067	2291.062	26.0	2332.6686999999997
4235536	62000.0	12	6000.0	6.2	0	10.3333	16.5333
4235631	172000.0	12	6000.0	17.2	16.5333	28.6667	62.4
4235949	148000.0	12	6000.0	14.8	62.4	24.6667	101.86670000000001
4235776	174000.0	12	6000.0	17.4	101.8667	29.0	148.2667
4235636	174000.0	12	6000.0	17.4	148.2667	29.0	194.6667
4235640	173000.0	12	6000.0	17.3	194.6667	28.8333	240.8
4235759	160000.0	12	6000.0	16.0	240.8	26.6667	283.4667
4235554	171000.0	12	6000.0	17.1	283.4667	28.5	329.0667
4235964	94000.0	12	6000.0	9.4	329.0667	15.6667	354.1334
4235915	171000.0	12	6000.0	17.1	354.1334	28.5	399.7334
4235712	81000.0	12	6000.0	8.1	399.7334	13.5	421.33340000000004
4235696	171000.0	12	6000.0	17.1	421.3334	28.5	466.9334
4235932	177000.0	12	6000.0	17.7	466.9334	29.5	514.1333999999999
4235692	171000.0	12	6000.0	17.1	514.1334	28.5	559.7334000000001
4235718	175000.0	12	6000.0	17.5	559.7334	29.1667	606.4001
4235736	172000.0	12	6000.0	17.2	606.4001	28.6667	652.2668
4235937	179000.0	12	6000.0	17.9	652.2668	29.8333	700.0001
4235906	82000.0	12	6000.0	8.2	700.0001	13.6667	721.8668
4235739	87000.0	12	6000.0	8.7	721.8668	14.5	745.0668000000001
4235795	84000.0	12	6000.0	8.4	745.0668	14.0	767.4667999999999
4236087	175000.0	12	6000.0	17.5	767.4668	29.1667	814.1335
4236091	76000.0	12	6000.0	7.6	814.1335	12.6667	834.4002
4236077	155000.0	12	6000.0	15.5	834.4002	25.8333	875.7335
4235995	162000.0	12	6000.0	16.2	875.7335	27.0	918.9335000000001
4236054	100000.0	12	6000.0	10.0	918.9335	16.6667	945.6002
4236064	58000.0	12	6000.0	5.8	945.6002	9.6667	961.0668999999999
4236070	172000.0	12	6000.0	17.2	961.0669	28.6667	1006.9336000000001
4236159	171000.0	12	6000.0	17.1	1006.9336	28.5	1052.5336
4236169	171000.0	12	6000.0	17.1	1052.5336	28.5	1098.1336
4236119	163000.0	12	6000.0	16.3	1098.1336	27.1667	1141.6002999999998
4236133	172000.0	12	6000.0	17.2	1141.6003	28.6667	1187.467
4235843	91000.0	12	6000.0	9.1	1187.467	15.1667	1211.7337
4236005	172000.0	12	6000.0	17.2	1211.7337	28.6667	1257.6004
4235864	174000.0	12	6000.0	17.4	1257.6004	29.0	1304.0004000000001
4235888	75000.0	12	6000.0	7.5	1304.0004	12.5	1324.0004
4235887	172000.0	12	6000.0	17.2	1324.0004	28.6667	1369.8671
4235865	75000.0	12	6000.0	7.5	1369.8671	12.5	1389.8671
4236033	81000.0	12	6000.0	8.1	1389.8671	13.5	1411.4670999999998
4236038	81000.0	12	6000.0	8.1	1411.4671	13.5	1433.0671
4236043	172000.0	12	6000.0	17.2	1433.0671	28.6667	1478.9338
4236044	79000.0	12	6000.0	7.9	1478.9338	13.1667	1500.0005
4235661	89000.0	12	6000.0	8.9	1500.0005	14.8333	1523.7338000000002
4235653	172000.0	12	6000.0	17.2	1523.7338	28.6667	1569.6005
4235806	172000.0	12	6000.0	17.2	1569.6005	28.6667	1615.4672
4235803	147000.0	12	6000.0	14.7	1615.4672	24.5	1654.6672
4236257	154000.0	12	6000.0	15.4	1654.6672	25.6667	1695.7339000000002
4236191	173000.0	12	6000.0	17.3	1695.7339	28.8333	1741.8672
4236230	172000.0	12	6000.0	17.2	1741.8672	28.6667	1787.7339
4236231	156000.0	12	6000.0	15.6	1787.7339	26.0	1829.3338999999999
4236192	171000.0	12	6000.0	17.1	1829.3339	28.5	1874.9339
4236194	174000.0	12	6000.0	17.4	1874.9339	29.0	1921.3339
4235782	46000.0	13	8000.0	4.6	0	5.75	10.35
4235560	150000.0	13	8000.0	15.0	10.35	18.75	44.1
4235564	80000.0	13	8000.0	8.0	44.1	10.0	62.1
4235707	168000.0	13	8000.0	16.8	62.1	21.0	99.9
4235705	177000.0	13	8000.0	17.7	99.9	22.125	139.72500000000002
4235912	87000.0	13	8000.0	8.7	139.725	10.875	159.29999999999998
4235961	58000.0	13	8000.0	5.8	159.3	7.25	172.35000000000002
4235927	95000.0	13	8000.0	9.5	172.35	11.875	193.725
4235687	63000.0	13	8000.0	6.3	193.725	7.875	207.9
4235681	174000.0	13	8000.0	17.4	207.9	21.75	247.05
4236304	172000.0	13	8000.0	17.2	247.05	21.5	285.75
4235604	172000.0	13	8000.0	17.2	285.75	21.5	324.45
4235898	171000.0	13	8000.0	17.1	324.45	21.375	362.925
4235714	71000.0	13	8000.0	7.1	362.925	8.875	378.90000000000003
4235967	152000.0	13	8000.0	15.2	378.9	19.0	413.09999999999997
4235578	171000.0	13	8000.0	17.1	413.1	21.375	451.57500000000005
4235965	171000.0	13	8000.0	17.1	451.575	21.375	490.05
4235968	173000.0	13	8000.0	17.3	490.05	21.625	528.975
4235649	74000.0	13	8000.0	7.4	528.975	9.25	545.625
4236083	131000.0	13	8000.0	13.1	545.625	16.375	575.1
4236086	96000.0	13	8000.0	9.6	575.1	12.0	596.7
4236092	172000.0	13	8000.0	17.2	596.7	21.5	635.4000000000001
4236055	174000.0	13	8000.0	17.4	635.4	21.75	674.55
4236069	172000.0	13	8000.0	17.2	674.55	21.5	713.25
4236161	151000.0	13	8000.0	15.1	713.25	18.875	747.225
4236163	148000.0	13	8000.0	14.8	747.225	18.5	780.525
4236166	139000.0	13	8000.0	13.9	780.525	17.375	811.8
4236141	173000.0	13	8000.0	17.3	811.8	21.625	850.7249999999999
4235851	68000.0	13	8000.0	6.8	850.725	8.5	866.025
4235847	172000.0	13	8000.0	17.2	866.025	21.5	904.725
4236003	147000.0	13	8000.0	14.7	904.725	18.375	937.8000000000001
4235882	172000.0	13	8000.0	17.2	937.8	21.5	976.5
4236031	172000.0	13	8000.0	17.2	976.5	21.5	1015.2
4236032	152000.0	13	8000.0	15.2	1015.2	19.0	1049.4
4235826	171000.0	13	8000.0	17.1	1049.4	21.375	1087.875
4235823	76000.0	13	8000.0	7.6	1087.875	9.5	1104.975
4235816	171000.0	13	8000.0	17.1	1104.975	21.375	1143.4499999999998
4235984	173000.0	13	8000.0	17.3	1143.45	21.625	1182.375
4236265	172000.0	13	8000.0	17.2	1182.375	21.5	1221.075
4236281	173000.0	13	8000.0	17.3	1221.075	21.625	1260.0
4235675	99000.0	13	8000.0	9.9	1260.0	12.375	1282.275
4235790	96000.0	13	8000.0	9.6	1282.275	12.0	1303.875
4235972	171000.0	13	8000.0	17.1	1303.875	21.375	1342.35
4235894	60000.0	13	8000.0	6.0	1342.35	7.5	1355.85
4235810	172000.0	13	8000.0	17.2	1355.85	21.5	1394.55
4235798	149000.0	13	8000.0	14.9	1394.55	18.625	1428.075
4236198	171000.0	13	8000.0	17.1	1428.075	21.375	1466.55
4236216	173000.0	13	8000.0	17.3	1466.55	21.625	1505.475
4236183	172000.0	13	8000.0	17.2	1505.475	21.5	1544.175
4236180	172000.0	13	8000.0	17.2	1544.175	21.5	1582.875
4236243	90000.0	13	8000.0	9.0	1582.875	11.25	1603.125
4236245	81000.0	13	8000.0	8.1	1603.125	10.125	1621.35
4235540	173000.0	14	12000.0	17.3	0	14.4167	31.716700000000003
4235541	135000.0	14	12000.0	13.5	31.7167	11.25	56.4667
4235753	84000.0	14	12000.0	8.4	56.4667	7.0	71.86670000000001
4235533	76000.0	14	12000.0	7.6	71.8667	6.3333	85.79999999999998
4236302	172000.0	14	12000.0	17.2	85.8	14.3333	117.3333
4235534	88000.0	14	12000.0	8.8	117.3333	7.3333	133.4666
4235941	71000.0	14	12000.0	7.1	133.4666	5.9167	146.48329999999999
4235629	74000.0	14	12000.0	7.4	146.4833	6.1667	160.05
4235772	86000.0	14	12000.0	8.6	160.05	7.1667	175.8167
4235639	77000.0	14	12000.0	7.7	175.8167	6.4167	189.93339999999998
4235945	137000.0	14	12000.0	13.7	189.9334	11.4167	215.0501
4235769	61000.0	14	12000.0	6.1	215.0501	5.0833	226.2334
4235763	80000.0	14	12000.0	8.0	226.2334	6.6667	240.90009999999998
4235914	142000.0	14	12000.0	14.2	240.9001	11.8333	266.9334
4235963	100000.0	14	12000.0	10.0	266.9334	8.3333	285.2667
4235706	145000.0	14	12000.0	14.5	285.2667	12.0833	311.85
4235572	73000.0	14	12000.0	7.3	311.85	6.0833	325.23330000000004
4235689	80000.0	14	12000.0	8.0	325.2333	6.6667	339.9
4235685	146000.0	14	12000.0	14.6	339.9	12.1667	366.6667
4236305	76000.0	14	12000.0	7.6	366.6667	6.3333	380.6
4235600	84000.0	14	12000.0	8.4	380.6	7.0	396.0
4235747	90000.0	14	12000.0	9.0	396.0	7.5	412.5
4235599	88000.0	14	12000.0	8.8	412.5	7.3333	428.6333
4235896	85000.0	14	12000.0	8.5	428.6333	7.0833	444.2166
4235905	143000.0	14	12000.0	14.3	444.2166	11.9167	470.43330000000003
4236096	82000.0	14	12000.0	8.2	470.4333	6.8333	485.46659999999997
4236098	102000.0	14	12000.0	10.2	485.4666	8.5	504.1666
4236108	64000.0	14	12000.0	6.4	504.1666	5.3333	515.8999
4236094	99000.0	14	12000.0	9.9	515.8999	8.25	534.0499
4236051	147000.0	14	12000.0	14.7	534.0499	12.25	560.9999
4236071	132000.0	14	12000.0	13.2	560.9999	11.0	585.1999000000001
4236145	80000.0	14	12000.0	8.0	585.1999	6.6667	599.8666
4235993	78000.0	14	12000.0	7.8	599.8666	6.5	614.1665999999999
4236152	145000.0	14	12000.0	14.5	614.1666	12.0833	640.7499
4236162	132000.0	14	12000.0	13.2	640.7499	11.0	664.9499000000001
4236047	145000.0	14	12000.0	14.5	664.9499	12.0833	691.5332
4236143	73000.0	14	12000.0	7.3	691.5332	6.0833	704.9164999999999
4236128	69000.0	14	12000.0	6.9	704.9165	5.75	717.5665
4235880	143000.0	14	12000.0	14.3	717.5665	11.9167	743.7832
4235876	88000.0	14	12000.0	8.8	743.7832	7.3333	759.9164999999999
4235824	76000.0	14	12000.0	7.6	759.9165	6.3333	773.8498000000001
4236040	70000.0	14	12000.0	7.0	773.8498	5.8333	786.6831
4236026	68000.0	14	12000.0	6.8	786.6831	5.6667	799.1497999999999
4235834	144000.0	14	12000.0	14.4	799.1498	12.0	825.5498
4236012	131000.0	14	12000.0	13.1	825.5498	10.9167	849.5665
4236017	66000.0	14	12000.0	6.6	849.5665	5.5	861.6665
4236285	69000.0	14	12000.0	6.9	861.6665	5.75	874.3165
4236291	73000.0	14	12000.0	7.3	874.3165	6.0833	887.6998
4235666	124000.0	14	12000.0	12.4	887.6998	10.3333	910.4331
4235657	95000.0	14	12000.0	9.5	910.4331	7.9167	927.8498
4235652	98000.0	14	12000.0	9.8	927.8498	8.1667	945.8164999999999
4235797	143000.0	14	12000.0	14.3	945.8165	11.9167	972.0332
4236223	172000.0	14	12000.0	17.2	972.0332	14.3333	1003.5665
4236228	87000.0	14	12000.0	8.7	1003.5665	7.25	1019.5165000000001
4236229	86000.0	14	12000.0	8.6	1019.5165	7.1667	1035.2831999999999
4236219	173000.0	14	12000.0	17.3	1035.2832	14.4167	1066.9999
4236204	139000.0	14	12000.0	13.9	1066.9999	11.5833	1092.4832000000001
4236205	67000.0	14	12000.0	6.7	1092.4832	5.5833	1104.7665
4236252	65000.0	14	12000.0	6.5	1104.7665	5.4167	1116.6832
4236179	110000.0	14	12000.0	11.0	1116.6832	9.1667	1136.8499
4236182	172000.0	14	12000.0	17.2	1136.8499	14.3333	1168.3832
4236249	71000.0	14	12000.0	7.1	1168.3832	5.9167	1181.3999
4236176	67000.0	14	12000.0	6.7	1181.3999	5.5833	1193.6832
4235755	79000.0	15	16000.0	7.9	0	4.9375	12.8375
4235950	77000.0	15	16000.0	7.7	12.8375	4.8125	25.35
4236301	132000.0	15	16000.0	13.2	25.35	8.25	46.8
4235749	76000.0	15	16000.0	7.6	46.8	4.75	59.15
4235634	76000.0	15	16000.0	7.6	59.15	4.75	71.5
4235773	79000.0	15	16000.0	7.9	71.5	4.9375	84.3375
4235783	149000.0	15	16000.0	14.9	84.3375	9.3125	108.55000000000001
4235638	173000.0	15	16000.0	17.3	108.55	10.8125	136.6625
4235761	147000.0	15	16000.0	14.7	136.6625	9.1875	160.54999999999998
4235760	174000.0	15	16000.0	17.4	160.55	10.875	188.82500000000002
4235552	97000.0	15	16000.0	9.7	188.825	6.0625	204.58749999999998
4235744	72000.0	15	16000.0	7.2	204.5875	4.5	216.2875
4235702	130000.0	15	16000.0	13.0	216.2875	8.125	237.4125
4235573	115000.0	15	16000.0	11.5	237.4125	7.1875	256.1
4235727	101000.0	15	16000.0	10.1	256.1	6.3125	272.51250000000005
4235566	173000.0	15	16000.0	17.3	272.5125	10.8125	300.625
4235916	131000.0	15	16000.0	13.1	300.625	8.1875	321.9125
4235918	68000.0	15	16000.0	6.8	321.9125	4.25	332.96250000000003
4235567	172000.0	15	16000.0	17.2	332.9625	10.75	360.91249999999997
4235920	173000.0	15	16000.0	17.3	360.9125	10.8125	389.02500000000003
4235957	64000.0	15	16000.0	6.4	389.025	4.0	399.42499999999995
4235697	94000.0	15	16000.0	9.4	399.425	5.875	414.7
4235594	86000.0	15	16000.0	8.6	414.7	5.375	428.675
4235746	95000.0	15	16000.0	9.5	428.675	5.9375	444.1125
4235584	50000.0	15	16000.0	5.0	444.1125	3.125	452.2375
4235583	147000.0	15	16000.0	14.7	452.2375	9.1875	476.125
4235734	109000.0	15	16000.0	10.9	476.125	6.8125	493.8375
4235577	131000.0	15	16000.0	13.1	493.8375	8.1875	515.125
4235581	61000.0	15	16000.0	6.1	515.125	3.8125	525.0375
4235738	66000.0	15	16000.0	6.6	525.0375	4.125	535.7625
4236308	97000.0	15	16000.0	9.7	535.7625	6.0625	551.5250000000001
4235742	149000.0	15	16000.0	14.9	551.525	9.3125	575.7375
4235938	146000.0	15	16000.0	14.6	575.7375	9.125	599.4625
4236100	74000.0	15	16000.0	7.4	599.4625	4.625	611.4875
4236102	156000.0	15	16000.0	15.6	611.4875	9.75	636.8375
4236103	63000.0	15	16000.0	6.3	636.8375	3.9375	647.0749999999999
4236050	159000.0	15	16000.0	15.9	647.075	9.9375	672.9125
4236063	102000.0	15	16000.0	10.2	672.9125	6.375	689.4875000000001
4236150	82000.0	15	16000.0	8.2	689.4875	5.125	702.8125
4235992	82000.0	15	16000.0	8.2	702.8125	5.125	716.1375
4236171	130000.0	15	16000.0	13.0	716.1375	8.125	737.2625
4236144	78000.0	15	16000.0	7.8	737.2625	4.875	749.9375
4236114	100000.0	15	16000.0	10.0	749.9375	6.25	766.1875
4236129	81000.0	15	16000.0	8.1	766.1875	5.0625	779.35
4235814	67000.0	15	16000.0	6.7	779.35	4.1875	790.2375000000001
4235860	136000.0	15	16000.0	13.6	790.2375	8.5	812.3375
4236000	84000.0	15	16000.0	8.4	812.3375	5.25	825.9875
4235844	66000.0	15	16000.0	6.6	825.9875	4.125	836.7125
4236002	77000.0	15	16000.0	7.7	836.7125	4.8125	849.225
4236006	72000.0	15	16000.0	7.2	849.225	4.5	860.9250000000001
4235863	139000.0	15	16000.0	13.9	860.925	8.6875	883.5124999999999
4236030	171000.0	15	16000.0	17.1	883.5125	10.6875	911.3000000000001
4236037	81000.0	15	16000.0	8.1	911.3	5.0625	924.4625
4235820	154000.0	15	16000.0	15.4	924.4625	9.625	949.4875
4236042	86000.0	15	16000.0	8.6	949.4875	5.375	963.4625
4235817	132000.0	15	16000.0	13.2	963.4625	8.25	984.9125
4235815	85000.0	15	16000.0	8.5	984.9125	5.3125	998.725
4235832	74000.0	15	16000.0	7.4	998.725	4.625	1010.75
4236018	149000.0	15	16000.0	14.9	1010.75	9.3125	1034.9625
4236022	133000.0	15	16000.0	13.3	1034.9625	8.3125	1056.575
4236027	123000.0	15	16000.0	12.3	1056.575	7.6875	1076.5625
4235986	116000.0	15	16000.0	11.6	1076.5625	7.25	1095.4125
4235981	80000.0	15	16000.0	8.0	1095.4125	5.0	1108.4125
4235677	84000.0	15	16000.0	8.4	1108.4125	5.25	1122.0625
4235980	84000.0	15	16000.0	8.4	1122.0625	5.25	1135.7125
4236264	79000.0	15	16000.0	7.9	1135.7125	4.9375	1148.5500000000002
4236270	95000.0	15	16000.0	9.5	1148.55	5.9375	1163.9875
4236279	138000.0	15	16000.0	13.8	1163.9875	8.625	1186.4125
4235674	57000.0	15	16000.0	5.7	1186.4125	3.5625	1195.675
4235792	98000.0	15	16000.0	9.8	1195.675	6.125	1211.6
4235659	82000.0	15	16000.0	8.2	1211.6	5.125	1224.925
4235655	173000.0	15	16000.0	17.3	1224.925	10.8125	1253.0375
4235796	139000.0	15	16000.0	13.9	1253.0375	8.6875	1275.625
4235974	75000.0	15	16000.0	7.5	1275.625	4.6875	1287.8125
4235668	74000.0	15	16000.0	7.4	1287.8125	4.625	1299.8375
4235800	80000.0	15	16000.0	8.0	1299.8375	5.0	1312.8375
4236256	148000.0	15	16000.0	14.8	1312.8375	9.25	1336.8875
4236188	101000.0	15	16000.0	10.1	1336.8875	6.3125	1353.3
4236197	137000.0	15	16000.0	13.7	1353.3	8.5625	1375.5625
4236213	171000.0	15	16000.0	17.1	1375.5625	10.6875	1403.35
4236251	66000.0	15	16000.0	6.6	1403.35	4.125	1414.0749999999998
4236184	83000.0	15	16000.0	8.3	1414.075	5.1875	1427.5625
4236181	159000.0	15	16000.0	15.9	1427.5625	9.9375	1453.4
4236255	77000.0	15	16000.0	7.7	1453.4	4.8125	1465.9125000000001
4235611	153000.0	16	18000.0	15.3058	0	8.5	23.805799999999998
4235545	84000.0	16	18000.0	8.4058	23.8058	4.6667	36.8783
4235616	57000.0	16	18000.0	5.7058	36.8783	3.1667	45.750800000000005
4235618	70000.0	16	18000.0	7.0058	45.7508	3.8889	56.6455
4235613	148000.0	16	18000.0	14.8058	56.6455	8.2222	79.6735
4235608	62000.0	16	18000.0	6.2058	79.6735	3.4444	89.3237
4235635	90000.0	16	18000.0	9.0058	89.3237	5.0	103.3295
4235563	99000.0	16	18000.0	9.9058	103.3295	5.5	118.7353
4235633	91000.0	16	18000.0	9.1058	118.7353	5.0556	132.8967
4235643	143000.0	16	18000.0	14.3058	132.8967	7.9444	155.14690000000002
4235642	101000.0	16	18000.0	10.1058	155.1469	5.6111	170.86379999999997
4235555	63000.0	16	18000.0	6.3058	170.8638	3.5	180.6696
4235756	67000.0	16	18000.0	6.7058	180.6696	3.7222	191.0976
4235551	80000.0	16	18000.0	8.0058	191.0976	4.4444	203.5478
4235557	83000.0	16	18000.0	8.3058	203.5478	4.6111	216.4647
4235628	104000.0	16	18000.0	10.4058	216.4647	5.7778	232.6483
4235765	96000.0	16	18000.0	9.6058	232.6483	5.3333	247.5874
4235764	83000.0	16	18000.0	8.3058	247.5874	4.6111	260.5043
4235911	149000.0	16	18000.0	14.9058	260.5043	8.2778	283.6879
4235568	173000.0	16	18000.0	17.3058	283.6879	9.6111	310.6048
4235924	172000.0	16	18000.0	17.2058	310.6048	9.5556	337.36620000000005
4235694	82000.0	16	18000.0	8.2058	337.3662	4.5556	350.12760000000003
4235691	140000.0	16	18000.0	14.0058	350.1276	7.7778	371.9112
4235930	81000.0	16	18000.0	8.1058	371.9112	4.5	384.517
4235732	145000.0	16	18000.0	14.5058	384.517	8.0556	407.07840000000004
4235901	138000.0	16	18000.0	13.8058	407.0784	7.6667	428.55089999999996
4235592	61000.0	16	18000.0	6.1058	428.5509	3.3889	438.0456
4235953	92000.0	16	18000.0	9.2058	438.0456	5.1111	452.3625
4235589	62000.0	16	18000.0	6.2058	452.3625	3.4444	462.0127
4235596	81000.0	16	18000.0	8.1058	462.0127	4.5	474.6185
4235895	73000.0	16	18000.0	7.3058	474.6185	4.0556	485.9799
4235897	99000.0	16	18000.0	9.9058	485.9799	5.5	501.3857
4235582	85000.0	16	18000.0	8.5058	501.3857	4.7222	514.6137
4236089	78000.0	16	18000.0	7.8058	514.6137	4.3333	526.7528
4236053	65000.0	16	18000.0	6.5058	526.7528	3.6111	536.8697
4236073	61000.0	16	18000.0	6.1058	536.8697	3.3889	546.3644
4236154	81000.0	16	18000.0	8.1058	546.3644	4.5	558.9702000000001
4236157	58000.0	16	18000.0	5.8058	558.9702	3.2222	567.9982
4236168	71000.0	16	18000.0	7.1058	567.9982	3.9444	579.0484
4236121	73000.0	16	18000.0	7.3058	579.0484	4.0556	590.4098
4236124	92000.0	16	18000.0	9.2058	590.4098	5.1111	604.7266999999999
4235998	96000.0	16	18000.0	9.6058	604.7267	5.3333	619.6658000000001
4235872	147000.0	16	18000.0	14.7058	619.6658	8.1667	642.5382999999999
4235871	171000.0	16	18000.0	17.1058	642.5383	9.5	669.1441000000001
4235867	172000.0	16	18000.0	17.2058	669.1441	9.5556	695.9055
4235866	59000.0	16	18000.0	5.9058	695.9055	3.2778	705.0890999999999
4235837	172000.0	16	18000.0	17.2058	705.0891	9.5556	731.8505
4235829	116000.0	16	18000.0	11.6058	731.8505	6.4444	749.9007
4236013	95000.0	16	18000.0	9.5058	749.9007	5.2778	764.6843
4236014	66000.0	16	18000.0	6.6058	764.6843	3.6667	774.9568
4236300	77000.0	16	18000.0	7.7058	774.9568	4.2778	786.9404
4236283	82000.0	16	18000.0	8.2058	786.9404	4.5556	799.7017999999999
4235990	149000.0	16	18000.0	14.9058	799.7018	8.2778	822.8854
4236269	159000.0	16	18000.0	15.9058	822.8854	8.8333	847.6245
4236272	83000.0	16	18000.0	8.3058	847.6245	4.6111	860.5414
4236277	142000.0	16	18000.0	14.2058	860.5414	7.8889	882.6360999999999
4235788	78000.0	16	18000.0	7.8058	882.6361	4.3333	894.7752
4235672	176000.0	16	18000.0	17.6058	894.7752	9.7778	922.1588
4235973	108000.0	16	18000.0	10.8058	922.1588	6.0	938.9646
4235799	161000.0	16	18000.0	16.1058	938.9646	8.9444	964.0148
4236234	153000.0	16	18000.0	15.3058	964.0148	8.5	987.8206
4236202	85000.0	16	18000.0	8.5058	987.8206	4.7222	1001.0486000000001
4236206	172000.0	16	18000.0	17.2058	1001.0486	9.5556	1027.81
4236208	125000.0	16	18000.0	12.5058	1027.81	6.9444	1047.2602
4236211	136000.0	16	18000.0	13.6058	1047.2602	7.5556	1068.4216
4236215	73000.0	16	18000.0	7.3058	1068.4216	4.0556	1079.783
4235548	173000.0	17	24000.0	17.3058	0	7.2083	24.514100000000003
4235544	173000.0	17	24000.0	17.3058	24.5141	7.2083	49.028200000000005
4235546	171000.0	17	24000.0	17.1058	49.0282	7.125	73.259
4235609	171000.0	17	24000.0	17.1058	73.259	7.125	97.4898
4235528	172000.0	17	24000.0	17.2058	97.4898	7.1667	121.8623
4235943	172000.0	17	24000.0	17.2058	121.8623	7.1667	146.2348
4235754	171000.0	17	24000.0	17.1058	146.2348	7.125	170.4656
4235531	172000.0	17	24000.0	17.2058	170.4656	7.1667	194.8381
4235539	174000.0	17	24000.0	17.4058	194.8381	7.25	219.4939
4235550	167000.0	17	24000.0	16.7058	219.4939	6.9583	243.15800000000002
4235775	119000.0	17	24000.0	11.9058	243.158	4.9583	260.02209999999997
4235630	171000.0	17	24000.0	17.1058	260.0221	7.125	284.2529
4235780	155000.0	17	24000.0	15.5058	284.2529	6.4583	306.21700000000004
4235778	172000.0	17	24000.0	17.2058	306.217	7.1667	330.5895
4235946	175000.0	17	24000.0	17.5058	330.5895	7.2917	355.387
4235556	172000.0	17	24000.0	17.2058	355.387	7.1667	379.7595
4235758	172000.0	17	24000.0	17.2058	379.7595	7.1667	404.132
4235558	154000.0	17	24000.0	15.4058	404.132	6.4167	425.9545
4235627	76000.0	17	24000.0	7.6058	425.9545	3.1667	436.727
4235626	153000.0	17	24000.0	15.3058	436.727	6.375	458.40779999999995
4235768	174000.0	17	24000.0	17.4058	458.4078	7.25	483.0636
4235766	172000.0	17	24000.0	17.2058	483.0636	7.1667	507.4361
4235767	172000.0	17	24000.0	17.2058	507.4361	7.1667	531.8086
4235962	173000.0	17	24000.0	17.3058	531.8086	7.2083	556.3226999999999
4235701	154000.0	17	24000.0	15.4058	556.3227	6.4167	578.1452
4235699	125000.0	17	24000.0	12.5058	578.1452	5.2083	595.8593000000001
4235730	172000.0	17	24000.0	17.2058	595.8593	7.1667	620.2317999999999
4235728	172000.0	17	24000.0	17.2058	620.2318	7.1667	644.6043
4235569	172000.0	17	24000.0	17.2058	644.6043	7.1667	668.9767999999999
4235909	151000.0	17	24000.0	15.1058	668.9768	6.2917	690.3743000000001
4235688	172000.0	17	24000.0	17.2058	690.3743	7.1667	714.7467999999999
4235922	171000.0	17	24000.0	17.1058	714.7468	7.125	738.9776
4235683	174000.0	17	24000.0	17.4058	738.9776	7.25	763.6334
4235690	175000.0	17	24000.0	17.5058	763.6334	7.2917	788.4309000000001
4235933	153000.0	17	24000.0	15.3058	788.4309	6.375	810.1116999999999
4235647	171000.0	17	24000.0	17.1058	810.1117	7.125	834.3425000000001
4235693	172000.0	17	24000.0	17.2058	834.3425	7.1667	858.7149999999999
4235576	174000.0	17	24000.0	17.4058	858.715	7.25	883.3708
4235900	154000.0	17	24000.0	15.4058	883.3708	6.4167	905.1933
4235593	171000.0	17	24000.0	17.1058	905.1933	7.125	929.4241000000001
4235903	172000.0	17	24000.0	17.2058	929.4241	7.1667	953.7965999999999
4235717	173000.0	17	24000.0	17.3058	953.7966	7.2083	978.3107
4235725	173000.0	17	24000.0	17.3058	978.3107	7.2083	1002.8248
4235748	171000.0	17	24000.0	17.1058	1002.8248	7.125	1027.0556000000001
4235597	175000.0	17	24000.0	17.5058	1027.0556	7.2917	1051.8530999999998
4236097	174000.0	17	24000.0	17.4058	1051.8531	7.25	1076.5089
4236099	173000.0	17	24000.0	17.3058	1076.5089	7.2083	1101.0230000000001
4236101	171000.0	17	24000.0	17.1058	1101.023	7.125	1125.2538
4236060	174000.0	17	24000.0	17.4058	1125.2538	7.25	1149.9096
4236062	172000.0	17	24000.0	17.2058	1149.9096	7.1667	1174.2821
4236109	175000.0	17	24000.0	17.5058	1174.2821	7.2917	1199.0795999999998
4236110	175000.0	17	24000.0	17.5058	1199.0796	7.2917	1223.8771
4236146	171000.0	17	24000.0	17.1058	1223.8771	7.125	1248.1079
4236158	162000.0	17	24000.0	16.2058	1248.1079	6.75	1271.0637
4236115	82000.0	17	24000.0	8.2058	1271.0637	3.4167	1282.6861999999999
4236122	174000.0	17	24000.0	17.4058	1282.6862	7.25	1307.342
4236131	172000.0	17	24000.0	17.2058	1307.342	7.1667	1331.7145
4236136	173000.0	17	24000.0	17.3058	1331.7145	7.2083	1356.2286000000001
4236140	172000.0	17	24000.0	17.2058	1356.2286	7.1667	1380.6010999999999
4236142	179000.0	17	24000.0	17.9058	1380.6011	7.4583	1405.9652
4236172	171000.0	17	24000.0	17.1058	1405.9652	7.125	1430.1960000000001
4235862	172000.0	17	24000.0	17.2058	1430.196	7.1667	1454.5684999999999
4235884	171000.0	17	24000.0	17.1058	1454.5685	7.125	1478.7993000000001
4235874	159000.0	17	24000.0	15.9058	1478.7993	6.625	1501.3301
4236008	173000.0	17	24000.0	17.3058	1501.3301	7.2083	1525.8442
4235841	173000.0	17	24000.0	17.3058	1525.8442	7.2083	1550.3583
4236046	172000.0	17	24000.0	17.2058	1550.3583	7.1667	1574.7308
4235835	172000.0	17	24000.0	17.2058	1574.7308	7.1667	1599.1033
4235831	151000.0	17	24000.0	15.1058	1599.1033	6.2917	1620.5008
4235830	171000.0	17	24000.0	17.1058	1620.5008	7.125	1644.7316
4236010	173000.0	17	24000.0	17.3058	1644.7316	7.2083	1669.2457000000002
4235828	171000.0	17	24000.0	17.1058	1669.2457	7.125	1693.4765
4236011	171000.0	17	24000.0	17.1058	1693.4765	7.125	1717.7073
4236290	174000.0	17	24000.0	17.4058	1717.7073	7.25	1742.3631
4235983	174000.0	17	24000.0	17.4058	1742.3631	7.25	1767.0189
4235982	155000.0	17	24000.0	15.5058	1767.0189	6.4583	1788.983
4236284	172000.0	17	24000.0	17.2058	1788.983	7.1667	1813.3555
4235975	171000.0	17	24000.0	17.1058	1813.3555	7.125	1837.5863
4235660	179000.0	17	24000.0	17.9058	1837.5863	7.4583	1862.9504
4235673	172000.0	17	24000.0	17.2058	1862.9504	7.1667	1887.3229
4235893	172000.0	17	24000.0	17.2058	1887.3229	7.1667	1911.6953999999998
4235809	171000.0	17	24000.0	17.1058	1911.6954	7.125	1935.9262
4236222	173000.0	17	24000.0	17.3058	1935.9262	7.2083	1960.4403000000002
4236225	172000.0	17	24000.0	17.2058	1960.4403	7.1667	1984.8128
4236232	172000.0	17	24000.0	17.2058	1984.8128	7.1667	2009.1852999999999
4236237	173000.0	17	24000.0	17.3058	2009.1853	7.2083	2033.6994000000002
4236238	173000.0	17	24000.0	17.3058	2033.6994	7.2083	2058.2135
4236210	171000.0	17	24000.0	17.1058	2058.2135	7.125	2082.4442999999997
4236212	172000.0	17	24000.0	17.2058	2082.4443	7.1667	2106.8168000000005
4236193	171000.0	17	24000.0	17.1058	2106.8168	7.125	2131.0476
4236235	173000.0	17	24000.0	17.3058	2131.0476	7.2083	2155.5616999999997
4235991	171000.0	17	24000.0	17.1058	2155.5617	7.125	2179.7925
4236247	172000.0	17	24000.0	17.2058	2179.7925	7.1667	2204.1650000000004
4235752	84000.0	18	30000.0	8.4058	0	2.8	11.2058
4235723	172000.0	18	30000.0	17.2058	11.2058	5.7333	34.1449
4235543	173000.0	18	30000.0	17.3058	34.1449	5.7667	57.2174
4235610	173000.0	18	30000.0	17.3058	57.2174	5.7667	80.2899
4235614	174000.0	18	30000.0	17.4058	80.2899	5.8	103.4957
4235535	75000.0	18	30000.0	7.5058	103.4957	2.5	113.5015
4235771	173000.0	18	30000.0	17.3058	113.5015	5.7667	136.574
4235948	175000.0	18	30000.0	17.5058	136.574	5.8333	159.91310000000001
4235641	177000.0	18	30000.0	17.7058	159.9131	5.9	183.5189
4235779	171000.0	18	30000.0	17.1058	183.5189	5.7	206.32469999999998
4235562	87000.0	18	30000.0	8.7058	206.3247	2.9	217.93050000000002
4235708	173000.0	18	30000.0	17.3058	217.9305	5.7667	241.003
4235935	173000.0	18	30000.0	17.3058	241.003	5.7667	264.0755
4235923	175000.0	18	30000.0	17.5058	264.0755	5.8333	287.4146
4235959	171000.0	18	30000.0	17.1058	287.4146	5.7	310.2204
4235952	112000.0	18	30000.0	11.2058	310.2204	3.7333	325.1595
4235595	169000.0	18	30000.0	16.9058	325.1595	5.6333	347.6986
4236303	172000.0	18	30000.0	17.2058	347.6986	5.7333	370.6377
4235745	172000.0	18	30000.0	17.2058	370.6377	5.7333	393.5768
4235971	172000.0	18	30000.0	17.2058	393.5768	5.7333	416.5159
4235601	156000.0	18	30000.0	15.6058	416.5159	5.2	437.32169999999996
4235940	172000.0	18	30000.0	17.2058	437.3217	5.7333	460.2608
4235907	155000.0	18	30000.0	15.5058	460.2608	5.1667	480.93330000000003
4235741	151000.0	18	30000.0	15.1058	480.9333	5.0333	501.07239999999996
4235939	173000.0	18	30000.0	17.3058	501.0724	5.7667	524.1449
4235586	173000.0	18	30000.0	17.3058	524.1449	5.7667	547.2174
4236082	173000.0	18	30000.0	17.3058	547.2174	5.7667	570.2899
4236095	158000.0	18	30000.0	15.8058	570.2899	5.2667	591.3624
4236078	171000.0	18	30000.0	17.1058	591.3624	5.7	614.1682000000001
4236048	171000.0	18	30000.0	17.1058	614.1682	5.7	636.974
4236049	151000.0	18	30000.0	15.1058	636.974	5.0333	657.1131000000001
4236112	172000.0	18	30000.0	17.2058	657.1131	5.7333	680.0522
4235994	173000.0	18	30000.0	17.3058	680.0522	5.7667	703.1247
4236120	153000.0	18	30000.0	15.3058	703.1247	5.1	723.5305
4236130	73000.0	18	30000.0	7.3058	723.5305	2.4333	733.2696
4235856	156000.0	18	30000.0	15.6058	733.2696	5.2	754.0754000000001
4236001	162000.0	18	30000.0	16.2058	754.0754	5.4	775.6811999999999
4236004	172000.0	18	30000.0	17.2058	775.6812	5.7333	798.6202999999999
4235997	161000.0	18	30000.0	16.1058	798.6203	5.3667	820.0928000000001
4235873	171000.0	18	30000.0	17.1058	820.0928	5.7	842.8986000000001
4235869	173000.0	18	30000.0	17.3058	842.8986	5.7667	865.9711
4235868	157000.0	18	30000.0	15.7058	865.9711	5.2333	886.9101999999999
4236036	172000.0	18	30000.0	17.2058	886.9102	5.7333	909.8493
4236039	154000.0	18	30000.0	15.4058	909.8493	5.1333	930.3883999999999
4235821	171000.0	18	30000.0	17.1058	930.3884	5.7	953.1942000000001
4236041	174000.0	18	30000.0	17.4058	953.1942	5.8	976.4
4235818	175000.0	18	30000.0	17.5058	976.4	5.8333	999.7391
4236029	160000.0	18	30000.0	16.0058	999.7391	5.3333	1021.0782
4235838	174000.0	18	30000.0	17.4058	1021.0782	5.8	1044.2839999999999
4235833	174000.0	18	30000.0	17.4058	1044.284	5.8	1067.4898
4236016	172000.0	18	30000.0	17.2058	1067.4898	5.7333	1090.4289
4236173	175000.0	18	30000.0	17.5058	1090.4289	5.8333	1113.768
4236293	173000.0	18	30000.0	17.3058	1113.768	5.7667	1136.8405
4236296	171000.0	18	30000.0	17.1058	1136.8405	5.7	1159.6463
4235977	172000.0	18	30000.0	17.2058	1159.6463	5.7333	1182.5854000000002
4236259	172000.0	18	30000.0	17.2058	1182.5854	5.7333	1205.5245
4236278	173000.0	18	30000.0	17.3058	1205.5245	5.7667	1228.597
4236280	173000.0	18	30000.0	17.3058	1228.597	5.7667	1251.6695
4235793	172000.0	18	30000.0	17.2058	1251.6695	5.7333	1274.6086
4235664	176000.0	18	30000.0	17.6058	1274.6086	5.8667	1298.0811
4235663	180000.0	18	30000.0	18.0058	1298.0811	6.0	1322.0869
4235794	172000.0	18	30000.0	17.2058	1322.0869	5.7333	1345.026
4235667	158000.0	18	30000.0	15.8058	1345.026	5.2667	1366.0985
4235669	173000.0	18	30000.0	17.3058	1366.0985	5.7667	1389.171
4235805	174000.0	18	30000.0	17.4058	1389.171	5.8	1412.3768
4235801	155000.0	18	30000.0	15.5058	1412.3768	5.1667	1433.0493
4236226	172000.0	18	30000.0	17.2058	1433.0493	5.7333	1455.9884
4236224	174000.0	18	30000.0	17.4058	1455.9884	5.8	1479.1942
4236227	171000.0	18	30000.0	17.1058	1479.1942	5.7	1502.0
4236233	173000.0	18	30000.0	17.3058	1502.0	5.7667	1525.0725
4236239	172000.0	18	30000.0	17.2058	1525.0725	5.7333	1548.0116
4236220	171000.0	18	30000.0	17.1058	1548.0116	5.7	1570.8174000000001
4236218	172000.0	18	30000.0	17.2058	1570.8174	5.7333	1593.7565
4236209	171000.0	18	30000.0	17.1058	1593.7565	5.7	1616.5623
4236214	171000.0	18	30000.0	17.1058	1616.5623	5.7	1639.3681000000001
4236253	173000.0	18	30000.0	17.3058	1639.3681	5.7667	1662.4406
4236246	172000.0	18	30000.0	17.2058	1662.4406	5.7333	1685.3797
4235542	172000.0	19	30000.0	17.2058	0	5.7333	22.9391
4235619	150000.0	19	30000.0	15.0058	22.9391	5.0	42.944900000000004
4235538	172000.0	19	30000.0	17.2058	42.9449	5.7333	65.884
4235612	173000.0	19	30000.0	17.3058	65.884	5.7667	88.9565
4235926	171000.0	19	30000.0	17.1058	88.9565	5.7	111.76230000000001
4235632	102000.0	19	30000.0	10.2058	111.7623	3.4	125.3681
4235947	171000.0	19	30000.0	17.1058	125.3681	5.7	148.17389999999997
4235644	172000.0	19	30000.0	17.2058	148.1739	5.7333	171.113
4235770	172000.0	19	30000.0	17.2058	171.113	5.7333	194.0521
4235622	172000.0	19	30000.0	17.2058	194.0521	5.7333	216.9912
4235559	173000.0	19	30000.0	17.3058	216.9912	5.7667	240.06369999999998
4235625	172000.0	19	30000.0	17.2058	240.0637	5.7333	263.0028
4235561	172000.0	19	30000.0	17.2058	263.0028	5.7333	285.9419
4235731	175000.0	19	30000.0	17.5058	285.9419	5.8333	309.281
4235729	171000.0	19	30000.0	17.1058	309.281	5.7	332.0868
4235686	172000.0	19	30000.0	17.2058	332.0868	5.7333	355.0259
4235682	173000.0	19	30000.0	17.3058	355.0259	5.7667	378.09839999999997
4235565	176000.0	19	30000.0	17.6058	378.0984	5.8667	401.5709
4235719	174000.0	19	30000.0	17.4058	401.5709	5.8	424.7767
4235726	172000.0	19	30000.0	17.2058	424.7767	5.7333	447.7158
4235590	172000.0	19	30000.0	17.2058	447.7158	5.7333	470.6549
4235904	172000.0	19	30000.0	17.2058	470.6549	5.7333	493.594
4235598	171000.0	19	30000.0	17.1058	493.594	5.7	516.3998
4235966	172000.0	19	30000.0	17.2058	516.3998	5.7333	539.3389
4235579	86000.0	19	30000.0	8.6058	539.3389	2.8667	550.8114
4235733	173000.0	19	30000.0	17.3058	550.8114	5.7667	573.8839
4236307	72000.0	19	30000.0	7.2058	573.8839	2.4	583.4897
4235740	172000.0	19	30000.0	17.2058	583.4897	5.7333	606.4287999999999
4235716	97000.0	19	30000.0	9.7058	606.4288	3.2333	619.3679
4235954	172000.0	19	30000.0	17.2058	619.3679	5.7333	642.3069999999999
4235970	151000.0	19	30000.0	15.1058	642.307	5.0333	662.4461000000001
4235969	68000.0	19	30000.0	6.8058	662.4461	2.2667	671.5186
4235648	151000.0	19	30000.0	15.1058	671.5186	5.0333	691.6577000000001
4236081	171000.0	19	30000.0	17.1058	691.6577	5.7	714.4635000000001
4236079	172000.0	19	30000.0	17.2058	714.4635	5.7333	737.4025999999999
4236093	157000.0	19	30000.0	15.7058	737.4026	5.2333	758.3417
4236107	172000.0	19	30000.0	17.2058	758.3417	5.7333	781.2807999999999
4236065	176000.0	19	30000.0	17.6058	781.2808	5.8667	804.7533000000001
4236066	171000.0	19	30000.0	17.1058	804.7533	5.7	827.5591000000001
4236149	173000.0	19	30000.0	17.3058	827.5591	5.7667	850.6315999999999
4236156	171000.0	19	30000.0	17.1058	850.6316	5.7	873.4374000000001
4236113	172000.0	19	30000.0	17.2058	873.4374	5.7333	896.3765
4236116	172000.0	19	30000.0	17.2058	896.3765	5.7333	919.3155999999999
4236117	177000.0	19	30000.0	17.7058	919.3156	5.9	942.9214
4236118	171000.0	19	30000.0	17.1058	942.9214	5.7	965.7272
4236135	174000.0	19	30000.0	17.4058	965.7272	5.8	988.933
4236137	171000.0	19	30000.0	17.1058	988.933	5.7	1011.7388000000001
4235812	172000.0	19	30000.0	17.2058	1011.7388	5.7333	1034.6779000000001
4235855	171000.0	19	30000.0	17.1058	1034.6779	5.7	1057.4837
4235999	171000.0	19	30000.0	17.1058	1057.4837	5.7	1080.2895
4235881	174000.0	19	30000.0	17.4058	1080.2895	5.8	1103.4953
4235878	172000.0	19	30000.0	17.2058	1103.4953	5.7333	1126.4344
4235875	172000.0	19	30000.0	17.2058	1126.4344	5.7333	1149.3735000000001
4236034	172000.0	19	30000.0	17.2058	1149.3735	5.7333	1172.3126
4236028	172000.0	19	30000.0	17.2058	1172.3126	5.7333	1195.2517
4235840	172000.0	19	30000.0	17.2058	1195.2517	5.7333	1218.1908
4235836	171000.0	19	30000.0	17.1058	1218.1908	5.7	1240.9966000000002
4236023	173000.0	19	30000.0	17.3058	1240.9966	5.7667	1264.0691
4236288	171000.0	19	30000.0	17.1058	1264.0691	5.7	1286.8749
4236299	174000.0	19	30000.0	17.4058	1286.8749	5.8	1310.0807
4236262	171000.0	19	30000.0	17.1058	1310.0807	5.7	1332.8865
4236263	152000.0	19	30000.0	15.2058	1332.8865	5.0667	1353.159
4236268	152000.0	19	30000.0	15.2058	1353.159	5.0667	1373.4315000000001
4236274	175000.0	19	30000.0	17.5058	1373.4315	5.8333	1396.7705999999998
4236282	156000.0	19	30000.0	15.6058	1396.7706	5.2	1417.5764000000001
4235789	171000.0	19	30000.0	17.1058	1417.5764	5.7	1440.3822
4235656	173000.0	19	30000.0	17.3058	1440.3822	5.7667	1463.4547
4235787	171000.0	19	30000.0	17.1058	1463.4547	5.7	1486.2605
4235786	172000.0	19	30000.0	17.2058	1486.2605	5.7333	1509.1996000000001
4235892	171000.0	19	30000.0	17.1058	1509.1996	5.7	1532.0054
4235802	171000.0	19	30000.0	17.1058	1532.0054	5.7	1554.8112
4236236	173000.0	19	30000.0	17.3058	1554.8112	5.7667	1577.8837
4236189	172000.0	19	30000.0	17.2058	1577.8837	5.7333	1600.8228000000001
4236196	171000.0	19	30000.0	17.1058	1600.8228	5.7	1623.6286
4236241	172000.0	19	30000.0	17.2058	1623.6286	5.7333	1646.5677
4236178	151000.0	19	30000.0	15.1058	1646.5677	5.0333	1666.7068000000002
4534673	3000.0	6	5000.0	0.3038	0	0.6	0.9037999999999999
5119628	14000.0	14	12000.0	1.4	1167.6832	1.1667	1170.2499
4535047	9000.0	0	500.0	0.9	8286.8	18.0	8305.699999999999
4534851	4000.0	9	6000.0	0.4067	1761.5085	0.6667	1762.5819
4534890	14000.0	15	16000.0	1.4	1419.9125	0.875	1422.1875
