32709.09835107005
423099.09260756196
0.8100674385062178
0.28598103921965534
331.23747709819514
6880.007777146528
32709.09835107005
423099.09260756196
0.8100674385062178
0.28598103921965534
331.23747709819514
6880.007777146528
32709.09835107005
423099.09260756196
0.8100674385062178
0.28598103921965534
331.23747709819514
6880.007777146528
32709.09835107005
423099.09260756196
0.8100674385062178
0.28598103921965534
331.23747709819514
6880.007777146528
32709.09835107005
423099.09260756196
0.8100674385062178
0.28598103921965534
331.23747709819514
6880.007777146528
30332.525805772068
273894.0511401753
0.7907383610701496
0.2996204495489891
234.42384663998314
1779.35506736308
32709.09835107005
423099.09260756196
0.8100674385062178
0.28598103921965534
331.23747709819514
6880.007777146528
2409.8360655737706
2728.7179479279753
0.9663934426229509
0.06358806981620704
40.16393442622951
42.6806671018893
