2.5667	0.43	1.4	1
9.166699999999999	0.48	2.2	1
18.333399999999997	0.44	1.4	1
33.000099999999996	0.38	3.0	1
49.683499999999995	0.58	1.1	1
71.86689999999999	0.41	3.0	1
98.26699999999998	0.46	2.3	1
127.05039999999998	0.48	1.3	1
158.03379999999999	0.5	1.2	1
191.7672	0.42	1.5	1
231.9173	0.31	3.5	1
278.8507	0.29	3.7	1
329.6341	0.3	2.1	1
383.9008	0.36	1.9	1
440.18420000000003	0.52	1.1	1
498.66760000000005	0.48	1.2	1
562.2843	0.63	2.8	1
628.4677	0.43	1.4	1
697.2178	0.44	1.4	1
768.9012	0.4	1.6	1
842.4179	0.61	1.0	1
918.3179	0.47	1.3	1
997.1512	0.39	1.6	1
1080.2012	0.8	2.3	1
1165.2679	0.53	1.1	1
1254.1846	0.78	2.1	1
1345.4846	0.45	1.3	1
1440.8179	0.3	2.2	1
1540.5512	0.24	2.4	1
1642.8512	0.43	1.4	1
1748.4512	0.58	1.8	1
1856.9845	0.37	1.6	1
1967.7178000000001	0.48	1.2	1
2081.2011	0.41	1.5	1
2198.5344	0.94	2.1	1
2317.5177	0.62	0.9	1
2439.801	0.35	1.8	1
2567.0343	0.44	2.7	1
2696.6508999999996	0.47	1.3	1
2828.4674999999997	0.51	1.2	1
2963.0341	0.38	1.5	1
3100.3507	0.39	1.5	1
3241.7006	0.49	2.2	1
3388.0005	0.41	2.7	1
3537.7837	0.63	1.9	1
3690.3169	0.39	1.5	1
3849.2668	0.89	3.5	1
4010.0499999999997	0.6	1.0	1
4175.416499999999	0.28	2.5	1
4343.166299999999	0.48	1.3	1
4513.849399999999	0.38	1.6	1
4688.382499999999	0.52	2.1	1
4865.665599999998	0.42	1.5	1
5045.515399999998	0.45	1.4	1
5229.765199999998	0.48	2.4	1
5416.398299999998	0.44	1.3	1
5605.231399999998	0.47	1.2	1
5796.2644999999975	0.47	1.2	1
5989.680899999998	0.44	1.3	1
6185.480599999997	0.43	1.3	1
6383.296999999997	0.66	1.1	1
6586.063399999997	0.6	2.7	1
6752.013099999997	0.78	0.1	1
6918.146099999997	0.91	0.1	1
7092.445799999997	0.84	5.0	1
7275.178799999997	0.9	4.6	1
7467.078499999997	0.95	5.0	1
7668.144899999997	0.85	5.0	1
7877.644599999997	0.83	4.6	1
8097.044299999997	0.8	5.4	1
8325.243999999997	0.86	4.8	1
8562.243699999997	0.89	4.8	1
8809.326699999998	0.9	5.5	1
9067.226399999998	0.79	5.9	1
9334.842799999999	0.88	5.3	1
9612.359199999999	0.74	5.4	1
9899.592299999998	0.83	5.3	1
10196.908699999998	0.88	5.5	1
10505.041799999997	0.87	5.9	1
10821.974899999997	0.88	4.8	1
11146.974699999997	0.87	4.4	1
11481.324499999997	0.8	5.1	1
11824.474299999996	0.84	4.8	1
12176.790799999997	0.9	5.0	1
12539.007299999997	0.83	5.4	1
12910.023799999997	0.98	4.8	1
13290.756999999998	0.8	5.3	1
13682.040199999998	0.76	6.3	1
14084.140099999997	0.77	5.9	1
14496.506699999996	0.77	5.6	1
14918.956599999996	0.83	5.5	1
15352.223199999997	0.74	5.9	1
15796.306499999997	0.71	5.9	1
16249.373099999997	0.75	4.9	1
16711.2397	0.75	4.8	1
17182.6396	0.86	5.2	1
17663.206199999997	0.88	5.0	1
18153.122799999997	0.83	5.1	1
18652.939399999996	0.85	5.4	1
19163.572699999997	0.81	5.9	1
19683.555999999997	0.85	5.1	1
20213.622599999995	0.79	5.5	1
20752.305899999996	0.83	4.7	1
21299.789199999996	0.87	4.8	1
21856.622499999994	0.89	5.1	1
22421.705799999992	0.83	4.5	1
22995.77239999999	0.8	4.9	1
23578.822299999993	0.8	4.9	1
24171.038899999992	0.76	5.0	1
24774.255499999992	0.75	6.0	1
25386.82209999999	0.82	5.1	1
26007.82199999999	0.79	4.6	1
26639.08859999999	0.75	5.6	1
27280.071899999988	0.86	5.3	1
27930.405199999987	0.9	5.1	1
28590.455199999986	0.86	5.3	1
29261.871899999987	0.75	6.2	1
29941.53859999999	0.9	4.5	1
30630.18859999999	0.84	4.9	1
31328.73859999999	0.72	5.4	1
32037.73859999999	0.75	5.7	1
32757.18859999999	0.76	5.7	1
33486.72189999999	0.85	5.5	1
34224.87189999999	0.87	4.7	1
34972.00519999999	0.85	4.9	1
35727.20519999999	0.79	4.4	1
36492.12189999999	0.73	5.3	1
37266.205299999994	0.75	5.0	1
38049.45539999999	0.84	5.0	1
38841.87219999999	0.85	5.0	1
39644.55569999999	0.85	5.6	1
40456.40589999999	0.83	5.0	1
41279.07279999999	0.74	5.9	1
42112.372999999985	0.78	5.8	1
42955.93989999998	0.74	5.6	1
43808.306799999984	0.9	4.8	1
44670.39039999998	0.86	5.3	1
45541.09069999998	0.87	4.7	1
46421.50769999998	0.77	5.3	1
47312.19139999998	0.78	5.6	1
48213.14179999998	0.76	5.6	1
49123.62549999998	0.83	5.2	1
50045.65919999998	0.78	6.3	1
50978.50959999998	0.72	5.9	1
51921.80999999998	0.67	5.7	1
52874.82709999998	0.78	5.3	1
53837.74419999998	0.77	5.4	1
54809.64459999998	0.82	4.9	1
55792.36169999998	0.78	5.9	1
56786.07879999998	0.78	6.0	1
57788.22919999998	0.82	4.6	1
58799.54629999998	0.82	5.0	1
59820.03009999998	0.76	5.0	1
60850.59719999998	0.86	5.5	1
61890.14759999998	0.84	4.9	1
62940.88129999998	0.76	6.1	1
64001.33169999998	0.85	5.3	1
65070.58209999998	0.8	4.8	1
66150.09919999998	0.83	5.6	1
67237.49959999998	0.9	4.3	1
68333.88329999999	0.79	4.9	1
69440.71699999999	0.73	5.7	1
70558.00069999999	0.83	5.7	1
71684.08439999999	0.79	4.8	1
72820.8014	0.79	5.8	1
73967.4184	0.77	5.4	1
75122.8354	0.83	4.8	1
76286.3191	0.86	4.4	1
77458.96949999999	0.82	5.0	1
78640.4199	0.85	4.8	1
79832.32029999999	0.76	5.7	1
81033.5707	0.82	5.1	1
82246.1878	0.76	6.2	1
83468.1549	0.84	5.1	1
84700.75529999999	0.83	5.8	1
85943.43899999998	0.76	5.5	1
87195.47269999998	0.76	5.1	1
88456.67309999999	0.8	5.0	1
89726.12349999999	0.85	4.5	1
91007.30719999998	0.68	6.4	1
92298.39089999998	0.77	5.4	1
93598.45789999998	0.82	4.9	1
94907.50819999998	0.9	4.9	1
96226.82519999998	0.76	5.6	1
97556.59219999998	0.82	5.7	1
98896.62589999998	0.81	5.6	1
100247.84289999999	0.72	6.1	1
101608.77659999998	0.81	5.3	1
102979.42699999998	0.9	5.3	1
104360.16069999998	0.78	5.5	1
105750.79439999998	0.77	5.4	1
107149.67809999999	0.83	4.5	1
108558.46179999999	0.79	5.4	1
109976.2288	0.88	4.9	1
111404.4458	0.74	5.7	1
112841.6461	0.75	4.9	1
114288.0131	0.73	5.0	1
115745.3801	0.79	6.0	1
117212.83039999999	0.76	5.5	1
118688.89739999999	0.81	4.7	1
120175.23109999999	0.87	5.6	1
121672.93149999999	0.76	6.2	1
123178.8819	0.8	4.5	1
124694.36559999999	0.81	5.2	1
126218.8326	0.87	4.9	1
127753.7496	0.75	5.7	1
129298.56659999999	0.71	5.4	1
130853.46689999998	0.78	5.5	1
132417.1672	0.85	4.8	1
133990.7675	0.79	5.4	1
135573.1678	0.79	4.8	1
137165.6514	0.85	5.5	1
138768.9517	0.74	5.9	1
140382.51870000002	0.74	5.6	1
142005.4357	0.8	5.1	1
143637.1527	0.83	4.8	1
145278.5864	0.8	5.3	1
146930.1034	0.76	5.5	1
148590.0537	0.89	4.6	1
150259.354	0.8	5.1	1
151937.6376	0.83	4.9	1
153625.6379	0.78	5.3	1
155324.2715	0.81	5.8	1
157033.9051	0.8	6.0	1
158754.5387	0.75	6.0	1
