2.3391	0.39	1.5	1
6.861800000000001	0.44	1.4	1
13.723600000000001	0.42	1.5	1
22.457900000000002	0.53	1.2	1
34.1536	0.62	1.9	1
50.5218	0.38	3.0	1
70.1625	0.33	2.1	1
91.98679999999999	0.44	1.4	1
118.01689999999999	0.42	2.7	1
146.23059999999998	0.42	1.4	1
176.31679999999997	0.48	1.2	1
208.11989999999997	0.58	1.1	1
241.79549999999998	0.46	1.2	1
277.188	0.51	1.1	1
316.00849999999997	0.49	2.2	1
357.7904	0.39	1.9	1
401.7559	0.46	1.4	1
447.5939	0.47	1.2	1
497.01550000000003	0.54	2.3	1
548.3096	0.5	1.2	1
601.4762000000001	0.48	1.2	1
656.3597000000001	0.5	1.1	1
713.4268000000001	0.44	1.4	1
774.6997000000001	0.41	2.7	1
837.3784000000002	0.61	0.9	1
901.7740000000001	0.49	1.1	1
967.8865000000001	0.54	1.1	1
1036.4937	0.39	1.6	1
1107.1289	0.48	1.3	1
1179.9477	0.41	1.4	1
1255.2612	0.4	1.6	1
1332.7583	0.43	1.4	1
1412.2834	0.46	1.3	1
1495.8587	0.46	2.6	1
1580.9954	0.71	1.0	1
1669.4046	0.57	2.1	1
1761.2418	0.26	2.2	1
1855.4181	0.37	1.5	1
1951.4669000000001	0.52	1.2	1
2049.3882000000003	0.52	1.2	1
2151.6709000000005	0.41	2.8	1
2255.9816000000005	0.59	1.3	1
2364.3425000000007	0.43	2.6	1
2476.9092000000005	0.4	2.7	1
2592.9039000000007	0.5	2.2	1
2713.882200000001	0.37	3.2	1
2838.444100000001	0.48	2.3	1
2965.034000000001	0.48	1.3	1
3096.918600000001	0.32	3.4	1
3233.942300000001	0.34	3.3	1
3372.838500000001	0.49	1.2	1
3513.4516000000012	0.5	1.1	1
3657.0261000000014	0.61	1.9	1
3802.6286000000014	0.44	1.3	1
3950.259100000001	0.44	1.3	1
4102.406500000001	0.39	2.9	1
4258.448600000001	0.44	2.5	1
4416.207600000001	0.5	1.1	1
4577.7057	0.26	2.4	1
4744.031800000001	0.37	3.1	1
4913.941500000001	0.27	2.3	1
5087.434800000001	0.46	2.3	1
5265.600600000001	0.41	3.0	1
5445.638900000001	0.49	1.2	1
5630.5052000000005	0.36	3.1	1
5821.2884	0.84	3.8	1
6014.5663	0.37	1.6	1
6209.872200000001	0.47	1.3	1
6407.0506000000005	0.45	1.2	1
6606.8792	0.37	1.7	1
6809.2025	0.38	1.6	1
7013.709400000001	0.41	1.4	1
7219.9332	0.64	1.1	1
7428.6517	0.39	1.6	1
7608.087100000001	0.83	5.6	1
7795.306100000001	0.86	5.0	1
7989.375300000001	0.87	4.4	1
8192.0059	0.75	5.5	1
8403.509	0.77	5.7	1
8623.8846	0.78	5.7	1
8851.8882	0.88	4.9	1
9087.6754	0.89	5.0	1
9330.9351	0.87	4.8	1
9581.2006	0.88	4.5	1
9839.0941	0.76	4.9	1
10104.4601	0.82	4.8	1
10378.8541	0.72	5.8	1
10661.031700000001	0.82	5.0	1
10951.148400000002	0.83	5.1	1
11249.515300000001	0.84	5.3	1
11555.5102	0.77	4.9	1
11869.9109	0.79	5.4	1
12192.717400000001	0.84	5.4	1
12523.1519	0.82	4.9	1
12860.9033	0.79	4.7	1
13206.5938	0.92	5.1	1
13560.6901	0.92	5.4	1
13922.1033	0.85	4.7	1
14292.389000000001	0.86	5.7	1
14669.6805	0.92	4.5	1
15054.911100000001	0.91	5.1	1
15448.080800000002	0.87	5.1	1
15849.656300000002	0.82	5.4	1
16260.415400000002	0.8	5.9	1
16678.958100000003	0.85	5.0	1
17104.906600000002	0.8	5.4	1
17539.105300000003	0.82	5.3	1
17982.020900000003	0.71	5.6	1
18432.097900000004	0.83	4.6	1
18890.114000000005	0.82	5.1	1
19356.069200000005	0.88	5.1	1
19830.585800000004	0.74	5.5	1
20313.974900000005	0.81	5.7	1
20806.236500000006	0.85	5.7	1
21306.126100000005	0.87	4.9	1
21815.354800000005	0.69	6.0	1
22332.367100000003	0.82	5.0	1
22857.163000000004	0.82	5.0	1
23389.275800000003	0.85	4.7	1
23928.861100000002	0.81	4.8	1
24478.0966	0.66	6.2	1
25035.2712	0.9	5.1	1
25600.696	0.8	5.3	1
26174.371	0.81	5.3	1
26755.985099999998	0.82	5.1	1
27344.9161	0.77	4.7	1
27942.097299999998	0.73	5.3	1
28546.906499999997	0.88	4.9	1
29158.721499999996	0.78	4.5	1
29782.208999999995	0.59	7.5	1
30414.724499999997	0.82	5.8	1
31055.179099999998	0.8	5.1	1
31703.572799999998	0.83	5.1	1
32359.750099999997	0.91	5.0	1
33023.8665	0.79	5.1	1
33697.010899999994	0.8	5.8	1
34377.938899999994	0.79	5.0	1
35069.29489999999	0.73	6.7	1
35768.745599999995	0.83	5.2	1
36475.82429999999	0.84	4.9	1
37191.46439999999	0.79	5.5	1
37915.04359999999	0.91	5.1	1
38646.71749999999	0.82	5.2	1
39386.17499999999	0.85	5.0	1
40133.41609999999	0.83	5.0	1
40888.28519999999	0.79	4.9	1
41650.78229999999	0.83	4.9	1
42422.15189999999	0.83	5.7	1
43200.99399999999	0.87	4.8	1
43987.930799999995	0.81	5.2	1
44782.806699999994	0.82	5.1	1
45587.799499999994	0.65	6.5	1
46399.642499999994	0.84	4.4	1
47219.891299999996	0.79	5.4	1
48047.768099999994	0.79	4.9	1
48883.583999999995	0.82	5.1	1
49728.738999999994	0.75	6.0	1
50582.29979999999	0.88	5.4	1
51444.42199999999	0.79	5.5	1
52313.861099999995	0.9	4.7	1
53191.8616	0.7	5.5	1
54078.4235	0.78	5.5	1
54972.924499999994	0.85	5.1	1
55877.23129999999	0.7	6.3	1
56789.32169999999	0.84	5.0	1
57709.817899999995	0.85	5.4	1
58640.1199	0.75	6.3	1
59577.1166	0.81	4.3	1
60522.6747	0.79	5.5	1
61476.949700000005	0.68	5.6	1
62439.63050000001	0.8	5.4	1
63410.40600000001	0.8	5.2	1
64388.80950000001	0.87	4.9	1
65376.24100000001	0.75	5.8	1
66372.07830000001	0.77	5.4	1
67376.7881	0.77	5.7	1
68389.5926	0.73	5.2	1
69411.8918	0.76	6.1	1
70443.3746	0.76	5.9	1
71482.9521	0.9	5.2	1
72531.40209999999	0.77	5.7	1
73588.72459999999	0.75	5.7	1
74654.45289999999	0.79	5.4	1
75728.58699999998	0.78	5.4	1
76810.81579999998	0.87	5.2	1
77901.45039999999	0.77	5.4	1
79000.64639999998	0.9	5.5	1
80108.09259999999	0.8	5.3	1
81223.01129999998	0.84	4.8	1
82346.18019999999	0.82	5.3	1
83478.68819999999	0.73	6.0	1
84619.91309999999	0.75	5.6	1
85769.0771	0.81	5.1	1
86924.93579999999	0.95	4.3	1
88088.5781	0.77	5.0	1
89259.5373	0.76	4.7	1
90438.5912	0.74	5.2	1
91625.1176	0.84	4.8	1
92819.5831	0.79	5.1	1
94022.76550000001	0.83	5.6	1
95234.9759	0.81	5.8	1
96455.7477	0.79	5.5	1
97684.3031	0.79	5.0	1
98920.6421	0.81	5.0	1
100166.1647	0.73	5.9	1
101421.182	0.77	6.1	1
102684.9162	0.88	5.6	1
103957.0562	0.87	5.4	1
105236.3576	0.83	4.6	1
106523.7537	0.84	5.2	1
107819.5556	0.77	5.4	1
109123.4522	0.81	5.2	1
110435.4435	0.8	5.2	1
111755.8406	0.75	5.4	1
113085.7324	0.75	6.1	1
114424.34109999999	0.77	5.6	1
115769.95559999999	0.87	4.5	1
117123.35369999999	0.83	5.0	1
118484.84649999999	0.82	5.2	1
119853.18949999998	0.85	4.4	1
121230.56049999998	0.81	5.8	1
122616.80399999997	0.75	5.7	1
124010.67549999997	0.79	4.9	1
125412.33059999997	0.81	5.0	1
126822.39149999997	0.8	5.4	1
128240.85819999997	0.78	5.4	1
129667.10849999997	0.8	5.0	1
131100.83129999996	0.91	4.8	1
132541.24879999997	0.85	4.3	1
133989.60539999997	0.9	5.1	1
135445.74559999997	0.83	5.0	1
136912.46939999997	0.74	6.8	1
138388.22119999997	0.76	5.8	1
139871.44549999997	0.76	4.8	1
141361.36449999997	0.89	4.3	1
142858.91149999996	0.78	4.9	1
144362.99759999994	0.88	4.2	1
145875.02279999995	0.8	5.1	1
147395.45379999996	0.88	5.4	1
148923.51279999997	0.84	4.9	1
