3.4725	0.43	2.6	1
8.4175	0.55	1.1	1
16.5683	0.5	2.4	1
26.1916	0.54	1.1	1
37.554	0.49	1.3	1
50.7889	0.43	1.4	1
66.0296	0.39	1.5	1
84.0761	0.52	2.1	1
103.8617	0.48	1.3	1
125.6531	0.4	1.5	1
150.3836	0.29	2.2	1
176.7199	0.52	1.2	1
204.662	0.56	1.2	1
234.0766	0.54	1.1	1
266.9637	0.46	2.6	1
301.3233	0.49	1.1	1
337.2887	0.51	1.2	1
374.7266	0.58	1.1	1
413.90360000000004	0.49	1.3	1
456.68640000000005	0.41	2.7	1
501.60830000000004	0.39	1.6	1
548.1360000000001	0.48	1.2	1
596.2695000000001	0.45	1.2	1
645.8755000000001	0.51	1.1	1
696.8206000000001	0.6	1.0	1
750.3048000000001	0.32	1.9	1
806.8615000000001	0.53	2.3	1
865.8240000000001	0.59	1.8	1
927.3256000000001	0.59	1.9	1
992.4330000000001	0.43	2.7	1
1059.6795000000002	0.38	1.6	1
1131.5985000000003	0.33	3.5	1
1206.4566000000002	0.47	2.2	1
1284.9205000000002	0.44	2.7	1
1364.9902000000002	0.51	1.2	1
1446.3990000000001	0.52	1.0	1
1532.0803	0.34	3.2	1
1619.6341	0.41	1.4	1
1709.0604	0.47	1.4	1
1801.2925	0.49	2.1	1
1895.1304	0.53	1.2	1
1990.5741	0.49	1.2	1
2089.3569	0.42	2.5	1
2190.0122	0.51	1.4	1
2292.94	0.35	1.7	1
2397.3403	0.54	1.1	1
2505.0797	0.47	2.5	1
2614.8248999999996	0.44	1.5	1
2726.5759	0.39	1.5	1
2839.9327	0.47	1.2	1
2956.362	0.5	2.3	1
3076.2638	0.44	2.6	1
3198.1714	0.43	1.5	1
3321.8181000000004	0.48	1.3	1
3446.8039000000003	0.59	1.0	1
3573.3955000000005	0.45	1.2	1
3702.1262000000006	0.4	1.6	1
3834.4627000000005	0.38	2.7	1
3969.4717000000005	0.31	2.0	1
4106.0865	0.46	1.2	1
4245.1071	0.34	1.8	1
4385.4668	0.71	1.0	1
4529.9656	0.35	3.1	1
4676.0702	0.47	1.2	1
4823.9139000000005	0.47	1.3	1
4975.0967	0.43	2.5	1
5128.8186	0.31	1.9	1
5284.812999999999	0.38	1.7	1
5444.013199999999	0.77	2.4	1
5604.819199999999	0.48	1.2	1
5767.097699999999	0.55	1.1	1
5930.715299999999	0.59	1.0	1
6095.805399999999	0.53	1.1	1
6264.634599999999	0.4	2.8	1
6402.2696	0.81	5.1	1
6546.9771	0.77	5.3	1
6698.8904	0.76	5.4	1
6856.1428000000005	0.88	4.0	1
7019.401000000001	0.98	4.5	1
7189.7317	0.82	5.3	1
7366.4682	0.86	4.8	1
7550.2772	0.88	5.3	1
7743.425300000001	0.85	7.0	1
7943.9125	0.86	5.5	1
8152.2722	0.8	5.9	1
8380.5044	0.8	14.9	1
8616.3424	0.8	5.7	1
8859.119499999999	0.83	5.2	1
9125.635699999999	0.84	17.8	1
9398.291	0.8	4.6	1
9677.218799999999	0.88	4.7	1
9962.952399999998	0.86	5.1	1
10256.158499999998	0.76	5.6	1
10556.570399999997	0.8	5.4	1
10863.388099999996	0.84	4.8	1
11176.744899999996	0.82	4.9	1
11497.840799999996	0.74	5.8	1
11825.742499999997	0.86	5.1	1
12160.983299999996	0.9	5.5	1
12503.563199999997	0.88	5.5	1
12852.282199999996	0.83	4.6	1
13208.473699999997	0.83	5.6	1
13570.337699999996	0.86	5.0	1
13939.140799999996	0.83	5.2	1
14315.816399999996	0.8	5.9	1
14699.431099999996	0.82	5.2	1
15089.718299999997	0.84	5.0	1
15487.744599999996	0.81	5.8	1
15892.976699999996	0.79	5.4	1
16305.414599999996	0.74	5.4	1
16725.1916	0.76	5.5	1
17151.9077	0.79	5.2	1
17588.3629	0.66	7.3	1
18032.0239	0.83	5.4	1
18484.224000000002	0.67	6.4	1
18942.963200000002	0.88	4.9	1
19407.7082	0.94	4.5	1
19880.459000000003	0.74	6.0	1
20360.282300000003	0.86	5.3	1
20847.711400000004	0.84	5.7	1
21341.813000000006	0.82	5.0	1
21842.587100000004	0.73	5.0	1
22351.367000000006	0.8	6.0	1
22866.952700000005	0.83	5.1	1
23389.610900000007	0.8	5.3	1
23918.408200000005	0.76	4.6	1
24453.744600000005	0.81	4.9	1
24994.420100000007	0.94	4.0	1
25542.434700000005	0.84	5.5	1
26098.588400000004	0.78	6.1	1
26661.147900000004	0.84	4.8	1
27232.113200000003	0.7	6.3	1
27811.484300000004	0.74	6.3	1
28397.527900000005	0.78	5.0	1
28989.977300000006	0.85	4.8	1
29589.899200000007	0.74	5.6	1
30198.22690000001	0.77	6.3	1
30813.893700000008	0.81	5.5	1
31437.833000000006	0.77	6.2	1
32068.311400000006	0.86	4.9	1
32706.128900000007	0.84	5.5	1
33350.75220000001	0.9	5.1	1
34002.71460000001	0.77	5.5	1
34662.54950000001	0.67	5.9	1
35329.72350000001	0.75	5.5	1
36006.236600000004	0.65	7.0	1
36689.2888	0.87	4.9	1
37379.1468	0.87	5.1	1
38075.943900000006	0.83	5.2	1
38779.546800000004	0.8	5.1	1
39490.222200000004	0.79	5.3	1
40207.83670000001	0.8	5.2	1
40932.92370000001	0.76	5.6	1
41665.749800000005	0.75	5.8	1
42405.115000000005	0.8	4.9	1
43151.28600000001	0.82	5.1	1
43906.262800000004	0.65	6.6	1
44667.9121	0.81	5.0	1
45436.7672	0.82	5.4	1
46212.428100000005	0.8	5.1	1
46994.49480000001	0.81	4.8	1
47783.367300000005	0.83	5.1	1
48577.9789	0.84	4.3	1
49379.263	0.91	5.0	1
50187.3529	0.84	5.1	1
51003.715299999996	0.7	6.2	1
51827.4168	0.79	5.5	1
52658.3241	0.8	5.4	1
53496.5705	0.88	5.5	1
54341.8894	0.79	5.3	1
55193.4808	0.84	4.7	1
56053.477999999996	0.77	6.3	1
56919.74769999999	0.77	4.7	1
57792.15649999999	0.87	4.6	1
58671.50439999999	0.84	5.2	1
59557.52479999999	0.87	5.0	1
60449.28429999999	0.83	4.3	1
61350.116299999994	0.7	6.8	1
62257.48739999999	0.84	4.9	1
63173.130999999994	0.77	6.2	1
64095.71369999999	0.89	5.2	1
65026.03549999999	0.73	5.8	1
65963.69639999999	0.8	5.5	1
66909.22979999999	0.73	5.9	1
67861.0357	0.81	4.7	1
68819.5141	0.84	5.0	1
69785.065	0.76	5.3	1
70757.2884	0.82	5.0	1
71735.9176	0.81	4.8	1
72721.6193	0.83	5.3	1
73714.12680000001	0.84	5.1	1
74714.90680000001	0.78	6.2	1
75725.55930000001	0.71	7.4	1
76743.81760000001	0.79	5.7	1
77768.74840000001	0.75	5.0	1
78800.21830000001	0.87	4.9	1
79837.42730000001	0.82	4.3	1
80881.0421	0.86	4.8	1
81931.86270000001	0.81	5.4	1
82990.28910000001	0.8	5.7	1
84055.388	0.85	5.0	1
85128.09270000001	0.82	5.7	1
86207.0699	0.87	4.7	1
87293.7862	0.8	5.8	1
88387.4416	0.83	5.2	1
89486.9695	0.85	4.4	1
90593.30320000001	0.8	5.1	1
91706.57600000002	0.79	5.2	1
92828.78790000001	0.72	6.7	1
93958.20560000002	0.86	5.4	1
95094.96240000002	0.81	5.5	1
96240.12500000001	0.67	6.3	1
97392.49340000002	0.77	5.4	1
98550.86760000003	0.8	4.5	1
99715.51430000002	0.8	4.7	1
100886.16680000002	0.91	4.5	1
102063.09180000002	0.89	4.7	1
103246.15590000003	0.84	4.6	1
104436.02580000003	0.78	5.1	1
105633.23480000003	0.85	5.5	1
106836.98290000003	0.82	4.9	1
108048.07010000003	0.81	5.5	1
109265.69640000003	0.76	4.9	1
110489.32850000003	0.89	4.5	1
111720.96640000003	0.79	6.0	1
112959.54340000004	0.8	5.2	1
114204.65950000004	0.74	4.9	1
115456.44810000004	0.77	5.0	1
116715.70920000004	0.85	5.6	1
117981.90940000005	0.8	5.2	1
119255.04870000004	0.82	5.2	1
120535.92710000004	0.74	5.8	1
121824.81130000004	0.8	6.0	1
123122.23460000004	0.7	6.4	1
124427.13040000004	0.84	5.6	1
125740.29870000004	0.68	6.2	1
127060.80610000005	0.76	5.5	1
128389.18600000005	0.74	5.9	1
129725.03840000005	0.83	5.6	1
131067.96330000005	0.81	5.3	1
132417.56070000006	0.85	5.0	1
133773.83060000007	0.76	5.0	1
135137.17300000007	0.78	5.3	1
136508.12120000008	0.76	5.7	1
137887.47520000007	0.76	6.3	1
139274.16830000008	0.85	5.5	1
140666.86720000007	0.93	4.5	1
142066.50520000007	0.85	5.2	1
143473.21570000006	0.72	5.3	1
