7.7038	0.5	2.2	1
49.007600000000004	0.95	11.8	1
133.7152	0.94	12.4	1
260.4266	0.94	12.0	1
444.1918	0.92	16.3	1
668.5608	0.98	11.6	1
952.7836	0.87	17.1	1
1280.7602	0.95	12.5	1
1653.8906	0.89	12.9	1
2067.6248	0.97	11.6	1
2535.6128	0.96	15.5	1
3063.8046	0.87	17.2	1
3649.0501999999997	0.92	16.3	1
4275.9496	0.99	11.9	1
4962.7028	0.88	17.1	1
5709.6598	0.94	17.2	1
6512.270600000001	0.94	15.9	1
7370.885200000001	0.95	16.0	1
8287.2536	0.91	16.5	1
9257.5258	0.98	15.4	1
10270.8518	0.94	12.3	1
11326.8816	0.95	12.2	1
12423.8652	0.98	11.7	1
13582.1026	0.85	17.5	1
14799.8438	0.7	17.0	1
16062.0388	0.91	12.7	1
17376.0376	1.0	14.8	1
18736.2402	0.88	13.2	1
20142.6466	0.86	13.2	1
21590.7068	0.96	11.9	1
23086.0208	0.86	13.5	1
24623.3386	0.95	12.0	1
26211.7602	0.81	14.6	1
27847.4356	0.86	13.5	1
29526.5148	0.95	12.4	1
31246.5478	0.98	11.7	1
33009.9846	0.92	12.4	1
34814.3752	0.98	11.7	1
36670.5696	0.98	14.8	1
38566.317800000004	1.0	11.3	1
40513.86980000001	0.99	14.8	1
42513.225600000005	0.99	14.8	1
44554.58520000001	0.94	12.0	1
46655.09860000001	0.94	16.9	1
48797.615800000014	0.94	12.0	1
50984.23680000001	0.92	12.6	1
53212.51160000001	0.95	11.9	1
55499.94020000001	0.88	16.9	1
57847.22260000001	0.9	17.1	1
60234.058800000006	1.0	11.3	1
62665.698800000006	0.89	12.8	1
65140.04260000001	0.94	12.2	1
67671.7902	0.94	16.4	1
70245.1916	0.97	11.9	1
72871.0968	0.79	15.0	1
75557.5558	0.86	17.3	1
78284.2686	0.98	11.5	1
81056.4852	0.9	13.0	1
83892.75559999999	0.81	18.3	1
86771.3798	0.95	12.1	1
89690.25779999999	0.98	11.5	1
92649.73959999999	1.0	11.6	1
95660.32519999999	1.0	14.6	1
98726.91459999999	0.97	16.0	1
101854.75779999999	0.88	17.5	1
105039.3048	0.92	16.2	1
108283.0056	0.9	16.9	1
111584.4602	0.92	16.5	1
114926.8686	0.99	11.7	1
118314.0808	0.91	12.8	1
121761.1468	0.89	17.1	1
125266.6666	0.91	16.7	1
128826.09019999999	0.97	15.4	1
132438.3676	0.99	15.1	1
136108.7488	0.9	16.6	1
139826.3838	0.84	13.5	1
143589.8726	0.88	13.1	1
147393.9652	0.97	11.6	1
151247.7616	1.0	14.2	1
155161.7618	0.87	17.2	1
159115.66580000002	0.98	11.4	1
163114.02360000001	0.88	12.7	1
167156.13520000002	0.92	12.5	1
171238.8506	0.98	11.6	1
175379.6698	0.89	16.6	1
179575.0928	0.96	15.6	1
183821.6196	1.0	14.6	1
188122.7502	0.97	15.6	1
192466.5846	0.93	12.2	1
196856.2728	0.88	13.1	1
201287.2648	0.97	11.8	1
205765.1606	0.88	13.4	1
210283.6602	0.97	11.6	1
214864.81360000002	0.85	17.9	1
219505.12080000003	0.89	16.9	1
224197.58180000004	1.0	14.9	1
228933.44660000005	0.93	12.4	1
233723.21520000006	0.94	15.4	1
238570.38760000007	0.9	16.4	1
