5.1333	0.87	2.8	1
14.8499	0.95	2.5	1
29.1498	0.91	2.5	1
48.21639999999999	0.86	2.6	1
71.49969999999999	0.94	2.3	1
99.54969999999999	0.92	2.6	1
132.183	0.95	2.5	1
169.3996	0.93	2.5	1
211.74949999999998	0.9	2.8	1
259.23269999999997	0.87	2.8	1
311.48259999999993	0.91	2.6	1
368.3157999999999	0.97	2.5	1
430.2822999999999	0.89	2.8	1
497.3820999999999	0.86	2.8	1
569.0651999999999	0.89	2.5	1
645.6982999999999	0.86	2.7	1
727.0980999999999	0.97	2.6	1
813.2646	0.88	2.6	1
905.1143999999999	0.83	3.1	1
1002.0975	0.88	2.8	1
1104.2139	0.87	2.8	1
1211.2803	0.88	2.7	1
1322.8466999999998	0.8	3.0	1
1439.7297999999998	0.82	2.9	1
1563.2128999999998	0.65	3.6	1
1692.5626999999997	0.81	3.2	1
1827.4124999999997	0.83	3.0	1
1968.1289999999997	0.75	3.2	1
2113.9788	0.85	2.8	1
2266.6119	0.68	3.7	1
2424.1949999999997	0.84	2.7	1
2587.0948	0.82	2.9	1
2754.7612999999997	0.88	2.6	1
2927.3777999999998	0.88	2.7	1
3104.5775999999996	0.89	2.5	1
3287.6440999999995	0.76	3.2	1
3475.6605999999997	0.84	2.7	1
3668.9937999999997	0.81	2.9	1
3867.4602999999997	0.87	2.8	1
4070.5100999999995	0.88	2.5	1
4278.8766	0.84	2.9	1
4492.0098	0.87	2.6	1
4709.7263	0.89	2.5	1
4932.0261	0.9	2.5	1
5158.7259	0.89	2.4	1
5391.659000000001	0.74	3.4	1
5631.7421	0.67	3.9	1
5876.0419	0.93	2.3	1
