8.9375	0.89	5.5	1
10.5625	0.75	1.0	1
15.1125	0.86	2.8	1
23.887500000000003	0.86	2.6	1
36.5625	0.91	2.4	1
53.625	0.91	2.7	1
74.425	1.0	2.3	1
99.775	0.88	2.8	1
129.025	0.96	2.4	1
162.3375	0.92	2.5	1
199.7125	0.92	2.5	1
240.9875	0.96	2.4	1
286.8125	0.86	2.8	1
337.1875	0.9	2.8	1
391.4625	0.93	2.4	1
449.9625	0.89	2.6	1
512.1999999999999	0.91	2.3	1
578.4999999999999	0.91	2.5	1
649.1874999999999	0.88	2.7	1
723.9374999999999	0.93	2.5	1
803.0749999999999	0.86	2.7	1
886.4374999999999	0.9	2.6	1
974.0249999999999	0.96	2.6	1
1065.5124999999998	0.96	2.4	1
1161.0624999999998	0.89	2.5	1
1260.3249999999998	0.85	2.9	1
1363.8124999999998	0.89	2.6	1
1471.3624999999997	0.89	2.5	1
1583.4624999999996	0.83	2.8	1
1699.9499999999996	0.87	2.7	1
1821.3124999999995	0.81	3.0	1
1947.3874999999996	0.82	2.9	1
2077.8499999999995	0.86	2.7	1
2212.8624999999993	0.85	2.8	1
2354.0499999999993	0.67	3.8	1
2501.087499999999	0.69	3.6	1
2651.6999999999994	0.94	2.2	1
2806.3749999999995	0.92	2.5	1
2965.7624999999994	0.82	2.9	1
3131.4874999999993	0.69	3.9	1
