1.4225	0.7	1.0	1
5.536600000000001	0.85	2.9	1
13.4815	0.87	2.7	1
25.115499999999997	0.93	2.6	1
40.0136	0.93	2.3	1
58.88419999999999	0.89	2.8	1
81.44389999999999	0.91	2.6	1
107.83439999999999	0.88	2.7	1
137.914	0.97	2.6	1
171.39939999999999	0.98	2.4	1
208.4323	0.94	2.5	1
248.58769999999998	0.96	2.2	1
292.8572	0.85	2.9	1
340.81579999999997	0.91	2.6	1
392.46349999999995	0.91	2.6	1
447.65869999999995	0.95	2.5	1
506.25969999999995	0.93	2.4	1
568.1247999999999	1.0	2.3	1
633.679	0.95	2.6	1
701.639	0.92	2.4	1
774.1381	0.74	3.2	1
850.468	0.85	2.7	1
930.3453999999999	0.9	2.5	1
1014.1953	0.86	2.8	1
1101.876	0.82	2.7	1
1193.2458	0.9	2.6	1
1289.1546999999998	0.76	3.2	1
1389.4610999999998	0.79	3.1	1
1493.5982999999997	0.84	2.7	1
1602.8412999999996	0.71	3.6	1
1715.6317999999997	0.89	2.5	1
1832.1113999999995	0.87	2.6	1
1952.2800999999995	0.88	2.6	1
