3.7391	0.85	2.8	1
10.284	1.0	2.1	1
20.567999999999998	0.87	2.8	1
34.3245	0.87	2.6	1
51.8201	0.87	2.8	1
73.0548	0.86	2.8	1
97.762	0.92	2.6	1
125.9417	0.95	2.6	1
157.4605	0.98	2.5	1
191.7851	0.97	2.1	1
229.1822	1.0	2.3	1
270.8518	0.78	3.2	1
315.5939	0.93	2.3	1
363.0085	1.0	2.0	1
413.7622	0.95	2.5	1
468.12170000000003	0.93	2.7	1
525.287	0.99	2.1	1
586.1914	0.9	2.8	1
650.5683	0.9	2.6	1
718.1510000000001	0.98	2.4	1
789.2062000000001	0.95	2.6	1
863.4672	0.96	2.4	1
941.2007000000001	0.93	2.6	1
1022.4067000000001	0.92	2.6	1
1107.0185000000001	0.73	3.3	1
1195.3694	0.84	2.8	1
1287.3261	0.85	2.7	1
1382.7553	0.88	2.6	1
1481.9236	0.81	2.8	1
1584.6977000000002	0.85	2.7	1
1691.3443000000002	0.84	2.9	1
1801.7300000000002	0.82	2.8	1
1915.4548000000002	0.83	2.5	1
2032.6521000000002	0.85	2.6	1
2154.7885	0.68	3.7	1
2280.5307000000003	0.87	2.7	1
2410.6787000000004	0.74	3.3	1
2544.1658	0.86	2.5	1
2681.6587000000004	0.79	3.0	1
2822.6241000000005	0.89	2.6	1
2967.5953000000004	0.79	3.0	1
