9157766	55000.0	15	16000.0	5.5	0	3.4375	8.9375
9379213	10000.0	15	16000.0	1.0	0	0.625	1.625
9379212	10000.0	17	24000.0	1.0058	0	0.4167	1.4225
3150865	27000.0	0	500.0	2.7	0	54.0	56.7
3151003	25000.0	0	500.0	2.5	56.7	50.0	109.2
3151142	27000.0	0	500.0	2.7	109.2	54.0	165.9
3150750	25000.0	0	500.0	2.5	165.9	50.0	218.4
3151125	26000.0	0	500.0	2.6	218.4	52.0	273.0
3150915	27000.0	0	500.0	2.7	273.0	54.0	329.7
3150559	27000.0	0	500.0	2.7	329.7	54.0	386.4
3151219	26000.0	0	500.0	2.6	386.4	52.0	441.0
3150641	27000.0	0	500.0	2.7	441.0	54.0	497.7
3150653	27000.0	0	500.0	2.7	497.7	54.0	554.4
3150655	27000.0	0	500.0	2.7	554.4	54.0	611.1
3151129	24000.0	0	500.0	2.4	611.1	48.0	661.5
3150614	25000.0	0	500.0	2.5	661.5	50.0	714.0
3150618	24000.0	0	500.0	2.4	714.0	48.0	764.4
3151189	25000.0	2	1000.0	2.5	0	25.0	27.5
3150836	21000.0	3	1000.0	2.1	0	21.0	23.1
3150845	25000.0	4	4000.0	2.5038	0	6.25	8.7538
3150866	25000.0	4	4000.0	2.5038	8.7538	6.25	17.5076
3150833	26000.0	6	5000.0	2.6038	0	5.2	7.803800000000001
3150821	25000.0	6	5000.0	2.5038	7.8038	5.0	15.3076
3150843	24000.0	7	5000.0	2.4038	0	4.8	7.203799999999999
3151184	25000.0	10	6000.0	2.5067	0	4.1667	6.673399999999999
3150670	26000.0	10	6000.0	2.6067	6.6734	4.3333	13.613400000000002
3151009	26000.0	12	6000.0	2.6	0	4.3333	6.933300000000001
3151195	23000.0	12	6000.0	2.3	6.9333	3.8333	13.0666
3151201	28000.0	13	8000.0	2.8	0	3.5	6.3
3151202	28000.0	14	12000.0	2.8	0	2.3333	5.1333
3151188	25000.0	14	12000.0	2.5	5.1333	2.0833	9.7166
3151151	25000.0	14	12000.0	2.5	9.7166	2.0833	14.2999
3150742	26000.0	14	12000.0	2.6	14.2999	2.1667	19.066599999999998
3150816	23000.0	14	12000.0	2.3	19.0666	1.9167	23.2833
3151018	26000.0	14	12000.0	2.6	23.2833	2.1667	28.05
3150798	25000.0	14	12000.0	2.5	28.05	2.0833	32.6333
3151203	25000.0	14	12000.0	2.5	32.6333	2.0833	37.2166
3151204	28000.0	14	12000.0	2.8	37.2166	2.3333	42.3499
3151077	28000.0	14	12000.0	2.8	42.3499	2.3333	47.4832
3150916	26000.0	14	12000.0	2.6	47.4832	2.1667	52.2499
3151082	25000.0	14	12000.0	2.5	52.2499	2.0833	56.8332
3150903	28000.0	14	12000.0	2.8	56.8332	2.3333	61.966499999999996
3150938	28000.0	14	12000.0	2.8	61.9665	2.3333	67.0998
3150553	25000.0	14	12000.0	2.5	67.0998	2.0833	71.6831
3151264	27000.0	14	12000.0	2.7	71.6831	2.25	76.6331
3150562	26000.0	14	12000.0	2.6	76.6331	2.1667	81.3998
3151072	26000.0	14	12000.0	2.6	81.3998	2.1667	86.1665
3151213	31000.0	14	12000.0	3.1	86.1665	2.5833	91.84979999999999
3150604	28000.0	14	12000.0	2.8	91.8498	2.3333	96.9831
3151206	28000.0	14	12000.0	2.8	96.9831	2.3333	102.11639999999998
3150873	27000.0	14	12000.0	2.7	102.1164	2.25	107.0664
3150671	28000.0	15	16000.0	2.8	0	1.75	4.55
3151182	26000.0	15	16000.0	2.6	4.55	1.625	8.775
3150860	24000.0	15	16000.0	2.4	8.775	1.5	12.675
3150862	27000.0	15	16000.0	2.7	12.675	1.6875	17.0625
3150846	23000.0	15	16000.0	2.3	17.0625	1.4375	20.8
3151005	28000.0	15	16000.0	2.8	20.8	1.75	25.35
3151123	24000.0	15	16000.0	2.4	25.35	1.5	29.25
3151143	25000.0	15	16000.0	2.5	29.25	1.5625	33.3125
3151031	25000.0	15	16000.0	2.5	33.3125	1.5625	37.375
3150715	24000.0	15	16000.0	2.4	37.375	1.5	41.275
3150713	28000.0	15	16000.0	2.8	41.275	1.75	45.824999999999996
3151017	28000.0	15	16000.0	2.8	45.825	1.75	50.375
3150688	24000.0	15	16000.0	2.4	50.375	1.5	54.275
3150695	26000.0	15	16000.0	2.6	54.275	1.625	58.5
3151155	23000.0	15	16000.0	2.3	58.5	1.4375	62.2375
3150998	25000.0	15	16000.0	2.5	62.2375	1.5625	66.3
3151224	27000.0	15	16000.0	2.7	66.3	1.6875	70.6875
3150551	25000.0	15	16000.0	2.5	70.6875	1.5625	74.75
3151261	27000.0	15	16000.0	2.7	74.75	1.6875	79.1375
3151066	26000.0	15	16000.0	2.6	79.1375	1.625	83.3625
3150568	26000.0	15	16000.0	2.6	83.3625	1.625	87.58749999999999
3151248	24000.0	15	16000.0	2.4	87.5875	1.5	91.48750000000001
3151044	25000.0	15	16000.0	2.5	91.4875	1.5625	95.55
3151007	26000.0	16	18000.0	2.6058	0	1.4444	4.0502
3151187	20000.0	16	18000.0	2.0058	4.0502	1.1111	7.1671
3151196	24000.0	16	18000.0	2.4058	7.1671	1.3333	10.9062
3150680	24000.0	16	18000.0	2.4058	10.9062	1.3333	14.6453
3150702	28000.0	16	18000.0	2.8058	14.6453	1.5556	19.006700000000002
3151146	25000.0	16	18000.0	2.5058	19.0067	1.3889	22.9014
3150771	24000.0	16	18000.0	2.4058	22.9014	1.3333	26.6405
3150711	25000.0	16	18000.0	2.5058	26.6405	1.3889	30.5352
3150747	25000.0	16	18000.0	2.5058	30.5352	1.3889	34.429899999999996
3150812	25000.0	16	18000.0	2.5058	34.4299	1.3889	38.324600000000004
3151120	25000.0	16	18000.0	2.5058	38.3246	1.3889	42.2193
3151167	26000.0	16	18000.0	2.6058	42.2193	1.4444	46.2695
3151112	25000.0	16	18000.0	2.5058	46.2695	1.3889	50.1642
3150576	27000.0	16	18000.0	2.7058	50.1642	1.5	54.370000000000005
3151234	26000.0	16	18000.0	2.6058	54.37	1.4444	58.4202
3150597	25000.0	16	18000.0	2.5058	58.4202	1.3889	62.3149
3150953	23000.0	16	18000.0	2.3058	62.3149	1.2778	65.8985
3150643	27000.0	16	18000.0	2.7058	65.8985	1.5	70.1043
3151041	27000.0	16	18000.0	2.7058	70.1043	1.5	74.31009999999999
3151210	27000.0	16	18000.0	2.7058	74.3101	1.5	78.5159
3150890	24000.0	16	18000.0	2.4058	78.5159	1.3333	82.255
3150672	29000.0	17	24000.0	2.9058	0	1.2083	4.1141000000000005
3151059	27000.0	17	24000.0	2.7058	4.1141	1.125	7.9449
3150756	26000.0	17	24000.0	2.6058	7.9449	1.0833	11.633999999999999
3150684	23000.0	17	24000.0	2.3058	11.634	0.9583	14.8981
3150663	28000.0	17	24000.0	2.8058	14.8981	1.1667	18.8706
3150930	26000.0	17	24000.0	2.6058	18.8706	1.0833	22.5597
3151053	27000.0	17	24000.0	2.7058	22.5597	1.125	26.3905
3150599	26000.0	17	24000.0	2.6058	26.3905	1.0833	30.0796
3150990	24000.0	17	24000.0	2.4058	30.0796	1.0	33.4854
3150942	25000.0	17	24000.0	2.5058	33.4854	1.0417	37.0329
3151273	22000.0	17	24000.0	2.2058	37.0329	0.9167	40.15539999999999
3150565	29000.0	17	24000.0	2.9058	40.1554	1.2083	44.2695
3150896	26000.0	17	24000.0	2.6058	44.2695	1.0833	47.958600000000004
3150659	26000.0	17	24000.0	2.6058	47.9586	1.0833	51.6477
3150876	25000.0	17	24000.0	2.5058	51.6477	1.0417	55.1952
3151045	24000.0	17	24000.0	2.4058	55.1952	1.0	58.601
3151048	23000.0	17	24000.0	2.3058	58.601	0.9583	61.8651
3151091	26000.0	17	24000.0	2.6058	61.8651	1.0833	65.5542
3151136	25000.0	18	30000.0	2.5058	0	0.8333	3.3390999999999997
3151135	27000.0	18	30000.0	2.7058	3.3391	0.9	6.9449000000000005
3150717	22000.0	18	30000.0	2.2058	6.9449	0.7333	9.884
3151062	24000.0	18	30000.0	2.4058	9.884	0.8	13.0898
3150792	26000.0	18	30000.0	2.6058	13.0898	0.8667	16.5623
3150791	29000.0	18	30000.0	2.9058	16.5623	0.9667	20.4348
3151021	27000.0	18	30000.0	2.7058	20.4348	0.9	24.040599999999998
3150698	29000.0	18	30000.0	2.9058	24.0406	0.9667	27.9131
3150819	25000.0	18	30000.0	2.5058	27.9131	0.8333	31.252200000000002
3150934	26000.0	18	30000.0	2.6058	31.2522	0.8667	34.7247
3150921	23000.0	18	30000.0	2.3058	34.7247	0.7667	37.7972
3151088	27000.0	18	30000.0	2.7058	37.7972	0.9	41.403
3150904	24000.0	18	30000.0	2.4058	41.403	0.8	44.608799999999995
3150969	26000.0	18	30000.0	2.6058	44.6088	0.8667	48.081300000000006
3150984	24000.0	18	30000.0	2.4058	48.0813	0.8	51.287099999999995
3150957	25000.0	18	30000.0	2.5058	51.2871	0.8333	54.626200000000004
3150646	27000.0	18	30000.0	2.7058	54.6262	0.9	58.23199999999999
3150882	26000.0	18	30000.0	2.6058	58.232	0.8667	61.7045
3150877	27000.0	18	30000.0	2.7058	61.7045	0.9	65.31030000000001
3151096	25000.0	18	30000.0	2.5058	65.3103	0.8333	68.64939999999999
3151050	26000.0	18	30000.0	2.6058	68.6494	0.8667	72.1219
3150828	28000.0	19	30000.0	2.8058	0	0.9333	3.7391
3151013	21000.0	19	30000.0	2.1058	3.7391	0.7	6.5449
3150770	28000.0	19	30000.0	2.8058	6.5449	0.9333	10.283999999999999
3150765	26000.0	19	30000.0	2.6058	10.284	0.8667	13.7565
3150701	28000.0	19	30000.0	2.8058	13.7565	0.9333	17.4956
3150779	28000.0	19	30000.0	2.8058	17.4956	0.9333	21.2347
3150781	26000.0	19	30000.0	2.6058	21.2347	0.8667	24.7072
3151177	26000.0	19	30000.0	2.6058	24.7072	0.8667	28.1797
3151168	25000.0	19	30000.0	2.5058	28.1797	0.8333	31.518800000000002
3151160	21000.0	19	30000.0	2.1058	31.5188	0.7	34.324600000000004
3151156	23000.0	19	30000.0	2.3058	34.3246	0.7667	37.397099999999995
3150574	32000.0	19	30000.0	3.2058	37.3971	1.0667	41.6696
3150580	23000.0	19	30000.0	2.3058	41.6696	0.7667	44.7421
3150573	20000.0	19	30000.0	2.0058	44.7421	0.6667	47.4146
3150589	25000.0	19	30000.0	2.5058	47.4146	0.8333	50.7537
3151270	27000.0	19	30000.0	2.7058	50.7537	0.9	54.359500000000004
3150965	21000.0	19	30000.0	2.1058	54.3595	0.7	57.1653
3150962	28000.0	19	30000.0	2.8058	57.1653	0.9333	60.9044
3150950	26000.0	19	30000.0	2.6058	60.9044	0.8667	64.3769
3150945	24000.0	19	30000.0	2.4058	64.3769	0.8	67.5827
3150898	26000.0	19	30000.0	2.6058	67.5827	0.8667	71.0552
3150640	24000.0	19	30000.0	2.4058	71.0552	0.8	74.261
3150652	26000.0	19	30000.0	2.6058	74.261	0.8667	77.73349999999999
3151205	26000.0	19	30000.0	2.6058	77.7335	0.8667	81.206
3151075	23000.0	0	500.0	2.3	763.4	46.0	811.6999999999999
3150705	28000.0	0	500.0	2.8	811.7	56.0	870.5
3151011	29000.0	0	500.0	2.9	870.5	58.0	931.4
3150880	25000.0	0	500.0	2.5	931.4	50.0	983.9
3150966	30000.0	0	500.0	3.0	983.9	60.0	1046.9
3150875	39000.0	0	500.0	3.9	1046.9	78.0	1128.8000000000002
3151113	30000.0	14	12000.0	3.0	106.0664	2.5	111.5664
3151128	29000.0	14	12000.0	2.9	111.5664	2.4167	116.88310000000001
3150607	36000.0	14	12000.0	3.6	116.8831	3.0	123.4831
3150719	32000.0	14	12000.0	3.2	123.4831	2.6667	129.3498
3150605	30000.0	14	12000.0	3.0	129.3498	2.5	134.8498
3151052	32000.0	14	12000.0	3.2	134.8498	2.6667	140.71649999999997
3150556	28000.0	14	12000.0	2.8	140.7165	2.3333	145.84980000000002
3151047	37000.0	14	12000.0	3.7	145.8498	3.0833	152.63309999999998
3151058	27000.0	14	12000.0	2.7	152.6331	2.25	157.5831
3150820	29000.0	14	12000.0	2.9	157.5831	2.4167	162.8998
3151269	26000.0	14	12000.0	2.6	162.8998	2.1667	167.66649999999998
3150852	27000.0	14	12000.0	2.7	167.6665	2.25	172.6165
3151199	25000.0	14	12000.0	2.5	172.6165	2.0833	177.1998
3150878	32000.0	14	12000.0	3.2	177.1998	2.6667	183.0665
3150991	27000.0	14	12000.0	2.7	183.0665	2.25	188.01649999999998
3150778	29000.0	14	12000.0	2.9	188.0165	2.4167	193.3332
3151131	28000.0	14	12000.0	2.8	193.3332	2.3333	198.46650000000002
3150801	25000.0	14	12000.0	2.5	198.4665	2.0833	203.0498
3150766	29000.0	14	12000.0	2.9	203.0498	2.4167	208.3665
3150772	26000.0	14	12000.0	2.6	208.3665	2.1667	213.1332
3150737	25000.0	14	12000.0	2.5	213.1332	2.0833	217.7165
3151226	25000.0	14	12000.0	2.5	217.7165	2.0833	222.2998
3151154	24000.0	14	12000.0	2.4	222.2998	2.0	226.6998
3150784	34000.0	14	12000.0	3.4	226.6998	2.8333	232.93310000000002
3151020	39000.0	14	12000.0	3.9	232.9331	3.25	240.0831
3151257	23000.0	14	12000.0	2.3	240.0831	1.9167	244.2998
3151051	29000.0	15	16000.0	2.9	94.55	1.8125	99.2625
3150622	26000.0	15	16000.0	2.6	99.2625	1.625	103.4875
3150621	25000.0	15	16000.0	2.5	103.4875	1.5625	107.55
3150700	28000.0	15	16000.0	2.8	107.55	1.75	112.1
3150639	27000.0	15	16000.0	2.7	112.1	1.6875	116.4875
3151056	30000.0	15	16000.0	3.0	116.4875	1.875	121.3625
3150848	29000.0	15	16000.0	2.9	121.3625	1.8125	126.075
3150871	27000.0	15	16000.0	2.7	126.075	1.6875	130.4625
3150893	28000.0	15	16000.0	2.8	130.4625	1.75	135.01250000000002
3150993	38000.0	15	16000.0	3.8	135.0125	2.375	141.1875
3150931	36000.0	15	16000.0	3.6	141.1875	2.25	147.0375
3150933	22000.0	15	16000.0	2.2	147.0375	1.375	150.61249999999998
3151236	25000.0	15	16000.0	2.5	150.6125	1.5625	154.675
3151254	29000.0	15	16000.0	2.9	154.675	1.8125	159.38750000000002
3151023	39000.0	15	16000.0	3.9	159.3875	2.4375	165.725
3150978	32000.0	16	18000.0	3.2058	81.255	1.7778	86.23859999999999
3150725	25000.0	16	18000.0	2.5058	86.2386	1.3889	90.1333
3151095	29000.0	16	18000.0	2.9058	90.1333	1.6111	94.6502
3150696	27000.0	16	18000.0	2.7058	94.6502	1.5	98.856
3151117	26000.0	16	18000.0	2.6058	98.856	1.4444	102.9062
3150809	28000.0	16	18000.0	2.8058	102.9062	1.5556	107.2676
3150855	24000.0	16	18000.0	2.4058	107.2676	1.3333	111.0067
3151212	24000.0	16	18000.0	2.4058	111.0067	1.3333	114.74579999999999
3150932	25000.0	16	18000.0	2.5058	114.7458	1.3889	118.6405
3150805	26000.0	16	18000.0	2.6058	118.6405	1.4444	122.6907
3150738	29000.0	16	18000.0	2.9058	122.6907	1.6111	127.2076
3150740	30000.0	16	18000.0	3.0058	127.2076	1.6667	131.8801
3150712	24000.0	17	24000.0	2.4058	64.5542	1.0	67.96
3150609	32000.0	17	24000.0	3.2058	67.96	1.3333	72.49909999999998
3151065	27000.0	17	24000.0	2.7058	72.4991	1.125	76.3299
3150615	25000.0	17	24000.0	2.5058	76.3299	1.0417	79.8774
3150575	28000.0	17	24000.0	2.8058	79.8774	1.1667	83.8499
3151078	27000.0	17	24000.0	2.7058	83.8499	1.125	87.6807
3150637	26000.0	17	24000.0	2.6058	87.6807	1.0833	91.3698
3150703	32000.0	17	24000.0	3.2058	91.3698	1.3333	95.90889999999999
3150690	31000.0	17	24000.0	3.1058	95.9089	1.2917	100.30640000000001
3150960	27000.0	17	24000.0	2.7058	100.3064	1.125	104.13719999999999
3150853	36000.0	17	24000.0	3.6058	104.1372	1.5	109.24300000000001
3150959	25000.0	17	24000.0	2.5058	109.243	1.0417	112.7905
3151027	26000.0	17	24000.0	2.6058	112.7905	1.0833	116.47959999999999
3150917	26000.0	17	24000.0	2.6058	116.4796	1.0833	120.1687
3150579	26000.0	18	30000.0	2.6058	71.1219	0.8667	74.5944
3150716	27000.0	18	30000.0	2.7058	74.5944	0.9	78.2002
3150634	31000.0	18	30000.0	3.1058	78.2002	1.0333	82.3393
3150648	26000.0	18	30000.0	2.6058	82.3393	0.8667	85.81179999999999
3150649	27000.0	18	30000.0	2.7058	85.8118	0.9	89.41760000000001
3150979	25000.0	18	30000.0	2.5058	89.4176	0.8333	92.75669999999998
3150892	29000.0	18	30000.0	2.9058	92.7567	0.9667	96.6292
3150838	39000.0	18	30000.0	3.9058	96.6292	1.3	101.835
3151030	30000.0	18	30000.0	3.0058	101.835	1.0	105.84079999999999
3150758	34000.0	18	30000.0	3.4058	105.8408	1.1333	110.3799
3150982	33000.0	18	30000.0	3.3058	110.3799	1.1	114.7857
3150774	24000.0	18	30000.0	2.4058	114.7857	0.8	117.9915
3151132	29000.0	18	30000.0	2.9058	117.9915	0.9667	121.864
3150973	28000.0	18	30000.0	2.8058	121.864	0.9333	125.60310000000001
3151019	34000.0	18	30000.0	3.4058	125.6031	1.1333	130.1422
3150796	29000.0	18	30000.0	2.9058	130.1422	0.9667	134.0147
3150799	27000.0	18	30000.0	2.7058	134.0147	0.9	137.62050000000002
3151121	33000.0	19	30000.0	3.3058	80.206	1.1	84.6118
3150608	28000.0	19	30000.0	2.8058	84.6118	0.9333	88.35090000000001
3150555	27000.0	19	30000.0	2.7058	88.3509	0.9	91.9567
3150602	26000.0	19	30000.0	2.6058	91.9567	0.8667	95.4292
3151126	28000.0	19	30000.0	2.8058	95.4292	0.9333	99.1683
3150633	27000.0	19	30000.0	2.7058	99.1683	0.9	102.7741
3151110	29000.0	19	30000.0	2.9058	102.7741	0.9667	106.6466
3151057	28000.0	19	30000.0	2.8058	106.6466	0.9333	110.38570000000001
3150675	25000.0	19	30000.0	2.5058	110.3857	0.8333	113.72479999999999
3150913	26000.0	19	30000.0	2.6058	113.7248	0.8667	117.1973
3151015	37000.0	19	30000.0	3.7058	117.1973	1.2333	122.1364
3151012	27000.0	19	30000.0	2.7058	122.1364	0.9	125.7422
3150968	33000.0	19	30000.0	3.3058	125.7422	1.1	130.148
3150858	25000.0	19	30000.0	2.5058	130.148	0.8333	133.4871
3151214	30000.0	19	30000.0	3.0058	133.4871	1.0	137.4929
3150879	26000.0	19	30000.0	2.6058	137.4929	0.8667	140.9654
3150922	30000.0	19	30000.0	3.0058	140.9654	1.0	144.97119999999998
