1073.8083164300203	1.0	71.25	1
3492.0060851926983	1.0	90.0	1
6458.636409736309	0.8	33.75	1
10495.07505070994	1.0	71.25	1
15320.740872210954	1.0	52.5	1
20935.63387423935	1.0	52.5	1
27608.335192697767	1.0	71.25	1
35069.26369168357	1.0	52.5	1
43602.000507099394	1.0	71.25	1
52920.964503042596	1.0	52.5	1
63028.155679513184	1.0	52.5	1
74205.1551724138	1.0	71.25	1
85932.58722109534	0.8	33.75	1
98726.8275862069	1.0	71.25	1
112593.87626774848	1.0	71.25	1
127251.15212981745	1.0	52.5	1
142694.6551724138	1.0	52.5	1
158927.38539553754	1.0	52.5	1
176512.50507099394	1.0	90.0	1
195146.43306288036	1.0	71.25	1
214567.58823529416	1.0	52.5	1
234777.97058823533	1.0	52.5	1
255778.58012170388	1.0	52.5	1
277848.9979716025	1.0	71.25	1
301270.80527383374	1.0	90.0	1
