18.940056290476193	0.4	7.1	1
30.946779247619048	0.2	4.5	1
41.620168871428575	0.2	4.0	1
59.4935584952381	0.4	6.7	1
78.96694811904763	0.4	7.3	1
89.64033774285716	0.2	4.0	1
101.64706070000001	0.2	4.5	1
120.5871169904762	0.4	7.1	1
133.1271732809524	0.2	4.7	1
146.73389623809527	0.2	5.1	1
159.8072858619048	0.2	4.9	1
172.347342152381	0.2	4.7	1
185.42073177619054	0.2	4.9	1
199.0274547333334	0.2	5.1	1
212.10084435714293	0.2	4.9	1
244.64762360476226	0.4	7.3	1
289.2011258095244	0.2	4.5	1
308.1411821000006	0.4	7.1	1
324.9479050571435	0.4	6.3	1
335.621294680953	0.2	4.0	1
354.5613509714292	0.4	7.1	1
372.43474059523874	0.4	6.7	1
386.0414635523816	0.2	5.1	1
398.04818650952444	0.2	4.5	1
415.921576133334	0.4	6.7	1
429.5282990904768	0.2	5.1	1
448.468355380953	0.4	7.1	1
465.8084116714292	0.4	6.5	1
479.41513462857205	0.2	5.1	1
496.75519091904823	0.4	6.5	1
509.2952472095244	0.2	4.7	1
527.168636833334	0.4	6.7	1
545.0420264571435	0.4	6.7	1
575.4554723714297	0.2	4.7	1
587.4621953285725	0.2	4.5	1
604.8022516190488	0.4	6.5	1
617.8756412428583	0.2	4.9	1
634.6823642000011	0.4	6.3	1
668.8291434476198	0.4	6.5	1
686.169199738096	0.4	6.5	1
703.5092560285723	0.4	6.5	1
716.0493123190485	0.2	4.7	1
728.0560352761913	0.2	4.5	1
744.8627582333341	0.4	6.3	1
764.3361478571437	0.4	7.3	1
801.6829271047636	0.4	6.7	1
855.8364293095268	0.4	6.3	1
867.8431522666697	0.2	4.5	1
886.7832085571458	0.4	7.1	1
898.7899315142887	0.2	4.5	1
911.8633211380982	0.2	4.9	1
923.870044095241	0.2	4.5	1
954.8168233428604	0.4	7.1	1
972.69021296667	0.4	6.7	1
984.6969359238128	0.2	4.5	1
1004.1703255476224	0.4	7.3	1
1034.3171047952424	0.2	4.0	1
1051.1238277523853	0.4	6.3	1
1064.7305507095282	0.2	5.1	1
1083.6706070000043	0.4	7.1	1
1100.4773299571473	0.4	6.3	1
1135.1574425380993	0.4	6.7	1
1147.164165495242	0.2	4.5	1
1160.770888452385	0.2	5.1	1
