10.562522003571429	0.4	6.5	1
18.850044007142856	0.2	5.1	1
27.137566010714284	0.2	5.1	1
38.67508801428571	0.4	7.1	1
46.31261001785714	0.2	4.7	1
53.950132021428566	0.2	4.7	1
62.237654025	0.2	5.1	1
68.73767602857143	0.2	4.0	1
80.27519803214285	0.4	7.1	1
86.77522003571428	0.2	4.0	1
98.63774203928571	0.4	7.3	1
110.17526404285714	0.4	7.1	1
121.71278604642856	0.4	7.1	1
129.67530804999998	0.2	4.9	1
141.21283005357142	0.4	7.1	1
147.71285205714284	0.2	4.0	1
162.50039606428604	0.2	5.1	1
169.00041806785745	0.2	4.0	1
180.5379400714289	0.4	7.1	1
187.0379620750003	0.2	4.0	1
194.35048407857172	0.2	4.5	1
202.31300608214315	0.2	4.9	1
210.27552808571457	0.2	4.9	1
221.163050089286	0.4	6.7	1
242.613094096429	0.4	6.5	1
252.85061610000042	0.4	6.3	1
260.16313810357184	0.2	4.5	1
271.7006601071433	0.4	7.1	1
283.5631821107147	0.4	7.3	1
294.1257041142861	0.4	6.5	1
300.62572611785754	0.2	4.0	1
307.12574812142896	0.2	4.0	1
317.6882701250004	0.4	6.5	1
329.5507921285718	0.4	7.3	1
336.8633141321432	0.2	4.5	1
347.10083613571464	0.4	6.3	1
355.0633581392861	0.2	4.9	1
365.9508801428575	0.4	6.7	1
373.2634021464289	0.2	4.5	1
380.57592415000033	0.2	4.5	1
392.1134461535718	0.4	7.1	1
403.9759681571432	0.4	7.3	1
411.2884901607146	0.2	4.5	1
421.52601216428604	0.4	6.3	1
442.6510561714294	0.4	6.7	1
453.5385781750008	0.4	6.7	1
465.07610017857223	0.4	7.1	1
472.71362218214364	0.2	4.7	1
484.57614418571507	0.4	7.3	1
504.40118819285846	0.2	4.9	1
516.2637101964299	0.4	7.3	1
527.1512322000013	0.4	6.7	1
534.7887542035728	0.2	4.7	1
546.3262762071442	0.4	7.1	1
564.3638202142869	0.2	4.0	1
572.6513422178583	0.2	5.1	1
583.2138642214297	0.4	6.5	1
594.1013862250012	0.4	6.7	1
601.7389082285727	0.2	4.7	1
620.9139522357157	0.4	7.1	1
632.4514742392871	0.4	7.1	1
643.9889962428585	0.4	7.1	1
651.62651824643	0.2	4.7	1
659.5890402500014	0.2	4.9	1
667.8765622535728	0.2	5.1	1
682.6641062607155	0.2	4.0	1
693.2266282642869	0.4	6.5	1
703.4641502678583	0.4	6.3	1
713.7016722714297	0.4	6.3	1
725.5641942750012	0.4	7.3	1
745.3892382821446	0.2	4.9	1
775.7768042928584	0.4	6.5	1
787.3143262964298	0.4	7.1	1
809.7393703035725	0.4	6.7	1
821.276892307144	0.4	7.1	1
828.5894143107154	0.2	4.5	1
840.4519363142867	0.4	7.3	1
851.0144583178582	0.4	6.5	1
862.8769803214295	0.4	7.3	1
874.414502325001	0.4	7.1	1
896.5145463321436	0.4	6.5	1
908.052068335715	0.4	7.1	1
914.5520903392865	0.2	4.0	1
928.3646343464305	0.2	4.5	1
938.927156350002	0.4	6.5	1
950.7896783535734	0.4	7.3	1
974.1897223607168	0.4	7.1	1
985.0772443642883	0.4	6.7	1
996.9397663678596	0.4	7.3	1
1003.4397883714311	0.2	4.0	1
1020.8273323785752	0.4	6.7	1
1028.1398543821467	0.2	4.5	1
1042.764898389291	0.2	4.5	1
1050.0774203928625	0.2	4.5	1
1061.614942396434	0.4	7.1	1
1069.2524644000052	0.2	4.7	1
1080.1399864035766	0.4	6.7	1
1088.102508407148	0.2	4.9	1
1098.9900304107193	0.4	6.7	1
1110.8525524142908	0.4	7.3	1
1119.1400744178623	0.2	5.1	1
1130.0275964214336	0.4	6.7	1
1141.565118425005	0.4	7.1	1
1149.8526404285765	0.2	5.1	1
1168.3776844357192	0.4	6.3	1
1175.6902064392907	0.2	4.5	1
1187.2277284428621	0.4	7.1	1
1207.0527724500048	0.2	5.1	1
1217.9402944535761	0.4	6.7	1
1229.8028164571476	0.4	7.3	1
1237.765338460719	0.2	4.9	1
1253.040382467861	0.2	4.5	1
1259.5404044714326	0.2	4.0	1
1270.427926475004	0.4	6.7	1
1277.7404484785754	0.2	4.5	1
1285.052970482147	0.2	4.5	1
1295.9404924857183	0.4	6.7	1
1303.2530144892899	0.2	4.5	1
1311.2155364928612	0.2	4.9	1
1325.6780805000033	0.2	4.0	1
1348.4281465107179	0.2	5.1	1
1356.3906685142892	0.2	4.9	1
1366.9531905178608	0.4	6.5	1
1377.8407125214321	0.4	6.7	1
1385.8032345250035	0.2	4.9	1
1394.090756528575	0.2	5.1	1
1410.6658005357176	0.2	5.1	1
1420.903322539289	0.4	6.3	1
1431.4658445428606	0.4	6.5	1
1453.5658885500047	0.4	7.1	1
1463.8034105535762	0.4	6.3	1
1475.3409325571477	0.4	7.1	1
1482.978454560719	0.2	4.7	1
1490.2909765642905	0.2	4.5	1
1500.528498567862	0.4	6.3	1
1510.7660205714335	0.4	6.3	1
1517.266042575005	0.2	4.0	1
1527.5035645785765	0.4	6.3	1
1549.60360858572	0.4	7.3	1
1561.1411305892914	0.4	7.1	1
1571.3786525928629	0.4	6.3	1
1581.6161745964343	0.4	6.3	1
1593.1536966000058	0.4	7.1	1
1604.0412186035771	0.4	6.7	1
1611.6787406071485	0.2	4.7	1
1629.8787846142898	0.4	6.5	1
1659.9413506250037	0.4	7.3	1
1667.903872628575	0.2	4.9	1
1679.7663946321466	0.4	7.3	1
1687.403916635718	0.2	4.7	1
1705.6039606428592	0.4	6.5	1
1731.1165266535731	0.2	4.5	1
1738.7540486571445	0.2	4.7	1
1747.041570660716	0.2	5.1	1
1766.8666146678586	0.4	7.1	1
1775.15413667143	0.2	5.1	1
1786.0416586750014	0.4	6.7	1
1808.7917026821426	0.4	7.3	1
1819.3542246857141	0.4	6.5	1
1827.3167466892855	0.2	4.9	1
1843.5667906964275	0.2	5.1	1
1855.429312699999	0.4	7.3	1
1877.8543567071424	0.4	6.5	1
1885.4918787107138	0.2	4.7	1
1893.7794007142852	0.2	5.1	1
1913.929444721428	0.4	7.3	1
1925.7919667249994	0.4	7.3	1
1936.354488728571	0.4	6.5	1
1954.879532735715	0.2	4.9	1
1962.1920547392865	0.2	4.5	1
1977.1420987464305	0.2	4.7	1
