10.428026993650793	0.4	6.7	1
17.744942876190475	0.2	4.7	1
25.68408098095238	0.2	5.1	1
31.912107974603174	0.2	4.0	1
39.229023857142856	0.2	4.7	1
49.345939739682535	0.4	6.5	1
59.773966733333324	0.4	6.7	1
67.71310483809523	0.2	5.1	1
74.7189096095238	0.2	4.5	1
84.83582549206349	0.4	6.5	1
96.19718581904762	0.4	7.3	1
103.5141017015873	0.2	4.7	1
111.4532398063492	0.2	5.1	1
118.45904457777777	0.2	4.5	1
132.78176523174577	0.2	4.7	1
143.83201444761877	0.4	7.1	1
153.94893033015845	0.4	6.5	1
164.37695732380925	0.4	6.7	1
175.73831765079336	0.4	7.3	1
185.85523353333303	0.4	6.5	1
193.48326052698383	0.2	4.9	1
201.11128752063462	0.2	4.9	1
208.11709229206318	0.2	4.5	1
214.34511928571396	0.2	4.0	1
224.77314627936477	0.4	6.7	1
243.14031137777832	0.2	5.1	1
254.19056059365133	0.4	7.1	1
265.24080980952436	0.4	7.1	1
276.6021701365085	0.4	7.3	1
286.7190860190482	0.4	6.5	1
297.147113012699	0.4	6.7	1
303.3751400063498	0.2	4.0	1
311.3142781111117	0.2	5.1	1
322.3645273269847	0.4	7.1	1
329.3703320984133	0.2	4.5	1
343.3819416412702	0.2	4.5	1
350.69885752380986	0.2	4.7	1
358.32688451746066	0.2	4.9	1
369.6882448444448	0.4	7.3	1
376.6940496158734	0.2	4.5	1
386.499854387302	0.4	6.3	1
392.7278813809528	0.2	4.0	1
400.3559083746036	0.2	4.9	1
407.67282425714325	0.2	4.7	1
413.90085125079406	0.2	4.0	1
421.839989355556	0.2	5.1	1
431.6457941269846	0.4	6.3	1
438.96271000952424	0.2	4.7	1
445.96851478095283	0.2	4.5	1
452.19654177460365	0.2	4.0	1
458.42456876825446	0.2	4.0	1
469.7859290952386	0.4	7.3	1
491.57531641587354	0.4	6.7	1
497.80334340952436	0.2	4.0	1
507.60914818095296	0.4	6.3	1
527.220757723811	0.4	6.3	1
537.6487847174617	0.4	6.7	1
544.9657006000014	0.2	4.7	1
556.3270609269855	0.4	7.3	1
563.332865698414	0.2	4.5	1
580.1444752412727	0.4	6.3	1
590.5725022349235	0.4	6.7	1
608.317445111113	0.2	4.7	1
636.4904149809539	0.4	6.7	1
647.5406641968269	0.4	7.1	1
655.4798023015888	0.2	5.1	1
663.1078292952396	0.2	4.9	1
672.9136340666682	0.4	6.3	1
690.3474658317484	0.2	4.9	1
698.2866039365103	0.2	5.1	1
705.2924087079389	0.2	4.5	1
722.7262404730197	0.4	6.7	1
732.8431563555595	0.4	6.5	1
739.0711833492103	0.2	4.0	1
745.2992103428611	0.2	4.0	1
751.5272373365119	0.2	4.0	1
769.1166246571452	0.4	7.3	1
776.1224294285737	0.2	4.5	1
786.5504564222244	0.4	6.7	1
807.406510409525	0.4	6.7	1
814.4123151809536	0.2	4.5	1
822.0403421746043	0.2	4.9	1
829.6683691682551	0.2	4.9	1
840.7186183841281	0.4	7.1	1
851.7688676000012	0.4	7.1	1
861.8857834825409	0.4	6.5	1
883.0529485809535	0.4	7.1	1
893.4809755746043	0.4	6.7	1
904.8423359015884	0.4	7.3	1
912.4703628952392	0.2	4.9	1
923.8317232222233	0.4	7.3	1
945.3099994317472	0.4	6.5	1
955.4269153142869	0.4	6.5	1
973.4829693015885	0.2	5.1	1
983.9109962952392	0.4	6.7	1
1001.3448280603176	0.2	4.5	1
1007.5728550539684	0.2	4.0	1
1023.9177979301572	0.4	6.5	1
1035.2791582571413	0.4	7.3	1
1046.3294074730143	0.4	7.1	1
1056.1352122444428	0.4	6.3	1
1066.5632392380935	0.4	6.7	1
1084.308182114283	0.2	4.7	1
1094.1139868857115	0.4	6.3	1
1102.0531249904734	0.2	5.1	1
1113.4144853174575	0.4	7.3	1
1121.0425123111083	0.2	4.9	1
1135.9874551872986	0.2	4.7	1
1158.5604250571403	0.2	4.9	1
1164.788452050791	0.2	4.0	1
1172.4164790444418	0.2	4.9	1
1190.472533031743	0.4	6.7	1
1218.9566140126942	0.4	6.7	1
1225.9624187841227	0.2	4.5	1
1235.7682235555512	0.4	6.3	1
1256.6242775428536	0.4	7.1	1
1262.8523045365043	0.2	4.0	1
1279.5083585238042	0.4	6.7	1
1303.1702172825317	0.2	4.5	1
1311.1093553872936	0.2	5.1	1
1322.4707157142777	0.4	7.3	1
1330.0987427079285	0.2	4.9	1
1337.4156585904682	0.2	4.7	1
1348.4659078063412	0.4	7.1	1
1356.093934799992	0.2	4.9	1
1363.0997395714205	0.2	4.5	1
1378.0446824476126	0.2	5.1	1
1403.106541206343	0.4	6.5	1
1409.3345681999938	0.2	4.0	1
1422.8795110761826	0.2	4.7	1
1430.1964269587222	0.2	4.7	1
1437.5133428412619	0.2	4.7	1
1455.8805079396752	0.4	7.1	1
1465.6863127111037	0.4	6.3	1
1475.4921174825322	0.4	6.3	1
1492.3037270253901	0.2	4.5	1
1502.4206429079297	0.4	6.5	1
1510.0486699015805	0.2	4.9	1
1517.9878080063424	0.2	5.1	1
1528.4158349999932	0.4	6.7	1
1536.3549731047551	0.2	5.1	1
1543.983000098406	0.2	4.9	1
1554.4110270920567	0.4	6.7	1
1564.8390540857074	0.4	6.7	1
1586.6284414063414	0.4	7.3	1
1619.7791890539595	0.4	7.3	1
1627.7183271587214	0.2	5.1	1
1635.6574652634833	0.2	5.1	1
1646.085492257134	0.4	6.7	1
1667.563768466657	0.4	7.1	1
1677.3695732380854	0.4	6.3	1
1683.5976002317361	0.2	4.0	1
1697.142543107925	0.2	4.7	1
1703.3705701015756	0.2	4.0	1
1719.7155129777643	0.4	6.5	1
1725.943539971415	0.2	4.0	1
1737.3049002983992	0.4	7.3	1
1747.1107050698276	0.4	6.3	1
1763.9223146126856	0.2	4.5	1
1792.0952844825292	0.4	7.3	1
1802.2122003650688	0.4	6.5	1
1819.334921019037	0.2	4.5	1
1829.4518369015766	0.4	6.5	1
1850.6190019999892	0.4	7.1	1
1858.24702899364	0.2	4.9	1
1875.680860758719	0.4	6.3	1
1900.7427195174498	0.2	4.9	1
1908.6818576222117	0.2	5.1	1
1923.9379116095122	0.2	4.7	1
1930.1659386031629	0.2	4.0	1
1941.527298930147	0.4	7.3	1
1952.8886592571312	0.4	7.3	1
1960.827797361893	0.2	5.1	1
1971.878046577766	0.4	7.1	1
1994.2896561206242	0.4	7.3	1
2000.5176831142749	0.2	4.0	1
2016.8626259904636	0.4	6.5	1
2024.1795418730032	0.2	4.7	1
2034.2964577555429	0.4	6.5	1
2044.4133736380825	0.4	6.5	1
2062.1583165142765	0.2	4.9	1
2069.1641212857053	0.2	4.5	1
2080.5254816126894	0.4	7.3	1
2087.8423974952293	0.2	4.7	1
2094.0704244888802	0.2	4.0	1
2110.4153673650726	0.4	6.5	1
2121.4656165809456	0.4	7.1	1
2142.6327816793555	0.4	6.5	1
2152.438586450784	0.4	6.3	1
2163.799946777768	0.4	7.3	1
2170.805751549197	0.2	4.5	1
2180.9226674317365	0.4	6.5	1
