9.214138104761904	0.4	6.5	1
15.594942876190476	0.2	4.5	1
21.97574764761905	0.2	4.5	1
32.323219085714285	0.4	7.3	1
41.537357190476186	0.4	6.5	1
50.468161961904755	0.4	6.3	1
57.69896673333333	0.2	5.1	1
64.36310483809524	0.2	4.7	1
77.40804771428587	0.2	4.5	1
86.9055191523811	0.4	6.7	1
103.0671286952381	0.2	4.7	1
113.41460013333334	0.4	7.3	1
120.36207157142857	0.2	4.9	1
126.74287634285714	0.2	4.5	1
135.95701444761906	0.4	6.5	1
142.62115255238098	0.2	4.7	1
148.29362399047622	0.2	4.0	1
158.64109542857145	0.4	7.3	1
174.66103830476214	0.2	4.0	1
183.5918430761907	0.4	6.3	1
189.26431451428596	0.2	4.0	1
196.49511928571454	0.2	5.1	1
213.7900621619051	0.4	7.1	1
240.01580980952494	0.4	6.3	1
245.68828124762018	0.2	4.0	1
254.61908601904875	0.4	6.3	1
264.966557457144	0.4	7.3	1
275.03069556190593	0.4	7.1	1
282.2615003333345	0.2	5.1	1
291.4756384380964	0.4	6.5	1
306.36224798095384	0.2	4.0	1
316.42638608571576	0.4	7.1	1
325.35719085714436	0.4	6.3	1
332.3046622952396	0.2	4.9	1
342.36880040000153	0.4	7.1	1
352.71627183809676	0.4	7.3	1
361.93040994285866	0.4	6.5	1
368.59454804762055	0.2	4.7	1
377.52535281904915	0.4	6.3	1
384.7561575904777	0.2	5.1	1
391.70362902857295	0.2	4.9	1
401.76776713333487	0.4	7.1	1
412.1152385714301	0.4	7.3	1
421.61271000952536	0.4	6.7	1
431.6768481142873	0.4	7.1	1
441.7409862190492	0.4	7.1	1
450.9551243238111	0.4	6.5	1
460.169262428573	0.4	6.5	1
467.40006720000156	0.2	5.1	1
476.61420530476346	0.4	6.5	1
486.1116767428587	0.4	6.7	1
493.05914818095397	0.2	4.9	1
503.1232862857159	0.4	7.1	1
518.8598958285737	0.2	4.0	1
528.0740339333356	0.4	6.5	1
538.4215053714308	0.4	7.3	1
545.0856434761928	0.2	4.7	1
560.9639196857177	0.4	6.5	1
585.7730006666715	0.4	6.3	1
596.1204721047667	0.4	7.3	1
602.5012768761952	0.2	4.5	1
609.7320816476238	0.2	5.1	1
619.7962197523857	0.4	7.1	1
629.2936911904809	0.4	6.7	1
646.0219674000045	0.2	5.1	1
655.2361055047664	0.4	6.5	1
662.466910276195	0.2	5.1	1
672.8143817142902	0.4	7.3	1
692.6593245904791	0.4	6.7	1
699.323462695241	0.2	4.7	1
715.4850722380992	0.4	6.7	1
725.8325436761944	0.4	7.3	1
732.7800151142897	0.2	4.9	1
742.8441532190516	0.4	7.1	1
748.5166246571468	0.2	4.0	1
758.8640960952421	0.4	7.3	1
776.159038971431	0.2	4.9	1
802.384786619049	0.4	6.3	1
812.7322580571442	0.4	7.3	1
819.1130628285728	0.2	4.5	1
829.460534266668	0.4	7.3	1
836.6913390380965	0.2	5.1	1
846.7554771428585	0.4	7.1	1
853.986281914287	0.2	5.1	1
862.9170866857156	0.4	6.3	1
872.4145581238108	0.4	6.7	1
878.0870295619061	0.2	4.0	1
890.7069724380957	0.2	4.9	1
913.6743867523811	0.4	7.3	1
924.0218581904763	0.4	7.3	1
929.6943296285716	0.2	4.0	1
936.3584677333336	0.2	4.7	1
943.5892725047621	0.2	5.1	1
960.317548714286	0.4	6.7	1
966.6983534857145	0.2	4.5	1
982.2932963619065	0.4	6.5	1
991.7907678000017	0.4	6.7	1
1001.8549059047637	0.4	7.1	1
1012.2023773428589	0.4	7.3	1
1021.1331821142875	0.4	6.3	1
1038.9947916571455	0.4	6.3	1
1044.6672630952407	0.2	4.0	1
1054.7314012000027	0.4	7.1	1
1065.078872638098	0.4	7.3	1
1071.4596774095264	0.2	4.5	1
1081.5238155142883	0.4	7.1	1
1098.8187583904778	0.2	5.1	1
1125.3278393714293	0.4	6.5	1
1134.8253108095246	0.4	6.7	1
1141.7727822476197	0.2	4.9	1
1157.9343917904775	0.4	6.5	1
1167.9985298952395	0.4	7.1	1
1178.3460013333347	0.4	7.3	1
1185.2934727714298	0.2	4.9	1
1195.3576108761918	0.4	7.1	1
1214.6358870857146	0.4	6.5	1
1221.016691857143	0.2	4.5	1
1231.080829961905	0.4	7.1	1
1241.144968066667	0.4	7.1	1
1247.5257728380955	0.2	4.5	1
1262.837382380954	0.4	6.3	1
1271.7681871523826	0.4	6.3	1
1278.148991923811	0.2	4.5	1
1283.8214633619064	0.2	4.0	1
1290.7689348000015	0.2	4.9	1
1300.8330729047634	0.4	7.1	1
1318.1280157809529	0.2	5.1	1
1327.6254872190482	0.4	6.7	1
1334.28962532381	0.2	4.7	1
1344.353763428572	0.4	7.1	1
1351.0179015333338	0.2	4.7	1
1368.029511076192	0.4	7.3	1
1393.971925390477	0.4	6.3	1
1400.9193968285722	0.2	4.9	1
1407.583534933334	0.2	4.7	1
1420.9118111428588	0.2	4.7	1
1430.1259492476208	0.4	6.5	1
1446.2875587904782	0.2	4.9	1
1453.5183635619069	0.2	5.1	1
1470.8133064380975	0.4	7.1	1
1480.0274445428595	0.4	6.5	1
1494.914054085717	0.2	4.0	1
1502.1448588571457	0.2	5.1	1
1518.3064684000028	0.4	6.3	1
1528.653939838098	0.4	7.3	1
1549.348882714287	0.4	7.3	1
1575.7162970285694	0.2	4.0	1
1582.947101799998	0.2	5.1	1
1600.2420446761887	0.4	7.1	1
1606.6228494476172	0.2	4.5	1
1613.853654219046	0.2	5.1	1
1630.015263761903	0.4	6.3	1
1638.9460685333315	0.4	6.3	1
1657.091011409523	0.4	6.5	1
1667.1551495142849	0.4	7.1	1
1673.5359542857134	0.2	4.5	1
1685.5892304952388	0.2	4.0	1
1695.086701933334	0.4	6.7	1
1705.4341733714293	0.4	7.3	1
1721.4541162476182	0.2	4.0	1
1728.11825435238	0.2	4.7	1
1734.4990591238086	0.2	4.5	1
1744.5631972285705	0.4	7.1	1
1751.2273353333323	0.2	4.7	1
1760.1581401047608	0.4	6.3	1
1770.2222782095228	0.4	7.1	1
1790.3505544190455	0.4	7.1	1
1799.8480258571408	0.4	6.7	1
1806.2288306285693	0.2	4.5	1
1822.9571068380947	0.4	7.3	1
1829.3379116095232	0.2	4.5	1
1842.0995211523818	0.2	4.5	1
1861.2419354666706	0.2	4.5	1
1866.9144069047659	0.2	4.0	1
1879.817683114289	0.2	5.1	1
1888.7484878857174	0.4	6.3	1
1895.4126259904792	0.2	4.7	1
1909.3075688666709	0.2	5.1	1
1918.5217069714329	0.4	6.5	1
1936.6666498476236	0.4	6.3	1
1946.7307879523855	0.4	7.1	1
1955.9449260571475	0.4	6.5	1
1963.1757308285762	0.2	5.1	1
1969.5565356000047	0.2	4.5	1
1978.4873403714332	0.4	6.3	1
1993.7989499142911	0.2	4.5	1
2015.4913642285792	0.2	4.5	1
2025.555502333341	0.4	7.1	1
2035.9029737714363	0.4	7.3	1
2055.1812499809585	0.4	6.3	1
2064.6787214190535	0.4	6.7	1
2071.626192857149	0.2	4.9	1
2078.290330961911	0.2	4.7	1
2084.954469066673	0.2	4.7	1
2092.1852738381017	0.2	5.1	1
2108.913550047622	0.4	6.7	1
2119.2610214857173	0.4	7.3	1
2129.325159590479	0.4	7.1	1
2148.886769133335	0.4	6.7	1
2157.8175739047633	0.4	6.3	1
2173.1291834476215	0.2	4.5	1
2197.9382644285724	0.4	6.7	1
2208.285735866668	0.4	7.3	1
2217.783207304763	0.4	6.7	1
2236.2114835142866	0.4	6.3	1
2245.7089549523816	0.4	6.7	1
2252.9397597238103	0.2	5.1	1
2262.153897828572	0.4	6.5	1
2281.432174038096	0.4	7.1	1
2287.812978809525	0.2	4.5	1
2297.31045024762	0.4	6.7	1
2302.982921685715	0.2	4.0	1
2313.3303931238106	0.4	7.3	1
2332.892002666666	0.4	6.5	1
2341.8228074380945	0.4	6.3	1
2361.1010836476194	0.4	7.3	1
2367.481888419048	0.2	4.5	1
2374.4293598571435	0.2	4.9	1
2391.4409693999974	0.4	7.1	1
2414.833383714279	0.2	4.5	1
2444.6066027999873	0.2	4.5	1
2454.1040742380824	0.4	6.7	1
2470.2656837809395	0.2	4.7	1
2495.924764761889	0.4	6.7	1
2502.8722361999844	0.2	4.9	1
2515.492179076172	0.2	4.0	1
2535.0595933904574	0.2	4.9	1
2561.0078124761685	0.2	4.5	1
2571.355283914264	0.4	7.3	1
2590.633560123786	0.4	6.3	1
2597.297698228548	0.2	4.7	1
2610.909307771403	0.2	4.9	1
2633.735055419016	0.4	6.5	1
2666.6249411713916	0.4	7.1	1
2673.0057459428203	0.2	4.5	1
2679.386550714249	0.2	4.5	1
2685.0590221523444	0.2	4.0	1
2699.662298361871	0.4	6.3	1
2705.334769799966	0.2	4.0	1
2721.3547126761596	0.4	7.3	1
2743.0471269904465	0.2	4.0	1
2771.403679409498	0.2	4.7	1
2780.61781751426	0.4	6.5	1
2796.4960937237843	0.2	4.7	1
2802.876898495213	0.2	4.5	1
2819.321841371401	0.4	7.1	1
2829.6693128094967	0.4	7.3	1
2845.6892556856856	0.2	4.0	1
2856.036727123781	0.4	7.3	1
2873.33166999997	0.2	4.9	1
2880.5624747713987	0.2	5.1	1
2889.493279542827	0.4	6.3	1
2904.096555752352	0.2	4.0	1
2929.0473033999747	0.4	7.3	1
2959.670522485691	0.2	4.0	1
2966.6179939237863	0.2	4.9	1
