5.339138104761904	0.2	4.0	1
12.144942876190475	0.2	5.1	1
21.88408098095238	0.4	7.3	1
31.356552419047617	0.4	7.1	1
37.629023857142855	0.2	4.7	1
43.90149529523809	0.2	4.7	1
49.24063339999999	0.2	4.0	1
55.51310483809523	0.2	4.7	1
64.18557627619047	0.4	6.5	1
69.52471438095237	0.2	4.0	1
79.26385248571428	0.4	7.3	1
95.00879536190473	0.2	4.5	1
101.0146001333333	0.2	4.5	1
109.68707157142855	0.4	6.5	1
124.63201444761906	0.2	4.7	1
133.30448588571429	0.4	6.5	1
150.38276209523812	0.4	6.3	1
157.1885668666667	0.2	5.1	1
163.19437163809525	0.2	4.5	1
170.00017640952382	0.2	5.1	1
176.8059811809524	0.2	5.1	1
183.3451192857143	0.2	4.9	1
191.75092405714287	0.4	6.3	1
197.75672882857143	0.2	4.5	1
203.09586693333333	0.2	4.0	1
212.56833837142855	0.4	7.1	1
221.2408098095238	0.4	6.5	1
235.91908601904674	0.2	4.5	1
242.19155745714198	0.2	4.7	1
251.13069556190388	0.4	6.7	1
257.93650033333245	0.2	5.1	1
266.87563843809437	0.4	6.7	1
273.1481098761896	0.2	4.7	1
278.4872479809515	0.2	4.0	1
288.2263860857134	0.4	7.3	1
306.9046622952372	0.4	6.7	1
315.5771337333324	0.4	6.5	1
324.2496051714276	0.4	6.5	1
333.18874327618954	0.4	6.7	1
339.72788138095143	0.2	4.9	1
346.2670194857133	0.2	4.9	1
354.6728242571419	0.4	6.3	1
360.0119623619038	0.2	4.0	1
368.684433799999	0.4	6.5	1
374.6902385714276	0.2	4.5	1
384.1627100095228	0.4	7.1	1
390.7018481142847	0.2	4.9	1
396.0409862190466	0.2	4.0	1
402.8467909904752	0.2	5.1	1
412.3192624285704	0.4	7.1	1
428.0642053047593	0.2	4.7	1
434.6033434095212	0.2	4.9	1
443.2758148476164	0.4	6.5	1
449.281619619045	0.2	4.5	1
459.02075772380687	0.4	7.3	1
465.55989582856876	0.2	4.9	1
475.032367266664	0.4	7.1	1
481.57150537142587	0.2	4.9	1
491.31064347618775	0.4	7.3	1
501.0497815809496	0.4	7.3	1
507.8555863523782	0.2	5.1	1
513.8613911238068	0.2	4.5	1
525.2063339999988	0.2	4.0	1
533.8788054380941	0.4	6.5	1
542.2846102095227	0.4	6.3	1
551.757081647618	0.4	7.1	1
557.7628864190465	0.2	4.5	1
563.768691190475	0.2	4.5	1
569.7744959619035	0.2	4.5	1
578.4469673999988	0.4	6.5	1
587.3861055047607	0.4	6.7	1
597.1252436095226	0.4	7.3	1
605.7977150476179	0.4	6.5	1
621.0093245904742	0.2	4.9	1
629.9484626952361	0.4	6.7	1
636.7542674666647	0.2	5.1	1
650.099210342856	0.2	4.9	1
656.3716817809513	0.2	4.7	1
669.1832913238098	0.2	4.9	1
675.9890960952384	0.2	5.1	1
681.994900866667	0.2	4.5	1
696.6731770761924	0.4	6.5	1
702.9456485142875	0.2	4.7	1
717.6239247238127	0.4	6.3	1
723.6297294952412	0.2	4.5	1
738.0413390381	0.4	6.3	1
747.5138104761952	0.4	7.1	1
756.1862819142905	0.4	6.5	1
762.9920866857191	0.2	5.1	1
775.1370295619104	0.2	4.0	1
784.8761676666722	0.4	7.3	1
794.6153057714341	0.4	7.3	1
800.6211105428627	0.2	4.5	1
809.5602486476246	0.4	6.7	1
815.5660534190531	0.2	4.5	1
830.5109962952451	0.4	6.7	1
840.250134400007	0.4	7.3	1
848.6559391714356	0.4	6.3	1
863.0675487142921	0.2	4.5	1
872.006686819054	0.4	6.7	1
890.41829636191	0.4	7.1	1
917.5023773428597	0.4	6.5	1
927.2415154476216	0.4	7.3	1
946.4531249904805	0.4	7.1	1
954.8589297619092	0.4	6.3	1
963.7980678666711	0.4	6.7	1
972.4705393047664	0.4	6.5	1
981.1430107428616	0.4	6.5	1
987.1488155142902	0.2	4.5	1
998.4937583904822	0.2	4.0	1
1004.4995631619107	0.2	4.5	1
1011.0387012666727	0.2	4.9	1
1017.3111727047678	0.2	4.7	1
1027.0503108095297	0.4	7.3	1
1045.4619203523887	0.4	6.5	1
1070.4126680000086	0.2	4.9	1
1079.0851394381039	0.4	6.5	1
1088.8242775428657	0.4	7.3	1
1095.3634156476276	0.2	4.9	1
1104.3025537523895	0.4	6.7	1
1110.8416918571513	0.2	4.9	1
1120.5808299619132	0.4	7.3	1
1140.0591061714388	0.4	7.3	1
1146.0649109428673	0.2	4.5	1
1158.876520485726	0.2	5.1	1
1177.0272681333474	0.2	4.0	1
1200.5171538857312	0.2	4.0	1
1209.4562919904931	0.4	6.7	1
1215.995430095255	0.2	4.9	1
1230.9403729714465	0.4	6.3	1
1239.3461777428752	0.4	6.3	1
1257.2244539523983	0.4	7.1	1
1265.630258723827	0.4	6.3	1
1283.7752016000168	0.4	7.3	1
1292.1810063714454	0.4	6.3	1
1306.8592825809685	0.2	4.7	1
1330.476696895255	0.4	6.7	1
1339.4158350000168	0.4	6.7	1
1345.4216397714454	0.2	4.5	1
1354.0941112095406	0.4	6.5	1
1372.2390540857302	0.4	7.1	1
1399.3231350666802	0.4	6.7	1
1405.862273171442	0.2	4.9	1
1418.6738827143001	0.2	4.7	1
1440.9579636952549	0.4	7.1	1
1469.2478494476366	0.2	4.5	1
1478.7203208857318	0.4	7.1	1
1487.1261256571604	0.4	6.3	1
1500.8710685333504	0.2	4.0	1
1506.8768733047789	0.2	4.5	1
1519.1551495143042	0.2	4.7	1
1528.894287619066	0.4	7.3	1
1537.833425723828	0.4	6.7	1
1544.3725638285898	0.2	4.9	1
1554.1117019333517	0.4	7.3	1
1563.8508400381136	0.4	7.3	1
1570.3899781428754	0.2	4.9	1
1575.7291162476374	0.2	4.0	1
1581.734921019066	0.2	4.5	1
1588.5407257904944	0.2	5.1	1
1593.8798638952564	0.2	4.0	1
1600.1523353333516	0.2	4.7	1
1606.9581401047801	0.2	5.1	1
1613.497278209542	0.2	4.9	1
1622.9697496476372	0.4	7.1	1
1629.2422210857324	0.2	4.7	1
1644.9871639619241	0.4	7.1	1
1650.9929687333527	0.2	4.5	1
1665.9379116095447	0.4	6.7	1
1687.1553259238308	0.2	4.7	1
1693.9611306952593	0.2	5.1	1
1706.7727402381172	0.2	4.5	1
1712.1118783428792	0.2	4.0	1
1724.25682121907	0.2	5.1	1
1742.6742355333568	0.2	4.7	1
1752.4133736381186	0.4	7.3	1
1768.9583165143108	0.2	5.1	1
1794.4423974952658	0.4	6.7	1
1799.7815356000278	0.2	4.0	1
1813.7931451428854	0.4	6.5	1
1823.5322832476472	0.4	7.3	1
1828.8714213524092	0.2	4.0	1
1835.6772261238377	0.2	5.1	1
1848.4888356666956	0.2	4.5	1
1855.2946404381241	0.2	5.1	1
1860.6337785428861	0.2	4.0	1
1872.7787214190769	0.2	5.1	1
1882.5178595238388	0.4	7.3	1
1899.062802400031	0.2	5.1	1
1905.0686071714595	0.2	4.5	1
1914.5410786095547	0.4	7.1	1
1924.2802167143166	0.4	7.3	1
1942.4251595905089	0.4	6.3	1
1951.0976310286042	0.4	6.5	1
1957.1034358000327	0.2	4.5	1
1972.848378676221	0.4	7.3	1
1981.2541834476497	0.4	6.3	1
1998.0657929905062	0.4	6.3	1
2004.604931095268	0.2	4.9	1
2011.4107358666965	0.2	5.1	1
2019.8165406381252	0.4	6.3	1
2026.355678742887	0.2	4.9	1
2032.3614835143155	0.2	4.5	1
2037.7006216190775	0.2	4.0	1
2048.3788978286016	0.2	4.0	1
2065.062978809555	0.2	4.5	1
2071.0687835809836	0.2	4.5	1
2080.8079216857454	0.4	7.3	1
2087.613726457174	0.2	5.1	1
2103.358669333365	0.4	6.7	1
2128.842750314317	0.4	7.3	1
2137.7818884190788	0.4	6.7	1
2144.054359857174	0.2	4.7	1
2159.265969400032	0.4	6.7	1
2168.7384408381276	0.4	7.1	1
2187.6833837143167	0.4	7.1	1
2196.6225218190784	0.4	6.7	1
2212.1007980286013	0.2	4.9	1
2236.518212342883	0.4	6.7	1
2267.208098095259	0.2	4.7	1
2307.6371219523985	0.4	7.3	1
2314.1762600571606	0.2	4.9	1
2329.6545362666816	0.4	6.7	1
2351.405283914297	0.2	4.7	1
2359.8110886857253	0.4	6.3	1
2376.6226982285816	0.4	6.3	1
2402.906779209533	0.4	7.1	1
2435.7299982952445	0.2	4.9	1
2444.40246973334	0.4	6.5	1
2458.4140792761996	0.2	4.0	1
2465.219884047628	0.2	5.1	1
2477.3648269238192	0.2	4.0	1
2485.7706316952476	0.4	6.3	1
2491.1097698000094	0.2	4.0	1
2499.7822412381047	0.4	6.5	1
2506.588046009533	0.2	5.1	1
2519.6663222190577	0.2	4.7	1
2529.4054603238196	0.4	7.3	1
2548.083736533345	0.4	6.7	1
2554.622874638107	0.2	4.9	1
2563.2953460762023	0.4	6.5	1
2571.9678175142976	0.4	6.5	1
2590.112760390491	0.4	7.1	1
2598.5185651619195	0.4	6.3	1
2604.524369933348	0.2	4.5	1
2617.335979476203	0.2	5.1	1
2626.275117580965	0.4	6.7	1
2635.2142556857266	0.4	6.7	1
2653.625865228583	0.4	7.1	1
2680.7099462095325	0.4	6.5	1
2686.9824176476277	0.2	4.7	1
2701.9273605238195	0.4	6.5	1
2726.3447748381095	0.4	7.1	1
2731.6839129428713	0.2	4.0	1
2746.495522485729	0.4	7.1	1
2755.9679939238245	0.4	7.1	1
2771.97960346668	0.2	4.9	1
2796.3970177809615	0.4	6.3	1
2802.9361558857236	0.2	4.9	1
2817.8810987619113	0.4	6.3	1
2841.498513076194	0.4	6.5	1
2871.121732161908	0.2	4.5	1
2880.5942036000033	0.4	7.1	1
2898.4724798095253	0.4	6.3	1
2905.278284580954	0.2	5.1	1
2921.5565607904787	0.4	7.1	1
2946.7739751047634	0.4	6.7	1
2955.713113209525	0.4	6.7	1
2970.924722752381	0.2	4.7	1
2994.8088037333337	0.4	6.5	1
3000.1479418380954	0.2	4.0	1
3015.2262180476196	0.4	7.3	1
3036.3102990285743	0.2	4.5	1
3046.049437133336	0.4	7.3	1
3065.5277133428617	0.4	7.3	1
3091.545127657151	0.2	4.9	1
3098.3509324285797	0.2	5.1	1
3111.9625419714375	0.2	5.1	1
3132.379956285725	0.2	5.1	1
3138.65242772382	0.2	4.7	1
3150.2640372666783	0.2	4.0	1
3167.881451580966	0.2	4.5	1
3194.438004000013	0.4	6.7	1
3203.3771421047745	0.4	6.7	1
3221.7887516476308	0.4	7.1	1
3249.6728326285806	0.4	7.1	1
3287.029385047624	0.4	7.1	1
3295.4351898190525	0.4	6.3	1
3313.313466028576	0.4	7.1	1
3322.7859374666714	0.4	7.1	1
3338.53088034286	0.2	4.7	1
3344.536685114289	0.2	4.5	1
3357.348294657144	0.2	5.1	1
3362.6874327619057	0.2	4.0	1
3373.3657089714297	0.2	4.0	1
3393.5164566190497	0.4	7.1	1
3419.0063423714296	0.2	4.0	1
3453.4353662285716	0.4	6.7	1
3459.9745043333337	0.2	4.9	1
3473.052780542855	0.2	4.9	1
3495.0701948571354	0.4	6.7	1
3501.3426662952306	0.2	4.7	1
3514.1542758380892	0.2	4.9	1
3523.6267472761847	0.4	7.1	1
3541.7716901523736	0.4	6.5	1
3566.7224377999937	0.2	5.1	1
3601.4123235523766	0.4	7.3	1
3642.10801407619	0.2	4.5	1
3651.5804855142856	0.4	7.1	1
3670.5254283904746	0.4	7.1	1
3698.142842704757	0.4	6.5	1
3704.6819808095192	0.2	4.9	1
3714.1544522476147	0.4	7.1	1
3732.56606179047	0.4	6.7	1
3741.2385332285653	0.4	6.5	1
3758.850142771425	0.4	6.7	1
3764.189280876187	0.2	4.0	1
3776.3342237523775	0.2	5.1	1
3794.7516380666643	0.2	4.7	1
3822.9081904857144	0.4	7.3	1
