9.472471438095237	0.4	7.1	1
19.21160954285714	0.4	7.3	1
25.484080980952378	0.2	4.7	1
31.48988575238095	0.2	4.5	1
41.229023857142856	0.4	7.3	1
47.76816196190476	0.2	4.9	1
53.10730006666667	0.2	4.0	1
62.046438171428576	0.4	6.7	1
68.31890960952381	0.2	4.7	1
73.65804771428571	0.2	4.0	1
82.06385248571428	0.4	6.3	1
88.06965725714285	0.2	4.5	1
97.80879536190476	0.4	7.3	1
104.0812668	0.2	4.7	1
113.0204049047619	0.4	6.7	1
119.55954300952381	0.2	4.9	1
125.83201444761904	0.2	4.7	1
131.17115255238096	0.2	4.0	1
140.91029065714287	0.4	7.3	1
149.31609542857143	0.4	6.3	1
158.78856686666666	0.4	7.1	1
164.7943716380952	0.2	4.5	1
170.80017640952377	0.2	4.5	1
179.73931451428567	0.4	6.7	1
186.0117859523809	0.2	4.7	1
192.81759072380947	0.2	5.1	1
198.82339549523803	0.2	4.5	1
207.2292002666666	0.4	6.3	1
213.50167170476183	0.2	4.7	1
220.04080980952375	0.2	4.9	1
226.0466145809523	0.2	4.5	1
232.05241935238087	0.2	4.5	1
238.05822412380942	0.2	4.5	1
247.79736222857133	0.4	7.3	1
257.5365003333332	0.4	7.3	1
263.80897177142845	0.2	4.7	1
270.34810987619034	0.2	4.9	1
276.3539146476189	0.2	4.5	1
292.0988575238091	0.4	7.3	1
300.7713289619043	0.4	6.5	1
309.1771337333329	0.4	6.3	1
317.8496051714281	0.4	6.5	1
323.18874327619	0.2	4.0	1
331.59454804761856	0.4	6.3	1
341.0670194857138	0.4	7.1	1
346.4061575904757	0.2	4.0	1
356.14529569523756	0.4	7.3	1
364.5511004666661	0.4	6.3	1
372.9569052380947	0.4	6.3	1
381.36271000952325	0.4	6.3	1
387.90184811428514	0.2	4.9	1
403.9134576571415	0.4	7.1	1
410.4525957619034	0.2	4.9	1
420.1917338666653	0.4	7.3	1
426.9975386380939	0.2	5.1	1
435.40334340952245	0.4	6.3	1
444.3424815142844	0.4	6.7	1
461.6874243904737	0.4	6.3	1
468.4932291619023	0.2	5.1	1
474.76570059999756	0.2	4.7	1
490.777310142856	0.4	7.3	1
496.1164482476179	0.2	4.0	1
502.12225301904647	0.2	4.5	1
510.7947244571417	0.4	6.5	1
519.2005292285703	0.4	6.3	1
526.0063339999989	0.2	5.1	1
535.7454721047608	0.4	7.3	1
541.0846102095227	0.2	4.0	1
550.0237483142846	0.4	6.7	1
565.2353578571406	0.2	4.7	1
573.9078292952358	0.4	6.5	1
579.9136340666644	0.2	4.5	1
589.6527721714262	0.4	7.3	1
596.1919102761882	0.2	4.9	1
608.7368531523797	0.2	4.5	1
617.6759912571416	0.4	6.7	1
626.6151293619035	0.4	6.7	1
644.4934055714263	0.4	6.7	1
651.0325436761882	0.2	4.9	1
657.0383484476167	0.2	4.5	1
669.316624657142	0.2	4.7	1
676.1224294285706	0.2	5.1	1
682.6615675333326	0.2	4.9	1
688.6673723047611	0.2	4.5	1
700.0123151809531	0.2	4.0	1
709.4847866190484	0.4	7.1	1
717.890591390477	0.4	6.3	1
723.8963961619055	0.2	4.5	1
730.4355342666674	0.2	4.9	1
737.241339038096	0.2	5.1	1
744.0471438095246	0.2	5.1	1
750.0529485809532	0.2	4.5	1
756.8587533523818	0.2	5.1	1
762.1978914571437	0.2	4.0	1
768.2036962285722	0.2	4.5	1
774.7428343333341	0.2	4.9	1
781.2819724380961	0.2	4.9	1
796.2269153142877	0.4	6.3	1
804.899386752383	0.4	6.5	1
811.7051915238115	0.2	5.1	1
821.4443296285734	0.4	7.3	1
837.7226058380991	0.2	4.9	1
843.7284106095276	0.2	4.5	1
850.0008820476228	0.2	4.7	1
863.0791582571479	0.2	5.1	1
869.8849630285765	0.2	5.1	1
876.6907678000051	0.2	5.1	1
886.1632392381003	0.4	7.1	1
905.1081821142892	0.4	7.1	1
930.8589297619051	0.2	5.1	1
937.1314012000003	0.2	4.7	1
946.6038726380955	0.4	7.1	1
951.9430107428574	0.2	4.0	1
964.0879536190482	0.2	5.1	1
973.8270917238101	0.4	7.3	1
983.566229828572	0.4	7.3	1
999.5778393714309	0.2	4.7	1
1004.9169774761928	0.2	4.0	1
1011.4561155809547	0.2	4.9	1
1017.9952536857166	0.2	4.9	1
1024.8010584571452	0.2	5.1	1
1036.9460013333367	0.2	4.0	1
1054.4300823142903	0.2	4.0	1
1063.3692204190522	0.4	6.7	1
1069.6416918571474	0.2	4.7	1
1079.3808299619093	0.4	7.3	1
1086.1866347333378	0.2	5.1	1
1091.5257728380998	0.2	4.0	1
1099.9315776095284	0.4	6.3	1
1106.2040490476236	0.2	4.7	1
1115.9431871523855	0.4	7.3	1
1135.421463361911	0.4	7.3	1
1141.4272681333396	0.2	4.5	1
1150.8997395714348	0.4	7.1	1
1166.9113491142903	0.2	4.9	1
1175.8504872190522	0.4	6.7	1
1184.2562919904808	0.4	6.3	1
1193.9954300952427	0.4	7.3	1
1203.467901533338	0.4	7.1	1
1222.6795110761934	0.4	7.3	1
1232.1519825142886	0.4	7.1	1
1238.6911206190505	0.2	4.9	1
1244.9635920571457	0.2	4.7	1
1253.636063495241	0.4	6.5	1
1258.975201600003	0.2	4.0	1
1265.5143397047648	0.2	4.9	1
1272.0534778095266	0.2	4.9	1
1286.9984206857182	0.4	6.3	1
1293.8042254571467	0.2	5.1	1
1309.2825016666714	0.4	6.5	1
1316.0883064380998	0.2	5.1	1
1332.633249314291	0.4	7.3	1
1355.1839969619127	0.2	4.5	1
1363.5898017333413	0.4	6.3	1
1372.5289398381033	0.4	6.7	1
1378.5347446095318	0.2	4.5	1
1385.0738827142936	0.2	4.9	1
1393.746354152389	0.4	6.5	1
1399.7521589238174	0.2	4.5	1
1408.157963695246	0.4	6.3	1
1424.9695732381026	0.4	6.3	1
1431.775378009531	0.2	5.1	1
1447.5203208857224	0.4	6.7	1
1455.926125657151	0.4	6.3	1
1472.7377352000076	0.4	6.3	1
1482.2102066381028	0.4	7.1	1
1489.0160114095313	0.2	5.1	1
1498.7551495142932	0.4	7.3	1
1504.0942876190552	0.2	4.0	1
1515.439230495246	0.2	4.5	1
1520.778368600008	0.2	4.0	1
1530.5175067047699	0.4	7.3	1
1549.1957829142955	0.4	6.7	1
1556.001587685724	0.2	5.1	1
1572.5465305619152	0.4	7.3	1
1579.3523353333437	0.2	5.1	1
1594.5639448762017	0.4	6.3	1
1604.3030829809636	0.4	7.3	1
1612.9755544190589	0.4	6.5	1
1630.0538306285855	0.4	6.3	1
1639.7929687333474	0.4	7.3	1
1649.2654401714426	0.4	7.1	1
1658.7379116095378	0.4	7.1	1
1664.7437163809664	0.2	4.5	1
1680.221992590488	0.4	7.1	1
1701.0394069047702	0.2	4.0	1
1728.3959593238144	0.2	4.9	1
1733.7350974285764	0.2	4.0	1
1748.8133736381005	0.4	7.3	1
1757.2191784095291	0.4	6.3	1
1774.2974546190524	0.4	6.5	1
1783.7699260571476	0.4	7.1	1
1790.3090641619094	0.2	4.9	1
1805.2540070380974	0.4	6.3	1
1811.7931451428592	0.2	4.9	1
1827.2714213523805	0.4	6.7	1
1849.0221689999958	0.2	4.7	1
1855.294640438091	0.2	4.7	1
1861.3004452095195	0.2	4.5	1
1875.9787214190412	0.4	6.5	1
1899.0628023999943	0.4	6.3	1
1908.8019405047562	0.4	7.3	1
1927.2135500476152	0.4	6.5	1
1954.5642976952388	0.4	6.7	1
1961.1034358000006	0.2	4.9	1
1969.775907238096	0.4	6.5	1
1983.787516780956	0.2	4.0	1
1989.126654885718	0.2	4.0	1
1998.8657929904798	0.4	7.3	1
2017.0107358666721	0.4	6.3	1
2025.6832073047674	0.4	6.5	1
2031.689012076196	0.2	4.5	1
2037.028150180958	0.2	4.0	1
2046.7672882857198	0.4	7.3	1
2064.912231161912	0.4	6.3	1
2070.918035933341	0.2	4.5	1
2082.262978809529	0.2	4.0	1
2092.002116914291	0.4	7.3	1
2111.21372645715	0.4	7.1	1
2138.831140771436	0.4	6.3	1
2175.1210265238165	0.4	6.5	1
2183.7934979619117	0.4	6.5	1
2197.8051075047715	0.2	4.0	1
2204.6109122762	0.2	5.1	1
2214.0833837142955	0.4	7.1	1
2223.022521819057	0.4	6.7	1
2240.3674646952463	0.4	6.3	1
2248.7732694666747	0.4	6.3	1
2263.451545676198	0.2	4.7	1
2272.9240171142933	0.4	7.1	1
2288.935626657149	0.2	4.9	1
2298.674764761911	0.4	7.3	1
2314.6863743047697	0.2	4.7	1
2323.092179076198	0.4	6.3	1
2337.7704552857213	0.2	4.7	1
2358.4545362666745	0.2	4.5	1
2385.944422019054	0.2	5.1	1
2392.216893457149	0.2	4.7	1
2408.2285030000075	0.4	7.3	1
2414.5009744381027	0.2	4.7	1
2429.4459173142945	0.4	6.5	1
2438.91838875239	0.4	7.1	1
2458.1299982952455	0.4	7.3	1
2482.6807459428646	0.2	4.0	1
2491.086550714293	0.4	6.3	1
2508.1648269238162	0.4	6.5	1
2514.7039650285783	0.2	4.9	1
2521.2431031333404	0.2	4.9	1
2534.054712676195	0.2	4.7	1
2555.272126990479	0.4	6.3	1
2561.277931761908	0.2	4.5	1
2576.222874638096	0.4	6.7	1
2585.1620127428578	0.4	6.7	1
2600.3736222857137	0.2	4.7	1
2610.1127603904756	0.4	7.3	1
2629.3243699333348	0.4	7.1	1
2635.863508038097	0.2	4.9	1
2649.2084509142846	0.2	5.1	1
2656.014255685713	0.2	5.1	1
2668.1591985619043	0.2	4.0	1
2674.6983366666664	0.2	4.9	1
2684.170808104762	0.4	7.1	1
2692.843279542857	0.4	6.5	1
2710.454889085717	0.4	6.7	1
2734.872303400004	0.2	5.1	1
2744.3447748380995	0.4	7.1	1
2763.556384380955	0.4	7.3	1
2789.0404653619075	0.2	4.7	1
2798.512936800003	0.4	7.1	1
2817.7245463428585	0.4	7.3	1
2846.6752939904777	0.4	7.3	1
2856.147765428573	0.4	7.1	1
2875.0927083047623	0.4	7.1	1
2881.8985130761907	0.2	5.1	1
2898.443455952382	0.4	7.3	1
2921.2608702666703	0.2	4.7	1
2927.5333417047655	0.2	4.7	1
2943.2782845809575	0.4	7.1	1
2965.0290322285764	0.2	4.5	1
2993.318917980955	0.2	4.9	1
3027.61460850476	0.2	4.5	1
3036.0204132761883	0.4	6.3	1
3051.2320228190447	0.2	5.1	1
3056.5711609238065	0.2	4.0	1
3068.716103799997	0.2	5.1	1
3086.2001847809506	0.2	4.0	1
3110.490070533333	0.2	5.1	1
3119.1625419714283	0.4	6.5	1
3136.5074848476215	0.4	6.5	1
3160.3915658285796	0.2	4.9	1
3169.3307039333413	0.4	6.7	1
3187.2089801428638	0.4	6.7	1
3214.026394457147	0.4	6.7	1
3220.032199228576	0.2	4.5	1
3234.7104754380975	0.4	6.5	1
3258.3278897523837	0.4	6.7	1
3287.284442171431	0.2	4.0	1
3322.246799361907	0.2	4.5	1
3328.5192708000022	0.2	4.7	1
3337.9917422380977	0.4	7.1	1
3356.403351780953	0.4	6.7	1
3383.4874327619027	0.4	6.5	1
3417.110651847617	0.2	4.9	1
3457.273009038091	0.2	4.9	1
3463.2788138095198	0.2	4.5	1
3479.023756685708	0.4	7.3	1
3501.3078376666604	0.2	4.9	1
3532.5310567523716	0.4	6.7	1
3570.5600806095104	0.2	5.1	1
