17.8538109	0.2	5.1	1
39.9076218	0.4	6.3	1
63.3614327	0.4	6.7	1
77.3652436	0.2	4.0	1
91.3690545	0.2	4.0	1
114.12286540000001	0.4	6.5	1
136.1766763	0.4	6.3	1
158.9304872	0.4	6.5	1
172.93429809999998	0.2	4.0	1
188.68810899999997	0.2	4.5	1
213.54191989999998	0.4	7.1	1
263.94954170000005	0.4	7.3	1
288.80335260000004	0.4	7.1	1
330.81097440000013	0.2	4.9	1
348.6647853000001	0.2	5.1	1
370.7185962000001	0.4	6.3	1
392.7724071000001	0.4	6.3	1
418.32621800000015	0.4	7.3	1
441.78002890000016	0.4	6.7	1
480.98765069999973	0.2	4.5	1
542.249083399999	0.4	6.3	1
567.102894299999	0.4	7.1	1
589.8567051999989	0.4	6.5	1
612.6105160999989	0.4	6.5	1
634.6643269999989	0.4	6.3	1
659.5181378999989	0.4	7.1	1
700.825759699999	0.2	4.7	1
726.379570599999	0.4	7.3	1
751.9333814999991	0.4	7.3	1
774.687192399999	0.4	6.5	1
799.541003299999	0.4	7.1	1
822.294814199999	0.4	6.5	1
838.748625099999	0.2	4.7	1
864.302435999999	0.4	7.3	1
878.306246899999	0.2	4.0	1
894.060057799999	0.2	4.5	1
917.513868699999	0.4	6.7	1
933.2676795999989	0.2	4.5	1
949.7214904999989	0.2	4.7	1
966.875301399999	0.2	4.9	1
991.729112299999	0.4	7.1	1
1015.182923199999	0.4	6.7	1
1056.4905449999994	0.2	5.1	1
