15.303810899999998	0.2	5.1	1
44.111432699999995	0.2	4.5	1
63.6152436	0.4	6.5	1
77.1190545	0.2	4.5	1
97.2228654	0.4	6.7	1
130.8304872000001	0.2	4.5	1
150.3342981000001	0.4	6.5	1
164.4381090000001	0.2	4.7	1
179.14191990000012	0.2	4.9	1
200.44573080000012	0.4	7.1	1
219.34954170000012	0.4	6.3	1
252.95716349999995	0.2	4.9	1
266.46097439999994	0.2	4.5	1
279.96478529999996	0.2	4.5	1
294.06859619999994	0.2	4.7	1
314.17240709999993	0.4	6.7	1
335.4762179999999	0.4	7.1	1
356.7800288999999	0.4	7.1	1
378.6838397999999	0.4	7.3	1
398.78765069999986	0.4	6.7	1
440.1952725	0.4	7.1	1
454.8990834	0.2	4.9	1
470.20289429999997	0.2	5.1	1
482.2067052	0.2	4.0	1
502.3105161	0.4	6.7	1
514.3143269999999	0.2	4.0	1
540.4219487999997	0.2	4.7	1
559.3257596999997	0.4	6.3	1
578.2295705999998	0.4	6.3	1
590.2333814999997	0.2	4.0	1
602.2371923999997	0.2	4.0	1
616.3410032999997	0.2	4.7	1
637.6448141999997	0.4	7.1	1
651.7486250999997	0.2	4.7	1
677.8562468999997	0.2	4.0	1
723.4676795999995	0.4	6.5	1
738.7714904999996	0.2	5.1	1
753.4753013999996	0.2	4.9	1
775.3791122999996	0.4	7.3	1
796.6829231999997	0.4	7.1	1
815.5867340999997	0.4	6.3	1
830.2905449999997	0.2	4.9	1
849.1943558999998	0.4	6.3	1
887.6019776999991	0.4	6.5	1
902.9057885999991	0.2	5.1	1
921.8095994999992	0.4	6.3	1
937.1134103999992	0.2	5.1	1
951.8172212999992	0.2	4.9	1
970.7210321999993	0.4	6.3	1
1001.6286539999986	0.2	4.0	1
1015.7324648999986	0.2	4.7	1
1029.8362757999987	0.2	4.7	1
1063.4438975999988	0.4	6.5	1
1075.4477084999987	0.2	4.0	1
