21.9038109	0.4	7.3	1
37.2076218	0.2	5.1	1
74.41524359999997	0.4	7.3	1
96.31905449999996	0.4	7.3	1
109.82286539999997	0.2	4.5	1
124.52667629999996	0.2	4.9	1
139.83048719999996	0.2	5.1	1
153.33429809999996	0.2	4.5	1
173.43810899999994	0.4	6.7	1
188.14191989999995	0.2	4.9	1
218.1495416999995	0.2	5.1	1
231.6533525999995	0.2	4.5	1
245.15716349999948	0.2	4.5	1
265.2609743999995	0.4	6.7	1
285.3647852999995	0.4	6.7	1
299.46859619999947	0.2	4.7	1
321.37240709999946	0.4	7.3	1
341.47621799999945	0.4	6.7	1
362.7800288999994	0.4	7.1	1
378.0838397999994	0.2	5.1	1
396.9876506999994	0.4	6.3	1
408.9914615999994	0.2	4.0	1
420.99527249999943	0.2	4.0	1
442.2990833999994	0.4	7.1	1
457.6028942999994	0.2	5.1	1
471.1067051999994	0.2	4.5	1
491.2105160999994	0.4	6.7	1
504.7143269999994	0.2	4.5	1
520.0181378999994	0.2	5.1	1
538.9219487999994	0.4	6.3	1
558.4257596999994	0.4	6.5	1
577.3295705999994	0.4	6.3	1
597.4333814999994	0.4	6.7	1
610.9371923999994	0.2	4.5	1
637.9448141999991	0.2	4.5	1
652.6486250999991	0.2	4.9	1
671.5524359999991	0.4	6.3	1
692.8562468999992	0.4	7.1	1
714.1600577999992	0.4	7.1	1
733.0638686999993	0.4	6.3	1
753.1676795999992	0.4	6.7	1
767.8714904999993	0.2	4.9	1
787.9753013999992	0.4	6.7	1
829.9829231999994	0.4	7.3	1
850.0867340999994	0.4	6.7	1
864.7905449999994	0.2	4.9	1
876.7943558999993	0.2	4.0	1
890.2981667999993	0.2	4.5	1
909.2019776999994	0.4	6.3	1
949.4095994999988	0.4	7.1	1
1001.6210321999989	0.2	4.0	1
1021.7248430999989	0.4	6.7	1
1035.828653999999	0.2	4.7	1
1047.832464899999	0.2	4.0	1
