17.873389623809523	0.4	6.7	1
37.34677924761905	0.4	7.3	1
54.15350220476191	0.4	6.3	1
72.02689182857142	0.4	6.7	1
88.83361478571427	0.4	6.3	1
106.17367107619046	0.4	6.5	1
118.71372736666665	0.2	4.7	1
148.0605066142858	0.4	6.3	1
161.66722957142866	0.2	5.1	1
187.2806754857142	0.2	4.5	1
232.36751102380913	0.4	7.3	1
251.84090064761864	0.4	7.3	1
269.7142902714282	0.4	6.7	1
288.6543465619044	0.4	7.1	1
308.1277361857139	0.4	7.3	1
324.9344591428568	0.4	6.3	1
338.0078487666663	0.2	4.9	1
351.61457172380915	0.2	5.1	1
370.55462801428536	0.4	7.1	1
389.49468430476156	0.4	7.1	1
400.16807392857106	0.2	4.0	1
412.70813021904723	0.2	4.7	1
423.38151984285673	0.2	4.0	1
453.5282990904755	0.4	7.3	1
470.3350220476184	0.4	6.3	1
487.1417450047613	0.4	6.3	1
515.9551909190466	0.2	4.5	1
561.5753597904751	0.4	6.3	1
620.2689182857127	0.2	4.9	1
697.9025330714269	0.4	7.1	1
710.9759226952364	0.2	4.9	1
724.5826456523793	0.2	5.1	1
736.5893686095221	0.2	4.5	1
753.396091566665	0.4	6.3	1
772.3361478571411	0.4	7.1	1
810.216260438093	0.4	7.1	1
867.0364293095205	0.4	7.1	1
940.6633211380904	0.4	6.3	1
1033.2302692571361	0.4	7.1	1
1052.1703255476123	0.4	7.1	1
1088.9837714618975	0.4	6.7	1
1143.6706069999927	0.4	6.7	1
1209.030832161898	0.2	4.0	1
1285.0644469476124	0.2	4.0	1
1298.6711699047553	0.2	5.1	1
1316.5445595285648	0.4	6.7	1
1327.2179491523743	0.2	4.0	1
1350.43139506666	0.2	4.7	1
1384.3182306047547	0.2	4.0	1
1431.8117890999922	0.2	5.1	1
1492.9120705523733	0.2	5.1	1
1503.5854601761828	0.2	4.0	1
1522.525516466659	0.4	7.1	1
1555.0722957142775	0.2	5.1	1
1607.0924645857062	0.4	7.3	1
1672.7193564142788	0.2	5.1	1
1749.0196378666615	0.2	4.0	1
1762.093027490471	0.2	4.9	1
1781.0330837809472	0.4	7.1	1
1813.5798630285658	0.2	5.1	1
1859.733365233328	0.2	5.1	1
1922.6935903952337	0.4	6.3	1
2002.9938718476153	0.4	6.5	1
2016.067261471425	0.2	4.9	1
