18551.766
18649.673
22082.551
20611.158
22618.016
18415.724
19391.513
18438.608
19028.782
24437.788
16607.357
17643.131
14993.747
25555.14
18045.186
24525.384
18287.965
12816.222
13784.156
19032.719
14124.694
15942.03
22062.45
20508.228
12836.726
18467.678
19204.594
13107.904
9494.375
10570.68
14414.608
19138.701
15440.582
16724.433
10864.366
27719.682
14374.382
12485.574
15404.669
19955.801
13766.723
20772.695
20075.523
13294.41
20703.203
22393.926
23162.886
16646.242
20682.796
5.199
5.396
4.69
4.83
5.134
4.444
5.07
5.484
5.13
4.731
4.982
5.813
4.868
5.036
5.164
4.906
4.795
4.532
4.53
4.637
5.19
4.691
4.841
4.55
5.288
5.218
5.493
4.82
4.717
5.057
4.658
5.138
4.301
4.618
4.523
4.148
4.611
4.467
4.6
4.511
4.531
4.67
4.224
4.382
4.332
4.901
4.531
4.497
4.413
4.265
5.429
5.646
5.147
5.841
5.281
5.517
5.724
6.072
4.633
4.945
5.217
5.123
5.451
5.55
5.848
5.276
5.148
5.303
5.339
4.753
4.756
5.188
4.846
4.895
5.169
4.609
5.102
5.338
5.05
5.151
4.599
5.154
4.706
4.987
4.726
4.539
4.77
4.681
4.455
4.379
4.555
4.707
4.419
4.837
4.648
4.377
4.571
4.764
4.616
4.488
5.588
5.9
6.055
5.338
5.502
6.234
4.988
5.756
5.609
5.74
5.153
5.306
5.254
5.268
5.41
5.321
5.49
5.063
5.22
5.046
5.089
4.891
5.4
5.737
5.432
4.789
5.149
4.901
5.369
5.007
5.215
5.156
5.022
4.885
5.368
5.061
4.864
4.623
4.599
4.85
4.982
4.848
4.761
4.621
4.923
4.887
4.761
4.717
4.692
4.582
5.674
5.635
5.451
5.649
5.428
5.291
5.424
5.989
5.691
5.659
5.485
5.748
5.308
5.162
5.679
5.583
5.745
5.295
5.701
5.485
4.976
5.617
5.721
5.39
5.105
5.214
5.384
5.177
5.319
5.4
5.301
5.193
5.222
4.995
5.348
5.028
4.941
5.243
5.247
5.727
4.971
5.084
5.177
5.003
4.898
5.015
4.959
4.838
4.899
4.704
5.863
5.437
5.814
5.3
5.329
6.212
5.52
5.348
5.504
5.56
5.556
5.38
5.589
5.467
5.16
5.098
5.261
5.449
5.506
5.576
5.227
5.194
5.266
5.403
5.258
5.373
5.248
5.009
5.003
5.274
4.928
5.342
5.341
5.227
5.13
4.733
5.043
4.815
5.066
4.888
4.958
4.985
4.913
5.222
5.208
5.114
4.965
4.732
5.03
4.689
5.299
5.266
5.451
5.591
5.078
5.422
5.121
5.261
5.226
5.017
5.245
5.301
5.157
5.124
5.43
5.123
5.127
4.77
4.905
5.19
5.318
5.42
5.257
5.324
5.099
5.054
5.592
5.102
4.764
4.777
5.048
5.127
4.936
5.154
4.898
4.766
5.041
4.97
4.868
5.034
4.965
5.246
5.006
4.702
5.071
4.714
4.883
4.767
4.714
5.169
4.923
5.169
4.981
5.13
5.067
4.917
5.09
4.756
5.086
5.189
4.935
4.966
5.218
4.855
5.218
4.921
4.963
4.882
4.962
5.048
5.162
4.961
4.831
4.947
4.911
5.059
4.971
5.101
5.0
5.069
5.023
5.023
4.751
4.695
4.783
5.034
4.884
5.129
4.845
4.731
4.855
4.848
5.008
4.699
4.904
4.889
4.938
5.036
4.962
4.913
