32.80672295714286	0.6	12.3	1
48.54677924761905	0.4	5.9	1
65.35350220476191	0.4	6.3	1
99.22689182857144	0.6	12.7	1
117.10028145238095	0.4	6.7	1
134.44033774285714	0.4	6.5	1
168.31372736666665	0.6	12.7	1
200.58711699047618	0.6	12.1	1
232.8605066142857	0.6	12.1	1
250.7338962380952	0.4	6.7	1
283.00728586190473	0.6	12.1	1
316.8806754857143	0.6	12.7	1
334.7540651095238	0.4	6.7	1
367.5607880666667	0.6	12.3	1
384.9008443571429	0.4	6.5	1
419.5809569380953	0.4	6.5	1
470.5344591428573	0.4	6.1	1
555.3613509714289	0.6	12.7	1
656.4616324238096	0.4	6.1	1
673.3019701666667	0.4	5.9	1
691.1753597904763	0.4	6.7	1
706.9154160809525	0.4	5.9	1
755.9955286619045	0.6	12.5	1
821.8823641999994	0.4	6.3	1
904.5759226952368	0.4	6.3	1
1020.6095374809502	0.6	12.5	1
1069.9832085571397	0.6	12.5	1
1087.8565981809493	0.4	6.7	1
1120.129987804759	0.6	12.1	1
1154.0033774285685	0.6	12.7	1
1205.2168233428538	0.4	6.5	1
1273.7703255476154	0.4	6.5	1
1359.1305507095199	0.4	6.3	1
1476.7641654952336	0.6	12.1	1
1511.7378365714235	0.4	6.5	1
1564.584897271423	0.4	6.7	1
1635.3053475952315	0.4	6.7	1
1738.2991875428493	0.6	12.1	1
1858.09975044761	0.4	6.3	1
1911.2403696428464	0.6	12.5	1
1996.121045128559	0.6	11.9	1
2114.8751102380807	0.6	12.7	1
2266.9692316380783	0.6	12.5	1
2435.870075995219	0.4	6.3	1
2537.577643309502	0.6	12.3	1
2556.625266914261	0.4	6.5	1
2572.8986565380706	0.4	6.1	1
2604.638712828547	0.6	11.9	1
2670.2521587428323	0.6	12.7	1
2767.6056609475936	0.6	11.9	1
2881.232552776164	0.4	6.1	1
3011.132834228544	0.4	6.1	1
3027.939557185687	0.4	6.3	1
3043.6796134761635	0.4	5.9	1
3075.69305939045	0.4	6.1	1
3125.0465615952126	0.4	6.5	1
3192.273453423784	0.4	6.7	1
3276.840401542832	0.4	6.5	1
3293.1137911666415	0.4	6.1	1
3341.1272370809274	0.6	11.9	1
3422.48073928569	0.6	12.5	1
3521.174297780928	0.4	6.5	1
3636.141245899975	0.4	6.1	1
3653.481302190451	0.4	6.5	1
