16.806722957142856	0.4	6.3	1
50.68011258095238	0.6	12.7	1
68.02016887142858	0.4	6.5	1
101.36022516190476	0.6	12.5	1
117.10028145238095	0.4	5.9	1
134.44033774285714	0.4	6.5	1
168.31372736666665	0.6	12.7	1
201.65378365714284	0.6	12.5	1
218.4605066142857	0.4	6.3	1
250.7338962380952	0.6	12.1	1
283.5406191952381	0.6	12.3	1
349.68739844285676	0.6	12.5	1
431.5742339809508	0.4	5.9	1
529.2011258095216	0.4	5.9	1
644.1680739285691	0.4	6.5	1
675.9081302190453	0.6	11.9	1
692.1815198428549	0.4	6.1	1
708.9882427999977	0.4	6.3	1
725.7949657571405	0.4	6.3	1
757.5350220476167	0.6	11.9	1
775.4084116714263	0.4	6.7	1
810.0885242523791	0.4	6.3	1
842.8952472095219	0.6	12.3	1
891.4420264571406	0.4	5.9	1
924.2487494142835	0.6	12.3	1
942.122139038093	0.4	6.7	1
959.9955286619025	0.4	6.7	1
993.3355849523788	0.6	12.5	1
1026.1423079095216	0.6	12.3	1
1058.4156975333312	0.6	12.1	1
1074.1557538238073	0.4	5.9	1
1106.9624767809503	0.6	12.3	1
1138.7025330714264	0.6	11.9	1
1187.249312319046	0.4	6.3	1
1203.5227019428557	0.4	6.1	1
1252.6028145238083	0.6	12.3	1
1285.4095374809513	0.6	12.3	1
1303.2829271047608	0.4	6.7	1
1337.963039685712	0.4	6.3	1
1371.8364293095215	0.6	12.7	1
1404.6431522666644	0.6	12.3	1
1436.3832085571405	0.6	11.9	1
1452.1232648476166	0.4	5.9	1
1484.9299878047595	0.6	12.3	1
1517.2033774285692	0.6	12.1	1
1535.0767670523787	0.4	6.7	1
1567.3501566761884	0.6	12.1	1
1631.8969359238076	0.6	12.1	1
1665.7703255476172	0.6	12.7	1
1682.5770485047601	0.4	6.3	1
1714.8504381285697	0.6	12.1	1
1778.8638840428555	0.6	11.9	1
1796.737273666665	0.4	6.7	1
1828.4773299571411	0.6	11.9	1
1845.8173862476174	0.4	6.5	1
1894.8974988285688	0.6	11.9	1
1912.7708884523784	0.4	6.7	1
1945.0442780761878	0.6	12.1	1
1962.9176676999973	0.4	6.7	1
1980.7910573238069	0.4	6.7	1
1998.6644469476164	0.4	6.7	1
2034.4112261952341	0.4	6.7	1
2051.217949152377	0.4	6.3	1
2068.02467210952	0.4	6.3	1
