32.80002200357143	0.6	12.3	1
48.53337734047619	0.4	5.9	1
80.80006601071429	0.6	12.1	1
98.13342134761905	0.4	6.5	1
130.93344335119048	0.6	12.3	1
146.66679868809524	0.4	5.9	1
164.000154025	0.4	6.5	1
197.8668426952381	0.6	12.7	1
230.66686469880952	0.6	12.3	1
263.466886702381	0.6	12.3	1
280.80024203928576	0.4	6.5	1
298.66693070952385	0.4	6.7	1
330.4002860464286	0.6	11.9	1
364.2669747166667	0.6	12.7	1
381.6003300535715	0.4	6.5	1
432.8003740607144	0.6	12.7	1
450.66706273095247	0.4	6.7	1
484.53375140119056	0.6	12.7	1
518.4004400714286	0.6	12.7	1
535.7337954083334	0.4	6.5	1
551.4671507452382	0.4	5.9	1
568.2671727488096	0.4	6.3	1
584.5338614190476	0.4	6.1	1
617.8672167559524	0.6	12.5	1
650.6672387595238	0.6	12.3	1
668.5339274297619	0.4	6.7	1
684.8006161	0.4	6.1	1
700.5339714369047	0.4	5.9	1
716.8006601071428	0.4	6.1	1
733.6006821107142	0.4	6.3	1
749.8673707809522	0.4	6.1	1
765.600726117857	0.4	5.9	1
783.4674147880951	0.4	6.7	1
815.2007701249998	0.6	11.9	1
846.9341254619046	0.6	11.9	1
880.8008141321427	0.6	12.7	1
913.0675028023808	0.6	12.1	1
946.9341914726189	0.6	12.7	1
978.6675468095236	0.6	11.9	1
1011.4675688130951	0.6	12.3	1
1078.1342794869051	0.6	12.7	1
1096.0009681571432	0.4	6.7	1
1111.7343234940479	0.4	5.9	1
1145.0676788309527	0.6	12.5	1
1177.8677008345242	0.6	12.3	1
1193.6010561714288	0.4	5.9	1
1226.1344335119047	0.4	6.3	1
1274.9344995226193	0.4	6.1	1
1292.267854859524	0.4	6.5	1
1308.0012101964287	0.4	5.9	1
1340.2678988666669	0.6	12.1	1
1404.8012762071423	0.6	12.1	1
1421.0679648773805	0.4	6.1	1
1452.8013202142852	0.6	11.9	1
1469.0680088845234	0.4	6.1	1
1502.4013642214281	0.6	12.5	1
1569.0680748952377	0.6	12.5	1
1601.334763565476	0.6	12.1	1
1634.6681189023807	0.6	12.5	1
1685.3348295761903	0.4	6.5	1
1702.1348515797617	0.4	6.3	1
1720.0015402499998	0.4	6.7	1
1737.868228920238	0.4	6.7	1
1773.6016062607137	0.4	6.7	1
