26.77502200357143	0.6	11.9	1
40.95004400714286	0.4	6.3	1
68.62506601071428	0.6	12.3	1
96.75008801428571	0.6	12.5	1
124.87511001785714	0.6	12.5	1
139.05013202142857	0.4	6.3	1
166.725154025	0.6	12.3	1
180.00017602857142	0.4	5.9	1
206.77519803214284	0.6	11.9	1
233.55022003571426	0.6	11.9	1
247.2752420392857	0.4	6.1	1
274.95026404285716	0.6	12.3	1
290.02528604642856	0.4	6.7	1
318.15030805	0.6	12.5	1
345.3753300535714	0.6	12.1	1
373.50035205714283	0.6	12.5	1
401.17537406071426	0.6	12.3	1
428.8503960642857	0.6	12.3	1
470.25044007142907	0.4	6.1	1
483.9754620750005	0.4	6.1	1
511.20048407857195	0.6	12.1	1
537.9755060821434	0.6	11.9	1
565.2005280857148	0.6	12.1	1
579.8255500892863	0.4	6.5	1
607.0505720928577	0.6	12.1	1
647.5506161000003	0.4	5.9	1
662.6256381035718	0.4	6.7	1
675.9006601071432	0.4	5.9	1
716.4007041142869	0.6	12.1	1
744.5257261178583	0.6	12.5	1
772.6507481214297	0.6	12.5	1
799.4257701250011	0.6	11.9	1
812.7007921285725	0.4	5.9	1
841.275814132144	0.6	12.7	1
868.0508361357154	0.6	11.9	1
894.8258581392868	0.6	11.9	1
922.9508801428582	0.6	12.5	1
951.5259021464296	0.6	12.7	1
979.6509241500011	0.6	12.5	1
1008.2259461535725	0.6	12.7	1
1022.8509681571439	0.4	6.5	1
1051.6510121642862	0.4	6.3	1
1066.7260341678575	0.4	6.7	1
1081.8010561714289	0.4	6.7	1
1111.051100178572	0.4	6.3	1
1124.7761221821434	0.4	6.1	1
1138.9511441857148	0.4	6.3	1
1166.6261661892863	0.6	12.3	1
1193.8511881928578	0.6	12.1	1
1208.0262101964292	0.4	6.3	1
1221.3012322000006	0.4	5.9	1
1248.3012762071426	0.4	6.1	1
1262.476298210714	0.4	6.3	1
1289.2513202142854	0.6	11.9	1
1303.876342217857	0.4	6.5	1
1318.0513642214285	0.4	6.3	1
1332.676386225	0.4	6.5	1
1360.3514082285715	0.6	12.3	1
1387.576430232143	0.6	12.1	1
1416.1514522357143	0.6	12.7	1
1443.3764742392857	0.6	12.1	1
1470.151496242857	0.6	11.9	1
1484.3265182464286	0.4	6.3	1
1499.40154025	0.4	6.7	1
1514.0265622535715	0.4	6.5	1
1528.201584257143	0.4	6.3	1
1542.3766062607144	0.4	6.3	1
1556.551628264286	0.4	6.3	1
1583.7766502678573	0.6	12.1	1
1637.776694275	0.6	11.9	1
1706.4017602857132	0.4	6.5	1
1733.1767822892846	0.6	11.9	1
1760.401804292856	0.6	12.1	1
1787.1768262964274	0.6	11.9	1
1814.851848299999	0.6	12.3	1
1871.1018923071422	0.6	12.7	1
1898.7769143107137	0.6	12.3	1
1912.9519363142851	0.4	6.3	1
1940.1769583178566	0.6	12.1	1
1968.3019803214281	0.6	12.5	1
1996.4270023249996	0.6	12.5	1
2038.2770463321438	0.4	6.1	1
2052.002068335715	0.4	6.1	1
2093.8521123428577	0.6	12.5	1
2150.777178353573	0.4	6.7	1
2165.4022003571445	0.4	6.5	1
