19.33752200357143	0.6	11.9	1
30.22504400714286	0.4	6.7	1
60.45008801428564	0.6	11.9	1
70.03761001785708	0.4	5.9	1
90.35013202142851	0.6	12.5	1
110.33765402499994	0.6	12.3	1
130.65017602857137	0.6	12.5	1
140.2376980321428	0.4	5.9	1
159.90022003571423	0.6	12.1	1
170.46274203928564	0.4	6.5	1
190.7752640428571	0.6	12.5	1
201.66278604642852	0.4	6.7	1
212.22530804999994	0.4	6.5	1
222.46283005357137	0.4	6.3	1
243.1003520571428	0.6	12.7	1
253.33787406071423	0.4	6.3	1
273.1629180678567	0.4	5.9	1
293.15044007142814	0.6	12.3	1
303.71296207499955	0.4	6.5	1
334.9130060821427	0.6	12.7	1
344.50052808571417	0.4	5.9	1
364.650572092857	0.4	6.5	1
374.8880940964284	0.4	6.3	1
385.4506160999998	0.4	6.5	1
405.76313810357124	0.6	12.5	1
445.41318211071354	0.6	11.9	1
455.65070411428496	0.4	6.3	1
475.3132261178564	0.6	12.1	1
514.638270124999	0.6	12.1	1
534.3007921285705	0.6	12.1	1
543.8883141321419	0.4	5.9	1
554.1258361357134	0.4	6.3	1
574.7633581392848	0.6	12.7	1
594.1008801428562	0.6	11.9	1
633.4259241499999	0.6	12.3	1
643.0134461535713	0.4	5.9	1
653.2509681571428	0.4	6.3	1
673.2384901607143	0.6	12.3	1
693.5510121642857	0.6	12.5	1
713.2135341678571	0.6	12.1	1
722.8010561714285	0.4	5.9	1
743.1135781749999	0.6	12.5	1
763.4261001785713	0.6	12.5	1
773.0136221821427	0.4	5.9	1
801.9386661892864	0.6	11.9	1
812.8261881928579	0.4	6.7	1
833.1387101964293	0.6	12.5	1
873.7637542035716	0.6	12.5	1
884.651276207143	0.4	6.7	1
894.2387982107144	0.4	5.9	1
923.8138422178581	0.6	12.3	1
934.3763642214295	0.4	6.5	1
964.6014082285736	0.6	12.1	1
1004.4139742392889	0.4	5.9	1
1024.4014962428603	0.6	12.3	1
1034.6390182464318	0.4	6.3	1
1044.5515402500032	0.4	6.1	1
1064.8640622535747	0.6	12.5	1
1074.4515842571461	0.4	5.9	1
1095.0891062607175	0.6	12.7	1
1125.3141502678586	0.4	5.9	1
1135.22667227143	0.4	6.1	1
1146.1141942750014	0.4	6.7	1
1165.7767162785728	0.6	12.1	1
1196.0017602857156	0.4	6.5	1
1206.5642822892871	0.4	6.5	1
1217.1268042928587	0.4	6.5	1
1248.3268483000027	0.6	12.7	1
1267.989370303574	0.6	12.1	1
1287.6518923071455	0.6	12.1	1
1297.564414310717	0.4	6.1	1
1327.4644583178597	0.6	12.3	1
1346.801980321431	0.6	11.9	1
1366.1395023250025	0.6	11.9	1
1376.702024328574	0.4	6.5	1
1396.0395463321454	0.6	11.9	1
1415.7020683357168	0.6	12.1	1
1425.9395903392883	0.4	6.3	1
1436.8271123428597	0.4	6.7	1
1457.464634346431	0.6	12.7	1
1467.0521563500024	0.4	5.9	1
1477.289678353574	0.4	6.3	1
1497.9272003571452	0.6	12.7	1
1518.2397223607168	0.6	12.5	1
1538.2272443642883	0.6	12.3	1
1578.8522883714315	0.6	12.7	1
1589.089810375003	0.4	6.3	1
1609.0773323785745	0.6	12.3	1
1629.064854382146	0.6	12.3	1
1638.9773763857174	0.4	6.1	1
1658.47742039286	0.4	5.9	1
1679.1149423964314	0.6	12.7	1
1689.677464400003	0.4	6.5	1
1700.2399864035744	0.4	6.5	1
1731.1150304107186	0.6	12.5	1
1751.1025524142901	0.6	12.3	1
1761.6650744178617	0.4	6.5	1
1771.9025964214331	0.4	6.3	1
1791.8901184250046	0.6	12.3	1
1831.865162432148	0.6	12.3	1
1842.7526844357194	0.4	6.7	1
1863.065206439291	0.6	12.5	1
1882.4027284428623	0.6	11.9	1
1903.0402504464337	0.6	12.7	1
1933.915294453575	0.4	6.3	1
1943.5028164571463	0.4	5.9	1
1972.4278604642882	0.6	11.9	1
1982.9903824678597	0.4	6.5	1
2002.327904471431	0.6	11.9	1
2041.652948478573	0.6	12.3	1
2051.5654704821445	0.4	6.1	1
2081.465514489287	0.6	12.3	1
2101.1280364928584	0.6	12.1	1
2121.4405584964297	0.6	12.5	1
2142.0780805000013	0.6	12.7	1
2162.3906025035726	0.6	12.5	1
2172.628124507144	0.4	6.3	1
2182.2156465107155	0.4	5.9	1
2201.715690517857	0.4	6.1	1
2211.9532125214287	0.4	6.3	1
2222.8407345250002	0.4	6.7	1
2242.5032565285715	0.6	12.1	1
2273.0533005357142	0.4	6.7	1
2283.2908225392857	0.4	6.3	1
2302.628344542857	0.6	11.9	1
2341.953388549999	0.6	12.3	1
2351.5409105535705	0.4	5.9	1
2361.128432557142	0.4	5.9	1
2381.440954560713	0.6	12.5	1
2401.1034765642844	0.6	12.1	1
2440.428520571427	0.6	12.1	1
2461.0660425749984	0.6	12.7	1
2491.9410865821396	0.4	6.3	1
2502.178608585711	0.4	6.3	1
2531.7536525928545	0.6	11.9	1
2552.0661745964258	0.6	12.5	1
2562.3036965999972	0.4	6.3	1
2582.2912186035687	0.6	12.3	1
2612.191262610712	0.4	6.1	1
2632.1787846142834	0.6	12.3	1
2662.0788286214265	0.4	6.1	1
2671.9913506249977	0.4	6.1	1
2701.2413946321403	0.6	11.9	1
2721.228916635712	0.6	12.3	1
2752.1039606428553	0.4	6.7	1
2803.2915266535683	0.6	12.5	1
2823.27904865714	0.6	12.3	1
2853.179092664283	0.4	6.1	1
2863.4166146678544	0.4	6.3	1
2874.304136671426	0.4	6.7	1
2885.1916586749976	0.4	6.7	1
2904.529180678569	0.6	11.9	1
2925.1667026821406	0.6	12.7	1
2935.079224685712	0.4	6.1	1
2965.6292686928546	0.6	12.7	1
2985.941790696426	0.6	12.5	1
2995.854312699997	0.4	6.1	1
3015.5168347035683	0.6	12.1	1
3035.50435670714	0.6	12.3	1
3055.4918787107113	0.6	12.3	1
3085.7169227178547	0.4	6.3	1
3106.3544447214263	0.6	12.7	1
3115.9419667249977	0.4	5.9	1
3136.0920107321394	0.4	6.5	1
3146.0045327357107	0.4	6.1	1
3155.917054739282	0.4	6.1	1
3176.3920987464244	0.4	6.5	1
3187.279620749996	0.4	6.7	1
3218.479664757137	0.6	12.5	1
3238.7921867607083	0.6	12.5	1
3249.3547087642796	0.4	6.5	1
