42.3538109	0.6	12.1	1
84.0076218	0.6	11.9	1
128.4614327	0.6	12.7	1
172.21524359999998	0.6	12.5	1
193.5690545	0.4	6.1	1
215.6228654	0.4	6.3	1
260.0766763	0.6	12.7	1
301.73048719999997	0.6	11.9	1
344.08429809999996	0.6	12.1	1
428.79191990000004	0.6	12.1	1
450.1457308	0.4	6.1	1
491.7995417	0.6	11.9	1
515.2533526	0.4	6.7	1
537.3071635	0.4	6.3	1
558.6609744	0.4	6.1	1
579.3147853	0.4	5.9	1
622.7224071000003	0.4	6.5	1
666.4762180000002	0.6	12.5	1
708.8300289000002	0.6	12.1	1
794.2376507000004	0.6	12.3	1
837.2914616000004	0.6	12.3	1
881.7452725000004	0.6	12.7	1
905.1990834000004	0.4	6.7	1
925.8528943000005	0.4	5.9	1
949.3067052000005	0.4	6.7	1
993.7605161000005	0.6	12.7	1
1061.6681379000001	0.4	6.7	1
1084.4219488	0.4	6.5	1
1106.4757597	0.4	6.3	1
1149.5295706	0.6	12.3	1
1191.1833815	0.6	11.9	1
1212.5371924	0.4	6.1	1
1278.3448142000002	0.6	12.7	1
1300.3986251000001	0.4	6.3	1
1344.152436	0.6	12.5	1
1388.6062469	0.6	12.7	1
1433.0600578	0.6	12.7	1
1474.7138687000001	0.6	11.9	1
1496.7676796	0.4	6.3	1
1519.5214905	0.4	6.5	1
1563.2753014	0.6	12.5	1
1607.0291123	0.6	12.5	1
1629.0829231999999	0.4	6.3	1
