38.1038109	0.6	12.7	1
76.2076218	0.6	12.7	1
96.3114327	0.4	6.7	1
114.01524359999999	0.4	5.9	1
134.1190545	0.4	6.7	1
170.4228654	0.6	12.1	1
226.83048719999994	0.4	6.7	1
246.33429809999993	0.4	6.5	1
284.74191990000014	0.4	6.3	1
303.0457308000001	0.4	6.1	1
321.9495417000001	0.4	6.3	1
360.0533526000001	0.6	12.7	1
377.7571635000001	0.4	5.9	1
415.2609744000001	0.6	12.5	1
432.96478530000013	0.4	5.9	1
451.2685962000001	0.4	6.1	1
488.7724071000001	0.6	12.5	1
526.8762180000001	0.6	12.7	1
546.3800289000001	0.4	6.5	1
584.4838398	0.6	12.7	1
620.1876507000001	0.6	11.9	1
658.2914616	0.6	12.7	1
732.0990834000002	0.6	11.9	1
770.2028943000001	0.6	12.7	1
807.1067052000002	0.6	12.3	1
844.6105161000002	0.6	12.5	1
863.5143270000002	0.4	6.3	1
900.4181379000003	0.6	12.3	1
936.1219488000003	0.6	11.9	1
972.4257597000003	0.6	12.1	1
991.9295706000003	0.4	6.5	1
1029.4333815000002	0.6	12.5	1
1065.7371924000001	0.6	12.1	1
1102.0410033	0.6	12.1	1
1176.448625100001	0.6	12.7	1
1212.752436000001	0.6	12.1	1
1249.0562469000008	0.6	12.1	1
1268.5600578000008	0.4	6.5	1
1304.2638687000008	0.6	11.9	1
1339.9676796000008	0.6	11.9	1
1358.2714905000007	0.4	6.1	1
1394.2791123000015	0.4	5.9	1
1430.5829232000015	0.6	12.1	1
1450.6867341000016	0.4	6.7	1
1487.5905450000016	0.6	12.3	1
1523.2943559000016	0.6	11.9	1
1540.9981668000016	0.4	5.9	1
1559.3019777000015	0.4	6.1	1
1578.2057886000016	0.4	6.3	1
1613.9095995000016	0.6	11.9	1
1652.0134104000017	0.6	12.7	1
1687.7172213000017	0.6	11.9	1
1725.8210322000018	0.6	12.7	1
1782.2286540000018	0.4	6.1	1
