18.906722957142858	0.4	6.3	1
37.813445914285715	0.4	6.3	1
56.120168871428575	0.4	6.1	1
76.22689182857144	0.4	6.7	1
114.3336147857143	0.6	12.7	1
132.04033774285716	0.4	5.9	1
187.25378365714283	0.6	12.5	1
204.9605066142857	0.4	5.9	1
223.86722957142854	0.4	6.3	1
260.17395252857136	0.6	12.1	1
297.0806754857142	0.6	12.3	1
335.18739844285705	0.6	12.7	1
410.20084435714256	0.6	12.3	1
445.9075673142854	0.6	11.9	1
482.81429027142826	0.6	12.3	1
502.9210132285711	0.4	6.7	1
541.0277361857139	0.6	12.7	1
578.5344591428568	0.6	12.5	1
596.2411820999996	0.4	5.9	1
616.3479050571425	0.4	6.7	1
653.8546280142854	0.6	12.5	1
691.3613509714282	0.6	12.5	1
748.3747968857143	0.4	6.5	1
766.0815198428572	0.4	5.9	1
784.9882428000001	0.4	6.3	1
840.8016887142858	0.6	12.3	1
916.7218575857144	0.4	6.7	1
1010.9487494142855	0.4	6.1	1
1142.0823641999991	0.6	12.3	1
1178.989087157142	0.6	12.3	1
1215.295810114285	0.6	12.1	1
1235.4025330714278	0.4	6.7	1
1254.3092560285706	0.4	6.3	1
1290.0159789857134	0.6	11.9	1
1308.9227019428563	0.4	6.3	1
1345.2294248999992	0.6	12.1	1
1364.736147857142	0.4	6.5	1
1402.8428708142849	0.6	12.7	1
1438.5495937714277	0.6	11.9	1
1511.1630396857126	0.6	12.3	1
1530.0697626428555	0.4	6.3	1
1549.5764855999983	0.4	6.5	1
1587.6832085571411	0.6	12.7	1
1605.989931514284	0.4	6.1	1
1623.6966544714269	0.4	5.9	1
1641.4033774285697	0.4	5.9	1
1659.7101003857126	0.4	6.1	1
1679.8168233428555	0.4	6.7	1
1717.630269257142	0.4	5.9	1
1754.5369922142847	0.6	12.3	1
1809.1504381285704	0.4	5.9	1
1829.2571610857133	0.4	6.7	1
1848.763884042856	0.4	6.5	1
1886.2706069999988	0.6	12.5	1
