17.34005629047619	0.4	6.5	1
33.08011258095238	0.4	5.9	1
49.3535022047619	0.4	6.1	1
83.22689182857142	0.6	12.7	1
150.44033774285714	0.6	12.5	1
166.71372736666666	0.4	6.1	1
199.5204503238095	0.6	12.3	1
233.39383994761903	0.6	12.7	1
250.7338962380952	0.4	6.5	1
267.00728586190473	0.4	6.1	1
298.74734215238095	0.6	11.9	1
346.22745473333305	0.4	5.9	1
380.1008443571426	0.6	12.7	1
430.78095693809456	0.4	6.3	1
448.6543465619041	0.4	6.7	1
482.52773618571365	0.6	12.7	1
516.4011258095231	0.6	12.7	1
549.7411820999994	0.6	12.5	1
566.5479050571422	0.4	6.3	1
598.8212946809517	0.6	12.1	1
630.5613509714279	0.6	11.9	1
664.4347405952375	0.6	12.7	1
681.2414635523803	0.4	6.3	1
714.0481865095231	0.6	12.3	1
731.3882427999994	0.4	6.5	1
764.4683553809509	0.4	5.9	1
796.2084116714271	0.6	11.9	1
813.01513462857	0.4	6.3	1
844.7551909190462	0.6	11.9	1
877.0285805428557	0.6	12.1	1
894.9019701666653	0.4	6.7	1
927.1753597904748	0.6	12.1	1
958.915416080951	0.6	11.9	1
992.2554723714272	0.6	12.5	1
1026.1288619952368	0.6	12.7	1
1058.9355849523797	0.6	12.3	1
1075.2089745761891	0.4	6.1	1
1107.2224204904749	0.4	5.9	1
1124.0291434476178	0.4	6.3	1
1157.9025330714273	0.6	12.7	1
1173.6425893619034	0.4	5.9	1
1190.9826456523797	0.4	6.5	1
1224.322701942856	0.6	12.5	1
1256.5960915666656	0.6	12.1	1
1273.4028145238085	0.4	6.3	1
1306.7428708142847	0.6	12.5	1
1323.0162604380944	0.4	6.1	1
1356.3563167285706	0.6	12.5	1
1389.1630396857136	0.6	12.3	1
1422.5030959761898	0.6	12.5	1
1438.7764855999994	0.4	6.1	1
1472.1165418904757	0.6	12.5	1
1537.196654471427	0.6	11.9	1
1570.00337742857	0.6	12.3	1
1636.683490009522	0.6	12.7	1
1668.9568796333315	0.6	12.1	1
1700.6969359238076	0.6	11.9	1
1750.310381838094	0.4	6.7	1
1766.05043812857	0.4	5.9	1
1797.530550709523	0.4	5.9	1
1844.7507195809526	0.4	5.9	1
1862.0907758714288	0.4	6.5	1
1895.430832161905	0.6	12.5	1
1928.7708884523813	0.6	12.5	1
