67.2	0.5	3.2	1
138.60000000000002	0.26	0.2	1
216.3	0.3	0.3	1
321.3	0.59	1.3	1
428.4	0.87	0.1	1
543.9	0.21	0.4	1
711.9	0.62	2.5	1
911.4	0.53	1.5	1
1115.1	0.32	0.2	1
1376.6	0.57	2.8	1
1648.6	0.15	0.5	1
1973.1	0.66	2.5	1
2312.2999999999997	0.09	0.7	1
2666.2	0.09	0.7	1
3024.2999999999997	0.34	0.2	1
3407.6	0.66	1.2	1
3795.1	0.24	0.2	1
4245.6	0.51	3.0	1
4744.400000000001	0.69	2.3	1
5289.400000000001	0.71	2.2	1
5859.6	0.66	1.2	1
6501.200000000001	0.47	3.4	1
7157.500000000001	0.1	0.7	1
7822.200000000001	0.14	0.4	1
8491.1	0.36	0.2	1
9164.2	0.33	0.2	1
9894.0	0.58	2.7	1
10676.3	0.65	2.5	1
11462.8	0.37	0.2	1
12251.4	0.83	0.1	1
13052.6	0.11	0.6	1
13862.2	0.15	0.4	1
14718.0	0.74	2.2	1
15578.0	0.26	0.2	1
16477.9	0.44	1.9	1
17430.300000000003	0.62	2.5	1
18386.9	0.47	0.2	1
19358.2	0.09	0.7	1
20335.8	0.21	0.3	1
21374.3	0.55	2.9	1
22420.2	0.16	0.4	1
23470.3	0.27	0.2	1
24522.5	0.39	0.1	1
