0.8067	0.32	0.3	1
10.953399999999998	0.46	3.5	1
21.906799999999997	0.27	0.3	1
33.6669	0.26	0.3	1
53.4337	0.5	3.0	1
73.7405	0.31	0.2	1
93.5873	0.32	0.2	1
119.3075	0.06	2.2	1
145.83440000000002	0.24	0.3	1
175.568	0.61	1.2	1
205.84160000000003	0.34	0.2	1
237.98860000000002	0.1	0.7	1
271.209	0.14	0.4	1
310.5694	0.06	2.3	1
351.80319999999995	0.1	0.7	1
394.37699999999995	0.15	0.5	1
437.22419999999994	0.61	0.1	1
481.1447999999999	0.17	0.4	1
529.0720999999999	0.56	1.5	1
578.8727999999999	0.1	0.7	1
628.9468999999999	0.84	0.1	1
683.2943999999999	0.5	1.6	1
738.1818999999999	0.31	0.2	1
794.9427999999999	0.09	0.7	1
852.7770999999999	0.14	0.4	1
917.8181	0.55	2.7	1
984.4658	0.11	0.6	1
1058.0535	0.65	2.6	1
1132.1812	0.46	0.2	1
1214.3156	0.52	3.0	1
1297.79	0.12	0.5	1
1382.6044	0.13	0.5	1
1470.3588	0.75	1.1	1
1558.6532	0.36	0.2	1
1650.421	0.59	1.3	1
1743.2622000000001	0.14	0.4	1
1837.9768000000001	0.09	0.7	1
1934.5648	0.08	0.7	1
2035.6928	0.45	1.7	1
2137.0942	0.74	0.1	1
2238.7690000000002	0.61	0.1	1
2346.8505000000005	0.63	2.4	1
2457.8720000000003	0.71	1.1	1
2569.4335	0.25	0.2	1
2681.2684	0.76	0.1	1
2799.7767	0.62	2.5	1
2920.1584	0.09	0.7	1
3042.4134999999997	0.09	0.7	1
3171.6085999999996	0.61	2.6	1
3301.3436999999994	0.3	0.2	1
3439.0854999999992	0.56	3.0	1
3577.633999999999	0.2	0.3	1
3724.189199999999	0.53	3.0	1
3871.351099999999	0.11	0.6	1
