9.34	0.44	3.5	1
19.4867	0.28	0.3	1
31.240099999999998	0.1	0.6	1
44.0669	0.18	0.4	1
58.7671	0.1	0.7	1
74.5407	0.23	0.4	1
90.8543	0.28	0.2	1
108.50789999999999	0.17	0.5	1
133.9682	0.5	3.3	1
159.7019	0.58	0.1	1
186.7756	0.14	0.5	1
215.456	0.1	0.6	1
247.60979999999998	0.65	1.3	1
288.837	0.48	3.4	1
331.67089999999996	0.11	0.6	1
382.24479999999994	0.56	2.9	1
438.95869999999996	0.73	2.3	1
496.21259999999995	0.3	0.2	1
554.2732	0.27	0.3	1
619.2737999999999	0.64	2.6	1
685.6143999999999	0.16	0.5	1
752.4949999999999	0.43	0.2	1
820.4489999999998	0.15	0.4	1
888.6763999999998	0.73	0.1	1
964.1104999999998	0.6	2.7	1
1040.0845999999997	0.37	0.2	1
1117.6653999999996	0.1	0.6	1
1196.3195999999996	0.14	0.4	1
1284.0471999999995	0.48	3.4	1
1374.1814999999995	0.07	0.9	1
1465.3891999999994	0.14	0.4	1
1557.6702999999993	0.14	0.4	1
1651.0247999999992	0.15	0.4	1
1745.4526999999991	0.15	0.4	1
1840.953999999999	0.16	0.4	1
1940.461999999999	0.56	1.5	1
2041.843399999999	0.08	0.7	1
2151.764799999999	0.5	3.2	1
2268.092899999999	0.63	2.4	1
2390.8276999999994	0.67	2.4	1
2521.8358999999996	0.54	3.1	1
2663.7840999999994	0.4	4.1	1
2807.0722999999994	0.13	0.5	1
2957.0338999999994	0.6	2.5	1
3107.2688999999996	0.88	0.1	1
3262.8438999999994	0.07	2.0	1
3418.9588999999996	0.36	0.2	1
3576.9473	0.09	0.7	1
3735.2091	0.75	0.1	1
3894.5443	0.16	0.4	1
4053.1529	0.84	0.1	1
