2.9333	0.7	1.1	1
6.6666	0.24	0.3	1
10.9332	0.28	0.2	1
15.7998	0.12	0.6	1
22.533099999999997	0.1	0.7	1
38.5997	0.45	3.5	1
55.9996	0.15	0.5	1
81.3995	0.54	3.0	1
107.0661	0.88	0.1	1
140.466	0.56	2.9	1
174.66590000000002	0.24	0.3	1
210.19910000000002	0.14	0.5	1
246.2656	0.3	0.2	1
283.9321	0.11	0.6	1
322.6653	0.14	0.4	1
367.5318	0.71	2.3	1
413.73159999999996	0.12	0.5	1
461.7981	0.09	0.7	1
511.1979	0.12	0.5	1
566.1977	0.76	2.1	1
623.0642	0.09	0.7	1
681.5307	0.12	0.6	1
741.3305	0.13	0.5	1
802.197	0.14	0.4	1
863.8635	0.19	0.3	1
925.7967000000001	0.82	0.1	1
988.2632000000001	0.36	0.2	1
1051.2630000000001	0.29	0.2	1
1115.5961000000002	0.12	0.5	1
1180.4625	0.39	0.2	1
1246.9289	0.1	0.6	1
1314.7286000000001	0.13	0.5	1
1383.5950000000003	0.14	0.4	1
1453.5281000000002	0.15	0.4	1
1533.0612	0.45	3.6	1
1613.1276	0.34	0.2	1
1693.7273	0.58	0.2	1
1775.3937	0.15	0.4	1
1863.1934	0.69	2.3	1
1951.5264000000002	0.31	0.2	1
2040.3927	0.35	0.2	1
2127.3257000000003	0.19	0.4	1
