0.45	0.39	0.2	1
2.025	0.14	0.5	1
4.725	0.13	0.5	1
9.0	0.09	0.7	1
15.975000000000001	0.67	1.2	1
24.075000000000003	0.13	0.5	1
33.300000000000004	0.13	0.5	1
43.650000000000006	0.14	0.5	1
54.12500000000001	0.13	0.5	1
65.95	0.11	0.6	1
79.35	0.1	0.7	1
98.14999999999999	0.65	2.4	1
117.39999999999999	0.29	0.2	1
143.17499999999998	0.55	2.9	1
170.29999999999998	0.1	0.6	1
197.64999999999998	0.8	0.1	1
225.89999999999998	0.14	0.4	1
261.125	0.48	3.1	1
297.475	0.12	0.5	1
347.77500000000003	0.26	6.2	1
398.3	0.74	0.1	1
452.2	0.53	1.5	1
506.55	0.43	0.2	1
561.35	0.29	0.2	1
616.6	0.35	0.2	1
675.9	0.45	1.8	1
736.775	0.09	0.7	1
802.6	0.7	2.2	1
869.5500000000001	0.13	0.5	1
941.6750000000001	0.35	2.3	1
1014.7	0.15	0.4	1
1088.175	0.25	0.2	1
1162.7749999999999	0.14	0.5	1
1242.9999999999998	0.32	2.5	1
1328.1749999999997	0.72	2.2	1
1416.2749999999996	0.06	1.3	1
1509.5499999999997	0.71	2.3	1
1608.6749999999997	0.63	2.6	1
1716.3499999999997	0.41	3.8	1
1825.1499999999996	0.11	0.5	1
1942.7249999999997	0.42	3.9	1
2061.2	0.15	0.4	1
2186.2	0.58	2.9	1
2312.325	0.13	0.5	1
2443.625	0.66	2.3	1
2576.05	0.15	0.5	1
2710.05	0.09	0.7	1
2847.425	0.51	1.5	1
2985.925	0.13	0.5	1
3124.65	0.84	0.1	1
3263.8250000000003	0.37	0.2	1
3408.8500000000004	0.57	2.6	1
3554.3250000000003	0.38	0.2	1
3708.5750000000003	0.45	3.9	1
3868.4500000000003	0.61	2.5	1
4027.55	0.67	0.1	1
