5.6833	0.49	3.1	1
15.0333	0.78	2.0	1
26.5833	0.65	1.2	1
41.0666	0.49	1.6	1
57.3832	0.85	1.0	1
75.26650000000001	0.6	1.4	1
97.3665	0.73	2.3	1
124.7832	0.57	2.9	1
158.2499	0.5	3.3	1
195.7499	0.76	2.2	1
238.01659999999998	0.63	2.6	1
283.95	0.41	2.0	1
336.3001	0.47	3.5	1
390.1169	0.07	0.8	1
450.3504	0.44	3.5	1
516.0839	0.54	3.0	1
586.2174	0.67	2.4	1
659.1009	0.52	1.5	1
736.3844	0.67	2.4	1
820.2679	0.43	3.6	1
905.9847000000001	0.82	1.0	1
994.2682000000001	0.05	1.4	1
1087.135	0.66	2.5	1
1184.9518	0.58	2.7	1
1289.7353	0.42	3.8	1
1399.4688	0.61	2.7	1
1514.1523000000002	0.6	2.7	1
1631.4025000000001	0.56	1.4	1
1753.6027000000001	0.63	2.7	1
1880.7529000000002	0.61	2.7	1
2009.7364000000002	0.79	1.0	1
2144.4032	0.51	3.1	1
2282.7367000000004	0.41	2.0	1
2426.3869000000004	0.56	2.9	1
2571.8704000000002	0.73	1.0	1
2721.7539	0.67	2.4	1
2876.4041	0.61	2.6	1
3035.0876000000003	0.75	2.2	1
3200.0044000000003	0.47	3.4	1
3369.1379	0.72	2.3	1
3543.7714	0.51	3.0	1
3722.8049	0.69	2.4	1
3903.3051	0.09	0.8	1
4090.4053	0.46	3.6	1
4282.0887999999995	0.65	2.5	1
4479.2723	0.53	3.0	1
4682.6891	0.47	3.4	1
4890.8726	0.63	2.6	1
5102.0894	0.76	2.2	1
5308.6062	0.86	1.8	1
