0.4308	0.29	0.3	1
1.1507	0.3	0.2	1
2.5846999999999998	0.13	0.5	1
5.0161999999999995	0.1	0.7	1
10.7118	0.66	2.3	1
16.8382	0.21	0.3	1
23.395400000000002	0.29	0.3	1
30.808400000000002	0.13	0.6	1
41.202200000000005	0.76	2.1	1
54.710100000000004	0.58	2.9	1
69.7821	0.69	1.1	1
85.0016	0.36	0.1	1
100.5102	0.46	0.2	1
117.8663	0.61	1.3	1
135.5115	0.33	0.2	1
155.4292	0.5	1.6	1
179.461	0.57	2.9	1
206.61530000000002	0.71	2.2	1
234.76710000000003	0.11	0.7	1
263.208	0.34	0.2	1
295.47970000000004	0.6	2.7	1
336.82390000000004	0.02	6.4	1
381.4322	0.7	2.3	1
429.588	0.62	2.5	1
478.03290000000004	0.35	0.2	1
530.4503000000001	0.58	2.8	1
588.8235000000001	0.38	4.2	1
647.4858	0.34	0.2	1
706.7206	0.18	0.4	1
771.0612	0.45	3.6	1
835.5493	0.44	0.1	1
900.1849	0.44	0.1	1
968.5096	0.62	2.6	1
1037.2651	0.24	0.3	1
1109.2847000000002	0.67	2.3	1
1183.2934000000002	0.55	1.4	1
1262.9746000000002	0.4	4.0	1
1343.3699000000001	0.12	0.5	1
1429.0127000000002	0.44	3.7	1
1515.6530000000002	0.1	0.7	1
1606.5491000000002	0.54	3.0	1
1697.7343	0.36	0.2	1
1789.067	0.33	0.1	1
1880.5472	0.43	0.1	1
1972.5999	0.15	0.4	1
2064.9417	0.34	0.2	1
2162.2475999999997	0.5	3.5	1
2259.8425999999995	0.32	0.2	1
2360.8433999999993	0.67	2.4	1
2465.391699999999	0.66	2.5	1
2570.087499999999	0.88	0.1	1
2675.072399999999	0.34	0.2	1
2780.9130999999993	0.11	0.6	1
2894.4095999999995	0.15	5.4	1
3008.1951999999997	0.35	0.2	1
3124.6782999999996	0.45	1.9	1
3241.4504999999995	0.26	0.2	1
