0.5391	0.18	0.4	1
5.217300000000001	0.5	3.1	1
14.568000000000001	0.48	3.5	1
24.3245	0.24	0.3	1
34.4868	0.27	0.3	1
47.4549	0.35	2.1	1
63.3621	0.74	2.2	1
79.6751	0.31	0.3	1
99.0606	0.65	2.3	1
117.7186	0.3	0.2	1
140.6491	0.51	3.2	1
163.7187	0.8	0.1	1
190.5274	0.57	2.8	1
218.67520000000002	0.74	1.0	1
247.09550000000002	0.37	0.2	1
279.1216	0.57	2.7	1
311.4202	0.35	0.2	1
343.9913	0.32	0.2	1
379.6349	0.73	2.3	1
418.08430000000004	0.76	2.1	1
456.67280000000005	0.86	0.1	1
495.53380000000004	0.36	0.2	1
538.5339	0.53	3.1	1
584.6065	0.69	2.3	1
632.8181999999999	0.04	1.6	1
689.8357	0.24	6.6	1
749.5256999999999	0.42	2.0	1
809.3548	0.39	0.1	1
869.4563999999999	0.29	0.2	1
929.6970999999999	0.81	0.1	1
990.0768999999999	0.38	0.1	1
1053.5292	0.69	2.3	1
1117.254	0.31	0.2	1
1181.2513	0.35	0.2	1
1248.0544	0.78	2.1	1
1315.2633	0.22	0.3	1
1382.7447	0.32	0.2	1
1453.0319	0.77	2.1	1
1523.4582	0.82	0.1	1
1594.8236	0.09	0.7	1
1666.7281	0.15	0.4	1
1741.3051	0.42	2.0	1
1816.1546	0.3	0.2	1
1891.2766000000001	0.4	0.2	1
1966.5377	0.47	0.1	1
2042.0713	0.48	0.2	1
2120.6774	0.71	2.3	1
2199.556	0.38	0.2	1
2278.5737	0.45	0.1	1
2361.9972	0.46	3.3	1
2445.6931999999997	0.28	0.2	1
2529.6616999999997	0.29	0.2	1
2613.9026999999996	0.32	0.2	1
2701.3495	0.69	2.4	1
2789.7353999999996	0.1	0.7	1
2878.7937999999995	0.14	0.5	1
2968.1246999999994	0.37	0.2	1
3058.2613999999994	0.1	0.6	1
3148.6705999999995	0.38	0.2	1
3239.7522999999997	0.13	0.5	1
3330.9730999999997	0.73	0.1	1
3424.5996999999998	0.47	1.8	1
3522.0987999999998	0.55	2.9	1
3619.8704	0.52	0.2	1
3719.9145	0.09	1.7	1
3823.4311	0.63	2.6	1
3927.0867999999996	0.59	0.1	1
4035.5482999999995	0.44	3.6	1
4145.615599999999	0.66	1.2	1
4260.621999999999	0.44	3.7	1
4376.300899999999	0.15	0.5	1
4495.052299999999	0.67	2.3	1
4617.809499999999	0.51	3.0	1
4745.105799999999	0.47	3.4	1
4875.941199999999	0.48	3.4	1
