8.8	0.08	0.8	1
49.5	0.54	2.9	1
93.5	0.31	0.3	1
137.6	0.67	0.1	1
182.8	0.9	0.1	1
229.10000000000002	0.4	0.1	1
277.6	0.29	0.2	1
360.20000000000005	0.48	3.1	1
473.6	0.57	2.8	1
599.1	0.75	1.1	1
762.0	0.48	3.4	1
943.6	0.5	1.7	1
1165.9	0.45	3.7	1
1400.3000000000002	0.67	1.1	1
1635.8000000000002	0.61	0.1	1
1873.5000000000002	0.37	0.2	1
2112.3	0.62	0.1	1
2352.2000000000003	0.84	0.1	1
2593.2000000000003	0.53	0.1	1
2835.3	0.73	0.1	1
3078.5	0.47	0.1	1
3322.8	0.77	0.1	1
3568.2000000000003	0.65	0.1	1
3814.7000000000003	0.5	0.1	1
4062.3	0.74	0.1	1
4311.0	0.59	0.1	1
4560.8	0.81	0.1	1
4811.7	0.75	0.1	1
5063.7	0.67	0.1	1
5316.8	0.36	0.1	1
5570.0	0.45	0.1	1
5824.3	0.59	0.1	1
6079.7	0.4	0.1	1
6336.2	0.61	0.1	1
6591.8	0.62	0.1	1
