0.6067	0.56	0.2	1
2.1201	0.26	0.3	1
4.5402000000000005	0.27	0.3	1
8.467	0.12	0.5	1
19.8005	0.56	2.8	1
31.7407	0.28	0.2	1
44.2876	0.39	0.2	1
57.441199999999995	0.33	0.2	1
71.2015	0.34	0.2	1
85.5685	0.32	0.2	1
100.54220000000001	0.36	0.2	1
116.4226	0.18	0.3	1
139.5097	0.7	2.4	1
172.5035	0.47	3.3	1
206.404	0.17	0.3	1
240.9112	0.46	0.2	1
276.0251	0.34	0.2	1
316.8457	0.43	1.9	1
358.273	0.28	0.2	1
400.307	0.36	0.2	1
442.9477	0.34	0.2	1
486.1951	0.36	0.2	1
530.6492000000001	0.14	0.4	1
575.71	0.34	0.2	1
621.3775	0.41	0.2	1
667.6517	0.37	0.2	1
714.5326	0.35	0.2	1
760.7202	0.47	0.1	1
807.8145	0.23	0.3	1
855.2154999999999	0.39	0.1	1
