1.6067	0.12	0.6	1
5.0868	0.1	0.7	1
8.1069	0.38	0.2	1
12.200399999999998	0.15	0.4	1
17.633899999999997	0.14	0.5	1
24.4074	0.15	0.5	1
32.7876	0.12	0.6	1
47.8412	0.66	2.5	1
64.2348	0.15	0.5	1
87.0351	0.67	2.4	1
117.5754	0.51	2.9	1
151.8557	0.55	1.4	1
194.67600000000002	0.51	3.2	1
239.103	0.1	0.6	1
284.3367	0.22	0.3	1
330.6438	0.14	0.4	1
379.8909	0.68	1.1	1
439.5447	0.42	3.9	1
507.2052	0.55	3.0	1
581.0056999999999	0.67	2.3	1
663.0795999999999	0.51	3.1	1
746.2268999999999	0.15	0.4	1
829.6475999999999	0.46	0.1	1
914.4082999999998	0.12	0.5	1
1000.7756999999998	0.11	0.6	1
1087.6830999999997	0.27	0.2	1
1175.3971999999997	0.18	0.3	1
1263.6512999999995	0.34	0.2	1
1352.9787999999996	0.14	0.4	1
1450.0462999999995	0.28	2.9	1
1553.7871999999995	0.65	2.5	1
1658.8680999999995	0.13	0.5	1
1772.7556999999995	0.47	3.3	1
1887.9832999999994	0.14	0.5	1
2004.5508999999995	0.13	0.5	1
