1170.0	0.2	4.5	1
3506.0	0.2	4.5	1
6225.0	0.2	1.5	1
10312.0	0.2	5.3	1
14774.0	0.2	1.5	1
20445.0	0.2	4.7	1
27334.0	0.2	4.7	1
35393.0	0.2	4.5	1
44720.0	0.2	4.9	1
54431.0	0.2	1.5	1
64936.5	0.4	5.9	1
76137.0	0.2	2.75	1
88706.5	0.2	5.3	1
102489.0	0.2	4.7	1
116979.5	0.2	2.75	1
131845.0	0.2	1.5	1
147505.0	0.4	5.9	1
164489.0	0.2	5.1	1
182634.0	0.2	4.5	1
202208.0	0.2	5.5	1
222566.5	0.4	5.9	1
243301.0	0.2	1.5	1
265406.5	0.2	5.3	1
288882.0	0.2	5.3	1
313731.5	0.2	5.3	1
339894.0	0.2	5.1	1
366853.0	0.4	5.9	1
394515.0	0.2	2.75	1
423207.0	0.2	4.0	1
452249.0	0.2	1.5	1
482564.0	0.2	4.9	1
514198.0	0.2	5.1	1
546866.0	0.2	4.0	1
580800.0	0.2	4.9	1
616103.0	0.2	5.3	1
652576.0	0.2	4.5	1
690218.0	0.2	4.5	1
728246.0	0.2	1.5	1
767494.0	0.2	4.7	1
808008.0	0.2	4.9	1
849831.0	0.2	5.1	1
892439.5	0.4	5.9	1
936269.0	0.2	4.7	1
981130.5	0.2	4.0	1
1027422.0	0.2	5.5	1
1075085.5	0.2	5.3	1
1124121.0	0.2	5.3	1
1174520.5	0.2	5.3	1
1225295.0	0.2	1.5	1
1277285.5	0.2	4.7	1
1330705.0	0.2	5.5	1
