28.811250842289184	0.2	1.5	1
106.4375257644895	0.2	2.75	1
235.87882476660093	0.2	2.75	1
418.13514784862343	0.2	2.75	1
668.210268248179	0.2	4.0	1
942.0966394900238	0.2	1.5	1
1301.4033173444504	0.2	4.5	1
1710.5250192787882	0.2	2.75	1
2202.067027825708	0.2	4.5	1
2779.0293429852095	0.2	4.5	1
3442.2525684753123	0.2	4.7	1
4182.294591282948	0.2	4.0	1
5008.756920703166	0.2	4.5	1
5861.030500965672	0.2	1.5	1
6797.724387840761	0.2	4.5	1
7822.679185046451	0.2	4.7	1
8934.894892582743	0.2	4.7	1
10075.921850961324	0.2	1.5	1
11268.763833419815	0.2	2.75	1
12545.026122490888	0.2	4.5	1
13905.549321892562	0.2	4.7	1
15355.333431624838	0.2	4.7	1
16894.378451687717	0.2	4.7	1
18509.242269068127	0.2	4.0	1
20213.36699677914	0.2	4.7	1
21945.30297533244	0.2	1.5	1
23730.053977965654	0.2	2.75	1
25589.623777916397	0.2	4.0	1
27538.45448819774	0.2	4.7	1
29513.096449321376	0.2	1.5	1
31576.999320775612	0.2	4.7	1
33721.32249884243	0.2	4.5	1
35941.464474226785	0.2	4.0	1
38190.41770045343	0.2	1.5	1
40528.63183701067	0.2	4.7	1
42895.6572244102	0.2	1.5	1
45348.102918422315	0.2	4.5	1
47883.96891904701	0.2	4.5	1
50492.65371698924	0.2	4.0	1
53191.599425262066	0.2	4.7	1
55937.36015761481	0.2	2.75	1
58751.93968728508	0.2	4.0	1
61594.33046779764	0.2	1.5	1
64513.540045627735	0.2	4.0	1
67508.56842077537	0.2	4.0	1
70532.40804676528	0.2	1.5	1
73638.66797936778	0.2	4.5	1
76832.18882230087	0.2	4.7	1
80072.52468931388	0.2	2.75	1
83399.1214666575	0.2	4.7	1
86801.53704131865	0.2	4.0	1
90292.2135263104	0.2	4.7	1
93858.70880861967	0.2	4.0	1
97497.02288824649	0.2	4.0	1
101210.15576519084	0.2	4.0	1
104971.1036662151	0.2	2.75	1
108782.86659131927	0.2	2.75	1
112677.89042675403	0.2	4.7	1
116647.73305950634	0.2	4.0	1
120702.99599887122	0.2	4.5	1
124838.6792448487	0.2	4.5	1
129047.18128814369	0.2	4.0	1
133341.9442417693	0.2	4.7	1
137689.5222194748	0.2	2.75	1
142086.91522126022	0.2	2.75	1
146511.11947388793	0.2	1.5	1
151021.74403312823	0.2	4.5	1
155617.62950269913	0.2	4.7	1
160297.93527888262	0.2	4.5	1
165002.05230590838	0.2	1.5	1
169734.98058377643	0.2	1.5	1
174554.16977197508	0.2	4.7	1
179425.17398425366	0.2	2.75	1
184386.43910686285	0.2	4.7	1
189423.52302678954	0.2	4.0	1
194544.86785704683	0.2	4.7	1
199751.47359763473	0.2	4.7	1
205043.49964483522	0.2	4.5	1
210421.7866023663	0.2	4.7	1
215884.49386651	0.2	4.5	1
