14.140056290476192	0.2	5.3	1
29.880112580952385	0.4	5.9	1
70.42689182857146	0.4	9.3	1
74.43361478571431	0.2	1.5	1
101.90700440952384	0.6	10.3	1
123.5137273666667	0.4	8.1	1
135.52045032380957	0.2	4.5	1
146.1938399476191	0.2	4.0	1
236.20056290476197	0.8	33.75	1
265.8072858619048	0.6	11.1	1
297.01400881904766	0.6	11.7	1
324.48739844285717	0.6	10.3	1
350.3607880666667	0.4	9.7	1
364.5008443571429	0.2	5.3	1
411.4476236047622	0.6	12.3	1
434.6543465619051	0.4	8.7	1
463.7277361857146	0.6	10.9	1
496.5344591428575	0.6	12.3	1
548.2812383904761	0.4	7.1	1
570.9546280142856	0.4	8.5	1
574.9613509714285	0.2	1.5	1
814.9680739285714	1.0	90.0	1
848.8414635523809	0.6	12.7	1
868.8481865095238	0.4	7.5	1
879.5215761333333	0.2	4.0	1
895.7949657571428	0.4	6.1	1
923.2683553809524	0.6	10.3	1
952.8750783380952	0.6	11.1	1
983.5484679619047	0.6	11.5	1
997.1551909190476	0.2	5.1	1
1016.0952472095238	0.4	7.1	1
1051.8420264571423	0.4	6.3	1
1075.5820827476184	0.4	8.9	1
1103.0554723714279	0.6	10.3	1
1124.6621953285708	0.4	8.1	1
1144.6689182857135	0.4	7.5	1
1162.0089745761898	0.4	6.5	1
1186.8156975333327	0.4	9.3	1
1276.8224204904755	0.8	33.75	1
1301.095810114285	0.4	9.1	1
1308.4358664047613	0.2	2.75	1
1332.709256028571	0.4	9.1	1
1364.449312319047	0.6	11.9	1
1394.5893686095233	0.6	11.3	1
1406.596091566666	0.2	4.5	1
1441.0028145238089	0.6	12.9	1
1473.2762041476185	0.6	12.1	1
1663.2829271047613	1.0	71.25	1
1686.489650061904	0.4	8.7	1
1718.2297063523802	0.6	11.9	1
1784.3764855999998	0.6	12.9	1
1807.5832085571426	0.4	8.7	1
1833.9899315142854	0.4	9.9	1
1893.203377428573	0.6	12.3	1
1920.6767670523825	0.6	10.3	1
1963.890212966669	0.4	5.9	1
1992.4302692571453	0.6	10.7	1
2232.4369922142882	1.0	90.0	1
2462.450438128574	0.8	33.75	1
2492.59049441905	0.6	11.3	1
2582.597217376193	0.8	33.75	1
2613.2706070000027	0.6	11.5	1
2853.2773299571454	1.0	90.0	1
2925.024109204765	0.6	11.9	1
