106.25002200357143	0.4	7.5	1
333.55562156626985	0.6	10.1	1
655.7779097992063	0.4	6.7	1
1079.2502200357144	0.4	7.5	1
1611.305885609127	0.4	8.3	1
2234.278239852778	0.4	6.7	1
2962.1672827666666	0.4	7.9	1
3822.306347684127	0.4	9.9	1
4783.695434605159	0.4	7.5	1
5881.3345435297615	0.4	9.9	1
7067.057007791269	0.4	6.5	1
8385.362827389681	0.4	9.5	1
9824.752002324998	0.4	8.9	1
11366.391199263888	0.4	7.5	1
13007.613751539682	0.4	7.1	1
14781.252992485714	0.4	9.7	1
16636.808922101984	0.4	6.7	1
18576.781540388492	0.4	6.1	1
20642.670847345238	0.4	9.1	1
22799.64350963889	0.4	6.5	1
25077.671749491667	0.6	10.1	1
27485.28334468135	0.4	9.5	1
29991.31162854127	0.4	7.3	1
32614.75660107143	0.4	8.5	1
35364.25715116072	0.6	10.1	1
38246.341056586905	0.4	9.5	1
41256.17498401667	0.4	9.3	1
44389.09226678334	0.4	8.9	1
47609.09290488691	0.4	6.5	1
50937.17689832739	0.4	7.7	1
54378.01091377143	0.4	8.1	1
57915.26161788571	0.4	7.3	1
61542.5956773369	0.4	6.5	1
65258.013092124995	0.4	6.5	1
69094.01386225	0.4	9.5	1
73043.43132104524	0.4	8.5	1
77085.09880184404	0.4	7.5	1
81234.68297131309	0.4	7.9	1
85507.68382945238	0.4	9.7	1
89869.76804292857	0.4	6.5	1
94354.93561174166	0.4	8.9	1
98925.519869225	0.4	6.1	1
103589.18748204524	0.4	7.7	1
108349.43845020237	0.4	7.1	1
113217.77277369643	0.4	7.7	1
118182.52378586071	0.4	7.3	1
123244.35815336191	0.4	7.7	1
128417.94254286667	0.4	8.1	1
133710.9436210417	0.4	8.5	1
139137.5280545536	0.4	9.5	1
144671.02917673576	0.4	7.9	1
150300.94698758813	0.4	7.3	1
156066.11482044408	0.4	9.9	1
161920.36600863695	0.4	6.5	1
167874.8672188334	0.4	7.5	1
173943.1184510334	0.4	8.1	1
180111.28637190364	0.4	7.9	1
186418.70431477745	0.4	9.9	1
192847.37227965484	0.4	8.7	1
199369.95693320245	0.4	6.7	1
205996.79160875364	0.4	7.5	1
212709.70963964175	0.4	6.5	1
219514.54435920008	0.4	6.7	1
226447.43465631755	0.6	10.1	1
233506.24164210525	0.4	9.1	1
240661.4653165632	0.4	7.3	1
247920.6056796914	0.4	7.9	1
255309.49606482315	0.4	9.3	1
262750.4698052918	0.4	7.7	1
270292.693567764	0.4	7.5	1
277920.16735223983	0.4	6.3	1
285633.0578253859	0.4	6.1	1
