80.41636074117571	0.2	4.5	1
206.9760616033477	0.2	2.75	1
412.95212320669543	0.2	4.5	1
667.0715249310394	0.2	2.75	1
998.1813468960081	0.2	4.7	1
1375.434508981973	0.2	2.75	1
1827.6780913085627	0.2	4.7	1
2299.727141884592	0.2	1.5	1
2851.7666127012462	0.2	4.7	1
3452.9494236388964	0.2	2.75	1
4128.122654817172	0.2	4.7	1
4886.286306236071	0.2	4.7	1
5726.440377895596	0.2	4.7	1
6649.584869795745	0.2	4.7	1
7619.872701816891	0.2	2.75	1
8661.64174583059	0.2	4.0	1
9773.89200183684	0.2	4.0	1
10912.947726092532	0.2	1.5	1
12131.4198110894	0.2	4.5	1
13428.308256827442	0.2	4.5	1
14746.002170814925	0.2	1.5	1
16107.839424923404	0.2	2.75	1
17540.157891024435	0.2	4.0	1
19051.89271786664	0.2	4.5	1
20609.770884829846	0.2	2.75	1
22247.065412534226	0.2	4.5	1
23963.77630097978	0.2	4.5	1
25704.292657674778	0.2	1.5	1
27527.7994346104	0.2	4.7	1
29434.296631786645	0.2	4.7	1
31363.59929721233	0.2	1.5	1
33317.70743088746	0.2	1.5	1
35354.805984803206	0.2	4.7	1
37462.38575071151	0.2	4.0	1
39641.44672861236	0.2	4.0	1
41845.313174762654	0.2	1.5	1
44131.17004115357	0.2	4.7	1
46465.17024766549	0.2	2.75	1
48882.16087441803	0.2	4.7	1
51378.56786191174	0.2	4.5	1
53944.45606139801	0.2	4.0	1
56559.48760100527	0.2	2.75	1
59257.509560853156	0.2	4.7	1
62026.0127326936	0.2	4.0	1
64873.932265275216	0.2	4.5	1
67804.84221809746	0.2	4.7	1
70784.8955110407	0.2	2.75	1
73803.09214410493	0.2	2.75	1
76899.70513791034	0.2	4.5	1
80074.30855195638	0.2	4.7	1
83275.71743425186	0.2	1.5	1
86502.93178479676	0.2	1.5	1
89795.62734733423	0.2	4.0	1
93168.73927061287	0.2	4.5	1
96623.84161413214	0.2	4.7	1
100150.36031839257	0.2	4.5	1
103702.68449090245	0.2	1.5	1
107338.99908365296	0.2	4.7	1
111042.79488839602	0.2	4.0	1
114795.73403326007	0.2	2.75	1
118629.0895388653	0.2	4.5	1
122529.92625646308	0.2	4.0	1
126495.24418605342	0.2	4.0	1
130540.55253588437	0.2	4.7	1
134665.2772464565	0.2	4.5	1
138815.8074252781	0.2	1.5	1
143011.48094422068	0.2	2.75	1
147256.29780328425	0.2	2.75	1
151550.25800246882	0.2	2.75	1
155892.3615417744	0.2	2.75	1
160260.27054932938	0.2	1.5	1
164712.169977125	0.2	4.7	1
169245.05982516127	0.2	4.7	1
173859.94009343814	0.2	4.7	1
178522.963701836	0.2	2.75	1
183253.46852222644	0.2	4.0	1
188060.38970335803	0.2	4.5	1
192914.45422461064	0.2	2.75	1
197850.50916610388	0.2	4.7	1
202810.36957584653	0.2	1.5	1
207837.71119758175	0.2	4.0	1
212936.53403130954	0.2	4.0	1
218084.5002051583	0.2	2.75	1
223279.6097191281	0.2	2.75	1
228557.70965333848	0.2	4.7	1
