6.2280269936507935	0.2	4.0	1
24.122720653968255	0.6	11.5	1
33.61741431428571	0.4	6.1	1
47.156552419047614	0.4	8.7	1
55.095690523809516	0.2	5.1	1
78.43482862857142	0.8	15.0	1
89.48507784444445	0.4	7.1	1
103.95754928253969	0.4	9.3	1
129.48026993650817	0.4	7.1	1
240.31940804127007	1.0	71.25	1
264.075462028572	0.4	8.3	1
279.1701556888895	0.4	9.7	1
287.73151601587364	0.2	5.5	1
310.1431255587306	0.4	8.9	1
327.726708107937	0.6	11.3	1
340.9547351015878	0.4	8.5	1
451.7938732063497	1.0	71.25	1
472.7996779777783	0.6	13.5	1
486.6499271936513	0.4	8.9	1
506.4112875206354	0.6	12.7	1
518.7059811809529	0.4	7.9	1
539.2509240571426	0.2	5.3	1
559.0122843841267	0.6	12.7	1
669.8514224888886	1.0	71.25	1
681.2127828158727	0.4	7.3	1
687.4408098095236	0.2	4.0	1
700.3577256920632	0.4	8.3	1
714.8301971301585	0.4	9.3	1
717.1693352349204	0.2	1.5	1
729.4640288952378	0.4	7.9	1
760.8978606603163	0.6	12.3	1
772.5703320984115	0.4	7.5	1
787.0428035365068	0.4	9.3	1
810.3819416412687	0.8	15.0	1
826.7210797460306	0.6	10.5	1
844.3046622952369	0.6	11.3	1
851.3104670666654	0.2	4.5	1
962.1496051714273	1.0	71.25	1
981.2887432761892	0.6	12.3	1
1033.7945480476178	0.8	33.75	1
1040.8003528190463	0.2	4.5	1
1049.9839353682528	0.4	5.9	1
1077.0622115777755	0.6	11.5	1
1091.845794126982	0.4	9.5	1
1106.9404877872994	0.4	9.7	1
1122.346292558728	0.4	9.9	1
1153.7801243238068	0.6	10.3	1
1161.4081513174576	0.2	4.9	1
1178.0584005333305	0.6	10.7	1
1190.6642053047592	0.4	8.1	1
1194.9477878539656	0.2	2.75	1
1215.0202592920607	0.6	12.9	1
1228.2482862857114	0.4	8.5	1
1250.0376736063447	0.2	5.5	1
1290.0328656984072	0.6	11.7	1
1309.1720038031692	0.6	12.3	1
1326.1333641301533	0.6	10.9	1
1378.6391689015818	0.8	33.75	1
1386.5783070063437	0.2	5.1	1
1398.8730006666613	0.4	7.9	1
1416.7676943269787	0.6	11.5	1
1451.9348594253909	0.6	11.1	1
1462.0517753079305	0.4	6.5	1
1476.8353578571368	0.4	9.5	1
1496.28560707301	0.6	12.5	1
1535.497216615866	0.6	12.7	1
1586.3812975968185	0.4	7.5	1
1601.7871023682471	0.4	9.9	1
1618.1262404730091	0.6	10.5	1
1636.0209341333266	0.6	11.5	1
1647.6934055714219	0.4	7.5	1
1661.854765898406	0.4	9.1	1
1695.1552643301513	0.6	12.3	1
1699.4388468793577	0.2	2.75	1
1839.4446516507862	1.0	90.0	1
1856.0949008666591	0.6	10.7	1
1886.5953992984046	0.4	8.9	1
1968.2678707364998	1.0	52.5	1
2079.1070088412616	1.0	71.25	1
2087.0461469460233	0.2	5.1	1
2097.474173939674	0.4	6.7	1
2208.313312044436	1.0	71.25	1
2336.7360326984044	0.6	11.3	1
2382.7423359015797	0.6	11.3	1
2398.4592517841193	0.6	10.1	1
2430.515305771419	0.6	10.5	1
2541.354443876181	1.0	71.25	1
2671.332720085705	0.6	12.3	1
2688.6051915238004	0.6	11.1	1
2706.499885184118	0.6	11.5	1
2718.4834677333242	0.4	7.7	1
2731.089272504753	0.4	8.1	1
2761.90088204761	0.6	11.7	1
2796.996074139672	0.2	2.75	1
2814.8907677999896	0.6	11.5	1
2841.969044009513	0.4	5.9	1
2880.4086805460192	0.4	7.3	1
2898.614485317448	0.6	11.7	1
2921.103872638081	0.2	2.75	1
2938.9985662983986	0.6	11.5	1
2956.893259958716	0.6	11.5	1
2988.327091723795	0.4	8.7	1
3099.166229828557	1.0	71.25	1
3119.5000615936365	0.4	6.1	1
3135.216977476176	0.6	10.1	1
3150.3116711364933	0.4	9.7	1
3179.8788362349064	0.4	9.3	1
3199.6401965618907	0.6	12.7	1
3236.6740283269714	0.6	11.1	1
3247.102055320622	0.4	6.7	1
3254.730082314273	0.2	4.9	1
3272.7861363015745	0.4	6.7	1
3292.5474966285587	0.6	12.7	1
3302.9755236222095	0.4	6.7	1
3317.6871331650655	0.2	2.75	1
3329.670715714272	0.4	7.7	1
3350.6765204857006	0.6	13.5	1
3389.577018917448	0.6	11.5	1
3402.493934799988	0.4	8.3	1
3513.3330729047498	1.0	71.25	1
3626.511349114274	0.2	1.5	1
3756.02876342856	0.6	10.5	1
3901.2630936253863	0.6	10.1	1
3954.1254508158618	0.2	4.9	1
3963.620144476179	0.4	6.1	1
3987.2761984634826	0.4	9.1	1
4002.682003234911	0.4	9.9	1
4019.021141339673	0.6	10.5	1
4045.788306438086	0.4	6.7	1
4066.7941112095145	0.6	13.5	1
4080.3332493142766	0.4	8.7	1
4102.433747746024	0.2	5.5	1
4117.528441406342	0.4	9.7	1
4144.606717615866	0.4	7.7	1
4156.901411276183	0.4	7.9	1
4185.846354152375	0.6	10.7	1
4201.563270034915	0.6	10.1	1
4210.746852584121	0.4	5.9	1
4232.8473510158665	0.4	8.3	1
4245.453155787295	0.4	8.1	1
4263.970071669834	0.6	11.9	1
4282.1758764412625	0.6	11.7	1
4297.8927923238025	0.6	10.1	1
4331.504401866659	0.6	11.5	1
4344.7324288603095	0.4	8.5	1
4426.404900298405	1.0	52.5	1
4515.394287619039	0.2	4.7	1
4535.155647946022	0.6	12.7	1
4547.45034160634	0.4	7.9	1
4568.306395593642	0.2	5.5	1
4584.6455336984045	0.6	10.5	1
4612.346032130151	0.4	7.3	1
4656.696779777771	0.6	10.7	1
4663.702584549199	0.2	4.5	1
4673.197278209516	0.4	6.1	1
4697.475554419042	0.4	9.5	1
4706.970248079359	0.4	6.1	1
4722.687163961899	0.6	10.1	1
4740.8929687333275	0.6	11.7	1
4899.104578276187	1.0	90.0	1
4967.744214812695	0.4	6.7	1
5057.38965612063	0.6	13.5	1
5074.973238669837	0.6	11.3	1
5094.1123767745985	0.6	12.3	1
5134.257319650792	0.6	13.5	1
5190.430289520635	0.6	10.3	1
5198.369427625396	0.2	5.1	1
5217.35881494603	0.4	7.1	1
5224.67573082857	0.2	4.7	1
5247.398451482539	0.4	9.9	1
5284.282532463491	0.4	9.1	1
5424.28833723492	1.0	90.0	1
5579.388835666664	0.4	9.7	1
5649.895138869833	0.4	9.9	1
5663.123165863484	0.4	8.5	1
5696.112553184121	0.6	12.7	1
5704.673913511105	0.2	5.5	1
5727.39663416507	0.4	9.1	1
5809.069105603166	1.0	52.5	1
6030.747381812692	1.0	90.0	1
6304.931462793645	0.8	33.75	1
6560.788015212691	1.0	52.5	1
6835.783705736501	0.6	12.3	1
7126.807423253967	0.6	10.3	1
7428.670278876191	1.0	71.25	1
7646.250050380956	0.6	10.1	1
7868.113404434929	0.2	2.75	1
8004.76034103811	0.4	9.5	1
8056.501971301609	0.4	9.7	1
8071.285553850816	0.4	9.5	1
8105.519385615896	0.6	12.5	1
8124.347412609546	0.6	12.1	1
