812.3796483374504	1.0	71.25	1
2018.4009298735791	0.8	33.75	1
4247.584450159269	1.0	90.0	1
7071.365028370299	1.0	52.5	1
10291.787239780007	0.8	33.75	1
14535.371689939277	1.0	90.0	1
19588.335788435994	1.0	71.25	1
25667.462125682272	1.0	90.0	1
32336.18552085389	1.0	52.5	1
39603.50597395085	1.0	52.5	1
47265.46806024649	0.8	33.75	1
55738.80979487958	1.0	71.25	1
65237.313768262225	1.0	90.0	1
75129.45937484354	0.8	33.75	1
85620.2020393502	1.0	52.5	1
96707.54176178221	1.0	52.5	1
108817.04372296378	1.0	90.0	1
121520.14274207068	1.0	52.5	1
135031.62140951504	1.0	71.25	1
148938.74171015806	0.8	33.75	1
163872.02424955065	1.0	90.0	1
179617.6864372807	1.0	71.25	1
196173.72827334818	1.0	71.25	1
213753.93234816525	1.0	90.0	1
232145.51607131975	1.0	71.25	1
251347.47944281172	1.0	71.25	1
271148.03987222904	1.0	52.5	1
291344.24193484505	0.8	33.75	1
312136.04105538636	1.0	52.5	1
333323.4818091264	0.8	33.75	1
355107.5196207917	1.0	52.5	1
377285.19906565576	0.8	33.75	1
400274.25815885724	1.0	71.25	1
424283.47949080827	1.0	90.0	1
448890.29788068467	1.0	52.5	1
473891.7579037597	0.8	33.75	1
499287.8595600335	0.8	33.75	1
525078.602849506	0.8	33.75	1
551467.9431969037	1.0	52.5	1
578453.8806022268	1.0	52.5	1
606461.9802462995	1.0	90.0	1
634864.7215235708	0.8	33.75	1
663861.0598587675	1.0	52.5	1
693668.7778423016	1.0	71.25	1
724286.8754741732	1.0	71.25	1
755930.1353447944	1.0	90.0	1
788170.9922733408	1.0	52.5	1
820806.490835086	0.8	33.75	1
854039.5864547566	1.0	52.5	1
888298.8443131766	1.0	90.0	1
923369.4818199341	1.0	71.25	1
959465.2815654412	1.0	90.0	1
996587.2435496978	1.0	90.0	1
1034520.5851822919	1.0	71.25	1
1072847.5684480846	0.8	33.75	1
1111984.931362215	1.0	71.25	1
1152145.4565150947	1.0	90.0	1
1193114.3613163119	1.0	71.25	1
1234894.6457658666	1.0	71.25	1
1277486.3098637587	1.0	71.25	1
1320471.6155948495	0.8	33.75	1
1363851.562959139	0.8	33.75	1
1407627.1519566271	0.8	33.75	1
1451798.382587314	0.8	33.75	1
1496992.7754567503	1.0	90.0	1
1543212.3305649362	1.0	90.0	1
1590457.0479118717	1.0	90.0	1
1638514.1449071446	1.0	71.25	1
1686967.883535616	0.8	33.75	1
1736019.2192220131	1.0	52.5	1
1785466.1965416088	0.8	33.75	1
1835309.815494403	0.8	33.75	1
1885746.0315051228	1.0	52.5	1
1936574.8891490411	0.8	33.75	1
1988428.909031709	1.0	90.0	1
2041094.3085627144	1.0	71.25	1
2094572.0877420572	1.0	71.25	1
2148648.4639793253	1.0	52.5	1
2203534.219864931	1.0	71.25	1
2258811.6173837353	0.8	33.75	1
2315115.177141289	1.0	90.0	1
2371813.378532042	0.8	33.75	1
2428908.221555993	0.8	33.75	1
2486597.6616378697	1.0	52.5	1
2545096.4813680835	1.0	71.25	1
2604405.680746635	1.0	71.25	1
2664110.521758385	0.8	33.75	1
2724841.5250088847	1.0	90.0	1
2785968.169892583	0.8	33.75	1
2847690.411834207	1.0	52.5	1
2910435.81601458	1.0	90.0	1
2973775.8172528786	1.0	52.5	1
3038140.980729927	1.0	90.0	1
3103317.5238553123	1.0	71.25	1
3169305.4466290353	1.0	71.25	1
3235889.9664606834	1.0	52.5	1
3303072.083350257	1.0	52.5	1
3371280.3624785803	1.0	90.0	1
3439883.283240102	0.8	33.75	1
3509082.8010595497	1.0	52.5	1
3578675.9605121957	0.8	33.75	1
3648656.7615980403	0.8	33.75	1
3719032.2043170836	0.8	33.75	1
3790219.0266844644	1.0	71.25	1
3861801.490685044	0.8	33.75	1
3933981.5517435484	1.0	52.5	1
4006759.2098599784	1.0	52.5	1
4080349.247624746	1.0	71.25	1
4154535.882447439	1.0	52.5	1
4229744.679508881	1.0	90.0	1
4305764.85621866	1.0	71.25	1
4382809.195167189	1.0	90.0	1
4460664.913764056	1.0	71.25	1
4539113.229418848	1.0	52.5	1
4618364.924721978	1.0	71.25	1
4698640.782263856	1.0	90.0	1
4779309.281438935	0.8	33.75	1
4861001.942852762	1.0	90.0	1
4943091.245899787	0.8	33.75	1
5026205.711185562	1.0	90.0	1
5110340.338710087	1.0	90.0	1
5195071.563292538	1.0	52.5	1
5280826.950113738	1.0	90.0	1
5367607.499173688	1.0	90.0	1
5455410.210472387	1.0	90.0	1
5543810.518829011	1.0	52.5	1
5633236.989424385	1.0	90.0	1
5723058.1016529575	0.8	33.75	1
5813475.810939455	1.0	52.5	1
5904491.117283879	1.0	52.5	1
5996529.585867052	1.0	90.0	1
6089380.434098562	1.0	71.25	1
6182623.923963271	0.8	33.75	1
6276889.57606673	1.0	90.0	1
6371751.825228114	1.0	52.5	1
6467212.671447423	1.0	52.5	1
6563271.1147246575	1.0	52.5	1
6659725.199635091	0.8	33.75	1
6756775.88160345	1.0	52.5	1
6854848.725810558	1.0	90.0	1
6953730.949666004	1.0	71.25	1
7053207.770579374	1.0	52.5	1
7153078.233125944	0.8	33.75	1
7253972.857911263	1.0	90.0	1
7355675.86234492	1.0	71.25	1
7458190.246426914	1.0	71.25	1
7561511.010157245	1.0	71.25	1
7665428.370945502	1.0	52.5	1
7770152.111382096	1.0	71.25	1
7875473.448876616	1.0	52.5	1
7981188.428004334	0.8	33.75	1
8087926.569370802	1.0	90.0	1
8195683.872976019	1.0	90.0	1
8304249.556229574	1.0	71.25	1
8413412.836541055	1.0	52.5	1
8523601.279091284	1.0	90.0	1
8634181.363274712	0.8	33.75	1
8745783.60969689	1.0	90.0	1
8857781.497752266	0.8	33.75	1
8970377.982865568	1.0	52.5	1
9083371.109612068	0.8	33.75	1
9196959.833416494	1.0	52.5	1
9311574.71945967	1.0	90.0	1
9426786.202560771	1.0	52.5	1
9542394.32729507	0.8	33.75	1
9658807.831677707	1.0	71.25	1
9776246.498299094	1.0	90.0	1
9894282.761978406	1.0	52.5	1
10012917.622715645	1.0	52.5	1
10132577.645691631	1.0	90.0	1
10252634.310300818	0.8	33.75	1
10373287.571967928	1.0	52.5	1
10494751.213283377	1.0	71.25	1
10617026.234247163	1.0	71.25	1
10740326.417449698	1.0	90.0	1
10864650.762890983	1.0	90.0	1
10990001.270571018	1.0	90.0	1
11116377.940489803	1.0	90.0	1
11243352.207466511	1.0	52.5	1
11370721.11607642	0.8	33.75	1
11498902.404334664	1.0	71.25	1
11628105.85483166	1.0	90.0	1
11757904.90238658	1.0	52.5	1
11888512.329589838	1.0	71.25	1
12019931.136441434	1.0	71.25	1
12151948.540350955	1.0	52.5	1
12284991.106499225	1.0	90.0	1
12419058.834886245	1.0	90.0	1
12553521.204906464	0.8	33.75	1
12688378.216559881	0.8	33.75	1
12824258.390452048	1.0	90.0	1
12960531.205977414	0.8	33.75	1
13097198.663135977	0.8	33.75	1
13234461.717352467	1.0	52.5	1
13372320.368626881	1.0	52.5	1
13511205.182140045	1.0	90.0	1
13650901.375301547	1.0	71.25	1
13791409.948111387	1.0	71.25	1
13932729.900569564	1.0	71.25	1
14074862.232676078	1.0	71.25	1
14217804.944430929	1.0	71.25	1
14361140.29781898	0.8	33.75	1
14504868.292840227	0.8	33.75	1
14649190.884919401	1.0	52.5	1
14794325.856646914	1.0	71.25	1
14939857.470007624	0.8	33.75	1
15086413.245607086	1.0	90.0	1
15233995.183445295	1.0	90.0	1
15381972.762916703	0.8	33.75	1
15530762.72203645	1.0	71.25	1
15680143.278214121	1.0	52.5	1
15830548.996630542	1.0	90.0	1
15981345.356680162	0.8	33.75	1
16132738.313787706	1.0	52.5	1
16284719.867953176	1.0	52.5	1
16437511.801766984	1.0	71.25	1
16590900.332638716	1.0	52.5	1
16744885.460568374	1.0	52.5	1
16899263.23013123	0.8	33.75	1
17054449.379342426	1.0	71.25	1
17210447.90820196	1.0	71.25	1
17367042.034119416	1.0	52.5	1
17524031.80167007	0.8	33.75	1
17681417.210853927	0.8	33.75	1
17839198.26167098	0.8	33.75	1
17997576.909545958	1.0	52.5	1
18156348.199054137	0.8	33.75	1
18315931.86821065	1.0	71.25	1
18476325.917015504	1.0	71.25	1
18637531.345468692	1.0	71.25	1
18799548.15357022	1.0	71.25	1
18962377.341320086	1.0	71.25	1
19126017.908718288	1.0	71.25	1
19290469.85576483	1.0	71.25	1
19455733.182459705	1.0	71.25	1
19621595.106212508	1.0	52.5	1
19788478.19220406	1.0	90.0	1
19956173.657843947	1.0	71.25	1
20124467.720541764	1.0	52.5	1
20293784.945478328	1.0	90.0	1
20463914.55006323	1.0	71.25	1
20635069.316886883	1.0	90.0	1
20807248.245949283	1.0	90.0	1
20980239.554660022	1.0	71.25	1
21153829.460428685	1.0	52.5	1
21327813.00783055	0.8	33.75	1
21502192.19686561	0.8	33.75	1
21677595.548139423	1.0	90.0	1
21853591.49647116	1.0	52.5	1
22029983.086436093	0.8	33.75	1
22207184.056049366	1.0	71.25	1
22385408.18790139	1.0	90.0	1
22564444.699401747	1.0	71.25	1
22744507.373140857	1.0	90.0	1
22925594.209118716	1.0	90.0	1
23107076.686729774	0.8	33.75	1
23289370.54398917	1.0	71.25	1
23472261.99830649	1.0	52.5	1
23655549.09425701	0.8	33.75	1
23839858.352446277	1.0	90.0	1
24024765.20769347	1.0	52.5	1
24210482.442589	1.0	71.25	1
24396595.31911773	0.8	33.75	1
24583516.575294796	1.0	71.25	1
24771250.2111202	1.0	71.25	1
24960008.009184353	1.0	90.0	1
25149790.969487257	1.0	90.0	1
25339965.57142336	0.8	33.75	1
25530952.5530078	1.0	71.25	1
25722751.914240576	1.0	71.25	1
25915148.87253128	1.0	52.5	1
26108355.21047032	1.0	71.25	1
26301958.19004256	0.8	33.75	1
26496371.549263135	1.0	71.25	1
26691809.07072246	1.0	90.0	1
26888057.971830126	1.0	71.25	1
27085332.035176538	1.0	90.0	1
27283418.47817129	1.0	71.25	1
27482529.08340479	1.0	90.0	1
27682665.85087704	1.0	90.0	1
27883400.215407215	1.0	52.5	1
28084531.22157059	0.8	33.75	1
28286468.6073823	1.0	71.25	1
28489211.37284235	1.0	71.25	1
28692551.735360324	1.0	52.5	1
28896917.260117047	1.0	90.0	1
29101677.42650697	0.8	33.75	1
29307461.75513564	1.0	90.0	1
29514272.24600306	1.0	90.0	1
29721479.37850368	0.8	33.75	1
29929284.108062226	1.0	52.5	1
30137901.217269108	1.0	71.25	1
30347114.923533916	1.0	52.5	1
30557353.792037476	1.0	90.0	1
30767988.302174233	0.8	33.75	1
30979220.409368914	1.0	52.5	1
31191476.678802345	1.0	90.0	1
31404126.589868974	0.8	33.75	1
31617372.09799353	1.0	52.5	1
31831214.20317601	1.0	52.5	1
32046082.47059724	1.0	90.0	1
32261976.900257222	1.0	90.0	1
32478266.9715504	0.8	33.75	1
32694953.684476778	0.8	33.75	1
32912234.994461082	1.0	52.5	1
33130324.68409372	1.0	71.25	1
33348808.015359562	0.8	33.75	1
33568101.72627374	1.0	71.25	1
33787993.03424584	1.0	52.5	1
34008279.98385114	0.8	33.75	1
34229379.31310478	1.0	71.25	1
34451076.23941634	1.0	52.5	1
34673169.8073611	0.8	33.75	1
34895860.97236379	1.0	52.5	1
35119360.51701482	1.0	71.25	1
35343884.223904595	1.0	90.0	1
35569220.31044271	1.0	71.25	1
35795151.994038746	1.0	52.5	1
36021680.27469271	1.0	52.5	1
36248605.196979865	0.8	33.75	1
36475917.76090023	0.8	33.75	1
36703828.92187852	1.0	52.5	1
36932548.46250514	1.0	71.25	1
37161660.64476496	0.8	33.75	1
37391797.989263535	1.0	90.0	1
37622330.97539531	0.8	33.75	1
37853675.341175415	1.0	71.25	1
38085413.34858872	0.8	33.75	1
38317747.95305995	1.0	52.5	1
38550892.93717952	1.0	71.25	1
38784850.30094743	1.0	71.25	1
39019406.26177326	1.0	52.5	1
39254357.86423229	0.8	33.75	1
39489704.10832451	0.8	33.75	1
39725445.994049944	0.8	33.75	1
39961784.4768333	1.0	52.5	1
40198934.33926499	1.0	71.25	1
40436679.7987546	1.0	52.5	1
40675451.42048297	1.0	90.0	1
40915033.421859674	1.0	71.25	1
41155636.585475124	1.0	90.0	1
41397264.91132933	1.0	90.0	1
41639916.39942228	1.0	90.0	1
41883376.26716357	1.0	71.25	1
42127643.5145532	1.0	71.25	1
42372304.403576024	0.8	33.75	1
42617777.67224719	1.0	71.25	1
42863644.58255155	0.8	33.75	1
43110110.08991383	1.0	52.5	1
43357598.75951487	1.0	90.0	1
43605483.070749104	0.8	33.75	1
43854393.54422209	1.0	90.0	1
44104328.17993382	1.0	90.0	1
44354860.412703484	1.0	52.5	1
44605789.28710634	0.8	33.75	1
44857744.32374795	1.0	90.0	1
45110095.00202276	0.8	33.75	1
45363469.842536315	1.0	90.0	1
45617656.06269821	1.0	71.25	1
45872233.9244933	0.8	33.75	1
46127204.427921586	0.8	33.75	1
46382570.57298308	0.8	33.75	1
46638533.315102495	1.0	52.5	1
46895304.43687025	1.0	71.25	1
47152470.2002712	0.8	33.75	1
47410444.34332049	1.0	71.25	1
47669016.083427705	1.0	52.5	1
47928399.203183256	1.0	71.25	1
48188176.964572005	0.8	33.75	1
48448980.88819951	1.0	90.0	1
48710809.97406576	1.0	90.0	1
48973448.43958034	1.0	71.25	1
49236897.28474327	1.0	71.25	1
49500940.72696412	1.0	52.5	1
49765580.7662429	1.0	52.5	1
50030817.4025796	1.0	52.5	1
50296651.63597422	1.0	52.5	1
50562881.51100205	0.8	33.75	1
50830136.54826862	1.0	90.0	1
51098202.965183534	1.0	71.25	1
51367080.76174679	1.0	71.25	1
51636556.15536796	1.0	52.5	1
51906842.928637475	1.0	71.25	1
52177941.08155532	1.0	71.25	1
52450063.39671192	1.0	90.0	1
52722995.09151686	1.0	71.25	1
52996950.94856054	1.0	90.0	1
53271501.40266216	1.0	52.5	1
53546863.23641211	1.0	71.25	1
53822621.711795256	0.8	33.75	1
54098774.8288116	0.8	33.75	1
54375735.32547628	1.0	71.25	1
54653507.201789305	1.0	71.25	1
54932304.240341075	1.0	90.0	1
55211493.92052604	0.8	33.75	1
55491707.762949765	1.0	90.0	1
55772946.767612234	1.0	90.0	1
56054997.15192304	1.0	71.25	1
56337442.17786704	0.8	33.75	1
56620483.80086897	1.0	52.5	1
56903921.065504104	0.8	33.75	1
57187754.97177243	0.8	33.75	1
57472612.04027951	1.0	90.0	1
57758277.488434926	1.0	71.25	1
58044752.31623868	1.0	71.25	1
58331621.78567563	0.8	33.75	1
58619089.852170505	1.0	52.5	1
58907369.29831372	1.0	71.25	1
59196461.124105275	1.0	71.25	1
59485949.591530025	0.8	33.75	1
59776249.43860311	1.0	71.25	1
60066944.927309394	0.8	33.75	1
60358450.79566402	1.0	71.25	1
60650552.26107657	1.0	52.5	1
60943251.32354704	1.0	52.5	1
61236762.76566585	1.0	71.25	1
61531299.370023414	1.0	90.0	1
61826232.616014175	0.8	33.75	1
62121561.50363813	0.8	33.75	1
62417701.77091043	1.0	71.25	1
62714439.63524065	1.0	52.5	1
63011573.141204074	0.8	33.75	1
63309732.80940624	1.0	90.0	1
63608703.85725675	1.0	71.25	1
63908700.06734601	1.0	90.0	1
64209720.43967401	1.0	90.0	1
64511338.40905994	1.0	52.5	1
64813549.9755038	1.0	52.5	1
65116157.18358086	0.8	33.75	1
65419158.03329112	0.8	33.75	1
65722754.480059296	1.0	52.5	1
66026948.5238854	1.0	52.5	1
66332166.72995026	1.0	90.0	1
66637980.53307304	1.0	52.5	1
66944819.498434566	1.0	90.0	1
67252468.84344444	1.0	71.25	1
67560508.8300875	0.8	33.75	1
67869359.1963789	1.0	71.25	1
68179234.72490905	1.0	90.0	1
68490136.41567795	1.0	90.0	1
68801630.70350477	1.0	52.5	1
69114150.15357035	1.0	90.0	1
69427695.76587468	1.0	90.0	1
69742051.75782734	1.0	71.25	1
70057000.34683794	1.0	52.5	1
70372544.53290646	1.0	52.5	1
70689114.88121372	1.0	90.0	1
71006491.60916933	1.0	71.25	1
71324679.71677327	1.0	71.25	1
71643889.98661596	1.0	90.0	1
71964125.4186974	1.0	90.0	1
72284955.44783677	1.0	52.5	1
72606181.11860934	0.8	33.75	1
72928005.38643983	1.0	52.5	1
73250852.81650907	1.0	90.0	1
73574725.40881705	1.0	90.0	1
73899624.16336378	1.0	90.0	1
74225548.08014928	1.0	90.0	1
74552497.15917352	1.0	90.0	1
74880044.83525568	1.0	52.5	1
75207988.15297104	0.8	33.75	1
75536528.06774433	1.0	52.5	1
75865880.36216596	1.0	71.25	1
76195828.25364551	1.0	52.5	1
76526371.74218298	1.0	52.5	1
76857310.87235366	0.8	33.75	1
77188646.64415753	0.8	33.75	1
77521003.57820015	1.0	90.0	1
77853756.15387596	0.8	33.75	1
78186904.37118497	0.8	33.75	1
78521078.75073275	1.0	90.0	1
78856061.50992885	1.0	71.25	1
79191440.91075815	0.8	33.75	1
79527412.90864538	1.0	52.5	1
79863981.50359052	1.0	52.5	1
80200945.74016888	0.8	33.75	1
80538720.35639557	1.0	71.25	1
80876889.61425546	0.8	33.75	1
81215655.46917327	1.0	52.5	1
81554817.96572427	0.8	33.75	1
81895003.62451404	1.0	90.0	1
82235783.88036174	1.0	52.5	1
82577162.73326735	1.0	52.5	1
82919352.96582131	1.0	71.25	1
83261938.84000847	0.8	33.75	1
83605549.87643437	1.0	90.0	1
83950186.07509902	1.0	90.0	1
84295418.8708216	1.0	52.5	1
84641250.2636021	1.0	52.5	1
84988106.81862134	1.0	90.0	1
85335359.01527378	0.8	33.75	1
85683006.85355942	0.8	33.75	1
86031679.85408382	1.0	90.0	1
86381377.01684697	1.0	90.0	1
86732098.34184887	1.0	90.0	1
87083216.30848396	0.8	33.75	1
87435146.6547674	1.0	71.25	1
87788100.16328958	1.0	90.0	1
88141866.0514601	1.0	71.25	1
88496027.58126383	0.8	33.75	1
88850996.49071588	1.0	71.25	1
89206777.77981627	1.0	71.25	1
89563578.23115541	1.0	90.0	1
89921398.8447333	1.0	90.0	1
90279818.05536911	1.0	52.5	1
90638835.86306286	1.0	52.5	1
90998249.3123898	0.8	33.75	1
91358046.40334995	0.8	33.75	1
91718239.1359433	0.8	33.75	1
92078824.51016983	0.8	33.75	1
92440218.2640447	1.0	71.25	1
92802008.65955278	0.8	33.75	1
93164394.65211879	1.0	52.5	1
93527806.80692354	1.0	90.0	1
93891613.60336149	0.8	33.75	1
94255804.04143263	0.8	33.75	1
94620387.12113698	0.8	33.75	1
