1170.0	0.2	4.5	1
3768.0	0.2	5.5	1
7158.5	0.4	5.9	1
11323.5	0.4	5.9	1
16199.5	0.2	2.75	1
22397.5	0.2	5.1	1
29765.5	0.2	4.5	1
38559.5	0.2	5.5	1
48614.5	0.2	4.9	1
59994.5	0.2	5.1	1
72087.5	0.2	2.75	1
85546.5	0.2	5.3	1
100277.5	0.2	4.9	1
115391.5	0.2	1.5	1
131296.0	0.4	5.9	1
148369.5	0.2	4.5	1
166156.0	0.2	2.75	1
185109.5	0.2	4.5	1
205380.0	0.2	5.1	1
226364.5	0.2	2.75	1
248056.0	0.2	2.75	1
270458.5	0.2	2.75	1
294078.0	0.2	4.7	1
318409.5	0.2	2.75	1
343780.0	0.2	4.0	1
369859.5	0.2	2.75	1
397256.0	0.2	5.1	1
425924.5	0.2	4.9	1
455633.0	0.2	4.0	1
486136.0	0.4	5.9	1
518003.0	0.2	5.3	1
550662.5	0.4	5.9	1
584538.0	0.2	4.7	1
619736.5	0.2	5.1	1
655314.0	0.2	1.5	1
691280.5	0.2	1.5	1
728618.0	0.2	5.3	1
767118.5	0.2	4.5	1
806009.0	0.2	1.5	1
846222.5	0.2	5.1	1
887809.0	0.2	5.3	1
930719.5	0.2	5.1	1
974796.0	0.2	4.5	1
1020248.5	0.2	5.3	1
1067055.0	0.2	5.3	1
1114249.5	0.2	1.5	1
1162871.0	0.2	5.5	1
1212658.5	0.2	4.5	1
1263666.0	0.2	4.7	1
1315833.5	0.2	4.5	1
1369170.0	0.2	4.5	1
1423541.5	0.2	4.0	1
1479260.0	0.2	5.3	1
1536303.5	0.2	5.1	1
1594052.0	0.2	2.75	1
1653021.5	0.2	4.7	1
1712782.5	0.4	5.9	1
1773964.5	0.2	5.5	1
1836518.5	0.2	5.3	1
1900103.5	0.2	4.0	1
1965012.5	0.2	5.1	1
2031349.5	0.2	5.5	1
2099114.5	0.2	5.5	1
2168098.5	0.2	4.7	1
2237859.0	0.4	5.9	1
2308404.0	0.4	5.9	1
2379647.0	0.2	2.75	1
2451280.0	0.2	1.5	1
2523706.5	0.4	5.9	1
2597559.0	0.2	5.5	1
