661.5	0.2	4.9	1
1923.5	0.2	4.5	1
3379.0	0.2	1.5	1
5494.0	0.2	4.9	1
8198.5	0.2	4.5	1
11104.5	0.2	1.5	1
14721.0	0.2	5.3	1
18993.0	0.2	4.9	1
23454.5	0.2	1.5	1
28280.25	0.2	2.75	1
33689.5	0.2	4.5	1
39733.25	0.2	4.7	1
46316.0	0.2	4.0	1
53433.75	0.2	4.0	1
61182.0	0.2	4.7	1
69534.75	0.2	4.5	1
78629.0	0.2	5.5	1
88307.75	0.2	4.5	1
98181.0	0.2	1.5	1
108240.75	0.2	1.5	1
118981.0	0.2	5.1	1
130327.75	0.2	4.5	1
142319.0	0.2	4.9	1
154667.5	0.2	2.75	1
167715.5	0.2	5.3	1
181501.0	0.2	5.5	1
195887.0	0.2	4.5	1
210812.0	0.2	4.0	1
226406.5	0.2	5.1	1
242633.5	0.2	4.7	1
259389.5	0.2	4.0	1
276571.25	0.4	5.9	1
294434.5	0.2	5.1	1
312968.25	0.2	5.1	1
331704.5	0.2	1.5	1
350638.25	0.2	1.5	1
369992.75	0.4	5.9	1
389946.75	0.2	4.5	1
410587.25	0.2	5.1	1
431423.25	0.2	1.5	1
452946.75	0.2	5.1	1
474662.75	0.2	1.5	1
497058.25	0.2	5.1	1
520194.25	0.2	5.5	1
544043.75	0.2	5.3	1
568634.75	0.2	5.5	1
593424.25	0.2	1.5	1
618569.0	0.2	2.75	1
644251.75	0.2	4.0	1
670360.25	0.4	5.9	1
696667.25	0.2	1.5	1
723561.75	0.2	4.5	1
751135.75	0.2	5.1	1
779451.25	0.2	5.5	1
