118.85905305007984	0.2	5.1	1
354.5771591502395	0.2	5.1	1
705.154318300479	0.2	5.1	1
1164.2685507243214	0.2	4.7	1
1745.902826086482	0.2	5.3	1
2444.3961544987224	0.2	5.1	1
3241.1428946624796	0.4	5.9	1
4131.113243491005	0.2	4.0	1
5129.620665593134	0.2	4.7	1
6241.326150857104	0.2	4.9	1
7456.907719506438	0.2	4.5	1
8787.348341205852	0.2	5.1	1
10236.648015955347	0.2	5.1	1
11808.46773364316	0.2	5.3	1
13489.824524604575	0.2	4.7	1
15279.718388839594	0.2	4.7	1
17195.79328590117	0.2	5.5	1
19240.049215789302	0.2	5.5	1
21373.528754342202	0.2	4.0	1
23605.26170464662	0.4	5.9	1
25870.955890012825	0.2	1.5	1
28259.17011831735	0.2	5.3	1
30740.607955286643	0.2	4.0	1
33325.9218756413	0.2	4.5	1
36038.41682882252	0.2	5.5	1
38847.16519375525	0.4	5.9	1
41690.874793749776	0.2	1.5	1
44658.765426570855	0.2	5.5	1
47724.90947114345	0.4	5.9	1
50895.92959910141	0.2	4.5	1
54194.13075988593	0.2	5.5	1
57584.555529335215	0.2	4.0	1
61095.50034172282	0.2	5.3	1
64719.64321727227	0.2	4.9	1
68377.74732788351	0.2	1.5	1
72154.71049154483	0.2	5.1	1
76035.54973859151	0.2	4.5	1
80022.92605891179	0.2	4.7	1
84114.17846261743	0.2	4.5	1
88323.28991937316	0.2	5.1	1
92635.27745951424	0.2	4.5	1
97010.35742151861	0.2	2.75	1
101488.31346690834	0.2	4.5	1
106000.23074735986	0.2	1.5	1
110614.02411119675	0.2	4.5	1
115320.0410836984	0.2	4.0	1
120060.01929126184	0.2	1.5	1
124928.17853165184	0.2	5.5	1
129912.19682509192	0.2	5.1	1
135023.39615135855	0.2	5.5	1
140246.79354078704	0.2	4.9	1
145504.1521652773	0.2	1.5	1
150869.04786304117	0.2	4.7	1
156356.46360374335	0.2	5.3	1
161971.06037727208	0.2	5.5	1
167695.19422407442	0.2	4.7	1
173516.58148262827	0.4	5.9	1
179371.92997624393	0.2	1.5	1
185262.23970492138	0.2	1.5	1
191249.80284535032	0.4	5.9	1
197341.24206916464	0.2	4.5	1
203541.21836625255	0.2	4.7	1
209846.07074672583	0.2	4.5	1
216184.8843622609	0.2	1.5	1
222633.8960409578	0.2	4.9	1
229209.08875248127	0.2	5.5	1
235819.24269906653	0.2	1.5	1
242462.35788071356	0.2	1.5	1
249201.72647411213	0.4	5.9	1
255975.05630257248	0.2	1.5	1
262861.58419419464	0.2	4.9	1
269812.2045076801	0.2	2.75	1
276889.00585399213	0.2	5.5	1
284093.9882331307	0.2	5.5	1
291416.82966531935	0.2	5.1	1
298849.2081707816	0.2	4.7	1
306408.7677090704	0.2	5.5	1
314066.58065911074	0.4	5.9	1
321828.9306824247	0.2	4.7	1
329704.47876890044	0.2	4.9	1
337708.2078882028	0.2	5.5	1
345808.1904192566	0.4	5.9	1
354001.3965589752	0.2	4.0	1
362305.8007618557	0.2	4.9	1
370712.0810481215	0.2	4.5	1
379181.4537562506	0.2	2.75	1
387764.02452754154	0.2	4.9	1
396443.848710584	0.4	5.9	1
405246.19293656474	0.2	5.3	1
414142.790574297	0.4	5.9	1
423161.90825496765	0.2	5.3	1
432271.24954430305	0.2	4.0	1
441489.127906912	0.2	4.7	1
450803.2596812725	0.4	5.9	1
460240.91149857134	0.2	5.3	1
469737.6557377334	0.2	2.75	1
479361.5810097221	0.2	5.5	1
489019.4675167725	0.2	1.5	1
498790.5520869848	0.2	4.9	1
508594.59789225884	0.2	1.5	1
518520.16374047124	0.2	5.3	1
528550.605672069	0.2	4.5	1
538707.2286364933	0.2	5.5	1
548968.727684303	0.2	4.5	1
559264.1879671745	0.2	1.5	1
569668.1853233195	0.2	4.7	1
580164.4062881294	0.2	4.0	1
590786.8082857658	0.2	5.5	1
601525.0693364523	0.2	5.1	1
612372.8674604123	0.2	4.7	1
623347.8466171989	0.2	5.5	1
634383.9181958488	0.2	2.75	1
645475.082196362	0.2	2.75	1
656673.7832701488	0.2	4.7	1
667996.0043868739	0.2	5.3	1
679436.0845566491	0.2	5.1	1
690984.7017996978	0.2	4.7	1
702660.5000755732	0.2	5.5	1
714458.8183943869	0.2	5.3	1
726364.6737864742	0.2	4.7	1
738386.3882316115	0.2	5.1	1
750534.2837095753	0.2	5.5	1
762780.4325992907	0.4	5.9	1
775059.5427240679	0.2	1.5	1
787465.8338816717	0.2	5.5	1
799962.3486479402	0.2	4.0	1
812554.1168259602	0.4	5.9	1
825179.846239042	0.2	1.5	1
837895.7992607886	0.2	4.0	1
850715.6283659205	0.2	4.5	1
863662.6385038791	0.2	5.5	1
876702.8722505023	0.2	4.0	1
889840.982080511	0.2	4.5	1
903077.3453222712	0.4	5.9	1
916375.8009858946	0.2	2.75	1
929767.4802581829	0.2	4.0	1
943282.6795734094	0.2	5.3	1
956890.1024973007	0.2	4.0	1
970601.7234843539	0.2	4.9	1
984429.203524457	0.2	5.1	1
998352.9369763118	0.4	5.9	1
1012404.8514609932	0.2	5.5	1
1026575.6249987246	0.2	5.1	1
1040860.5965996177	0.2	4.9	1
1055268.0882434493	0.2	5.3	1
1069769.8332990324	0.4	5.9	1
1084388.4374076657	0.2	5.1	1
1099130.561559237	0.2	5.3	1
1113906.6469458702	0.2	1.5	1
1128809.91336533	0.2	5.5	1
1143816.0558681753	0.2	4.5	1
1158928.735444294	0.2	4.7	1
1174104.507442276	0.2	2.75	1
1189401.7994831963	0.2	5.3	1
1204763.18394598	0.2	2.75	1
1220153.5296438253	0.2	1.5	1
1235653.4124149443	0.2	4.7	1
1251280.47621889	0.2	5.5	1
1267029.0600657738	0.2	5.3	1
1282809.6051477194	0.2	1.5	1
1298698.6873029387	0.2	4.7	1
1314704.628511208	0.2	5.1	1
1330823.7677826392	0.2	4.9	1
1347070.088086897	0.2	5.5	1
1363433.928434093	0.2	5.3	1
1379920.2888242274	0.2	5.3	1
1396515.1862876355	0.2	4.7	1
1413212.9598344287	0.2	4.5	1
1430015.6094646074	0.2	4.5	1
1446944.4401276128	0.2	5.5	1
1463981.8078638916	0.2	4.7	1
1481053.1368352324	0.2	1.5	1
1498228.3418899584	0.2	4.5	1
1515437.508179746	0.2	1.5	1
1532771.8555023605	0.2	5.5	1
1550228.7228679133	0.2	5.3	1
1567791.1273067396	0.2	4.7	1
1585448.7851573173	0.4	5.9	1
1603232.6240407217	0.2	5.5	1
1621126.660987288	0.2	4.9	1
1639136.5569869042	0.2	5.1	1
1657242.7063982722	0.4	5.9	1
1675452.7318930253	0.2	4.5	1
1693774.9554509404	0.2	4.9	1
1712191.432420607	0.4	5.9	1
1730640.8706253353	0.2	1.5	1
1749179.5324387285	0.2	4.0	1
1767835.0533051717	0.2	5.1	1
1786588.8275833663	0.4	5.9	1
1805376.563096623	0.2	1.5	1
1824197.2598449413	0.2	1.5	1
1843121.832676645	0.2	4.5	1
1862150.281591734	0.2	4.5	1
1881212.6917418847	0.2	1.5	1
1900402.282924862	0.2	5.5	1
1919696.750191225	0.2	4.5	1
1939102.4155207495	0.2	4.9	1
1958611.9569336595	0.2	4.5	1
1978249.679379396	0.2	5.5	1
1997991.2779085177	0.2	4.5	1
2017795.9688595028	0.2	2.75	1
2037710.8578736498	0.2	4.9	1
2057742.605940847	0.2	5.1	1
2077863.5776167088	0.2	4.0	1
2098081.802704322	0.4	5.9	1
2118414.8868449857	0.2	5.1	1
2138846.2243974004	0.4	5.9	1
2159389.7600129773	0.2	4.9	1
2179995.3880504174	0.2	2.75	1
2200665.108509721	0.2	2.75	1
2221367.790204086	0.2	1.5	1
2242197.6529312776	0.2	5.5	1
2263087.6080803326	0.2	2.75	1
2284075.8166411393	0.4	5.9	1
2305182.8842549957	0.2	5.1	1
2326407.8109219023	0.2	5.1	1
2347751.596641859	0.2	5.1	1
2369157.474783679	0.2	2.75	1
2390667.2290088846	0.2	4.5	1
2412292.84228714	0.2	5.1	1
2434023.992638669	0.2	4.7	1
2455869.34105336	0.2	4.9	1
2477842.8705008775	0.2	5.5	1
2499939.9199913335	0.2	5.3	1
2522128.193090454	0.2	4.0	1
2544439.986232513	0.2	5.3	1
2566814.871796435	0.2	2.75	1
2589282.980969022	0.2	4.0	1
2611853.9662249945	0.2	4.5	1
2634513.1750896317	0.2	4.0	1
2657281.9210275426	0.2	4.7	1
2680177.8479982796	0.2	5.5	1
2703106.7362040784	0.2	1.5	1
2726146.8224730394	0.2	4.9	1
2749290.7848253855	0.2	4.5	1
2772544.2842510054	0.2	4.7	1
2795895.037088377	0.4	5.9	1
2819372.9709585747	0.2	5.5	1
2842978.085861599	0.2	5.5	1
2866646.2931864867	0.2	2.75	1
2890430.3595644245	0.2	5.1	1
2914312.679354114	0.4	5.9	1
2938311.8581968537	0.2	5.1	1
2962433.5570825315	0.2	5.3	1
2986589.217203271	0.2	1.5	1
3010858.0753871724	0.2	4.9	1
3035225.1869828254	0.4	5.9	1
3059710.1576315286	0.2	5.1	1
3084299.004363617	0.2	4.5	1
3109009.3711386435	0.2	5.3	1
3133831.935976832	0.2	4.9	1
3158686.4620500826	0.2	1.5	1
3183650.5251966068	0.2	4.7	1
3208730.4473961806	0.2	5.1	1
3233913.24567914	0.2	4.5	1
3259159.136383963	0.2	2.75	1
3284521.8861418357	0.2	5.1	1
3309977.8595083733	0.2	4.0	1
3335495.925296774	0.2	2.75	1
3361131.850138225	0.2	5.1	1
3386864.0283914274	0.4	5.9	1
3412704.7437179033	0.2	4.7	1
3438658.657107541	0.2	4.9	1
3464704.7941058436	0.2	4.0	1
3490860.4681774196	0.2	4.7	1
3517049.103484058	0.2	1.5	1
3543340.614874081	0.2	4.5	1
3569749.985317155	0.2	5.1	1
3596264.2318436136	0.2	4.5	1
3622885.015443346	0.2	4.7	1
3649629.3190860166	0.2	5.3	1
3676491.4817817374	0.2	5.1	1
3703472.5035305084	0.2	5.1	1
3730579.706312106	0.2	5.5	1
3757815.09012653	0.2	5.5	1
3785154.0110142273	0.2	4.7	1
3812604.129965087	0.2	4.9	1
3840088.2101510083	0.2	1.5	1
3867698.471369756	0.2	5.5	1
3895343.6938235653	0.2	1.5	1
3923021.877512437	0.2	1.5	1
3950813.25926447	0.2	4.9	1
3978731.82204933	0.2	5.5	1
4006746.638245941	0.4	5.9	1
4034885.635475379	0.2	5.5	1
4063152.8137376434	0.2	5.5	1
4091528.5290731816	0.2	4.7	1
4120008.120492105	0.2	4.5	1
4148593.248984302	0.2	4.7	1
4177295.236529549	0.2	5.1	1
4206030.185309858	0.2	1.5	1
4234826.22651203	0.2	2.75	1
4263750.448747029	0.2	5.5	1
4292798.191024966	0.2	5.3	1
4321939.156911568	0.2	4.0	1
4351193.320861331	0.2	4.9	1
4380570.004854033	0.2	5.3	1
4410038.9124553995	0.2	4.0	1
4439601.0734685175	0.4	5.9	1
4469226.326903499	0.2	2.75	1
4498974.100381418	0.2	5.3	1
4528819.12727109	0.4	5.9	1
4558762.4075725125	0.4	5.9	1
4588832.8689067615	0.2	5.5	1
4619016.528304173	0.2	4.9	1
4649235.148936646	0.2	1.5	1
4679575.289612058	0.2	5.3	1
4709979.522709332	0.2	2.75	1
4740481.009218358	0.4	5.9	1
4771098.354780435	0.2	5.1	1
4801745.661577573	0.2	1.5	1
4832427.929609773	0.2	1.5	1
4863213.734715247	0.2	4.7	1
4894034.501055782	0.2	1.5	1
4924976.787439255	0.2	5.3	1
4956027.6108960025	0.2	4.7	1
4987196.2934058	0.2	5.1	1
5018471.512988871	0.2	4.7	1
5049838.956180607	0.2	4.0	1
5081325.258425392	0.2	5.1	1
5112845.52190524	0.2	1.5	1
5144478.983448249	0.2	4.9	1
5176227.304044309	0.2	5.1	1
5208083.82270353	0.2	4.9	1
5240034.594774503	0.4	5.9	1
5272107.886888415	0.2	5.3	1
5304304.699045264	0.2	5.3	1
5336608.048275387	0.2	4.7	1
5369030.917548448	0.2	5.3	1
5401573.967854336	0.2	5.5	1
5434240.538203162	0.2	5.3	1
5466971.200973852	0.2	2.75	1
5499818.383787479	0.2	5.3	1
5532762.820012858	0.4	5.9	1
5565805.509649989	0.4	5.9	1
5598882.160522182	0.2	1.5	1
5632061.687477759	0.2	4.5	1
5665364.734476276	0.2	5.3	1
5698729.873896656	0.2	2.75	1
5732215.533359974	0.2	5.3	1
5765812.390886453	0.2	4.9	1
5799442.2096479945	0.2	1.5	1
5833189.887462586	0.2	5.1	1
5867065.746310004	0.2	5.5	1
5901038.858569174	0.4	5.9	1
5935105.194437008	0.2	4.0	1
5969283.728368005	0.2	4.9	1
6003560.515710752	0.4	5.9	1
6037899.395475363	0.2	2.75	1
6072343.151323359	0.2	4.5	1
6106884.160583108	0.4	5.9	1
6141521.423254607	0.4	5.9	1
6176262.562009492	0.2	4.5	1
6211093.924373042	0.2	4.0	1
6246042.145789642	0.2	5.1	1
6281091.243289627	0.2	4.5	1
6316249.877862886	0.2	4.7	1
6351535.693468971	0.2	5.5	1
6386937.368128107	0.2	5.1	1
6422452.240850404	0.2	4.9	1
6458064.366984452	0.4	5.9	1
6493763.7167271655	0.2	4.0	1
6529556.290078544	0.2	4.0	1
6565451.739513308	0.2	4.5	1
6601459.387011233	0.2	4.9	1
6637584.893562208	0.2	5.1	1
6673824.598176345	0.2	4.9	1
6710177.500853645	0.2	4.9	1
6746638.940604217	0.2	4.7	1
6783197.633766541	0.4	5.9	1
6819790.288163927	0.2	1.5	1
6856492.479634587	0.2	4.7	1
6893317.191148185	0.2	5.3	1
6930263.422704722	0.2	5.3	1
6967333.174304197	0.2	5.3	1
7004525.44594661	0.2	5.3	1
7041779.810010886	0.2	2.75	1
7079139.711148435	0.2	4.7	1
7116625.793318812	0.2	5.5	1
7154175.967911052	0.2	2.75	1
7191818.366111956	0.2	4.0	1
7229551.987921525	0.2	4.0	1
7267409.129774032	0.2	5.3	1
7305369.147709925	0.2	4.5	1
7343362.1268808795	0.2	1.5	1
7381463.6431251075	0.2	4.7	1
7419599.120604398	0.2	1.5	1
7457769.559318749	0.2	1.5	1
7496032.221641766	0.2	4.0	1
7534417.404007721	0.2	5.3	1
7572836.547608738	0.2	1.5	1
7611372.550262805	0.2	5.1	1
7649942.514151934	0.2	1.5	1
7688626.676104224	0.2	4.9	1
7727414.7141399	0.2	4.5	1
7766301.005587327	0.4	5.9	1
7805283.550446507	0.4	5.9	1
7844382.954358735	0.2	5.1	1
7883600.217324014	0.2	5.1	1
7922909.703897958	0.2	4.0	1
7962336.049524952	0.2	5.1	1
8001794.356387007	0.2	1.5	1
8041362.2003223365	0.2	4.7	1
8081026.297669417	0.4	5.9	1
8120810.915059436	0.2	5.3	1
8160699.40853284	0.2	4.5	1
8200680.125614909	0.2	4.0	1
8240755.09610873	0.4	5.9	1
8280922.290211216	0.2	4.0	1
8321151.5767355645	0.2	2.75	1
8361414.824494975	0.2	1.5	1
8401801.592297323	0.2	5.3	1
8442295.897172946	0.2	4.7	1
8482908.06110162	0.2	5.1	1
8523551.186265353	0.2	1.5	1
8564303.84850236	0.2	4.7	1
8605174.369792419	0.2	5.1	1
8646172.072115304	0.2	5.5	1
8687291.294481127	0.2	5.3	1
8728535.697879776	0.2	5.5	1
8769882.977361811	0.2	4.5	1
8811294.34926571	0.2	2.75	1
8852802.974581359	0.4	5.9	1
8894439.780929836	0.2	5.5	1
8936110.548513373	0.2	1.5	1
8977906.497129738	0.2	5.5	1
9019806.321829489	0.2	4.5	1
9061814.683602512	0.2	4.7	1
9103884.137797398	0.2	2.75	1
9145985.553227346	0.2	1.5	1
9188191.84474068	0.2	4.5	1
9230496.389665766	0.4	5.9	1
9272926.115623677	0.2	5.5	1
9315389.802816652	0.2	1.5	1
9357964.688072788	0.2	4.9	1
9400603.665750787	0.2	2.75	1
9443347.51951217	0.2	4.5	1
9486188.626685306	0.4	5.9	1
9529126.987270193	0.4	5.9	1
9572163.601266831	0.4	5.9	1
9615318.07431652	0.2	5.1	1
9658599.728399036	0.2	5.5	1
9701974.606090216	0.2	4.0	1
9745462.681844559	0.2	4.9	1
9789054.633682286	0.2	4.5	1
9832742.838931765	0.4	5.9	1
9876544.242244406	0.2	4.9	1
9920467.165599985	0.2	5.3	1
9964478.31256423	0.2	4.0	1
10008553.551950337	0.2	2.75	1
10052751.311379382	0.2	5.3	1
10097058.6078817	0.2	4.7	1
10141469.780467406	0.2	4.5	1
10186004.473096048	0.2	5.3	1
10230600.258146554	0.2	2.75	1
10275287.266805725	0.2	4.0	1
10320102.456497723	0.2	5.5	1
10364949.607424783	0.2	1.5	1
10409909.956415003	0.2	4.9	1
10454933.397827087	0.2	2.75	1
10500085.020271998	0.2	5.5	1
10545298.735138772	0.2	2.75	1
10590615.326088931	0.2	4.5	1
10636027.170450842	0.4	5.9	1
10681473.976047816	0.2	1.5	1
10727017.03505654	0.4	5.9	1
10772663.97014865	0.2	4.5	1
10818423.103303922	0.2	4.9	1
10864274.460067859	0.2	4.0	1
10910239.014894957	0.2	4.9	1
10956321.428775106	0.2	5.1	1
11002509.379728528	0.2	4.7	1
11048760.423103813	0.2	2.75	1
11095046.42771416	0.2	1.5	1
11141456.613357333	0.2	5.5	1
11187985.658053556	0.2	5.1	1
11234630.56180283	0.2	5.1	1
11281338.557973968	0.2	2.75	1
11328081.515380166	0.2	1.5	1
11374938.670849526	0.2	4.9	1
11421888.049927551	0.2	4.0	1
11468954.288058627	0.2	5.1	1
11516137.385242753	0.2	5.1	1
11563430.019500151	0.2	4.7	1
11610831.190830825	0.2	4.7	1
11658330.61557325	0.4	5.9	1
11705923.263924338	0.2	4.0	1
11753605.135884091	0.2	4.0	1
11801390.88392723	0.2	4.5	1
11849267.855579033	0.2	4.0	1
11897237.050839502	0.2	4.0	1
11945334.427132798	0.2	5.5	1
11993545.001489256	0.2	4.9	1
12041848.799454378	0.2	4.0	1
12090255.473502886	0.2	4.5	1
12138696.108786454	0.2	1.5	1
12187262.92510285	0.2	5.5	1
12235926.994830998	0.4	5.9	1
12284715.245591972	0.2	5.5	1
12333567.58877481	0.2	2.75	1
12382454.893192708	0.2	1.5	1
12431375.158845669	0.2	1.5	1
12480423.605531456	0.2	5.5	1
12529579.589290516	0.2	4.7	1
12578841.11012285	0.2	4.7	1
12628206.168028457	0.2	4.7	1
12677693.745977003	0.2	5.3	1
12727245.416347412	0.2	2.75	1
12776923.267750649	0.2	5.5	1
12826703.99523727	0.2	4.5	1
12876548.815145755	0.2	2.75	1
12926514.155097177	0.2	5.3	1
12976589.032121874	0.2	4.7	1
13026698.870381633	0.2	1.5	1
13076901.962053142	0.4	5.9	1
13127214.590797925	0.2	4.7	1
13177562.180777771	0.2	1.5	1
13228032.290800555	0.2	5.3	1
13278534.3620584	0.2	1.5	1
13329134.686727997	0.4	5.9	1
13379827.235006258	0.2	4.0	1
13430637.64233757	0.2	5.1	1
13481552.925752267	0.2	4.5	1
13532562.462578716	0.4	5.9	1
13583693.519448103	0.2	5.3	1
13634919.829729242	0.4	5.9	1
13686252.677083654	0.2	4.7	1
13737678.748046732	0.2	4.0	1
13789208.695093194	0.2	4.5	1
13840864.823172484	0.2	5.5	1
13892619.204663524	0.4	5.9	1
13944481.123227838	0.2	4.7	1
13996406.134214016	0.2	2.75	1
14048365.106435254	0.2	1.5	1
14100432.615729766	0.2	4.7	1
14152604.001107665	0.2	4.5	1
14204884.923558837	0.2	4.7	1
14257200.80724507	0.2	1.5	1
14309622.228004577	0.2	4.7	1
14362134.872372748	0.2	4.0	1
14414740.740349585	0.2	4.0	1
14467455.145399695	0.2	4.7	1
14520232.642871669	0.2	2.75	1
14573118.677416915	0.2	4.7	1
14626131.892994989	0.2	5.5	1
14679179.069808124	0.2	1.5	1
14732345.10567431	0.2	5.1	1
14785601.365149159	0.2	4.0	1
14838975.48367706	0.2	5.1	1
14892382.563440021	0.2	1.5	1
14945893.519286368	0.2	4.5	1
14999531.656165542	0.2	5.5	1
15053274.669128101	0.2	4.5	1
15107131.880153822	0.2	4.9	1
15161106.950232593	0.2	5.1	1
15215115.981546426	0.2	1.5	1
15269242.87191331	0.2	5.1	1
15323479.299353467	0.2	4.7	1
15377833.585846674	0.2	5.1	1
15432221.833574941	0.2	1.5	1
15486644.042538272	0.2	1.5	1
15541194.432534428	0.2	5.5	1
15595861.681583636	0.2	5.1	1
15650593.023054706	0.2	2.75	1
15705422.617937528	0.4	5.9	1
15760350.4662321	0.4	5.9	1
15815396.173579725	0.2	5.1	1
15870564.400970286	0.2	5.3	1
15925844.82642401	0.2	4.9	1
15981222.505289486	0.4	5.9	1
16036712.382218122	0.2	4.9	1
16092321.779189698	0.2	5.3	1
16148054.696204212	0.2	5.3	1
16203882.866630476	0.4	5.9	1
16259775.129478604	0.2	2.75	1
16315701.353561794	0.2	1.5	1
16371660.538880046	0.2	1.5	1
16427712.97761005	0.4	5.9	1
16483877.614403214	0.2	4.9	1
16540135.474805044	0.2	4.0	1
16596488.588618625	0.4	5.9	1
16652954.900495369	0.2	4.9	1
16709454.173607174	0.2	1.5	1
16766051.70013073	0.4	5.9	1
16822682.18788935	0.2	1.5	1
16879404.89925663	0.2	4.0	1
16936250.130666852	0.2	5.3	1
16993159.454498935	0.2	2.75	1
17050186.637384072	0.2	5.1	1
17107271.91269107	0.2	2.75	1
17164448.411606736	0.2	4.0	1
17221685.002944265	0.2	2.75	1
17279014.817890454	0.2	4.0	1
17336453.16990992	0.2	4.7	1
17393955.61435125	0.2	2.75	1
17451522.151214443	0.2	2.75	1
17509212.208120573	0.2	5.3	1
17567006.14111009	0.2	4.5	1
17624898.327511355	0.4	5.9	1
17682825.475147683	0.2	1.5	1
17740849.876195762	0.4	5.9	1
17798971.530655593	0.4	5.9	1
17857156.277537286	0.2	2.75	1
17915454.22248214	0.2	4.9	1
17973843.39103566	0.2	4.0	1
18032324.783197846	0.2	4.0	1
18090838.136595093	0.2	1.5	1
18149455.366075724	0.2	4.5	1
18208175.47163974	0.2	4.5	1
18267018.0972467	0.2	5.3	1
18325955.976265408	0.4	5.9	1
18385022.036316942	0.2	5.5	1
18444191.972451862	0.2	4.5	1
18503425.001008645	0.2	2.75	1
18562749.253174093	0.2	4.0	1
18622170.75875129	0.4	5.9	1
18681689.517740242	0.4	5.9	1
18741301.500337858	0.2	4.0	1
18800946.444170535	0.2	1.5	1
18860655.480425075	0.2	2.75	1
18920476.714742776	0.2	4.9	1
18980361.04148234	0.2	2.75	1
19040365.549254734	0.2	5.5	1
19100432.14944899	0.2	2.75	1
19160609.94770641	0.2	4.9	1
19220905.605016876	0.2	5.1	1
19281322.78237028	0.2	5.3	1
19341856.818776738	0.2	5.1	1
19402453.94760506	0.2	2.75	1
19463164.27449654	0.2	4.9	1
19523934.693809886	0.2	2.75	1
19584802.366534982	0.4	5.9	1
19645767.29267183	0.4	5.9	1
19706794.31123054	0.2	2.75	1
19767885.422211114	0.2	2.75	1
19829066.756800354	0.2	4.0	1
19890310.183811456	0.2	2.75	1
19951588.57205762	0.2	1.5	1
20012931.052725647	0.2	2.75	1
20074336.625815537	0.2	2.75	1
20135868.379938256	0.2	5.5	1
20197507.67113425	0.2	4.7	1
20259261.160393402	0.2	4.9	1
20321122.18672583	0.2	4.7	1
20383079.466470007	0.4	5.9	1
20445129.96982285	0.2	4.0	1
20507294.671238855	0.2	4.9	1
20569572.57071802	0.2	4.9	1
20631969.329250235	0.2	5.1	1
20694463.3411942	0.4	5.9	1
20757059.551201332	0.2	4.9	1
20819744.98481713	0.2	4.0	1
20882526.671844676	0.4	5.9	1
20945372.451294087	0.2	2.75	1
21008251.19197856	0.2	1.5	1
21071247.79171608	0.2	5.1	1
21134337.615062267	0.2	4.0	1
21197536.975481726	0.2	4.7	1
21260832.589312937	0.4	5.9	1
21324220.426752813	0.2	4.0	1
21387710.140276074	0.2	4.5	1
21451326.03483216	0.2	5.5	1
21515003.02181011	0.2	2.75	1
21578796.867841113	0.2	5.1	1
21642717.89490494	0.2	5.5	1
21706703.014390633	0.2	2.75	1
21770808.65391926	0.2	5.3	1
21835006.517056555	0.2	4.0	1
21899298.6336056	0.4	5.9	1
21963715.931187473	0.2	5.5	1
