134.67047756666668	0.6	10.1	1
406.84476603333337	0.4	9.3	1
791.5228654	0.4	7.5	1
1304.7047756666666	0.4	9.1	1
1937.3904968333331	0.4	8.3	1
2710.5800289	0.4	9.7	1
3582.2733718666664	0.4	7.3	1
4545.470525733333	0.4	6.5	1
5610.171490499999	0.4	7.1	1
6770.376266166666	0.4	7.7	1
8044.084852733333	0.4	8.1	1
9414.2972502	0.4	7.7	1
10910.013458566666	0.4	8.5	1
12514.233477833332	0.4	7.5	1
14201.957307999997	0.4	6.5	1
15993.184949066665	0.4	7.1	1
17878.91640103333	0.4	6.5	1
19874.151663899996	0.4	7.5	1
22001.89073766666	0.4	9.1	1
24263.133622333327	0.4	8.9	1
26631.880317899995	0.4	7.3	1
29089.13082436666	0.4	6.1	1
31670.885141733328	0.4	8.3	1
34359.14326999999	0.4	7.5	1
37156.90520916666	0.4	7.7	1
40076.17095923333	0.4	8.3	1
43106.9405202	0.4	7.5	1
46261.21389206667	0.4	9.7	1
49536.991074833335	0.4	8.1	1
52942.2720685	0.4	8.9	1
56492.05687306667	0.4	9.7	1
60157.34548853334	0.4	8.1	1
63950.13791490001	0.4	9.5	1
67860.43415216668	0.4	8.5	1
71871.23420033335	0.4	6.7	1
75988.53805940002	0.4	7.5	1
80245.34572936669	0.4	9.5	1
84587.65721023336	0.4	6.1	1
89055.47250200003	0.4	8.5	1
93658.79160466671	0.4	9.1	1
98394.61451823337	0.4	8.9	1
103234.94124270004	0.4	7.1	1
108181.7717780667	0.4	7.5	1
113267.10612433337	0.4	9.3	1
118452.94428150004	0.4	7.3	1
123770.45291623336	0.6	10.1	1
129181.46536186669	0.4	6.5	1
134732.98161840002	0.4	9.5	1
140415.00168583335	0.4	8.9	1
146215.5255641667	0.4	8.3	1
152100.55325340002	0.4	6.5	1
158100.08475353336	0.4	7.9	1
164214.1200645667	0.4	8.1	1
170456.65918650004	0.4	9.3	1
176791.70211933338	0.4	7.3	1
183233.24886306672	0.4	7.5	1
189769.29941770007	0.4	6.3	1
196440.85378323338	0.4	9.1	1
203251.9119596667	0.4	9.5	1
210178.47394700002	0.4	7.9	1
217226.53974523334	0.4	8.3	1
224352.10935436666	0.4	6.3	1
231537.1827744	0.4	6.1	1
