30.18890919196067	0.2	1.5	1
138.87037130057837	0.2	4.0	1
325.0443863258531	0.2	4.0	1
565.5591324054367	0.2	2.75	1
895.6514516445923	0.2	4.7	1
1313.297052545344	0.2	4.5	1
1758.1315626380565	0.2	1.5	1
2293.543645890341	0.2	4.7	1
2922.5333023021976	0.2	4.7	1
3646.100531873626	0.2	4.7	1
4456.245334604627	0.2	4.7	1
5295.579046527588	0.2	1.5	1
6223.4660401121455	0.2	4.5	1
7228.84558661336	0.2	4.0	1
8327.802706274146	0.2	4.7	1
9482.10055698924	0.2	2.75	1
10660.587316896297	0.2	1.5	1
11889.414807857662	0.2	2.75	1
13207.795580480622	0.2	4.5	1
14553.365262295543	0.2	1.5	1
15929.123853302426	0.2	1.5	1
17393.435725970903	0.2	4.5	1
18951.325171798955	0.2	4.7	1
20599.79219078658	0.2	4.7	1
22327.75176269086	0.2	4.0	1
24140.264616256736	0.2	4.5	1
26045.355042982184	0.2	4.7	1
28045.023042867204	0.2	4.7	1
30124.18359566888	0.2	4.0	1
32233.53305766252	0.2	1.5	1
34373.07142884812	0.2	1.5	1
36600.16308169531	0.2	4.5	1
38912.8080162041	0.2	4.5	1
41255.64185990485	0.2	1.5	1
43691.05327676517	0.2	4.7	1
46206.957246542144	0.2	4.0	1
48752.05012551109	0.2	1.5	1
51352.48373553433	0.2	2.75	1
54044.49491871715	0.2	4.7	1
56791.84683295428	0.2	2.75	1
59628.75202885301	0.2	4.5	1
62555.21050641333	0.2	4.5	1
65535.00971502796	0.2	2.75	1
68604.36220530419	0.2	4.5	1
71729.05542663473	0.2	2.75	1
74932.24120088192	0.2	4.0	1
78186.76770618343	0.2	2.75	1
81468.48312067689	0.2	1.5	1
84841.77610832993	0.2	4.7	1
88305.64666914253	0.2	4.7	1
91823.85796100945	0.2	2.75	1
95436.64682603593	0.2	4.7	1
99128.92824397907	0.2	4.0	1
102901.70221483886	0.2	4.0	1
106753.96873861532	0.2	4.0	1
110685.72781530843	0.2	4.0	1
114697.97944491821	0.2	4.0	1
118790.72362744463	0.2	4.0	1
122977.04538313064	0.2	4.7	1
127242.85969173329	0.2	4.0	1
131589.1665532526	0.2	4.0	1
135990.81414582624	0.2	2.75	1
140471.95429131654	0.2	4.0	1
145033.58698972347	0.2	4.0	1
149684.77296979201	0.2	4.5	1
154413.4515027772	0.2	4.0	1
159234.70760892198	0.2	4.7	1
164135.4562679834	0.2	4.0	1
169116.69747996147	0.2	4.0	1
174178.4312448562	0.2	4.0	1
179269.3539189429	0.2	1.5	1
184439.76914594628	0.2	4.0	1
189689.67692586628	0.2	4.0	1
195020.07725870295	0.2	4.0	1
200428.97014445628	0.2	4.0	1
205917.35558312628	0.2	4.0	1
211486.2335747129	0.2	4.0	1
217109.45229735386	0.2	2.75	1
222788.0117510491	0.2	2.75	1
228544.06375766103	0.2	4.0	1
234380.60831718962	0.2	4.0	1
240295.64542963487	0.2	4.0	1
246291.17509499675	0.2	4.0	1
252367.1973132753	0.2	4.0	1
258523.71208447052	0.2	4.0	1
264759.7194085824	0.2	4.0	1
271076.2192856109	0.2	4.0	1
277472.2117155561	0.2	4.0	1
283947.69669841795	0.2	4.0	1
290503.6742341964	0.2	4.0	1
297153.2293431345	0.2	4.7	1
303897.36202523217	0.2	4.7	1
310670.68361652177	0.2	1.5	1
317523.497760728	0.2	4.0	1
324456.8044578509	0.2	4.0	1
331470.6037078905	0.2	4.0	1
338538.74368898437	0.2	2.75	1
345695.43695173983	0.2	4.5	1
352932.622767412	0.2	4.0	1
360264.3861562437	0.2	4.7	1
367650.4902761297	0.2	2.75	1
375089.93512707	0.2	2.75	1
382605.872530927	0.2	4.0	1
390202.30248770065	0.2	4.0	1
397879.22499739093	0.2	4.0	1
405636.6400599979	0.2	4.0	1
413473.5476755215	0.2	4.0	1
421389.94784396177	0.2	4.0	1
429386.8405653187	0.2	4.0	1
437462.2258395923	0.2	4.0	1
445618.10366678255	0.2	4.0	1
453852.47404688946	0.2	4.0	1
462167.336979913	0.2	4.0	1
470561.69246585324	0.2	4.0	1
479036.5405047101	0.2	4.0	1
487591.8810964837	0.2	4.0	1
496226.7142411739	0.2	4.0	1
504941.0399387807	0.2	4.0	1
513734.85818930424	0.2	4.0	1
522608.1689927444	0.2	4.0	1
531561.9723491012	0.2	4.0	1
540594.2682583747	0.2	4.0	1
549717.1174493097	0.2	4.5	1
558917.4591931615	0.2	4.0	1
568172.1416680675	0.2	2.75	1
577520.4017161331	0.2	4.7	1
586954.2150458603	0.2	4.5	1
596466.5209285042	0.2	4.0	1
606007.01572034	0.2	1.5	1
615637.0637938374	0.2	4.5	1
625346.6044202516	0.2	4.0	1
635136.6375995823	0.2	4.0	1
645006.1633318297	0.2	4.0	1
654956.1816169937	0.2	4.0	1
664986.6924550744	0.2	4.0	1
675106.7808663147	0.2	4.7	1
685305.3618304715	0.2	4.0	1
695584.4353475452	0.2	4.0	1
705943.0014175355	0.2	4.0	1
716392.1450606853	0.2	4.7	1
726919.7812567519	0.2	4.0	1
737539.995025978	0.2	4.7	1
748247.7620768656	0.2	4.5	1
758984.7180369453	0.2	1.5	1
769811.2272786866	0.2	4.5	1
780728.2898020894	0.2	4.5	1
