25.2	0.03	1.2	1
117.60000000000001	0.03	3.2	1
281.40000000000003	0.03	3.4	1
525.0	0.03	3.8	1
840.0	0.03	3.4	1
1230.6	0.03	3.6	1
1667.3999999999999	0.05	2.2	1
2158.7999999999997	0.04	2.6	1
2734.2	0.03	4.0	1
3385.2	0.04	3.6	1
4095.0	0.04	2.8	1
4901.4	0.03	4.6	1
5775.0	0.04	3.2	1
6686.4	0.03	1.8	1
7686.0	0.03	4.2	1
8744.4	0.04	2.8	1
9828.0	0.03	1.2	1
11079.6	0.03	8.0	1
12385.8	0.04	2.6	1
13750.8	0.04	2.8	1
15174.599999999999	0.03	2.8	1
16674.0	0.03	3.6	1
18240.6	0.04	3.2	1
19874.399999999998	0.03	3.2	1
21569.1	0.03	2.9	1
23322.6	0.04	2.8	1
25134.899999999998	0.04	2.8	1
27022.8	0.03	3.6	1
28969.5	0.04	2.8	1
30941.4	0.03	1.2	1
32988.9	0.03	3.6	1
35112.0	0.03	3.6	1
37302.3	0.03	3.2	1
39568.200000000004	0.03	3.6	1
41905.50000000001	0.03	3.4	1
44377.200000000004	0.04	6.4	1
46907.700000000004	0.04	2.8	1
49524.3	0.03	4.1	1
52203.9	0.04	3.0	1
54948.6	0.03	3.1	1
57857.1	0.03	7.8	1
60828.6	0.04	3.0	1
63833.7	0.04	1.6	1
66903.9	0.03	3.1	1
70079.09999999999	0.03	5.0	1
73304.7	0.04	2.4	1
76576.5	0.03	2.2	1
79902.9	0.04	2.6	1
83275.5	0.03	2.2	1
86715.3	0.03	3.2	1
90237.0	0.03	3.9	1
93846.9	0.03	4.2	1
97515.59999999999	0.04	2.8	1
101238.9	0.03	2.6	1
105067.2	0.03	5.0	1
108945.9	0.04	2.4	1
112883.4	0.04	2.8	1
116911.2	0.03	4.3	1
121006.2	0.04	3.2	1
125153.7	0.02	2.5	1
129360.0	0.04	2.8	1
133654.5	0.03	4.2	1
138007.8	0.04	2.8	1
142430.4	0.03	3.3	1
146899.19999999998	0.03	2.2	1
151561.19999999998	0.03	9.2	1
156294.59999999998	0.03	3.4	1
161114.09999999998	0.03	4.1	1
166000.8	0.04	3.2	1
171055.5	0.03	8.0	1
176185.8	0.03	3.6	1
181408.5	0.03	4.4	1
186690.0	0.03	2.8	1
192030.3	0.04	2.8	1
197433.59999999998	0.04	3.0	1
202966.09999999998	0.04	6.2	1
208645.59999999998	0.03	7.0	1
214396.49999999997	0.03	3.4	1
220214.59999999998	0.04	3.2	1
226087.3	0.04	2.6	1
232027.19999999998	0.03	3.2	1
238038.49999999997	0.04	3.4	1
244116.99999999997	0.03	3.2	1
250224.89999999997	0.03	1.4	1
256391.59999999998	0.04	2.8	1
262612.89999999997	0.03	2.6	1
268897.19999999995	0.03	3.0	1
275311.69999999995	0.04	6.2	1
281759.79999999993	0.04	1.6	1
288275.0999999999	0.03	3.2	1
294943.6999999999	0.03	7.3	1
301664.7999999999	0.03	2.5	1
308474.09999999986	0.03	4.2	1
315333.7999999999	0.03	2.4	1
322260.6999999999	0.04	3.2	1
329254.7999999999	0.04	3.2	1
336324.4999999999	0.03	3.6	1
343448.7999999999	0.04	2.6	1
350657.09999999986	0.03	4.0	1
357905.2999999999	0.03	1.9	1
365210.1999999999	0.04	2.7	1
372582.2999999999	0.04	3.2	1
379985.89999999985	0.03	1.5	1
387460.89999999985	0.04	3.4	1
394982.09999999986	0.03	2.2	1
402557.89999999985	0.04	2.6	1
410293.2999999999	0.03	7.6	1
418079.09999999986	0.03	2.4	1
425923.69999999984	0.03	2.8	1
433831.2999999998	0.04	3.0	1
441764.0999999998	0.03	1.2	1
449833.3999999998	0.03	6.5	1
457936.2999999998	0.03	1.6	1
466108.4999999998	0.04	3.3	1
474377.2999999998	0.03	4.6	1
482704.8999999998	0.04	2.8	1
491183.6999999998	0.03	7.2	1
499704.49999999977	0.03	2.0	1
508288.29999999976	0.04	3.0	1
516930.89999999973	0.04	2.8	1
525628.0999999997	0.04	2.6	1
534468.0999999997	0.03	6.8	1
543362.6999999997	0.04	2.6	1
552324.4999999998	0.04	3.2	1
561359.7999999998	0.03	3.5	1
570460.1999999998	0.03	3.1	1
579615.1999999998	0.04	2.6	1
588824.7999999998	0.04	2.6	1
598189.7999999998	0.04	7.4	1
607621.9999999998	0.03	3.2	1
617117.1999999997	0.04	3.0	1
626681.6999999997	0.03	3.3	1
636319.6999999997	0.04	3.5	1
646020.6999999997	0.04	3.0	1
655818.2999999997	0.04	4.6	1
665678.8999999997	0.04	3.0	1
675644.4999999997	0.03	5.0	1
685677.2999999997	0.03	3.2	1
695770.9999999997	0.04	2.9	1
705948.6999999996	0.03	4.0	1
716206.1999999996	0.03	3.8	1
726518.2999999996	0.04	2.6	1
736889.1999999996	0.04	2.8	1
747318.8999999996	0.04	2.8	1
757811.5999999995	0.04	3.0	1
768363.0999999995	0.04	2.8	1
778939.7999999995	0.03	1.2	1
789579.4999999994	0.03	3.0	1
800276.9999999994	0.04	2.8	1
811043.7999999995	0.03	3.3	1
821856.7999999995	0.03	2.2	1
832820.9999999994	0.03	7.2	1
843852.3999999994	0.03	3.2	1
854938.3999999994	0.03	2.6	1
866104.1999999995	0.03	3.8	1
877345.5999999995	0.03	3.6	1
888654.1999999995	0.03	3.2	1
900050.9999999995	0.03	4.2	1
911523.3999999996	0.03	3.6	1
923142.7999999996	0.03	7.0	1
934825.1999999996	0.03	3.0	1
946610.4999999997	0.03	4.9	1
958504.9999999997	0.04	5.2	1
970479.2999999997	0.03	3.8	1
982499.7999999997	0.03	2.2	1
994583.2999999997	0.04	3.0	1
1006733.9999999997	0.04	3.2	1
1018930.8999999997	0.03	2.2	1
1031190.7999999997	0.04	3.0	1
1043526.2999999997	0.03	3.6	1
1055928.9999999998	0.04	3.2	1
1068394.6999999997	0.04	3.0	1
1080998.9999999998	0.04	6.6	1
1093664.1999999997	0.04	2.9	1
1106383.9999999998	0.04	2.6	1
1119229.7999999998	0.04	6.0	1
1132174.2999999998	0.03	4.7	1
1145185.9999999998	0.03	3.2	1
1158252.2999999998	0.04	2.6	1
1171385.7999999998	0.04	3.2	1
1184590.6999999997	0.04	3.4	1
1197904.7999999998	0.03	5.2	1
1211288.1999999997	0.04	3.3	1
1224732.4999999998	0.03	2.9	1
1238235.5999999999	0.04	2.8	1
1251835.2999999998	0.03	4.6	1
1265493.7999999998	0.04	2.8	1
1279206.9	0.04	2.6	1
1292995.5999999999	0.03	3.6	1
1306813.7	0.03	1.4	1
1320709.5	0.04	3.7	1
1334643.1	0.05	1.8	1
1348704.8	0.04	6.1	1
1362879.9000000001	0.04	5.4	1
1377101.2000000002	0.02	2.2	1
1391385.5000000002	0.04	3.0	1
1405741.2000000002	0.03	3.4	1
1420151.5000000002	0.03	2.6	1
1434624.8000000003	0.04	3.0	1
1449165.3000000003	0.03	3.2	1
1463789.8000000003	0.03	4.0	1
1478481.5000000002	0.04	3.2	1
1493253.0000000002	0.03	3.8	1
1508093.8000000003	0.03	3.3	1
1523010.2000000002	0.03	3.6	1
1537968.6	0.03	2.0	1
1552994.2000000002	0.03	3.2	1
1568091.2000000002	0.03	3.4	1
1583347.8000000003	0.03	7.6	1
1598667.4000000004	0.03	3.0	1
1614050.0000000005	0.04	3.0	1
1629495.6000000006	0.03	3.0	1
1645092.4000000006	0.03	7.2	1
1660743.8000000005	0.04	2.6	1
1676462.4000000006	0.04	3.2	1
1692244.0000000007	0.03	3.0	1
1708055.0000000007	0.03	1.4	1
1723946.9000000006	0.03	3.9	1
1739857.7000000007	0.04	0.9	1
1755898.7000000007	0.04	6.2	1
1772109.8000000007	0.03	8.1	1
1788388.1000000008	0.03	3.2	1
1804752.5000000007	0.03	4.1	1
1821186.2000000007	0.03	3.3	1
1837699.7000000007	0.03	3.8	1
1854272.0000000007	0.04	2.8	1
1870911.5000000007	0.04	3.2	1
1887651.8000000007	0.03	4.8	1
1904466.7000000007	0.03	3.6	1
1921437.0000000007	0.03	7.4	1
1938491.3000000007	0.03	4.0	1
1955644.3000000007	0.03	4.7	1
1972877.1000000008	0.03	3.8	1
1990193.9000000008	0.03	4.0	1
2007605.200000001	0.03	4.5	1
2025085.800000001	0.04	3.3	1
2042660.900000001	0.03	4.5	1
2060286.400000001	0.04	2.4	1
2077985.400000001	0.04	3.5	1
2095793.600000001	0.03	5.2	1
2113679.500000001	0.03	3.7	1
2131620.000000001	0.04	2.6	1
2149619.3000000007	0.04	2.8	1
2167706.8000000007	0.03	4.2	1
2185853.1000000006	0.04	2.8	1
2204098.1000000006	0.03	4.7	1
2222380.9000000004	0.03	1.8	1
2240737.2	0.04	3.5	1
2259171.2	0.03	3.7	1
2277672.4000000004	0.04	3.2	1
2296240.8000000003	0.03	3.2	1
2314966.7	0.03	7.5	1
2333793.4000000004	0.03	4.8	1
2352678.9000000004	0.04	2.8	1
2371642.1000000006	0.03	3.7	1
2390773.3000000007	0.03	8.0	1
2409975.900000001	0.03	3.4	1
2429256.2000000007	0.04	3.7	1
2448603.7000000007	0.04	3.2	1
2467997.400000001	0.03	2.2	1
2487487.7000000007	0.03	4.6	1
2507070.400000001	0.08	4.4	1
2526714.000000001	0.03	2.9	1
2546441.600000001	0.03	4.0	1
2566240.600000001	0.04	3.4	1
2586132.000000001	0.03	4.4	1
2606086.400000001	0.03	3.0	1
2626093.3000000007	0.04	2.5	1
2646171.6000000006	0.04	3.4	1
2666317.1000000006	0.04	3.2	1
2686529.8000000007	0.04	3.2	1
2706782.400000001	0.03	1.9	1
2727093.8000000007	0.04	2.8	1
2747485.000000001	0.03	3.8	1
2767951.8000000007	0.03	3.6	1
2788609.7000000007	0.03	9.1	1
