5.8667	0.03	3.2	1
17.6001	0.04	3.2	1
35.5668	0.03	3.4	1
59.216800000000006	0.03	3.1	1
85.0668	0.07	1.2	1
116.9668	0.03	3.3	1
152.1668	0.03	1.8	1
194.3335	0.03	3.8	1
240.90019999999998	0.03	2.4	1
291.1336	0.04	2.0	1
343.9337	0.03	1.4	1
404.0671	0.03	4.0	1
468.9672	0.04	2.6	1
539.3673	0.04	3.0	1
616.3674	0.03	3.6	1
701.8008	0.03	4.6	1
794.2009	0.03	3.8	1
897.9677	0.04	6.2	1
1004.6678	0.03	1.6	1
1117.2346	0.03	3.2	1
1235.8514	0.03	3.3	1
1360.3349	0.03	3.2	1
1492.8851	0.03	4.4	1
1631.302	0.03	3.2	1
1778.1522	0.03	4.6	1
1931.7857	0.03	3.7	1
2088.3525	0.06	1.6	1
2252.2526	0.03	4.0	1
2421.6526999999996	0.03	3.0	1
2596.5527999999995	0.04	3.0	1
2777.1361999999995	0.03	3.1	1
2964.3195999999994	0.03	3.6	1
3158.102999999999	0.03	3.6	1
3357.0196999999994	0.04	2.8	1
3561.803099999999	0.03	3.2	1
3772.269799999999	0.04	3.1	1
3985.669799999999	0.03	1.6	1
4202.003099999999	0.03	1.6	1
4425.303099999999	0.03	3.8	1
4653.736399999999	0.04	2.8	1
4887.669699999999	0.04	3.0	1
5128.569699999998	0.03	3.8	1
5375.702999999999	0.03	3.4	1
5626.6862999999985	0.03	2.1	1
5893.069599999999	0.03	8.4	1
6164.952899999999	0.03	3.0	1
6444.5362	0.03	4.2	1
6728.8862	0.04	2.6	1
7019.1029	0.03	3.2	1
7315.186299999999	0.04	3.2	1
7616.769699999999	0.04	3.0	1
7925.686399999999	0.03	4.0	1
8241.203099999999	0.03	3.6	1
8560.019799999998	0.03	1.8	1
8885.069799999997	0.03	3.4	1
9215.253099999998	0.03	2.8	1
9548.369699999997	0.03	1.6	1
9888.086299999997	0.03	3.6	1
10234.402899999997	0.03	3.6	1
10586.586199999998	0.03	3.2	1
10943.169499999998	0.04	2.4	1
11304.886099999998	0.04	2.8	1
11681.269399999997	0.03	8.0	1
12064.252699999997	0.03	3.6	1
12457.869299999997	0.03	5.8	1
12855.885899999997	0.03	2.4	1
13259.769199999997	0.03	3.2	1
13669.152499999997	0.04	3.0	1
14085.135799999996	0.03	3.6	1
14506.802399999997	0.04	3.1	1
14943.318999999998	0.03	8.1	1
15386.068899999998	0.03	3.4	1
15835.785499999998	0.03	3.8	1
16290.268799999998	0.04	2.6	1
16749.518799999998	0.04	2.6	1
17212.4355	0.03	2.0	1
17680.1189	0.04	2.6	1
18160.085600000002	0.03	6.7	1
18645.552300000003	0.03	3.0	1
19137.619000000002	0.03	3.6	1
19636.285700000004	0.03	3.6	1
20139.719100000006	0.04	2.6	1
20657.085800000004	0.03	7.6	1
21177.752500000006	0.03	1.8	1
21709.785900000006	0.03	6.2	1
22257.219300000008	0.03	8.4	1
22810.15270000001	0.04	3.0	1
23368.03610000001	0.04	2.7	1
23931.78620000001	0.02	3.2	1
24501.40300000001	0.03	3.2	1
25077.619800000008	0.03	3.6	1
25659.70330000001	0.04	3.2	1
26250.58680000001	0.03	4.8	1
26851.92030000001	0.02	5.7	1
27459.853800000008	0.03	3.6	1
28074.38730000001	0.03	3.6	1
28700.28750000001	0.04	6.2	1
29332.42100000001	0.03	3.4	1
29967.85450000001	0.03	1.8	1
30608.788000000008	0.04	3.0	1
31253.754800000006	0.04	2.2	1
31904.221600000004	0.04	3.0	1
32564.588400000004	0.04	5.4	1
33228.25520000001	0.04	1.8	1
33896.688700000006	0.04	2.6	1
34570.988900000004	0.03	3.2	1
35250.4224	0.04	2.8	1
35933.522600000004	0.03	2.0	1
36625.789500000006	0.03	5.0	1
37327.9564	0.04	5.4	1
38035.6233	0.04	3.0	1
38759.4235	0.03	8.8	1
39493.490399999995	0.04	5.6	1
40233.42399999999	0.03	3.2	1
40981.05759999999	0.03	4.2	1
41733.824499999995	0.04	2.8	1
42489.89139999999	0.04	1.8	1
43251.641599999995	0.04	3.1	1
44018.5251	0.04	2.8	1
44801.9086	0.03	9.0	1
45590.792100000006	0.04	3.0	1
46385.54230000001	0.03	3.2	1
47185.609200000006	0.04	2.9	1
47992.092800000006	0.03	3.5	1
48806.093100000006	0.03	4.1	1
49627.610100000005	0.03	4.1	1
50453.893800000005	0.04	2.6	1
51285.31080000001	0.04	2.8	1
52121.49450000001	0.04	2.6	1
52962.81150000001	0.04	2.8	1
53810.36180000001	0.04	3.4	1
54664.145400000016	0.03	3.4	1
55522.69570000002	0.03	2.6	1
56384.17930000002	0.03	1.6	1
57251.529600000016	0.03	3.2	1
58132.07990000002	0.03	7.2	1
59018.49690000002	0.03	3.2	1
59910.78060000002	0.04	3.2	1
60809.48100000002	0.04	3.5	1
61714.41470000002	0.03	3.4	1
62626.31510000002	0.03	3.8	1
63541.51550000002	0.03	1.8	1
64460.74920000002	0.03	2.2	1
65385.84960000002	0.03	3.2	1
66315.53330000002	0.04	2.5	1
67249.98370000003	0.04	2.6	1
68187.36740000003	0.04	1.6	1
69129.88440000004	0.04	2.8	1
70078.26810000004	0.04	3.2	1
71029.58510000004	0.03	1.6	1
71988.23540000003	0.03	4.0	1
72953.11900000004	0.04	3.4	1
73927.90260000003	0.04	5.4	1
74907.08620000003	0.03	2.4	1
75892.13650000004	0.04	3.2	1
76883.05350000004	0.03	3.2	1
77879.10380000004	0.04	2.8	1
78880.65410000004	0.03	3.0	1
79887.70440000005	0.04	3.0	1
80900.25470000005	0.04	3.0	1
81916.47170000005	0.03	2.0	1
82938.55540000006	0.04	3.2	1
83962.83910000006	0.03	1.2	1
84992.25610000006	0.04	2.8	1
86028.27310000005	0.03	3.6	1
87070.52340000005	0.04	3.4	1
88121.94040000005	0.03	5.0	1
89178.67410000005	0.04	2.9	1
90240.54110000005	0.03	2.8	1
91310.10810000004	0.03	4.2	1
92384.62510000005	0.04	2.7	1
93464.27540000004	0.04	2.8	1
94550.89240000004	0.03	3.8	1
95643.37610000004	0.04	3.2	1
96741.17650000003	0.04	2.9	1
97845.94360000003	0.03	3.8	1
98956.94400000003	0.04	3.4	1
100075.27770000004	0.03	4.0	1
101202.41140000004	0.03	4.8	1
102335.04510000005	0.04	3.0	1
103470.97880000004	0.03	1.8	1
104614.42920000004	0.03	4.1	1
105762.64630000004	0.04	2.6	1
106916.73010000003	0.04	3.2	1
108075.94720000002	0.04	2.8	1
109239.56430000003	0.03	2.4	1
110409.41470000002	0.04	3.4	1
111584.58180000003	0.04	2.9	1
112764.88220000002	0.04	2.8	1
113950.68260000003	0.04	3.0	1
115145.28300000002	0.03	4.8	1
116346.48340000003	0.03	3.6	1
117562.35050000003	0.03	8.0	1
118783.71760000003	0.03	3.0	1
120012.60140000003	0.04	4.1	1
121247.71850000003	0.03	3.4	1
122489.43560000003	0.04	3.6	1
123736.28600000002	0.04	2.8	1
124985.70310000003	0.04	1.4	1
126242.45350000003	0.03	4.0	1
127505.25390000003	0.03	3.3	1
128773.92100000003	0.04	3.2	1
130048.82140000003	0.03	3.4	1
131328.48850000004	0.04	2.6	1
132614.02230000004	0.04	3.2	1
133906.52280000004	0.03	3.8	1
135204.89000000004	0.04	3.2	1
136509.12390000004	0.04	3.2	1
137818.85780000003	0.03	3.0	1
139131.89170000004	0.03	1.8	1
140450.42560000005	0.03	3.0	1
141774.09280000004	0.04	2.8	1
143103.26000000004	0.04	3.0	1
144437.19390000004	0.04	2.6	1
145781.39450000005	0.03	5.6	1
147130.54510000005	0.04	2.7	1
148484.82900000006	0.04	2.8	1
149846.07960000006	0.04	3.8	1
151213.93020000006	0.04	3.6	1
152588.01410000006	0.04	3.4	1
153969.43130000005	0.03	4.0	1
155358.54850000006	0.03	4.2	1
156759.76570000008	0.03	6.6	1
158167.03290000008	0.04	3.3	1
159579.0668000001	0.03	2.6	1
160996.96740000008	0.03	3.2	1
162428.9847000001	0.03	7.7	1
163867.96870000008	0.03	3.8	1
165312.8194000001	0.03	3.2	1
166763.9034000001	0.04	3.4	1
168221.2207000001	0.03	3.4	1
169683.6713000001	0.03	2.8	1
171151.2552000001	0.04	2.8	1
172623.7058000001	0.03	3.2	1
174100.9231000001	0.04	2.6	1
175590.6071000001	0.03	6.8	1
177086.1578000001	0.04	3.2	1
178587.94180000012	0.04	3.4	1
180097.4258000001	0.03	4.2	1
181611.85980000012	0.04	2.7	1
183130.69380000012	0.04	2.4	1
184654.6611000001	0.04	2.8	1
186184.1284000001	0.03	3.0	1
187719.4624000001	0.04	3.2	1
189260.6631000001	0.03	3.2	1
190807.36380000008	0.04	3.0	1
192358.09780000008	0.04	2.2	1
193913.9651000001	0.04	2.8	1
195476.0657000001	0.04	3.4	1
197052.4663000001	0.03	7.8	1
198635.10020000007	0.03	3.4	1
200222.86740000008	0.03	2.8	1
201816.86790000007	0.03	3.4	1
203416.36840000006	0.03	3.0	1
205021.36890000006	0.04	3.0	1
206638.83610000007	0.03	6.8	1
208261.8033000001	0.03	3.0	1
209890.63720000008	0.03	3.2	1
211524.6044000001	0.04	2.8	1
213164.8049000001	0.03	3.4	1
214809.4054000001	0.03	2.4	1
216457.6726000001	0.05	2.0	1
218112.1731000001	0.04	3.4	1
219771.4403000001	0.04	2.6	1
221436.5742000001	0.03	3.2	1
223108.6748000001	0.03	3.8	1
224784.4421000001	0.03	2.0	1
226465.1594000001	0.03	2.7	1
228155.04340000008	0.03	5.0	1
229856.6607000001	0.03	6.4	1
231564.1447000001	0.03	3.2	1
233284.4620000001	0.02	7.0	1
235009.9126000001	0.04	2.8	1
236741.2299000001	0.04	3.2	1
238477.3139000001	0.04	2.6	1
240219.6312000001	0.03	3.4	1
241969.28180000008	0.03	4.0	1
243724.61570000008	0.04	3.1	1
245485.8163000001	0.03	3.2	1
247253.2502000001	0.03	3.4	1
249029.8508000001	0.04	5.0	1
250813.0514000001	0.03	3.6	1
252610.91870000013	0.03	8.0	1
254414.28600000014	0.04	3.0	1
256224.25330000013	0.03	3.6	1
258039.35390000013	0.04	2.8	1
259861.42120000013	0.03	3.8	1
261696.68850000013	0.03	7.2	1
263536.72250000015	0.03	2.6	1
265391.42320000014	0.03	8.0	1
267247.9572000001	0.03	1.0	1
269116.9579000001	0.03	6.8	1
270992.0086000001	0.03	3.3	1
272880.2593000001	0.03	7.2	1
274774.7433000001	0.03	3.4	1
276674.3606000001	0.04	2.8	1
278580.2112000001	0.03	3.4	1
280491.19510000007	0.03	2.8	1
282409.3290000001	0.03	3.9	1
284333.3296000001	0.04	3.2	1
286262.4635000001	0.04	2.8	1
288195.9974000001	0.04	2.4	1
290132.4646000001	0.03	1.6	1
292074.79850000015	0.03	3.2	1
294022.26570000016	0.04	2.8	1
295975.5996000002	0.03	3.2	1
297935.9002000002	0.03	3.8	1
299902.0675000002	0.03	3.2	1
301883.26810000016	0.03	8.2	1
303869.96870000014	0.04	3.0	1
305867.30260000017	0.03	5.8	1
307867.9365000002	0.04	1.8	1
309874.0704000002	0.03	3.0	1
311886.4376000002	0.03	3.4	1
313907.6048000002	0.03	4.8	1
315933.5387000002	0.04	2.6	1
317965.3393000002	0.04	3.2	1
320003.0066000002	0.03	3.2	1
322045.2572000002	0.03	2.5	1
324094.10780000023	0.03	3.6	1
326149.37510000024	0.03	3.5	1
328211.2424000002	0.03	3.6	1
330280.2597000002	0.03	3.9	1
332354.9603000002	0.04	3.1	1
334435.8942000002	0.03	3.4	1
336522.3281000002	0.04	3.0	1
338622.32870000025	0.04	7.4	1
340725.26260000025	0.03	1.6	1
342838.82980000024	0.03	5.8	1
344957.16370000027	0.03	2.6	1
347080.0809000003	0.04	2.5	1
349209.2314000003	0.03	3.4	1
351340.9486000003	0.03	1.4	1
353479.2658000003	0.03	3.6	1
355631.1497000003	0.04	7.4	1
357790.3669000003	0.03	4.0	1
359955.45080000034	0.03	3.2	1
362125.85140000033	0.03	2.9	1
364301.3853000003	0.04	2.8	1
366482.4192000003	0.03	3.0	1
368668.9531000003	0.04	3.0	1
370859.15370000026	0.03	2.0	1
373057.60430000024	0.03	4.5	1
375260.82160000026	0.04	2.6	1
377471.55560000025	0.03	4.1	1
379688.5229000003	0.03	3.4	1
381911.35690000025	0.03	3.2	1
384140.42420000024	0.03	3.4	1
386375.72480000026	0.03	3.4	1
388617.62540000025	0.03	3.6	1
390864.65930000023	0.04	2.8	1
393118.29320000025	0.03	3.6	1
395378.89380000025	0.03	3.8	1
397649.02770000027	0.04	5.2	1
399925.0283000003	0.04	3.2	1
402207.2622000003	0.03	3.4	1
404492.79610000027	0.03	1.8	1
406782.7300000003	0.03	2.4	1
409077.0639000003	0.03	2.4	1
411377.9978000003	0.03	3.6	1
413685.5317000003	0.03	3.6	1
416010.8489000003	0.03	9.7	1
418341.8494000003	0.03	3.1	1
420686.4166000003	0.03	7.4	1
423033.5505000003	0.03	1.4	1
425386.3677000003	0.04	3.1	1
427745.4182000003	0.04	3.4	1
430107.7687000003	0.03	1.8	1
432475.6192000003	0.03	3.0	1
434847.86970000033	0.04	2.4	1
437223.78690000036	0.03	2.0	1
439604.65410000033	0.04	2.7	1
441990.65460000036	0.03	2.8	1
444381.05510000035	0.03	2.4	1
446777.68890000036	0.04	3.4	1
449180.92270000034	0.03	3.6	1
451589.65650000033	0.04	3.0	1
454004.25700000033	0.04	3.2	1
456431.3242000003	0.03	6.8	1
458864.62470000033	0.03	3.4	1
461301.04190000036	0.03	1.7	1
463742.5924000004	0.04	2.8	1
466196.24290000036	0.03	6.6	1
468655.39340000035	0.03	3.0	1
471121.5106000003	0.03	3.8	1
473593.4945000003	0.04	3.2	1
476070.9784000003	0.04	3.0	1
478562.02900000033	0.04	7.4	1
481058.21290000033	0.04	2.8	1
483556.96350000036	0.03	1.4	1
486060.8474000004	0.04	2.8	1
488570.96460000036	0.03	3.4	1
491085.11510000034	0.03	2.2	1
493606.04890000034	0.03	3.7	1
496132.11600000033	0.04	2.8	1
498664.0498000003	0.03	3.2	1
501201.1169000003	0.04	2.8	1
503746.2507000003	0.03	4.4	1
506297.4345000003	0.03	3.3	1
508856.8683000003	0.03	4.5	1
511421.9854000003	0.04	3.1	1
513994.43580000027	0.03	4.0	1
516571.28620000026	0.04	2.4	1
519154.0033000003	0.03	3.2	1
521742.5871000003	0.03	3.2	1
524334.4709000003	0.03	1.8	1
526931.1214000003	0.03	2.6	1
529532.9052000003	0.04	2.8	1
532142.0223000003	0.03	4.0	1
534757.0061000003	0.04	3.2	1
537376.9399000003	0.04	2.7	1
540011.5404000003	0.03	8.0	1
542651.6409000002	0.04	3.0	1
545297.4247000002	0.03	3.1	1
547945.7752000003	0.03	1.4	1
550601.0924000003	0.03	3.8	1
553263.8429000003	0.03	4.6	1
555937.5934000002	0.04	6.0	1
558616.1106000002	0.04	2.6	1
561300.4945000003	0.03	3.2	1
563990.0117000003	0.04	2.8	1
566685.0289000003	0.03	3.0	1
569385.5461000003	0.03	3.0	1
572088.2633000002	0.03	1.2	1
574798.3138000002	0.03	4.0	1
577514.7810000002	0.03	3.5	1
580237.1149000002	0.03	3.2	1
582965.3155000001	0.03	3.2	1
585699.7494000001	0.03	3.4	1
588441.5166000001	0.03	4.0	1
591188.7838000001	0.04	3.0	1
593942.2843	0.03	3.4	1
596703.1181000001	0.03	4.0	1
599470.5519000001	0.03	3.6	1
602242.7524000001	0.04	2.6	1
605020.0862000001	0.04	2.8	1
607800.7200000001	0.04	1.8	1
610586.8538	0.04	3.0	1
613378.8543	0.03	3.2	1
616173.0548	0.03	1.2	1
618973.8553	0.03	3.6	1
621780.8891	0.03	3.4	1
624594.1562000001	0.04	3.4	1
627414.3900000001	0.03	3.8	1
630241.7738000001	0.03	3.9	1
633075.7576000001	0.03	3.6	1
635913.4081000001	0.04	2.0	1
638757.1086000002	0.03	3.3	1
641606.6758000002	0.04	3.2	1
644463.2097000002	0.03	3.8	1
647323.0436000002	0.03	1.8	1
650189.1108000003	0.03	3.4	1
653060.3113000003	0.04	2.8	1
655937.0118000003	0.03	3.0	1
658819.5790000004	0.04	3.2	1
661708.3795000004	0.04	3.4	1
664601.7633000003	0.04	2.5	1
667500.6471000003	0.04	3.0	1
670412.7309000003	0.04	7.2	1
673335.0814000003	0.03	5.6	1
676260.3652000002	0.03	1.6	1
679192.9823000003	0.03	4.0	1
682131.4661000003	0.04	3.2	1
685083.8832000003	0.03	7.6	1
688049.1336000003	0.04	7.0	1
691020.2507000003	0.04	3.2	1
693995.7678000004	0.03	2.4	1
696976.4182000004	0.04	2.8	1
699962.2019000005	0.04	2.8	1
702950.1856000004	0.03	1.2	1
705942.2026000004	0.03	2.2	1
708947.0529000005	0.04	7.0	1
711957.4032000005	0.04	3.0	1
714974.7202000006	0.03	3.8	1
717997.5372000006	0.03	3.0	1
721024.0209000006	0.03	2.0	1
724053.4379000006	0.03	1.6	1
727088.3549000006	0.03	3.0	1
730125.8386000006	0.03	1.4	1
733177.6223000006	0.03	7.8	1
736236.3727000006	0.03	3.8	1
739300.9898000007	0.03	3.2	1
742371.8402000007	0.03	3.4	1
745447.4573000007	0.04	2.6	1
748538.1077000007	0.03	8.2	1
751634.8081000007	0.03	3.3	1
754738.1085000007	0.03	3.6	1
757850.5756000007	0.03	5.0	1
760968.9094000007	0.03	3.2	1
764103.7432000007	0.03	9.0	1
767245.5437000007	0.03	3.8	1
770393.5775000007	0.03	3.4	1
773545.2780000007	0.03	2.0	1
776702.6618000007	0.04	3.1	1
779863.5289000007	0.03	1.9	1
783030.9960000007	0.03	3.6	1
786201.7631000008	0.04	1.8	1
789375.0969000008	0.03	1.4	1
792551.7307000008	0.03	1.8	1
795732.7645000007	0.03	2.4	1
798921.4983000008	0.03	4.2	1
802115.3654000008	0.04	2.8	1
805322.0658000008	0.01	7.0	1
808534.9995000008	0.03	3.4	1
811754.8999000009	0.03	3.8	1
814980.3003000009	0.04	3.0	1
818213.0340000009	0.03	4.0	1
821453.101000001	0.03	4.0	1
824698.668000001	0.04	3.0	1
827949.735000001	0.03	3.0	1
831206.3020000011	0.04	3.0	1
834468.3690000011	0.03	3.0	1
837737.9527000011	0.03	4.1	1
841013.036400001	0.04	3.0	1
844290.503400001	0.03	1.3	1
847575.670400001	0.03	4.2	1
850867.804100001	0.03	3.8	1
854167.271100001	0.03	4.0	1
857472.4214000009	0.03	3.1	1
860784.5384000009	0.03	3.8	1
864102.5221000009	0.03	3.2	1
867426.0058000009	0.04	3.0	1
870755.7228000008	0.03	3.4	1
874092.4065000009	0.03	3.8	1
877434.9569000008	0.03	3.2	1
880783.3740000008	0.03	3.2	1
884137.4744000008	0.04	3.1	1
887501.1081000008	0.03	5.2	1
890866.5751000007	0.03	1.0	1
894237.1754000008	0.04	2.8	1
897620.2424000008	0.03	6.8	1
901010.6427000008	0.03	4.0	1
904406.1763000007	0.03	2.8	1
907812.3432000007	0.04	5.8	1
911222.1768000007	0.03	2.0	1
914644.4771000007	0.03	6.8	1
918081.4441000007	0.03	8.0	1
921521.3444000006	0.03	1.6	1
924967.4780000006	0.03	3.4	1
928417.0949000006	0.03	1.9	1
931872.2118000006	0.04	3.0	1
935329.5287000006	0.03	1.2	1
938792.3456000006	0.03	3.0	1
942260.2958000005	0.04	2.8	1
945734.8460000006	0.04	3.6	1
949214.1629000006	0.04	2.6	1
952699.7131000006	0.03	3.4	1
956191.4966000007	0.04	3.4	1
959694.2801000007	0.04	6.0	1
963202.5636000007	0.04	3.0	1
966715.6138000007	0.04	2.6	1
970233.4307000007	0.03	2.6	1
973756.3809000007	0.04	2.8	1
977284.8311000007	0.04	3.0	1
980819.5146000007	0.04	3.4	1
984367.3981000007	0.03	7.2	1
987929.9483000007	0.03	8.0	1
991505.3318000007	0.03	7.0	1
995087.6820000007	0.03	3.8	1
998675.5322000007	0.03	3.0	1
1002267.0491000008	0.03	2.0	1
1005864.7993000008	0.04	3.4	1
1009469.5162000008	0.03	3.8	1
1013079.3664000008	0.03	2.8	1
1016696.5499000008	0.03	4.0	1
1020321.0667000008	0.03	4.0	1
1023950.7168000008	0.04	2.8	1
1027584.7669000007	0.03	2.4	1
1031226.8837000007	0.03	4.4	1
1034874.1338000007	0.04	2.8	1
1038525.4172000006	0.03	2.2	1
1042182.5673000006	0.03	3.2	1
1045845.5841000006	0.04	3.2	1
1049522.9009000005	0.03	7.8	1
1053207.9177000006	0.03	4.2	1
1056898.0678000005	0.04	2.8	1
1060601.0512000006	0.04	7.0	1
1064309.9013000005	0.04	3.2	1
1068033.6014000005	0.03	8.1	1
1071762.2515000005	0.04	2.7	1
1075497.1349000004	0.03	3.4	1
1079237.8850000005	0.04	3.2	1
1082984.5018000004	0.03	3.2	1
1086742.1186000004	0.03	6.0	1
1090504.5021000004	0.04	2.6	1
1094272.3856000004	0.04	3.0	1
1098046.1358000003	0.04	3.2	1
1101829.6027000004	0.02	5.3	1
1105616.0029000004	0.03	1.6	1
1109407.5364000003	0.04	2.8	1
1113204.9366000004	0.03	3.2	1
1117008.9368000003	0.03	3.6	1
1120826.6870000002	0.03	7.5	1
1124646.2705	0.03	1.0	1
1128470.6207	0.04	2.6	1
1132300.4709	0.04	3.0	1
1136136.9211000002	0.03	3.6	1
1139978.1380000003	0.04	2.6	1
1143825.5882000003	0.04	3.4	1
1147678.5384000004	0.04	3.0	1
1151535.5219000005	0.03	2.2	1
1155396.1721000005	0.03	2.0	1
1159268.0056000005	0.03	6.1	1
1163153.4058000005	0.03	7.4	1
1167044.3060000006	0.04	3.0	1
1170948.0395000007	0.03	7.0	1
1174857.6397000006	0.04	3.2	1
1178772.7399000006	0.04	3.0	1
1182690.7734000005	0.03	1.6	1
1186615.0402000006	0.03	3.4	1
1190544.4403000006	0.03	2.8	1
1194489.6071000006	0.03	8.6	1
1198442.1072000007	0.03	4.0	1
1202400.4740000006	0.04	3.2	1
1206362.1408000006	0.04	1.8	1
1210330.4076000007	0.03	3.6	1
1214309.6744000008	0.03	6.0	1
1218294.8079000008	0.03	3.2	1
1222286.1747000008	0.03	3.4	1
1226283.7748000007	0.03	3.4	1
1230287.9749000007	0.03	3.6	1
1234297.6750000007	0.03	3.0	1
1238313.9751000009	0.03	3.6	1
1242336.8752000008	0.03	3.6	1
1246366.375300001	0.03	3.6	1
1250402.108700001	0.03	3.4	1
1254442.2421000008	0.03	2.4	1
1258485.042200001	0.03	2.0	1
1262535.3590000009	0.03	4.1	1
1266592.825800001	0.03	3.9	1
1270655.792600001	0.04	3.0	1
1274725.542700001	0.04	3.7	1
1278808.859500001	0.03	7.4	1
1282906.476300001	0.04	7.8	1
1287008.859800001	0.04	2.6	1
1291115.6433000008	0.04	2.4	1
1295228.843500001	0.03	3.5	1
1299347.9104000009	0.04	3.2	1
1303473.2106000008	0.04	3.4	1
1307604.0108000007	0.04	3.0	1
1311741.5943000007	0.03	3.7	1
1315885.7778000007	0.03	3.6	1
1320038.5780000007	0.03	4.7	1
1324197.2449000007	0.03	3.2	1
1328361.2285000007	0.03	2.9	1
1332530.7121000006	0.04	3.0	1
1336703.4957000006	0.03	1.8	1
1340884.1626000006	0.03	4.3	1
1345070.6962000006	0.04	3.2	1
1349264.5631000006	0.03	4.0	1
1353462.8300000005	0.03	2.4	1
1357665.1302000005	0.03	2.2	1
1361870.4637000004	0.03	2.2	1
1366082.7639000004	0.03	3.8	1
1370304.5974000003	0.03	5.2	1
1374534.3142000004	0.03	4.3	1
1378766.5977000003	0.03	1.4	1
1383006.9479000003	0.03	4.4	1
1387252.4314000004	0.04	2.8	1
1391504.1482000004	0.03	3.4	1
1395760.9983000003	0.04	2.8	1
1400029.9484000003	0.03	6.6	1
1404305.8652000003	0.03	3.8	1
1408588.9320000003	0.04	3.9	1
1412890.1488000003	0.03	9.9	1
1417197.4156000004	0.03	3.3	1
1421511.6491000005	0.03	3.8	1
1425832.1159000006	0.03	3.4	1
1430158.4494000005	0.04	3.2	1
1434491.3829000005	0.03	3.6	1
1438831.2831000006	0.03	3.8	1
1443184.2000000007	0.02	7.1	1
1447544.8169000007	0.03	4.2	1
1451912.7671000008	0.03	4.0	1
1456287.5006000008	0.03	3.7	1
1460677.6341000008	0.03	8.4	1
1465082.0676000009	0.03	7.8	1
1469494.2011000009	0.03	4.2	1
1473912.5679000008	0.03	3.4	1
1478336.801400001	0.03	3.2	1
1482765.8016000008	0.04	2.6	1
1487207.268500001	0.03	6.8	1
1491655.702100001	0.03	3.8	1
1496114.402400001	0.02	5.6	1
1500575.302700001	0.03	1.2	1
1505043.1697000011	0.03	3.8	1
1509517.4534000012	0.03	3.5	1
1513999.0704000012	0.03	4.0	1
1518490.0374000012	0.03	5.1	1
1522987.6044000012	0.04	3.6	1
1527491.7714000011	0.03	3.6	1
1532011.8884000012	0.03	8.7	1
1536540.2554000013	0.03	4.5	1
1541075.2224000013	0.04	3.6	1
1545615.5061000013	0.03	2.9	1
1550162.0231000013	0.03	3.4	1
1554713.6734000014	0.04	2.8	1
1559279.6237000013	0.03	7.8	1
1563848.8740000012	0.03	1.8	1
1568425.8243000011	0.03	4.2	1
1573011.2079000012	0.03	4.6	1
1577601.5415000012	0.04	2.7	1
1582198.1084000012	0.03	3.4	1
1586801.2753000013	0.04	3.6	1
1591409.9422000013	0.04	3.0	1
1596025.2091000013	0.03	3.6	1
1600646.7093000012	0.03	3.4	1
1605274.8095000011	0.03	3.6	1
1609906.9430000011	0.03	2.2	1
1614540.5432000011	0.03	0.8	1
1619181.110100001	0.03	3.8	1
1623836.343700001	0.03	8.0	1
1628498.177300001	0.03	3.6	1
1633167.710900001	0.03	4.2	1
1637856.677800001	0.03	10.6	1
1642551.1447000012	0.03	3.0	1
1647250.3783000011	0.03	2.6	1
1651956.578600001	0.03	3.8	1
1656667.545600001	0.04	2.6	1
1661381.445900001	0.03	1.6	1
1666101.212900001	0.04	3.2	1
1670826.846600001	0.03	3.2	1
1675563.847000001	0.03	6.2	1
1680314.047400001	0.03	7.2	1
1685072.6811000009	0.03	4.6	1
1689837.1815000009	0.03	3.2	1
1694609.748600001	0.03	4.4	1
1699388.182400001	0.03	3.2	1
1704169.182900001	0.03	1.4	1
1708958.4334000011	0.03	4.5	1
1713753.9172000012	0.04	3.4	1
1718551.6010000012	0.03	1.2	1
1723355.151500001	0.03	3.2	1
1728165.668700001	0.03	3.8	1
1732982.9692000009	0.03	3.7	1
1737805.4030000009	0.04	2.8	1
1742637.0035000008	0.03	5.0	1
1747475.754000001	0.03	3.9	1
1752320.004500001	0.04	3.0	1
1757169.755000001	0.03	3.0	1
1762025.0055000011	0.04	3.0	1
1766883.1893000011	0.03	1.6	1
1771746.5064000012	0.04	2.8	1
1776617.8902000012	0.03	4.4	1
1781492.940700001	0.03	2.0	1
1786373.491200001	0.04	3.0	1
1791258.808400001	0.04	2.6	1
1796152.558900001	0.03	4.6	1
1801051.809400001	0.04	3.0	1
1805957.109900001	0.04	3.3	1
1810867.9104000009	0.04	3.0	1
1815784.944200001	0.03	3.4	1
1820707.111300001	0.04	2.8	1
1825638.078400001	0.03	4.8	1
1830577.295500001	0.03	4.5	1
1835531.179300001	0.03	8.0	1
1840490.929800001	0.04	3.2	1
1845461.680300001	0.03	6.0	1
1850435.730800001	0.04	1.8	1
1855417.481300001	0.03	4.2	1
1860411.698500001	0.03	6.8	1
1865411.4157000012	0.04	3.0	1
1870416.2662000011	0.04	2.8	1
1875425.883400001	0.04	2.6	1
1880443.200600001	0.03	4.2	1
1885466.751100001	0.03	3.4	1
1890505.3349000008	0.03	8.2	1
1895552.1687000007	0.03	4.5	1
1900601.2025000008	0.04	1.2	1
1905654.8196000007	0.03	2.5	1
1910714.1200000008	0.04	3.1	1
