4.875	0.04	3.0	1
15.925	0.03	3.8	1
31.85	0.03	3.0	1
52.1625	0.03	2.7	1
76.7	0.04	2.6	1
107.0875	0.04	3.6	1
142.5125	0.04	3.1	1
184.11249999999998	0.03	3.8	1
231.39999999999998	0.03	3.5	1
282.42499999999995	0.03	2.3	1
338.48749999999995	0.03	3.1	1
400.07499999999993	0.03	3.4	1
472.7124999999999	0.03	6.8	1
551.5249999999999	0.03	3.8	1
637.4874999999998	0.03	4.4	1
728.9749999999999	0.03	3.4	1
825.0124999999999	0.04	2.8	1
926.2499999999999	0.03	3.2	1
1031.7124999999999	0.04	2.6	1
1142.05	0.04	3.0	1
1256.6125	0.04	2.6	1
1376.375	0.03	3.2	1
1501.3375	0.04	3.2	1
1631.825	0.03	3.4	1
1764.5875	0.03	1.4	1
1902.5500000000002	0.03	3.2	1
2043.6000000000001	0.03	1.9	1
2186.6000000000004	0.06	1.2	1
2335.9375000000005	0.03	3.9	1
2498.2750000000005	0.03	8.0	1
2665.8125000000005	0.03	3.2	1
2837.5750000000003	0.04	2.6	1
3016.0000000000005	0.03	4.1	1
3208.0750000000003	0.03	8.4	1
3404.05	0.04	2.4	1
3605.0625	0.04	3.1	1
3811.275	0.04	3.2	1
4022.0375	0.04	2.8	1
4240.6	0.04	4.8	1
4464.525000000001	0.03	3.3	1
4693.975	0.03	3.4	1
4929.6	0.03	3.8	1
5172.700000000001	0.04	4.6	1
5420.837500000001	0.03	3.1	1
5678.400000000001	0.03	5.8	1
5947.6625	0.04	7.2	1
6221.8	0.04	3.0	1
6500.1625	0.03	2.6	1
6782.587500000001	0.04	2.5	1
7071.837500000001	0.03	4.2	1
7367.262500000001	0.03	3.8	1
7669.35	0.03	4.1	1
7976.3125	0.04	3.0	1
8288.15	0.03	3.0	1
8604.2125	0.03	2.6	1
8925.9625	0.04	3.5	1
9251.9375	0.03	2.6	1
9582.95	0.03	3.1	1
9916.8875	0.03	1.8	1
10256.675000000001	0.03	3.6	1
10599.062500000002	0.03	1.6	1
10946.650000000001	0.04	3.2	1
11297.487500000001	0.05	2.0	1
11654.175000000001	0.03	3.6	1
12016.062500000002	0.04	3.2	1
12388.675000000001	0.03	6.6	1
12766.812500000002	0.03	3.4	1
13147.875000000002	0.03	1.8	1
13533.812500000002	0.03	3.0	1
13926.087500000001	0.03	3.9	1
14323.075	0.02	2.9	1
14724.775000000001	0.03	2.9	1
15131.025000000001	0.03	2.8	1
15542.475000000002	0.03	3.2	1
15961.725000000002	0.02	4.8	1
16386.175000000003	0.03	3.2	1
16814.687500000004	0.04	2.5	1
17247.750000000004	0.04	2.8	1
17686.012500000004	0.03	3.2	1
18129.800000000003	0.03	3.4	1
18579.437500000004	0.03	3.6	1
19034.762500000004	0.03	3.5	1
19494.637500000004	0.04	2.8	1
19960.362500000003	0.03	3.6	1
20430.9625	0.04	3.0	1
20915.537500000002	0.03	8.6	1
21404.662500000002	0.04	2.8	1
21898.0125	0.04	2.6	1
22396.8875	0.04	3.4	1
22901.6125	0.03	3.6	1
23410.5625	0.04	2.6	1
23923.4125	0.03	2.4	1
24442.762499999997	0.03	4.0	1
24966.6625	0.03	2.8	1
25502.262499999997	0.03	7.2	1
26042.4125	0.03	2.8	1
26587.1125	0.04	2.8	1
27137.337499999998	0.04	3.4	1
27699.262499999997	0.04	7.2	1
28270.612499999996	0.03	5.8	1
28847.487499999996	0.04	3.4	1
29428.912499999995	0.04	2.8	1
30015.049999999996	0.03	2.9	1
30606.062499999996	0.04	3.0	1
31207.474999999995	0.03	6.4	1
31814.737499999996	0.03	3.6	1
32424.599999999995	0.03	1.6	1
33038.03749999999	0.03	2.2	1
33665.93749999999	0.03	8.9	1
34299.03749999999	0.03	3.2	1
34939.28749999999	0.03	4.4	1
35586.03749999999	0.03	4.0	1
36244.81249999999	0.04	7.4	1
36906.18749999999	0.03	1.6	1
37579.91249999999	0.03	7.6	1
38258.837499999994	0.03	3.2	1
38943.612499999996	0.03	3.6	1
39635.212499999994	0.03	4.2	1
40332.66249999999	0.03	3.6	1
41034.98749999999	0.04	3.0	1
41741.21249999999	0.03	2.4	1
42460.599999999984	0.03	8.1	1
43184.21249999999	0.04	2.6	1
43913.999999999985	0.03	3.8	1
44656.13749999998	0.03	7.6	1
45402.82499999998	0.04	2.8	1
46155.687499999985	0.03	3.8	1
46913.749999999985	0.03	3.2	1
47676.687499999985	0.04	3.0	1
48444.82499999998	0.04	3.2	1
49221.73749999998	0.04	5.4	1
50001.73749999998	0.03	1.9	1
50786.93749999998	0.04	3.2	1
51583.83749999998	0.03	7.2	1
52384.96249999998	0.04	2.6	1
53192.26249999998	0.03	3.8	1
54004.437499999985	0.04	3.0	1
54820.83749999999	0.04	2.6	1
55640.64999999999	0.04	2.1	1
56471.51249999999	0.04	6.8	1
57307.41249999999	0.04	3.1	1
58150.13749999999	0.03	4.2	1
58999.36249999999	0.03	4.0	1
59854.92499999999	0.03	3.9	1
60717.63749999999	0.03	4.4	1
61585.22499999999	0.04	3.0	1
62458.337499999994	0.03	3.4	1
63339.24999999999	0.04	4.8	1
64226.337499999994	0.03	3.8	1
65118.95	0.03	3.4	1
66016.4375	0.04	3.0	1
66924.975	0.04	6.8	1
67840.01250000001	0.03	4.0	1
68766.26250000001	0.04	6.9	1
69695.76250000001	0.03	2.0	1
70629.48750000002	0.04	2.6	1
71568.41250000002	0.03	3.2	1
72513.83750000002	0.03	4.0	1
73464.78750000002	0.04	3.4	1
74420.93750000001	0.04	3.2	1
75390.73750000002	0.03	8.4	1
76368.01250000001	0.03	4.6	1
77351.46250000001	0.04	3.8	1
78338.1625	0.03	2.0	1
79326.4875	0.04	1.0	1
80320.6625	0.03	3.6	1
81319.875	0.04	3.1	1
82324.6125	0.03	3.4	1
83335.2	0.04	3.6	1
84350.0125	0.03	2.6	1
85372.3	0.03	4.6	1
86399.1375	0.04	2.8	1
87430.525	0.04	2.8	1
88466.1375	0.04	2.6	1
89506.3	0.03	2.8	1
90559.7875	0.03	8.2	1
91618.475	0.03	3.2	1
92682.0375	0.04	3.0	1
93750.8	0.04	3.2	1
94824.1125	0.03	2.8	1
95902.95	0.03	3.4	1
96995.1125	0.03	8.2	1
98092.15000000001	0.04	3.0	1
99193.7375	0.04	2.8	1
100301.175	0.03	3.6	1
101413.1625	0.04	2.8	1
102531.0	0.04	3.6	1
103653.0625	0.04	2.6	1
104780.325	0.04	3.2	1
105918.6375	0.03	6.8	1
107066.05	0.04	5.6	1
108217.6875	0.04	2.6	1
109374.525	0.03	3.2	1
110535.91249999999	0.04	2.8	1
111701.525	0.03	2.6	1
112874.28749999999	0.03	4.4	1
114053.54999999999	0.03	4.0	1
115247.76249999998	0.03	9.2	1
116446.19999999998	0.04	2.6	1
117650.16249999998	0.03	3.4	1
118859.64999999998	0.03	3.4	1
120074.98749999997	0.03	3.6	1
121295.84999999998	0.03	3.4	1
122530.84999999998	0.03	8.7	1
123772.99999999997	0.03	4.4	1
125020.67499999997	0.03	3.4	1
126270.29999999997	0.03	1.2	1
127524.14999999998	0.03	2.6	1
128783.84999999998	0.03	3.6	1
130048.39999999998	0.03	3.6	1
131318.14999999997	0.04	3.2	1
132592.77499999997	0.04	3.0	1
133872.92499999996	0.03	3.4	1
135163.14999999997	0.03	6.2	1
136465.72499999998	0.03	7.6	1
137774.47499999998	0.03	3.8	1
139088.425	0.03	3.2	1
140407.25	0.04	3.0	1
141731.275	0.03	3.2	1
143060.3375	0.04	3.1	1
144394.6	0.03	3.2	1
145732.4375	0.03	2.2	1
147078.4	0.04	5.0	1
148429.88749999998	0.03	3.4	1
149786.24999999997	0.04	3.0	1
151146.83749999997	0.04	2.6	1
152508.88749999995	0.03	0.9	1
153876.13749999995	0.03	3.2	1
155248.58749999997	0.03	3.2	1
156626.88749999995	0.03	3.6	1
158008.27499999997	0.03	1.9	1
159395.18749999997	0.03	3.4	1
160794.44999999998	0.03	7.6	1
162197.6125	0.04	2.4	1
163605.0	0.03	2.6	1
165016.9375	0.04	2.8	1
166433.425	0.03	2.8	1
167855.4375	0.04	3.4	1
169286.55	0.03	5.6	1
170720.91249999998	0.05	2.0	1
172161.12499999997	0.03	3.6	1
173605.88749999998	0.04	2.8	1
175056.49999999997	0.03	3.6	1
176511.66249999998	0.04	2.8	1
177972.02499999997	0.04	3.2	1
179436.12499999997	0.02	2.3	1
180905.74999999997	0.03	3.4	1
182380.41249999998	0.03	3.1	1
183860.76249999998	0.03	3.5	1
185344.68749999997	0.04	2.2	1
186833.81249999997	0.03	3.2	1
188329.11249999996	0.04	3.8	1
189829.93749999997	0.03	3.4	1
191332.71249999997	0.03	1.2	1
192839.06249999997	0.03	2.2	1
194349.96249999997	0.04	2.8	1
195868.33749999997	0.03	4.6	1
197391.58749999997	0.04	3.0	1
198919.38749999995	0.04	2.8	1
200451.73749999996	0.03	2.8	1
201991.88749999995	0.03	4.8	1
203543.73749999996	0.03	7.2	1
205097.86249999996	0.03	1.4	1
206654.26249999995	0.03	1.4	1
208224.14999999997	0.03	8.3	1
209799.07499999995	0.03	3.1	1
211379.19999999995	0.03	3.2	1
212962.24999999994	0.03	1.8	1
214550.49999999994	0.04	3.2	1
216144.11249999993	0.04	3.3	1
217741.29999999993	0.03	2.2	1
219340.43749999994	0.03	1.2	1
220941.84999999995	0.03	1.4	1
222544.72499999995	0.03	0.9	1
224151.82499999995	0.04	2.6	1
225764.44999999995	0.03	3.4	1
227381.62499999994	0.04	2.8	1
229003.67499999993	0.03	3.0	1
230630.92499999993	0.03	3.2	1
232263.53749999992	0.03	3.3	1
233901.34999999992	0.03	3.2	1
235544.03749999992	0.03	3.0	1
237192.2499999999	0.03	3.4	1
238845.01249999992	0.04	2.8	1
240503.29999999993	0.03	3.4	1
242166.46249999994	0.03	3.0	1
243834.49999999994	0.04	3.0	1
245508.87499999994	0.03	3.9	1
247186.82499999995	0.03	2.2	1
248869.32499999995	0.04	2.8	1
250558.32499999995	0.03	4.0	1
252251.87499999994	0.03	2.8	1
253950.29999999993	0.04	3.0	1
255664.97499999992	0.03	10.0	1
257384.5249999999	0.03	3.0	1
259110.41249999992	0.03	3.9	1
260840.5249999999	0.03	2.6	1
262575.8374999999	0.03	3.2	1
264316.0249999999	0.03	3.0	1
266065.6374999999	0.04	5.8	1
267820.1249999999	0.03	3.0	1
269578.9999999999	0.04	2.7	1
271349.8999999999	0.03	7.4	1
273125.9999999999	0.04	3.2	1
274906.97499999986	0.04	3.0	1
276692.82499999984	0.04	3.0	1
278482.41249999986	0.04	2.3	1
280275.89999999985	0.03	2.4	1
282074.58749999985	0.04	3.2	1
283883.9999999998	0.03	6.6	1
285695.8499999998	0.03	1.5	1
287513.5499999998	0.03	3.6	1
289335.4749999998	0.03	2.6	1
291163.5749999998	0.03	3.8	1
292996.87499999977	0.04	3.2	1
294834.56249999977	0.03	2.7	1
296677.7749999998	0.04	3.4	1
298523.9124999998	0.03	1.8	1
300375.5749999998	0.03	3.4	1
302231.4624999998	0.04	2.6	1
304093.68749999977	0.03	3.9	1
305959.48749999976	0.03	2.2	1
307830.64999999973	0.03	3.3	1
309707.4999999997	0.03	3.5	1
311589.5499999997	0.03	3.2	1
313476.7999999997	0.03	3.2	1
315368.9249999997	0.04	3.0	1
317266.8999999997	0.03	3.6	1
319170.3999999997	0.03	3.4	1
321081.37499999965	0.03	4.6	1
322996.8999999997	0.04	2.8	1
324916.32499999966	0.03	2.4	1
326837.69999999966	0.03	1.2	1
328763.94999999966	0.04	3.0	1
330694.42499999964	0.04	2.6	1
332630.0999999996	0.03	3.2	1
334570.6499999996	0.03	3.0	1
336513.79999999964	0.04	1.6	1
338461.17499999964	0.04	2.6	1
340413.42499999964	0.03	3.0	1
342370.54999999964	0.04	3.0	1
344339.04999999964	0.03	7.0	1
346310.4749999996	0.03	1.8	1
348286.2874999996	0.04	2.7	1
350266.81249999965	0.04	2.9	1
352251.88749999966	0.04	2.8	1
354242.48749999964	0.04	3.4	1
356236.17499999964	0.05	1.9	1
358234.73749999964	0.04	3.0	1
360238.17499999964	0.04	3.0	1
362246.1624999996	0.04	2.8	1
364259.0249999996	0.03	3.0	1
366275.9499999996	0.04	2.5	1
368299.0499999996	0.03	3.8	1
370327.6749999996	0.03	3.4	1
372361.8249999996	0.04	3.4	1
374400.8499999996	0.03	3.0	1
376445.0749999996	0.03	3.2	1
378499.6999999996	0.04	6.4	1
380571.5499999996	0.02	10.6	1
382647.6249999996	0.04	2.6	1
384729.5499999996	0.03	3.6	1
386816.6749999996	0.04	3.2	1
388908.02499999956	0.04	2.6	1
391003.9249999996	0.04	2.8	1
393112.33749999956	0.03	7.7	1
395225.46249999956	0.04	2.9	1
397351.4249999996	0.03	7.9	1
399488.7624999996	0.04	7.0	1
401628.0499999996	0.07	1.2	1
403771.8874999996	0.04	2.8	1
405921.0874999996	0.03	3.3	1
408072.8874999996	0.03	1.6	1
410229.2374999996	0.04	2.8	1
412392.08749999956	0.03	4.0	1
414561.76249999955	0.03	4.2	1
416735.9874999995	0.04	2.8	1
418915.0874999995	0.03	3.0	1
421100.0374999995	0.03	3.6	1
423288.2374999995	0.03	2.0	1
425479.0374999995	0.03	1.6	1
427673.8999999995	0.03	2.5	1
429876.8874999995	0.04	5.0	1
432085.3999999995	0.03	3.4	1
434301.8749999995	0.04	4.9	1
436522.2499999995	0.04	2.4	1
438755.9499999995	0.03	8.2	1
440994.5249999995	0.04	3.0	1
443244.9624999995	0.03	7.3	1
445500.5999999995	0.03	3.2	1
447761.9249999995	0.04	3.5	1
450029.0999999995	0.03	3.6	1
452301.1499999995	0.04	3.0	1
454589.7749999995	0.02	10.2	1
456882.9499999995	0.04	2.8	1
459181.3249999995	0.04	3.2	1
461483.4374999995	0.04	2.3	1
463799.6874999995	0.03	8.7	1
466122.11249999946	0.03	3.8	1
468449.5749999995	0.04	3.1	1
470780.61249999946	0.03	2.2	1
473117.8249999995	0.03	3.8	1
475460.23749999946	0.03	3.2	1
477807.52499999944	0.03	3.0	1
480160.33749999944	0.03	3.4	1
482519.32499999943	0.03	3.8	1
484881.2374999994	0.04	1.8	1
487247.69999999943	0.04	2.8	1
489619.66249999945	0.03	4.0	1
491997.47499999945	0.03	3.6	1
494380.8124999995	0.03	3.4	1
496769.34999999945	0.03	3.2	1
499162.76249999943	0.04	3.0	1
501560.39999999944	0.03	2.6	1
503963.5624999994	0.03	3.4	1
506371.5999999994	0.04	3.0	1
508782.7249999994	0.05	1.9	1
511208.4749999994	0.03	9.0	1
513639.4249999994	0.04	3.2	1
516084.9999999994	0.03	9.0	1
518538.69999999943	0.03	5.0	1
520997.27499999944	0.04	3.0	1
523461.69999999943	0.03	3.6	1
525931.9749999994	0.03	3.6	1
528407.2874999994	0.03	3.1	1
530888.1249999994	0.03	3.4	1
533371.5624999994	0.03	1.6	1
535859.2249999994	0.04	2.6	1
538349.4874999993	0.03	1.6	1
540853.3999999993	0.03	8.4	1
543363.8124999993	0.03	4.0	1
545879.4249999993	0.03	3.2	1
548401.8624999993	0.03	4.2	1
550935.3499999994	0.04	6.8	1
553481.1874999994	0.03	7.6	1
556030.5999999994	0.03	2.2	1
558585.8624999993	0.03	3.6	1
561153.7999999993	0.03	7.8	1
563730.8374999993	0.03	5.6	1
566310.1499999993	0.03	1.4	1
568900.0249999993	0.03	6.5	1
571495.4249999993	0.04	3.4	1
574096.0249999993	0.03	3.2	1
576700.1999999994	0.04	2.2	1
579307.9499999994	0.03	2.2	1
581919.7624999994	0.04	2.5	1
584537.4249999993	0.03	3.6	1
587159.6374999994	0.03	2.8	1
589786.0749999994	0.03	2.6	1
592417.8749999994	0.03	3.3	1
595054.0624999994	0.04	2.7	1
597693.3374999994	0.02	1.9	1
600340.0874999994	0.03	4.6	1
602991.3874999995	0.04	2.8	1
605646.0999999995	0.03	2.1	1
608310.7249999995	0.04	6.1	1
610980.2249999995	0.04	3.0	1
613654.9249999995	0.04	3.2	1
616336.4499999995	0.03	4.2	1
619024.1499999994	0.03	3.8	1
621714.7749999994	0.03	1.8	1
624410.5999999994	0.03	3.2	1
627109.5124999994	0.03	1.9	1
629814.9249999993	0.03	4.0	1
632530.7374999993	0.03	6.4	1
635252.7249999994	0.03	3.8	1
637979.9124999994	0.04	3.2	1
640712.6249999994	0.04	3.4	1
643451.1874999994	0.03	3.6	1
646194.9499999994	0.03	3.2	1
648942.7749999993	0.04	2.5	1
651695.9624999993	0.03	3.3	1
654454.3499999993	0.03	3.2	1
657219.5624999993	0.03	4.2	1
659986.7249999993	0.03	1.2	1
662759.4124999993	0.03	3.4	1
665536.9749999993	0.04	3.0	1
668317.4624999993	0.03	1.8	1
671102.1749999993	0.04	2.6	1
673892.0874999993	0.04	3.2	1
676687.5249999993	0.03	3.4	1
679488.1624999993	0.03	3.2	1
682299.8499999993	0.03	6.8	1
685115.7624999993	0.04	2.6	1
687935.5749999993	0.04	2.4	1
690759.2874999993	0.03	2.4	1
693587.8749999993	0.03	3.0	1
696426.5374999993	0.04	6.2	1
699270.0749999993	0.03	3.0	1
702119.4624999992	0.03	3.6	1
704973.3999999992	0.04	2.8	1
707830.2624999993	0.04	1.8	1
710691.3499999993	0.04	2.6	1
713559.2624999993	0.03	4.2	1
716436.5999999993	0.03	5.8	1
719323.3624999992	0.03	5.8	1
722217.5999999993	0.03	4.6	1
725116.0624999993	0.04	2.6	1
728019.2374999993	0.04	2.9	1
730927.9374999993	0.03	3.4	1
733840.8624999993	0.04	2.6	1
736764.8374999993	0.03	6.8	1
739692.3874999994	0.03	2.2	1
742625.7874999994	0.04	3.6	1
745563.4124999994	0.03	2.6	1
748506.3999999994	0.03	3.3	1
751453.6124999995	0.04	2.6	1
754405.0499999995	0.04	2.6	1
757361.0374999995	0.04	2.8	1
760329.3749999995	0.03	7.6	1
763302.5874999996	0.04	3.0	1
766282.9499999996	0.03	4.4	1
769265.9124999996	0.03	1.6	1
772254.3999999997	0.03	3.4	1
775247.7624999997	0.03	3.0	1
778247.6249999998	0.03	4.0	1
781253.9874999998	0.03	4.0	1
784271.3999999998	0.04	6.8	1
787290.9249999998	0.03	1.3	1
790315.6499999998	0.03	3.2	1
793345.8999999998	0.03	3.4	1
796389.7999999998	0.03	8.4	1
799443.4499999998	0.03	6.0	1
802501.6499999998	0.03	2.8	1
805565.3749999998	0.03	3.4	1
808631.3749999998	0.03	1.4	1
811702.8999999998	0.03	3.4	1
814780.2749999998	0.03	3.6	1
817861.2249999997	0.04	2.2	1
820946.7249999997	0.04	2.8	1
824036.1249999998	0.03	2.4	1
827131.2124999998	0.03	3.5	1
830234.7499999998	0.03	5.2	1
833350.6374999997	0.03	7.6	1
836472.6999999997	0.03	3.8	1
839599.6374999997	0.04	3.0	1
842732.0999999997	0.03	3.4	1
845870.0874999998	0.03	3.4	1
849014.2499999998	0.03	3.8	1
852163.2874999997	0.03	3.0	1
855316.8749999998	0.04	2.8	1
858476.9624999998	0.03	4.0	1
861642.5749999998	0.04	3.4	1
864813.3874999998	0.04	3.2	1
867988.7499999999	0.04	2.8	1
871169.6374999998	0.04	3.4	1
874355.3999999998	0.04	3.0	1
877542.4624999998	0.03	0.8	1
880734.7249999997	0.04	3.2	1
883938.3624999997	0.04	7.0	1
887147.8499999997	0.03	3.6	1
890363.5124999997	0.03	3.8	1
893585.1874999998	0.03	3.7	1
896812.7124999998	0.03	3.6	1
900041.8624999998	0.03	1.0	1
903277.5124999998	0.03	4.0	1
906517.3874999998	0.03	2.6	1
909762.7874999999	0.03	3.4	1
913014.3624999998	0.03	3.8	1
916270.6499999998	0.03	2.9	1
919532.4624999998	0.04	3.4	1
922799.7999999998	0.04	3.4	1
926070.0624999998	0.03	1.8	1
929344.5499999998	0.03	2.6	1
932621.9624999998	0.03	1.8	1
935904.8999999998	0.03	3.4	1
939192.5499999998	0.04	2.9	1
942485.0749999998	0.04	3.0	1
945782.4749999999	0.03	3.0	1
949084.2624999998	0.04	2.7	1
952394.1749999998	0.04	5.0	1
955708.1499999998	0.04	2.5	1
959030.5749999998	0.04	5.2	1
962355.1124999998	0.03	1.3	1
965691.9999999998	0.03	7.6	1
969033.7624999997	0.03	3.0	1
972380.3999999997	0.04	3.0	1
975731.9124999996	0.04	3.0	1
979091.5499999996	0.03	5.0	1
982456.3874999996	0.03	3.2	1
985823.8249999996	0.03	1.6	1
989196.4624999996	0.03	3.2	1
992572.9999999995	0.03	2.4	1
995954.7374999996	0.03	3.2	1
999340.0499999996	0.04	2.2	1
1002730.8874999996	0.03	3.4	1
1006126.2749999996	0.04	2.8	1
1009527.1874999995	0.03	3.4	1
1012934.2749999996	0.03	3.8	1
1016347.5374999995	0.03	3.8	1
1019765.3499999995	0.03	2.8	1
1023186.4124999995	0.03	2.0	1
1026613.6499999996	0.03	3.8	1
1030045.4374999995	0.04	2.8	1
1033486.9749999995	0.03	6.0	1
1036933.3874999995	0.03	3.0	1
1040392.1499999994	0.03	7.6	1
1043855.1374999995	0.04	2.6	1
1047324.2999999995	0.03	3.8	1
1050798.3374999994	0.04	3.0	1
1054278.2249999994	0.03	3.6	1
1057768.1874999993	0.04	6.2	1
1061265.6249999993	0.03	4.6	1
1064765.6624999994	0.04	1.6	1
1068269.5999999994	0.03	2.4	1
1071778.0874999994	0.04	2.8	1
1075291.7749999994	0.04	3.2	1
1078817.1624999994	0.03	7.2	1
1082348.3999999994	0.03	3.6	1
1085884.3499999994	0.04	2.9	1
1089425.1749999993	0.04	3.0	1
1092978.9999999993	0.03	8.0	1
1096544.0374999994	0.03	6.9	1
1100112.9749999994	0.03	2.4	1
1103687.4374999993	0.03	3.4	1
1107267.0999999994	0.03	3.2	1
1110851.9624999994	0.04	3.2	1
1114441.3749999995	0.03	2.8	1
1118042.4874999996	0.03	7.2	1
1121650.0999999996	0.03	4.0	1
1125263.2374999996	0.03	3.4	1
1128881.8999999997	0.04	3.4	1
1132503.4874999996	0.03	1.8	1
1136136.1249999995	0.04	6.8	1
1139772.0124999995	0.03	2.0	1
1143409.5249999994	0.08	1.0	1
1147051.5874999994	0.03	2.8	1
1150698.5249999994	0.04	3.0	1
1154350.3374999994	0.03	3.0	1
1158005.3999999994	0.03	2.0	1
1161666.6374999995	0.03	3.8	1
1165333.0749999995	0.03	3.2	1
1169004.0624999995	0.03	2.8	1
1172679.9249999996	0.03	3.0	1
1176360.4999999995	0.04	2.9	1
1180045.6249999995	0.04	2.8	1
1183735.6249999995	0.04	3.0	1
1187436.3249999995	0.03	7.2	1
1191149.2124999994	0.02	7.5	1
1194867.2999999993	0.04	3.2	1
1198590.9124999994	0.03	3.4	1
1202319.0749999995	0.04	2.8	1
1206053.4124999994	0.03	3.8	1
1209798.4749999994	0.04	6.6	1
1213548.0874999994	0.04	2.8	1
1217301.5999999994	0.03	2.4	1
1221060.9624999994	0.03	3.6	1
1224823.5749999995	0.03	2.0	1
1228592.5249999994	0.03	3.9	1
1232367.3249999995	0.03	3.6	1
1236148.7874999994	0.03	4.1	1
1239933.8249999995	0.04	2.2	1
1243725.6874999995	0.03	4.2	1
1247519.4999999995	0.03	1.2	1
1251327.4499999995	0.01	8.7	1
1255139.6249999995	0.04	2.6	1
1258956.6749999996	0.04	3.0	1
1262779.4124999996	0.04	3.5	1
1266607.6749999996	0.04	3.4	1
1270442.2749999997	0.03	3.9	1
1274282.0749999997	0.04	3.2	1
1278127.3999999997	0.04	3.4	1
1281981.9874999996	0.02	5.7	1
1285842.0999999996	0.04	3.4	1
1289707.0874999997	0.04	3.0	1
1293579.0624999998	0.03	4.3	1
1297454.9374999998	0.04	2.4	1
1301336.3374999997	0.03	3.4	1
1305223.5874999997	0.04	3.6	1
1309115.7124999997	0.04	3.0	1
1313014.8249999997	0.03	4.3	1
1316925.3124999998	0.03	7.0	1
1320850.7249999999	0.03	9.8	1
1324782.4749999999	0.03	3.9	1
1328720.075	0.03	3.6	1
1332663.525	0.03	3.6	1
1336612.1749999998	0.03	3.2	1
1340566.6749999998	0.03	3.6	1
1344527.025	0.04	3.6	1
1348493.7125	0.03	3.9	1
1352466.575	0.03	3.8	1
1356448.2125	0.03	5.4	1
1360436.025	0.03	3.8	1
1364429.6875	0.04	3.6	1
1368428.7125	0.04	3.3	1
1372431.9625	0.04	2.6	1
1376443.0125	0.03	4.8	1
1380458.6125	0.04	2.8	1
1384477.7875	0.03	2.2	1
1388502.8125	0.03	3.6	1
1392533.3625	0.03	3.4	1
1396570.0875000001	0.03	3.8	1
1400618.1875000002	0.04	7.0	1
1404672.4625000001	0.03	3.8	1
1408733.0750000002	0.03	3.9	1
1412799.5375	0.03	3.6	1
1416877.375	0.03	7.0	1
1420960.9	0.03	3.5	1
1425051.25	0.03	4.2	1
1429146.475	0.04	3.0	1
1433247.0625	0.04	3.3	1
1437353.175	0.04	3.4	1
1441463.8375000001	0.04	2.8	1
1445590.1	0.03	9.6	1
1449720.9125	0.04	2.8	1
1453855.3	0.04	2.2	1
1457996.1875	0.03	4.0	1
1462143.575	0.03	4.0	1
1466298.7625	0.03	4.8	1
1470459.8	0.03	3.6	1
1474630.75	0.03	6.1	1
1478807.3875	0.04	3.5	1
1482990.525	0.03	4.0	1
1487178.8624999998	0.03	3.2	1
1491373.6999999997	0.03	4.0	1
1495570.8124999998	0.03	1.4	1
1499772.4749999999	0.04	2.8	1
1503977.3875	0.03	2.0	1
1508187.825	0.04	3.4	1
1512412.7249999999	0.03	8.9	1
1516640.3875	0.03	1.7	1
1520874.2249999999	0.03	3.8	1
1525112.6124999998	0.04	2.8	1
1529363.025	0.03	7.4	1
1533621.2374999998	0.03	4.8	1
1537884.8124999998	0.04	3.3	1
1542161.5499999998	0.03	8.1	1
1546445.1124999998	0.03	4.2	1
1550730.2999999998	0.03	1.0	1
1555019.5499999998	0.03	2.5	1
1559313.6749999998	0.04	3.0	1
1563613.3249999997	0.03	3.4	1
1567918.1749999998	0.03	3.2	1
1572231.4749999999	0.03	5.2	1
1576557.45	0.03	7.8	1
1580887.4875	0.03	2.5	1
1585222.075	0.04	2.8	1
1589568.3625	0.03	7.2	1
1593917.575	0.03	1.8	1
1598272.4749999999	0.03	3.5	1
1602632.0875	0.04	2.9	1
1606999.1749999998	0.03	4.6	1
1611369.1874999998	0.03	1.8	1
1615745.3749999998	0.03	3.8	1
1620127.8999999997	0.03	3.9	1
1624516.1124999996	0.04	3.5	1
1628908.8749999995	0.04	2.8	1
1633307.1624999996	0.03	3.4	1
1637709.9999999995	0.04	2.8	1
1642117.3874999995	0.04	2.8	1
1646529.3249999995	0.04	2.8	1
1650947.1124999996	0.03	3.6	1
1655370.4249999996	0.03	3.4	1
1659800.5624999995	0.03	4.2	1
1664238.8249999995	0.03	5.0	1
1668681.6374999995	0.04	2.8	1
1673129.9749999994	0.04	3.4	1
1677582.2124999994	0.04	2.4	1
1682038.9999999995	0.04	2.8	1
1686500.8249999995	0.04	3.1	1
1690967.1999999995	0.04	2.8	1
1695438.2874999994	0.03	2.9	1
1699915.2249999994	0.03	3.6	1
1704397.1999999995	0.04	3.1	1
1708884.5374999994	0.03	3.3	1
1713379.0249999994	0.03	4.4	1
1717879.0374999994	0.03	3.4	1
1722382.9499999995	0.04	2.4	1
1726891.7374999996	0.04	3.0	1
1731405.0749999995	0.04	2.8	1
1735921.6624999994	0.03	2.0	1
1740442.4749999994	0.04	2.6	1
1744968.9749999994	0.03	3.5	1
1749498.3999999994	0.03	1.8	1
1754032.6999999995	0.04	3.0	1
1758571.2249999994	0.04	2.6	1
1763116.2499999993	0.03	4.0	1
1767666.7999999993	0.03	3.4	1
1772223.0374999994	0.04	3.5	1
1776784.7999999993	0.04	3.4	1
1781352.0874999994	0.03	3.4	1
1785924.5749999995	0.03	3.2	1
1790505.3499999994	0.03	5.1	1
1795090.1874999993	0.03	2.5	1
1799682.1749999993	0.03	4.4	1
1804279.3624999993	0.03	3.2	1
1808882.0749999993	0.04	3.4	1
1813490.3124999993	0.03	3.4	1
1818103.7499999993	0.04	3.2	1
1822722.3874999993	0.03	3.2	1
1827345.2499999993	0.03	2.6	1
1831974.2874999994	0.03	3.8	1
1836609.1749999993	0.04	3.6	1
1841246.9874999993	0.04	1.8	1
1845894.8749999993	0.02	6.2	1
1850547.9624999992	0.04	3.2	1
1855206.737499999	0.03	3.5	1
1859871.8499999992	0.03	3.9	1
1864541.999999999	0.03	3.1	1
1869214.0999999992	0.03	1.2	1
1873891.0749999993	0.04	3.0	1
1878573.2499999993	0.03	3.2	1
1883261.2749999992	0.03	3.6	1
1887952.8749999993	0.03	2.2	1
1892650.9749999994	0.03	4.0	1
1897355.0874999994	0.03	3.7	1
1902067.4874999993	0.03	5.1	1
1906793.5374999994	0.03	8.4	1
1911526.2499999993	0.03	4.1	1
1916266.4374999993	0.03	4.6	1
1921012.4749999994	0.03	3.6	1
1925769.2374999993	0.04	6.6	1
1930538.6749999993	0.03	7.8	1
1935313.3124999993	0.03	3.2	1
