4.672499999999999	0.03	3.0	1
14.172999999999998	0.04	3.1	1
28.0349	0.04	2.8	1
45.947	0.04	2.6	1
68.2205	0.04	2.8	1
95.4776	0.04	3.2	1
128.0294	0.03	3.4	1
165.5648	0.04	3.2	1
207.1504	0.03	2.6	1
253.564	0.04	3.1	1
304.6501	0.04	3.0	1
363.9864	0.04	5.3	1
429.8618	0.03	4.2	1
500.7208	0.04	3.2	1
575.63	0.04	2.6	1
661.745	0.04	7.2	1
752.3769	0.03	2.9	1
847.3702	0.04	2.8	1
947.3471	0.03	3.2	1
1052.9298	0.03	3.6	1
1162.8738999999998	0.03	2.8	1
1276.8682	0.04	2.6	1
1395.5349999999999	0.04	3.0	1
1522.9187	0.03	5.6	1
1655.286	0.03	3.2	1
1791.7035	0.04	2.6	1
1932.0157000000002	0.04	2.5	1
2077.7781	0.03	3.5	1
2228.5241	0.04	3.2	1
2384.2537	0.04	3.2	1
2543.1002000000003	0.03	2.0	1
2708.1747000000005	0.03	4.0	1
2878.5439000000006	0.03	3.4	1
3054.2078000000006	0.03	3.4	1
3235.4775000000004	0.03	3.6	1
3421.7308000000003	0.03	3.2	1
3613.5899000000004	0.03	3.6	1
3811.9881000000005	0.03	4.2	1
4015.0588000000007	0.04	3.0	1
4223.7353	0.04	3.6	1
4444.2398	0.03	7.6	1
4669.1057	0.03	2.8	1
4899.5774	0.03	3.6	1
5140.7882	0.04	6.9	1
5389.3159	0.03	4.7	1
5642.5161	0.04	3.0	1
5907.5443	0.03	7.6	1
6177.245	0.04	3.0	1
6451.7737	0.03	3.1	1
6734.7082	0.04	5.4	1
7024.1818	0.03	4.2	1
7318.0168	0.03	2.8	1
7615.2798	0.03	2.2	1
7917.526400000001	0.03	3.2	1
8225.3788	0.03	3.6	1
8537.2814	0.04	2.6	1
8853.8565	0.04	3.0	1
9175.4152	0.04	3.2	1
9500.713	0.04	2.4	1
9830.5277	0.03	2.9	1
10165.326000000001	0.04	3.2	1
10502.619	0.03	1.6	1
10844.8956	0.04	3.2	1
11191.8447	0.04	3.0	1
11543.4663	0.03	3.0	1
11901.0048	0.03	3.8	1
12262.5935	0.03	2.6	1
12629.0102	0.03	3.1	1
12999.7883	0.04	2.8	1
13375.55	0.04	3.2	1
13756.450799999999	0.04	3.3	1
14142.646299999999	0.03	3.4	1
14533.825399999998	0.04	3.2	1
14937.765899999999	0.03	8.2	1
15345.445499999998	0.03	2.4	1
15757.486499999997	0.04	2.8	1
16174.822199999997	0.04	3.4	1
16596.519299999996	0.03	2.8	1
17024.133299999998	0.03	3.8	1
17457.353099999997	0.04	3.6	1
17894.623099999997	0.03	2.6	1
18336.409999999996	0.03	2.9	1
18782.247099999997	0.04	2.6	1
19233.378899999996	0.03	3.4	1
19689.805399999997	0.03	3.4	1
20151.682099999998	0.04	3.5	1
20617.920199999997	0.03	2.8	1
21090.075199999996	0.03	3.8	1
21565.658199999994	0.03	2.2	1
22045.602599999995	0.04	2.8	1
22529.908399999993	0.02	2.8	1
23019.197799999994	0.04	3.2	1
23515.026299999994	0.03	4.2	1
24015.216199999995	0.04	2.8	1
24524.745199999994	0.04	6.0	1
25038.168899999993	0.03	2.5	1
25556.576199999992	0.04	3.2	1
26079.96709999999	0.04	3.2	1
26608.65269999999	0.03	3.4	1
27142.63299999999	0.03	3.4	1
27681.28579999999	0.03	3.0	1
28227.09999999999	0.03	4.6	1
28776.342199999992	0.02	2.2	1
29329.790199999992	0.04	2.7	1
29888.066199999994	0.03	3.1	1
30452.414699999994	0.03	3.9	1
31027.657899999995	0.04	7.0	1
31606.951299999993	0.03	2.6	1
32192.783799999994	0.03	4.2	1
32783.91099999999	0.04	3.4	1
33379.710699999996	0.04	3.0	1
33985.160599999996	0.03	6.2	1
34595.282999999996	0.04	3.0	1
35210.388999999996	0.04	3.2	1
35830.789699999994	0.04	3.4	1
36456.48509999999	0.03	3.4	1
37087.78629999999	0.03	3.6	1
37722.204399999995	0.03	2.0	1
38361.6061	0.03	3.2	1
39010.0358	0.03	5.8	1
39663.4491	0.04	3.2	1
40322.1571	0.03	3.4	1
40985.848699999995	0.04	3.2	1
41654.52389999999	0.04	3.2	1
42328.4938	0.04	3.4	1
43009.7806	0.03	4.7	1
43695.7399	0.04	3.0	1
44393.2161	0.04	7.4	1
45094.587	0.03	2.5	1
45805.6081	0.03	6.2	1
46520.9906	0.04	2.8	1
47241.3567	0.03	3.2	1
47966.3953	0.04	3.0	1
48697.039699999994	0.03	3.6	1
49431.11209999999	0.04	2.2	1
50169.85699999999	0.04	3.0	1
50914.51879999999	0.03	3.8	1
51664.16419999999	0.03	3.2	1
52418.170999999995	0.04	2.8	1
53176.53919999999	0.03	2.8	1
53940.513199999994	0.03	3.6	1
54709.470799999996	0.04	3.2	1
55483.412	0.03	3.2	1
56269.8034	0.03	8.0	1
57061.489499999996	0.03	3.4	1
57858.159199999995	0.04	3.2	1
58660.12359999999	0.03	3.4	1
59467.382699999995	0.03	3.4	1
60278.0698	0.03	2.2	1
61094.0516	0.04	3.4	1
61914.3948	0.04	2.8	1
62738.477100000004	0.04	2.4	1
63566.92080000001	0.04	2.8	1
64400.503600000004	0.03	3.3	1
65238.136600000005	0.04	2.6	1
66081.68650000001	0.03	3.8	1
66936.13110000001	0.03	7.0	1
67801.47040000002	0.03	7.0	1
68670.85990000002	0.03	2.6	1
69543.36630000002	0.04	2.0	1
70426.45630000002	0.03	6.8	1
71314.68540000002	0.04	3.3	1
72216.29810000001	0.03	8.6	1
73123.20550000001	0.04	3.4	1
74035.71870000001	0.03	3.6	1
74953.52660000001	0.03	3.4	1
75874.14030000001	0.03	1.8	1
76807.20420000001	0.03	8.0	1
77745.09610000001	0.04	3.1	1
78691.08270000001	0.04	5.2	1
79641.43070000001	0.04	2.8	1
80596.76230000002	0.03	3.2	1
81557.69970000001	0.03	3.6	1
82524.70960000002	0.03	3.9	1
83496.08090000002	0.03	2.8	1
84473.36910000001	0.03	3.8	1
85455.17420000001	0.04	2.9	1
86442.274	0.03	3.4	1
87437.3129	0.03	5.1	1
88436.402	0.04	2.6	1
89439.2302	0.04	2.4	1
90446.4198	0.04	2.8	1
91466.993	0.03	8.6	1
92489.1276	0.03	1.0	1
93517.8013	0.03	4.2	1
94551.45860000001	0.04	3.2	1
95589.41060000002	0.03	3.4	1
96632.03510000002	0.04	3.0	1
97679.33210000003	0.04	3.0	1
98730.99050000003	0.03	2.8	1
99787.47690000002	0.04	3.1	1
100848.01350000003	0.04	2.6	1
101913.22260000002	0.04	3.0	1
102982.79310000002	0.04	2.8	1
104057.65830000002	0.04	3.4	1
105136.26260000003	0.04	2.4	1
106219.85050000003	0.03	3.2	1
107308.42200000004	0.03	3.2	1
108403.37710000004	0.03	4.1	1
109500.67130000005	0.03	1.5	1
110603.57130000004	0.03	3.6	1
111712.07710000004	0.03	3.6	1
112832.41090000003	0.03	7.6	1
113956.79490000004	0.04	2.6	1
115086.47360000004	0.03	3.4	1
116220.66920000005	0.04	2.9	1
117360.93730000005	0.03	3.9	1
118507.74450000004	0.03	4.2	1
119658.60190000004	0.04	2.6	1
120812.57620000004	0.04	2.0	1
121970.91190000004	0.04	2.8	1
123133.60900000004	0.04	2.8	1
124300.97860000005	0.03	3.0	1
125473.33180000004	0.03	3.2	1
126650.04640000005	0.03	2.8	1
127832.05570000006	0.03	3.4	1
129018.42640000005	0.04	2.8	1
130207.91400000005	0.03	2.0	1
131401.14070000005	0.03	2.4	1
132599.35100000005	0.03	3.2	1
133804.10040000005	0.03	4.2	1
135016.78890000004	0.03	5.1	1
136232.90540000005	0.03	2.2	1
137454.93880000006	0.03	3.8	1
138679.93360000005	0.03	1.9	1
139910.84530000004	0.03	3.8	1
141153.27390000006	0.03	7.4	1
142401.61940000005	0.03	3.8	1
143655.25960000005	0.03	3.4	1
144913.88340000005	0.03	3.2	1
146177.95740000004	0.03	3.5	1
147453.23720000003	0.04	7.2	1
148739.72280000005	0.04	7.2	1
150040.83640000006	0.03	9.4	1
151344.75580000007	0.03	1.8	1
152652.10320000007	0.03	2.2	1
153963.81200000006	0.04	2.8	1
155280.81550000006	0.03	3.4	1
156602.49150000006	0.03	3.0	1
157928.84000000005	0.04	3.0	1
159260.17210000005	0.04	3.2	1
160596.79890000005	0.03	3.4	1
161940.58710000006	0.03	4.6	1
163288.58110000007	0.04	2.7	1
164640.62530000007	0.04	2.6	1
165998.27530000007	0.03	3.6	1
167360.90890000007	0.04	3.2	1
168728.37050000008	0.03	3.1	1
170101.74900000007	0.03	3.8	1
171479.64440000008	0.03	2.9	1
172862.6789000001	0.03	3.3	1
174250.69700000007	0.04	3.2	1
175644.0098000001	0.03	3.4	1
177042.15060000008	0.03	3.1	1
178443.40830000007	0.03	2.0	1
179849.96070000005	0.04	3.4	1
181262.43000000005	0.03	3.8	1
182686.72730000006	0.03	7.6	1
184116.00820000007	0.04	3.2	1
185549.65050000008	0.04	2.8	1
186989.5208000001	0.03	4.0	1
188433.90800000008	0.04	2.9	1
189883.90100000007	0.03	3.6	1
191341.05540000007	0.03	4.6	1
192802.26000000007	0.04	2.6	1
194275.29260000007	0.03	7.6	1
195764.04210000008	0.03	10.1	1
197259.64180000007	0.03	4.4	1
198759.91400000008	0.04	3.0	1
200264.54760000008	0.04	2.8	1
201775.87590000007	0.03	4.3	1
203291.56560000006	0.04	2.8	1
204811.92780000006	0.04	3.0	1
206337.58470000006	0.03	3.4	1
207870.40300000008	0.03	4.6	1
209409.13820000007	0.03	3.8	1
210951.92360000007	0.04	2.6	1
212501.24810000006	0.03	4.2	1
214054.93400000007	0.04	2.8	1
215613.60350000006	0.04	3.2	1
217177.56770000004	0.03	3.4	1
218746.82660000003	0.03	3.4	1
220320.44690000004	0.04	2.8	1
221899.51740000004	0.03	3.5	1
223490.10480000003	0.04	7.4	1
225083.80910000004	0.03	2.0	1
226688.25250000003	0.03	6.9	1
228296.43500000003	0.03	2.4	1
229909.13440000004	0.03	2.9	1
231530.86180000004	0.02	5.8	1
233154.92830000003	0.03	1.5	1
234783.97840000002	0.04	3.2	1
236417.70100000003	0.03	3.0	1
238056.09610000002	0.03	3.0	1
239698.54140000002	0.04	2.6	1
241346.59250000003	0.03	3.6	1
242998.38270000002	0.03	2.4	1
244657.95650000003	0.04	5.0	1
246322.82500000004	0.03	3.4	1
247992.67710000003	0.03	3.2	1
249668.13500000004	0.04	3.6	1
251349.50980000003	0.03	3.8	1
253035.24600000004	0.04	2.8	1
254725.65470000004	0.04	3.0	1
256421.04700000005	0.04	3.2	1
258121.73400000005	0.03	3.4	1
259827.87120000005	0.03	3.5	1
261537.43640000006	0.03	2.2	1
263249.49630000006	0.02	1.6	1
264964.6731000001	0.03	2.0	1
266685.14460000006	0.03	3.4	1
268410.7552000001	0.03	3.3	1
270141.0383000001	0.04	3.0	1
271876.6161000001	0.03	3.4	1
273617.4886000001	0.03	3.4	1
275363.9669000001	0.03	3.6	1
277115.1177000001	0.04	3.0	1
278877.4743000001	0.03	7.2	1
280644.8145000001	0.04	3.2	1
282414.6494000001	0.03	1.6	1
284198.4901000001	0.03	9.0	1
285987.3144000001	0.03	3.2	1
287781.1223000001	0.03	3.2	1
289583.3360000001	0.03	5.4	1
291389.75550000014	0.03	2.7	1
293200.53640000016	0.04	2.8	1
295016.30090000015	0.03	3.2	1
296835.80450000014	0.03	2.4	1
298664.9583000002	0.04	6.2	1
300499.0957000002	0.03	3.2	1
302338.8389000002	0.03	3.6	1
304184.4990000002	0.03	3.8	1
306034.52050000016	0.04	2.8	1
307888.9034000002	0.04	2.8	1
309745.4699000002	0.03	1.4	1
311616.6644000002	0.03	9.4	1
313493.7758000002	0.03	3.8	1
315376.1819000002	0.04	3.4	1
317261.0827000002	0.03	1.6	1
319151.2782000002	0.03	3.4	1
321046.4573000002	0.03	3.2	1
322946.62000000017	0.04	3.2	1
324851.45520000014	0.04	3.0	1
326760.80730000016	0.04	2.9	1
328674.83190000016	0.04	3.0	1
330594.7734000002	0.03	3.8	1
332519.6985000002	0.04	3.2	1
334447.11830000015	0.03	1.6	1
336377.49950000015	0.03	1.9	1
338312.39760000014	0.03	2.9	1
340252.74590000015	0.03	3.5	1
342198.07780000014	0.03	3.2	1
344148.70440000016	0.03	3.4	1
346101.2035000002	0.03	1.2	1
348061.48620000016	0.03	5.0	1
350030.48580000014	0.04	5.6	1
352004.46900000016	0.02	3.2	1
353984.05800000014	0.03	3.6	1
355969.5639000001	0.03	3.8	1
357960.9867000001	0.03	3.8	1
359960.65970000013	0.02	5.3	1
361966.24960000016	0.03	3.8	1
363977.13420000015	0.03	3.4	1
365992.6913000001	0.03	3.0	1
368013.5431000001	0.03	3.4	1
370037.51180000015	0.03	2.0	1
372066.61960000015	0.04	3.3	1
374101.95540000015	0.03	4.0	1
376150.05260000017	0.03	8.2	1
378207.64450000017	0.03	6.1	1
380269.59780000016	0.04	2.8	1
382336.53470000013	0.04	3.2	1
384408.14410000015	0.04	3.0	1
386484.89260000014	0.04	3.3	1
388566.93580000015	0.04	3.4	1
390652.7181000002	0.03	2.4	1
392743.4840000002	0.03	3.2	1
394836.43350000016	0.06	1.4	1
396935.61100000015	0.03	4.0	1
399040.39430000016	0.03	3.6	1
401152.49450000015	0.03	4.7	1
403270.51160000014	0.03	3.8	1
405393.82340000017	0.03	3.4	1
407521.1854000002	0.04	2.6	1
409658.8199000002	0.03	6.6	1
411800.81580000016	0.03	2.8	1
413950.59530000016	0.03	5.0	1
416105.66950000013	0.03	3.4	1
418266.6606000001	0.03	3.8	1
420429.8353000001	0.03	1.4	1
422595.9047000001	0.04	2.5	1
424766.6466000001	0.04	3.0	1
426940.9721000001	0.03	2.3	1
429116.85900000005	0.03	1.0	1
431297.4184000001	0.03	3.0	1
433481.40580000007	0.03	2.2	1
435668.5101000001	0.03	2.0	1
437861.8424000001	0.03	4.0	1
440060.46940000006	0.03	3.4	1
442264.70220000006	0.03	3.6	1
444473.60750000004	0.04	3.0	1
446688.11860000005	0.04	3.6	1
448907.30220000003	0.04	3.0	1
451130.536	0.03	2.6	1
453357.82	0.04	2.6	1
455590.3987	0.03	3.4	1
457827.961	0.04	3.2	1
460070.818	0.04	3.4	1
462318.34750000003	0.03	3.0	1
464570.8606	0.04	3.2	1
466827.7351	0.04	2.8	1
469089.9043	0.03	3.4	1
471357.9904	0.03	3.8	1
473631.99340000004	0.03	3.8	1
475910.35780000006	0.04	2.8	1
478201.17240000004	0.03	8.0	1
480496.3484	0.03	2.8	1
482796.50800000003	0.03	3.2	1
485103.829	0.03	4.6	1
487416.44470000005	0.03	3.4	1
489734.66620000004	0.03	3.6	1
492058.49350000004	0.03	3.6	1
494387.3044	0.03	3.2	1
496721.09890000004	0.04	3.2	1
499059.56590000005	0.04	3.0	1
501403.0165	0.04	3.2	1
503751.13960000005	0.03	3.0	1
506101.75740000006	0.03	1.6	1
508464.8254000001	0.03	8.0	1
510833.81030000007	0.03	3.8	1
513207.4677000001	0.04	3.0	1
515587.5087000001	0.03	4.1	1
517972.22220000013	0.03	3.0	1
520361.29710000014	0.03	2.8	1
522762.82220000017	0.03	8.0	1
525176.1753000001	0.03	7.6	1
527594.5120000001	0.04	3.2	1
530017.2101000001	0.04	2.8	1
532444.2696000001	0.03	2.8	1
534885.3349000001	0.03	9.0	1
537331.6949000001	0.03	3.4	1
539784.4385000002	0.03	4.1	1
542243.0990000002	0.03	3.8	1
544707.3653000002	0.03	3.6	1
547179.4152000002	0.04	5.0	1
549656.1376000001	0.03	3.0	1
552136.7547000002	0.04	2.5	1
554622.3554000001	0.03	3.2	1
557112.3175000001	0.03	2.8	1
559605.7076000001	0.03	2.2	1
562107.8146	0.03	5.6	1
564615.2163000001	0.03	3.4	1
567127.6016	0.03	3.2	1
569644.9705	0.04	3.2	1
572166.7008000001	0.04	2.8	1
574703.3702000001	0.03	9.6	1
577244.7121000001	0.04	3.0	1
579789.4820000001	0.03	2.2	1
582338.6133000001	0.04	2.8	1
584890.2393000001	0.03	1.6	1
587448.0933000002	0.03	4.0	1
590014.6642000002	0.04	5.6	1
592585.9076000003	0.04	3.0	1
595170.2235000003	0.03	8.4	1
597763.2563000004	0.04	5.6	1
600370.6060000004	0.03	9.2	1
602983.2504000004	0.04	3.4	1
605600.8784000004	0.03	3.2	1
608223.1789000004	0.04	3.0	1
610849.6852000004	0.03	2.7	1
613479.9306000004	0.04	2.4	1
616113.4485000004	0.03	2.1	1
618752.2611000004	0.03	3.4	1
621394.5017000004	0.05	2.2	1
624041.7259000004	0.04	3.2	1
626692.6892000004	0.04	2.4	1
629350.1916000004	0.03	4.2	1
632011.1220000003	0.03	2.2	1
634677.0360000003	0.03	3.2	1
637347.3114000004	0.04	2.8	1
640026.1482000004	0.03	5.5	1
642708.1019000004	0.03	2.0	1
645395.6614000003	0.03	3.6	1
648089.1378000004	0.03	3.8	1
650788.2200000003	0.03	3.6	1
653493.0636000003	0.03	3.7	1
656202.8908000004	0.03	3.2	1
658915.5238000004	0.03	1.8	1
661632.8293000004	0.03	3.0	1
664355.4295000004	0.04	3.4	1
667090.7911000004	0.03	8.2	1
669830.0474000004	0.04	2.5	1
672573.0428000004	0.04	2.4	1
675325.9996000004	0.02	6.4	1
678083.9400000004	0.04	3.2	1
680844.3751000004	0.03	1.6	1
683607.6160000004	0.03	1.8	1
686375.8405000004	0.04	3.2	1
689148.4264000003	0.04	2.8	1
691925.3737000003	0.04	2.8	1
694707.7712000003	0.03	3.5	1
697493.9078000003	0.03	2.4	1
700284.7169000002	0.04	3.0	1
703080.1985000003	0.03	3.0	1
705880.6637000003	0.04	3.2	1
708687.0458000003	0.03	3.8	1
711497.7893000003	0.04	2.8	1
714311.9608000003	0.03	2.2	1
717130.4937000003	0.03	2.8	1
719964.7435000003	0.03	10.1	1
722803.3547000004	0.04	2.8	1
725646.3273000004	0.04	2.8	1
728494.5946000003	0.03	3.4	1
731345.0455000004	0.03	1.4	1
734201.4133000004	0.03	3.8	1
737063.0758000003	0.04	3.4	1
739928.7885000004	0.04	2.6	1
742799.3292000004	0.03	3.1	1
745679.2090000004	0.04	6.0	1
748565.0057000003	0.03	3.8	1
751463.8749000003	0.03	8.4	1
754368.0388000003	0.04	3.4	1
757277.1863000003	0.04	3.2	1
760193.4952000002	0.03	4.6	1
763113.8543000002	0.04	2.6	1
766037.0192000002	0.03	1.8	1
768962.3677000002	0.03	1.4	1
771891.1442000002	0.03	2.2	1
774825.8376000002	0.03	3.8	1
777765.2035000002	0.03	3.0	1
780708.4641000002	0.03	2.5	1
783657.0194000002	0.04	3.4	1
786611.1805000002	0.03	3.6	1
789569.7030000002	0.03	2.8	1
792533.5202000003	0.03	3.4	1
795503.5654000003	0.03	4.0	1
798477.9720000003	0.03	2.8	1
801459.8511000003	0.03	4.8	1
804446.5582000003	0.04	3.1	1
807438.5600000003	0.04	3.4	1
810434.9232000003	0.04	2.8	1
813437.2033000003	0.03	3.8	1
816442.4448000003	0.05	1.9	1
819453.2921000003	0.03	3.6	1
822468.8119000003	0.04	3.0	1
825498.0264000003	0.03	8.8	1
828532.2245000004	0.03	3.2	1
831571.0951000004	0.03	3.0	1
834614.3271000003	0.04	2.8	1
837663.7871000003	0.03	4.0	1
840717.2973000003	0.04	2.6	1
843778.9022000004	0.04	5.2	1
846845.1796000004	0.04	3.0	1
849918.3072000004	0.03	4.4	1
852996.7295000004	0.03	3.4	1
856081.3798000003	0.03	4.0	1
859171.6359000003	0.03	3.6	1
862267.1867000003	0.04	3.4	1
865369.5877000003	0.03	4.4	1
868477.5945000002	0.03	3.6	1
871593.3849000003	0.03	5.0	1
874711.6700000003	0.03	1.6	1
877835.8720000003	0.03	3.8	1
880964.4354000003	0.04	2.8	1
884097.3602000003	0.04	2.8	1
887237.7575000003	0.03	4.8	1
890383.7606000003	0.03	3.6	1
893533.5028000002	0.04	2.4	1
896688.8508000002	0.03	3.6	1
899848.2490000003	0.03	2.6	1
903012.1641000003	0.03	2.9	1
906182.6183000003	0.03	4.2	1
909357.7450000003	0.04	3.0	1
912536.9219000003	0.04	2.6	1
915720.3046000003	0.04	2.7	1
918908.3598000002	0.03	3.0	1
922101.0875000003	0.03	3.0	1
925303.6210000003	0.03	6.3	1
928518.2936000003	0.03	7.8	1
931741.6831000004	0.02	5.6	1
934970.6784000003	0.03	3.6	1
938211.8128000003	0.03	7.8	1
941457.9308000003	0.03	3.2	1
944716.0324000004	0.03	7.7	1
947978.8065000004	0.03	3.0	1
951245.9420000004	0.04	2.8	1
954519.6166000004	0.03	4.2	1
957798.2748000004	0.04	3.2	1
961086.2721000004	0.04	6.0	1
964379.2530000004	0.04	3.2	1
967677.5286000004	0.04	3.4	1
970983.5878000004	0.04	5.0	1
974294.3195000004	0.04	3.0	1
977610.0348000005	0.04	3.2	1
980930.7337000004	0.03	3.2	1
984256.1051000004	0.03	3.0	1
987586.1490000004	0.03	3.0	1
990918.0654000004	0.03	1.2	1
994254.0320000005	0.04	2.6	1
997594.9822000004	0.03	3.2	1
1000940.2938000005	0.03	2.8	1
1004299.6112000004	0.03	9.0	1
1007664.5344000004	0.03	3.6	1
1011034.1301000003	0.03	3.0	1
1014409.6427000003	0.03	3.8	1
1017788.8944000003	0.03	2.4	1
1021172.1963000003	0.03	2.6	1
1024561.1040000003	0.03	3.6	1
1027954.6842000003	0.04	3.0	1
1031353.8702000002	0.04	3.6	1
1034761.1509000002	0.03	5.2	1
1038172.7930000003	0.04	2.8	1
1041589.4187000003	0.04	3.2	1
1045011.0280000003	0.03	3.2	1
1048439.4875000003	0.03	4.4	1
1051873.5528000002	0.03	3.6	1
1055312.9128000003	0.04	3.4	1
1058756.9453000003	0.04	3.0	1
1062206.2725000002	0.03	3.4	1
1065659.6499000003	0.04	2.6	1
1069117.0775000004	0.03	2.6	1
1072581.5109000003	0.03	4.5	1
1076053.4168000002	0.02	4.8	1
1079530.6174000003	0.03	3.4	1
1083011.5571000003	0.04	2.4	1
1086504.3248000003	0.03	7.6	1
1090004.5650000004	0.03	4.8	1
1093509.7888000004	0.04	3.2	1
1097019.9962000004	0.03	3.2	1
1100532.3872000005	0.03	1.4	1
1104050.6951000004	0.03	3.8	1
1107573.9866000004	0.03	3.2	1
1111107.3950000005	0.02	6.5	1
1114645.7870000005	0.03	3.2	1
1118196.3181000005	0.03	7.8	1
1121753.0772000004	0.03	4.0	1
1125318.8643000005	0.03	5.8	1
1128895.4794000005	0.03	7.6	1
1132477.3892000006	0.03	3.4	1
1136065.2159000007	0.03	3.8	1
1139658.0262000007	0.04	3.2	1
1143257.5312000006	0.03	4.3	1
1146862.0198000006	0.04	3.2	1
1150479.4253000007	0.03	8.3	1
1154101.9699000006	0.03	3.3	1
1157728.8759000006	0.04	2.8	1
1161359.9877000006	0.03	2.7	1
1164997.4831000005	0.03	4.1	1
1168639.9621000006	0.03	3.2	1
1172287.1136000005	0.04	3.0	1
1175940.1820000005	0.03	3.8	1
1179597.9229000006	0.04	3.0	1
1183261.7363000007	0.03	3.9	1
1186930.0666000007	0.03	2.9	1
1190604.3138000008	0.04	3.8	1
1194282.4557000007	0.02	2.5	1
1197965.2701000008	0.04	3.0	1
1201654.4681000009	0.03	4.1	1
1205358.2941000008	0.03	9.4	1
1209068.5037000007	0.03	4.1	1
1212783.7858000007	0.04	3.9	1
1216508.0959000005	0.03	5.8	1
1220244.3896000006	0.03	7.7	1
1223983.6447000005	0.04	1.9	1
1227729.7500000005	0.03	4.4	1
1231481.3055000005	0.03	3.5	1
1235243.1335000005	0.03	6.6	1
1239010.2562000004	0.04	3.4	1
1242782.0514000005	0.04	3.0	1
1246560.5413000004	0.03	4.3	1
1250343.2370000004	0.04	2.7	1
1254131.8496000005	0.03	3.8	1
1257926.8458000005	0.03	4.1	1
1261727.1367000004	0.04	3.4	1
1265538.3223000003	0.03	7.0	1
1269352.0026000002	0.03	1.6	1
1273170.0443000002	0.04	2.8	1
1276993.6918000001	0.03	3.6	1
1280822.634	0.03	3.4	1
1284655.9376	0.04	2.8	1
1288494.2248	0.04	3.2	1
1292336.8734	0.04	2.8	1
1296184.9722	0.03	3.5	1
1300039.9212	0.03	4.4	1
1303899.2316	0.04	2.8	1
1307763.9922	0.04	3.5	1
1311630.9364	0.03	1.4	1
1315501.7753	0.04	2.5	1
1319376.6644000001	0.04	2.6	1
1323256.8482000001	0.03	3.4	1
1327142.9489000002	0.04	3.8	1
1331033.7221000001	0.03	3.0	1
1334934.7678	0.04	6.6	1
1338838.1526000001	0.03	1.5	1
1342744.0321000002	0.03	1.6	1
1346655.2063000002	0.03	3.4	1
1350570.7419000003	0.04	2.8	1
1354491.8833000003	0.03	3.6	1
1358419.2527000003	0.03	4.0	1
1362353.3168000004	0.03	4.3	1
1366292.9867000005	0.03	3.6	1
1370237.9513000005	0.04	3.4	1
1374187.5884000005	0.04	3.0	1
1378143.2980000004	0.03	3.9	1
1382104.6134000004	0.03	3.6	1
1386069.6679000005	0.04	2.4	1
1390040.3282000006	0.03	3.6	1
1394016.7499000006	0.03	3.7	1
1397998.4663000007	0.04	3.4	1
1401987.6552000006	0.03	4.8	1
1405981.2055000006	0.04	2.8	1
1409979.1172000007	0.04	2.8	1
1413982.6347000008	0.04	3.6	1
1417989.4247000008	0.03	2.1	1
1422003.8427000009	0.03	4.9	1
1426024.4887000008	0.03	4.0	1
1430049.1849000007	0.04	2.6	1
1434081.0425000007	0.03	4.6	1
1438117.2615000007	0.04	2.8	1
1442158.1530000006	0.04	3.0	1
1446202.1614000006	0.04	2.0	1
1450251.4645000005	0.03	3.4	1
1454309.7956000005	0.03	5.8	1
1458372.7992000005	0.03	3.0	1
1462442.3419000006	0.03	4.2	1
1466515.6237000006	0.03	2.4	1
1470594.5113000006	0.03	3.6	1
1474678.0714000005	0.04	3.0	1
1478765.6817000005	0.04	2.6	1
1482856.7200000004	0.04	2.2	1
1486953.0530000005	0.03	3.4	1
1491060.2807000005	0.03	7.0	1
1495173.4253000005	0.03	3.8	1
1499298.3979000004	0.03	7.6	1
1503427.4207000004	0.04	2.6	1
1507564.5382000003	0.03	5.2	1
1511716.2837000003	0.03	9.4	1
1515872.0794000002	0.04	2.6	1
1520034.1031000002	0.03	4.0	1
1524202.3548	0.03	4.0	1
1528374.9679	0.04	2.8	1
1532553.4979	0.03	3.8	1
1536734.5226	0.03	1.6	1
1540921.1531	0.03	3.6	1
1545112.9227	0.04	3.3	1
1549312.6314	0.04	5.1	1
1553515.7681	0.03	2.2	1
1557731.5106	0.03	8.1	1
1561950.5255999998	0.05	2.1	1
1566172.0352999999	0.04	1.6	1
1570403.5063999998	0.03	6.4	1
1574639.9610999997	0.03	3.2	1
1578881.0882999997	0.03	3.0	1
1583126.8879999998	0.04	3.0	1
1587377.3601999998	0.04	3.0	1
1591633.1270999997	0.04	3.4	1
1595895.1219999997	0.03	4.0	1
1600161.4782999998	0.04	2.8	1
1604433.4403999997	0.03	3.6	1
1608715.0526999997	0.04	6.2	1
1613001.8040999996	0.04	3.3	1
1617293.2279999997	0.04	3.0	1
1621589.9465999997	0.03	3.4	1
1625891.6487999996	0.04	3.2	1
1630198.0234999997	0.04	3.0	1
1634508.2928999998	0.03	2.5	1
1638824.1680999997	0.03	3.6	1
1643145.3379999998	0.04	3.4	1
1647473.0469999998	0.03	4.2	1
1651807.7617999997	0.03	4.5	1
1656154.9267999998	0.03	8.0	1
1660507.0753999997	0.04	3.2	1
1664863.8964999998	0.03	3.0	1
1669224.1455999997	0.04	2.2	1
1673589.3782999997	0.04	3.2	1
1677958.9723999999	0.03	2.8	1
1682333.2389999998	0.03	3.0	1
1686710.6224999998	0.03	2.0	1
1691091.1228999998	0.03	2.0	1
1695478.4734999998	0.03	4.4	1
1699868.9409999999	0.03	2.0	1
1704265.6364999998	0.03	4.0	1
1708666.6933999998	0.04	2.8	1
1713073.0449999997	0.03	3.4	1
1717482.5134999997	0.03	2.0	1
1721895.0988999996	0.03	2.0	1
1726316.7122999995	0.02	5.8	1
1730746.8870999995	0.02	5.5	1
1735182.6676999994	0.03	3.6	1
1739623.2762999993	0.04	3.1	1
