2.5391	0.03	1.9	1
14.150699999999999	0.04	6.8	1
28.9681	0.04	2.4	1
48.3246	0.03	3.4	1
71.1536	0.04	2.6	1
97.9884	0.03	3.0	1
128.9623	0.03	3.1	1
169.27530000000002	0.03	7.0	1
213.59410000000003	0.03	3.0	1
261.65200000000004	0.04	2.8	1
315.31570000000005	0.03	4.2	1
371.25190000000003	0.03	1.7	1
435.19390000000004	0.03	6.0	1
503.40840000000003	0.03	3.2	1
576.4287	0.04	3.6	1
659.8548000000001	0.03	7.8	1
746.4867	0.04	2.4	1
838.1911	0.03	3.8	1
932.4346	0.03	1.9	1
1030.6839	0.04	3.0	1
1133.4723	0.04	3.4	1
1240.5331999999999	0.04	3.2	1
1351.8665999999998	0.04	3.2	1
1468.2724999999998	0.03	3.8	1
1589.3509	0.04	3.5	1
1714.4351	0.04	3.0	1
1843.2584	0.04	2.8	1
1977.1542	0.03	3.8	1
2114.2558	0.04	2.4	1
2253.6299	0.04	1.7	1
2395.6765	0.04	2.0	1
2543.0622	0.03	4.0	1
2693.3869999999997	0.03	2.2	1
2847.7176	0.04	3.0	1
3006.5873	0.03	3.4	1
3169.1961	0.04	2.8	1
3333.1440000000002	0.03	1.0	1
3501.6310000000003	0.03	3.4	1
3674.6571000000004	0.03	3.4	1
3850.6223000000005	0.03	2.2	1
4031.9266000000007	0.03	4.0	1
4222.036700000001	0.03	6.6	1
4415.8859	0.03	2.8	1
4613.3409	0.04	2.7	1
4814.2684	0.04	2.6	1
5022.8017	0.04	5.7	1
5234.0075	0.03	2.0	1
5452.9524	0.03	5.8	1
5675.2364	0.03	2.5	1
5901.6595	0.03	3.1	1
6129.6884	0.03	1.2	1
6361.0564	0.03	2.5	1
6597.6302000000005	0.03	3.9	1
6836.3431	0.03	1.6	1
7080.3951	0.03	4.0	1
7329.919599999999	0.03	4.1	1
7583.849899999999	0.04	3.3	1
7843.119299999999	0.03	4.0	1
8106.127799999999	0.04	2.8	1
8372.6088	0.04	2.6	1
8643.0956	0.04	3.0	1
8919.1882	0.03	4.2	1
9199.553300000001	0.03	3.2	1
9485.524200000002	0.03	4.2	1
9775.367600000001	0.04	2.9	1
10069.483500000002	0.03	3.2	1
10367.605200000002	0.04	3.0	1
10669.066000000003	0.05	2.5	1
10975.065900000003	0.03	3.4	1
11288.004900000004	0.03	5.2	1
11603.349700000004	0.03	1.8	1
11927.100300000004	0.03	6.3	1
12255.656700000003	0.04	3.6	1
12585.818900000004	0.03	1.2	1
12920.253600000004	0.04	3.2	1
13258.427400000004	0.04	2.8	1
13601.407000000005	0.04	3.6	1
13948.125700000004	0.04	2.8	1
14299.916900000004	0.03	3.8	1
14653.313900000005	0.03	1.2	1
15011.516700000004	0.03	3.6	1
15375.325300000004	0.03	4.2	1
15742.873000000003	0.04	2.8	1
16114.293200000004	0.03	2.9	1
16490.519200000002	0.03	3.6	1
16871.284300000003	0.04	3.4	1
17253.388500000005	0.03	1.0	1
17645.898500000003	0.03	7.8	1
18042.681000000004	0.03	3.2	1
18444.002600000003	0.03	3.4	1
18849.863300000005	0.03	3.4	1
19260.263100000004	0.03	3.4	1
19674.402000000006	0.04	2.8	1
20092.280000000006	0.04	2.8	1
20515.230500000005	0.03	3.8	1
20942.986800000006	0.03	3.6	1
21379.282200000005	0.04	6.4	1
21818.250100000005	0.04	2.0	1
22260.690500000004	0.03	2.6	1
22704.736700000005	0.03	1.2	1
23150.788700000005	0.03	1.5	1
23603.246500000005	0.04	4.8	1
24059.976800000004	0.03	3.2	1
24524.446200000006	0.03	5.8	1
24992.121400000007	0.04	2.4	1
25470.202400000006	0.03	7.8	1
25952.022500000006	0.04	2.8	1
26437.581700000006	0.04	2.8	1
26926.613400000006	0.04	2.6	1
27420.984200000006	0.03	4.0	1
27919.360800000006	0.03	3.0	1
28421.743200000004	0.05	3.0	1
28928.931400000005	0.03	3.6	1
29442.258700000006	0.03	4.6	1
29960.125100000005	0.04	3.4	1
30481.464000000004	0.03	2.6	1
31011.608700000004	0.04	6.6	1
31548.159200000006	0.04	4.8	1
32088.715500000006	0.03	3.0	1
32633.810900000004	0.03	3.4	1
33182.9121	0.03	3.0	1
33736.8191	0.03	3.6	1
34294.4652	0.04	2.8	1
34854.7838	0.03	2.0	1
35419.6415	0.03	3.4	1
35988.104999999996	0.04	2.7	1
36560.30759999999	0.04	2.8	1
37137.04929999999	0.04	3.4	1
37716.46349999999	0.03	2.0	1
38300.15019999999	0.04	3.2	1
38888.24269999999	0.04	3.3	1
39480.87429999999	0.03	3.4	1
40079.11169999999	0.03	4.2	1
40681.088199999984	0.04	2.8	1
41288.270499999984	0.03	3.9	1
41899.725299999984	0.03	3.2	1
42515.719199999985	0.04	3.4	1
43134.91889999998	0.04	2.4	1
43757.857699999986	0.04	2.8	1
44384.80229999999	0.03	3.0	1
45016.15269999999	0.04	3.3	1
45650.57559999999	0.04	2.3	1
46289.53759999999	0.03	3.4	1
46933.838699999986	0.03	4.0	1
47588.54559999998	0.03	7.8	1
48245.92499999998	0.05	2.0	1
48909.97689999998	0.03	5.0	1
49577.76789999998	0.04	2.8	1
50249.831399999974	0.04	3.2	1
50926.70069999997	0.04	3.6	1
51607.84249999997	0.03	3.2	1
52292.990099999966	0.04	3.0	1
52983.210199999965	0.03	3.8	1
53676.90279999997	0.03	2.6	1
54375.401199999964	0.03	3.6	1
55078.43869999996	0.03	3.4	1
55786.01529999996	0.03	3.4	1
56497.06439999996	0.04	2.6	1
57211.58599999996	0.04	2.6	1
57936.78009999996	0.03	8.0	1
58666.77999999996	0.04	3.6	1
59402.518999999964	0.03	4.3	1
60141.997099999964	0.03	2.8	1
60888.41429999997	0.03	5.2	1
61638.83729999997	0.03	3.0	1
62392.73279999997	0.03	2.6	1
63153.83409999997	0.04	5.4	1
63918.14119999997	0.03	2.4	1
64686.98739999997	0.04	3.4	1
65459.30609999997	0.04	2.6	1
66236.96389999997	0.03	4.0	1
67018.89419999997	0.03	3.2	1
67804.56359999996	0.04	2.8	1
68594.50549999997	0.03	3.2	1
69388.85319999997	0.04	3.3	1
70186.93999999997	0.03	2.8	1
70992.23259999997	0.04	5.4	1
71803.93099999997	0.04	4.8	1
72623.90189999997	0.04	6.2	1
73453.21189999997	0.04	7.0	1
74286.79439999997	0.04	3.2	1
75125.71599999997	0.03	4.0	1
75969.84339999997	0.03	3.9	1
76823.57659999997	0.04	7.2	1
77681.04889999997	0.03	2.8	1
78542.79369999997	0.04	3.2	1
79408.67759999997	0.04	3.1	1
80278.96729999996	0.03	3.3	1
81152.99609999996	0.04	2.8	1
82037.16399999996	0.03	7.6	1
82923.47099999996	0.03	1.6	1
83814.58379999996	0.04	3.6	1
84709.83569999997	0.03	3.1	1
85608.42669999997	0.04	2.5	1
86510.49019999997	0.04	2.6	1
87416.29279999997	0.03	2.8	1
88326.36789999997	0.04	3.2	1
89240.58209999997	0.03	3.1	1
90156.93539999997	0.04	1.6	1
91078.36119999997	0.03	3.8	1
92004.85949999998	0.03	3.8	1
92935.36359999998	0.04	3.0	1
93869.87349999999	0.04	3.0	1
94814.78919999998	0.03	7.8	1
95771.17739999999	0.03	8.6	1
96731.30469999998	0.04	2.8	1
97695.43779999999	0.03	3.0	1
98661.44339999999	0.03	1.4	1
99632.2548	0.04	3.6	1
100613.2053	0.03	7.6	1
101598.4283	0.04	3.2	1
102587.3904	0.04	2.8	1
103581.425	0.03	3.8	1
104578.9321	0.04	2.6	1
105579.645	0.04	2.4	1
106588.09700000001	0.03	5.8	1
107603.22150000001	0.02	5.0	1
108622.61850000001	0.04	3.2	1
109646.55460000002	0.04	3.4	1
110676.62980000002	0.03	4.6	1
111711.37750000003	0.03	3.5	1
112750.26430000002	0.04	3.1	1
113794.49020000003	0.03	4.0	1
114842.72190000003	0.04	3.0	1
115893.22610000003	0.03	1.7	1
116947.73610000002	0.03	3.0	1
118006.51860000002	0.03	3.2	1
119068.77360000003	0.04	2.6	1
120138.50110000002	0.03	5.6	1
121212.50110000002	0.04	3.2	1
122290.77360000003	0.04	3.2	1
123373.58520000003	0.03	3.4	1
124461.73590000003	0.03	4.0	1
125554.42570000002	0.03	3.4	1
126651.38800000002	0.04	3.2	1
127751.82280000002	0.04	2.6	1
128856.93010000003	0.03	3.5	1
129970.97650000003	0.04	6.7	1
131089.42870000005	0.04	3.3	1
132211.62000000005	0.03	2.8	1
133339.15040000004	0.03	4.0	1
134470.41990000004	0.04	2.8	1
135607.02850000004	0.03	4.0	1
136748.57620000004	0.03	3.7	1
137894.39640000003	0.04	3.2	1
139044.22240000003	0.04	3.0	1
140204.45420000004	0.03	7.8	1
141369.22510000004	0.04	3.4	1
142544.26850000003	0.03	7.7	1
143725.45100000003	0.03	4.6	1
144910.17260000002	0.04	3.4	1
146098.63330000002	0.04	2.8	1
147291.6331	0.03	3.4	1
148495.8387	0.03	8.4	1
149703.6501	0.04	2.7	1
150915.4673	0.04	3.0	1
152131.557	0.03	3.2	1
153350.5858	0.03	2.2	1
154572.8204	0.03	2.4	1
155799.5941	0.04	3.4	1
157030.9069	0.03	3.4	1
158270.4922	0.04	6.2	1
159513.2833	0.04	2.4	1
160759.81350000002	0.04	2.8	1
162012.08280000003	0.03	4.3	1
163272.22460000005	0.03	5.9	1
164534.90550000005	0.04	1.9	1
165800.25890000004	0.03	2.0	1
167070.15140000003	0.03	3.4	1
168344.84970000002	0.04	3.6	1
169621.4205	0.03	1.4	1
170903.0638	0.03	3.8	1
172188.9796	0.04	3.2	1
173479.1679	0.03	3.2	1
174773.0953	0.04	2.8	1
176070.76179999998	0.03	2.8	1
177373.23409999997	0.03	3.6	1
178679.71219999998	0.04	3.0	1
179990.19609999997	0.04	3.0	1
181304.41909999997	0.03	2.8	1
182623.98119999998	0.03	4.0	1
183948.3491	0.03	3.6	1
185277.2561	0.03	3.4	1
186609.6356	0.04	2.6	1
187946.2876	0.03	3.2	1
189292.5454	0.03	7.2	1
190643.3423	0.03	3.4	1
191998.145	0.03	3.0	1
193357.48679999998	0.04	3.4	1
194718.70109999998	0.03	1.4	1
196084.1879	0.04	3.2	1
197452.6138	0.03	2.2	1
198824.5122	0.04	2.6	1
200200.2831	0.03	2.9	1
201580.3265	0.03	3.2	1
202963.5757	0.03	2.4	1
204351.63069999998	0.03	3.6	1
205743.9582	0.03	3.2	1
207139.4915	0.03	2.4	1
208540.3639	0.03	4.0	1
209950.3088	0.04	6.8	1
211364.5262	0.03	3.2	1
212789.4161	0.03	8.0	1
214219.1118	0.03	3.6	1
215653.08000000002	0.03	3.2	1
217090.654	0.03	2.7	1
218541.56710000001	0.03	10.0	1
219997.28600000002	0.03	3.6	1
221457.54400000002	0.04	3.4	1
222926.34110000002	0.03	6.4	1
224405.27730000002	0.03	7.6	1
225887.68600000002	0.04	2.6	1
227374.6338	0.03	3.4	1
228865.9874	0.03	3.3	1
230363.2135	0.03	4.4	1
231864.17870000002	0.02	2.8	1
233369.41640000002	0.03	3.2	1
234878.9266	0.04	3.2	1
236396.4426	0.04	6.0	1
237919.03110000002	0.03	3.8	1
239449.89210000003	0.04	6.2	1
240985.69220000002	0.03	3.7	1
242524.96480000002	0.03	2.6	1
244069.04320000001	0.03	3.6	1
245616.9941	0.03	2.9	1
247172.95080000002	0.03	6.0	1
248733.18000000002	0.04	3.2	1
250297.68170000002	0.04	3.2	1
251868.0559	0.03	4.4	1
253442.4359	0.04	3.0	1
255024.155	0.03	5.5	1
256611.2132	0.03	4.0	1
258201.7439	0.03	2.6	1
259797.3471	0.03	3.8	1
261396.6894	0.04	2.8	1
263002.4375	0.04	4.8	1
264610.0581	0.03	1.4	1
266221.01780000003	0.04	2.5	1
267836.7833	0.03	3.6	1
269455.4879	0.03	2.2	1
271078.465	0.04	3.2	1
272704.9146	0.03	2.6	1
274335.9033	0.04	3.4	1
275975.6978	0.04	6.6	1
277620.2981	0.03	3.6	1
279268.6375	0.03	2.8	1
280921.6494	0.03	3.5	1
282577.3338	0.02	2.0	1
284234.22400000005	0.07	0.9	1
285900.72000000003	0.04	7.2	1
287568.82180000003	0.03	1.2	1
289241.7294	0.03	3.6	1
290919.8428	0.03	3.9	1
292601.69529999996	0.03	2.8	1
294288.08689999994	0.04	3.4	1
295979.5509999999	0.03	3.8	1
297676.35419999994	0.03	4.0	1
299376.0964999999	0.03	2.2	1
301085.97789999994	0.03	7.6	1
302801.4650999999	0.03	4.2	1
304521.0913999999	0.04	3.1	1
306248.99019999994	0.04	6.2	1
307985.9614999999	0.04	6.8	1
309725.3385999999	0.03	1.8	1
311468.7214999999	0.03	3.0	1
313218.5101999999	0.04	4.8	1
314972.0379999999	0.04	2.8	1
316733.0382999999	0.04	5.6	1
318499.1110999999	0.03	3.8	1
320269.4563999999	0.04	3.2	1
322043.5407999999	0.03	2.8	1
323821.8976999999	0.03	3.2	1
325608.5270999999	0.04	6.2	1
327399.9622999999	0.03	3.6	1
329196.2032999999	0.03	3.6	1
330996.98339999985	0.03	3.4	1
332801.76929999987	0.04	3.0	1
334610.9609999999	0.04	3.3	1
336424.1584999999	0.04	3.0	1
338241.3617999999	0.03	3.0	1
340063.6375999999	0.03	3.8	1
341890.7191999999	0.03	3.6	1
343722.4732999999	0.03	3.5	1
345558.4998999999	0.03	3.2	1
347398.7989999999	0.04	3.2	1
349242.7038999999	0.04	2.7	1
351091.6812999999	0.03	3.8	1
352945.4644999999	0.03	3.6	1
354809.1201999999	0.03	7.4	1
356677.1816999999	0.03	3.3	1
358550.4489999999	0.03	3.9	1
360435.98879999993	0.03	9.2	1
362328.6010999999	0.03	5.3	1
364225.4858999999	0.04	3.2	1
366126.1097999999	0.03	2.8	1
368030.2061999999	0.04	2.6	1
369947.1083999999	0.03	9.6	1
371867.7496999999	0.04	2.8	1
373792.39679999993	0.04	3.0	1
375721.31639999995	0.04	3.2	1
377654.24179999996	0.03	3.0	1
379590.63969999994	0.04	2.6	1
381536.11009999993	0.03	6.8	1
383484.9195999999	0.04	2.5	1
385437.2015999999	0.04	2.6	1
387398.5560999999	0.04	6.8	1
389362.31639999995	0.03	1.8	1
391328.21579999995	0.03	1.6	1
393298.1209999999	0.04	3.0	1
395271.7652999999	0.04	2.8	1
397249.6820999999	0.03	3.2	1
399232.4046999999	0.04	3.6	1
401218.8663999999	0.04	2.8	1
403210.6671999999	0.03	4.0	1
405205.67379999993	0.03	2.4	1
407204.2861999999	0.04	2.7	1
409209.9710999999	0.03	5.3	1
411222.0617999999	0.03	4.8	1
413238.42499999993	0.03	3.2	1
415259.0606999999	0.03	3.2	1
417284.50219999993	0.03	3.6	1
419314.7494999999	0.03	3.6	1
421348.46929999994	0.04	2.6	1
423384.86159999995	0.03	2.0	1
425426.32639999996	0.03	3.8	1
427477.93029999995	0.03	7.6	1
429534.2066999999	0.03	3.5	1
431594.48889999994	0.04	3.0	1
433661.97689999995	0.04	5.4	1
435732.93739999994	0.04	2.6	1
437808.30369999993	0.03	3.3	1
439891.6757999999	0.03	6.0	1
441985.4536999999	0.03	7.8	1
444080.7040999999	0.03	1.1	1
446179.16029999993	0.04	2.4	1
448282.9555999999	0.03	4.0	1
450390.2233999999	0.03	2.6	1
452502.0302999999	0.03	3.4	1
454618.1096999999	0.03	3.2	1
456737.9281999999	0.03	2.8	1
458862.2857999999	0.04	3.4	1
460991.1824999999	0.03	3.4	1
463125.28499999986	0.03	3.9	1
465265.12659999984	0.03	4.3	1
467414.30729999987	0.03	7.0	1
469566.96049999987	0.04	2.6	1
471730.0194999999	0.03	7.8	1
473896.2842999999	0.03	2.4	1
476065.2215999999	0.03	2.0	1
478237.89799999987	0.04	2.8	1
480414.3134999999	0.04	2.8	1
482594.73479999986	0.03	3.0	1
484779.42859999987	0.03	3.2	1
486968.79489999986	0.03	3.5	1
489164.03369999985	0.03	4.4	1
491364.4115999999	0.02	4.6	1
493569.59529999987	0.03	3.6	1
495779.0514999999	0.03	3.2	1
497992.5134999999	0.04	3.0	1
500207.8479999999	0.03	1.4	1
502426.65499999985	0.04	2.6	1
504650.53449999983	0.03	3.8	1
506877.88649999985	0.03	2.6	1
509107.91099999985	0.03	2.0	1
511342.20799999987	0.03	3.2	1
513580.5107999999	0.03	3.0	1
515822.28609999985	0.04	2.6	1
518069.00049999985	0.03	3.7	1
520319.98739999987	0.03	3.2	1
522574.7133999999	0.03	2.8	1
524833.7118999999	0.03	3.2	1
527096.4494999999	0.03	2.8	1
529363.1928999999	0.03	3.0	1
531633.9420999999	0.04	3.0	1
533914.8303999999	0.04	7.6	1
536199.7244999999	0.04	3.0	1
538492.0910999998	0.04	5.6	1
540786.0634999998	0.07	1.2	1
543083.9083999998	0.03	2.9	1
545385.7590999998	0.04	3.0	1
547690.5488999998	0.03	2.2	1
550004.4111999999	0.03	6.8	1
552323.0792999999	0.04	3.6	1
554646.0198999998	0.04	3.2	1
556973.2329999999	0.03	3.2	1
559305.5185999998	0.03	3.8	1
561641.1432999999	0.04	2.5	1
563989.3070999999	0.03	9.4	1
566344.2766999998	0.04	5.1	1
568707.3853999998	0.04	6.1	1
571074.2331999998	0.04	2.8	1
573444.8200999998	0.04	2.8	1
575817.0127999998	0.03	1.2	1
578195.3445999998	0.03	4.6	1
580578.4821999999	0.04	3.6	1
582967.4922999998	0.03	4.4	1
585364.3748999998	0.04	5.9	1
587764.7299999999	0.04	2.6	1
590169.3575999999	0.03	3.2	1
592579.0576999999	0.03	3.8	1
594998.6302999998	0.03	7.4	1
597423.2753999998	0.03	3.8	1
599852.0595999998	0.03	3.1	1
602286.4495999998	0.03	4.2	1
604727.5120999998	0.03	5.0	1
607178.9803999998	0.03	7.8	1
609635.7877999998	0.03	4.0	1
612097.1342999998	0.03	3.4	1
614562.4865999998	0.04	3.0	1
617032.1113999998	0.03	3.2	1
619505.7419999999	0.03	3.0	1
621983.1116999999	0.03	2.8	1
624469.8204999999	0.04	7.0	1
626958.4017999999	0.03	1.4	1
629451.2555999999	0.04	3.2	1
631948.3818999999	0.04	3.2	1
634447.6473	0.03	1.6	1
636951.1852	0.03	3.2	1
639459.2622	0.03	3.4	1
641973.2117	0.03	4.4	1
644491.4336999999	0.03	3.2	1
647014.4615	0.04	3.6	1
649548.4284	0.03	8.2	1
652086.1344	0.04	2.8	1
654628.6462	0.03	3.6	1
657175.1638	0.04	3.0	1
659725.5538999999	0.04	2.9	1
662284.2165	0.03	6.2	1
664846.0849	0.03	2.4	1
667412.2258	0.04	3.2	1
669982.3725	0.04	3.0	1
672555.7250000001	0.03	2.4	1
675133.8833000001	0.03	3.6	1
677716.5807	0.03	3.4	1
680308.6172000001	0.03	7.0	1
682903.9928000001	0.03	2.5	1
685503.3742000001	0.04	3.0	1
688106.7614000001	0.04	3.0	1
690714.9544	0.03	3.6	1
693327.6865000001	0.03	3.4	1
695944.4244	0.03	3.0	1
698566.7681	0.03	4.2	1
701193.6509	0.03	3.4	1
703823.7395	0.03	2.4	1
706458.9006	0.03	3.8	1
709096.6008	0.02	1.9	1
711746.0401	0.03	8.8	1
714400.8184999999	0.03	4.0	1
717059.8694	0.03	3.2	1
719720.7927999999	0.03	1.4	1
722384.5219999999	0.02	2.1	1
725052.7902999999	0.03	3.4	1
727725.5976999999	0.03	3.4	1
730402.4108999999	0.03	3.0	1
733085.8965999999	0.04	5.0	1
735773.1213999998	0.04	2.8	1
738463.2852999999	0.03	2.2	1
741154.7882999999	0.03	1.0	1
743850.5637999999	0.04	3.2	1
746549.8117999999	0.04	2.6	1
749252.7988999999	0.04	2.8	1
751958.9918	0.04	2.4	1
754669.4572	0.03	3.2	1
757384.0617	0.03	3.1	1
760102.6719999999	0.03	3.0	1
762825.5547999999	0.03	3.2	1
765552.4433999999	0.04	3.0	1
768283.6044999999	0.04	3.2	1
771019.5713999999	0.03	3.6	1
773759.8107999999	0.03	3.2	1
776504.8559999999	0.03	3.6	1
779258.9736999999	0.03	6.8	1
782016.5638999998	0.04	2.6	1
784777.8931999998	0.03	2.8	1
787542.4282999998	0.04	2.4	1
790310.7024999998	0.03	2.8	1
793080.9824999998	0.03	1.5	1
795855.2682999998	0.04	3.0	1
798634.0931999998	0.03	3.4	1
801417.9905999998	0.03	3.8	1
804205.6270999998	0.03	2.8	1
806997.2693999998	0.04	3.0	1
809794.2507999998	0.03	4.0	1
812595.5046999998	0.04	3.2	1
815401.8310999998	0.03	3.8	1
818216.6965999998	0.03	6.4	1
821035.8345999998	0.03	3.2	1
823858.9783999998	0.03	3.0	1
826686.1279999998	0.03	3.0	1
829517.1500999997	0.04	2.9	1
832351.7779999997	0.03	2.7	1
835190.9449999997	0.03	3.4	1
838034.3844999997	0.03	3.2	1
840888.7630999997	0.03	8.2	1
843747.9474999998	0.03	3.6	1
846610.8709999998	0.04	2.8	1
849475.9335999998	0.03	1.6	1
852345.8019999998	0.03	3.6	1
855219.6761999998	0.04	3.0	1
858098.6228999997	0.03	3.8	1
860986.1086999997	0.04	6.4	1
863877.6002999997	0.04	3.0	1
866772.5643999997	0.03	2.6	1
869672.8675999996	0.03	4.0	1
872577.1765999997	0.04	3.0	1
875485.2246999997	0.03	2.8	1
878397.5452999996	0.04	3.2	1
881312.5383999996	0.03	2.0	1
884235.8039999997	0.04	6.2	1
887161.4753999996	0.03	1.8	1
890092.7525999997	0.03	4.2	1
893025.9022999996	0.03	1.4	1
895960.6577999996	0.02	1.2	1
898899.0190999996	0.03	2.7	1
901841.3861999996	0.03	3.0	1
904787.7590999996	0.03	3.0	1
907741.3377999995	0.03	5.4	1
910699.1889999995	0.03	3.2	1
913661.1792999995	0.03	3.1	1
916627.7086999995	0.03	3.4	1
919599.0438999995	0.03	3.6	1
922574.6515999995	0.03	3.2	1
925555.0650999995	0.03	3.6	1
928543.4843999995	0.03	6.0	1
931535.9094999995	0.03	3.0	1
934532.3403999995	0.04	3.0	1
937533.5770999995	0.03	3.6	1
940538.2862999996	0.03	2.6	1
943546.7345999996	0.04	2.8	1
946559.0553999996	0.02	2.9	1
949575.1152999996	0.04	2.8	1
952595.7142999996	0.03	3.4	1
955620.0523999997	0.04	2.8	1
958648.6629999997	0.03	3.2	1
961679.6793999997	0.03	1.8	1
964715.5015999997	0.03	3.6	1
967756.1295999998	0.03	3.6	1
970802.6300999997	0.03	4.4	1
973853.0030999997	0.03	2.9	1
976907.3818999997	0.03	3.0	1
979966.0331999997	0.04	3.2	1
983029.2235999997	0.03	3.4	1
986096.4197999997	0.04	3.0	1
989167.6217999997	0.04	3.0	1
992242.0295999998	0.03	2.4	1
995318.8431999998	0.03	1.8	1
998400.9958999997	0.03	4.0	1
1001488.7543999997	0.03	4.2	1
1004579.9853999998	0.03	2.6	1
1007675.2221999997	0.03	3.0	1
1010774.3314999997	0.03	2.9	1
1013877.7132999997	0.04	3.2	1
1016983.5008999998	0.05	1.8	1
1020093.5609999998	0.04	3.2	1
1023207.6268999998	0.04	3.0	1
1026326.7652999999	0.03	3.8	1
1029450.1761999999	0.04	3.2	1
1032577.8595999999	0.03	3.2	1
1035707.9487999999	0.03	1.8	1
1038842.0437999999	0.03	3.0	1
1041979.6112999999	0.04	2.6	1
1045123.3178999999	0.03	4.6	1
1048271.2969999999	0.04	3.2	1
1051423.5485999999	0.03	3.2	1
1054579.8059999999	0.04	3.0	1
1057740.6024999998	0.03	3.4	1
1060906.7380999997	0.03	4.0	1
1064077.1461999996	0.03	3.2	1
1067251.8267999997	0.03	3.2	1
1070431.4464999996	0.03	3.7	1
1073617.2052999996	0.03	4.6	1
1076808.3031999995	0.03	4.0	1
1080003.4068999996	0.04	3.0	1
1083202.5163999996	0.03	3.0	1
1086405.6316999996	0.04	3.0	1
1089612.4860999996	0.04	2.8	1
1092824.6795999997	0.03	4.0	1
1096041.2788999996	0.03	3.3	1
1099260.5506999996	0.03	2.0	1
1102485.1615999995	0.03	4.0	1
1105713.5115999996	0.04	2.8	1
1108945.8673999996	0.03	3.0	1
1112181.9622999995	0.04	2.8	1
1115422.5962999996	0.03	3.4	1
1118670.1693999995	0.03	5.2	1
1121922.0149999994	0.04	3.2	1
1125177.4663999993	0.03	2.7	1
1128443.5235999993	0.03	8.7	1
1131714.1198999994	0.03	3.4	1
1134988.1886999994	0.04	2.6	1
1138267.8632999994	0.03	4.2	1
1141553.1436999994	0.03	4.2	1
1144842.6965999994	0.03	3.2	1
1148136.6552999995	0.03	3.3	1
1151435.4197999996	0.03	3.6	1
1154736.3233999996	0.03	1.6	1
1158041.4994999997	0.04	3.2	1
1161350.6813999997	0.04	3.0	1
1164663.3357999998	0.04	2.6	1
1167980.2626999998	0.04	3.2	1
1171301.9954	0.04	3.6	1
1174627.2005999999	0.04	2.6	1
1177957.4782999998	0.03	3.8	1
1181292.0284999998	0.04	3.2	1
1184628.7177999998	0.04	1.6	1
1187970.8795999996	0.03	4.1	1
1191316.9138999996	0.03	2.9	1
1194666.9539999997	0.04	3.0	1
1198022.5998999996	0.03	4.2	1
1201383.5848999997	0.03	4.0	1
1204749.3756999997	0.03	3.6	1
1208122.9055999997	0.04	5.8	1
1211501.6412999998	0.03	3.9	1
1214892.1160999998	0.03	8.8	1
1218287.9299999997	0.03	4.0	1
1221688.0163999996	0.04	3.2	1
1225095.8418999997	0.03	5.8	1
1228506.6064999998	0.04	2.2	1
1231921.7768999997	0.04	3.3	1
1235342.2863999996	0.03	4.0	1
1238767.0683999995	0.04	3.2	1
1242196.3894999996	0.03	3.4	1
1245629.4496999995	0.04	2.8	1
1249066.3156999995	0.03	3.6	1
1252507.4541999993	0.04	3.2	1
1255954.7317999993	0.03	4.6	1
1259408.0151999993	0.03	4.5	1
1262864.7710999993	0.03	2.6	1
1266327.3994999994	0.03	4.4	1
1269794.0336999993	0.04	3.0	1
1273263.3403999994	0.04	2.0	1
1276736.6528999994	0.04	3.0	1
1280214.7711999994	0.03	3.6	1
1283703.8285999994	0.03	8.2	1
1287196.8917999994	0.04	3.0	1
1290694.7607999993	0.03	3.6	1
1294196.3688999994	0.04	2.8	1
1297701.9827999994	0.04	3.0	1
1301211.8691999994	0.04	3.2	1
1304726.8280999993	0.03	3.8	1
1308244.1927999994	0.03	1.8	1
1311772.4965999995	0.03	8.2	1
1315305.0728999996	0.04	3.2	1
1318848.3216999995	0.03	8.0	1
1322395.0429999996	0.04	2.6	1
1325947.6367999995	0.03	4.4	1
1329506.5030999996	0.03	4.7	1
1333068.8418999997	0.03	2.6	1
1336633.1864999996	0.03	1.5	1
1340201.8035999995	0.03	3.2	1
1343776.1597999996	0.03	4.3	1
1347355.3217999996	0.03	3.6	1
1350938.2228999995	0.04	2.8	1
1354529.9297999996	0.03	6.6	1
1358126.7091999997	0.03	3.8	1
1361728.0276999997	0.03	3.4	1
1365334.4186999998	0.03	3.8	1
1368945.6154999998	0.03	3.6	1
1372567.4847999997	0.03	8.0	1
1376192.8265999998	0.04	2.6	1
1379822.4408999998	0.04	3.2	1
1383455.2609999997	0.03	2.4	1
1387089.1535999996	0.03	0.8	1
1390724.9186999996	0.06	1.4	1
1394363.0895999996	0.03	1.8	1
1398004.9995999995	0.04	2.8	1
1401650.7820999995	0.04	2.9	1
1405301.1036999994	0.03	3.4	1
1408956.7643999993	0.03	4.0	1
1412615.0975999993	0.03	2.0	1
1416277.4365999992	0.03	3.0	1
1419943.7813999993	0.03	3.0	1
1423618.9319999993	0.04	6.6	1
1427300.0883999993	0.03	4.5	1
1430985.2505999992	0.03	3.0	1
1434679.2185999993	0.03	6.6	1
1438377.9923999994	0.03	3.6	1
1442080.7719999994	0.04	3.0	1
1445786.0906999994	0.03	1.9	1
1449493.0151999993	0.03	1.2	1
1453209.5454999993	0.03	7.2	1
1456928.3482999993	0.03	1.7	1
1460651.4235999992	0.03	3.2	1
1464378.2379999992	0.04	2.8	1
1468109.5914999992	0.03	3.4	1
1471845.484099999	0.04	3.4	1
1475586.449199999	0.03	3.8	1
1479333.286799999	0.03	4.4	1
1483085.063499999	0.03	3.7	1
1486838.979299999	0.03	1.6	1
1490596.900899999	0.04	3.0	1
1494356.161599999	0.08	1.0	1
1498120.0947999991	0.04	3.5	1
1501889.900499999	0.03	4.4	1
1505663.178699999	0.04	2.6	1
1509439.129399999	0.03	2.0	1
1513224.419199999	0.03	7.0	1
1517013.448099999	0.03	2.8	1
1520807.816099999	0.03	4.0	1
1524606.189899999	0.04	3.0	1
1528408.569499999	0.03	3.0	1
1532212.2881999991	0.03	1.0	1
1536020.0126999991	0.04	3.0	1
1539831.476299999	0.03	2.8	1
1543647.2123999991	0.03	3.2	1
1547465.887599999	0.04	2.2	1
1551288.5685999992	0.04	3.0	1
1555116.1886999991	0.03	3.7	1
1558945.8145999992	0.06	1.5	1
1562777.5795999991	0.03	1.6	1
1566614.417099999	0.03	3.8	1
1570455.260399999	0.03	3.0	1
1574300.9094999991	0.03	3.6	1
1578158.4310999992	0.03	8.9	1
1582020.4917999993	0.04	3.4	1
1585887.3582999993	0.03	3.6	1
1589759.6972999992	0.03	4.1	1
1593637.108799999	0.04	3.8	1
1597520.2593999992	0.03	4.3	1
1601408.4824999992	0.03	3.8	1
1605300.4446999992	0.04	2.8	1
1609197.745999999	0.03	4.0	1
1613099.0530999992	0.03	3.0	1
1617004.0992999992	0.03	2.8	1
1620914.3512999993	0.03	3.9	1
1624829.1423999993	0.03	3.4	1
1628748.4725999993	0.03	3.4	1
1632672.6085999992	0.03	3.6	1
1636607.5503999991	0.03	8.1	1
1640545.4312999991	0.03	2.2	1
1644487.584699999	0.03	3.2	1
1648441.4771999991	0.03	8.8	1
1652399.9087999992	0.04	3.4	1
1656362.346199999	0.04	3.0	1
1660330.389399999	0.03	4.2	1
1664303.9050999992	0.03	4.1	1
1668283.6932999992	0.03	4.7	1
1672270.1539999992	0.03	5.0	1
1676260.6204999993	0.04	3.0	1
1680254.5594999993	0.04	2.6	1
1684253.0375999992	0.03	3.4	1
1688257.1214999992	0.03	4.2	1
1692270.0111999991	0.03	6.6	1
1696286.9066999992	0.03	3.0	1
1700307.2746999993	0.04	2.6	1
1704332.5817999993	0.03	3.7	1
1708367.2279999994	0.03	7.0	1
1712406.9466999995	0.03	3.8	1
1716450.9378999996	0.04	3.2	1
1720499.2015999996	0.04	3.2	1
1724553.0710999996	0.03	4.2	1
1728612.0130999996	0.03	3.8	1
1732681.6275999995	0.03	8.0	1
1736756.8478999995	0.03	4.2	1
1740837.6739999994	0.03	4.2	1
1744922.5058999995	0.04	3.0	1
1749012.4102999996	0.03	3.8	1
1753106.3204999997	0.04	3.0	1
1757205.8364999997	0.03	4.2	1
1761310.1582999998	0.03	3.6	1
1765417.9525999997	0.03	2.6	1
1769531.0859999997	0.03	4.0	1
1773648.2251999998	0.03	3.0	1
1777770.4368999999	0.03	3.8	1
1781897.7211	0.03	3.8	1
1786032.4778	0.04	5.6	1
1790171.2403	0.04	3.0	1
1794314.0086	0.04	3.0	1
1798466.6494	0.03	7.4	1
