3.7391	0.04	2.8	1
17.3507	0.03	7.4	1
34.9681	0.03	3.0	1
53.9246	0.03	1.0	1
76.3536	0.04	2.6	1
102.7884	0.04	3.0	1
132.9623	0.04	2.8	1
167.142	0.04	3.0	1
205.5942	0.04	3.2	1
247.7855	0.04	2.8	1
293.71590000000003	0.04	2.8	1
344.45210000000003	0.04	3.6	1
398.66080000000005	0.03	2.6	1
456.87530000000004	0.03	3.0	1
519.0956	0.03	3.0	1
585.855	0.03	3.4	1
660.6202000000001	0.04	6.0	1
739.3912	0.03	3.0	1
821.2347	0.03	2.3	1
908.5507	0.03	4.1	1
999.8725	0.03	3.0	1
1095.4668	0.04	3.2	1
1195.2002	0.03	3.1	1
1298.6727	0.04	2.8	1
1407.351	0.03	3.9	1
1517.6351000000002	0.07	1.2	1
1632.9917000000003	0.03	3.8	1
1753.4208000000003	0.03	3.8	1
1879.4557000000004	0.03	4.2	1
2009.6297000000004	0.03	3.1	1
2144.0762000000004	0.04	3.2	1
2282.7952000000005	0.04	3.2	1
2424.1867000000007	0.03	2.0	1
2576.5173000000004	0.03	8.2	1
2733.6537000000003	0.03	3.6	1
2896.3959000000004	0.03	4.2	1
3065.0106000000005	0.03	4.4	1
3237.8978000000006	0.03	3.2	1
3415.8575000000005	0.03	3.8	1
3598.0897000000004	0.03	3.2	1
3781.9277000000006	0.03	1.2	1
3968.4382000000005	0.03	2.0	1
4159.0878	0.03	3.1	1
4361.476500000001	0.03	8.8	1
4566.537700000001	0.03	2.0	1
4775.338000000001	0.04	2.8	1
4987.6108	0.04	2.6	1
5204.1561	0.03	3.2	1
5425.5072	0.04	3.6	1
5653.2641	0.04	4.8	1
5885.4268	0.04	3.3	1
6125.3286	0.04	5.8	1
6376.4362	0.03	8.4	1
6637.6829	0.03	7.6	1
6903.7354	0.03	3.6	1
7174.060399999999	0.03	3.2	1
7448.124499999999	0.04	2.8	1
7727.527699999999	0.03	4.0	1
8011.603399999999	0.04	3.5	1
8298.0849	0.03	1.8	1
8587.7722	0.03	2.4	1
8881.732	0.04	3.2	1
9182.3643	0.04	5.0	1
9484.6024	0.03	1.2	1
9790.8463	0.04	3.0	1
10100.029299999998	0.03	2.2	1
10413.618099999998	0.03	3.3	1
10729.612699999998	0.03	1.8	1
11049.879799999999	0.04	3.2	1
11377.885999999999	0.03	5.8	1
11708.697999999999	0.03	2.1	1
12043.5158	0.04	3.0	1
12382.072699999999	0.04	2.8	1
12723.9687	0.03	2.5	1
13069.603799999999	0.04	2.8	1
13419.5114	0.04	3.2	1
13773.424799999999	0.04	3.0	1
14131.877299999998	0.04	3.4	1
14495.668899999999	0.03	4.0	1
14864.799599999998	0.03	4.0	1
15242.2028	0.04	6.2	1
15624.1451	0.03	3.4	1
16010.0932	0.04	3.0	1
16401.3804	0.03	4.0	1
16796.4067	0.04	2.8	1
17193.5721	0.03	1.6	1
17594.743300000002	0.04	3.0	1
18006.587000000003	0.03	8.0	1
18422.969800000003	0.03	3.4	1
18843.6251	0.03	3.2	1
19265.8862	0.03	1.2	1
19692.1531	0.03	3.0	1
20122.6925	0.04	3.2	1
20555.371	0.04	1.6	1
20991.2553	0.04	2.4	1
21438.345400000002	0.03	8.4	1
21889.441300000002	0.04	3.0	1
22345.0763	0.03	3.4	1
22805.3838	0.03	3.5	1
23277.9638	0.03	9.2	1
23754.816300000002	0.03	3.2	1
24236.7413	0.03	3.8	1
24722.6721	0.04	3.0	1
25213.4087	0.03	3.6	1
25708.6844	0.03	3.4	1
26205.299199999998	0.03	1.0	1
26705.386499999997	0.03	2.6	1
27209.612899999996	0.04	3.1	1
27717.311799999996	0.04	2.6	1
28228.216499999995	0.04	2.4	1
28744.460299999995	0.03	4.0	1
29264.443199999994	0.04	2.8	1
29790.298599999995	0.03	4.4	1
30320.159799999994	0.04	3.0	1
30854.293499999992	0.03	3.2	1
31398.032999999992	0.03	7.2	1
31946.04499999999	0.03	3.2	1
32498.72949999999	0.03	3.5	1
33054.35309999999	0.03	2.2	1
33613.98249999999	0.04	3.0	1
34176.55099999999	0.03	2.2	1
34743.12529999999	0.03	3.0	1
35312.90539999999	0.04	2.4	1
35888.29129999999	0.03	4.2	1
36465.01629999999	0.03	1.0	1
37045.747099999986	0.03	3.0	1
37629.95039999999	0.03	2.6	1
38218.69279999999	0.04	3.4	1
38810.77429999999	0.03	2.5	1
39406.328299999994	0.04	2.6	1
40005.08809999999	0.03	2.4	1
40608.386999999995	0.04	3.4	1
41214.3584	0.03	2.0	1
41823.802299999996	0.04	2.6	1
42437.785299999996	0.04	3.4	1
43055.2408	0.04	2.6	1
43675.6354	0.03	2.2	1
44299.7691	0.04	2.8	1
44927.1086	0.04	2.4	1
45556.3206	0.03	1.4	1
46187.405099999996	0.03	1.4	1
46822.76209999999	0.04	3.2	1
47462.124899999995	0.03	3.0	1
48108.960199999994	0.04	5.6	1
48759.80129999999	0.03	3.0	1
49416.248199999995	0.03	4.2	1
50074.700899999996	0.03	1.5	1
50738.2261	0.03	3.8	1
51405.4904	0.04	2.8	1
52077.027200000004	0.03	3.2	1
52753.10310000001	0.03	3.4	1
53432.65150000001	0.04	2.6	1
54116.205700000006	0.03	3.0	1
54803.6324	0.04	2.9	1
55495.8649	0.03	3.6	1
56193.3032	0.03	3.9	1
56894.4806	0.04	2.8	1
57600.197100000005	0.03	3.4	1
58309.1194	0.04	2.4	1
59022.1808	0.04	3.1	1
59738.714700000004	0.03	2.6	1
60463.254400000005	0.04	6.0	1
61193.399900000004	0.03	4.2	1
61932.88450000001	0.04	7.0	1
62682.50820000001	0.03	7.6	1
63436.00440000001	0.03	2.9	1
64193.50640000001	0.03	3.0	1
64956.34750000001	0.03	4.0	1
65722.66110000001	0.03	2.6	1
66496.9805	0.03	6.0	1
67273.9724	0.03	2.0	1
68056.0368	0.03	3.8	1
68843.04030000001	0.03	3.7	1
69634.58290000001	0.04	3.4	1
70429.73130000001	0.04	2.7	1
71228.88550000002	0.04	3.0	1
72030.71220000002	0.05	2.0	1
72836.27800000002	0.04	2.8	1
73647.04960000001	0.03	3.9	1
74460.22700000001	0.03	1.8	1
75276.07690000001	0.03	2.0	1
76094.33260000001	0.03	1.8	1
76916.86080000001	0.03	3.2	1
77743.9281	0.03	3.4	1
78575.2679	0.04	3.2	1
79411.6802	0.03	3.8	1
80257.4316	0.03	7.0	1
81106.6555	0.04	2.6	1
81959.88519999999	0.03	3.0	1
82816.05399999999	0.03	2.2	1
83681.29529999998	0.03	6.8	1
84550.54239999998	0.04	3.0	1
85427.26199999997	0.03	5.6	1
86307.45409999997	0.04	2.6	1
87189.11869999998	0.03	1.1	1
88075.32239999998	0.04	3.4	1
88970.86519999997	0.04	7.0	1
89871.74709999996	0.03	4.0	1
90775.36809999996	0.03	2.8	1
91682.19489999996	0.03	2.4	1
92593.82749999996	0.03	3.6	1
93509.73259999996	0.04	3.2	1
94437.37679999995	0.03	8.8	1
95369.29349999996	0.03	3.2	1
96306.01599999996	0.03	3.6	1
97247.94429999996	0.03	3.9	1
98194.67839999996	0.04	3.6	1
99147.15159999995	0.03	4.3	1
100103.09729999995	0.03	2.6	1
101063.31549999995	0.04	3.2	1
102028.33949999996	0.03	3.6	1
102997.10259999995	0.04	2.8	1
103969.07149999996	0.03	2.4	1
104944.77949999996	0.04	2.8	1
105924.09329999996	0.04	2.7	1
106907.94619999996	0.03	3.4	1
107895.40489999996	0.03	2.7	1
108886.60269999996	0.03	2.8	1
109881.93959999995	0.03	3.1	1
110881.54899999996	0.03	3.2	1
111885.16419999996	0.04	3.0	1
112893.05189999996	0.04	3.2	1
113908.81209999997	0.03	5.9	1
114928.04479999996	0.04	2.6	1
115950.48329999996	0.03	2.4	1
116975.59429999997	0.03	2.0	1
118004.97779999996	0.04	3.2	1
119038.90039999997	0.04	3.4	1
120077.22879999997	0.03	3.3	1
121119.42969999996	0.03	2.9	1
122171.10309999996	0.04	7.1	1
123227.18229999996	0.04	3.3	1
124287.53399999996	0.03	3.2	1
125352.29149999996	0.03	3.3	1
126422.92149999997	0.03	4.4	1
127498.62399999997	0.03	3.8	1
128582.73229999997	0.03	6.3	1
129670.84639999998	0.03	3.0	1
130762.96629999999	0.03	3.0	1
131858.292	0.03	2.4	1
132957.8902	0.03	3.2	1
134061.7609	0.04	3.2	1
135166.9707	0.03	1.0	1
136273.9196	0.03	1.3	1
137385.4076	0.03	3.4	1
138499.3014	0.03	1.8	1
139618.001	0.03	3.6	1
140742.9731	0.04	4.7	1
141874.08430000002	0.03	4.6	1
143009.20130000002	0.03	3.0	1
144148.5908	0.04	3.2	1
145292.25280000002	0.03	3.2	1
146441.52060000002	0.03	4.2	1
147602.7942	0.03	9.0	1
148771.5403	0.03	5.6	1
149948.5589	0.03	6.2	1
151130.65	0.03	3.8	1
152316.7469	0.04	3.0	1
153506.8496	0.04	3.0	1
154699.8914	0.03	2.2	1
155898.539	0.03	4.2	1
157101.45909999998	0.03	3.2	1
158309.18499999997	0.03	3.6	1
159521.71669999996	0.03	3.6	1
160742.12089999995	0.04	5.9	1
161965.99759999994	0.04	2.6	1
163201.08009999993	0.03	8.4	1
164439.63509999993	0.04	2.6	1
165683.52919999993	0.03	4.0	1
166936.22909999994	0.04	6.6	1
168194.26809999993	0.04	4.0	1
169459.5128999999	0.04	5.4	1
170728.2301999999	0.04	2.6	1
172001.2199999999	0.04	3.2	1
173278.74889999992	0.04	3.4	1
174560.2835999999	0.03	3.0	1
175845.42409999992	0.03	2.7	1
177140.43709999992	0.03	7.4	1
178439.98919999992	0.03	3.4	1
179748.34709999993	0.03	6.6	1
181067.64409999992	0.03	8.2	1
182391.21359999993	0.04	3.2	1
183719.85559999992	0.03	3.8	1
185052.63669999992	0.03	3.1	1
186390.75689999992	0.03	4.0	1
187732.61619999993	0.03	2.8	1
189080.88129999992	0.04	4.8	1
190433.41889999993	0.04	3.2	1
191796.89559999993	0.03	8.2	1
193166.24479999993	0.03	4.4	1
194540.13309999992	0.03	3.4	1
195918.29389999993	0.03	3.2	1
197306.32719999994	0.03	7.4	1
198698.36629999994	0.03	3.0	1
200094.14449999994	0.04	2.8	1
201493.92849999995	0.04	3.0	1
202898.25159999996	0.03	3.4	1
204306.58049999995	0.04	3.0	1
205717.58189999996	0.03	2.0	1
207133.92239999995	0.03	4.0	1
208555.06869999995	0.03	3.6	1
209980.35409999994	0.04	3.1	1
211410.71199999994	0.03	3.8	1
212848.54239999995	0.03	5.6	1
214290.11189999996	0.04	2.8	1
215735.95389999996	0.03	3.2	1
217185.80169999995	0.03	3.0	1
218638.32199999996	0.03	2.0	1
220095.64809999996	0.03	3.6	1
221556.71329999997	0.04	2.8	1
223020.98429999998	0.04	2.4	1
224488.9944	0.04	2.8	1
225958.6103	0.03	1.2	1
227431.1653	0.03	2.2	1
228906.6594	0.03	2.2	1
230384.826	0.03	2.0	1
231866.9984	0.04	3.0	1
233354.37660000002	0.03	3.9	1
234843.3606	0.03	1.2	1
236337.1504	0.03	3.6	1
237834.146	0.04	2.4	1
239335.14740000002	0.04	3.0	1
240840.28790000002	0.03	3.1	1
242349.8342	0.04	3.3	1
243863.91960000002	0.03	3.4	1
245382.54410000003	0.03	3.4	1
246902.64110000004	0.03	1.1	1
248426.47720000002	0.04	2.8	1
249954.58580000003	0.04	3.2	1
251486.43350000004	0.04	2.8	1
253023.48700000005	0.03	3.9	1
254565.47960000005	0.03	3.7	1
256111.47800000006	0.04	3.0	1
257661.21550000005	0.03	2.8	1
259213.89210000006	0.03	2.2	1
260771.10780000006	0.03	3.4	1
262339.79600000003	0.03	8.6	1
263921.02330000006	0.03	9.4	1
265504.65640000004	0.03	1.8	1
267090.56200000003	0.03	1.7	1
268680.4734	0.03	3.0	1
270274.39060000004	0.04	3.0	1
271872.44690000004	0.04	3.1	1
273474.509	0.04	3.0	1
275079.6436	0.03	2.3	1
276688.784	0.03	3.0	1
278302.1969	0.04	3.2	1
279917.7489	0.03	1.6	1
281536.24	0.04	2.2	1
283160.8702	0.04	4.6	1
284792.9729	0.04	5.6	1
286427.4814	0.03	1.8	1
288066.129	0.03	3.1	1
289708.7824	0.03	3.0	1
291356.2416	0.03	3.6	1
293008.5066	0.03	3.6	1
294664.2441	0.04	2.6	1
296323.8541	0.04	2.9	1
297987.2032	0.04	2.8	1
299654.2914	0.04	2.8	1
301326.18539999996	0.03	3.6	1
303002.6185	0.03	3.4	1
304683.0574	0.04	3.0	1
306368.0354	0.03	3.4	1
308057.2859	0.03	3.2	1
309756.40890000004	0.03	7.4	1
311459.27100000007	0.04	2.8	1
313165.60560000007	0.03	2.6	1
314876.47930000006	0.03	3.4	1
316590.55880000006	0.03	2.4	1
318309.17740000004	0.03	3.4	1
320035.8018	0.03	6.0	1
321773.09870000003	0.03	8.0	1
323514.6681	0.03	3.2	1
325267.0433	0.03	8.1	1
327024.7576	0.03	4.0	1
328785.27770000004	0.04	2.1	1
330549.27030000003	0.03	2.6	1
332317.00200000004	0.04	2.8	1
334088.2062	0.04	2.6	1
335862.8829	0.04	2.6	1
337641.8321	0.04	3.2	1
339424.6538	0.03	2.9	1
341212.2813	0.03	3.6	1
343008.1813	0.04	6.2	1
344808.7538	0.03	3.5	1
346613.3321	0.03	3.0	1
348419.2495	0.03	1.0	1
350228.90599999996	0.03	2.8	1
352042.5683	0.04	3.0	1
353860.5031	0.04	3.2	1
355683.2437	0.03	3.6	1
357510.5234	0.03	3.4	1
359340.0756	0.03	1.7	1
361174.9669	0.03	4.0	1
363013.3307	0.04	2.6	1
364856.5003	0.03	3.6	1
366704.4757	0.03	3.6	1
368556.4569	0.03	3.0	1
370418.1772	0.03	7.3	1
372284.7033	0.03	3.6	1
374154.7019	0.04	2.6	1
376029.5063	0.03	3.6	1
377908.5832	0.03	3.2	1
379791.1326	0.03	2.6	1
381681.9545	0.04	6.2	1
383577.31549999997	0.04	3.4	1
385477.2156	0.03	3.4	1
387386.4548	0.03	7.0	1
389299.9665	0.03	3.2	1
391217.55069999996	0.03	3.8	1
393140.474	0.03	4.0	1
395067.9364	0.03	3.4	1
396999.6713	0.03	3.2	1
398935.94529999996	0.03	3.4	1
400875.6918	0.03	2.6	1
402819.44409999996	0.04	3.0	1
404767.4689	0.03	3.2	1
406724.5662	0.04	6.8	1
408683.2693	0.03	1.2	1
410645.9782	0.04	3.0	1
412612.4262	0.04	2.8	1
414583.1467	0.03	3.2	1
416562.4063	0.01	6.4	1
418545.1384	0.03	2.6	1
420531.343	0.04	2.6	1
422521.8201	0.03	3.2	1
424516.5697	0.04	3.2	1
426523.5918	0.02	9.2	1
428534.0864	0.04	2.6	1
430549.12009999994	0.03	3.4	1
432568.15959999996	0.04	3.0	1
434590.67159999994	0.04	2.6	1
436617.45609999995	0.04	3.2	1
438650.91309999995	0.03	5.0	1
440687.8426	0.03	2.6	1
442729.5779	0.03	3.6	1
444774.2523	0.03	2.2	1
446829.3325	0.03	7.8	1
448888.6852	0.03	3.2	1
450952.4437	0.03	3.3	1
453019.808	0.04	2.7	1
455092.24480000004	0.03	3.8	1
457168.15410000004	0.03	2.6	1
459249.13590000005	0.03	3.8	1
461337.85680000007	0.03	5.8	1
463430.05020000006	0.03	2.6	1
465534.51610000007	0.03	9.2	1
467643.25450000004	0.03	3.2	1
469756.26540000003	0.03	3.2	1
471873.2821	0.03	3.0	1
473993.2379	0.03	2.2	1
476117.4662	0.04	3.2	1
478251.3003	0.02	7.2	1
480389.4069	0.03	3.2	1
482531.5193	0.04	3.0	1
484676.0375	0.03	1.8	1
486824.0282	0.04	2.6	1
488975.758	0.03	2.8	1
491132.8269	0.03	4.0	1
493293.3683	0.03	2.6	1
495458.44879999995	0.03	3.4	1
497627.80179999996	0.03	3.2	1
499801.96059999993	0.04	3.6	1
501980.39189999993	0.04	3.2	1
504163.09569999995	0.04	3.2	1
506353.80529999995	0.03	6.0	1
508548.7874	0.04	3.2	1
510746.57529999997	0.04	2.1	1
512948.10229999997	0.04	2.8	1
515161.3684	0.03	8.8	1
517378.907	0.03	3.2	1
519601.5181	0.03	3.8	1
521828.935	0.03	3.6	1
524064.3577	0.03	6.0	1
526302.4529	0.03	2.0	1
528544.0206	0.04	2.6	1
530790.3941	0.03	3.6	1
533040.5067	0.03	2.8	1
535295.6918	0.03	3.8	1
537555.6827	0.03	3.6	1
539819.9461000001	0.03	3.2	1
542087.4153000001	0.04	2.4	1
544359.957	0.03	3.8	1
546635.9712	0.04	2.6	1
548915.7245	0.04	2.8	1
551199.2169	0.04	2.8	1
553486.4484	0.04	2.8	1
555777.6857	0.03	3.0	1
558073.1955	0.04	3.2	1
560372.4444	0.04	2.8	1
562675.9658	0.04	3.2	1
564982.9597	0.04	2.6	1
567293.9594	0.04	3.0	1
569606.5649	0.03	1.2	1
571923.9762	0.03	3.6	1
574248.3266	0.04	5.2	1
576583.0828	0.03	7.8	1
578922.1115	0.04	3.2	1
581264.346	0.03	2.4	1
583611.9196	0.03	4.0	1
585963.4990000001	0.04	3.0	1
588318.2842000001	0.03	2.4	1
590677.3419000001	0.03	3.2	1
593040.1387000001	0.04	2.8	1
595407.2080000001	0.03	3.2	1
597782.2831000001	0.04	6.0	1
600167.8973000001	0.03	7.9	1
602557.2506	0.03	2.8	1
604950.343	0.03	2.8	1
607347.4412	0.04	3.0	1
609747.2119	0.03	2.0	1
612150.5884	0.03	2.7	1
614559.5707	0.03	4.2	1
616972.2921000001	0.04	2.8	1
619389.1526	0.03	3.1	1
621809.4856	0.04	2.6	1
624232.4911	0.03	2.0	1
626660.0357	0.03	3.4	1
629092.3861	0.03	3.6	1
631530.209	0.03	4.1	1
633972.8377	0.03	3.6	1
636419.0722	0.04	2.7	1
638869.0458000001	0.03	2.8	1
641323.5585	0.03	3.4	1
643782.8770000001	0.03	3.6	1
646245.6680000001	0.04	2.6	1
648712.4648000001	0.04	3.0	1
651183.2674000001	0.03	3.0	1
653658.3425000001	0.03	3.2	1
656137.0234000002	0.03	2.7	1
658626.9101000002	0.03	8.4	1
661125.3359000002	0.04	6.4	1
663634.7008000002	0.03	8.2	1
666146.2048000002	0.03	1.6	1
668661.7146000002	0.03	3.0	1
671180.5635000002	0.03	2.5	1
673703.6849000001	0.04	3.2	1
676229.2121000001	0.03	1.8	1
678759.2784000001	0.03	3.4	1
681293.6172000001	0.04	3.2	1
683832.2285000001	0.03	3.2	1
686375.5123000001	0.03	3.5	1
688922.0019	0.04	2.4	1
691473.564	0.03	3.8	1
694033.2652	0.04	6.1	1
696594.8389	0.03	1.4	1
699160.9517	0.03	3.4	1
701732.137	0.03	3.8	1
704307.3281	0.03	3.0	1
706886.2583	0.04	2.8	1
709467.3276	0.03	1.6	1
712057.7359999999	0.04	7.0	1
714652.4169	0.03	3.2	1
717258.0369	0.03	8.2	1
719866.0626999999	0.03	1.8	1
722476.2275999999	0.03	1.6	1
725092.1315999998	0.03	4.3	1
727712.3080999998	0.03	3.2	1
730335.9570999998	0.04	2.6	1
732963.8785999998	0.03	3.2	1
735594.3391999998	0.03	1.9	1
738229.3388999999	0.03	3.4	1
740868.8776999998	0.03	3.4	1
743519.0889999998	0.03	8.0	1
746173.8393999998	0.03	3.4	1
748833.6622999999	0.04	3.8	1
751496.1576999999	0.03	2.0	1
754163.4588999999	0.03	3.6	1
756838.4991999998	0.03	5.8	1
759518.4785999998	0.03	3.7	1
762201.5304999998	0.03	2.3	1
764890.1881999997	0.03	4.2	1
767583.3849999998	0.03	3.4	1
770282.1875999998	0.03	4.2	1
772985.7959999999	0.03	3.6	1
775693.4101999998	0.04	3.0	1
778407.1634999998	0.03	4.6	1
781130.2558999998	0.03	7.0	1
783862.4207999997	0.04	6.8	1
786603.9247999997	0.03	7.0	1
789350.5012999997	0.03	3.8	1
792107.4835999997	0.03	7.8	1
794869.5383999997	0.03	3.8	1
797636.9322999998	0.03	4.0	1
800406.9986999998	0.03	2.0	1
803181.3375999997	0.04	3.2	1
805960.2155999998	0.03	3.4	1
808742.5660999997	0.04	2.6	1
811527.5890999998	0.03	2.0	1
814316.6178999997	0.04	3.0	1
817114.9857999997	0.03	7.0	1
819918.1594999997	0.03	3.6	1
822724.8056999997	0.04	2.6	1
825540.2576999997	0.03	6.6	1
828365.9821999997	0.03	7.7	1
831196.7791999998	0.03	3.8	1
834032.1152999997	0.04	3.4	1
836871.9904999997	0.03	3.4	1
839715.6047999997	0.03	2.8	1
842573.7581999997	0.03	10.9	1
845441.2506999997	0.04	7.0	1
848313.2822999997	0.03	3.4	1
851189.0529999997	0.03	2.8	1
854068.5627999997	0.03	2.8	1
856952.8783999997	0.03	3.6	1
859842.2664999997	0.03	3.8	1
862735.3936999997	0.04	2.8	1
865632.2599999997	0.04	2.8	1
868538.4653999996	0.03	7.0	1
871454.2765999996	0.03	7.2	1
874373.5602999997	0.04	2.6	1
877296.8497999996	0.04	3.0	1
880224.1450999996	0.04	3.0	1
883153.9794999997	0.03	1.9	1
886088.6196999997	0.03	3.6	1
889026.9989999997	0.04	2.8	1
891968.3173999997	0.03	2.2	1
894913.3748999997	0.04	2.8	1
897862.4381999997	0.03	3.0	1
900816.5739999998	0.03	3.8	1
903780.5822999998	0.03	7.4	1
906749.3963999997	0.04	3.6	1
909722.4829999998	0.03	3.2	1
912699.5753999997	0.04	3.0	1
915681.2068999998	0.03	3.4	1
918667.9108999998	0.03	3.8	1
921657.5539999998	0.03	2.2	1
924651.2028999998	0.03	3.0	1
927646.4575999998	0.04	1.2	1
930645.1847999998	0.04	2.6	1
933647.9177999998	0.03	3.0	1
936655.1898999998	0.03	3.4	1
939666.7344999998	0.04	3.2	1
942684.1515999998	0.03	4.4	1
945705.0411999997	0.03	2.6	1
948731.2698999997	0.03	4.0	1
951762.1710999997	0.03	3.5	1
954796.5447999997	0.04	2.6	1
957835.1909999996	0.04	3.2	1
960877.5762999996	0.03	2.8	1
963923.7006999996	0.04	2.8	1
966976.2308999996	0.03	4.8	1
970038.6335999996	0.03	7.4	1
973111.1753999996	0.03	7.6	1
976189.0562999996	0.03	4.0	1
979271.2096999995	0.03	3.2	1
982357.2355999995	0.04	2.9	1
985447.1339999995	0.04	2.9	1
988541.3048999995	0.03	3.2	1
991638.1482999995	0.03	2.0	1
994737.1307999996	0.03	1.6	1
997845.9857999996	0.03	7.4	1
1000960.9798999996	0.02	4.6	1
1004080.2464999995	0.03	3.2	1
1007204.5855999995	0.03	3.8	1
1010333.1971999995	0.04	3.2	1
1013465.0145999995	0.03	2.4	1
1016601.1044999996	0.03	3.2	1
1019741.2001999995	0.03	3.0	1
1022885.5683999995	0.03	3.2	1
1026039.5423999996	0.04	7.2	1
1029202.0554999996	0.03	6.4	1
1032374.4410999996	0.03	7.4	1
1035550.2991999995	0.04	2.6	1
1038734.4297999996	0.04	6.2	1
1041923.3661999996	0.03	3.6	1
1045115.5083999996	0.05	2.4	1
1048311.3896999996	0.04	2.8	1
1051509.1434999995	0.03	1.4	1
1054713.5697999995	0.02	5.0	1
1057922.0018999996	0.04	3.0	1
1061134.7064999996	0.03	3.2	1
1064351.9501999996	0.03	3.4	1
1067573.7329999995	0.03	3.4	1
1070800.8548999995	0.03	4.0	1
1074033.5825999994	0.03	4.2	1
1077270.8493999995	0.03	3.4	1
1080515.3886999995	0.04	6.2	1
1083765.5337999996	0.03	4.2	1
1087021.6846999996	0.03	4.5	1
1090280.5080999997	0.03	2.0	1
1093543.3372999998	0.03	3.0	1
1096808.5722999999	0.04	1.8	1
1100080.3464	0.03	4.9	1
1103356.9263	0.03	3.6	1
1106637.5119999999	0.03	3.0	1
1109923.1701999998	0.03	3.8	1
1113213.7674999998	0.03	3.7	1
1116508.3705999998	0.04	3.0	1
1119806.7127999999	0.04	2.8	1
1123110.5274999999	0.03	4.1	1
1126420.6146999998	0.03	4.7	1
1129734.4409999999	0.04	2.8	1
1133049.3398	0.04	0.8	1
1136368.2444	0.04	3.0	1
1139691.5548	0.04	3.3	1
1143019.1377	0.04	3.2	1
1146351.7931000001	0.03	3.8	1
1149688.1876	0.04	2.8	1
1153031.5212	0.02	5.2	1
1156377.5273000002	0.03	2.0	1
1159728.0725000002	0.04	3.4	1
1163082.0902000002	0.04	2.6	1
1166443.9137000002	0.03	6.6	1
1169809.8763000001	0.03	3.1	1
1173180.6447	0.04	3.6	1
1176559.6856	0.03	6.2	1
1179944.3323	0.03	4.2	1
1183335.6515	0.03	5.0	1
1186732.3098	0.03	4.0	1
1190131.6406	0.03	2.0	1
1193533.5105	0.02	1.9	1
1196940.1862	0.03	3.6	1
1200351.6677	0.03	3.6	1
1203768.2217	0.03	3.8	1
1207195.3148	0.03	7.9	1
1210626.9470000002	0.04	3.4	1
1214064.185	0.03	4.2	1
1217505.8288	0.04	3.3	1
1220952.5451	0.03	3.8	1
1224409.4005	0.03	7.6	1
1227869.9949999999	0.03	2.8	1
1231334.5953	0.04	3.0	1
1234806.4013999999	0.04	5.4	1
1238281.68	0.04	2.6	1
1241760.9644	0.03	3.0	1
1245244.2545999999	0.04	3.0	1
1248735.4172999999	0.03	5.9	1
1252230.0524999998	0.04	2.6	1
1255727.0934999997	0.04	1.8	1
1259228.6735999996	0.03	3.4	1
1262733.9927999997	0.04	2.8	1
1266241.7177999998	0.03	1.8	1
1269752.6485999997	0.03	2.4	1
1273268.9184999997	0.03	4.0	1
1276790.2608999996	0.03	3.8	1
1280314.8090999997	0.04	2.4	1
1283843.8963999997	0.04	3.4	1
1287376.7227999996	0.04	2.8	1
1290913.8216999997	0.04	3.2	1
1294454.2596999998	0.04	2.5	1
1297998.4367999998	0.04	2.8	1
1301548.0863999997	0.03	4.1	1
1305103.8750999996	0.03	4.6	1
1308663.9362999997	0.03	3.2	1
1312228.4032999997	0.04	3.3	1
1315803.2760999997	0.03	7.8	1
1319382.9546999997	0.03	3.6	1
1322967.1723999996	0.04	3.4	1
1326556.9958999995	0.03	4.2	1
1330150.8251999996	0.04	3.0	1
1333749.4602999997	0.03	3.6	1
1337354.5011999996	0.03	4.8	1
1340963.1478999995	0.03	2.7	1
1344576.0670999994	0.04	3.2	1
1348192.3253999995	0.03	2.5	1
1351821.3894999996	0.03	9.6	1
1355460.0593999997	0.03	7.2	1
1359102.4683999997	0.04	2.8	1
1362750.2164999996	0.03	4.0	1
1366400.1036999996	0.03	1.6	1
1370054.9299999997	0.03	3.7	1
1373714.8287999998	0.03	3.8	1
1377379.5333999998	0.03	3.6	1
1381047.4437999998	0.04	2.4	1
1384720.1599999997	0.03	3.6	1
1388397.6819999998	0.03	3.6	1
1392080.9430999998	0.03	4.3	1
1395769.0099999998	0.04	3.6	1
1399461.8826999997	0.03	3.6	1
1403159.8278999997	0.03	3.8	1
1406863.1121999996	0.03	4.0	1
1410571.7355999995	0.03	4.0	1
1414291.0314999996	0.03	8.0	1
1418016.1998999997	0.03	4.4	1
1421746.1740999997	0.03	3.6	1
1425479.6207999997	0.04	2.6	1
1429218.6732999997	0.03	4.2	1
1432962.7982999997	0.03	3.8	1
1436711.9957999997	0.03	3.8	1
1440463.3323999997	0.03	1.6	1
1444220.1414999997	0.03	4.1	1
1447981.7563999996	0.03	3.6	1
1451747.7770999996	0.04	3.3	1
1455519.9368999996	0.03	4.6	1
1459295.0357999997	0.03	2.2	1
1463072.2737999996	0.03	1.6	1
1466854.3175999997	0.03	3.6	1
1470643.7004999998	0.04	5.5	1
1474436.1559	0.03	2.3	1
1478232.6171	0.04	3.0	1
1482033.2174	0.04	3.1	1
1485838.8902	0.03	3.8	1
1489649.3688	0.04	3.6	1
1493464.9199	0.03	3.8	1
1497290.6101000002	0.03	7.6	1
1501120.8394000002	0.04	3.4	1
1504955.3412000001	0.04	3.2	1
1508795.5821000002	0.03	4.3	1
1512637.1621000003	0.03	1.0	1
1516483.8146000004	0.03	3.8	1
1520335.5396000005	0.03	3.8	1
1524193.1371000004	0.03	4.4	1
1528061.5404000003	0.03	8.1	1
1531934.2162000004	0.04	3.2	1
1535810.3645000004	0.04	2.6	1
1539691.4519000005	0.03	3.7	1
1543576.6784000006	0.04	3.1	1
1547472.8440000005	0.03	8.2	1
1551373.0154000006	0.03	3.0	1
1555276.6593000006	0.04	2.6	1
1559184.0423000006	0.03	2.8	1
1563095.4311000006	0.03	3.0	1
1567013.0924000007	0.03	4.7	1
1570934.6262000008	0.04	2.9	1
1574861.7658000009	0.03	4.2	1
1578794.377900001	0.03	4.1	1
1582732.062500001	0.04	3.8	1
1586674.686200001	0.03	3.7	1
1590619.449000001	0.03	1.6	1
1594569.017600001	0.03	3.6	1
1598522.8587000011	0.04	3.2	1
1602484.7056000012	0.03	6.0	1
1606451.3583000011	0.03	3.6	1
1610422.550100001	0.04	3.4	1
1614398.2810000011	0.04	3.4	1
1618382.8177000012	0.03	6.6	1
1622370.293500001	0.03	2.2	1
1626361.908400001	0.03	3.1	1
1630357.795800001	0.03	3.2	1
1634360.889000001	0.04	5.4	1
1638368.5213000008	0.04	3.4	1
1642380.8261000009	0.04	3.5	1
1646395.8034000008	0.03	2.0	1
1650413.9865000008	0.03	2.4	1
1654436.1754000008	0.04	3.0	1
1658461.1701000007	0.03	2.1	1
1662489.6373000008	0.04	2.6	1
1666521.3103000007	0.04	2.4	1
1670557.3891000007	0.03	3.3	1
1674597.7404000007	0.04	3.2	1
1678681.0308000008	0.05	32.2	1
1682768.5937000008	0.03	3.2	1
1686860.9624000008	0.03	3.6	1
1690956.2702000008	0.03	2.2	1
1695052.917100001	0.03	1.0	1
1699155.169800001	0.03	4.2	1
1703262.628300001	0.03	3.9	1
