5.792
5.584
6.746
5.413
5.58
5.93
6.485
5.923
6.041
6.223
5.566
6.745
7.09
6.473
6.326
6.597
6.99
6.005
6.508
6.201
6.622
6.473
6.686
6.915
7.79
7.654
6.979
7.301
7.235
7.278
7.864
7.214
7.435
7.131
8.746
7.565
7.283
7.942
7.173
8.513
8.216
8.543
8.437
8.217
8.727
8.412
8.683
8.368
8.988
9.036
8.636
9.425
9.115
9.741
9.48
9.224
9.674
9.575
9.841
9.36
9.094
10.041
9.64
10.788
10.629
10.043
10.758
10.881
11.081
10.903
11.068
11.624
10.462
11.862
10.807
11.742
11.55
11.38
11.646
12.529
12.152
12.776
11.738
12.201
13.436
12.413
12.519
12.642
13.095
12.224
12.667
13.128
13.114
13.276
13.781
13.134
14.132
13.71
14.066
14.492
14.6
14.801
15.095
14.448
15.181
14.603
15.813
15.289
15.617
15.226
15.851
16.984
15.762
16.607
17.542
16.404
16.332
16.418
17.497
16.576
17.318
17.93
18.153
17.312
17.891
17.873
18.91
19.246
19.117
17.824
18.95
18.965
19.292
19.798
19.479
20.218
19.812
19.439
20.679
20.289
20.277
20.596
20.981
20.494
20.633
21.478
21.8
22.566
22.29
22.426
22.102
22.288
23.884
22.682
23.434
22.773
23.288
23.781
24.103
23.568
24.215
24.073
25.248
24.293
25.817
24.496
25.095
26.215
25.661
25.507
25.833
27.319
25.674
27.163
27.22
27.191
27.236
26.842
28.26
27.549
28.547
28.674
28.327
29.452
28.614
28.923
28.953
29.986
30.21
30.231
30.265
30.707
29.973
31.346
30.917
30.88
32.28
32.203
32.182
32.218
32.35
32.173
32.887
33.111
33.568
32.947
34.02
34.072
34.33
34.454
35.125
34.54
34.651
35.383
35.755
36.968
35.912
36.366
35.469
35.92
36.492
36.806
36.973
38.134
38.09
36.998
38.208
38.227
38.721
38.763
38.698
38.703
38.936
39.994
38.774
39.919
40.197
39.51
41.074
40.699
39.779
41.55
41.538
42.026
41.465
41.512
42.022
42.875
42.395
42.631
43.159
43.581
43.258
43.589
44.084
43.982
44.916
44.355
44.157
44.65
44.666
45.637
45.074
45.813
45.287
45.314
47.207
47.148
46.355
46.508
46.409
47.289
46.779
47.623
47.71
48.04
47.936
48.901
48.665
48.304
47.929
48.898
49.379
49.477
49.675
49.606
49.887
49.88
50.166
51.204
51.133
50.645
50.551
50.825
51.026
51.11
51.483
52.566
52.708
52.584
53.013
52.741
53.469
53.481
53.46
53.746
53.806
54.805
55.418
54.794
55.875
56.246
55.182
57.11
57.589
56.884
56.665
57.215
57.369
57.794
58.828
58.803
59.128
60.317
59.042
58.899
59.708
59.928
61.528
60.553
60.985
61.363
61.551
61.876
62.121
62.429
62.618
63.631
62.499
63.759
62.723
63.957
63.024
63.115
63.446
63.304
63.877
64.119
64.93
64.981
64.949
65.124
65.632
65.355
65.752
65.29
65.151
66.029
66.603
66.075
66.959
65.332
67.237
66.47
65.653
66.158
66.3
67.268
67.074
67.932
67.259
67.048
67.118
68.378
67.026
68.236
67.954
68.4
69.175
68.948
68.446
68.663
69.233
68.943
68.985
69.03
68.526
69.753
69.198
68.572
69.206
68.682
69.472
69.223
69.443
68.173
69.096
69.175
69.457
69.074
68.889
69.13
69.654
70.353
69.199
68.597
68.282
69.311
68.406
68.678
68.094
68.397
68.499
68.118
69.218
68.386
68.897
67.767
68.883
68.287
68.407
67.809
68.776
68.515
67.557
67.943
67.619
67.01
67.327
67.397
67.316
67.487
67.442
67.163
66.332
66.809
66.304
65.666
66.127
66.364
64.843
65.87
66.077
65.292
65.507
64.344
65.665
64.868
64.546
65.311
65.499
64.615
65.318
64.492
65.234
64.773
65.477
64.442
64.533
64.44
64.499
64.818
64.409
64.702
63.967
63.857
63.556
64.339
64.971
63.652
63.96
64.402
64.997
63.791
63.863
63.847
64.132
63.961
62.673
64.688
63.228
63.871
63.161
63.229
63.813
64.246
63.759
64.357
64.943
65.031
64.383
64.737
64.358
64.292
64.392
64.283
65.155
64.831
65.119
66.054
65.511
65.418
65.616
65.467
65.958
66.315
65.703
65.588
66.272
65.885
64.95
66.148
66.525
66.465
67.142
67.955
67.75
66.331
66.788
66.84
67.404
68.821
67.22
67.506
68.479
67.747
68.291
68.328
68.154
67.779
67.608
69.302
69.314
68.624
68.313
69.293
68.253
69.039
69.195
68.976
69.121
68.843
69.25
69.172
68.681
67.972
69.351
69.26
68.803
68.123
68.817
69.021
68.548
68.456
69.015
68.926
68.625
69.203
68.449
68.533
68.851
68.312
68.669
67.628
68.944
68.214
68.783
68.085
68.061
68.634
68.165
68.028
67.032
67.94
68.356
67.771
67.884
67.936
67.047
67.137
67.396
66.335
67.514
67.704
67.251
66.458
67.417
66.792
66.669
66.648
66.8
67.528
66.211
65.378
66.736
66.584
64.909
65.83
66.012
66.386
65.054
65.162
66.072
66.226
66.829
65.712
64.862
65.805
64.811
66.404
65.066
65.044
65.04
66.046
64.864
65.04
65.718
65.077
64.207
64.269
63.683
64.26
63.763
63.312
64.285
64.025
63.179
63.816
63.369
62.735
62.807
63.948
63.663
62.465
63.054
61.882
62.849
62.734
62.002
61.969
61.943
61.429
62.417
61.538
62.021
61.372
62.022
61.937
61.739
61.912
61.338
60.835
60.194
60.52
61.026
59.579
60.82
60.606
60.306
59.518
60.58
59.719
58.796
59.296
59.133
59.417
59.027
59.438
59.195
58.019
60.045
58.53
57.481
57.456
58.292
57.753
58.272
57.804
57.474
57.827
57.269
56.927
56.588
57.896
56.142
58.161
57.292
57.683
56.466
56.12
56.112
57.111
56.302
56.104
56.677
55.879
55.87
55.845
55.797
55.258
55.869
55.96
56.215
56.411
55.759
54.933
55.656
54.654
55.333
55.16
55.033
54.717
54.771
55.716
54.722
54.779
54.089
54.129
54.42
54.845
54.928
54.705
54.861
54.864
54.494
54.678
54.58
54.739
54.485
55.748
54.955
54.946
54.684
54.743
56.199
55.217
55.748
54.601
55.821
55.799
54.928
54.527
55.321
55.232
55.648
55.422
55.922
55.229
55.832
55.351
55.16
55.445
55.68
55.27
56.251
55.409
56.242
54.99
56.474
56.428
55.643
55.977
57.242
56.155
56.31
56.206
56.324
56.762
56.262
56.167
56.267
56.426
56.522
55.938
56.596
56.076
56.312
56.405
55.359
55.669
56.065
55.441
55.655
55.347
57.208
56.159
55.625
56.747
56.156
55.792
56.376
56.588
56.091
55.829
55.86
56.432
56.276
55.452
55.893
55.785
56.062
55.603
55.645
56.183
56.455
55.992
56.643
55.092
55.168
56.076
54.843
55.08
55.971
56.223
55.781
56.297
55.934
55.829
55.409
56.227
55.083
56.158
55.645
55.739
56.501
55.518
55.424
55.975
55.546
55.758
56.079
55.457
55.936
56.36
56.059
55.558
56.481
56.194
55.012
55.435
55.956
54.148
55.887
55.913
54.958
54.393
55.926
55.218
54.979
55.928
55.483
54.909
55.233
55.138
55.063
55.032
54.573
54.881
54.642
53.968
55.247
54.434
55.022
55.032
55.17
53.933
54.213
54.929
55.035
54.972
55.036
54.549
54.361
54.092
54.363
54.197
53.81
54.602
54.265
54.478
53.834
53.882
54.39
53.752
53.864
54.622
54.344
53.667
54.256
54.245
54.321
53.501
54.024
53.948
54.076
54.392
54.035
53.99
54.056
54.09
53.189
53.834
53.814
53.651
53.784
53.716
53.67
53.424
53.814
53.56
53.434
53.228
53.552
53.457
53.287
53.345
53.141
52.877
53.024
53.239
52.572
52.929
53.408
52.531
52.223
52.777
52.675
52.376
52.05
52.004
52.396
51.713
52.189
51.975
52.646
51.422
52.415
51.897
51.741
51.796
52.551
51.734
51.982
51.719
51.891
51.157
52.781
51.973
51.868
51.844
51.527
51.609
51.597
51.695
51.928
51.288
51.399
50.821
52.549
51.259
51.214
51.176
51.331
50.933
50.921
51.19
51.04
51.021
50.83
50.969
50.958
50.664
50.489
50.614
50.891
50.622
49.448
50.326
50.427
50.386
49.531
50.138
49.841
49.491
50.312
49.728
49.454
49.545
50.242
49.098
49.784
49.406
49.38
50.189
49.255
49.11
49.292
49.429
49.965
49.275
49.193
48.812
50.168
49.27
49.559
49.646
48.402
49.029
48.869
48.855
49.098
49.77
49.255
48.397
49.243
49.526
49.099
49.295
49.397
48.781
49.18
50.072
48.685
49.288
48.63
48.464
48.554
48.682
48.406
48.447
49.445
48.988
48.716
49.013
48.461
48.912
48.243
48.238
48.315
48.384
48.44
48.542
48.726
48.204
48.396
48.735
48.391
48.521
48.858
48.063
48.681
48.301
48.145
48.596
48.689
48.488
47.89
48.545
48.247
48.622
47.937
48.054
48.245
48.274
48.163
48.518
48.424
47.798
48.366
48.06
47.958
48.314
48.009
47.907
48.336
47.719
48.558
48.357
47.606
48.152
47.761
47.642
48.993
48.359
46.955
48.643
47.735
48.229
48.068
47.721
47.669
48.877
48.241
47.932
47.589
48.312
49.142
47.491
48.663
47.599
48.437
47.569
48.023
47.647
47.868
48.219
47.722
48.274
47.995
48.812
47.421
47.989
47.799
48.003
48.045
48.332
47.499
48.157
47.877
48.634
48.11
48.255
49.324
49.28
48.455
48.596
48.077
48.575
48.962
49.636
49.388
48.975
49.509
49.59
49.426
49.604
49.435
48.995
49.353
48.954
49.952
48.766
49.921
49.205
49.951
49.155
49.347
49.796
49.147
49.022
49.853
48.891
49.727
49.384
50.198
49.07
49.163
50.204
49.426
49.493
49.917
50.178
49.323
50.088
50.015
49.703
50.031
49.48
49.555
50.55
49.785
50.228
50.417
49.761
50.071
50.299
49.432
49.226
50.677
49.405
49.534
49.899
49.268
49.211
49.76
50.433
49.849
49.526
50.49
49.862
50.143
50.172
50.685
49.916
50.906
51.123
50.581
50.528
50.475
51.326
50.496
50.414
51.16
51.406
50.948
50.696
50.961
50.477
51.394
51.02
51.517
51.221
51.056
51.059
51.476
51.048
51.416
50.824
51.729
51.787
51.09
51.655
51.477
51.541
51.256
51.778
52.554
52.438
52.349
51.386
51.947
51.864
52.636
52.312
51.207
52.314
52.003
51.668
53.106
50.911
51.726
52.941
51.863
52.028
51.608
51.627
52.424
52.365
51.962
51.657
51.923
52.297
52.45
52.061
52.273
52.026
52.786
52.623
52.234
52.459
51.503
51.982
52.718
52.266
51.917
51.997
52.372
51.86
52.128
52.319
52.218
53.015
52.629
52.947
52.764
52.077
52.188
51.925
52.116
52.363
52.887
52.134
52.079
51.145
51.829
52.164
52.006
51.719
52.513
51.723
51.347
52.091
51.774
52.226
51.432
51.838
51.135
51.283
51.127
50.522
51.535
51.08
51.93
51.486
52.051
51.235
51.222
51.555
51.163
50.883
51.049
50.53
51.22
50.342
50.522
51.41
51.091
50.404
50.232
49.925
50.169
50.43
50.301
50.177
51.09
49.915
50.918
50.481
50.408
50.182
50.977
50.731
49.882
50.397
50.684
50.14
50.606
50.088
50.467
50.363
50.689
50.667
51.193
51.169
51.012
50.451
50.752
50.243
51.309
50.695
50.812
51.538
50.978
50.969
51.228
51.12
52.186
50.857
51.332
52.23
51.46
50.816
51.403
51.521
51.391
51.618
51.34
51.847
52.124
51.564
51.311
51.785
51.222
52.527
52.556
51.88
52.545
52.968
52.664
51.793
52.481
52.969
52.809
51.95
53.473
52.856
52.711
53.387
53.657
53.608
53.888
53.502
53.586
53.99
53.843
53.467
53.802
53.605
53.968
53.804
53.693
54.552
53.232
53.716
54.092
54.778
54.299
54.624
54.667
54.533
54.936
55.394
54.916
54.805
54.905
54.784
54.972
55.157
55.318
54.439
54.232
55.326
55.133
55.051
54.944
54.713
56.292
55.523
55.012
54.886
55.166
54.73
55.672
55.122
54.966
54.727
55.492
54.914
54.998
54.224
54.538
54.513
54.02
54.983
54.081
53.988
53.834
54.128
54.635
53.743
54.362
54.249
54.258
54.082
53.933
54.682
54.281
54.043
53.46
53.989
53.477
53.686
54.219
54.765
54.514
53.745
53.588
53.576
53.904
53.654
53.393
53.653
54.006
54.021
54.087
53.776
54.122
53.747
54.087
53.802
53.367
53.779
54.087
53.589
54.239
53.828
53.549
53.278
53.893
53.328
53.171
53.014
53.187
53.169
52.88
53.02
53.568
52.794
52.335
53.518
52.621
52.2
52.822
53.034
52.242
52.44
52.231
52.216
52.16
52.551
51.819
51.721
51.564
51.907
51.502
52.657
51.506
51.787
51.384
51.716
51.582
51.533
51.656
52.203
51.447
52.098
51.038
51.296
51.88
51.626
51.643
52.099
51.902
51.868
51.737
51.935
52.338
52.224
52.481
52.026
52.084
51.874
53.322
51.785
52.454
52.299
52.661
52.202
53.238
52.655
52.28
52.698
52.637
52.844
52.906
53.079
53.009
52.673
52.512
52.166
52.387
52.858
52.247
52.227
52.575
52.775
53.042
52.627
52.458
52.578
52.741
51.737
52.671
51.945
52.647
52.67
52.211
51.398
52.127
51.206
51.763
51.562
51.397
51.504
51.699
51.659
51.664
51.798
52.093
51.39
51.474
51.385
51.479
51.283
51.245
51.984
51.98
51.233
51.803
52.043
51.95
52.033
51.249
51.151
52.193
51.372
52.469
51.709
52.203
52.171
51.974
52.054
51.535
52.111
52.042
51.944
52.368
53.196
51.589
52.231
51.733
52.664
52.694
51.828
53.42
54.088
53.301
53.284
53.317
53.22
53.187
53.994
53.38
53.916
53.751
54.338
53.987
54.183
52.886
54.141
54.457
54.419
54.078
54.962
54.509
54.883
54.449
54.656
54.858
54.779
54.032
55.147
55.49
54.595
54.71
54.788
54.567
54.332
53.783
55.123
54.286
54.183
54.289
54.271
54.347
54.627
54.029
54.002
54.183
54.135
53.987
54.727
53.998
53.823
54.323
53.715
54.378
54.154
54.206
53.521
54.079
53.861
53.7
54.422
54.225
54.263
53.95
53.864
54.286
54.363
54.236
54.642
55.533
54.225
53.989
53.786
54.172
54.805
54.877
54.66
54.368
55.187
54.855
55.671
55.346
54.995
54.825
55.011
54.919
55.244
54.724
54.127
55.375
54.875
55.11
55.454
54.475
55.224
55.052
55.136
54.818
54.815
54.978
55.506
55.011
53.976
54.956
54.786
54.434
54.578
54.131
55.026
53.879
53.911
54.217
53.762
53.733
53.48
53.581
53.407
53.575
53.087
53.927
53.978
53.339
53.141
53.536
52.666
52.54
53.502
52.763
52.838
53.208
52.541
53.062
53.625
52.602
52.835
52.708
53.01
52.857
52.85
52.674
52.257
53.758
52.546
52.76
52.196
52.443
52.383
53.036
52.897
52.057
52.651
52.938
52.14
53.337
52.981
53.187
53.245
52.483
52.801
52.675
52.905
53.147
53.019
53.509
52.825
52.639
52.891
52.826
53.257
52.956
53.192
52.957
53.281
53.451
52.672
53.12
53.276
52.875
53.323
53.19
52.507
53.252
52.872
53.083
52.746
53.349
52.976
52.43
52.963
53.491
52.971
52.918
53.23
53.272
53.445
53.258
53.912
52.508
53.562
53.994
53.204
53.552
53.202
53.3
53.708
53.189
53.782
53.714
53.384
53.32
53.639
53.245
53.416
53.585
54.121
53.734
54.469
54.035
53.523
53.547
53.444
53.973
53.4
53.885
54.168
53.852
53.574
53.495
53.982
53.691
53.575
53.443
53.049
53.572
53.373
52.942
52.766
53.325
52.746
53.088
54.124
53.037
52.881
52.699
52.801
52.46
53.512
52.659
52.468
53.111
52.194
52.153
52.662
52.886
52.263
52.321
52.68
52.79
52.215
52.547
52.047
51.602
52.008
51.978
52.458
51.727
52.574
52.146
51.894
51.48
52.437
52.014
51.987
51.736
51.596
51.887
52.216
51.841
51.706
51.9
51.782
51.733
51.615
51.668
51.469
51.556
51.478
51.583
51.009
51.42
51.429
51.168
51.761
51.627
51.328
51.75
51.133
51.219
51.29
51.526
50.993
50.953
51.131
50.9
51.519
50.784
50.497
50.671
51.295
51.161
50.669
50.95
51.542
50.699
50.976
50.77
50.751
50.792
51.351
51.695
50.589
50.443
51.127
50.731
51.006
50.897
51.04
50.574
50.887
50.803
50.717
51.068
50.405
50.547
50.704
50.895
51.085
51.53
50.852
50.325
50.919
50.434
50.855
50.97
50.525
51.991
50.798
51.119
50.893
50.934
50.918
50.715
50.924
50.749
50.201
50.675
50.503
50.61
51.228
52.24
51.616
50.34
51.245
51.204
50.767
51.245
51.428
51.802
51.432
52.111
51.648
51.615
51.493
52.022
51.675
52.253
52.556
52.559
52.89
52.523
52.76
52.803
53.025
52.909
52.734
53.113
53.306
53.146
52.993
53.704
53.209
53.477
52.732
53.168
53.812
53.331
53.681
53.703
53.545
54.179
53.48
54.287
53.627
53.886
53.381
53.776
53.624
53.983
53.92
54.23
54.268
54.122
54.595
54.569
54.59
54.204
54.413
55.003
54.955
54.791
54.938
54.203
55.275
55.119
55.399
54.975
55.599
55.294
54.948
54.781
54.731
55.896
54.882
55.291
55.364
54.738
55.055
54.379
54.744
54.707
55.411
54.78
54.645
54.744
54.679
54.688
54.551
55.224
54.732
55.097
54.825
54.188
54.714
54.345
54.25
54.156
54.402
54.257
54.388
54.1
54.174
54.165
54.028
53.86
54.13
54.24
53.948
53.756
53.899
53.373
54.408
54.339
54.268
54.212
54.538
54.067
53.754
53.988
53.98
54.333
54.036
53.797
53.858
53.494
54.11
53.992
53.434
53.434
53.239
52.947
53.581
52.833
52.796
52.767
53.419
52.139
51.998
52.61
51.914
51.45
51.751
51.646
51.768
51.813
51.443
50.808
50.734
51.001
50.834
50.539
50.448
50.394
50.503
49.942
50.423
49.87
49.548
49.431
49.747
49.093
48.92
49.166
49.399
49.025
49.533
48.555
49.243
48.131
48.898
48.194
48.47
48.286
48.363
48.057
48.122
48.485
47.916
48.302
47.413
47.877
47.721
47.947
47.832
47.351
47.358
47.232
47.15
47.272
47.355
47.335
46.779
47.137
47.049
47.364
46.54
47.402
47.002
46.631
47.353
46.9
46.567
46.671
46.832
46.762
47.235
47.144
46.876
46.586
46.578
46.918
47.347
46.705
46.873
47.282
46.976
47.244
47.255
47.203
47.214
47.582
47.542
47.46
47.371
48.72
47.813
48.314
48.623
47.872
48.236
48.337
48.81
48.871
48.627
48.831
49.486
49.703
48.973
49.98
49.722
49.953
49.871
50.529
50.84
50.771
50.48
50.295
50.966
51.336
50.856
51.094
51.5
51.775
51.158
51.652
51.504
51.798
51.617
52.476
52.37
52.845
52.036
52.524
52.52
52.805
52.166
51.94
52.037
53.479
52.743
52.342
52.972
51.991
52.39
53.216
52.857
52.823
53.291
52.743
52.714
52.482
53.016
52.888
52.591
52.63
53.145
53.123
52.46
52.795
52.324
52.517
53.135
52.882
52.604
52.513
51.681
52.112
52.292
53.084
51.979
51.906
51.675
52.372
51.883
51.398
51.709
51.697
51.696
52.094
51.518
51.762
51.456
51.824
51.614
51.171
51.337
51.551
51.641
51.494
52.001
51.866
51.303
51.116
51.512
50.986
51.315
51.783
51.119
51.323
51.06
51.022
51.008
51.238
50.904
50.441
50.983
50.617
50.636
50.312
51.074
50.17
49.938
50.437
50.086
49.803
49.772
49.859
49.481
49.344
49.752
49.484
49.444
49.031
48.84
48.459
49.539
48.537
48.613
48.426
48.309
48.387
48.333
47.818
48.43
48.033
47.499
47.653
47.901
47.382
47.215
47.708
46.901
46.884
46.508
47.519
47.407
47.287
47.1
46.524
47.156
46.803
46.584
47.307
46.576
47.132
46.858
46.69
47.059
46.799
47.083
46.476
46.774
46.772
47.078
46.576
47.045
47.254
46.863
46.603
47.246
46.792
46.786
47.439
47.189
47.08
47.288
46.984
47.319
48.416
47.797
47.417
47.535
47.69
47.667
48.384
47.865
48.405
48.617
48.164
48.437
48.616
48.237
48.881
48.86
49.431
49.233
49.885
49.042
49.403
49.638
49.436
49.735
49.755
49.661
49.271
49.536
49.443
49.91
49.929
50.089
49.719
50.167
49.379
49.856
49.903
49.913
49.746
50.173
50.284
49.889
50.407
50.245
50.049
50.269
50.318
50.315
50.959
50.108
50.047
50.354
50.826
50.448
50.937
50.503
50.809
50.68
51.376
50.906
51.159
50.932
50.983
51.352
51.093
51.641
51.502
50.972
51.165
51.206
51.263
51.498
51.501
51.425
51.339
51.608
51.458
52.019
51.882
51.66
51.503
51.743
51.487
51.654
52.291
51.814
51.615
51.642
51.378
51.878
52.144
51.091
51.377
51.13
51.095
51.037
51.301
51.568
51.767
51.247
50.863
51.057
50.97
51.493
51.453
51.676
51.808
51.02
50.704
50.782
50.654
50.475
50.54
50.424
50.599
50.351
50.691
50.488
51.141
51.047
50.758
50.332
50.709
51.023
51.188
50.123
50.825
51.145
50.45
50.519
50.913
51.123
51.445
51.111
51.82
51.059
51.54
51.552
51.168
52.162
51.334
51.365
51.583
51.774
51.868
51.592
52.131
52.174
51.988
52.096
51.896
51.935
51.886
51.903
51.891
52.257
51.965
51.962
51.631
51.634
51.51
51.462
51.21
51.424
51.445
50.573
50.613
51.694
50.667
50.816
50.54
50.892
50.636
49.866
49.879
50.011
50.081
49.978
49.879
49.853
50.005
49.608
49.116
49.41
49.557
48.965
49.175
48.657
49.143
49.481
48.942
49.558
49.272
49.056
49.499
48.578
48.638
49.022
48.576
49.159
48.633
48.942
48.935
48.825
48.861
48.972
48.685
49.517
49.688
49.226
49.586
49.423
49.308
49.785
49.592
49.58
49.758
50.343
49.795
50.078
50.233
50.468
50.15
50.504
49.949
50.696
51.204
50.58
50.761
50.928
51.032
51.393
51.244
50.968
50.738
51.518
51.663
51.719
51.119
51.514
51.488
50.914
51.707
51.732
52.21
51.861
51.644
50.947
52.035
51.159
51.115
51.385
50.979
50.968
50.78
50.908
51.434
50.645
50.997
51.254
50.853
50.257
50.779
50.884
50.483
50.497
50.75
50.947
50.909
50.513
50.357
50.714
49.797
50.439
49.774
50.672
50.717
50.513
50.73
50.074
50.353
49.941
51.058
50.302
50.903
50.2
50.201
50.671
50.452
50.454
50.401
50.86
50.444
51.367
50.571
50.915
51.466
51.549
51.239
50.996
51.095
51.885
51.748
51.201
52.147
51.241
51.985
52.141
52.201
51.939
52.393
52.025
52.662
52.995
51.934
53.19
53.206
53.56
52.656
53.353
53.088
53.346
54.611
53.91
53.18
53.61
53.727
53.709
53.804
54.351
53.764
53.897
54.263
54.332
54.668
55.311
54.333
53.863
54.804
54.578
54.318
54.66
54.973
54.559
55.737
55.262
54.876
55.099
55.703
55.385
55.388
55.736
56.05
55.841
55.519
55.51
56.149
56.31
56.349
55.664
56.011
55.729
56.151
56.191
56.412
55.647
55.882
56.634
56.712
56.396
55.864
56.536
55.867
55.534
55.934
55.451
55.5
55.835
55.525
55.535
55.799
54.773
55.556
55.347
55.561
55.675
55.44
55.395
56.021
55.657
54.621
55.326
54.805
54.935
54.83
54.507
54.897
54.726
54.607
54.235
54.784
54.393
54.611
54.933
54.501
54.294
54.357
54.382
54.294
53.961
53.967
53.964
53.776
53.872
53.697
54.026
53.959
53.636
53.905
53.658
53.823
53.871
53.575
53.883
53.525
53.724
52.978
53.712
53.764
53.762
53.613
53.069
53.159
53.074
53.342
53.557
53.458
52.886
53.456
53.131
53.369
53.44
53.85
53.845
53.462
53.312
53.828
53.659
54.022
54.167
53.62
53.77
54.137
54.602
54.074
54.418
54.54
54.22
54.19
54.81
54.718
54.681
54.631
55.559
54.517
54.523
54.578
54.211
54.919
54.972
54.258
54.362
54.147
54.228
54.064
54.036
53.903
54.042
53.582
53.654
53.193
53.068
52.984
52.883
52.632
52.941
53.018
52.275
51.855
52.359
51.994
52.379
52.402
51.826
51.899
51.484
52.023
51.406
51.892
51.481
51.173
51.102
50.695
50.417
50.943
50.907
50.541
50.368
50.628
49.741
49.679
50.209
49.517
49.66
49.644
49.549
50.11
48.958
49.193
49.204
49.547
48.877
49.31
48.945
49.824
49.236
49.416
48.723
48.672
48.313
48.869
48.552
48.751
48.095
48.114
49.202
48.155
49.27
48.33
49.546
48.203
48.463
48.449
48.419
48.369
48.527
47.991
48.237
48.304
48.669
48.632
48.353
48.582
48.268
48.444
48.014
48.568
48.694
48.331
48.623
48.108
48.881
48.552
48.515
48.259
48.285
48.266
48.659
48.334
48.024
48.356
48.147
48.092
48.455
48.22
48.141
48.209
47.985
48.378
47.869
48.193
48.105
48.001
48.652
47.978
48.034
48.563
48.413
48.538
48.075
48.62
48.524
48.885
48.224
48.765
48.399
48.477
48.676
49.126
48.432
49.597
48.307
48.871
48.813
49.431
48.981
49.493
49.707
49.022
49.963
49.402
49.567
49.654
49.752
50.005
49.959
49.753
49.202
49.689
49.421
49.783
49.925
49.757
49.442
49.888
50.166
49.776
50.328
50.39
50.21
50.162
50.621
49.873
50.162
50.573
51.154
50.544
50.434
50.74
50.413
50.307
51.011
51.219
51.297
51.168
51.366
51.159
51.781
51.731
51.835
51.77
52.446
51.436
52.777
51.97
52.404
51.9
52.332
52.63
52.936
52.733
52.24
52.573
52.665
52.807
52.787
52.856
52.355
53.443
52.542
52.563
53.13
53.37
52.869
53.446
53.128
52.912
53.007
53.006
53.144
53.199
53.624
52.681
53.21
53.386
53.319
54.052
54.269
53.033
54.157
54.363
53.427
53.347
53.366
53.549
54.43
54.263
54.008
54.111
54.072
54.48
54.298
54.389
55.233
54.459
54.167
55.055
54.533
55.049
54.655
54.853
54.993
54.647
55.34
55.631
55.979
55.234
55.505
55.712
55.912
55.589
56.534
55.561
56.079
55.588
56.871
57.07
57.303
56.973
57.466
57.628
57.182
57.697
57.682
58.151
57.845
57.706
58.815
58.231
58.229
59.034
58.463
58.439
58.592
59.464
58.89
58.791
58.655
58.018
59.542
58.471
57.654
58.041
57.583
58.075
57.469
57.642
57.474
58.001
57.977
56.584
56.668
56.333
56.665
56.147
56.327
56.592
55.802
55.911
55.885
56.213
55.691
55.498
55.623
55.235
55.095
55.034
54.405
54.538
54.911
54.423
54.695
53.988
54.131
54.558
54.185
54.298
53.82
53.716
53.641
52.991
53.572
53.379
52.968
53.321
53.268
53.42
53.189
53.02
52.369
52.409
52.736
51.918
53.145
52.568
52.648
53.344
52.804
52.797
52.81
53.624
52.49
52.673
52.783
52.749
52.703
53.223
52.553
52.417
52.655
52.638
52.439
52.338
51.979
52.412
52.606
52.352
52.37
52.015
51.857
52.091
52.079
51.947
52.047
51.44
51.467
51.19
52.103
52.07
52.338
51.461
51.275
51.736
51.847
51.485
51.182
51.81
50.944
50.788
51.441
51.897
50.965
50.63
50.64
50.868
50.635
50.683
50.544
51.253
50.494
49.947
50.029
50.566
49.97
50.27
49.538
49.766
50.427
49.543
49.631
49.748
49.91
49.167
48.956
49.06
48.876
48.963
48.982
49.438
48.593
48.579
48.876
48.585
48.996
48.555
48.859
48.336
48.62
48.845
49.085
49.207
48.875
48.554
49.235
49.214
48.633
49.418
49.14
48.752
48.871
49.767
48.978
49.062
49.563
49.299
49.178
49.654
50.255
50.411
50.001
49.555
50.055
50.281
50.493
50.079
50.026
50.329
50.884
50.794
51.251
50.862
51.063
51.217
51.211
51.61
51.835
51.651
51.811
51.938
52.677
51.921
52.758
52.105
52.556
53.391
52.852
53.059
53.552
53.242
53.97
53.511
53.962
53.906
54.524
53.954
54.061
53.617
53.981
54.455
54.297
54.45
53.964
54.59
54.312
54.076
53.85
54.034
54.121
54.023
53.869
53.888
53.579
53.753
53.072
53.441
53.029
53.199
53.433
53.039
53.263
53.359
52.533
52.448
52.275
52.469
52.645
52.096
51.985
51.74
51.977
51.981
51.562
51.672
50.91
51.276
50.519
51.45
50.452
50.321
51.189
49.868
49.914
50.486
49.597
49.917
49.279
49.154
49.021
49.293
49.165
49.363
48.794
48.999
49.148
48.601
48.621
48.403
48.769
47.804
47.532
47.764
48.281
47.79
47.71
47.446
47.19
47.173
47.505
47.197
47.721
47.079
48.158
47.258
47.548
47.186
47.391
47.383
47.155
47.323
47.168
47.395
48.218
47.745
48.063
47.699
48.198
47.718
48.285
48.04
47.897
47.93
48.236
48.3
48.453
48.378
48.442
48.449
48.478
48.518
48.487
48.837
48.857
48.607
48.356
48.66
48.68
49.066
49.004
48.992
49.026
48.604
49.284
49.874
48.808
49.622
49.67
48.933
49.704
49.12
49.38
49.273
49.542
49.811
49.118
49.184
49.387
49.945
49.543
49.702
49.732
49.706
49.797
49.689
50.366
49.741
49.411
50.422
49.989
49.735
49.277
49.666
50.12
49.891
50.299
50.09
50.035
50.194
49.913
49.736
50.029
49.686
49.488
49.13
50.128
49.969
50.055
49.448
49.449
49.931
50.174
49.885
50.19
49.829
50.1
49.83
50.39
49.808
50.192
50.417
50.174
51.116
50.523
51.068
50.921
51.348
51.765
51.442
50.852
51.983
51.817
51.985
51.842
51.833
51.669
51.335
51.5
51.872
52.098
51.675
51.729
51.496
51.644
51.449
51.807
52.065
52.643
52.002
52.202
51.739
52.046
51.315
51.925
51.769
52.278
51.896
52.33
51.66
51.593
52.442
53.1
51.904
52.17
52.667
51.944
52.329
52.136
52.142
52.883
52.452
52.232
52.417
52.433
52.307
52.685
53.103
52.704
52.923
52.78
53.542
53.079
53.233
53.203
53.373
53.263
53.246
53.95
53.315
53.652
54.417
54.123
53.889
54.328
54.861
54.708
54.721
54.304
54.366
54.006
54.529
54.062
54.848
54.472
54.638
54.439
54.416
54.371
54.061
54.625
54.766
54.054
54.228
54.302
55.026
53.999
54.482
53.814
53.778
53.911
53.68
53.504
53.65
54.106
52.872
53.479
53.008
53.541
53.641
53.068
53.896
52.515
53.298
53.079
52.639
53.228
52.579
52.813
52.719
52.1
52.14
52.442
51.276
51.744
51.885
51.903
51.551
52.074
51.121
51.721
50.964
51.312
51.396
50.95
51.198
50.664
50.504
51.046
51.615
51.339
51.356
51.044
50.824
50.989
50.905
50.779
50.988
50.608
50.465
50.346
51.274
50.568
51.789
50.361
50.903
51.259
50.947
50.937
51.611
50.877
50.915
50.841
50.941
50.684
50.504
50.756
50.727
51.24
50.654
51.138
50.812
50.636
50.754
51.172
50.706
50.979
51.085
51.23
51.492
51.55
51.69
50.712
50.972
51.469
50.991
51.322
50.769
50.92
50.603
50.872
50.563
51.238
51.119
50.593
50.715
51.662
50.954
50.72
50.84
51.357
50.957
50.855
50.689
50.585
50.327
50.345
49.591
50.077
49.879
49.844
49.748
50.529
50.965
49.645
49.876
49.09
49.584
48.98
49.54
49.119
49.803
49.556
49.313
48.97
49.148
48.604
49.279
48.726
49.008
49.248
49.28
48.346
48.122
48.648
48.508
48.455
48.43
48.335
48.615
48.751
47.835
48.37
48.288
47.897
48.524
48.562
47.676
47.814
47.743
47.714
47.402
47.751
47.598
47.46
47.314
47.456
48.391
47.69
47.871
47.29
47.746
47.218
47.57
47.42
46.928
47.323
47.579
47.625
47.49
46.925
47.393
47.013
47.12
47.059
46.936
47.143
46.991
47.314
46.539
46.966
46.521
47.587
47.313
47.089
47.036
47.035
47.206
47.308
47.227
47.484
47.327
47.617
47.411
48.318
47.339
47.704
48.304
47.665
48.373
48.19
47.78
47.987
48.653
47.823
48.457
48.056
48.155
48.643
48.895
48.313
48.134
49.149
49.124
48.82
49.406
49.235
48.715
49.038
49.142
49.003
49.082
49.364
49.63
49.335
49.436
49.566
50.477
49.968
49.488
49.645
50.077
49.571
49.574
49.962
49.783
50.129
49.446
50.185
50.015
49.577
49.921
50.263
49.606
50.084
49.695
49.325
49.671
49.945
50.155
49.648
50.149
49.68
49.826
50.806
49.915
50.44
50.301
50.711
50.161
50.993
50.791
50.917
50.527
50.566
50.413
51.133
50.793
50.783
50.591
50.443
50.578
49.763
50.407
50.36
50.289
49.881
50.61
50.279
49.455
49.284
49.043
48.812
48.986
48.463
48.349
48.29
48.152
47.447
47.266
46.902
47.141
47.906
47.736
47.026
46.783
46.578
45.954
46.593
46.25
45.851
45.74
46.01
46.468
45.767
46.405
46.574
46.133
46.484
46.193
45.751
46.111
45.926
46.253
46.278
46.866
46.403
46.215
46.231
46.976
47.208
46.176
46.602
46.289
46.319
46.361
46.109
46.407
46.29
45.995
45.932
45.923
46.085
45.697
45.011
45.454
45.692
44.982
44.972
45.188
44.53
44.642
44.384
44.069
44.153
44.232
43.898
43.852
44.278
43.623
43.858
43.629
43.135
43.633
43.895
43.065
43.241
42.965
43.142
42.995
44.192
43.377
43.141
42.939
43.642
42.887
43.212
43.568
43.126
43.043
43.482
43.394
43.017
43.474
43.436
44.404
43.37
43.615
43.149
43.265
43.9
43.369
43.217
43.615
43.177
43.892
43.413
43.215
43.691
43.68
43.446
43.23
43.42
43.431
43.686
44.088
43.735
43.206
43.792
44.141
43.407
43.992
43.578
43.375
44.267
43.988
43.853
43.412
43.618
43.79
43.491
44.024
44.098
44.102
43.548
43.693
44.102
43.859
43.879
44.06
44.501
44.302
44.039
44.142
44.074
44.885
44.321
44.324
44.95
44.209
45.07
44.432
44.67
44.823
44.544
44.506
44.674
44.0
44.409
44.705
44.244
44.859
44.529
44.84
44.729
44.616
44.344
44.515
44.587
44.519
44.252
44.7
44.393
45.262
44.837
44.782
44.716
44.885
45.15
44.938
45.03
45.498
45.185
45.209
45.761
45.042
45.236
45.767
46.07
45.572
46.201
46.23
46.111
45.889
46.364
46.002
46.073
46.617
46.127
46.756
46.432
46.419
46.363
46.407
46.555
46.346
46.226
46.502
46.187
46.792
46.248
46.338
46.455
46.657
46.205
46.241
46.238
46.112
46.325
46.074
46.227
46.278
45.97
45.918
45.809
45.928
45.442
45.444
45.796
45.478
45.742
45.696
45.523
45.338
46.088
45.535
45.007
45.557
45.71
45.297
45.617
46.273
46.333
45.109
46.055
45.719
45.691
45.745
46.538
45.379
46.253
46.011
46.4
46.396
46.344
46.09
46.527
46.572
46.623
46.619
46.843
46.617
47.173
47.156
47.648
47.577
47.085
47.046
47.739
47.234
47.915
48.598
48.221
47.699
48.602
48.015
49.032
48.544
48.661
48.653
48.48
48.971
48.974
48.976
48.685
49.054
48.993
48.889
49.268
49.197
49.07
48.874
48.931
49.507
50.019
49.547
49.09
49.63
49.723
50.02
49.721
50.514
49.573
49.833
50.359
50.486
50.041
50.236
49.895
50.565
50.323
50.435
50.494
50.081
49.879
50.338
50.216
50.402
49.812
50.102
50.373
49.966
49.387
50.857
50.246
50.274
49.758
50.422
50.324
50.305
50.67
49.931
50.085
50.544
49.578
50.257
50.392
50.238
50.22
50.11
50.69
49.992
50.555
50.008
50.254
49.811
50.623
50.165
50.172
50.025
50.045
50.165
50.128
49.944
50.241
50.262
50.282
50.328
50.454
50.857
50.459
50.326
51.07
51.133
50.718
50.29
50.713
50.559
50.993
51.039
51.689
50.918
51.154
50.958
51.985
51.9
51.223
51.447
51.958
51.618
51.944
51.711
52.253
52.603
51.722
52.344
52.926
52.677
52.346
52.234
52.291
52.708
52.809
52.571
52.754
52.532
52.147
52.605
52.324
52.483
52.331
52.219
52.103
52.243
51.789
52.332
51.732
52.306
51.325
51.315
51.723
51.901
51.348
51.061
51.267
51.208
50.922
50.43
50.413
50.643
50.069
50.467
49.899
50.879
49.902
50.112
49.437
49.445
49.082
48.995
50.131
48.865
48.81
49.567
49.598
49.254
49.101
48.854
48.843
48.966
49.563
49.22
49.185
49.14
49.444
48.769
49.11
48.949
49.02
49.205
48.986
49.14
49.622
49.16
49.155
48.765
49.003
48.599
48.423
48.876
48.76
48.488
48.468
48.768
48.306
48.411
48.245
47.789
48.249
48.303
47.465
48.214
48.407
47.607
47.744
48.341
47.75
48.03
47.977
47.999
47.009
47.582
47.515
47.476
47.306
47.785
46.85
47.347
47.792
47.51
47.052
47.398
47.302
47.29
47.493
47.563
47.663
47.588
47.605
47.439
48.032
47.488
47.876
47.731
47.316
47.457
48.003
48.14
47.702
48.159
48.768
48.58
48.666
48.304
48.635
48.675
48.684
48.592
49.059
49.074
49.143
49.328
49.755
49.203
50.028
49.505
50.236
49.823
50.167
50.356
50.668
50.752
50.581
50.688
50.372
50.491
51.136
50.964
51.397
51.694
51.463
52.161
51.498
51.842
51.247
51.5
52.511
52.256
51.699
52.701
52.91
52.683
52.69
53.034
52.848
52.899
52.495
53.049
52.57
52.571
52.587
52.95
52.424
53.082
52.206
52.986
52.308
52.103
52.793
52.312
51.961
51.684
53.021
51.445
51.379
51.187
51.691
51.481
50.93
51.343
51.251
51.614
50.879
51.301
50.706
50.685
50.919
51.167
50.525
51.175
50.805
51.081
50.478
50.711
50.889
50.107
50.473
50.921
50.581
50.775
51.127
50.267
51.088
50.454
50.434
50.262
50.604
50.341
50.37
50.397
49.937
50.555
50.212
50.083
50.65
50.555
50.328
50.132
49.748
49.719
49.196
49.791
50.219
49.703
49.934
49.727
49.863
50.182
49.814
49.892
49.548
49.063
49.76
48.995
49.239
49.368
49.319
49.453
49.543
49.014
49.309
49.26
49.355
49.363
49.389
49.289
48.984
49.478
49.525
49.609
49.47
49.644
49.705
49.256
49.405
49.472
49.894
49.91
48.932
49.578
49.172
49.196
50.023
49.679
49.166
49.019
49.24
48.753
48.594
48.885
48.856
48.637
48.521
49.3
48.195
48.582
48.92
48.559
48.536
49.222
48.749
48.85
49.309
48.962
49.324
49.052
49.287
48.751
50.01
48.922
49.207
49.137
49.519
49.789
49.644
49.953
49.853
50.089
50.157
50.324
49.801
50.061
50.199
50.962
50.279
50.362
50.858
50.83
50.334
50.22
50.578
50.423
