1.1	1.1	0.055
1.1	1.1	0.055
1.9316	2.4947	0.2897
14.0058	14.0058	0.7003
0.6381	0.7038	0.0957
1.1	1.1	0.055
1.1	1.1	0.055
2.0351	11.0	0.6105
2.8945	12.6	1.1578
1.1	1.1	0.055
1.1	1.1	0.11
1.1	1.1	0.055
2.1	2.1	0.105
1.1464	3.3	0.172
15.9922	815.1	116.7429
7.3201	35.7	2.9281
19.35	19.9	1.935
4.2	12.6	0.63
1.65	3.3	0.165
90.5058	2010.9375	244.3658
1.1	1.1	0.055
105.0203	105.0203	5.251
81.5817	81.5817	4.0791
8.4	8.4	0.42
1.1	1.1	0.055
1.1	1.1	0.055
1.575	1.575	0.0788
110.0	218.9	11.0
0.6038	0.6038	0.0302
65.434	266.1	16.3585
240.2089	21397.0	1537.3367
2.2	6.6	0.33
288.8226	10424.4	1444.1128
1.4667	3.3	0.22
0.7038	0.7038	0.0352
1.1	1.1	0.055
0.1475	0.1475	0.0074
1.1	1.1	0.055
1.1	1.1	0.055
1.1	1.1	0.055
1.0734	1.0734	0.0537
434.4379	39751.9	2519.74
136.3869	174.8	13.6387
1196.1	3547.8	179.415
135.0361	359.1665	20.2554
3.2415	15.0463	1.1345
786.2881	17855.6	1100.8034
1.1219	1.34	0.1122
1.1618	3.3	0.1743
563.1381	3698.4	309.726
1.429	3.2202	0.2143
1.6067	1.6067	0.0803
1.5861	6.3228	0.3965
983.3196	15048.5	934.1536
633.9186	3797.3	190.1756
0.4479	0.6067	0.0448
0.9038	0.9038	0.0452
1.1	1.1	0.055
270.6665	270.6665	13.5333
1.1	1.1	0.055
2.1	2.1	0.105
309.0496	18443.0	958.0536
22.5	22.5	1.125
3682.9	3682.9	184.145
387.6452	33165.6	1686.2565
0.9038	0.9038	0.0452
614.3432	43935.5	2795.2615
203.102	2213.7827	172.6367
546.0023	13215.6	1037.4044
2.1	2.1	0.105
1.4667	3.3	0.22
1058.8874	4483.0	264.7219
0.1391	0.1391	0.007
4465.1	4465.1	223.255
1.1	1.1	0.055
1.6067	1.6067	0.0803
1.1	1.1	0.055
1.2	1.2	0.06
1.1	1.1	0.055
1.1894	1.8734	0.1784
913.9674	145981.6	10784.8149
963.4843	35066.5222	4576.5503
1.65	3.3	0.165
40.8717	58.3537	6.1308
1.1	1.1	0.055
1148.7121	7539.9	402.0492
1.1468	1.1468	0.0573
2.1	2.1	0.105
1384.6298	15071.7	830.7779
0.7797	1.1	0.117
0.6371	0.7038	0.0956
1810.7679	346435.2	30873.5934
3218.8965	15661.5	965.6689
1.1	1.1	0.055
0.7025	0.9	0.1054
2323.8942	31301.2	2323.8942
5366.2814	31303.1	1609.8844
1.1	1.1	0.055
0.7038	0.7038	0.0352
1061.4901	1061.4901	53.0745
1.1	1.1	0.055
2771.1328	15628.2	969.8965
2929.0121	79496.0	7176.0797
1.1	1.1	0.055
1.1	1.1	0.055
1.1	1.1	0.055
1.1	1.1	0.055
4262.0653	17330.1	1065.5163
4541.907	244651.1	22936.6306
163.2067	163.2067	8.1603
1496.9169	51890.2628	4415.9047
30556.9	30556.9	1527.845
679.4469	2012.15	169.8617
30546.2	30546.2	1527.31
1267.8	1267.8	63.39
1999.6833	1999.6833	99.9842
1.1	1.1	0.055
1.1	1.1	0.055
4659.7779	244094.4	13280.3671
3447.6268	30737.4	2758.1015
370.8854	3681.3543	185.4427
0.9038	0.9038	0.0452
2160.1744	91918.2	5508.4448
1.1	1.1	0.055
3060.2949	61223.0	3672.3539
1.1	1.1	0.055
5387.2269	140067.9	7003.395
574.3096	2868.7367	143.5774
4277.762	923040.9	52830.3606
23.85	47.7	2.385
4.5	4.5	0.225
1.1	1.1	0.055
1.4667	3.3	0.22
947.4536	947.4536	47.3727
3565.3707	3219809.3	181120.8311
222.9	222.9	11.145
215.0	215.0	10.75
1094.2	1094.2	54.71
3478.7647	155510.1	8870.8499
193.9	193.9	9.695
4471.9915	3278100.7	249984.3259
22546.1381	25386951.5	1269347.575
1821.8832	4896.9314	546.565
3396.8031	3396.8031	169.8402
1558.3614	1667.7	155.8361
1807.7677	3339.0875	361.5535
0.6038	0.6038	0.0302
0.7038	0.7038	0.0352
10.0	10.0	0.5
11.6	11.6	0.58
4631.4034	548404.7	45156.1831
6793.1328	678698.0	97821.1119
12463.9141	1814622.0	315337.0264
20316.8159	65458.4	7110.8856
0.2667	0.2667	0.0133
12688.7913	12688.7913	634.4396
65389.5	65389.5	3269.475
1497.0965	7296.2808	449.1289
9899.6519	65366.0	4454.8434
69.0734	69.0734	3.4537
13199.8818	13199.8818	659.9941
0.2667	0.2667	0.0133
12160.6287	12547.2304	1216.0629
1.6067	1.6067	0.0803
5437.9528	65236.2	3262.7717
1791.6247	12530.5195	627.0686
1469.0336	13170.1543	1248.6786
12524.517	12524.517	626.2259
65231.4	65231.4	3261.57
0.9067	0.9067	0.0453
1.0538	1.0538	0.0527
0.6067	0.6067	0.0303
32571.8	65142.5	3257.18
1.1	1.1	0.055
15372.3406	65916.5	10760.6384
8270.5281	65899.6	5789.3697
8293.6941	2836964.2	169606.0442
1.1	1.1	0.055
1.0667	1.0667	0.0533
391.8406	1957.1917	97.9602
1934.8523	11600.8332	580.4557
7677.8742	197715.9	12284.5987
2.019	2.019	0.101
92.0099	5060.5423	253.0271
65910.7	65910.7	3295.535
11533.5173	11533.5173	576.6759
6202.6768	131800.9	8993.8813
65898.8	65898.8	3294.94
8986.8678	3762836.2	276346.1848
10010.7614	5825655.9	466501.4825
7907.6829	1381061.1	86193.744
11735.1522	11735.1522	586.7576
1.575	1.575	0.0788
3568.9	3568.9	178.445
3619.26	17890.825	1990.593
11471.4883	307328.6	20648.6789
9210.1422	230755.8	20722.8199
15018.6252	154413.5	10513.0377
14408.3337	155333.4	12967.5003
4296.139	4846.778	429.6139
1130.5794	25274.6939	1921.9849
1.1	1.1	0.055
1.067	1.067	0.0534
74.5081	1937.2097	96.8605
6584.9601	13080.9863	658.496
9736.0263	77787.1	3894.4105
12004.7454	622643.7	32412.8125
7328.9276	857129.2	53134.7253
16.4644	32.325	1.6464
8300.4708	77976.5	5810.3295
3578.2307	12624.063	1073.4692
1.1	1.1	0.055
5436.7045	311903.4	21203.1474
7924.5252	2653599.8	161264.0885
9064.7015	2892415.0	170416.3879
5588.6226	391217.7	26825.3885
11872.5234	234762.9	13059.7758
53.5876	53.5876	2.6794
8792.8949	156517.9	10991.1187
1.34	1.34	0.067
9584.9779	5670432.0	374772.634
11420.0465	7126664.8	561866.286
12214.3082	9125849.1	698047.7135
10787.055	7680193.5	648841.3554
10409.5299	7737222.6	556909.8496
2621.8484	13245.7294	1048.7393
6549.2148	13098.4295	654.9215
6549.5148	6549.5148	327.4757
1478.1347	4855.8904	295.6269
3260.9273	12785.0092	652.1855
6440.0283	12782.1567	644.0028
98.0	98.0	4.9
12775.8208	12775.8208	638.791
86555.3	86555.3	4327.765
38.065	38.065	1.9032
21050.0677	86892.9	8420.0271
301.4045	301.4045	15.0702
5758.7438	12849.2129	1151.7488
972.3843	4688.1406	291.7153
1.1	1.1	0.055
1.1	1.1	0.055
33795.5259	4334555.3	233189.1289
13259.2918	13259.2918	662.9646
32717.5605	86812.8	4907.6341
13407.4209	173940.7	14748.163
17843.0113	261719.7	19627.3124
11957.3676	175051.8	17338.183
8519.9305	1665479.9	105647.1387
2634.9692	12584.8367	658.7423
145.5111	171.3656	14.5511
1.1	1.1	0.055
12571.9842	12571.9842	628.5992
0.6038	0.6038	0.0302
4283.1118	13161.924	1284.9335
1.1	1.1	0.055
11669.4583	11669.4583	583.4729
87680.7	87680.7	4384.035
1.1	1.1	0.055
22656.7285	87675.0	5664.1821
13110.2022	13110.2022	655.5101
3563.2543	9273.7562	712.6509
1.4057	2.8114	0.1406
1.1	1.1	0.11
4891.175	4891.175	244.5588
4646.1635	9066.0904	696.9245
4521.4317	4521.4317	226.0716
2044.7405	6130.4815	306.7111
0.9	0.9	0.045
4497.7931	4497.7931	224.8897
87478.1	87478.1	4373.905
6105.6148	6105.6148	305.2807
5583.19	12274.4267	837.4785
4475.4047	4475.4047	223.7702
11053.0763	87506.1	8289.8072
11920.3365	790677.0	72118.0356
1.1022	1.34	0.1653
4631.992	4631.992	231.5996
6407.5498	18822.3942	2563.0199
7861.1051	264405.3	23976.3707
6024.072	25282.6768	3313.2396
6301.5024	25368.6936	2835.6761
10205.1792	88240.6	8164.1434
23693.5155	265119.9	16585.4609
13632.0129	177079.9	13632.0129
16300.8761	177361.4	13040.7009
6969.2145	25838.1944	4878.4501
5772.8435	24256.5071	3175.0639
5003.4724	5141.0125	500.3472
6082.1919	19457.7627	1216.4384
5148.7625	10297.525	514.8763
6498.4654	6498.4654	324.9233
5156.5125	5156.5125	257.8256
5675.3908	6490.4154	567.5391
9010.3439	25740.5381	1802.0688
16372.8228	88751.1	7367.7702
17936.7745	88808.9	7174.7098
6197.2657	26120.9287	1549.3164
6087.1132	13089.8145	913.067
6094.7048	13108.7145	914.2057
1.1	1.1	0.055
1.8667	1.8667	0.0933
10329.7515	265794.9	14978.1397
5562.6414	11124.1828	556.2641
1.1	1.1	0.055
0.9038	0.9038	0.0452
1.1	1.1	0.055
0.8886	1.0734	0.0889
1.8734	1.8734	0.0937
0.9067	0.9067	0.0453
16285.9204	531404.7	32571.8409
2.5	6.6	0.625
88619.7	88619.7	4430.985
11734.2404	11734.2404	586.712
8426.88	10835.7944	842.688
9310.2563	88562.8	5586.1538
11072.8483	88570.3	4429.1393
88621.2	88621.2	4431.06
12098.465	709849.4	50208.6296
1.6	1.6	0.08
10852.5938	177624.3	15736.261
4269.1873	4269.1873	213.4594
4272.8598	4272.8598	213.643
1.1	1.1	0.055
0.7038	0.7038	0.0352
1.1	1.1	0.055
39469.5	39469.5	1973.475
46401.0995	88684.0	4640.1099
5729.7653	5729.7653	286.4883
10798.6525	266161.5	25916.766
12726.2064	88824.3	5090.4826
4582.402	8189.4762	916.4804
11907.0353	35721.1058	1786.0553
1.1	1.1	0.055
1.1	1.1	0.055
10425.2934	711122.0	48998.8789
4418.05	4418.05	220.9025
27317.7282	88971.7	5463.5456
4137.0739	12411.2218	620.5611
1.1	1.1	0.055
5662.9317	5662.9317	283.1466
11787.6865	11787.6865	589.3843
88868.2	88868.2	4443.41
1.1	1.1	0.055
1.1	1.1	0.055
1.1	1.1	0.055
1.65	3.3	0.165
39183.65	78367.3	3918.365
1.1	1.1	0.055
16149.8715	177683.9	10497.4165
18043.9357	9585822.0752	839945.2088
4025.807	16997.2125	1409.0325
1.1	1.1	0.055
1.34	1.34	0.067
1.1	1.1	0.11
4777.9769	11173.0633	955.5954
4242.0875	4242.0875	212.1044
5254.2872	16775.4615	1050.8574
3963.8419	3963.8419	198.1921
4287.2493	12635.025	1500.5372
0.9038	0.9038	0.0452
1.4667	3.3	0.22
14518.3735	621146.4	45006.9579
14150.1945	4469097.4	335359.6105
5699.1816	5699.1816	284.9591
32960.2112	269926.5	14832.095
13255.3992	180054.7	13918.1692
1.1	1.1	0.055
2.2	6.6	0.33
10229.3473	540605.4	55749.9429
13326.1503	2624045.3	216549.9426
11496.5024	636241.2	59781.8124
16977.8612	90980.7	5942.2514
40795.375	326363.0	16318.15
13637.6887	13637.6887	681.8844
0.9038	0.9038	0.0452
21472.9468	181937.0	11810.1207
5413.5019	54867.5858	7037.5525
40777.6	40777.6	2038.88
1361.3067	13585.5669	680.6533
14372.4581	1277941.7	97014.0919
12767.5717	550355.1	46601.6369
6119.3488	6119.3488	305.9674
23056.7765	91854.1	5764.1941
17175.1059	367883.2	27480.1694
11616.4619	5379044.5	426904.9735
10036.8412	93443.5	12044.2094
4898.675	4898.675	244.9338
13372.7516	93447.7	8692.2885
1.1	1.1	0.055
31141.6689	93422.3	4671.2503
10982.9413	373525.2	26359.059
12802.3516	93426.3	8321.5285
15565.8833	93385.4	4669.765
1.1	1.1	0.055
0.9	0.9	0.045
3327.9066	13308.4131	665.5813
16962.1305	561240.0	39861.0066
13389.7867	187427.4	9372.8507
3.05	3.6	0.305
1.0538	1.0538	0.0527
0.7576	0.7576	0.0379
12341.8339	468517.7	33322.9516
0.9038	0.9038	0.0452
1.0538	1.0538	0.0527
93591.8	93591.8	4679.59
10449.0953	1966836.9	112850.2292
15.8167	42.0514	5.5358
1.1	1.1	0.055
15654.6129	573118.2	50877.4921
17455.0482	96440.9	6982.0193
24735.5208	6775874.9	338876.6354
2.0871	3.4704	0.2087
0.9	0.9	0.045
1.0538	1.0538	0.0527
1.1	1.1	0.055
96330.0	96330.0	4816.5
9453.5253	96329.1	8035.4965
42890.8	42890.8	2144.54
1.1	1.1	0.055
19529.5841	96425.7	5858.8752
17225.1091	578983.8	40479.0065
53364.642	96569.4	5336.4642
11983.6319	193099.7	10785.2687
5769.8952	193114.5	10674.306
2527.2197	10106.0348	505.4439
1.1	1.1	0.055
11043.2191	1452267.6	122027.5712
1.1	1.1	0.055
5918.7965	97023.1	5326.9169
40504.0529	194163.7	10126.0132
9424.8055	9424.8055	471.2403
0.6038	0.6038	0.0302
5832.2289	5832.2289	291.6114
5807.5456	5807.5456	290.3773
8475.8642	2038314.6	116543.1329
12705.2073	12705.2073	635.2604
1.1	1.1	0.055
12668.6827	25337.3654	1266.8683
0.9019	1.1	0.0902
5693.2123	5693.2123	284.6606
13818.8659	485219.9	26946.7885
12675.9848	988726.8157	49436.3408
24292.2292	194282.3	9716.8917
8633.7595	194322.3	11655.5753
7717.8276	9767.5096	771.7828
3863.4917	3863.4917	193.1746
13958.0099	3792091.8	203089.0443
1.1	1.1	0.055
12228.9179	1656898.8	118620.5035
12670.2347	4429271.7	328792.5907
13171.2744	3805114.4	318086.2761
14475.9108	12207126.9	1071941.198
11563.7292	214723.9	21971.0855
5805.4535	20106.175	1741.6361
13282.2594	107432.4	11289.9205
7164.0776	8524.9449	1074.6116
7088.2032	18733.2836	2126.461
27209.9157	215028.9	13604.9578
6820.178	18809.366	1705.0445
15211.7409	107584.9	10648.2186
15215.4748	432353.7	41081.7819
7724.4454	8620.8783	772.4445
27467.659	108215.1	6866.9147
36457.1718	169364.1	9114.293
7378.4416	44510.7847	4795.987
12542.0204	108264.6	13796.2224
43251.78	1513812.3	75690.615
12421.1807	216752.0	25463.4205
6466.4425	12931.31	646.6443
1.1	1.1	0.055
10982.1658	650230.2	34593.8222
12747.0359	975401.7	56086.9578
108390.8	108390.8	5419.54
1.1	1.1	0.055
19318.9778	108752.6	10625.4378
15878.7527	5264180.0	516853.4007
5210.9831	12923.6782	1042.1966
1.1	1.1	0.055
10628.5616	10628.5616	531.4281
1.1	1.1	0.055
114966.9	114966.9	5748.345
1.1	1.1	0.055
25004.8329	114967.4	6251.2082
1.1	1.1	0.055
114966.5	114966.5	5748.325
1.2145	3.1614	0.6072
1.1	1.1	0.055
2124.2862	12735.8173	637.2859
12479.6732	3270784.3	230249.9706
1.1	1.1	0.055
13350.9238	118059.7	18023.7471
9419.6867	43014.9625	7064.765
1.1	1.1	0.055
29507.8901	118028.8	5901.578
7732.7574	7732.7574	386.6379
18368.8993	6538591.7	623624.1297
65506.9649	119821.3	6550.6965
43775.7538	1138169.6	56908.48
44166.2	44166.2	2208.31
0.8519	1.1	0.0852
16298.5952	1682697.8	189063.7042
19520.9989	241845.9	22449.1487
12236.2878	725896.2	39156.121
16.3072	16.3072	0.8154
1955.1381	26441.7627	2346.1657
1.0636	1.0734	0.1064
44062.65	352501.2	17625.06
28746.695	120922.9	8624.0085
11320.0967	11320.0967	566.0048
18601.2255	1704193.4	169271.1523
21072.9951	6082491.3	630082.554
26540.1455	4071462.1	382178.0947
29224.0939	6331021.2	613705.9728
29550.4874	3681545.1	394499.0071
27289.5844	985116.9	135083.4428
18644.55	18644.55	932.2275
165154.0	165154.0	8257.7
32.8313	558.1329	27.9066
20188.4851	22491.9965	2018.8485
11262.5566	11262.5566	563.1278
1.1	1.1	0.055
17875.1351	17875.1351	893.7568
26932.2648	8647525.0	661187.1
0.6038	0.6038	0.0302
19167.225	19167.225	958.3613
11869.1811	11869.1811	593.4591
1.2423	3.1614	0.2485
167309.3	167309.3	8365.465
22905.9312	22905.9312	1145.2966
18261.3933	18261.3933	913.0697
22931.9062	45863.8124	2293.1906
18275.5102	18275.5102	913.7755
16429.4778	19143.375	2464.4217
95231.0406	167504.2	9523.1041
21067.9739	22975.3979	2106.7974
62760.0589	335724.7	21966.0206
18764.1642	91703.4228	8443.8739
37995.3268	168215.3	15198.1307
19428.6942	96427.9125	11657.2165
21183.8963	92898.3917	8473.5585
18109.6499	23275.6646	3621.93
45996.0242	168263.2	13798.8073
22214.1241	6236757.0	504260.6166
40380.6938	168891.8	12114.2081
18960.308	19423.125	1896.0308
14237.7426	14237.7426	711.8871
23279.4151	23279.4151	1163.9708
19666.01	46555.7968	5899.803
1.1	1.1	0.055
4222.3762	14197.6208	1266.7129
19228.7794	77672.95	4807.1949
34305.3026	847035.5	87478.5217
42342.5415	510761.4	42342.5415
31.2067	31.2067	1.5603
5867.9973	11734.8947	586.7997
19335.6694	59060.3125	4833.9173
3536.3524	14141.5657	707.2705
3527.2566	28207.5487	1410.9026
18742.7562	23441.1818	2811.4134
18708.7983	18708.7983	935.4399
18708.8263	18708.8263	935.4413
19500.2805	1361938.3	72151.0378
5.0471	5.0471	0.2524
1.1	1.1	0.055
13980.5511	13980.5511	699.0276
15291.1372	272399.4394	42815.1843
34047.434	3303802.7	297915.0472
0.6038	0.6038	0.0302
31344.2846	176929.2	15672.1423
40713.7936	353823.0	18321.2071
78426.0651	51604326.3	2580217.542
33888.3397	4632973.7	513408.3465
34638.9291	4157389.8	458965.8111
37948.3149	1828924.4	185946.7432
19181.6629	51565.9805	6713.582
25792.5319	25792.5319	1289.6266
25783.3819	25783.3819	1289.1691
25540.5722	1299640.3	135365.0325
32086.8351	5229384.0	497345.9443
34444.793	8225202.3	902453.5753
44839.8527	10547761.5	1100818.3845
46650.0929	4728800.1	440843.3776
42540.0959	13369840.3	1422966.2068
40523.3436	5865637.1	694975.342
47956.6862	1023395.4	98311.2068
46.9818	1033.5998	51.68
255955.8	255955.8	12797.79
89.7334	269.2003	13.46
85319.5447	511914.3	25595.8634
0.8534	1.1	0.0853
30189.0731	62350.5418	4528.361
1.1	1.1	0.055
1.1	1.1	0.055
7369.392	31127.2796	2947.7568
41745.8002	511804.5	50094.9602
23037.1774	23415.175	2303.7177
67495.535	511843.1	26998.214
28142.4224	28142.4224	1407.1211
28175.0282	28175.0282	1408.7514
29455.1634	31100.8187	2945.5163
1.1	1.1	0.055
1.1	1.1	0.055
43073.5965	1792658.0	185216.465
40342.9688	4360508.6	512355.7034
1.98	6.6	0.495
25018.9028	513296.3	30022.6834
0.6552	0.7038	0.0655
1184.5234	700053.343	35002.6672
79838.2011	1026797.3	67862.471
1.1	1.1	0.055
1.1	1.1	0.055
29481.9433	4365524.9	255018.8098
2260.0667	9040.2667	452.0133
49290.4755	4402704.3	409110.9466
43765.7663	3678297.7	420151.3564
60957.6098	1857383.5	152394.0245
24581.5795	24581.5795	1229.079
34418.6666	18695165.3	1301025.5966
42454.9033	2411912.4	137978.4356
3984.6521	31111.3522	1593.8608
29852.1079	1339971.0	74630.2698
27811.4606	27811.4606	1390.573
24668.1694	24668.1694	1233.4085
24682.8196	24682.8196	1234.141
30585.0793	8310414.2	475597.9833
7815.1501	62049.9737	3126.0601
24350.2969	5901276.4	354296.8197
28963.5501	30959.4536	4344.5325
2320.1224	88164.6519	4408.2326
25299.075	25299.075	1264.9538
30547.351	30547.351	1527.3675
30554.8843	30554.8843	1527.7442
113087.9	113087.9	5654.395
24472.6921	24472.6921	1223.6346
2203.937	2203.937	110.1968
113028.0	113028.0	5651.4
49770.3482	3770302.2	375766.1292
37630.0853	7579590.2	432745.9809
21831.8898	5419720.9	316562.4017
271033.7	271033.7	13551.685
44737.292	2738814.9	351187.742
112949.48	1694242.2	84712.11
113012.8	791089.6	39554.48
27314.7813	74611.7535	6828.6953
29205.5554	29205.5554	1460.2778
1.1	1.1	0.055
30564.3368	6626357.1	366772.0415
6447.5889	32230.2446	1611.8972
33137.3499	276144.3	36451.0849
59810.7006	276167.5	23924.2802
26479.5856	49529.9993	5295.9171
112903.8	112903.8	5645.19
8510.602	32094.9896	1702.1204
97494.1905	552232.6	29248.2571
43823.3213	552339.8	43823.3213
62849.9171	276191.4	21997.471
276240.8	552481.6	27624.08
0.7038	0.7038	0.0352
1.8734	1.8734	0.0937
7978.4563	31911.4012	1595.6913
1.1	1.1	0.055
43199.0813	3607989.6	453590.3541
112599.9	112599.9	5629.995
1.0734	1.0734	0.0537
1.1	1.1	0.055
1.1	1.1	0.055
279116.9	279116.9	13955.845
279128.7	279128.7	13956.435
38886.1098	279109.7	27220.2769
1.1	1.1	0.055
71614.9768	279251.8	21484.493
25456.2735	25749.4125	2545.6274
26341.6154	558477.6	36878.2616
55149.5683	1404707.9	129601.4854
70889.0871	282104.5	14177.8174
1.0734	1.0734	0.0537
12574.7027	25148.7017	1257.4703
25737.55	25737.55	1286.8775
31134.1679	31134.1679	1556.7084
54585.1662	16293441.0	1522926.1367
47200.7215	7556445.6	903893.8167
43373.0689	875558.1	97589.405
30737.9343	84084.4375	9221.3803
60198.6863	13754731.2	1209993.5942
53603.4623	22701227.5	2288867.842
28947.6875	28947.6875	1447.3844
34873.82	34873.82	1743.691
34874.2033	34874.2033	1743.7102
29928.8478	55894.0672	5985.7696
46191.3669	2076011.0	286386.4748
36505.847	8022845.1	609647.6456
55790.2769	9587005.6	979119.3589
0.6038	0.6038	0.0302
79504.673	1207479.6	79504.673
1.0538	1.0538	0.0527
1.1	1.1	0.055
323.4605	2578.2771	129.3842
1.3664	1.829	0.1366
0.6067	0.6067	0.0303
1.1	1.1	0.055
1.0146	1.34	0.1522
29441.2521	29441.2521	1472.0626
36397.4866	36397.4866	1819.8743
112047.1	112047.1	5602.355
58957.7554	6841528.5	678014.187
75587.0153	54737518.0	6243487.4611
88140.6638	3473347.7	475959.5846
60813.7731	64294.7066	9122.066
35524.9844	1747811.6	126113.6945
58499.7876	58499.7876	2924.9894
165535.3917	436935.2	24830.3088
58448.1267	58448.1267	2922.4063
145629.2	436884.3	21844.38
29024.6053	29024.6053	1451.2303
1.7401	1.8734	0.174
1.0734	1.0734	0.0537
1.1	1.1	0.055
42571.128	436774.5	27671.2332
0.6038	0.6038	0.0302
297.2595	889.3385	44.5889
1.1	1.1	0.055
1.6067	1.6067	0.0803
58308.0108	58308.0108	2915.4005
58344.4833	58344.4833	2917.2242
64048.9182	64048.9182	3202.4459
58909.1769	59414.6646	5890.9177
1.65	3.3	0.165
81040.8849	9176365.8	745576.1414
145996.5974	437209.8	21899.4896
82917.5194	437240.4	33167.0078
743.0052	743.0052	37.1503
64006.6429	64006.6429	3200.3321
64055.782	64055.782	3202.7891
1.1	1.1	0.055
1.1	1.1	0.055
32015.2624	64029.9211	3201.5262
165186.6779	437198.4	24778.0017
87932.5181	4399259.3	624320.8783
74553.6748	21976538.5	1949578.5967
67114.3374	13692557.7	1406045.3681
159468.9979	916530.5	47840.6994
62910.6616	8708980.7	503285.2926
86432.8184	458461.9	25929.8455
35325.9322	101017.325	7065.1864
74993.6319	26841479.3	2609778.3891
84169.1513	71275807.2	6670405.243
91294.4642	18817261.6	1743724.2661
113195.6927	31784365.9	3067603.273
124199.9283	73928076.6	7582405.6232
133699.8186	66010761.0	7460449.8789
131660.659	7069606.0	947956.7447
130194.452	1424828.7	221330.5683
99897.8213	99897.8213	4994.8911
378441.3318	712936.4	37844.1332
48474.8896	52994.0878	4847.489
52997.8545	52997.8545	2649.8927
106366.4494	106366.4494	5318.3225
114515.1702	712925.6	40080.3096
52777.9787	8555527.8	506668.5953
73783.3506	100582260.3	5751412.1778
81838.5135	54971486.5	3154874.6963
66324.6083	163662355.6	9895631.5641
65477.1441	65110231.2	3902437.7863
60288.3372	50832083.8	3141022.3696
65780.3029	1432483.7	85514.3937
149.1	149.1	7.455
82.613	82.613	4.1306
99974.8397	99974.8397	4998.742
716349.1	716349.1	35817.455
320.5718	852.0838	192.3431
102170.7262	102170.7262	5108.5363
370.4849	704.0074	74.097
716346.6	716346.6	35817.33
111444.2	111444.2	5572.21
71.8	71.8	3.59
43902.0985	43902.0985	2195.1049
69823.4002	1432649.5	97752.7603
65.5	65.5	3.275
111410.3	111410.3	5570.515
94794.4783	716340.6	66356.1348
198544.4599	5015131.1	327598.3588
43.6	43.6	2.18
111389.4	111389.4	5569.47
41.6	41.6	2.08
30.7	30.7	1.535
40.7	40.7	2.035
111439.1	111439.1	5571.955
36201.5234	716507.9	43441.8281
40.5	40.5	2.025
35.1	35.1	1.755
38.6	38.6	1.93
179280.2348	716508.4	35856.047
29.7	29.7	1.485
28.8	28.8	1.44
1.9	1.9	0.095
1.1	1.1	0.055
1.1	1.1	0.055
99805.7295	99805.7295	4990.2865
358225.8	716450.5	35822.58
718.4624	718.4624	35.9231
1.1	1.1	0.055
1.1	1.1	0.055
1.1	1.1	0.055
111353.2	111353.2	5567.66
82169.3638	299466.49	32867.7455
1.1	1.1	0.055
511.2888	511.2888	25.5644
1.1	1.1	0.055
50233.9887	99825.4861	5023.3989
111380.05	445520.2	22276.01
716396.6	716396.6	35819.83
111368.6	111368.6	5568.43
1.1	1.1	0.055
1.1	1.1	0.055
1.1	1.1	0.055
716369.7	716369.7	35818.485
1.1	1.1	0.055
101065.0414	5731141.1	318354.8803
86031.4282	716687.3	124745.5709
358639.634	716695.8	35863.9634
111339.7	111339.7	5566.985
69349.7049	10034691.1	613744.8884
84031.6438	45176130.3	2583973.0467
83043.1922	17218224.6	963301.029
76543.9721	183243828.9	10628130.5265
61497.2408	24474239.5	1518981.8478
74449.1444	144157890.9	8524427.0338
77867.7209	130757628.5	7708904.3712
57026.8518	2892947.2	213850.6943
36648.6512	723256.8	47643.2465
11.9	11.9	0.595
912.179	912.179	45.609
454.0914	907.0828	45.4091
1.1	1.1	0.055
102062.0086	102062.0086	5103.1004
89294.0264	6524470.5851	343782.0016
118294.7703	123122249.1	10563722.9839
55888.1891	55888.1891	2794.4095
910.3876	910.3876	45.5194
183459.95	733835.4	36691.99
1.2	1.2	0.06
1.1	1.1	0.055
100112.021	100112.021	5005.601
111255.5	111255.5	5562.775
111256.6	111256.6	5562.83
1.1	1.1	0.055
733832.3	733832.3	36691.615
50913.9664	55812.1891	5091.3966
148737.4848	5139494.5	379280.5862
55905.889	55905.889	2795.2945
46110.2141	46110.2141	2305.5107
734508.2	734508.2	36725.41
102167.6226	102167.6226	5108.3811
1537.848	1537.848	76.8924
1.1	1.1	0.055
1.1	1.1	0.11
102143.0534	102143.0534	5107.1527
102139.2009	102139.2009	5106.96
111150.7	111150.7	5557.535
734447.3	734447.3	36722.365
1.1	1.1	0.055
1.1	1.1	0.055
128510.5594	1469523.1	128510.5594
210523.3945	735169.0	52630.8486
1.1	1.1	0.055
1.1	1.1	0.055
892.4708	892.4708	44.6235
1.1	1.1	0.055
736.5564	736.5564	36.8278
1.1	1.1	0.055
735123.1	735123.1	36756.155
1.1	1.1	0.055
367601.25	735201.4	36760.125
1.1	1.1	0.055
1.1	1.1	0.055
1.1	1.1	0.055
691.9943	691.9943	34.5997
1.1	1.1	0.055
1.2	1.2	0.06
1.1	1.1	0.055
875.2134	875.2134	43.7607
1.1	1.1	0.055
1.1	1.1	0.055
632.893	632.893	31.6446
1.1	1.1	0.055
1.1	1.1	0.055
1.1	1.1	0.055
1.1	1.1	0.055
1.1	1.1	0.055
1.65	3.3	0.165
1.1	1.1	0.055
110925.8	110925.8	5546.29
1.1	1.1	0.055
1.2	1.2	0.06
1.1	1.1	0.055
735018.5	735018.5	36750.925
245004.9667	735011.6	36750.745
1.1	1.1	0.055
103996.2602	9556258.3	727973.8216
46698.4875	46698.4875	2334.9244
1192.1348	1192.1348	59.6067
55660.3722	55660.3722	2783.0186
482.508	482.508	24.1254
73129.8414	110819.9	10969.4762
55647.9555	55647.9555	2782.3978
46681.6375	46681.6375	2334.0819
33978.6848	55645.8888	5096.8027
78734.6361	101830.1833	7873.4636
296.2	296.2	14.81
1.1	1.1	0.055
530.0974	530.0974	26.5049
1.1	1.1	0.055
46615.2625	46615.2625	2330.7631
1.1	1.1	0.055
123961.7117	8100355.6	687987.4998
23541.3312	47081.5625	2354.1331
1.1	1.1	0.055
250.6345	521.775	62.6586
368821.2452	737358.9	36882.1245
28220.8805	111712.7774	5644.1761
1.1	1.1	0.11
46262.5829	46262.5829	2313.1291
52906.1675	111676.4775	7935.9251
25601.5619	55841.0054	5120.3124
1.1	1.1	0.055
512.8976	512.8976	25.6449
1.1	1.1	0.055
363.3978	504.6014	36.3398
1.1	1.1	0.055
737281.0	737281.0	36864.05
1.1	1.1	0.055
175805.3149	1474550.9	79112.3917
27218.8445	107251.2509	5443.7689
468.6552	468.6552	23.4328
55765.4721	55765.4721	2788.2736
226.7295	452.359	22.673
110598.0	110598.0	5529.9
101762.1387	101762.1387	5088.1069
1.1	1.1	0.055
181019.1565	1475996.5	99560.5361
215.3198	215.3198	10.766
107249.2625	107249.2625	5362.4631
150.7018	150.7018	7.5351
1.65	3.3	0.165
218.9881	218.9881	10.9494
407.0628	407.0628	20.3531
322.205	322.205	16.1103
55705.8721	55705.8721	2785.2936
55706.5221	55706.5221	2785.3261
1.1	1.1	0.055
1.1	1.1	0.055
158.2077	158.2077	7.9104
297199.2765	738297.3	44579.8915
1.1	1.1	0.11
1.1	1.1	0.055
23463.725	46872.65	2346.3725
46091.5781	46091.5781	2304.5789
1.1	1.1	0.055
110515.1	110515.1	5525.755
114101.491	34121733.6	3063625.034
118714.4842	51011705.5	4612057.7096
160015.3913	12102172.0	880084.6519
99846.0621	99846.0621	4992.3031
86020.2833	12878839.6	705366.3232
355.7666	355.7666	17.7883
65.15	130.3	6.515
65.8	65.8	3.29
622.0769	622.0769	31.1038
55.9	55.9	2.795
83001.9112	1515189.7	203354.6824
244.9088	244.9088	12.2454
757615.2	757615.2	37880.76
41.2	41.2	2.06
379101.8718	757614.6	37910.1872
50296.4652	50296.4652	2514.8233
31.0	31.0	1.55
35839.2296	107459.2887	5375.8844
15377.7325	107458.4278	5382.2064
32.7	68.7	4.905
35.0	35.0	1.75
18.5	18.5	0.925
19.1	19.1	0.955
19.2	19.2	0.96
91.6872	387.929	36.6749
1.1	1.1	0.055
757565.7	757565.7	37878.285
13184.4969	107407.5669	10547.5975
1.1	1.1	0.055
378776.45	757551.8	37877.645
99734.9025	99734.9025	4986.7451
240.9894	240.9894	12.0495
1.1	1.1	0.055
1.1	1.1	0.055
1.1	1.1	0.055
757521.9	757521.9	37876.095
1.1	1.1	0.055
129643.9328	12897375.7	1121420.0184
133598.331	30479511.7	2578447.7892
107639.5311	6118233.3	672747.0697
268786.3999	765145.4	53757.28
177377.6801	765742.9	79819.956
198576.8743	766397.1	69501.906
50397.888	200353.8051	12599.472
153304.8763	766400.4	38326.2191
1.1	1.1	0.055
1.1	1.1	0.055
134782.3565	8434864.7	714346.4896
56201.246	155407.0861	14050.3115
767169.2	767169.2	38358.46
77694.8605	102615.6836	7769.4861
102657.3311	102657.3311	5132.8666
1.1	1.1	0.055
107927.132	16077990.7836	809453.4903
131846.4433	13840653.0	1226171.9226
739.695	739.695	36.9848
853.035	853.035	42.6518
53466.4812	213865.925	10693.2962
53481.975	53481.975	2674.0988
151077.1955	2312827.8	188846.4943
71.7778	71.7778	3.5889
134806.7946	24124789.7	2419781.9628
150564.1416	2356746.0	263487.2478
421351.8158	1572517.2	84270.3632
37626.8465	112824.6889	5644.027
1.1	1.1	0.055
56323.6911	2359155.9	216846.2106
38423.1885	413981.6854	59555.9422
82885.7327	112904.2686	8288.5733
1.1	1.1	0.055
1.1	1.1	0.055
38063.0921	158587.2698	13322.0822
1.1	1.1	0.055
0.9067	0.9067	0.0453
122.0964	122.0964	6.1048
39334.5957	64081.9387	5900.1894
250.3256	1608.5588	100.1303
1.65	3.3	0.33
1.1	1.1	0.11
1.1	1.1	0.055
1.1	1.1	0.055
105369.8344	105369.8344	5268.4917
1.1	1.1	0.055
786315.6	786315.6	39315.78
1.1	1.1	0.11
786311.7	786311.7	39315.585
0.8519	1.1	0.0852
177334.4531	21532089.6	2057079.6557
121820.5253	33213581.4	3118605.4465
132744.2072	75864514.8	6776591.7777
28218.5214	115595.5531	11287.4086
56735.6812	113471.3625	5673.5681
1.1	1.1	0.055
1.1	1.1	0.11
115568.8256	115568.8256	5778.4413
140.2219	279.3437	14.0222
0.6038	0.6038	0.0302
1.1	1.1	0.055
1.2	1.2	0.06
1.1	1.1	0.055
0.7038	0.7038	0.0352
110150.8	110150.8	5507.54
1.1	1.1	0.055
328858.0734	7273808.5	526172.9174
368183.2552	5545993.2	423410.7435
175154.2049	681552.8647	52546.2615
228153.5422	27082944.6	1882266.7228
56785.1708	170355.5125	8517.7756
67266.2086	67266.2086	3363.3104
96448.6634	175786.8653	14467.2995
852.4943	12787.4149	639.3707
1.0538	1.0538	0.0527
0.6067	0.6067	0.0303
1.1	1.1	0.055
60250.1368	185707.3418	18075.041
206.4104	206.4104	10.3205
33259.3115	185704.8809	21618.5525
1.1	1.1	0.055
1.1	1.1	0.055
752434.75	1504868.4	75243.475
1504916.75	3009833.5	150491.675
1.0769	1.1	0.1077
1.1	1.1	0.055
228665.289	1504909.9	91466.1156
1.1	1.1	0.055
55528.8549	55528.8549	2776.4427
1.1	1.1	0.055
37810.6346	113431.2	5671.5952
1.1	1.1	0.055
1.1	1.1	0.055
1.1	1.1	0.055
110042.95	220085.9	11004.295
0.7038	0.7038	0.0352
110040.1	110040.1	5502.005
67176.9752	67176.9752	3358.8488
780174.0137	1504881.9	78017.4014
1.1	1.1	0.055
0.6067	0.6067	0.0303
1.1	1.1	0.055
1.1	1.1	0.055
185588.1534	185588.1534	9279.4077
0.6038	0.6038	0.0302
207636.9398	6019704.6	487946.8086
0.7038	0.7038	0.0352
0.7038	0.7038	0.0352
178155.9431	178155.9431	8907.7972
1.1	1.1	0.055
185546.6374	185546.6374	9277.3319
418.1652	835.2304	41.8165
1.1	1.1	0.055
67097.8252	67097.8252	3354.8913
214980.2194	36208317.3	3482679.5541
140713.7662	186493.5765	21107.0649
0.7038	0.7038	0.0352
1512206.8	1512206.8	75610.34
178583.577	12100828.6	964351.3159
188443.6634	4539840.0	329776.411
3340.5582	2485375.3315	124268.7666
191448.5531	116698309.0	9112951.1272
221331.9445	92670541.9	6684224.7245
59631.875	59631.875	2981.5938
58901.3381	58901.3381	2945.0669
59262.0213	59626.9875	5926.2021
789834.2971	1520770.8	78983.4297
1.1	1.1	0.055
1.1	1.1	0.055
1.1	1.1	0.055
1.1	1.1	0.055
65301.611	70998.6096	6530.1611
1.1	1.1	0.055
1520746.9	1520746.9	76037.345
760372.05	1520743.0	76037.205
220744.6767	41120646.0	2913829.733
260762.6393	105921849.9	9283149.9582
196844.7711	35553434.9	2824722.4653
1.1	1.1	0.055
1546754.6	1546754.6	77337.73
1.1	1.1	0.055
1.1	1.1	0.055
1.1	1.1	0.055
1.2	1.2	0.06
0.7038	0.7038	0.0352
1.4651	3.4667	0.293
189412.5799	189412.5799	9470.629
1.1	1.1	0.055
110892.7487	1546715.1	77624.9241
804683.1	1546847.7	80468.31
105427.9339	1546840.2	142327.7108
1.1	1.1	0.055
1.1	1.1	0.055
185176.0182	13922749.8	1185126.5167
189366.5159	189366.5159	9468.3258
1.1	1.1	0.055
189344.655	189344.655	9467.2327
295806.9809	41910393.9	4880815.1845
299260.4379	15591140.5	1780599.6056
185100.4063	370200.8126	18510.0406
1.1	1.1	0.055
1.1	1.1	0.055
1560705.6	1560705.6	78035.28
1.1	1.1	0.055
74582.9593	74582.9593	3729.148
78078.1789	312752.2125	39039.0894
1.1	1.1	0.055
199318.2569	14048673.0	1066352.6743
185122.4341	185122.4341	9256.1217
61723.4013	61723.4013	3086.1701
1.1	1.1	0.055
1.1	1.1	0.055
1.1	1.1	0.055
1.1	1.1	0.055
109627.2	109627.2	5481.36
1.1	1.1	0.055
1.1	1.1	0.055
1561114.7	1561114.7	78055.735
1.1	1.1	0.055
1.1	1.1	0.055
1.1	1.1	0.055
1.1	1.1	0.055
184999.5816	184999.5816	9249.9791
182420.2138	182420.2138	9121.0107
74595.9423	74595.9423	3729.7971
354027.5534	4683435.6	283222.0427
205343.2472	12491470.6	975380.4241
256363.343	42185539.5	2960996.6121
182451.011	182451.011	9122.5505
367632.0332	1563181.9	91908.0083
1.1	1.1	0.055
1.1	1.1	0.055
1.1	1.1	0.055
1.1	1.1	0.055
0.9893	1.0734	0.1979
109620.3	767342.1	38367.105
1.1	1.1	0.055
1.1	1.1	0.055
1.1	1.1	0.055
1.1	1.1	0.055
1.1	1.1	0.055
331670.4934	6254950.6	464338.6907
1.1	1.1	0.055
192267.7629	192267.7629	9613.3881
1.1	1.1	0.055
92593.6664	185186.2328	9259.3666
0.6038	0.6038	0.0302
2675.6709	5350.2418	267.5671
1.1	1.1	0.055
1.1	1.1	0.055
192201.902	192201.902	9610.0951
1.1	1.1	0.055
344215.5826	37684160.7	3648685.1752
342363.8054	93860930.1	9295177.3154
278411.6535	24133164.0	3507986.8347
132982.6114	11702469.8	585123.49
191714.9709	191714.9709	9585.7485
0.9038	0.9038	0.0452
1.0538	1.0538	0.0527
1.1	1.1	0.055
214999.69	62910252.3	4719243.1949
1.1	1.1	0.055
1613705.2	1613705.2	80685.26
1.1	1.1	0.055
806848.7	1613696.3	80684.87
201971.5437	201971.5437	10098.5772
1613707.2	1613707.2	80685.36
1.1	1.1	0.055
100960.9581	201920.8162	10096.0958
201919.9553	201919.9553	10095.9978
806825.2	1613649.3	80682.52
1613648.6	1613648.6	80682.43
201819.5167	17756978.6	1402645.6407
183079.4627	12918810.9	1080168.83
218390.5855	59775561.7	4324133.5927
1.1	1.1	0.055
0.9038	0.9038	0.0452
155799.8	155799.8	7789.99
191734.5973	191734.5973	9586.7299
195698.1091	195698.1091	9784.9055
0.6038	0.6038	0.0302
1.1	1.1	0.055
0.6038	0.6038	0.0302
667862.4643	1616168.4	100179.3697
1.1	1.1	0.11
1.2	1.2	0.06
247880.8218	58250653.5	4077639.5189
160836.7994	4860878.1	514677.7582
38336.6732	76672.4425	3833.6673
0.6038	0.6038	0.0302
205225.139	53482126.2	3375953.536
195762.6768	195762.6768	9788.1338
0.9067	0.9067	0.0453
1620905.5	1620905.5	81045.275
202004.3498	202004.3498	10100.2175
63935.2579	64512.0	6393.5258
1.0734	1.0734	0.0537
83949.4563	195731.0993	16789.8913
1620885.6	1620885.6	81044.28
1620885.7	1620885.7	81044.285
195741.4718	195741.4718	9787.0736
101001.5069	202001.8889	10100.1507
672878.7963	1620875.8	100931.8194
202021.1005	202021.1005	10101.055
191754.5073	191754.5073	9587.7254
1.1	1.1	0.055
101004.6698	202008.2396	10100.467
256892.4783	37301428.5	2556080.1589
1.1	1.1	0.11
68481.6875	77023.5247	10272.2531
63638.0298	63638.0298	3181.9015
1.1	1.1	0.055
195746.4508	195746.4508	9787.3225
64779.0875	64779.0875	3238.9544
336709.0523	3245582.1	202025.4314
148757.5326	1622870.9	156195.4092
334239.621	8124891.5	869023.0145
376036.2655	8140390.8	752072.5311
163091.202	578553.3336	48927.3606
98446.5433	196891.9865	9844.6543
1629114.7	1629114.7	81455.735
1629115.8	1629115.8	81455.79
610724.8923	1629123.5	91608.7338
1629115.6	1629115.6	81455.78
31805.5325	63609.9651	3180.5533
167015.8458	1629114.1	91858.7152
209883.9885	92925389.4	7314456.9977
185062.4566	47314100.0	2600127.515
192879.3798	192879.3798	9643.969
1.1	1.1	0.055
1.1	1.1	0.055
1.65	3.3	0.165
1631669.0	1631669.0	81583.45
387275.7845	3263304.5	193637.8922
0.6038	0.6038	0.0302
266767.888	9789911.1	640242.9313
158829.5155	3263383.9	182653.9428
1.1	1.1	0.055
1.1	1.1	0.055
204041.5259	13059295.8	1010005.5534
64382.2722	64382.2722	3219.1136
816489.75	1632978.4	81648.975
199915.2906	13069495.1	1089538.3339
99847.792	202936.1408	19969.5584
0.6038	0.6038	0.0302
1.1	1.1	0.055
0.906	2.1114	0.1359
1634283.6	1634283.6	81714.18
283190.7253	3268646.7	226552.5802
67616.9955	202849.2799	10142.5493
1.1	1.1	0.055
1634320.3	1634320.3	81716.015
155295.9	155295.9	7764.795
192672.2609	192672.2609	9633.613
69840.9776	131509.875	10476.1466
1.8734	1.8734	0.0937
218452.1155	1634532.5	163839.0866
227566.7576	35969833.3	2787692.7806
281551.3308	11449069.8	788343.7261
71641.8097	78383.1746	7164.181
113742.9615	196826.5017	17061.4442
115299.2878	1635672.7	184478.8606
2.4667	2.4667	0.1233
155260.45	310520.9	15526.045
48157.9099	192627.6264	9631.582
1557.4518	4669.817	233.6178
81898.9057	263900.7	32759.5623
234210.5476	47464978.5	3548289.7968
78743.8909	78743.8909	3937.1945
66304.275	66304.275	3315.2137
240371.9326	144758075.6	10540309.2449
1652141.0	1652141.0	82607.05
189178.9659	19835549.1	1693151.7445
82237.976	82237.976	4111.8988
1653796.1	1653796.1	82689.805
203963.4685	110522754.9953	5690580.7698
119141.2561	192908.5164	17871.1884
211867.4539	89477823.6	7330613.9033
70400.3226	70400.3226	3520.0161
83943.8097	83943.8097	4197.1905
1.4667	3.3	0.22
70381.1535	140762.307	7038.1153
71117.8625	71117.8625	3555.8931
1.1	1.1	0.055
223137.4353	3321027.6	267764.9224
75242.5644	84039.7265	11286.3847
234368.0281	94772745.3	7195098.4641
476593.7889	1664759.4	95318.7578
74806.2989	214053.7688	14961.2598
228439.6047	81835555.9	6567638.6345
249372.4912	463475655.0	35697672.121
215901.591	85143445.1	7761662.1979
89413.3177	89413.3177	4470.6659
195202.2103	195202.2103	9760.1105
255039.7874	69722163.9	4769244.0252
105583.2125	317134.2671	63349.9275
105748.6779	105748.6779	5287.4339
1.1	1.1	0.055
1.1	1.1	0.055
464327.055	3487488.6	208947.1748
212288.5898	5233201.8	488263.7565
119556.1457	398076.7143	47822.4583
243091.5489	15706369.8	1337003.5188
188024.6962	22672063.7504	1833240.7875
313760.322	3492454.2	407888.4186
980222.6821	1746904.4	98022.2682
207551.6286	10481689.5	591522.1417
181349.858	13977922.3	1269449.0057
265772.2892	52464869.1	4172624.941
656101.2585	1750125.0	98415.1888
1750309.9	1750309.9	87515.495
509957.3315	1750514.7	101991.4663
39134.0357	195663.5786	9783.5089
2.3	2.3	0.115
921231.3062	1750517.9	92123.1306
190404.6985	7002101.2	390329.632
450057.7239	1750562.2	112514.431
2619.8453	13095.7782	654.9613
2.4801	2.4801	0.124
1.34	1.34	0.067
27258.678	213708.4744	10903.4712
1.6067	1.6067	0.0803
1.0734	1.0734	0.0537
267546.2813	26261240.4	2060106.3657
195576.886	195576.886	9778.8443
278490.9508	15760896.0	1169661.9933
232907.4394	8758585.7	756949.1779
53413.1519	427292.0155	21365.2608
160153.775	640615.1	32030.755
48888.3966	195549.8425	9777.6793
117763.9829	427736.9126	41217.394
278542.5664	8761331.0	682429.2877
207171.6862	12268809.0	1201595.7798
256113.6252	75419589.9	6121115.6415
107787.7593	107787.7593	5389.388
1.65	3.3	0.165
1.0538	1.0538	0.0527
107725.126	107725.126	5386.2563
126581.9946	195532.9147	18987.2992
168298.7237	1754915.0	218788.3408
227610.0706	14042296.1	1217713.8778
1.1	1.1	0.11
1.1	1.1	0.055
167655.8373	22465882.2	1123294.11
91579.5601	91579.5601	4578.978
93078.0125	93078.0125	4653.9006
287549.4165	77271116.7	5750988.3307
85441.2558	427196.0789	21360.3139
1.7	1.7	0.085
1.0538	1.0538	0.0527
264087.0082	89638551.0	6932283.9662
203051.7468	12309378.2	832512.1621
351700.9	1758497.9	87925.225
0.7038	0.7038	0.0352
1.1	1.1	0.055
1.1	1.1	0.055
213618.7644	213618.7644	10680.9382
92566.6329	184109.8113	13884.9949
122957.3839	1758546.6	375020.0209
92121.7401	92121.7401	4606.087
101587.7921	213580.1876	25396.948
92123.7072	92123.7072	4606.1854
330981.824	1758557.6	132392.7296
1.34	1.34	0.067
153941.5017	82661463.4	5003098.8061
177524.2094	195294318.0	11503568.7702
