1156567	6000.0	0	500.0	0.6	0	12.0	12.6
1156779	6000.0	0	500.0	0.6	12.6	12.0	25.2
1156770	6000.0	0	500.0	0.6	25.2	12.0	37.8
1156836	6000.0	0	500.0	0.6	37.8	12.0	50.4
1157044	6000.0	0	500.0	0.6	50.4	12.0	63.0
1156799	5000.0	0	500.0	0.5	63.0	10.0	73.5
1156598	5000.0	0	500.0	0.5	73.5	10.0	84.0
1157269	6000.0	0	500.0	0.6	84.0	12.0	96.6
1157305	5000.0	0	500.0	0.5	96.6	10.0	107.1
1156695	5000.0	0	500.0	0.5	107.1	10.0	117.6
1156673	5000.0	0	500.0	0.5	117.6	10.0	128.1
1156674	4000.0	0	500.0	0.4	128.1	8.0	136.5
1156735	5000.0	0	500.0	0.5	136.5	10.0	147.0
1156913	7000.0	0	500.0	0.7	147.0	14.0	161.7
1157183	5000.0	0	500.0	0.5	161.7	10.0	172.2
1157193	5000.0	0	500.0	0.5	172.2	10.0	182.7
1157019	8000.0	0	500.0	0.8	182.7	16.0	199.5
1157097	7000.0	3	1000.0	0.7	0	7.0	7.7
1156591	11000.0	3	1000.0	1.1	7.7	11.0	19.8
1157058	6000.0	4	4000.0	0.6038	0	1.5	2.1038
1157238	7000.0	5	4000.0	0.7038	0	1.75	2.4538
1156590	5000.0	5	4000.0	0.5038	2.4538	1.25	4.2076
1157057	5000.0	8	5000.0	0.5067	0	1.0	1.5067
1157060	6000.0	8	5000.0	0.6067	1.5067	1.2	3.3133999999999997
1156565	5000.0	9	6000.0	0.5067	0	0.8333	1.34
1156576	4000.0	9	6000.0	0.4067	1.34	0.6667	2.4134
1157242	5000.0	9	6000.0	0.5067	2.4134	0.8333	3.7534
1156584	4000.0	9	6000.0	0.4067	3.7534	0.6667	4.8267999999999995
1156761	4000.0	9	6000.0	0.4067	4.8268	0.6667	5.9002
1156593	5000.0	9	6000.0	0.5067	5.9002	0.8333	7.240200000000001
1156846	5000.0	9	6000.0	0.5067	7.2402	0.8333	8.5802
1156823	6000.0	9	6000.0	0.6067	8.5802	1.0	10.1869
1156808	5000.0	9	6000.0	0.5067	10.1869	0.8333	11.5269
1156791	5000.0	9	6000.0	0.5067	11.5269	0.8333	12.8669
1157304	7000.0	9	6000.0	0.7067	12.8669	1.1667	14.7403
1156745	6000.0	9	6000.0	0.6067	14.7403	1.0	16.347
1156931	6000.0	9	6000.0	0.6067	16.347	1.0	17.9537
1156930	5000.0	9	6000.0	0.5067	17.9537	0.8333	19.2937
1157188	6000.0	9	6000.0	0.6067	19.2937	1.0	20.9004
1156935	5000.0	9	6000.0	0.5067	20.9004	0.8333	22.2404
1156961	6000.0	9	6000.0	0.6067	22.2404	1.0	23.8471
1157198	4000.0	9	6000.0	0.4067	23.8471	0.6667	24.9205
1156782	5000.0	10	6000.0	0.5067	0	0.8333	1.34
1157225	5000.0	10	6000.0	0.5067	1.34	0.8333	2.68
1156786	5000.0	10	6000.0	0.5067	2.68	0.8333	4.0200000000000005
1157301	5000.0	10	6000.0	0.5067	4.02	0.8333	5.36
1156707	6000.0	10	6000.0	0.6067	5.36	1.0	6.9667
1157266	7000.0	10	6000.0	0.7067	6.9667	1.1667	8.8401
1156636	7000.0	10	6000.0	0.7067	8.8401	1.1667	10.7135
1156621	5000.0	10	6000.0	0.5067	10.7135	0.8333	12.0535
1157087	5000.0	10	6000.0	0.5067	12.0535	0.8333	13.3935
1157311	6000.0	10	6000.0	0.6067	13.3935	1.0	15.0002
1156904	5000.0	10	6000.0	0.5067	15.0002	0.8333	16.3402
1156998	7000.0	10	6000.0	0.7067	16.3402	1.1667	18.2136
1157317	6000.0	10	6000.0	0.6067	18.2136	1.0	19.8203
1156983	6000.0	10	6000.0	0.6067	19.8203	1.0	21.427
1157320	4000.0	10	6000.0	0.4067	21.427	0.6667	22.5004
1156989	4000.0	10	6000.0	0.4067	22.5004	0.6667	23.5738
1157323	7000.0	10	6000.0	0.7067	23.5738	1.1667	25.4472
1156940	6000.0	10	6000.0	0.6067	25.4472	1.0	27.0539
1156878	6000.0	10	6000.0	0.6067	27.0539	1.0	28.6606
1156881	5000.0	10	6000.0	0.5067	28.6606	0.8333	30.0006
1156895	5000.0	10	6000.0	0.5067	30.0006	0.8333	31.3406
1157049	5000.0	11	6000.0	0.5067	0	0.8333	1.34
1156679	5000.0	11	6000.0	0.5067	1.34	0.8333	2.68
1157230	7000.0	11	6000.0	0.7067	2.68	1.1667	4.5534
1156548	6000.0	11	6000.0	0.6067	4.5534	1.0	6.1601
1156642	5000.0	11	6000.0	0.5067	6.1601	0.8333	7.500100000000001
1156682	5000.0	11	6000.0	0.5067	7.5001	0.8333	8.8401
1156600	5000.0	11	6000.0	0.5067	8.8401	0.8333	10.1801
1156739	5000.0	11	6000.0	0.5067	10.1801	0.8333	11.5201
1156622	5000.0	11	6000.0	0.5067	11.5201	0.8333	12.8601
1156710	6000.0	11	6000.0	0.6067	12.8601	1.0	14.4668
1157112	4000.0	11	6000.0	0.4067	14.4668	0.6667	15.5402
1157170	4000.0	11	6000.0	0.4067	15.5402	0.6667	16.6136
1156469	7000.0	11	6000.0	0.7067	16.6136	1.1667	18.487000000000002
1156477	7000.0	11	6000.0	0.7067	18.487	1.1667	20.3604
1156857	5000.0	11	6000.0	0.5067	20.3604	0.8333	21.7004
1156773	7000.0	12	6000.0	0.7	0	1.1667	1.8667
1156582	7000.0	12	6000.0	0.7	1.8667	1.1667	3.7334
1156586	6000.0	12	6000.0	0.6	3.7334	1.0	5.3334
1157048	4000.0	12	6000.0	0.4	5.3334	0.6667	6.4001
1156519	7000.0	12	6000.0	0.7	6.4001	1.1667	8.2668
1157222	7000.0	12	6000.0	0.7	8.2668	1.1667	10.1335
1157229	7000.0	12	6000.0	0.7	10.1335	1.1667	12.0002
1157101	6000.0	12	6000.0	0.6	12.0002	1.0	13.6002
1157047	4000.0	12	6000.0	0.4	13.6002	0.6667	14.6669
1156655	5000.0	12	6000.0	0.5	14.6669	0.8333	16.0002
1157298	7000.0	12	6000.0	0.7	16.0002	1.1667	17.866899999999998
1157294	5000.0	12	6000.0	0.5	17.8669	0.8333	19.200200000000002
1156530	4000.0	12	6000.0	0.4	19.2002	0.6667	20.266899999999996
1157168	5000.0	12	6000.0	0.5	20.2669	0.8333	21.6002
1157010	6000.0	12	6000.0	0.6	21.6002	1.0	23.200200000000002
1156915	6000.0	12	6000.0	0.6	23.2002	1.0	24.8002
1156986	7000.0	12	6000.0	0.7	24.8002	1.1667	26.6669
1156963	4000.0	12	6000.0	0.4	26.6669	0.6667	27.733599999999996
1156474	5000.0	12	6000.0	0.5	27.7336	0.8333	29.0669
1156867	5000.0	12	6000.0	0.5	29.0669	0.8333	30.4002
1156861	4000.0	12	6000.0	0.4	30.4002	0.6667	31.4669
1156507	4000.0	12	6000.0	0.4	31.4669	0.6667	32.5336
1156884	5000.0	12	6000.0	0.5	32.5336	0.8333	33.8669
1157023	4000.0	12	6000.0	0.4	33.8669	0.6667	34.9336
1157244	5000.0	13	8000.0	0.5	0	0.625	1.125
1156748	4000.0	13	8000.0	0.4	1.125	0.5	2.025
1157071	5000.0	13	8000.0	0.5	2.025	0.625	3.15
1157217	5000.0	13	8000.0	0.5	3.15	0.625	4.275
1156525	7000.0	13	8000.0	0.7	4.275	0.875	5.8500000000000005
1156645	6000.0	13	8000.0	0.6	5.85	0.75	7.199999999999999
1156654	6000.0	13	8000.0	0.6	7.2	0.75	8.55
1156687	5000.0	13	8000.0	0.5	8.55	0.625	9.675
1156672	5000.0	13	8000.0	0.5	9.675	0.625	10.8
1156599	5000.0	13	8000.0	0.5	10.8	0.625	11.925
1156616	4000.0	13	8000.0	0.4	11.925	0.5	12.825000000000001
1157253	4000.0	13	8000.0	0.4	12.825	0.5	13.725
1156850	4000.0	13	8000.0	0.4	13.725	0.5	14.625
1156918	5000.0	13	8000.0	0.5	14.625	0.625	15.75
1157180	5000.0	13	8000.0	0.5	15.75	0.625	16.875
1156906	5000.0	13	8000.0	0.5	16.875	0.625	18.0
1157333	5000.0	13	8000.0	0.5	18.0	0.625	19.125
1157173	5000.0	13	8000.0	0.5	19.125	0.625	20.25
1156970	6000.0	13	8000.0	0.6	20.25	0.75	21.6
1157318	5000.0	13	8000.0	0.5	21.6	0.625	22.725
1156949	5000.0	13	8000.0	0.5	22.725	0.625	23.85
1157191	6000.0	13	8000.0	0.6	23.85	0.75	25.200000000000003
1157332	6000.0	13	8000.0	0.6	25.2	0.75	26.55
1156875	7000.0	13	8000.0	0.7	26.55	0.875	28.125
1156495	6000.0	13	8000.0	0.6	28.125	0.75	29.475
1157024	4000.0	13	8000.0	0.4	29.475	0.5	30.375
1157021	5000.0	13	8000.0	0.5	30.375	0.625	31.5
1157208	5000.0	13	8000.0	0.5	31.5	0.625	32.625
1157334	4000.0	13	8000.0	0.4	32.625	0.5	33.525
1157050	8000.0	14	12000.0	0.8	0	0.6667	1.4667
1156596	5000.0	14	12000.0	0.5	1.4667	0.4167	2.3834
1156667	4000.0	14	12000.0	0.4	2.3834	0.3333	3.1167
1157254	6000.0	14	12000.0	0.6	3.1167	0.5	4.2166999999999994
1156633	4000.0	14	12000.0	0.4	4.2167	0.3333	4.950000000000001
1156920	6000.0	14	12000.0	0.6	4.95	0.5	6.05
1157161	5000.0	14	12000.0	0.5	6.05	0.4167	6.9666999999999994
1156909	4000.0	14	12000.0	0.4	6.9667	0.3333	7.700000000000001
1156973	5000.0	14	12000.0	0.5	7.7	0.4167	8.6167
1157128	5000.0	14	12000.0	0.5	8.6167	0.4167	9.5334
1156988	5000.0	14	12000.0	0.5	9.5334	0.4167	10.4501
1156953	5000.0	14	12000.0	0.5	10.4501	0.4167	11.366800000000001
1156897	4000.0	14	12000.0	0.4	11.3668	0.3333	12.1001
1156526	8000.0	15	16000.0	0.8	0	0.5	1.3
1157034	9000.0	15	16000.0	0.9	1.3	0.5625	2.7625
1156806	8000.0	15	16000.0	0.8	2.7625	0.5	4.0625
1157042	6000.0	15	16000.0	0.6	4.0625	0.375	5.0375
1156553	5000.0	15	16000.0	0.5	5.0375	0.3125	5.85
1156653	7000.0	15	16000.0	0.7	5.85	0.4375	6.9875
1157073	6000.0	15	16000.0	0.6	6.9875	0.375	7.9624999999999995
1156732	4000.0	15	16000.0	0.4	7.9625	0.25	8.6125
1156637	6000.0	15	16000.0	0.6	8.6125	0.375	9.5875
1157177	8000.0	15	16000.0	0.8	9.5875	0.5	10.887500000000001
1156901	8000.0	15	16000.0	0.8	10.8875	0.5	12.1875
1156948	7000.0	15	16000.0	0.7	12.1875	0.4375	13.325
1157209	7000.0	15	16000.0	0.7	13.325	0.4375	14.462499999999999
1156874	8000.0	15	16000.0	0.8	14.4625	0.5	15.762500000000001
1156494	5000.0	15	16000.0	0.5	15.7625	0.3125	16.575
1156864	9000.0	15	16000.0	0.9	16.575	0.5625	18.037499999999998
1156505	4000.0	15	16000.0	0.4	18.0375	0.25	18.6875
1156856	5000.0	15	16000.0	0.5	18.6875	0.3125	19.5
1157281	5000.0	15	16000.0	0.5	19.5	0.3125	20.3125
1157195	5000.0	15	16000.0	0.5	20.3125	0.3125	21.125
1156684	10000.0	16	18000.0	1.0058	0	0.5556	1.5614
1156783	7000.0	16	18000.0	0.7058	1.5614	0.3889	2.6561
1157236	8000.0	16	18000.0	0.8058	2.6561	0.4444	3.9063
1157232	5000.0	16	18000.0	0.5058	3.9063	0.2778	4.6899
1157091	4000.0	16	18000.0	0.4058	4.6899	0.2222	5.3179
1157308	4000.0	16	18000.0	0.4058	5.3179	0.2222	5.9459
1156690	4000.0	16	18000.0	0.4058	5.9459	0.2222	6.5739
1157293	5000.0	16	18000.0	0.5058	6.5739	0.2778	7.3575
1156604	8000.0	16	18000.0	0.8058	7.3575	0.4444	8.6077
1157248	4000.0	16	18000.0	0.4058	8.6077	0.2222	9.2357
1156623	5000.0	16	18000.0	0.5058	9.2357	0.2778	10.0193
1156722	4000.0	16	18000.0	0.4058	10.0193	0.2222	10.6473
1157265	4000.0	16	18000.0	0.4058	10.6473	0.2222	11.2753
1157316	7000.0	16	18000.0	0.7058	11.2753	0.3889	12.37
1156981	5000.0	16	18000.0	0.5058	12.37	0.2778	13.153599999999999
1156472	6000.0	16	18000.0	0.6058	13.1536	0.3333	14.0927
1157088	5000.0	17	24000.0	0.5058	0	0.2083	0.7141000000000001
1157041	4000.0	17	24000.0	0.4058	0.7141	0.1667	1.2866
1156698	4000.0	17	24000.0	0.4058	1.2866	0.1667	1.8591
1156626	5000.0	17	24000.0	0.5058	1.8591	0.2083	2.5732
1156635	7000.0	17	24000.0	0.7058	2.5732	0.2917	3.5707
1156855	7000.0	17	24000.0	0.7058	3.5707	0.2917	4.5682
1156853	4000.0	17	24000.0	0.4058	4.5682	0.1667	5.1407
1157144	5000.0	17	24000.0	0.5058	5.1407	0.2083	5.8548
1156899	5000.0	17	24000.0	0.5058	5.8548	0.2083	6.5689
1156873	4000.0	17	24000.0	0.4058	6.5689	0.1667	7.1414
1156506	6000.0	17	24000.0	0.6058	7.1414	0.25	7.9972
1156563	5000.0	18	30000.0	0.5058	0	0.1667	0.6725
1157233	6000.0	18	30000.0	0.6058	0.6725	0.2	1.4783
1156595	4000.0	18	30000.0	0.4058	1.4783	0.1333	2.0174
1156844	5000.0	18	30000.0	0.5058	2.0174	0.1667	2.6899
1156531	6000.0	18	30000.0	0.6058	2.6899	0.2	3.4957000000000003
1157268	4000.0	18	30000.0	0.4058	3.4957	0.1333	4.0348
1156691	7000.0	18	30000.0	0.7058	4.0348	0.2333	4.9738999999999995
1156661	4000.0	18	30000.0	0.4058	4.9739	0.1333	5.513000000000001
1157286	5000.0	18	30000.0	0.5058	5.513	0.1667	6.185499999999999
1156742	5000.0	18	30000.0	0.5058	6.1855	0.1667	6.858
1156730	5000.0	18	30000.0	0.5058	6.858	0.1667	7.530499999999999
1156631	6000.0	18	30000.0	0.6058	7.5305	0.2	8.3363
1156917	5000.0	18	30000.0	0.5058	8.3363	0.1667	9.0088
1156914	5000.0	18	30000.0	0.5058	9.0088	0.1667	9.681300000000002
1157127	6000.0	18	30000.0	0.6058	9.6813	0.2	10.4871
1157140	7000.0	18	30000.0	0.7058	10.4871	0.2333	11.4262
1157141	7000.0	18	30000.0	0.7058	11.4262	0.2333	12.3653
1156485	6000.0	18	30000.0	0.6058	12.3653	0.2	13.1711
1156497	4000.0	18	30000.0	0.4058	13.1711	0.1333	13.710199999999999
1156468	6000.0	18	30000.0	0.6058	13.7102	0.2	14.516
1157016	5000.0	18	30000.0	0.5058	14.516	0.1667	15.188500000000001
1156785	5000.0	19	30000.0	0.5058	0	0.1667	0.6725
1156532	6000.0	19	30000.0	0.6058	0.6725	0.2	1.4783
1156801	5000.0	19	30000.0	0.5058	1.4783	0.1667	2.1508
1157100	7000.0	19	30000.0	0.7058	2.1508	0.2333	3.0898999999999996
1156848	5000.0	19	30000.0	0.5058	3.0899	0.1667	3.7624
1156704	5000.0	19	30000.0	0.5058	3.7624	0.1667	4.4349
1157288	5000.0	19	30000.0	0.5058	4.4349	0.1667	5.107399999999999
1157247	5000.0	19	30000.0	0.5058	5.1074	0.1667	5.7799
1156608	5000.0	19	30000.0	0.5058	5.7799	0.1667	6.452399999999999
1157250	6000.0	19	30000.0	0.6058	6.4524	0.2	7.2582
1157081	4000.0	19	30000.0	0.4058	7.2582	0.1333	7.797300000000001
1156628	5000.0	19	30000.0	0.5058	7.7973	0.1667	8.469800000000001
1157109	4000.0	19	30000.0	0.4058	8.4698	0.1333	9.008899999999999
1157186	5000.0	19	30000.0	0.5058	9.0089	0.1667	9.681400000000002
1156937	6000.0	19	30000.0	0.6058	9.6814	0.2	10.4872
1156968	7000.0	19	30000.0	0.7058	10.4872	0.2333	11.4263
1156966	5000.0	19	30000.0	0.5058	11.4263	0.1667	12.0988
1157322	7000.0	19	30000.0	0.7058	12.0988	0.2333	13.0379
1156996	4000.0	19	30000.0	0.4058	13.0379	0.1333	13.577
1157337	6000.0	19	30000.0	0.6058	13.577	0.2	14.3828
1156860	5000.0	19	30000.0	0.5058	14.3828	0.1667	15.0553
1157030	6000.0	19	30000.0	0.6058	15.0553	0.2	15.8611
1156880	5000.0	19	30000.0	0.5058	15.8611	0.1667	16.5336
1156905	5000.0	0	500.0	0.5	198.5	10.0	209.0
1156510	5000.0	0	500.0	0.5	209.0	10.0	219.5
1157106	5000.0	0	500.0	0.5	219.5	10.0	230.0
1157199	4000.0	0	500.0	0.4	230.0	8.0	238.4
1156649	5000.0	0	500.0	0.5	238.4	10.0	248.9
1156902	5000.0	9	6000.0	0.5067	23.9205	0.8333	25.2605
1157292	4000.0	9	6000.0	0.4067	25.2605	0.6667	26.3339
1156759	5000.0	9	6000.0	0.5067	26.3339	0.8333	27.6739
1156729	5000.0	9	6000.0	0.5067	27.6739	0.8333	29.0139
1157011	5000.0	9	6000.0	0.5067	29.0139	0.8333	30.3539
1156893	7000.0	9	6000.0	0.7067	30.3539	1.1667	32.2273
1157079	4000.0	9	6000.0	0.4067	32.2273	0.6667	33.3007
1157306	6000.0	9	6000.0	0.6067	33.3007	1.0	34.907399999999996
1156588	7000.0	9	6000.0	0.7067	34.9074	1.1667	36.7808
1156837	6000.0	10	6000.0	0.6067	30.3406	1.0	31.9473
1156932	5000.0	10	6000.0	0.5067	31.9473	0.8333	33.2873
1157084	6000.0	10	6000.0	0.6067	33.2873	1.0	34.894000000000005
1156934	5000.0	10	6000.0	0.5067	34.894	0.8333	36.234
1156720	4000.0	10	6000.0	0.4067	36.234	0.6667	37.3074
1157214	6000.0	10	6000.0	0.6067	37.3074	1.0	38.914100000000005
1156581	5000.0	10	6000.0	0.5067	38.9141	0.8333	40.2541
1156592	4000.0	10	6000.0	0.4067	40.2541	0.6667	41.3275
1157116	6000.0	10	6000.0	0.6067	41.3275	1.0	42.934200000000004
1157162	5000.0	10	6000.0	0.5067	42.9342	0.8333	44.2742
1156924	6000.0	11	6000.0	0.6067	20.7004	1.0	22.3071
1157280	6000.0	11	6000.0	0.6067	22.3071	1.0	23.9138
1156560	4000.0	11	6000.0	0.4067	23.9138	0.6667	24.987199999999998
1157099	6000.0	11	6000.0	0.6067	24.9872	1.0	26.5939
1156606	5000.0	11	6000.0	0.5067	26.5939	0.8333	27.9339
1157133	6000.0	11	6000.0	0.6067	27.9339	1.0	29.5406
1157174	5000.0	11	6000.0	0.5067	29.5406	0.8333	30.8806
1157279	5000.0	11	6000.0	0.5067	30.8806	0.8333	32.2206
1156669	6000.0	11	6000.0	0.6067	32.2206	1.0	33.827299999999994
1156976	6000.0	12	6000.0	0.6	33.9336	1.0	35.5336
1156896	6000.0	12	6000.0	0.6	35.5336	1.0	37.1336
1156769	7000.0	12	6000.0	0.7	37.1336	1.1667	39.0003
1157252	4000.0	12	6000.0	0.4	39.0003	0.6667	40.067
1157143	5000.0	12	6000.0	0.5	40.067	0.8333	41.4003
1157151	6000.0	12	6000.0	0.6	41.4003	1.0	43.0003
1156508	6000.0	12	6000.0	0.6	43.0003	1.0	44.600300000000004
1157262	4000.0	12	6000.0	0.4	44.6003	0.6667	45.666999999999994
1156771	5000.0	13	8000.0	0.5	32.525	0.625	33.65
1156708	5000.0	13	8000.0	0.5	33.65	0.625	34.775
1157045	4000.0	13	8000.0	0.4	34.775	0.5	35.675
1157310	6000.0	13	8000.0	0.6	35.675	0.75	37.025
1156509	5000.0	13	8000.0	0.5	37.025	0.625	38.15
1156533	5000.0	13	8000.0	0.5	38.15	0.625	39.275
1157145	4000.0	13	8000.0	0.4	39.275	0.5	40.175
1157152	4000.0	13	8000.0	0.4	40.175	0.5	41.074999999999996
1156617	5000.0	13	8000.0	0.5	41.075	0.625	42.2
1157092	5000.0	13	8000.0	0.5	42.2	0.625	43.325
1156699	5000.0	14	12000.0	0.5	11.1001	0.4167	12.0168
1157285	5000.0	14	12000.0	0.5	12.0168	0.4167	12.9335
1156872	4000.0	14	12000.0	0.4	12.9335	0.3333	13.6668
1156528	4000.0	14	12000.0	0.4	13.6668	0.3333	14.4001
1156537	7000.0	14	12000.0	0.7	14.4001	0.5833	15.683399999999999
1156556	6000.0	14	12000.0	0.6	15.6834	0.5	16.7834
1156597	8000.0	14	12000.0	0.8	16.7834	0.6667	18.2501
1157150	9000.0	14	12000.0	0.9	18.2501	0.75	19.9001
1157211	6000.0	14	12000.0	0.6	19.9001	0.5	21.0001
1156978	4000.0	14	12000.0	0.4	21.0001	0.3333	21.7334
1156660	5000.0	14	12000.0	0.5	21.7334	0.4167	22.6501
1156618	6000.0	14	12000.0	0.6	22.6501	0.5	23.7501
1157078	8000.0	15	16000.0	0.8	20.125	0.5	21.425
1156753	4000.0	15	16000.0	0.4	21.425	0.25	22.075
1156928	4000.0	15	16000.0	0.4	22.075	0.25	22.724999999999998
1156912	10000.0	15	16000.0	1.0	22.725	0.625	24.35
1157328	5000.0	15	16000.0	0.5	24.35	0.3125	25.1625
1156938	6000.0	15	16000.0	0.6	25.1625	0.375	26.137500000000003
1156870	5000.0	15	16000.0	0.5	26.1375	0.3125	26.95
1156566	7000.0	15	16000.0	0.7	26.95	0.4375	28.0875
1157094	4000.0	15	16000.0	0.4	28.0875	0.25	28.737499999999997
1157137	10000.0	15	16000.0	1.0	28.7375	0.625	30.3625
1157207	5000.0	15	16000.0	0.5	30.3625	0.3125	31.175
1156476	6000.0	15	16000.0	0.6	31.175	0.375	32.150000000000006
1156491	7000.0	15	16000.0	0.7	32.15	0.4375	33.2875
1157026	7000.0	16	18000.0	0.7058	13.0927	0.3889	14.1874
1157313	4000.0	16	18000.0	0.4058	14.1874	0.2222	14.8154
1157056	9000.0	16	18000.0	0.9058	14.8154	0.5	16.2212
1157028	5000.0	16	18000.0	0.5058	16.2212	0.2778	17.0048
1156952	5000.0	16	18000.0	0.5058	17.0048	0.2778	17.7884
1157080	5000.0	16	18000.0	0.5058	17.7884	0.2778	18.572
1156886	5000.0	16	18000.0	0.5058	18.572	0.2778	19.3556
1156612	10000.0	16	18000.0	1.0058	19.3556	0.5556	20.916999999999998
1157237	9000.0	16	18000.0	0.9058	20.917	0.5	22.3228
1156498	4000.0	16	18000.0	0.4058	22.3228	0.2222	22.9508
1157261	4000.0	16	18000.0	0.4058	22.9508	0.2222	23.5788
1156752	6000.0	17	24000.0	0.6058	6.9972	0.25	7.853000000000001
1156842	6000.0	17	24000.0	0.6058	7.853	0.25	8.7088
1156790	4000.0	17	24000.0	0.4058	8.7088	0.1667	9.2813
1156933	6000.0	17	24000.0	0.6058	9.2813	0.25	10.1371
1156802	9000.0	17	24000.0	0.9058	10.1371	0.375	11.4179
1157231	6000.0	17	24000.0	0.6058	11.4179	0.25	12.2737
1156580	5000.0	17	24000.0	0.5058	12.2737	0.2083	12.9878
1157212	6000.0	17	24000.0	0.6058	12.9878	0.25	13.8436
1157157	4000.0	17	24000.0	0.4058	13.8436	0.1667	14.4161
1156466	5000.0	17	24000.0	0.5058	14.4161	0.2083	15.1302
1156492	6000.0	17	24000.0	0.6058	15.1302	0.25	15.986
1156646	7000.0	17	24000.0	0.7058	15.986	0.2917	16.9835
1156657	6000.0	17	24000.0	0.6058	16.9835	0.25	17.839299999999998
1157277	4000.0	17	24000.0	0.4058	17.8393	0.1667	18.4118
1157066	6000.0	18	30000.0	0.6058	14.1885	0.2	14.994299999999999
1156866	6000.0	18	30000.0	0.6058	14.9943	0.2	15.8001
1156980	8000.0	18	30000.0	0.8058	15.8001	0.2667	16.872600000000002
1156972	4000.0	18	30000.0	0.4058	16.8726	0.1333	17.411699999999996
1157339	5000.0	18	30000.0	0.5058	17.4117	0.1667	18.0842
1156728	5000.0	18	30000.0	0.5058	18.0842	0.1667	18.7567
1156994	5000.0	18	30000.0	0.5058	18.7567	0.1667	19.429199999999998
1156993	8000.0	18	30000.0	0.8058	19.4292	0.2667	20.501700000000003
1156871	7000.0	18	30000.0	0.7058	20.5017	0.2333	21.4408
1156522	4000.0	18	30000.0	0.4058	21.4408	0.1333	21.979899999999997
1156549	12000.0	18	30000.0	1.2058	21.9799	0.4	23.5857
1157213	6000.0	18	30000.0	0.6058	23.5857	0.2	24.391499999999997
1156504	5000.0	18	30000.0	0.5058	24.3915	0.1667	25.064
1157118	5000.0	18	30000.0	0.5058	25.064	0.1667	25.7365
1157166	6000.0	18	30000.0	0.6058	25.7365	0.2	26.542299999999997
1156483	4000.0	18	30000.0	0.4058	26.5423	0.1333	27.0814
1156614	6000.0	18	30000.0	0.6058	27.0814	0.2	27.887199999999996
1156641	4000.0	18	30000.0	0.4058	27.8872	0.1333	28.426299999999998
1156828	5000.0	19	30000.0	0.5058	15.5336	0.1667	16.2061
1156955	4000.0	19	30000.0	0.4058	16.2061	0.1333	16.745199999999997
1156954	6000.0	19	30000.0	0.6058	16.7452	0.2	17.551
1156738	10000.0	19	30000.0	1.0058	17.551	0.3333	18.8901
1157246	5000.0	19	30000.0	0.5058	18.8901	0.1667	19.5626
1156609	5000.0	19	30000.0	0.5058	19.5626	0.1667	20.2351
1156499	10000.0	19	30000.0	1.0058	20.2351	0.3333	21.5742
1156624	5000.0	19	30000.0	0.5058	21.5742	0.1667	22.2467
1156921	12000.0	0	500.0	1.2	247.9	24.0	273.1
1157003	7000.0	0	500.0	0.7	273.1	14.0	287.8
1157006	6000.0	0	500.0	0.6	287.8	12.0	300.40000000000003
1157083	11000.0	0	500.0	1.1	300.4	22.0	323.5
1157295	4000.0	0	500.0	0.4	323.5	8.0	331.9
1157065	1000.0	2	1000.0	0.1	0	1.0	1.1
1157226	1000.0	3	1000.0	0.1	17.8	1.0	18.900000000000002
1157117	2000.0	4	4000.0	0.2038	0.1038	0.5	0.8076
1156803	3000.0	5	4000.0	0.3038	2.2076	0.75	3.2613999999999996
1157147	2000.0	7	5000.0	0.2038	0	0.4	0.6038
1156865	2000.0	7	5000.0	0.2038	0.6038	0.4	1.2076
1157335	2000.0	7	5000.0	0.2038	1.2076	0.4	1.8114
1156763	3000.0	7	5000.0	0.3038	1.8114	0.6	2.7152
1156569	5000.0	11	6000.0	0.5067	32.8273	0.8333	34.167300000000004
1156746	5000.0	11	6000.0	0.5067	34.1673	0.8333	35.5073
1157202	6000.0	11	6000.0	0.6067	35.5073	1.0	37.114000000000004
1157136	7000.0	11	6000.0	0.7067	37.114	1.1667	38.987399999999994
1156817	7000.0	12	6000.0	0.7	44.667	1.1667	46.5337
1156964	5000.0	12	6000.0	0.5	46.5337	0.8333	47.867000000000004
1157123	5000.0	12	6000.0	0.5	47.867	0.8333	49.2003
1157153	5000.0	13	8000.0	0.5	42.325	0.625	43.45
1157025	6000.0	13	8000.0	0.6	43.45	0.75	44.800000000000004
1156535	6000.0	13	8000.0	0.6	44.8	0.75	46.15
1156834	10000.0	14	12000.0	1.0	22.7501	0.8333	24.5834
1157210	5000.0	14	12000.0	0.5	24.5834	0.4167	25.5001
1156726	5000.0	14	12000.0	0.5	25.5001	0.4167	26.4168
1156767	9000.0	14	12000.0	0.9	26.4168	0.75	28.066799999999997
1156516	18000.0	15	16000.0	1.8	32.2875	1.125	35.2125
1156564	6000.0	15	16000.0	0.6	35.2125	0.375	36.1875
1157031	5000.0	15	16000.0	0.5	36.1875	0.3125	37.0
1156700	2000.0	15	16000.0	0.2	37.0	0.125	37.325
1157196	8000.0	15	16000.0	0.8	37.325	0.5	38.625
1156772	2000.0	16	18000.0	0.2058	22.5788	0.1111	22.8957
1156838	8000.0	16	18000.0	0.8058	22.8957	0.4444	24.145900000000005
1157036	2000.0	16	18000.0	0.2058	24.1459	0.1111	24.4628
1156470	7000.0	16	18000.0	0.7058	24.4628	0.3889	25.5575
1156956	10000.0	16	18000.0	1.0058	25.5575	0.5556	27.1189
1157146	2000.0	16	18000.0	0.2058	27.1189	0.1111	27.4358
1156573	4000.0	17	24000.0	0.4058	17.4118	0.1667	17.984299999999998
1156568	6000.0	17	24000.0	0.6058	17.9843	0.25	18.8401
1157271	4000.0	17	24000.0	0.4058	18.8401	0.1667	19.412599999999998
1157276	2000.0	17	24000.0	0.2058	19.4126	0.0833	19.701700000000002
1156815	9000.0	17	24000.0	0.9058	19.7017	0.375	20.982499999999998
1156465	6000.0	17	24000.0	0.6058	20.9825	0.25	21.8383
1156885	2000.0	17	24000.0	0.2058	21.8383	0.0833	22.1274
1156520	7000.0	18	30000.0	0.7058	27.4263	0.2333	28.3654
1156854	4000.0	18	30000.0	0.4058	28.3654	0.1333	28.9045
1156947	5000.0	18	30000.0	0.5058	28.9045	0.1667	29.576999999999998
1156835	2000.0	19	30000.0	0.2058	21.2467	0.0667	21.5192
1156969	7000.0	19	30000.0	0.7058	21.5192	0.2333	22.4583
1157129	7000.0	19	30000.0	0.7058	22.4583	0.2333	23.3974
1157267	6000.0	19	30000.0	0.6058	23.3974	0.2	24.2032
1157131	1000.0	0	500.0	0.1	330.9	2.0	333.0
1157104	1000.0	0	500.0	0.1	333.0	2.0	335.1
1156910	4000.0	0	500.0	0.4	335.1	8.0	343.5
1157164	1000.0	0	500.0	0.1	343.5	2.0	345.6
1157224	2000.0	0	500.0	0.2	345.6	4.0	349.8
1156887	1000.0	2	1000.0	0.1	0.1	1.0	1.2
1156463	1000.0	2	1000.0	0.1	1.2	1.0	2.3
1156908	1000.0	2	1000.0	0.1	2.3	1.0	3.4
1157107	1000.0	2	1000.0	0.1	3.4	1.0	4.5
1156911	1000.0	2	1000.0	0.1	4.5	1.0	5.6
1156926	1000.0	2	1000.0	0.1	5.6	1.0	6.699999999999999
1156714	1000.0	2	1000.0	0.1	6.7	1.0	7.8
1156711	1000.0	2	1000.0	0.1	7.8	1.0	8.899999999999999
1157064	1000.0	2	1000.0	0.1	8.9	1.0	10.0
1157243	1000.0	2	1000.0	0.1	10.0	1.0	11.1
1156501	1000.0	2	1000.0	0.1	11.1	1.0	12.2
1156652	1000.0	2	1000.0	0.1	12.2	1.0	13.299999999999999
1157309	1000.0	2	1000.0	0.1	13.3	1.0	14.4
1156693	1000.0	2	1000.0	0.1	14.4	1.0	15.5
1156889	1000.0	3	1000.0	0.1	17.9	1.0	19.0
1157020	1000.0	3	1000.0	0.1	19.0	1.0	20.1
1157013	1000.0	3	1000.0	0.1	20.1	1.0	21.200000000000003
1156945	1000.0	3	1000.0	0.1	21.2	1.0	22.3
1156992	1000.0	3	1000.0	0.1	22.3	1.0	23.400000000000002
1156990	1000.0	3	1000.0	0.1	23.4	1.0	24.5
1157122	1000.0	3	1000.0	0.1	24.5	1.0	25.6
1156995	1000.0	3	1000.0	0.1	25.6	1.0	26.700000000000003
1157165	1000.0	3	1000.0	0.1	26.7	1.0	27.8
1157007	1000.0	3	1000.0	0.1	27.8	1.0	28.900000000000002
1156574	1000.0	3	1000.0	0.1	28.9	1.0	30.0
1156632	1000.0	3	1000.0	0.1	30.0	1.0	31.1
1156627	1000.0	3	1000.0	0.1	31.1	1.0	32.2
1156843	1000.0	3	1000.0	0.1	32.2	1.0	33.300000000000004
1157035	1000.0	3	1000.0	0.1	33.3	1.0	34.4
1156820	1000.0	3	1000.0	0.1	34.4	1.0	35.5
1156943	2000.0	4	4000.0	0.2038	0	0.5	0.7038
1156958	2000.0	4	4000.0	0.2038	0.7038	0.5	1.4076
1157000	1000.0	4	4000.0	0.1038	1.4076	0.25	1.7614
1156555	2000.0	4	4000.0	0.2038	1.7614	0.5	2.4652000000000003
1156578	2000.0	4	4000.0	0.2038	2.4652	0.5	3.169
1157061	1000.0	4	4000.0	0.1038	3.169	0.25	3.5228
1157251	2000.0	4	4000.0	0.2038	3.5228	0.5	4.2266
1156489	2000.0	4	4000.0	0.2038	4.2266	0.5	4.930400000000001
1156487	1000.0	4	4000.0	0.1038	4.9304	0.25	5.284199999999999
1156807	2000.0	4	4000.0	0.2038	5.2842	0.5	5.988
1156705	2000.0	4	4000.0	0.2038	5.988	0.5	6.691800000000001
1156670	2000.0	5	4000.0	0.2038	2.2614	0.5	2.9652000000000003
1156559	3000.0	5	4000.0	0.3038	2.9652	0.75	4.019
1156557	2000.0	5	4000.0	0.2038	4.019	0.5	4.7228
1156740	1000.0	5	4000.0	0.1038	4.7228	0.25	5.0766
1156613	1000.0	5	4000.0	0.1038	5.0766	0.25	5.4304
1157070	2000.0	5	4000.0	0.2038	5.4304	0.5	6.1342
1156764	2000.0	5	4000.0	0.2038	6.1342	0.5	6.838
1156643	1000.0	5	4000.0	0.1038	6.838	0.25	7.1918
1156639	1000.0	5	4000.0	0.1038	7.1918	0.25	7.545599999999999
1157273	2000.0	5	4000.0	0.2038	7.5456	0.5	8.249400000000001
1156814	2000.0	5	4000.0	0.2038	8.2494	0.5	8.953199999999999
1156615	2000.0	6	5000.0	0.2038	0	0.4	0.6038
1156662	2000.0	6	5000.0	0.2038	0.6038	0.4	1.2076
1157009	2000.0	6	5000.0	0.2038	1.2076	0.4	1.8114
1156666	1000.0	6	5000.0	0.1038	1.8114	0.2	2.1152
1156793	1000.0	6	5000.0	0.1038	2.1152	0.2	2.4190000000000005
1156552	1000.0	6	5000.0	0.1038	2.419	0.2	2.7228000000000003
1157046	2000.0	6	5000.0	0.2038	2.7228	0.4	3.3266
1156741	2000.0	6	5000.0	0.2038	3.3266	0.4	3.9304
1157068	2000.0	6	5000.0	0.2038	3.9304	0.4	4.5342
1156724	1000.0	6	5000.0	0.1038	4.5342	0.2	4.838
1157085	3000.0	6	5000.0	0.3038	4.838	0.6	5.7418
1156755	3000.0	6	5000.0	0.3038	5.7418	0.6	6.645599999999999
1156675	2000.0	6	5000.0	0.2038	6.6456	0.4	7.2494000000000005
1156503	1000.0	6	5000.0	0.1038	7.2494	0.2	7.5531999999999995
1157296	2000.0	7	5000.0	0.2038	1.7152	0.4	2.319
1156942	2000.0	7	5000.0	0.2038	2.319	0.4	2.9228
1156941	1000.0	7	5000.0	0.1038	2.9228	0.2	3.2266000000000004
1156478	2000.0	7	5000.0	0.2038	3.2266	0.4	3.8304
1156663	2000.0	7	5000.0	0.2038	3.8304	0.4	4.434200000000001
1157159	2000.0	7	5000.0	0.2038	4.4342	0.4	5.038
1156997	2000.0	7	5000.0	0.2038	5.038	0.4	5.641800000000001
1156480	2000.0	7	5000.0	0.2038	5.6418	0.4	6.2456000000000005
1156788	2000.0	7	5000.0	0.2038	6.2456	0.4	6.8494
1156551	1000.0	7	5000.0	0.1038	6.8494	0.2	7.1532
1157275	2000.0	7	5000.0	0.2038	7.1532	0.4	7.757000000000001
1156583	3000.0	7	5000.0	0.3038	7.757	0.6	8.6608
1156697	2000.0	7	5000.0	0.2038	8.6608	0.4	9.2646
1156892	2000.0	8	5000.0	0.2067	0.3134	0.4	0.9201
1156789	1000.0	8	5000.0	0.1067	0.9201	0.2	1.2268
1156572	2000.0	8	5000.0	0.2067	1.2268	0.4	1.8335
1156777	3000.0	8	5000.0	0.3067	1.8335	0.6	2.7402
1156780	2000.0	8	5000.0	0.2067	2.7402	0.4	3.3469
1156718	2000.0	8	5000.0	0.2067	3.3469	0.4	3.9536000000000002
1156630	2000.0	8	5000.0	0.2067	3.9536	0.4	4.5603
1156547	1000.0	8	5000.0	0.1067	4.5603	0.2	4.867
1156546	3000.0	8	5000.0	0.3067	4.867	0.6	5.7737
1156831	2000.0	8	5000.0	0.2067	5.7737	0.4	6.3804
1156640	2000.0	8	5000.0	0.2067	6.3804	0.4	6.9871
1156625	4000.0	9	6000.0	0.4067	34.7808	0.6667	35.8542
1156587	4000.0	9	6000.0	0.4067	35.8542	0.6667	36.9276
1157259	4000.0	10	6000.0	0.4067	42.2742	0.6667	43.3476
1156490	5000.0	10	6000.0	0.5067	43.3476	0.8333	44.6876
1156877	2000.0	14	12000.0	0.2	27.0668	0.1667	27.4335
1156946	1000.0	14	12000.0	0.1	27.4335	0.0833	27.6168
1156965	2000.0	14	12000.0	0.2	27.6168	0.1667	27.9835
1157135	2000.0	14	12000.0	0.2	27.9835	0.1667	28.350199999999997
1157203	2000.0	15	16000.0	0.2	37.625	0.125	37.95
1157283	3000.0	15	16000.0	0.3	37.95	0.1875	38.4375
1157314	2000.0	15	16000.0	0.2	38.4375	0.125	38.7625
1157297	3000.0	15	16000.0	0.3	38.7625	0.1875	39.25
1157284	1000.0	16	18000.0	0.1058	26.4358	0.0556	26.597199999999997
1157172	3000.0	16	18000.0	0.3058	26.5972	0.1667	27.0697
1157076	1000.0	16	18000.0	0.1058	27.0697	0.0556	27.231099999999998
1156765	3000.0	16	18000.0	0.3058	27.2311	0.1667	27.7036
1157194	2000.0	17	24000.0	0.2058	21.1274	0.0833	21.416500000000003
1157103	4000.0	17	24000.0	0.4058	21.4165	0.1667	21.988999999999997
1156951	2000.0	17	24000.0	0.2058	21.989	0.0833	22.278100000000002
1156747	1000.0	17	24000.0	0.1058	22.2781	0.0417	22.425599999999996
1157201	1000.0	18	30000.0	0.1058	28.577	0.0333	28.7161
1156462	1000.0	18	30000.0	0.1058	28.7161	0.0333	28.8552
1156971	1000.0	18	30000.0	0.1058	28.8552	0.0333	28.9943
1157169	2000.0	18	30000.0	0.2058	28.9943	0.0667	29.2668
1156540	1000.0	18	30000.0	0.1058	29.2668	0.0333	29.4059
1157274	2000.0	18	30000.0	0.2058	29.4059	0.0667	29.6784
1157197	1000.0	19	30000.0	0.1058	23.2032	0.0333	23.342299999999998
1156991	8000.0	19	30000.0	0.8058	23.3423	0.2667	24.414800000000003
1156985	2000.0	19	30000.0	0.2058	24.4148	0.0667	24.6873
1156974	1000.0	19	30000.0	0.1058	24.6873	0.0333	24.8264
1157327	2000.0	19	30000.0	0.2058	24.8264	0.0667	25.0989
1156688	4000.0	19	30000.0	0.4058	25.0989	0.1333	25.637999999999998
1156888	1000.0	5	4000.0	0.1038	7.9532	0.25	8.307
