6.05	0.82	3.3	1
18.15	0.84	3.3	1
35.75	0.85	3.0	1
59.7667	0.77	3.5	1
88.9167	0.92	2.8	1
122.4667	0.99	2.4	1
160.7834	0.96	2.6	1
204.2334	0.9	2.8	1
253.00009999999997	0.88	2.9	1
307.63349999999997	0.82	3.2	1
367.0336	0.95	2.6	1
431.9337	0.87	3.0	1
502.3338	0.88	3.0	1
578.7839	0.81	3.3	1
660.9173000000001	0.84	3.1	1
747.8174	0.94	2.6	1
839.6675	0.98	2.7	1
937.7509	0.78	3.4	1
1040.9676	0.91	2.8	1
1148.7676	0.96	2.5	1
1262.0675999999999	0.84	3.0	1
1380.6843	0.88	2.9	1
1504.6176999999998	0.9	2.9	1
1633.5010999999997	0.95	2.7	1
1767.3344999999997	0.92	2.7	1
1906.6678999999997	0.89	3.0	1
2051.3179999999998	0.91	2.9	1
2200.9181	0.96	2.7	1
2355.6515	0.92	2.8	1
2515.5182	0.93	2.8	1
2680.1516	0.97	2.6	1
2849.3683	1.0	2.5	1
3024.4517	0.84	3.2	1
3204.3018	0.96	2.6	1
3389.6519000000003	0.86	3.0	1
3579.7687	0.92	2.6	1
3775.2022	0.89	2.9	1
3975.4024	0.96	2.6	1
4180.9193	0.89	2.9	1
4391.202899999999	0.95	2.6	1
4606.436499999999	0.94	2.7	1
4827.1700999999985	0.88	3.0	1
5054.136999999999	0.79	3.4	1
5286.420599999999	0.9	2.9	1
5523.654199999998	0.94	2.7	1
5765.471099999998	0.98	2.5	1
6012.237999999998	0.89	2.7	1
6265.054899999997	0.8	3.3	1
6523.1884999999975	0.88	2.9	1
6786.455399999997	0.92	2.8	1
7054.305599999997	0.96	2.5	1
7327.472499999997	0.86	2.9	1
7605.139399999997	0.85	3.0	1
7894.8395999999975	0.89	14.2	1
8209.289799999997	0.99	13.5	1
8551.056699999997	0.99	14.9	1
8922.156899999998	0.94	16.0	1
9316.907099999999	0.98	12.9	1
9738.2406	1.0	14.5	1
10189.0908	0.95	16.1	1
10665.6077	0.97	14.0	1
11168.5246	0.96	14.4	1
11700.4082	0.97	15.8	1
12264.8418	0.81	18.3	1
