4.55	0.88	2.8	1
14.3	0.81	3.2	1
28.4375	0.94	2.7	1
47.6125	0.86	3.1	1
71.5	0.89	2.9	1
100.9125	0.81	3.4	1
135.6875	0.8	3.3	1
175.5	0.86	3.1	1
219.375	0.98	2.5	1
267.9625	0.91	2.9	1
321.42499999999995	0.88	3.0	1
378.94999999999993	0.95	2.5	1
441.3499999999999	0.89	3.0	1
508.4624999999999	0.87	2.9	1
580.7749999999999	0.84	3.2	1
657.9624999999999	0.87	3.0	1
740.0249999999999	0.88	3.0	1
826.7999999999998	0.89	2.9	1
918.6124999999998	0.85	3.1	1
1015.1374999999998	0.91	2.9	1
1115.725	0.98	2.5	1
1220.375	0.98	2.5	1
1329.0875	0.98	2.5	1
1442.6750000000002	0.87	3.0	1
1561.1375000000003	0.88	3.0	1
1684.1500000000003	0.9	2.8	1
1811.2250000000004	0.99	2.5	1
1943.1750000000004	0.87	3.0	1
2079.8375000000005	0.89	2.9	1
2221.7000000000007	0.83	3.2	1
2368.1125000000006	0.89	2.8	1
2519.725000000001	0.83	3.2	1
2675.400000000001	0.97	2.5	1
2835.137500000001	0.98	2.5	1
2999.1000000000013	0.97	2.6	1
3168.425000000001	0.82	3.3	1
3342.462500000001	0.88	2.9	1
3521.375000000001	0.87	3.0	1
3705.812500000001	0.77	3.4	1
3895.125000000001	0.88	3.0	1
4088.500000000001	0.99	2.5	1
4287.400000000001	0.79	3.4	1
4491.175	0.87	3.0	1
4699.337500000001	0.93	2.7	1
4911.562500000001	0.96	2.5	1
5128.825000000001	0.86	3.1	1
5350.637500000001	0.9	2.8	1
5578.300000000001	0.75	3.6	1
5811.000000000001	0.83	3.1	1
6047.925000000001	0.94	2.6	1
6290.2125000000015	0.81	3.3	1
6537.700000000002	0.81	3.2	1
6789.9000000000015	0.91	2.9	1
7046.487500000001	0.94	2.7	1
7307.300000000001	1.0	2.6	1
7573.475000000001	0.83	3.3	1
7846.5875000000015	1.0	13.5	1
8142.450000000002	0.99	14.0	1
8460.900000000001	0.97	13.9	1
8803.562500000002	0.98	14.9	1
9170.275000000001	0.98	14.8	1
9562.825	0.99	15.9	1
