4.3614	0.92	2.8	1
12.9286	0.96	2.7	1
26.790499999999998	0.81	3.4	1
44.5471	0.99	2.5	1
67.9095	0.75	3.6	1
96.411	0.78	3.3	1
129.7405	0.87	3.1	1
168.3647	0.79	3.4	1
211.03910000000002	0.97	2.6	1
257.9193	0.94	2.7	1
308.6942	0.98	2.5	1
363.51930000000004	0.93	2.6	1
422.3946	0.96	2.6	1
485.4757	0.93	2.7	1
553.6959	0.83	3.3	1
626.7441000000001	0.86	3.1	1
704.9314000000002	0.81	3.3	1
787.7912000000001	0.87	3.0	1
874.7012000000001	0.95	2.6	1
965.8170000000001	0.95	2.7	1
1061.9164	0.83	3.2	1
1162.6883	0.87	3.0	1
1268.7549000000001	0.78	3.4	1
1379.3384	0.87	2.9	1
1493.8166	0.97	2.5	1
1612.6562000000001	0.92	2.8	1
1735.3905000000002	0.98	2.5	1
1862.7973000000002	0.9	3.0	1
1995.1877000000002	0.83	3.2	1
2133.0283	0.75	3.5	1
2275.5414	0.89	3.0	1
2422.727	0.84	3.0	1
2575.3628	0.77	3.5	1
2732.0488	0.98	2.6	1
2893.7184	0.83	3.2	1
3060.2160000000003	0.86	3.1	1
3231.5416000000005	0.84	3.1	1
3406.9174000000003	0.92	2.6	1
3586.9657	0.9	3.0	1
3771.5309	0.9	2.9	1
3960.6130000000003	0.91	2.9	1
4157.1009	1.0	14.4	1
4376.1502	1.0	14.5	1
4617.9164	1.0	14.6	1
4883.4884	0.99	15.3	1
5172.3995	0.99	15.0	1
5490.5608	0.96	18.8	1
5833.4612	1.0	15.9	1
6196.745199999999	0.99	13.1	1
6584.457199999999	1.0	15.7	1
