3.8725	0.89	2.9	1
11.6175	0.89	2.9	1
23.368299999999998	0.88	3.0	1
39.1249	0.89	3.0	1
58.887299999999996	0.85	3.0	1
82.2555	0.93	2.7	1
109.0962	0.93	2.6	1
140.3427	0.83	3.3	1
175.3283	0.93	2.8	1
213.9197	0.9	2.7	1
256.1169	0.93	2.7	1
302.9866	0.77	3.5	1
353.3288	0.95	2.6	1
408.0768	0.81	3.3	1
466.1639	1.0	2.5	1
528.2568	0.89	3.0	1
594.3555	0.86	3.0	1
663.9267	0.98	2.6	1
737.9037	0.83	3.3	1
816.1532	0.82	3.2	1
898.8085	0.8	3.3	1
985.6029	0.81	3.1	1
1076.0031	0.95	2.7	1
1169.8757999999998	0.94	2.6	1
1267.7542999999998	0.89	3.0	1
1369.3718999999999	0.9	2.8	1
1474.1952999999999	1.0	2.4	1
1582.8911999999998	0.89	2.9	1
1695.3261999999997	0.92	2.8	1
1811.9002999999998	0.85	3.1	1
1931.9468999999997	0.95	2.6	1
2055.9992999999995	0.87	3.0	1
2183.6574999999993	0.93	2.7	1
2314.6547999999993	0.99	2.5	1
2448.391199999999	0.93	2.8	1
2588.800099999999	1.0	15.5	1
2749.481499999999	0.98	15.2	1
2930.701999999999	0.99	15.4	1
3131.661599999999	1.0	14.8	1
3353.960299999999	0.97	16.0	1
3597.464799999999	0.97	15.9	1
3862.5750999999987	0.99	16.2	1
4148.491199999999	0.97	15.6	1
4454.8130999999985	0.97	15.3	1
4784.4740999999985	0.96	17.5	1
5134.1408999999985	0.99	15.0	1
5507.546799999998	0.99	17.8	1
5901.625199999999	0.96	15.5	1
6315.576099999998	1.0	14.9	1
6751.399499999999	1.0	16.4	1
7211.228699999999	0.89	18.0	1
7691.863699999999	0.99	15.6	1
8194.3712	0.98	16.4	1
8717.1512	1.0	15.2	1
9261.003700000001	0.99	15.8	1
9826.062000000002	0.94	15.9	1
10413.259400000003	0.93	16.6	1
11020.595900000002	0.96	15.1	1
11647.604900000002	0.96	15.5	1
