processing_time
94209.64322250598
89087.61933828902
90008.80753170903
92626.45451814999
88704.672592964
96976.58151419401
89092.12367698301
91486.78051323198
91678.465510387
98254.790473976
93955.57484381802
82151.656371704
87685.00693151902
95814.26331104702
94393.534218802
95394.835423559
90878.11377367601
91198.172583874
84659.582281123
97113.26791273901
90028.98730849798
93452.81076686402
88869.99890802799
94605.97922653898
89819.68401729601
88126.91286146599
83437.048735124
83145.269050466
95172.258946221
88803.497659573
84587.95570681001
78144.120325545
86339.890385893
83092.96339500499
79688.178360983
80327.02588184101
84922.50246068
78603.468231358
85171.26083416
80993.03606521999
85061.33245438701
80587.61063878701
86053.94973078501
82115.469363768
82164.543280943
76296.621302583
77609.17374042301
79064.80690797699
79553.63049984
82145.86490325001
85333.74905533002
81111.895731534
79768.211656831
78837.445188592
75702.63639446502
78054.69556682
82517.15396875
82025.024251859
81548.22444035701
79668.0427911
83038.96919692599
80661.40287953801
79942.154672259
76404.54909746
76564.09539944399
79384.89899852699
74233.634735401
76404.59865556101
73619.039004722
77091.564477904
78320.14192078401
74269.14756858599
73706.81692646799
75537.89940048
76401.93588055599
75689.275532408
72766.63852043
68079.87199598
76531.840415157
70316.63184758101
74611.680566765
74236.91329351599
69961.560231621
71444.894690333
69413.34828663299
68596.55853454501
68220.87551938901
69002.869771937
63334.355193758
69793.53147378999
65593.795855624
68643.16679196201
65073.448036758
63660.113665398
62485.478662999994
63715.102069501
64925.380828760004
62835.741901299
63181.659431529995
62461.05529923601
