42.0	0.83	2.0	1
134.4	0.71	2.4	1
289.8	0.61	3.0	1
495.6	0.74	2.4	1
747.6	0.8	2.2	1
1041.6	0.82	2.0	1
1390.1999999999998	0.69	2.6	1
1787.1	0.77	2.3	1
2232.2999999999997	0.79	2.3	1
2723.7	0.79	2.2	1
3263.3999999999996	0.73	2.3	1
3855.5999999999995	0.7	2.5	1
4496.099999999999	0.77	2.3	1
5176.499999999999	0.87	1.9	1
5894.699999999999	0.8	1.8	1
6656.999999999999	0.83	2.1	1
7468.699999999999	0.74	2.4	1
8330.8	0.73	2.4	1
9232.8	0.85	1.9	1
10174.699999999999	0.86	1.9	1
11160.699999999999	0.76	2.1	1
12190.8	0.81	2.1	1
13265.0	0.8	2.1	1
14385.4	0.74	2.2	1
15552.0	0.78	2.2	1
16758.5	0.81	1.9	1
18007.0	0.79	2.0	1
19308.0	0.72	2.5	1
20655.2	0.77	2.2	1
22059.100000000002	0.63	2.7	1
23509.2	0.75	2.2	1
24997.100000000002	0.89	1.8	1
26537.500000000004	0.66	2.5	1
28124.100000000002	0.76	2.2	1
29759.000000000004	0.75	2.3	1
31444.300000000003	0.71	2.4	1
33180.0	0.7	2.4	1
34961.9	0.75	2.2	1
36792.1	0.73	2.3	1
38664.299999999996	0.8	2.0	1
40580.6	0.78	2.1	1
42545.2	0.74	2.3	1
44551.799999999996	0.8	2.0	1
46600.399999999994	0.83	2.0	1
48690.99999999999	0.83	2.0	1
50831.99999999999	0.74	2.4	1
53021.299999999996	0.75	2.3	1
55271.49999999999	0.6	2.9	1
57567.899999999994	0.77	2.2	1
59918.899999999994	0.68	2.6	1
62313.99999999999	0.82	2.1	1
64753.19999999999	0.77	2.1	1
67236.49999999999	0.81	2.1	1
69765.99999999999	0.8	2.2	1
72341.69999999998	0.74	2.2	1
74963.59999999998	0.75	2.2	1
77631.69999999998	0.8	2.2	1
80348.09999999998	0.7	2.3	1
83114.89999999998	0.74	2.4	1
85927.89999999998	0.8	2.2	1
88799.69999999998	0.62	2.8	1
91717.69999999998	0.71	2.2	1
94688.19999999998	0.68	2.5	1
97706.99999999999	0.72	2.3	1
100778.29999999999	0.69	2.5	1
103908.4	0.62	2.8	1
107084.7	0.75	2.2	1
110303.0	0.83	2.0	1
113565.4	0.8	2.1	1
116882.4	0.69	2.6	1
120247.7	0.73	2.3	1
123665.5	0.68	2.5	1
127133.7	0.75	2.4	1
130660.7	0.62	2.8	1
134229.7	0.8	2.0	1
137847.0	0.72	2.3	1
141510.5	0.78	2.2	1
145216.0	0.78	2.0	1
