6.4067	0.73	2.4	1
18.153399999999998	0.79	2.0	1
34.7735	0.73	2.2	1
57.000299999999996	0.8	2.1	1
86.43379999999999	0.67	2.7	1
122.27399999999999	0.75	2.4	1
164.52089999999998	0.72	2.4	1
213.7078	0.67	2.6	1
268.7681	0.73	2.2	1
329.43510000000003	0.77	2.1	1
395.70880000000005	0.86	2.1	1
468.12250000000006	0.75	2.3	1
546.4096000000001	0.76	2.2	1
631.1034000000001	0.69	2.4	1
720.6039000000001	0.91	1.8	1
815.7111000000001	0.73	2.1	1
915.6250000000001	0.88	1.8	1
1021.4123000000001	0.76	2.2	1
1133.3396	0.7	2.3	1
1251.6736	0.76	2.4	1
