6.2333	0.82	3.4	1
15.3166	0.82	2.1	1
28.6166	0.77	2.3	1
45.7666	0.8	2.1	1
66.3999	0.87	1.9	1
91.79990000000001	0.71	2.6	1
121.4166	0.75	2.3	1
155.25	0.77	2.3	1
194.2167	0.64	2.8	1
237.2167	0.83	2.2	1
284.25	0.8	2.2	1
335.6833	0.72	2.4	1
391.5166	0.72	2.4	1
451.19989999999996	0.78	2.1	1
515.0998999999999	0.75	2.3	1
583.3998999999999	0.71	2.4	1
655.3665999999998	0.82	2.0	1
731.9165999999998	0.73	2.5	1
813.0498999999998	0.72	2.5	1
898.2164999999998	0.77	2.2	1
988.6997999999998	0.61	2.9	1
1083.3997999999997	0.77	2.3	1
1182.3164999999997	0.73	2.3	1
1285.9998999999998	0.66	2.6	1
1393.7165999999997	0.75	2.2	1
1506.0165999999997	0.69	2.5	1
1621.6165999999996	0.9	1.8	1
1741.2498999999996	0.78	2.2	1
1865.4664999999995	0.69	2.5	1
1994.0830999999996	0.66	2.4	1
2127.6496999999995	0.7	2.7	1
2264.5162999999993	0.96	1.8	1
2405.416199999999	0.75	2.2	1
2551.2660999999994	0.65	2.7	1
2701.3326999999995	0.76	2.3	1
2855.4325999999996	0.77	2.2	1
3013.7491999999997	0.75	2.3	1
3177.1991	0.63	2.8	1
3345.049	0.75	2.4	1
3516.7489	0.81	2.1	1
3692.6655	0.73	2.3	1
3872.9821	0.73	2.4	1
4057.3320000000003	0.76	2.2	1
4245.3486	0.8	2.0	1
4437.7652	0.68	2.4	1
4634.215099999999	0.77	2.2	1
4833.964999999999	0.83	1.8	1
5038.848199999999	0.67	2.8	1
5247.398099999999	0.86	2.0	1
5459.798	0.78	2.1	1
5676.5979	0.74	2.4	1
5897.797799999999	0.72	2.4	1
6123.030999999999	0.79	2.2	1
6353.030899999999	0.64	2.6	1
6587.064099999999	0.78	2.2	1
6825.680599999999	0.74	2.5	1
7068.6970999999985	0.72	2.4	1
7316.663599999998	0.67	2.7	1
7569.213399999998	0.74	2.5	1
7826.529899999998	0.66	2.6	1
8087.3296999999975	0.87	1.9	1
8353.629499999997	0.63	3.0	1
8624.695999999998	0.67	2.6	1
8899.795799999998	0.79	2.2	1
9179.662299999998	0.64	2.6	1
9462.745499999997	0.74	2.3	1
9750.228699999998	0.69	2.4	1
10042.845199999998	0.63	2.8	1
10339.861699999998	0.63	2.4	1
10640.544899999997	0.85	2.0	1
10944.528099999998	0.83	1.8	1
11252.911299999998	0.71	2.4	1
11565.694499999998	0.73	2.4	1
11882.877699999997	0.69	2.4	1
12205.377599999998	0.65	2.9	1
12531.910799999998	0.78	2.2	1
12863.210699999998	0.65	2.6	1
13198.543899999997	0.75	2.2	1
13538.827099999997	0.64	2.7	1
13882.960299999997	0.79	2.1	1
14230.760199999997	0.87	2.0	1
14582.593399999996	0.71	2.2	1
14938.459899999996	0.76	2.2	1
15299.276399999997	0.66	2.7	1
15664.309599999997	0.71	2.3	1
16032.459499999997	0.85	1.7	1
16404.8261	0.74	2.3	1
16781.592699999997	0.74	2.4	1
17162.575999999997	0.72	2.3	1
17547.9593	0.75	2.4	1
17937.1926	0.77	2.1	1
18331.009199999997	0.71	2.5	1
18730.142499999998	0.58	2.9	1
19133.3091	0.77	2.2	1
19539.959	0.84	1.9	1
19950.0922	0.83	1.9	1
20364.4421	0.74	2.3	1
20782.642	0.79	2.1	1
21205.0586	0.72	2.3	1
21631.5085	0.74	2.2	1
22061.4417	0.85	1.9	1
22495.2249	0.8	2.1	1
22933.2248	0.72	2.3	1
23374.708	0.87	1.9	1
23820.2245	0.73	2.2	1
24270.141	0.71	2.4	1
24724.6408	0.69	2.5	1
25183.1739	0.8	2.2	1
25646.473700000002	0.69	2.6	1
26113.990200000004	0.79	2.3	1
26586.273400000005	0.69	2.6	1
27062.039900000007	0.89	1.9	1
27542.389700000007	0.65	2.5	1
28026.40620000001	0.85	2.0	1
28514.27270000001	0.79	2.1	1
29006.172500000008	0.72	2.2	1
29501.92230000001	0.76	2.1	1
30001.15540000001	0.88	1.9	1
30504.60520000001	0.76	2.3	1
31012.27170000001	0.77	2.3	1
31525.80490000001	0.55	3.2	1
32043.73810000001	0.71	2.4	1
32564.78800000001	0.92	1.7	1
33090.237900000015	0.74	2.4	1
33620.087800000016	0.67	2.4	1
34154.154400000014	0.71	2.3	1
34692.07100000001	0.79	2.1	1
35234.75430000001	0.69	2.6	1
35781.47090000001	0.78	2.2	1
36332.037500000006	0.8	2.1	1
36886.63740000001	0.76	2.2	1
37446.187300000005	0.66	2.7	1
38009.403900000005	0.8	2.0	1
38577.2038	0.72	2.5	1
39149.4037	0.64	2.4	1
39725.8203	0.7	2.3	1
40305.9036	0.86	2.0	1
40890.2036	0.76	2.3	1
41478.9036	0.7	2.4	1
42071.8203	0.77	2.3	1
42668.9537	0.77	2.3	1
43270.670399999995	0.67	2.5	1
43876.420399999995	0.76	2.2	1
44486.753699999994	0.66	2.5	1
45101.120299999995	0.78	2.2	1
45720.070199999995	0.66	2.5	1
46343.0534	0.76	2.2	1
46970.6199	0.67	2.5	1
47602.0364	0.78	2.1	1
48237.4862	0.79	2.2	1
48876.9693	0.79	2.2	1
49520.6691	0.71	2.3	1
50168.5856	0.75	2.3	1
50819.9854	0.82	1.9	1
51476.1519	0.69	2.6	1
52135.9851	0.84	2.0	1
52799.851599999995	0.8	2.2	1
53467.38479999999	0.85	2.0	1
54138.76799999999	0.77	2.1	1
54814.36789999999	0.73	2.3	1
55494.91779999999	0.65	2.7	1
56180.23439999999	0.7	2.6	1
56869.95099999999	0.72	2.4	1
57563.33429999999	0.82	2.0	1
58260.20089999999	0.85	1.9	1
58961.100799999986	0.77	2.2	1
59666.58399999999	0.7	2.5	1
60376.83389999999	0.68	2.6	1
61092.21709999999	0.63	2.8	1
61812.18359999999	0.72	2.5	1
62536.18339999999	0.79	2.2	1
63264.03319999999	0.78	2.1	1
63995.73299999999	0.77	2.1	1
64732.01609999999	0.66	2.5	1
65472.699199999995	0.76	2.4	1
66217.599	0.75	2.3	1
66966.8988	0.74	2.4	1
67720.2319	0.74	2.2	1
68477.965	0.72	2.4	1
69240.0981	0.74	2.4	1
70006.81450000001	0.73	2.5	1
70777.56420000001	0.75	2.2	1
71552.53060000001	0.73	2.3	1
72331.71370000001	0.81	2.3	1
73114.0135	0.93	1.7	1
73900.3466	0.76	2.2	1
74691.4464	0.67	2.6	1
75486.3962	0.79	2.1	1
76284.8293	0.81	1.9	1
77086.9291	0.81	2.0	1
77893.0622	0.76	2.2	1
78702.6786	0.91	1.9	1
79516.5117	0.69	2.3	1
80334.7448	0.71	2.4	1
81156.8279	0.81	2.1	1
81983.861	0.65	2.7	1
82814.5608	0.78	2.0	1
83648.56060000001	0.84	1.8	1
84486.7771	0.74	2.3	1
85328.84360000001	0.74	2.1	1
86174.57680000001	0.87	2.0	1
87024.34330000001	0.76	2.2	1
87878.50980000001	0.73	2.4	1
88735.97630000001	0.85	1.8	1
89597.47610000001	0.77	2.2	1
90463.55920000002	0.7	2.5	1
91334.22560000002	0.7	2.5	1
92208.55870000002	0.75	2.0	1
93086.92510000002	0.79	2.2	1
93969.87480000002	0.68	2.5	1
94856.67450000002	0.84	2.1	1
95748.05750000002	0.68	2.5	1
96643.84050000002	0.74	2.4	1
97544.20680000001	0.68	2.5	1
98448.78980000001	0.74	2.3	1
99357.03950000001	0.81	2.0	1
100270.0559	0.68	2.6	1
101187.47230000001	0.7	2.4	1
102108.922	0.73	2.2	1
103034.77170000001	0.7	2.4	1
103964.2881	0.81	2.0	1
104898.38780000001	0.64	2.5	1
105836.1542	0.84	2.0	1
106777.5873	0.81	2.0	1
107723.0537	0.79	2.2	1
108672.9201	0.69	2.4	1
109627.7365	0.66	2.7	1
110586.4029	0.8	2.1	1
111549.28600000001	0.73	2.3	1
112516.20240000001	0.74	2.2	1
113487.8855	0.73	2.6	1
114463.2353	0.82	2.0	1
115442.0684	0.81	1.9	1
116424.9348	0.74	2.2	1
117412.3845	0.65	2.5	1
118403.8675	0.74	2.2	1
119399.20049999999	0.81	2.1	1
120398.7502	0.72	2.3	1
121402.69989999999	0.69	2.4	1
122410.8663	0.74	2.3	1
123422.51599999999	0.81	1.9	1
124438.93239999999	0.68	2.6	1
125458.83209999999	0.85	1.9	1
126482.94849999998	0.72	2.3	1
127510.91489999999	0.79	2.1	1
128543.28129999999	0.73	2.4	1
129580.96439999998	0.61	2.9	1
130622.86419999998	0.77	2.3	1
131668.06399999998	0.86	1.8	1
132717.66379999998	0.67	2.4	1
133771.11359999998	0.78	2.1	1
134828.04669999998	0.86	1.9	1
135889.1965	0.71	2.3	1
136954.7463	0.68	2.4	1
138024.1461	0.76	2.1	1
139097.2126	0.84	2.0	1
140174.6791	0.7	2.4	1
141255.9956	0.81	2.1	1
142341.8954	0.69	2.5	1
143431.6452	0.81	2.1	1
144525.6117	0.76	2.3	1
145623.24490000002	0.82	2.0	1
146724.36140000002	0.85	1.9	1
147829.87790000002	0.74	2.4	1
148940.71110000001	0.61	2.9	1
150055.211	0.76	2.0	1
151173.3776	0.78	2.0	1
