43.7808	0.92	30.9	1
129.3591	0.94	29.5	1
215.7765	0.84	2.0	1
304.8914	0.87	1.9	1
396.8454	0.81	2.0	1
492.2052	0.71	2.4	1
590.5458	0.81	2.1	1
692.0089	0.77	2.2	1
796.4528	0.79	2.1	1
905.1525	0.59	3.0	1
1016.9747	0.78	2.2	1
1132.2027	0.71	2.4	1
1250.6948	0.71	2.3	1
1372.1677	0.84	2.1	1
1496.3381	0.87	1.9	1
1623.7726	0.73	2.3	1
1754.7546	0.68	2.5	1
1888.2924	0.88	1.8	1
2024.6693	0.81	2.0	1
2164.7353	0.71	2.6	1
2307.6403999999998	0.82	2.0	1
2453.9512999999997	0.71	2.4	1
2603.1013	0.83	2.0	1
2755.6571	0.74	2.4	1
2911.0519999999997	0.84	2.0	1
3069.4276999999997	0.81	2.1	1
3230.7841999999996	0.8	2.1	1
3395.2631999999994	0.76	2.2	1
3563.9979999999996	0.59	3.0	1
3735.9968999999996	0.74	2.3	1
3911.2598999999996	0.76	2.3	1
4089.2203999999997	0.88	1.9	1
4270.445	0.74	2.3	1
4455.5004	0.66	2.7	1
4643.536599999999	0.79	2.1	1
4835.1203	0.74	2.5	1
5029.4015	0.84	1.9	1
5227.0885	0.69	2.4	1
5427.1896	0.84	1.7	1
5630.6965	0.72	2.4	1
5837.8925	0.68	2.6	1
6085.4693	0.95	28.5	1
6336.0269	0.81	2.1	1
6589.4236	0.85	2.0	1
6846.9344	0.62	2.9	1
7107.7093	0.74	2.3	1
7371.7483	0.75	2.3	1
7638.7681	0.76	2.1	1
7909.052000000001	0.76	2.3	1
8182.4584	0.82	2.2	1
8459.5539	0.68	2.6	1
8739.630200000001	0.84	2.1	1
9023.1123	0.72	2.4	1
9309.575200000001	0.79	2.1	1
9599.160600000001	0.81	2.2	1
9892.293500000002	0.7	2.5	1
10187.407200000001	0.79	2.1	1
10485.6434	0.76	2.2	1
10787.4271	0.69	2.5	1
11092.758300000001	0.71	2.5	1
11401.637	0.69	2.5	1
11713.638200000001	0.72	2.2	1
12029.0452	0.72	2.4	1
12347.1497	0.81	1.9	1
12668.0933	0.83	2.0	1
12991.876	0.82	2.0	1
13319.3478	0.67	2.6	1
13650.0837	0.73	2.3	1
13983.942099999998	0.77	2.2	1
14320.639599999999	0.81	2.0	1
14660.459599999998	0.79	2.2	1
15003.118699999999	0.79	2.0	1
15349.6086	0.65	2.7	1
15699.3626	0.71	2.3	1
16052.947400000001	0.64	2.7	1
16408.9463	0.95	1.7	1
16767.6427	0.85	1.9	1
17129.6032	0.73	2.3	1
17495.252800000002	0.69	2.6	1
17863.883200000004	0.76	2.1	1
18236.769400000005	0.57	3.0	1
18613.203100000006	0.71	2.5	1
18992.475900000005	0.84	2.0	1
19374.871200000005	0.78	2.2	1
19760.389000000006	0.79	2.2	1
20148.887600000005	0.8	2.1	1
20541.217000000004	0.66	2.7	1
20936.243900000005	0.79	1.9	1
21334.676600000006	0.72	2.4	1
21736.515100000008	0.67	2.4	1
22141.617700000006	0.71	2.3	1
22549.701100000006	0.77	2.1	1
22961.332000000006	0.7	2.5	1
23376.227000000006	0.74	2.3	1
23794.952800000006	0.63	2.7	1
24217.226100000007	0.7	2.5	1
24642.33850000001	0.87	2.0	1
25070.290000000008	0.84	2.0	1
25501.22230000001	0.76	2.1	1
25935.84370000001	0.68	2.6	1
26373.58760000001	0.78	2.2	1
26813.88730000001	0.91	1.8	1
27257.59280000001	0.71	2.4	1
27704.13740000001	0.82	2.0	1
28153.23780000001	0.91	1.8	1
28605.46070000001	0.71	2.2	1
29061.23110000001	0.73	2.5	1
29519.84060000001	0.75	2.0	1
29981.85590000001	0.72	2.4	1
30447.13530000001	0.79	2.3	1
30915.96220000001	0.7	2.5	1
31387.62820000001	0.78	2.0	1
31862.70000000001	0.7	2.4	1
32341.460900000013	0.7	2.6	1
32823.485900000014	0.76	2.3	1
33308.916700000016	0.72	2.4	1
33797.61160000002	0.75	2.3	1
34289.004000000015	0.82	1.9	1
34783.23550000002	0.79	2.0	1
35280.73110000002	0.73	2.3	1
35781.49080000002	0.75	2.3	1
36284.80630000002	0.86	1.8	1
36791.385900000016	0.74	2.3	1
37301.08800000002	0.79	2.2	1
37814.19590000002	0.71	2.4	1
38331.84290000002	0.56	3.2	1
38852.47070000002	0.81	2.1	1
39376.22100000002	0.79	2.2	1
39903.51880000002	0.69	2.5	1
40433.65570000002	0.81	2.0	1
40966.34840000002	0.92	1.8	1
41502.163600000014	0.73	2.2	1
42041.24290000001	0.75	2.3	1
42583.444700000015	0.74	2.2	1
43129.19400000002	0.69	2.5	1
43678.34910000002	0.7	2.4	1
44230.48500000002	0.77	2.1	1
44785.74340000002	0.7	2.2	1
45343.982600000025	0.79	2.1	1
45905.202600000026	0.79	2.1	1
46469.82840000003	0.7	2.4	1
47037.71830000003	0.76	2.3	1
47608.58900000003	0.78	2.1	1
48183.00720000003	0.68	2.5	1
48760.26450000003	0.84	2.0	1
49340.64430000003	0.77	2.2	1
49924.85490000003	0.66	2.7	1
50511.90460000003	0.82	2.0	1
51102.360100000034	0.72	2.4	1
51695.51310000003	0.85	1.9	1
52292.21360000003	0.62	2.5	1
52892.17820000003	0.74	2.3	1
53495.40690000003	0.74	2.3	1
54102.89140000003	0.62	3.0	1
54713.498400000026	0.79	2.2	1
55326.802900000024	0.85	1.9	1
55943.65490000002	0.67	2.5	1
56563.48770000002	0.78	2.1	1
57185.87630000002	0.83	1.8	1
57811.67070000002	0.7	2.4	1
58440.30420000002	0.82	2.0	1
59072.34350000002	0.72	2.4	1
59708.21360000002	0.6	2.7	1
60347.63120000002	0.68	2.5	1
60990.59630000002	0.68	2.5	1
61637.53390000002	0.63	2.8	1
62287.59400000002	0.79	2.2	1
62940.91820000002	0.75	2.3	1
63597.08150000002	0.81	2.0	1
64257.35890000002	0.62	2.9	1
64920.90040000002	0.74	2.3	1
65588.13100000002	0.69	2.6	1
66257.77570000003	0.94	1.7	1
66930.68450000003	0.73	2.3	1
67606.85740000004	0.71	2.3	1
68286.43610000004	0.75	2.4	1
68969.13730000003	0.78	2.2	1
69655.10260000003	0.73	2.3	1
70344.47370000003	0.7	2.4	1
71036.96730000003	0.77	2.2	1
71733.43340000004	0.62	2.8	1
72433.02200000004	0.77	2.2	1
73135.73310000004	0.78	2.2	1
73841.28330000004	0.83	2.0	1
74550.09760000004	0.77	2.3	1
75262.03440000003	0.79	2.2	1
75977.23530000003	0.73	2.3	1
76695.41700000003	0.77	2.1	1
77416.43780000003	0.84	2.0	1
78141.14770000003	0.68	2.6	1
78868.98010000003	0.76	2.2	1
79599.93500000003	0.75	2.2	1
80334.29570000003	0.69	2.4	1
81071.21220000004	0.87	1.8	1
81812.24280000004	0.66	2.9	1
82556.82090000004	0.71	2.5	1
83304.52150000003	0.75	2.2	1
84055.48620000003	0.72	2.3	1
84810.14000000003	0.61	2.6	1
85567.63290000003	0.72	2.0	1
86328.53160000003	0.71	2.4	1
87092.69440000004	0.73	2.3	1
87859.41300000003	0.89	1.8	1
88630.24570000003	0.64	2.9	1
89404.62590000003	0.73	2.5	1
90181.70360000002	0.81	1.9	1
90961.76210000002	0.79	2.1	1
91744.51810000002	0.86	1.9	1
92530.11320000002	0.82	2.0	1
93319.11410000002	0.73	2.4	1
94111.52080000003	0.71	2.4	1
94906.76660000003	0.8	2.0	1
95705.27650000004	0.76	2.3	1
96506.76720000003	0.75	2.1	1
97310.95540000004	0.85	1.9	1
98118.83270000003	0.69	2.6	1
98929.83250000003	0.77	2.2	1
99743.67140000004	0.84	2.0	1
100560.34940000004	0.8	2.0	1
101379.44150000003	0.88	1.7	1
102201.51440000003	0.81	2.1	1
103026.99310000004	0.73	2.4	1
103855.87760000004	0.77	2.4	1
104687.74290000004	0.83	2.1	1
105523.01400000004	0.7	2.4	1
106361.40760000004	0.78	2.2	1
107202.35700000003	0.85	1.8	1
108047.13720000003	0.68	2.7	1
108894.89820000003	0.8	2.1	1
109745.49830000002	0.79	2.0	1
110598.93750000001	0.82	2.0	1
111454.79080000002	0.94	1.7	1
112313.48320000002	0.81	2.0	1
113176.00640000001	0.65	2.7	1
114041.79370000001	0.75	2.3	1
114910.98680000001	0.72	2.4	1
115783.869	0.68	2.6	1
116659.732	0.78	2.1	1
117538.5758	0.79	2.1	1
118421.9587	0.55	3.2	1
119309.0307	0.69	2.6	1
120199.08350000001	0.83	2.1	1
121092.25880000001	0.78	2.2	1
121989.12320000002	0.69	2.6	1
122889.25170000002	0.74	2.3	1
123792.78600000002	0.71	2.4	1
124699.15940000002	0.81	2.0	1
125608.51360000002	0.81	2.1	1
126520.56530000002	0.87	1.9	1
127435.59780000002	0.76	2.1	1
128354.03610000001	0.68	2.4	1
129276.44690000001	0.67	2.8	1
130202.54680000001	0.65	2.6	1
131132.05250000002	0.74	2.4	1
132063.83070000002	0.88	1.6	1
132999.298	0.67	2.6	1
133937.6044	0.82	2.0	1
134879.4583	0.69	2.5	1
135824.293	0.76	2.1	1
136772.3918	0.74	2.3	1
137724.60470000003	0.62	2.9	1
138680.08170000004	0.74	2.3	1
139638.53950000004	0.78	2.1	1
140599.26980000004	0.97	1.6	1
141563.68920000005	0.7	2.6	1
142530.66440000004	0.9	1.8	1
143501.32870000004	0.66	2.6	1
144475.54050000003	0.69	2.5	1
145452.59140000003	0.77	2.0	1
146432.90640000004	0.72	2.3	1
147416.06050000005	0.85	2.0	1
148403.47040000005	0.6	3.0	1
