3.4725	0.64	2.6	1
10.2841	0.75	2.5	1
20.0348	0.79	2.2	1
33.1246	0.66	2.5	1
49.4202	0.64	2.4	1
68.6549	0.8	2.2	1
90.96209999999999	0.76	2.3	1
116.34179999999999	0.7	2.3	1
144.9273	0.73	2.4	1
176.1853	0.83	2.0	1
210.38240000000002	0.75	2.2	1
247.65200000000002	0.79	2.3	1
288.6607	0.67	2.8	1
332.47520000000003	0.82	2.1	1
378.96220000000005	0.86	2.0	1
428.25500000000005	0.79	2.1	1
480.75360000000006	0.65	2.4	1
536.1913000000001	0.78	2.2	1
594.9681	0.72	2.5	1
657.0840000000001	0.71	2.5	1
722.5390000000001	0.7	2.5	1
791.3331000000001	0.71	2.5	1
862.6663000000001	0.88	1.9	1
937.4720000000001	0.68	2.6	1
1014.5502000000001	0.88	1.7	1
1094.3009000000002	0.85	2.0	1
1176.9907000000003	0.77	2.2	1
1262.4863000000003	0.81	2.1	1
1350.5210000000002	0.88	1.9	1
1441.6282	0.76	2.3	1
1535.6745	0.79	2.2	1
1632.5266000000001	0.78	2.1	1
1732.1845	0.79	2.1	1
1835.1815000000001	0.73	2.5	1
1941.3843000000002	0.73	2.4	1
2050.3929000000003	0.8	2.1	1
2162.074	0.89	2.0	1
2276.6942	0.7	2.2	1
2394.3869	0.75	2.3	1
2515.8187	0.62	2.8	1
2640.5896	0.67	2.5	1
2769.0995999999996	0.61	2.8	1
2900.5486999999994	0.77	2.2	1
3034.6702999999993	0.83	2.0	1
3171.9976999999994	0.71	2.4	1
3312.2641999999996	0.81	2.2	1
3455.8697999999995	0.72	2.5	1
3601.7478999999994	0.94	1.7	1
3750.5650999999993	0.76	2.2	1
3902.3213999999994	0.81	2.2	1
4057.2834999999995	0.71	2.4	1
4215.1847	0.77	2.2	1
4376.425	0.72	2.5	1
4541.4044	0.63	2.8	1
4710.1229	0.63	2.8	1
4882.4472000000005	0.68	2.7	1
5058.3773	0.68	2.7	1
5236.7132	0.87	1.8	1
5417.7216	0.8	2.0	1
5601.8025	0.66	2.3	1
5788.555899999999	0.82	2.0	1
5977.9818	0.81	2.0	1
6170.7468	0.68	2.5	1
6366.4509	0.77	2.2	1
6564.4275	0.95	1.7	1
6765.6098999999995	0.73	2.4	1
6969.331399999999	0.87	1.9	1
7176.925399999999	0.64	2.9	1
7387.458499999999	0.85	2.2	1
7599.930699999999	0.75	2.2	1
7815.741999999999	0.69	2.5	1
8035.025799999999	0.7	2.6	1
8257.2487	0.76	2.2	1
8482.544100000001	0.77	2.3	1
8711.178600000001	0.7	2.5	1
8942.618900000001	0.85	2.1	1
9177.665	0.66	2.7	1
9415.5169	0.78	2.1	1
9656.3079	0.79	2.2	1
9900.571399999999	0.71	2.6	1
10148.573999999999	0.61	2.8	1
10400.049099999998	0.66	2.6	1
10654.196699999999	0.86	2.0	1
10911.683399999998	0.72	2.5	1
11173.042599999999	0.61	2.9	1
11437.3409	0.78	2.2	1
11704.7117	0.79	2.3	1
11975.155	0.74	2.3	1
12248.2708	0.85	2.0	1
12524.4591	0.69	2.3	1
12804.5199	0.62	2.9	1
13087.119799999999	0.86	1.9	1
13372.792199999998	0.75	2.3	1
13661.670399999997	0.75	2.4	1
13952.954399999997	0.88	1.8	1
14247.310899999997	0.75	2.3	1
14545.273199999996	0.65	2.7	1
14846.441299999997	0.75	2.4	1
15150.681899999996	0.72	2.3	1
15457.594999999996	0.78	2.0	1
15767.847199999997	0.68	2.5	1
16080.505199999996	0.91	1.8	1
16395.835699999996	0.84	2.0	1
16713.838699999997	0.81	2.0	1
17034.914199999996	0.73	2.3	1
17359.328799999996	0.67	2.5	1
17687.215899999996	0.7	2.6	1
18018.175499999994	0.73	2.3	1
18352.074199999995	0.78	2.2	1
18689.578699999995	0.68	2.7	1
19029.622299999995	0.79	1.9	1
19372.604999999996	0.79	2.2	1
19718.260199999997	0.79	2.0	1
20066.721199999996	0.76	2.1	1
20418.387999999995	0.7	2.4	1
20772.727299999995	0.89	2.0	1
21130.405699999996	0.68	2.5	1
21490.889899999995	0.8	2.1	1
21854.046599999994	0.81	2.0	1
22220.942399999993	0.63	2.8	1
22590.643999999993	0.8	2.1	1
22963.818099999993	0.67	2.6	1
23340.06469999999	0.69	2.3	1
23719.91709999999	0.67	2.7	1
24102.97529999999	0.72	2.4	1
24489.23929999999	0.72	2.4	1
24879.242399999992	0.64	2.8	1
25272.317999999992	0.75	2.3	1
25668.19939999999	0.8	2.1	1
26067.41989999999	0.66	2.5	1
26469.84619999999	0.73	2.4	1
26875.478299999988	0.73	2.4	1
27284.18289999999	0.76	2.3	1
27696.09329999999	0.7	2.4	1
28110.80949999999	0.81	2.1	1
28528.198199999988	0.83	2.0	1
28948.65939999999	0.76	2.3	1
29372.19309999999	0.77	2.3	1
29798.39929999999	0.83	2.0	1
30228.34459999999	0.66	2.8	1
30660.82899999999	0.87	1.9	1
31095.85249999999	0.84	1.9	1
31533.94849999999	0.77	2.3	1
31974.71699999999	0.84	2.0	1
32418.82459999999	0.7	2.5	1
32865.73799999999	0.79	2.1	1
33315.59049999999	0.74	2.2	1
33768.11549999999	0.86	2.0	1
34223.84629999999	0.71	2.4	1
34682.78289999999	0.73	2.4	1
35144.39199999999	0.79	2.0	1
35608.540199999996	0.86	1.9	1
36076.9609	0.55	3.2	1
36548.187399999995	0.82	2.1	1
37022.219699999994	0.81	2.1	1
37499.85779999999	0.61	2.7	1
37980.30169999999	0.8	2.1	1
38463.68469999999	0.76	2.2	1
38950.00679999999	0.73	2.2	1
39439.40139999999	0.71	2.3	1
39932.135099999985	0.67	2.5	1
40427.807899999985	0.78	2.2	1
40926.81979999998	0.7	2.5	1
41429.037499999984	0.68	2.4	1
41934.19429999998	0.75	2.2	1
42442.15689999998	0.8	2.1	1
42953.45859999998	0.67	2.5	1
43467.69939999998	0.81	2.2	1
43985.412699999986	0.64	2.6	1
44505.931799999984	0.77	2.1	1
45028.85669999998	0.82	1.8	1
45554.45409999998	0.78	2.0	1
46082.45729999998	0.92	1.8	1
46614.46629999998	0.57	3.0	1
47149.68109999998	0.73	2.4	1
47688.36839999998	0.68	2.6	1
48230.39479999998	0.69	2.5	1
48775.36029999998	0.76	2.2	1
49323.53159999998	0.77	2.4	1
49874.37539999998	0.8	2.0	1
50428.02499999998	0.77	2.1	1
50984.61369999998	0.76	2.2	1
51544.00819999998	0.78	2.1	1
52106.20849999998	0.82	2.1	1
52671.34789999998	0.73	2.2	1
53239.42639999998	0.71	2.2	1
53811.243999999984	0.65	2.8	1
54387.067399999985	0.59	3.0	1
54966.229899999984	0.7	2.5	1
55548.73149999999	0.69	2.5	1
56133.63889999999	0.92	1.8	1
56722.28539999999	0.6	2.8	1
57314.27099999999	0.72	2.5	1
57909.4624	0.7	2.4	1
58507.592899999996	0.78	2.2	1
59108.5292	0.81	2.1	1
59712.0046	0.83	1.9	1
60318.6858	0.73	2.4	1
60928.4395	0.74	2.3	1
61541.2657	0.72	2.3	1
62156.7644	0.9	2.0	1
62775.2022	0.79	2.2	1
63396.7125	0.75	2.3	1
64021.028600000005	0.81	2.1	1
64648.4172	0.77	2.3	1
65278.4783	0.78	2.0	1
65912.4119	0.58	2.9	1
66549.28460000001	0.77	2.2	1
67189.49640000002	0.69	2.5	1
67832.24730000002	0.87	1.9	1
68478.60400000002	0.66	2.7	1
69127.76650000003	0.78	2.1	1
69779.86810000002	0.81	2.2	1
70434.50880000003	0.85	1.9	1
71092.22200000002	0.73	2.3	1
71752.87430000002	0.79	2.2	1
72416.19910000003	0.85	2.0	1
73082.46300000003	0.81	2.2	1
73751.13270000003	0.88	1.8	1
74422.60820000003	0.79	2.1	1
75096.88950000003	0.79	2.1	1
75774.24330000003	0.76	2.3	1
76454.53620000003	0.78	2.2	1
77137.23490000002	0.94	1.8	1
77822.87270000002	0.75	2.2	1
78511.31630000002	0.77	2.1	1
79203.09900000002	0.7	2.5	1
79898.08750000002	0.7	2.4	1
80596.68180000002	0.62	2.7	1
81297.94860000002	0.77	2.0	1
82001.48790000002	0.92	1.7	1
82708.63300000002	0.66	2.7	1
83418.58390000001	0.73	2.1	1
84131.8739	0.68	2.5	1
84849.16970000001	0.6	3.0	1
85569.138	0.79	2.0	1
86291.7788	0.82	2.0	1
87017.7587	0.68	2.5	1
87747.3444	0.62	2.7	1
88480.2692	0.72	2.5	1
89215.99979999999	0.8	2.1	1
89955.33619999999	0.63	2.7	1
90697.6117	0.74	2.2	1
91443.3597	0.65	2.6	1
92192.3135	0.77	2.4	1
92944.4731	0.74	2.4	1
93699.7052	0.73	2.3	1
94457.4764	0.87	1.9	1
95218.4534	0.7	2.4	1
95982.7695	0.67	2.5	1
96749.75809999999	0.79	2.0	1
97520.4858	0.65	2.8	1
98293.48599999999	0.91	1.7	1
99069.5587	0.68	2.3	1
99848.8372	0.7	2.4	1
100630.9215	0.79	2.1	1
101415.9449	0.75	2.2	1
102204.3074	0.7	2.5	1
102996.409	0.63	2.8	1
103791.3164	0.71	2.1	1
104589.56289999999	0.65	2.5	1
105390.48189999998	0.84	2.0	1
106194.60669999999	0.71	2.4	1
107001.80399999999	0.77	2.3	1
107811.80709999999	0.8	2.1	1
108625.14929999999	0.73	2.5	1
109441.16399999999	0.81	2.0	1
110260.38449999999	0.73	2.4	1
111082.94409999998	0.7	2.5	1
111908.30949999997	0.76	2.1	1
112736.61399999997	0.79	2.2	1
113567.45759999997	0.85	1.9	1
114401.50699999997	0.73	2.4	1
115239.42889999997	0.57	2.9	1
116080.15659999997	0.81	2.1	1
116923.82339999998	0.76	2.2	1
117770.82929999998	0.68	2.5	1
118621.70769999998	0.6	2.9	1
119475.12519999998	0.8	1.9	1
120331.34849999998	0.8	2.1	1
121190.24429999998	0.77	2.0	1
122052.47919999997	0.71	2.5	1
122918.45319999997	0.63	2.8	1
123787.76629999997	0.69	2.5	1
124660.01849999998	0.78	2.2	1
125535.20979999998	0.76	2.2	1
126413.20689999998	0.78	2.1	1
127294.14309999997	0.74	2.2	1
128178.41839999997	0.66	2.5	1
129065.89949999997	0.73	2.4	1
129956.58639999997	0.69	2.4	1
130849.81239999997	0.82	1.9	1
131746.24419999996	0.69	2.4	1
132645.74849999996	0.67	2.3	1
133548.05859999996	0.78	2.1	1
