17.2058	0.83	12.9	1
31.3507	0.78	2.2	1
48.0347	0.86	1.9	1
67.65780000000001	0.75	2.2	1
90.22000000000001	0.82	2.2	1
115.72130000000001	0.75	2.2	1
144.4284	0.67	2.4	1
176.0746	0.77	2.2	1
210.6599	0.76	2.2	1
248.051	0.8	2.1	1
288.5146	0.69	2.3	1
332.3173	0.72	2.5	1
378.7925	0.85	2.0	1
428.6068	0.72	2.5	1
481.76020000000005	0.68	2.5	1
537.7194000000001	0.81	2.1	1
597.5511	0.6	2.9	1
660.3219	0.78	2.2	1
726.0318	0.76	2.2	1
794.1475	0.84	1.8	1
866.1357	0.62	2.9	1
942.1297000000001	0.6	3.0	1
1020.9295000000001	0.79	2.1	1
1102.1351	0.9	1.8	1
1186.1465	0.83	2.1	1
1272.8304	0.87	2.0	1
1362.4534	0.8	2.2	1
1455.0155000000002	0.76	2.2	1
1551.0501000000002	0.63	2.6	1
1649.8905000000002	0.82	2.1	1
1751.9367000000002	0.74	2.4	1
1857.0554000000002	0.76	2.3	1
1964.9799000000003	0.81	2.1	1
2076.2435	0.69	2.5	1
2190.7129	0.73	2.4	1
2308.3881	0.69	2.4	1
2429.0024000000003	0.75	2.2	1
2552.6892000000003	0.74	2.3	1
2679.0485000000003	0.82	2.0	1
2808.4803	0.73	2.3	1
2941.1179	0.73	2.4	1
3076.9613000000004	0.72	2.4	1
3215.8772000000004	0.75	2.3	1
3358.2656	0.7	2.6	1
3503.4598	0.84	2.1	1
3651.3265	0.86	2.0	1
3802.2657	0.72	2.3	1
3956.0107	0.79	2.1	1
4112.428199999999	0.81	2.0	1
4271.918199999999	0.77	2.3	1
4434.480699999999	0.78	2.3	1
4599.448999999999	0.88	1.8	1
4767.756399999998	0.68	2.5	1
4939.002899999999	0.78	2.2	1
5112.521899999999	0.92	1.7	1
5288.713399999999	0.86	2.0	1
5468.3773999999985	0.69	2.6	1
5651.513899999998	0.68	2.6	1
5838.1228999999985	0.69	2.6	1
6028.070999999998	0.71	2.5	1
6220.691599999998	0.8	2.0	1
6415.984699999998	0.81	2.0	1
6614.750299999998	0.7	2.6	1
6816.454999999998	0.77	2.2	1
7021.232199999999	0.77	2.3	1
7228.815199999998	0.81	2.1	1
7439.870699999999	0.67	2.6	1
7654.131999999999	0.74	2.4	1
7871.465799999999	0.78	2.3	1
8090.472099999999	0.82	2.0	1
8312.8175	0.7	2.5	1
8538.6354	0.69	2.6	1
8768.059099999999	0.65	2.7	1
9000.4219	0.77	2.2	1
9235.457199999999	0.81	2.0	1
9474.365	0.62	2.9	1
9716.078599999999	0.82	2.1	1
9960.864699999998	0.71	2.3	1
10209.389899999998	0.64	2.8	1
10460.587599999999	0.84	2.0	1
10714.7244	0.78	2.2	1
10971.667	0.77	2.1	1
11231.8154	0.69	2.4	1
11494.5029	0.8	1.9	1
11760.3962	0.75	2.4	1
12029.495299999999	0.76	2.4	1
12301.400199999998	0.81	2.1	1
12576.377599999998	0.75	2.3	1
12854.694099999999	0.7	2.5	1
13135.9497	0.76	2.2	1
13420.0111	0.85	2.1	1
13707.145	0.77	2.3	1
13997.4847	0.71	2.4	1
14290.763500000001	0.78	2.2	1
14587.3814	0.72	2.5	1
14887.205100000001	0.75	2.4	1
15190.234600000002	0.74	2.4	1
15496.469900000002	0.68	2.4	1
15805.777700000002	0.73	2.3	1
16118.158000000003	0.74	2.3	1
16433.210800000004	0.81	2.0	1
16751.602700000003	0.7	2.5	1
17073.733700000004	0.63	2.8	1
17398.937200000004	0.7	2.3	1
17727.479800000005	0.71	2.5	1
18058.828200000004	0.79	2.1	1
18392.982400000004	0.83	2.1	1
18730.075700000005	0.79	2.2	1
19069.708100000003	0.81	1.9	1
19412.013000000003	0.8	2.0	1
19757.123700000004	0.81	2.1	1
20104.906900000005	0.83	2.0	1
20455.895900000007	0.71	2.4	1
20810.090700000008	0.71	2.4	1
21166.69130000001	0.86	1.8	1
21526.89770000001	0.68	2.7	1
21890.17660000001	0.71	2.3	1
22256.26130000001	0.77	2.1	1
22625.28510000001	0.72	2.2	1
22996.58140000001	0.95	1.7	1
23370.68350000001	0.77	2.1	1
23748.79140000001	0.6	3.0	1
24129.838400000008	0.78	2.2	1
24513.557900000007	0.82	2.0	1
24900.216500000006	0.8	2.2	1
25290.080900000004	0.72	2.4	1
25683.017800000005	0.69	2.3	1
26079.427200000006	0.7	2.6	1
26479.175700000007	0.66	2.5	1
26882.39670000001	0.66	2.6	1
27288.156800000008	0.91	1.9	1
27697.52270000001	0.62	2.7	1
28110.22770000001	0.7	2.5	1
28525.47180000001	0.87	1.9	1
28944.18840000001	0.71	2.6	1
29365.71080000001	0.78	2.1	1
29790.172300000013	0.79	2.2	1
30217.572900000014	0.71	2.2	1
30647.646000000015	0.82	2.0	1
31080.524900000015	0.81	2.1	1
31516.209600000017	0.8	2.1	1
31954.566800000015	0.78	2.0	1
32395.596500000014	0.85	2.0	1
32839.96530000001	0.72	2.5	1
33287.53990000001	0.68	2.4	1
33737.78700000001	0.81	2.0	1
34190.83990000001	0.8	2.1	1
34646.69860000001	0.8	2.1	1
35105.49640000001	0.8	2.2	1
35566.96670000001	0.76	2.0	1
36031.64280000001	0.71	2.4	1
36499.52470000001	0.71	2.4	1
36970.612400000005	0.73	2.4	1
37445.43920000001	0.65	2.8	1
37923.071800000005	0.82	2.1	1
38403.510200000004	0.8	2.1	1
38886.621100000004	0.83	2.0	1
39374.137800000004	0.55	3.3	1
39864.460300000006	0.79	2.1	1
40357.45530000001	0.84	2.0	1
40853.522800000006	0.74	2.3	1
41352.79610000001	0.71	2.4	1
41855.0085	0.8	2.2	1
42360.0267	0.77	2.1	1
42868.384000000005	0.72	2.5	1
43379.8138	0.71	2.3	1
43894.716100000005	0.66	2.6	1
44413.357500000006	0.63	2.8	1
44935.07140000001	0.74	2.3	1
45460.39110000001	0.62	2.7	1
45988.51660000001	0.79	2.1	1
46519.04790000001	0.87	1.8	1
47052.51830000001	0.79	2.2	1
47588.66120000001	0.81	2.0	1
48127.47660000001	0.85	2.0	1
48669.23110000001	0.77	2.2	1
49214.05810000001	0.73	2.3	1
49761.69090000001	0.75	2.1	1
50312.79620000001	0.65	2.6	1
50867.10730000001	0.72	2.4	1
51423.82420000001	0.88	1.8	1
51983.74690000001	0.73	2.4	1
52547.675400000015	0.61	3.0	1
53114.40970000002	0.84	2.1	1
53684.21650000002	0.76	2.3	1
54256.695800000016	0.86	2.0	1
54831.847600000016	0.79	2.0	1
55409.671900000016	0.81	2.0	1
55990.30200000002	0.78	2.1	1
56573.471200000015	0.81	1.9	1
57159.979500000016	0.67	2.5	1
57750.093600000015	0.63	2.7	1
58342.880200000014	0.81	2.0	1
58938.87260000002	0.71	2.4	1
59537.404100000014	0.86	1.9	1
60138.34140000001	0.89	1.8	1
60742.48450000001	0.72	2.4	1
61350.10010000001	0.67	2.6	1
61960.25480000001	0.86	1.9	1
62572.68200000001	0.91	1.7	1
63187.78170000001	0.82	2.0	1
63805.82050000001	0.82	2.2	1
64426.665100000006	0.76	2.1	1
65051.11550000001	0.66	2.7	1
65678.3717	0.77	2.1	1
66308.56700000001	0.76	2.2	1
66941.30140000001	0.86	1.9	1
67577.37490000001	0.7	2.5	1
68216.92090000001	0.68	2.6	1
68859.53940000001	0.74	2.3	1
69506.0304	0.64	2.9	1
70155.4605	0.77	2.2	1
70808.0964	0.72	2.4	1
71463.8048	0.76	2.3	1
72123.11899999999	0.62	2.7	1
72784.83899999999	0.9	1.8	1
73449.76479999999	0.75	2.4	1
74118.02969999998	0.69	2.5	1
74789.63369999999	0.68	2.5	1
75464.4435	0.7	2.4	1
76141.65909999999	0.9	1.8	1
76822.34719999999	0.7	2.6	1
77506.10779999998	0.75	2.3	1
78192.54089999998	0.82	2.0	1
78881.51309999998	0.87	1.9	1
79573.02439999998	0.81	1.9	1
80267.07479999997	0.87	1.9	1
80963.93099999997	0.8	2.1	1
81663.45969999996	0.86	2.0	1
82366.06089999997	0.73	2.3	1
83071.60119999996	0.75	2.2	1
83779.94729999996	0.82	2.1	1
84491.63249999996	0.68	2.5	1
85205.72349999996	0.9	1.8	1
85922.48699999996	0.84	2.0	1
86642.58959999996	0.72	2.5	1
87365.36469999996	0.81	2.0	1
88090.94559999996	0.79	2.1	1
88818.93229999996	0.9	1.8	1
89550.65809999996	0.64	2.8	1
90285.32299999996	0.75	2.2	1
91022.79369999997	0.8	2.1	1
91762.93689999997	0.81	2.0	1
92505.88589999996	0.8	2.1	1
93251.37399999997	0.79	1.9	1
93999.93459999996	0.74	2.3	1
94751.16769999996	0.78	2.0	1
95505.73989999996	0.75	2.5	1
96263.91789999996	0.66	2.7	1
97024.63499999995	0.92	1.9	1
97788.29119999995	0.71	2.2	1
98554.75319999995	0.81	2.1	1
99323.88769999995	0.82	2.0	1
100095.82799999995	0.7	2.1	1
100870.44079999995	0.75	2.0	1
101648.79269999995	0.62	2.8	1
102430.21709999995	0.76	2.3	1
103214.31399999995	0.83	2.0	1
104001.61669999996	0.64	2.4	1
104791.45849999995	0.84	1.9	1
105583.83939999995	0.81	1.9	1
106379.69279999996	0.67	2.6	1
107178.35199999996	0.77	2.1	1
107979.95029999995	0.76	2.2	1
108784.62109999996	0.73	2.3	1
109592.36439999996	0.81	2.3	1
110403.71349999997	0.64	2.7	1
111218.13509999997	0.75	2.3	1
112035.62919999997	0.75	2.3	1
112856.06239999997	0.77	2.2	1
113679.56809999996	0.76	2.3	1
114506.81289999996	0.59	2.8	1
115336.86349999996	0.76	2.1	1
116169.71989999997	0.84	2.1	1
117005.64879999997	0.77	2.3	1
117844.91679999996	0.69	2.5	1
118687.25729999997	0.74	2.3	1
119532.93689999997	0.73	2.5	1
120381.95559999997	0.7	2.5	1
121233.78009999997	0.77	2.1	1
122088.01039999997	0.92	1.8	1
122944.91319999997	0.84	2.0	1
123804.48849999996	0.86	2.0	1
124667.40289999996	0.71	2.5	1
125532.72309999996	0.9	1.8	1
126401.24909999996	0.73	2.4	1
127272.98089999995	0.73	2.4	1
128147.91849999996	0.7	2.4	1
129025.92859999996	0.74	2.3	1
129907.27779999995	0.7	2.5	1
130791.43279999995	0.8	2.1	1
131678.79359999995	0.73	2.4	1
132569.09349999996	0.72	2.2	1
133462.06589999996	0.84	2.0	1
134358.24409999995	0.7	2.4	1
135257.22809999995	0.8	2.1	1
136159.28459999996	0.72	2.3	1
