16.8	0.35	0.8	1
44.1	0.44	0.5	1
81.9	0.51	0.5	1
128.1	0.53	0.4	1
185.9	0.32	0.6	1
258.4	0.35	0.7	1
347.7	0.34	0.8	1
453.79999999999995	0.35	0.8	1
578.8	0.35	0.9	1
720.5999999999999	0.36	0.8	1
881.3	0.35	0.9	1
1063.0	0.34	1.0	1
1267.8	0.32	1.1	1
1481.0	0.52	0.4	1
1711.0	0.38	0.8	1
1951.5	0.29	0.5	1
2213.0	0.31	1.0	1
2497.6	0.25	1.1	1
2801.1	0.31	0.9	1
3123.5	0.3	0.9	1
3462.7	0.37	0.8	1
3831.2999999999997	0.28	1.4	1
4227.2	0.27	1.3	1
4629.4	0.53	0.3	1
5050.5	0.3	0.9	1
5486.3	0.4	0.7	1
5945.2	0.32	1.1	1
6425.099999999999	0.29	1.0	1
6921.799999999999	0.26	0.8	1
7433.199999999999	0.39	0.7	1
7963.499999999999	0.33	0.9	1
8514.8	0.33	1.0	1
9087.199999999999	0.28	1.1	1
9682.699999999999	0.34	1.1	1
10290.8	0.39	0.6	1
10911.5	0.35	0.6	1
11542.7	0.44	0.5	1
12197.0	0.34	1.1	1
12868.1	0.37	0.8	1
13556.0	0.36	0.8	1
14262.8	0.37	0.9	1
14986.4	0.38	0.8	1
15728.9	0.36	0.9	1
16494.5	0.34	1.1	1
17283.2	0.29	1.1	1
18082.4	0.39	0.5	1
18898.4	0.33	0.8	1
19731.2	0.41	0.8	1
20582.9	0.38	0.9	1
21451.4	0.34	0.8	1
22340.9	0.27	1.0	1
23247.2	0.4	0.8	1
24168.2	0.38	0.7	1
25110.2	0.31	1.0	1
26069.0	0.32	0.8	1
27042.5	0.36	0.7	1
28034.9	0.33	0.9	1
29044.100000000002	0.33	0.8	1
30076.4	0.29	1.1	1
31131.800000000003	0.27	1.1	1
32212.4	0.32	1.2	1
33299.3	0.55	0.3	1
34394.600000000006	0.4	0.4	1
35508.8	0.36	0.9	1
36637.700000000004	0.32	0.7	1
37785.50000000001	0.32	0.9	1
38943.80000000001	0.37	0.5	1
40121.00000000001	0.36	0.9	1
41315.00000000001	0.35	0.8	1
42525.80000000001	0.43	0.8	1
43751.30000000001	0.36	0.7	1
44995.70000000001	0.32	0.9	1
46262.20000000001	0.32	1.1	1
47549.70000000001	0.31	1.0	1
48856.10000000001	0.32	0.9	1
50179.30000000001	0.36	0.8	1
51523.50000000001	0.3	1.0	1
52888.700000000004	0.29	1.0	1
54266.50000000001	0.43	0.6	1
55667.40000000001	0.31	1.1	1
57083.00000000001	0.38	0.7	1
58509.100000000006	0.43	0.5	1
59952.00000000001	0.34	0.8	1
61413.80000000001	0.35	0.9	1
62894.50000000001	0.33	0.9	1
64389.90000000001	0.4	0.7	1
65904.20000000001	0.37	0.9	1
67429.00000000001	0.34	0.5	1
68972.70000000001	0.36	0.9	1
70537.40000000001	0.34	1.0	1
72121.00000000001	0.32	0.9	1
73723.50000000001	0.31	0.9	1
75338.60000000002	0.45	0.6	1
76978.90000000002	0.29	1.2	1
78633.90000000002	0.39	0.7	1
80307.80000000002	0.33	0.9	1
82000.60000000002	0.34	0.9	1
83714.40000000002	0.32	1.0	1
85440.80000000002	0.35	0.6	1
87188.20000000001	0.32	1.0	1
