1.6	0.4	0.6	1
4.800000000000001	0.33	0.6	1
9.866700000000002	0.42	0.7	1
17.6001	0.33	1.0	1
26.666800000000002	0.36	0.5	1
37.3335	0.44	0.6	1
49.3335	0.47	0.5	1
62.2002	0.42	0.7	1
76.4002	0.43	0.5	1
92.4669	0.33	0.7	1
110.40029999999999	0.38	0.7	1
129.9337	0.51	0.6	1
151.06709999999998	0.38	0.6	1
174.3338	0.35	0.8	1
198.4005	0.55	0.3	1
223.8005	0.49	0.5	1
251.6005	0.32	0.9	1
281.2672	0.41	0.7	1
312.0006	0.42	0.4	1
345.134	0.39	0.9	1
380.9341	0.29	1.0	1
418.0675	0.47	0.5	1
457.6009	0.32	0.9	1
500.0676	0.29	1.1	1
543.3343	0.54	0.3	1
588.4677	0.35	0.7	1
635.4678	0.38	0.7	1
684.8679	0.34	0.9	1
736.1347	0.39	0.7	1
789.2682	0.35	0.7	1
844.2683999999999	0.39	0.7	1
900.6018999999999	0.46	0.5	1
958.8020999999999	0.31	0.7	1
1019.9355999999999	0.36	1.1	1
1083.4690999999998	0.33	0.9	1
1149.4026	0.35	0.9	1
1216.9361	0.41	0.6	1
1285.8029	0.52	0.5	1
1356.5364	0.43	0.7	1
1427.1366	0.43	0.7	1
1499.6035000000002	0.35	0.7	1
1573.1371000000001	0.53	0.4	1
1649.0707000000002	0.35	0.9	1
1726.0710000000001	0.54	0.4	1
1804.6713000000002	0.4	0.6	1
1885.4049000000002	0.39	0.8	1
1967.2052000000003	0.49	0.4	1
2050.8722000000002	0.44	0.7	1
2135.8725000000004	0.41	0.5	1
2221.9395000000004	0.56	0.4	1
2309.3398	0.44	0.5	1
2398.6068	0.32	0.7	1
2490.0071	0.35	0.8	1
2583.2740999999996	0.39	0.7	1
2678.4077999999995	0.46	0.7	1
2775.6747999999993	0.37	0.8	1
2876.1417999999994	0.33	1.2	1
2978.7420999999995	0.39	0.8	1
3082.9423999999995	0.47	0.6	1
3188.2093999999993	0.52	0.4	1
3295.609699999999	0.38	0.8	1
3404.343299999999	0.6	0.5	1
3514.676899999999	0.41	0.6	1
3626.077199999999	0.53	0.4	1
3739.077499999999	0.45	0.6	1
3854.4777999999988	0.35	0.9	1
3972.5447999999988	0.3	1.0	1
4090.6784999999986	0.56	0.4	1
4209.878899999999	0.45	0.4	1
4330.945999999999	0.38	0.7	1
4453.613099999999	0.43	0.6	1
4578.146899999999	0.39	0.7	1
4705.080699999999	0.33	0.9	1
4833.081199999999	0.44	0.4	1
4963.481699999998	0.31	0.9	1
5095.215499999998	0.46	0.5	1
5229.349299999998	0.31	0.9	1
5364.283099999998	0.53	0.3	1
5501.350199999998	0.35	0.8	1
5640.283999999998	0.41	0.7	1
5782.417799999997	0.31	1.2	1
5926.951599999998	0.37	0.9	1
6072.818699999998	0.39	0.5	1
6221.352499999998	0.33	1.0	1
6371.486299999998	0.37	0.6	1
6524.286799999998	0.34	1.0	1
6678.687299999998	0.41	0.6	1
6834.954499999998	0.44	0.7	1
6992.288399999998	0.55	0.4	1
7150.9555999999975	0.46	0.5	1
7312.022799999998	0.31	0.9	1
7475.489999999998	0.36	0.9	1
7642.423899999998	0.2	1.3	1
7811.2244999999975	0.37	0.7	1
7982.1583999999975	0.36	0.8	1
8156.292299999997	0.28	1.2	1
8332.026199999997	0.4	0.6	1
8510.426799999997	0.31	1.0	1
8690.427399999997	0.45	0.6	1
8872.294699999997	0.39	0.7	1
9056.828699999996	0.26	1.0	1
9244.295999999997	0.31	1.1	1
9433.629999999997	0.34	0.7	1
