1.4667	0.35	0.8	1
4.4001	0.39	0.8	1
9.1668	0.34	1.0	1
15.4002	0.41	0.8	1
22.2836	0.33	0.9	1
30.817	0.36	0.9	1
40.8171	0.35	0.8	1
52.6505	0.32	1.0	1
65.95060000000001	0.35	0.8	1
81.084	0.31	1.0	1
97.8674	0.33	0.9	1
116.30080000000001	0.31	0.9	1
136.38420000000002	0.36	0.9	1
157.9343	0.36	0.8	1
181.3177	0.33	1.0	1
206.5344	0.3	1.0	1
233.2178	0.38	0.8	1
262.1012	0.3	1.2	1
293.3679	0.26	1.3	1
326.2846	0.31	0.9	1
362.868	0.24	2.0	1
400.9181	0.37	0.8	1
440.6182	0.37	0.9	1
482.15160000000003	0.34	1.0	1
525.5183000000001	0.33	1.0	1
570.3517	0.32	0.8	1
617.0184	0.32	1.0	1
665.3351	0.31	0.9	1
715.3018	0.34	0.9	1
768.7518	0.21	1.9	1
824.4018	0.28	1.2	1
881.7017999999999	0.36	0.9	1
940.8350999999999	0.34	1.0	1
1001.4350999999999	0.36	0.8	1
1063.6851	0.31	0.9	1
1127.7684	0.33	1.0	1
1194.0517	0.32	1.2	1
1261.8017	0.35	0.8	1
1331.385	0.3	1.0	1
1402.985	0.31	1.1	1
1476.4182999999998	0.34	1.0	1
1552.0515999999998	0.31	1.2	1
1629.1515999999997	0.34	0.8	1
1707.7182999999998	0.37	0.8	1
1787.9349999999997	0.35	0.9	1
1869.8016999999998	0.34	0.9	1
1953.6850999999997	0.3	1.1	1
2039.4017999999996	0.3	1.0	1
2126.9518	0.32	1.0	1
2215.9685	0.39	0.8	1
2306.8185	0.35	1.0	1
2399.3185	0.36	0.9	1
2493.4685	0.32	0.9	1
2589.4518	0.32	1.0	1
2686.9017999999996	0.35	0.8	1
2784.1850999999997	0.29	1.0	1
2883.1184	0.38	0.9	1
2983.7016999999996	0.31	0.9	1
3085.7517	0.41	0.8	1
3190.0017	0.3	1.2	1
3295.7183999999997	0.35	0.8	1
3403.0851	0.36	0.9	1
3513.2018	0.25	1.5	1
3624.9685	0.33	0.9	1
3739.6684999999998	0.23	1.6	1
3856.2018	0.34	1.0	1
3974.9350999999997	0.33	1.2	1
4095.5017	0.33	1.0	1
4217.535	0.35	0.8	1
4341.035	0.35	0.8	1
4466.5517	0.3	1.1	1
4593.5351	0.37	0.8	1
4722.7185	0.31	1.2	1
4853.5519	0.33	0.9	1
4985.852000000001	0.4	0.8	1
5119.9854000000005	0.31	1.0	1
5255.9521	0.29	1.0	1
5393.3855	0.37	0.8	1
5532.2856	0.34	0.8	1
5672.8357000000005	0.39	0.9	1
5814.852500000001	0.29	0.8	1
5959.619300000001	0.31	1.5	1
6106.219400000001	0.28	1.0	1
6254.469500000001	0.36	0.9	1
6404.369600000001	0.39	0.9	1
6555.919700000001	0.36	0.9	1
6708.936500000002	0.37	0.8	1
6863.420000000002	0.39	0.8	1
7019.7368000000015	0.32	1.0	1
7178.4369000000015	0.3	1.3	1
7338.6037000000015	0.36	0.8	1
7500.237200000001	0.39	0.8	1
7663.337400000001	0.36	0.8	1
7827.904300000001	0.38	0.8	1
7993.937900000001	0.35	0.8	1
8161.4382000000005	0.37	0.8	1
8330.5885	0.33	0.9	1
8501.5721	0.36	1.0	1
8674.0224	0.4	0.8	1
8848.4894	0.32	1.1	1
9024.973100000001	0.29	1.1	1
9203.106800000001	0.34	0.9	1
9382.890500000001	0.35	0.9	1
9564.324200000001	0.39	0.9	1
9747.5912	0.31	1.0	1
9932.324900000001	0.37	0.8	1
10118.891900000002	0.36	1.0	1
10307.108900000003	0.34	0.9	1
10497.159200000004	0.34	1.0	1
10688.676200000004	0.36	0.8	1
10881.659900000004	0.32	0.8	1
11076.110300000004	0.35	0.8	1
11272.210700000003	0.38	0.9	1
11469.777800000003	0.37	0.8	1
11669.178200000004	0.32	1.0	1
11870.228600000004	0.34	0.9	1
12072.929000000004	0.37	0.9	1
12277.096100000004	0.39	0.8	1
12482.913200000005	0.32	0.9	1
12690.197000000004	0.32	0.8	1
12898.947500000004	0.43	0.8	1
13109.348000000004	0.36	0.9	1
13321.398500000003	0.33	0.9	1
13535.099000000004	0.37	0.9	1
13751.549500000005	0.28	1.5	1
13969.650000000005	0.43	0.9	1
14189.583800000006	0.36	1.0	1
14411.167600000006	0.34	0.9	1
14634.401400000006	0.35	0.9	1
14859.101900000007	0.34	0.8	1
15084.635700000006	0.33	1.0	1
15312.002800000006	0.3	1.0	1
15540.836600000006	0.31	0.8	1
15771.320400000006	0.35	0.9	1
16003.454200000006	0.37	0.9	1
16237.421300000005	0.29	1.0	1
16473.038400000005	0.34	0.9	1
16710.672200000005	0.31	1.1	1
16950.872700000004	0.29	1.4	1
17192.723200000004	0.34	0.9	1
17436.040400000005	0.36	0.8	1
17681.740900000004	0.28	1.3	1
17928.908100000004	0.36	0.8	1
18177.725300000006	0.37	0.9	1
18428.375800000005	0.34	1.0	1
18681.226300000006	0.3	1.2	1
18935.726800000004	0.31	0.9	1
19192.244000000002	0.31	1.1	1
19450.2279	0.37	0.8	1
19709.6785	0.35	0.8	1
19970.595800000003	0.35	0.8	1
20233.529800000004	0.32	1.1	1
20498.297100000003	0.33	1.0	1
20764.714400000004	0.36	0.9	1
21032.598400000003	0.34	0.8	1
21301.9491	0.34	0.8	1
21572.949800000002	0.33	0.9	1
21845.7838	0.32	1.0	1
22120.6345	0.29	1.1	1
22397.1352	0.35	0.9	1
22675.4692	0.33	1.0	1
22955.4532	0.31	0.9	1
23236.9039	0.36	0.8	1
23520.371300000003	0.3	1.1	1
23805.4887	0.33	0.9	1
24092.256100000002	0.32	0.9	1
24381.040200000003	0.3	1.1	1
24671.291000000005	0.38	0.8	1
24964.475100000003	0.23	1.6	1
25259.125900000003	0.39	0.8	1
25555.426700000004	0.34	0.9	1
25853.560800000003	0.31	1.0	1
26153.161600000003	0.35	0.8	1
26454.229100000004	0.36	0.8	1
26756.946600000003	0.34	0.9	1
27061.130800000003	0.37	0.8	1
27367.148300000004	0.32	1.0	1
27674.632500000003	0.35	0.8	1
27984.316700000003	0.27	1.2	1
28295.467600000004	0.38	0.8	1
28608.085200000005	0.38	0.8	1
28922.536100000005	0.34	1.0	1
29238.637000000006	0.33	0.9	1
29556.571200000006	0.31	1.0	1
29876.522100000006	0.29	1.1	1
