1.0725	0.34	0.8	1
3.3507999999999996	0.37	0.9	1
6.7016	0.37	0.8	1
11.3915	0.35	1.0	1
17.1539	0.35	0.8	1
25.9888	0.21	2.3	1
35.2295	0.45	0.3	1
47.676	0.24	2.4	1
60.9283	0.45	0.6	1
75.9197	0.28	1.3	1
90.5836	0.55	0.5	1
105.7866	0.43	0.4	1
122.1954	0.32	0.9	1
140.07670000000002	0.3	1.1	1
159.1638	0.33	0.9	1
179.19	0.39	0.7	1
200.2887	0.37	0.8	1
222.4599	0.33	0.8	1
245.30360000000002	0.44	0.5	1
269.35310000000004	0.37	0.9	1
294.47510000000005	0.39	0.8	1
320.53620000000006	0.39	0.7	1
347.8031000000001	0.33	0.9	1
376.1425000000001	0.38	0.8	1
405.4210000000001	0.45	0.7	1
435.6386000000001	0.4	0.7	1
466.9287000000001	0.37	0.8	1
499.6913000000001	0.3	1.1	1
533.3930000000001	0.33	0.7	1
567.6338000000002	0.53	0.4	1
602.5471000000002	0.52	0.5	1
638.9329000000002	0.33	1.1	1
676.6578000000003	0.32	1.0	1
715.4552000000003	0.36	0.8	1
755.4584000000003	0.36	0.9	1
796.5341000000003	0.38	0.8	1
838.8156000000004	0.33	0.9	1
881.9029000000004	0.4	0.6	1
925.5293000000004	0.33	0.4	1
970.4948000000004	0.33	1.0	1
1016.6661000000004	0.36	0.9	1
1063.9099000000003	0.39	0.8	1
1112.6262000000004	0.27	1.1	1
1162.6816000000003	0.31	1.0	1
1214.0761000000005	0.34	1.0	1
1266.6764000000005	0.32	0.9	1
1320.4825000000005	0.33	0.9	1
1375.6277000000005	0.32	1.0	1
1431.9787000000006	0.34	0.9	1
1489.1355000000005	0.37	0.6	1
1547.3648000000005	0.31	0.8	1
1606.7999000000004	0.38	0.9	1
1667.1741000000004	0.42	0.7	1
1728.7541000000003	0.34	0.9	1
1791.2732000000003	0.38	0.7	1
1855.2648000000004	0.3	1.1	1
1920.3289000000004	0.35	0.8	1
1986.4655000000005	0.38	0.8	1
2053.5412000000006	0.42	0.7	1
2122.0894000000008	0.31	1.1	1
2191.7101000000007	0.38	0.8	1
2262.2699000000007	0.35	0.7	1
2334.035500000001	0.33	0.9	1
2407.0069000000008	0.37	0.9	1
2479.050800000001	0.42	0.8	1
2552.167200000001	0.34	0.8	1
2625.956100000001	0.37	0.5	1
2701.084100000001	0.32	1.0	1
2777.551200000001	0.31	1.0	1
2855.090800000001	0.33	0.8	1
2934.102900000001	0.31	1.1	1
3014.187500000001	0.35	0.8	1
3095.477900000001	0.33	0.9	1
3177.4408000000008	0.5	0.5	1
3260.342800000001	0.44	0.7	1
3344.450600000001	0.38	0.9	1
3429.630900000001	0.36	0.8	1
3516.417000000001	0.27	1.2	1
3604.275600000001	0.43	0.8	1
3693.6067000000007	0.29	1.1	1
3784.010300000001	0.34	0.8	1
3875.6197000000006	0.33	0.9	1
3968.1682000000005	0.39	0.7	1
4061.2558000000004	0.55	0.4	1
4155.149200000001	0.39	0.6	1
4250.2484	0.37	0.9	1
4346.553400000001	0.31	0.9	1
4443.664200000001	0.37	0.6	1
4541.580800000001	0.42	0.6	1
4640.8365	0.3	1.0	1
4740.6313	0.55	0.4	1
4841.7652	0.3	1.0	1
4943.9716	0.38	0.8	1
5047.2505	0.35	0.8	1
5152.0019	0.29	1.1	1
5257.9591	0.33	0.9	1
5366.1888	0.24	1.7	1
5475.2243	0.44	0.6	1
5585.198899999999	0.4	0.7	1
5696.245999999999	0.4	0.8	1
5807.9655999999995	0.52	0.5	1
5921.024299999999	0.39	1.0	1
6035.155499999999	0.36	0.8	1
6150.359199999999	0.35	0.8	1
6266.768699999999	0.33	0.9	1
6384.250699999999	0.31	0.8	1
6503.2051999999985	0.33	1.1	1
6623.232199999999	0.34	0.8	1
6744.464999999998	0.36	0.9	1
6866.236899999998	0.55	0.4	1
6989.081299999998	0.4	0.8	1
7113.131499999998	0.37	0.9	1
7237.720799999997	0.57	0.4	1
7363.2491999999975	0.42	0.7	1
7489.050099999998	0.72	0.2	1
7616.723499999997	0.3	1.4	1
7745.602699999998	0.37	0.9	1
7875.287699999998	0.43	0.6	1
8006.178499999998	0.32	0.9	1
8138.541799999998	0.31	1.1	1
8271.977599999998	0.37	0.8	1
8406.485899999998	0.41	0.8	1
8542.066699999998	0.37	0.8	1
8678.719999999998	0.39	0.8	1
8816.312399999997	0.41	0.7	1
8955.377299999996	0.34	1.1	1
9095.114699999996	0.35	0.5	1
9236.191199999996	0.29	1.0	1
9379.140199999996	0.31	1.4	1
9522.894999999997	0.42	0.6	1
9668.122299999997	0.32	1.1	1
9814.422099999998	0.39	0.8	1
9962.060999999998	0.32	1.0	1
10110.772399999998	0.39	0.8	1
10260.422899999998	0.37	0.7	1
10411.145899999998	0.39	0.8	1
10562.407999999998	0.62	0.4	1
10714.875899999997	0.32	0.9	1
10868.816299999997	0.29	1.1	1
11023.962499999996	0.32	0.9	1
11180.181199999995	0.4	0.8	1
11337.738999999996	0.31	1.0	1
11496.369299999997	0.36	0.8	1
11655.938699999997	0.37	0.7	1
11816.580599999998	0.33	0.8	1
11978.294999999998	0.36	0.8	1
12141.481899999999	0.31	1.1	1
12305.8746	0.36	0.9	1
12470.939799999998	0.52	0.5	1
12637.210799999999	0.34	0.9	1
12804.154299999998	0.54	0.5	1
12972.303599999997	0.33	0.9	1
13141.658699999998	0.33	0.9	1
13312.352899999998	0.32	1.0	1
13483.119599999998	0.4	0.8	1
13654.958799999999	0.36	0.8	1
13827.870499999999	0.39	0.8	1
14001.8547	0.39	0.8	1
14176.5114	0.46	0.5	1
14352.373899999999	0.37	0.9	1
14529.1755	0.41	0.7	1
14707.1829	0.47	0.9	1
14886.3961	0.35	0.9	1
15066.5484	0.44	0.7	1
15247.1065	0.53	0.3	1
15428.7371	0.32	0.8	1
15611.3068	0.37	0.7	1
15794.949	0.34	0.8	1
15980.197	0.28	1.2	1
16166.1175	0.46	0.5	1
16352.9771	0.4	0.7	1
16540.6425	0.44	0.6	1
16729.780400000003	0.32	1.1	1
16919.990800000003	0.35	0.8	1
17111.2737	0.38	0.8	1
17303.3624	0.43	0.6	1
17495.9902	0.56	0.4	1
17689.823800000002	0.38	0.9	1
17884.9965	0.34	1.0	1
18081.5083	0.34	1.0	1
18279.0926	0.32	0.8	1
18477.616	0.36	0.7	1
18677.4785	0.36	1.0	1
18878.413500000002	0.34	0.8	1
19079.754300000004	0.59	0.3	1
19282.034200000006	0.36	0.7	1
19484.986600000004	0.44	0.5	1
19689.278100000003	0.31	1.0	1
19894.508700000002	0.36	0.7	1
20100.811800000003	0.37	0.8	1
20308.187400000003	0.38	0.8	1
20515.968800000002	0.44	0.3	1
20724.8227	0.31	0.8	1
20934.2157	0.41	0.4	1
21145.3478	0.27	1.3	1
21357.5524	0.36	0.8	1
21570.8295	0.34	0.8	1
21785.4457	0.31	1.0	1
22001.1344	0.34	0.8	1
22217.8956	0.34	0.8	1
22435.7293	0.39	0.8	1
22654.3688	0.49	0.6	1
22874.2141	0.35	0.9	1
23095.2652	0.37	0.9	1
23317.3888	0.37	0.8	1
23540.5849	0.32	0.8	1
23764.8535	0.36	0.8	1
23989.661200000002	0.52	0.4	1
24215.674700000003	0.31	0.9	1
24442.227300000002	0.57	0.4	1
24670.119000000002	0.3	1.0	1
24899.0832	0.35	0.8	1
25129.2532	0.35	0.9	1
25360.4957	0.33	0.8	1
25593.4773	0.27	1.3	1
25827.397999999997	0.37	0.7	1
26062.3912	0.35	0.8	1
