0.5391	0.52	0.4	1
2.2840000000000003	0.33	0.9	1
4.8347	0.5	0.6	1
8.4579	0.38	0.8	1
13.420200000000001	0.31	1.0	1
18.655	0.61	0.2	1
23.8289	0.34	0.7	1
30.0753	0.38	0.8	1
37.527499999999996	0.35	0.9	1
46.1855	0.35	0.9	1
55.6493	0.45	0.6	1
66.3189	0.34	0.9	1
78.061	0.33	0.8	1
91.1422	0.31	1.0	1
104.7625	0.45	0.4	1
119.7219	0.3	1.0	1
135.3538	0.43	0.5	1
152.0582	0.33	0.8	1
169.8351	0.36	0.8	1
188.4178	0.33	0.6	1
207.5396	0.41	0.4	1
228.00050000000002	0.34	1.0	1
248.86720000000003	0.49	0.3	1
270.9397	0.33	0.9	1
294.35130000000004	0.32	1.0	1
318.83540000000005	0.38	0.8	1
344.79200000000003	0.31	1.1	1
371.6877	0.37	0.7	1
399.52250000000004	0.41	0.7	1
428.5631	0.31	0.9	1
458.5428	0.38	0.7	1
489.8616	0.31	1.0	1
521.7195	0.49	0.4	1
554.5165000000001	0.44	0.7	1
588.7860000000001	0.3	1.1	1
623.8613	0.43	0.6	1
659.4757000000001	0.45	0.4	1
696.2959000000001	0.33	0.9	1
734.4552000000001	0.3	1.0	1
773.8203000000001	0.36	0.9	1
814.2579000000001	0.31	0.8	1
855.768	0.36	0.8	1
897.8172000000001	0.4	0.4	1
940.9389000000001	0.35	0.8	1
985.6664000000001	0.25	1.2	1
1031.7330000000002	0.32	1.0	1
1079.0054000000002	0.36	0.9	1
1127.2169000000004	0.37	0.7	1
1176.6342000000004	0.36	0.9	1
1227.3906000000004	0.3	1.0	1
1279.0861000000004	0.36	0.7	1
1331.5874000000003	0.46	0.6	1
1383.0278000000003	0.42	0.7	1
1435.4073000000003	0.35	0.7	1
1489.5259000000003	0.26	1.3	1
1544.9836000000003	0.34	1.0	1
1601.5138000000002	0.37	0.8	1
1659.2498000000003	0.34	0.9	1
1717.6583000000003	0.45	0.5	1
1777.2726000000002	0.35	0.9	1
1838.0927000000001	0.35	0.9	1
1900.6519	0.25	1.3	1
1964.5502000000001	0.36	1.0	1
2029.5210000000002	0.4	0.8	1
2095.2976000000003	0.44	0.6	1
2162.4133	0.31	1.0	1
2230.8681	0.33	1.0	1
2300.7954	0.27	1.1	1
2372.8618	0.29	1.6	1
2446.2673	0.34	1.0	1
2520.3453	0.48	0.5	1
2596.0290999999997	0.3	1.2	1
2673.1854	0.33	1.1	1
2751.4141999999997	0.38	0.8	1
2830.8487999999998	0.35	0.9	1
2911.8891999999996	0.32	1.2	1
2994.1353999999997	0.32	0.9	1
3077.4540999999995	0.37	0.8	1
3161.8452999999995	0.46	0.8	1
3247.0422999999996	0.4	0.6	1
3332.9117999999994	0.39	0.5	1
3419.8537999999994	0.37	0.8	1
3508.1348999999996	0.33	1.0	1
3597.0884999999994	0.42	0.5	1
3687.5145999999995	0.29	1.1	1
3779.1464999999994	0.32	0.9	1
3871.9841999999994	0.34	0.9	1
3966.1609999999996	0.34	1.0	1
4061.5435999999995	0.36	0.9	1
4158.798699999999	0.25	1.4	1
4257.392899999999	0.33	1.0	1
4357.192899999999	0.33	0.9	1
4458.198699999999	0.37	0.9	1
4559.610299999999	0.61	0.3	1
4662.4944	0.32	1.1	1
4766.7176	0.33	1.0	1
4872.0133	0.38	0.8	1
4978.5148	0.37	0.9	1
5086.2221	0.34	0.9	1
5194.8685	0.38	0.7	1
5304.1874	0.55	0.5	1
5414.5788	0.35	0.8	1
5526.3093	0.35	1.0	1
5639.1123	0.34	0.8	1
5752.1878	0.61	0.2	1
5866.3358	0.38	0.8	1
5982.0896	0.3	1.2	1
6099.849200000001	0.26	1.5	1
6218.814600000001	0.37	0.9	1
6338.7191	0.36	0.7	1
6459.6961	0.38	0.8	1
6581.7456	0.37	0.8	1
6705.2676	0.32	1.1	1
6830.3954	0.3	1.2	1
6956.862300000001	0.33	1.0	1
7084.6683	0.27	1.0	1
7213.6801000000005	0.35	0.9	1
7343.7644	0.35	0.8	1
7474.9212	0.38	0.8	1
7607.1505	0.36	0.8	1
7740.585599999999	0.34	0.9	1
7874.9598	0.39	0.7	1
8010.5398	0.33	0.9	1
8146.9256	0.4	0.6	1
8284.2505	0.43	0.7	1
8422.9145	0.33	1.0	1
8562.784300000001	0.37	0.9	1
8703.726600000002	0.42	0.8	1
8845.741400000003	0.38	0.8	1
8988.828700000002	0.43	0.8	1
9132.455100000001	0.62	0.4	1
9277.287300000002	0.36	0.9	1
9422.658600000002	0.51	0.4	1
9569.235700000003	0.33	0.9	1
9716.018600000003	0.35	0.9	1
9864.007300000003	0.33	0.9	1
10012.801800000003	0.47	0.6	1
10162.802100000003	0.36	0.9	1
10314.141500000003	0.34	1.0	1
10466.153400000003	0.4	0.5	1
10619.237800000003	0.35	0.8	1
10774.061300000003	0.27	1.3	1
10930.090600000003	0.33	0.9	1
11086.392400000002	0.64	0.2	1
11243.900000000003	0.38	0.9	1
11402.480100000002	0.38	0.8	1
11562.132700000002	0.37	0.8	1
11722.857800000002	0.4	0.8	1
11885.055400000001	0.33	1.1	1
12048.3255	0.36	0.8	1
12212.6681	0.37	0.8	1
12378.083200000001	0.37	0.8	1
12544.170800000002	0.41	0.5	1
12711.197500000002	0.38	0.7	1
12879.430000000002	0.35	0.9	1
13049.535000000002	0.26	1.4	1
13220.445800000001	0.47	0.6	1
13392.5624	0.34	0.9	1
13565.618100000002	0.42	0.7	1
13739.479600000002	0.43	0.6	1
13914.280200000003	0.36	0.7	1
14090.153300000004	0.38	0.8	1
14267.632200000004	0.31	1.2	1
14446.183600000004	0.4	0.8	1
14625.407500000005	0.44	0.5	1
14805.703900000004	0.34	0.8	1
14987.206100000005	0.28	0.9	1
15169.914100000005	0.32	0.9	1
15353.694600000006	0.38	0.8	1
15538.414200000007	0.42	0.7	1
15724.206300000007	0.36	0.8	1
15911.070900000008	0.4	0.8	1
16099.008000000007	0.38	0.8	1
16288.017600000006	0.34	0.8	1
16478.099700000006	0.37	0.8	1
16669.387600000005	0.29	0.9	1
16862.148000000005	0.31	1.1	1
17056.247500000005	0.3	1.0	1
17251.286100000005	0.37	0.7	1
17447.397200000003	0.39	0.8	1
17644.714100000005	0.38	0.9	1
17843.903500000004	0.29	1.4	1
18044.432000000004	0.33	1.0	1
18246.033000000003	0.36	0.8	1
18448.5731	0.35	0.7	1
18652.052300000003	0.37	0.7	1
18857.004000000004	0.32	1.1	1
19062.894800000005	0.39	0.7	1
19270.124700000004	0.3	1.0	1
19478.293700000006	0.39	0.7	1
19687.535200000006	0.34	0.8	1
19897.315800000004	0.53	0.4	1
20108.168900000004	0.37	0.8	1
20320.094500000003	0.39	0.8	1
20533.092600000004	0.33	0.8	1
20747.163200000003	0.33	0.8	1
20962.1729	0.4	0.7	1
