1.34	0.42	0.5	1
3.7534	0.58	0.4	1
7.2402	0.46	0.4	1
12.067	0.46	0.5	1
18.767200000000003	0.44	0.7	1
26.0741	0.45	0.6	1
34.721000000000004	0.41	0.5	1
44.7079	0.48	0.5	1
56.301500000000004	0.4	0.6	1
70.0351	0.41	0.8	1
85.3754	0.44	0.6	1
102.5891	0.4	0.7	1
121.6762	0.41	0.7	1
142.6367	0.36	0.7	1
166.0039	0.31	0.9	1
191.5111	0.41	0.8	1
218.89170000000001	0.4	0.7	1
248.1457	0.38	0.7	1
279.2731	0.41	0.7	1
312.8072	0.36	0.9	1
347.6813	0.46	0.5	1
383.6288	0.54	0.4	1
421.183	0.45	0.6	1
461.4106	0.33	1.0	1
504.3116	0.35	1.0	1
550.1526	0.32	1.1	1
598.1336	0.31	0.8	1
647.988	0.41	0.7	1
698.9158000000001	0.33	0.4	1
752.2503000000002	0.34	0.9	1
807.1915000000001	0.33	0.6	1
864.0061000000002	0.42	0.7	1
922.9607000000002	0.37	0.8	1
983.2553000000003	0.4	0.5	1
1045.6899000000003	0.39	0.8	1
1109.9979000000003	0.36	0.7	1
1176.1793000000002	0.38	0.7	1
1244.7674000000002	0.35	0.9	1
1316.0289000000002	0.32	1.0	1
1388.0971000000002	0.45	0.3	1
1462.5720000000001	0.3	0.9	1
1536.9203000000002	0.43	0.7	1
1613.9420000000002	0.28	1.0	1
1693.6371000000001	0.33	1.0	1
1774.9389	0.35	0.6	1
1857.5807	0.51	0.5	1
1941.2959	0.42	0.4	1
2027.6845	0.37	1.0	1
2116.2131	0.39	0.8	1
2206.6151	0.39	0.7	1
2298.6238	0.41	0.6	1
2393.0391999999997	0.33	0.9	1
2489.3279999999995	0.37	0.7	1
2587.4901999999997	0.4	0.7	1
2688.0591	0.36	0.9	1
2790.2347	0.43	0.6	1
2893.7503	0.48	0.5	1
2999.4059	0.37	0.8	1
3108.0015000000003	0.34	1.1	1
3218.2038000000002	0.37	0.6	1
3329.4795000000004	0.49	0.4	1
3443.1619000000005	0.35	0.9	1
3559.5177000000003	0.33	1.0	1
3677.2135000000003	0.34	0.5	1
3795.9827000000005	0.51	0.4	1
3916.6253000000006	0.38	0.7	1
4039.1413000000007	0.41	0.7	1
4163.5307	0.36	0.7	1
4289.793500000001	0.39	0.7	1
4417.1297	0.45	0.4	1
4545.339300000001	0.39	0.7	1
4675.155600000001	0.41	0.6	1
4806.578600000001	0.4	0.6	1
4939.075000000001	0.52	0.4	1
5074.2448	0.32	1.0	1
5211.2880000000005	0.39	0.7	1
5350.471200000001	0.36	0.8	1
5491.794400000001	0.32	0.8	1
5635.257600000001	0.35	0.8	1
5780.8608	0.41	0.8	1
5928.3374	0.43	0.7	1
6077.687400000001	0.4	0.7	1
6229.710800000001	0.32	1.0	1
6384.4076000000005	0.34	1.0	1
6541.2444000000005	0.33	0.8	1
6700.4879	0.35	0.9	1
6862.1381	0.35	0.9	1
7024.8617	0.6	0.4	1
7191.592000000001	0.28	1.5	1
7359.395700000001	0.45	0.4	1
7528.272800000001	0.52	0.4	1
7700.356600000001	0.29	1.2	1
7874.847100000001	0.33	0.9	1
8050.677600000001	0.48	0.5	1
8228.114800000001	0.46	0.6	1
8407.425400000002	0.36	0.7	1
8588.609400000001	0.44	0.7	1
8770.866800000002	0.57	0.4	1
8954.730900000002	0.41	0.6	1
9140.201700000001	0.45	0.6	1
9327.2792	0.43	0.6	1
9516.2301	0.43	0.7	1
9706.521	0.31	0.5	1
9899.4853	0.33	1.0	1
10095.3896	0.26	1.1	1
10293.4339	0.33	0.8	1
10492.8182	0.47	0.5	1
10693.5425	0.31	0.5	1
10896.1402	0.38	0.7	1
11100.6113	0.38	0.7	1
11306.6891	0.33	0.6	1
