0.54	0.48	0.2	1
1.62	0.53	0.2	1
3.24	0.51	0.2	1
5.4	0.55	0.2	1
8.100000000000001	0.58	0.2	1
11.340000000000002	0.51	0.2	1
15.386700000000001	0.46	0.3	1
19.9734	0.44	0.2	1
25.1001	0.44	0.2	1
30.5002	0.61	0.1	1
36.707	0.41	0.3	1
43.4538	0.63	0.2	1
50.7406	0.63	0.2	1
58.5674	0.56	0.2	1
67.2009	0.36	0.3	1
76.37440000000001	0.43	0.2	1
86.0879	0.55	0.2	1
96.34140000000001	0.49	0.2	1
107.1349	0.4	0.2	1
118.4684	0.54	0.2	1
130.3419	0.5	0.2	1
143.02210000000002	0.5	0.3	1
156.24230000000003	0.58	0.2	1
170.00250000000003	0.55	0.2	1
184.30270000000002	0.57	0.2	1
199.14290000000003	0.54	0.2	1
214.52310000000003	0.46	0.2	1
230.44330000000002	0.5	0.2	1
247.17020000000002	0.39	0.3	1
264.43710000000004	0.51	0.2	1
282.51070000000004	0.36	0.3	1
301.12430000000006	0.5	0.2	1
320.27790000000005	0.54	0.2	1
339.97150000000005	0.52	0.2	1
360.2051000000001	0.61	0.2	1
380.97870000000006	0.55	0.2	1
402.29230000000007	0.49	0.2	1
424.41260000000005	0.47	0.3	1
446.8063000000001	0.54	0.1	1
469.74000000000007	0.55	0.2	1
493.2137000000001	0.62	0.2	1
517.2274000000001	0.67	0.2	1
541.7811000000002	0.53	0.2	1
566.6082000000001	0.62	0.1	1
591.9753000000002	0.55	0.2	1
618.1491000000002	0.42	0.3	1
644.8629000000002	0.54	0.2	1
672.1167000000002	0.5	0.2	1
699.9105000000002	0.53	0.2	1
727.9777000000001	0.61	0.1	1
756.5849000000002	0.58	0.2	1
785.7321000000002	0.6	0.2	1
815.4193000000001	0.58	0.2	1
845.6465000000002	0.42	0.2	1
876.4137000000002	0.54	0.2	1
907.9876000000002	0.38	0.3	1
939.8349000000002	0.6	0.1	1
972.2222000000002	0.63	0.2	1
1005.1495000000002	0.47	0.2	1
1038.8835000000001	0.39	0.3	1
1073.1575000000003	0.61	0.2	1
1107.9715000000003	0.5	0.2	1
1143.5922000000003	0.43	0.3	1
1180.0196000000003	0.52	0.3	1
1216.9870000000003	0.56	0.2	1
1254.4944000000003	0.51	0.2	1
1292.5418000000002	0.57	0.2	1
1330.8626000000002	0.56	0.1	1
1369.7234	0.48	0.2	1
1409.1242	0.56	0.2	1
1448.7984	0.74	0.1	1
1489.2793	0.46	0.3	1
1530.3002	0.6	0.2	1
1571.8610999999999	0.57	0.2	1
1613.9619999999998	0.48	0.2	1
1656.6028999999999	0.57	0.2	1
1700.0504999999998	0.5	0.3	1
1744.0380999999998	0.47	0.2	1
1788.5656999999997	0.46	0.2	1
1833.6332999999997	0.55	0.2	1
1879.2408999999998	0.64	0.2	1
1925.3884999999998	0.6	0.2	1
1972.3428	0.41	0.3	1
2019.8371	0.48	0.2	1
2067.8714	0.58	0.2	1
2116.4457	0.58	0.2	1
2165.5600000000004	0.52	0.2	1
2214.9477000000006	0.59	0.1	1
2264.875400000001	0.59	0.2	1
2315.343100000001	0.49	0.2	1
2366.350800000001	0.64	0.2	1
2417.898500000001	0.46	0.2	1
2469.986200000001	0.54	0.2	1
2522.613900000001	0.57	0.2	1
2575.781600000001	0.52	0.2	1
2629.489300000001	0.51	0.2	1
2683.737000000001	0.47	0.2	1
2738.791400000001	0.44	0.3	1
2794.385800000001	0.57	0.2	1
2850.520200000001	0.54	0.2	1
2907.1946000000007	0.52	0.2	1
2964.6757000000007	0.45	0.3	1
3022.9635000000007	0.38	0.3	1
3081.791300000001	0.49	0.2	1
3141.1591000000008	0.47	0.2	1
3201.333600000001	0.49	0.3	1
3262.048100000001	0.45	0.2	1
3323.302600000001	0.53	0.2	1
3385.363800000001	0.41	0.3	1
3447.965000000001	0.52	0.2	1
3511.106200000001	0.57	0.2	1
3574.787400000001	0.57	0.2	1
3639.008600000001	0.57	0.2	1
3703.769800000001	0.45	0.2	1
3769.071000000001	0.44	0.2	1
3834.9122000000007	0.46	0.2	1
3901.2934000000005	0.47	0.2	1
3967.9480000000003	0.59	0.1	1
4034.876	0.63	0.1	1
4102.344	0.54	0.2	1
4170.352	0.65	0.2	1
4238.9	0.56	0.2	1
4308.2546999999995	0.42	0.3	1
4378.149399999999	0.5	0.2	1
4448.584099999999	0.53	0.2	1
4519.292199999999	0.57	0.1	1
4590.540299999999	0.55	0.2	1
4662.3283999999985	0.55	0.2	1
4734.656499999998	0.6	0.2	1
4807.524599999998	0.56	0.2	1
4880.932699999998	0.4	0.2	1
4954.880799999997	0.52	0.2	1
5029.368899999997	0.63	0.2	1
5104.663699999996	0.49	0.3	1
5180.498499999996	0.5	0.2	1
5256.873299999996	0.57	0.2	1
5333.788099999995	0.46	0.2	1
5411.242899999996	0.56	0.2	1
5489.237699999996	0.65	0.2	1
5567.772499999996	0.51	0.2	1
5646.847299999997	0.47	0.2	1
5726.995499999996	0.39	0.4	1
5807.683699999996	0.59	0.2	1
5888.645299999996	0.56	0.1	1
5970.146899999995	0.57	0.2	1
6052.188499999995	0.56	0.2	1
6134.770099999995	0.55	0.2	1
6217.891699999996	0.54	0.2	1
6301.553299999996	0.48	0.2	1
6381.754899999996	0.5	0.2	1
6462.496499999997	0.51	0.2	1
6543.778099999997	0.52	0.2	1
6626.133099999996	0.41	0.4	1
6709.028099999997	0.53	0.2	1
6792.729799999996	0.45	0.3	1
6877.504899999996	0.42	0.4	1
6962.819999999996	0.57	0.2	1
7048.941799999996	0.43	0.3	1
7135.870299999996	0.38	0.3	1
7223.338799999996	0.6	0.2	1
7311.613999999996	0.52	0.3	1
7400.429199999996	0.49	0.2	1
7489.784399999996	0.6	0.2	1
7579.679599999996	0.7	0.2	1
7670.381499999996	0.46	0.3	1
7761.890099999996	0.42	0.3	1
7853.938699999996	0.55	0.2	1
7947.060699999996	0.36	0.4	1
8040.989399999997	0.4	0.3	1
8135.991499999996	0.36	0.4	1
8231.533599999997	0.44	0.2	1
8327.882399999997	0.48	0.3	1
8424.771199999997	0.48	0.2	1
8522.733399999997	0.3	0.4	1
8621.768999999997	0.36	0.4	1
8721.344599999997	0.56	0.2	1
8821.726899999996	0.5	0.3	1
8922.915899999996	0.44	0.3	1
9024.644899999996	0.55	0.2	1
9127.447299999996	0.31	0.4	1
9230.789699999996	0.54	0.2	1
9334.672099999996	0.58	0.2	1
9439.894499999997	0.76	0.5	1
9545.656899999996	0.59	0.2	1
9651.959299999997	0.55	0.2	1
9758.801699999996	0.51	0.2	1
9866.450799999997	0.42	0.3	1
9975.173299999997	0.34	0.4	1
10084.969199999996	0.32	0.4	1
10195.305099999996	0.55	0.2	1
10306.447699999995	0.4	0.3	1
10418.663699999996	0.36	0.4	1
10531.686399999995	0.45	0.3	1
10645.515799999996	0.53	0.3	1
10760.151899999995	0.37	0.3	1
10875.861399999996	0.38	0.4	1
10992.110899999996	0.55	0.2	1
11109.433799999995	0.34	0.4	1
11227.296699999995	0.49	0.2	1
11346.499599999996	0.28	0.5	1
11466.509199999995	0.51	0.3	1
11587.325499999995	0.49	0.3	1
11708.948499999995	0.48	0.3	1
11831.378199999996	0.53	0.3	1
11954.347899999995	0.56	0.2	1
12078.390999999996	0.38	0.4	1
12202.974099999996	0.5	0.2	1
12328.363899999997	0.51	0.3	1
12454.293699999997	0.56	0.2	1
12581.296899999996	0.36	0.4	1
12709.106799999996	0.53	0.3	1
12836.456699999995	0.58	0.2	1
12964.346599999995	0.52	0.2	1
13092.509899999995	0.65	0.1	1
13221.479899999995	0.44	0.3	1
13351.256599999995	0.41	0.3	1
13481.573299999995	0.47	0.2	1
13612.429999999995	0.57	0.2	1
13743.826699999994	0.52	0.2	1
13875.763399999994	0.56	0.2	1
14007.973499999995	0.75	0.1	1
14140.723599999994	0.47	0.2	1
14274.013699999994	0.5	0.2	1
14407.843799999993	0.48	0.2	1
14542.213899999993	0.5	0.2	1
14677.123999999993	0.6	0.2	1
14812.574099999993	0.57	0.2	1
14948.564199999993	0.63	0.2	1
15084.827699999993	0.63	0.1	1
15221.631199999993	0.43	0.2	1
15358.974699999993	0.67	0.2	1
15496.858199999993	0.47	0.2	1
15635.281699999994	0.52	0.2	1
15774.245199999994	0.52	0.2	1
15913.748699999995	0.5	0.2	1
16053.792199999994	0.53	0.2	1
16195.175699999994	0.26	0.5	1
16337.099199999995	0.73	0.2	1
16479.562699999995	0.57	0.2	1
16622.566199999994	0.49	0.2	1
16766.109699999994	0.55	0.2	1
16909.926599999995	0.68	0.1	1
17054.016899999995	0.62	0.1	1
17198.647199999996	0.57	0.2	1
17343.817499999997	0.56	0.2	1
17489.527799999996	0.54	0.2	1
17635.778099999996	0.43	0.2	1
17782.835099999997	0.39	0.3	1
17930.165499999996	0.65	0.1	1
18078.035899999995	0.52	0.2	1
18227.512999999995	0.2	0.6	1
18377.530099999996	0.39	0.2	1
18527.820599999995	0.64	0.1	1
18678.651099999995	0.53	0.2	1
18830.021599999996	0.57	0.2	1
18981.932099999998	0.55	0.2	1
19134.382599999997	0.54	0.2	1
19287.373099999997	0.54	0.2	1
19440.903599999998	0.62	0.2	1
19594.9741	0.53	0.2	1
19749.5846	0.56	0.2	1
19904.735099999998	0.51	0.2	1
20060.4256	0.49	0.2	1
20216.6561	0.57	0.2	1
20373.96	0.34	0.4	1
20532.0706	0.34	0.3	1
20690.7212	0.46	0.2	1
20849.9118	0.47	0.2	1
21009.6424	0.5	0.2	1
21170.1797	0.41	0.3	1
21331.5237	0.38	0.3	1
21493.9411	0.25	0.4	1
21656.8985	0.45	0.2	1
21820.3959	0.58	0.2	1
21984.7	0.4	0.3	1
22149.5441	0.56	0.2	1
22314.9282	0.5	0.2	1
22480.8523	0.48	0.2	1
22647.049799999997	0.68	0.1	1
22813.787299999996	0.53	0.2	1
22981.064799999996	0.51	0.2	1
23148.882299999997	0.53	0.2	1
23317.239799999996	0.45	0.2	1
23486.137299999995	0.55	0.2	1
23655.574799999995	0.47	0.2	1
23825.552299999996	0.53	0.2	1
23995.803199999995	0.65	0.1	1
24166.594099999995	0.51	0.2	1
24337.924999999996	0.61	0.2	1
24509.795899999997	0.43	0.2	1
24682.473499999996	0.37	0.3	1
24855.424499999997	0.56	0.1	1
25028.9155	0.45	0.2	1
25202.9465	0.58	0.2	1
25377.517499999998	0.74	0.2	1
25552.6285	0.53	0.2	1
25728.2795	0.62	0.2	1
25904.4705	0.48	0.2	1
26080.9349	0.64	0.1	1
26258.206000000002	0.39	0.3	1
26436.0171	0.55	0.2	1
26614.6349	0.45	0.3	1
26793.5261	0.56	0.1	1
26972.9573	0.58	0.2	1
27152.928499999998	0.53	0.2	1
27333.7064	0.4	0.3	1
27515.290999999997	0.38	0.3	1
27693.415599999997	0.83	0.2	1
27872.346899999997	0.5	0.3	1
28051.818199999998	0.59	0.2	1
28232.096199999996	0.7	0.3	1
28415.580899999997	0.56	1.2	1
28599.6056	0.78	0.2	1
28784.436999999998	0.75	0.3	1
28970.0751	0.72	0.3	1
29156.5199	0.45	0.3	1
29350.9714	0.65	3.0	1
29545.9629	0.78	0.2	1
29741.7611	0.64	0.3	1
29938.365999999998	0.34	0.3	1
30135.510899999997	0.63	0.2	1
30333.195799999998	0.79	0.2	1
30531.4207	0.55	0.2	1
30730.452299999997	0.77	0.3	1
30932.423899999998	0.47	1.1	1
31135.2022	0.75	0.3	1
31338.7872	0.49	0.3	1
31542.9122	0.76	0.2	1
31747.5772	0.58	0.2	1
31952.7822	0.83	0.2	1
32158.5272	0.52	0.2	1
32365.0789	0.71	0.3	1
32572.4373	0.7	0.3	1
32780.3357	0.79	0.2	1
32989.0408	0.5	0.3	1
33198.2859	0.58	0.2	1
33408.071	0.77	0.2	1
33618.662800000006	0.76	0.3	1
33830.06130000001	0.6	0.3	1
34042.266500000005	0.71	0.3	1
34255.2784	0.7	0.3	1
34469.097	0.42	0.3	1
34683.4556	0.56	0.2	1
34898.3542	0.64	0.2	1
35114.0595	0.7	0.3	1
35330.304800000005	0.55	0.2	1
35547.09010000001	0.79	0.2	1
35764.682100000005	0.47	0.3	1
35983.0808	0.73	0.3	1
36202.0195	0.69	0.2	1
36421.4982	0.79	0.2	1
36641.5169	0.47	0.2	1
36862.342300000004	0.73	0.3	1
37083.97440000001	0.72	0.3	1
37306.41320000001	0.52	0.3	1
37535.52540000001	0.78	2.5	1
37765.17760000001	0.77	0.2	1
37995.36980000001	0.75	0.2	1
38226.368700000006	0.47	0.3	1
38458.174300000006	0.74	0.3	1
38690.51990000001	0.8	0.2	1
38923.67220000001	0.82	0.3	1
39157.63120000001	0.69	0.3	1
39392.396900000014	0.67	0.3	1
39627.70260000001	0.79	0.2	1
39864.08170000001	0.6	0.4	1
40101.26750000001	0.75	0.3	1
40339.26000000001	0.78	0.3	1
40578.05920000001	0.73	0.3	1
40817.39840000001	0.76	0.2	1
41057.811000000016	0.36	0.4	1
41298.76360000001	0.6	0.2	1
41540.52290000001	0.76	0.3	1
41783.08890000001	0.5	0.3	1
42026.46160000001	0.44	0.3	1
42270.64100000001	0.49	0.3	1
42515.62710000001	0.68	0.3	1
42761.419900000015	0.5	0.3	1
43007.75270000001	0.77	0.2	1
43254.89220000001	0.8	0.3	1
43502.83840000001	0.73	0.3	1
43751.32460000001	0.83	0.2	1
44000.61750000001	0.45	0.3	1
44250.71710000001	0.47	0.3	1
44502.42340000001	0.37	0.6	1
