0.675	0.49	0.3	1
1.8	0.63	0.2	1
3.375	0.54	0.2	1
5.4	0.59	0.2	1
7.875	0.46	0.2	1
10.8	0.57	0.2	1
14.175	0.47	0.2	1
18.0	0.62	0.2	1
22.275	0.41	0.2	1
27.0	0.47	0.2	1
32.4	0.36	0.3	1
38.475	0.47	0.3	1
45.225	0.46	0.3	1
52.425000000000004	0.59	0.2	1
60.075	0.46	0.2	1
68.625	0.38	0.4	1
78.075	0.37	0.4	1
87.975	0.57	0.2	1
98.32499999999999	0.54	0.2	1
109.12499999999999	0.56	0.2	1
120.37499999999999	0.48	0.2	1
132.075	0.55	0.2	1
144.225	0.55	0.2	1
157.04999999999998	0.45	0.3	1
170.325	0.62	0.2	1
183.825	0.64	0.1	1
197.77499999999998	0.51	0.2	1
212.17499999999998	0.49	0.2	1
227.02499999999998	0.55	0.2	1
242.54999999999998	0.53	0.3	1
258.525	0.56	0.2	1
274.95	0.42	0.2	1
291.825	0.46	0.2	1
308.925	0.61	0.1	1
326.475	0.64	0.2	1
344.475	0.5	0.2	1
362.925	0.52	0.2	1
381.825	0.56	0.2	1
401.175	0.52	0.2	1
420.975	0.41	0.2	1
441.0	0.61	0.1	1
461.475	0.52	0.2	1
482.40000000000003	0.51	0.2	1
503.77500000000003	0.45	0.2	1
525.6	0.47	0.2	1
548.1	0.42	0.3	1
571.0500000000001	0.45	0.2	1
594.45	0.43	0.2	1
618.5250000000001	0.44	0.3	1
643.0500000000001	0.55	0.2	1
668.475	0.37	0.4	1
694.575	0.4	0.3	1
721.125	0.48	0.2	1
748.125	0.49	0.2	1
775.575	0.45	0.2	1
803.475	0.56	0.2	1
831.825	0.5	0.2	1
860.625	0.42	0.2	1
889.875	0.62	0.2	1
919.35	0.6	0.1	1
949.275	0.56	0.2	1
979.65	0.55	0.2	1
1010.6999999999999	0.54	0.3	1
1042.1999999999998	0.48	0.2	1
1074.1499999999999	0.56	0.2	1
1106.3249999999998	0.7	0.1	1
1138.9499999999998	0.5	0.2	1
1172.2499999999998	0.4	0.3	1
1205.9999999999998	0.59	0.2	1
1240.1999999999998	0.59	0.2	1
1274.85	0.48	0.2	1
1309.9499999999998	0.54	0.2	1
1345.4999999999998	0.54	0.2	1
1381.4999999999998	0.42	0.2	1
1417.9499999999998	0.55	0.2	1
1455.0749999999998	0.54	0.3	1
1492.6499999999999	0.56	0.2	1
1530.675	0.49	0.2	1
1569.1499999999999	0.46	0.2	1
1608.0749999999998	0.55	0.2	1
1647.225	0.66	0.1	1
1686.8249999999998	0.61	0.2	1
1726.8749999999998	0.55	0.2	1
1767.3749999999998	0.59	0.2	1
1808.3249999999998	0.49	0.2	1
1849.725	0.56	0.2	1
1891.5749999999998	0.59	0.2	1
1933.6499999999999	0.72	0.1	1
1976.175	0.53	0.2	1
2019.1499999999999	0.55	0.2	1
2062.575	0.54	0.2	1
2106.45	0.57	0.2	1
2150.7749999999996	0.61	0.2	1
2195.5499999999997	0.62	0.2	1
2240.5499999999997	0.64	0.1	1
2286.225	0.45	0.3	1
2332.35	0.55	0.2	1
2378.9249999999997	0.56	0.2	1
2426.1749999999997	0.4	0.3	1
2473.8749999999995	0.51	0.2	1
2521.7999999999997	0.63	0.1	1
2570.1749999999997	0.61	0.2	1
2619.225	0.45	0.3	1
2668.725	0.59	0.2	1
2718.6749999999997	0.51	0.2	1
2769.075	0.53	0.2	1
2819.9249999999997	0.45	0.2	1
2871.225	0.58	0.2	1
2923.2	0.38	0.3	1
2975.625	0.54	0.2	1
3028.5	0.59	0.2	1
3081.825	0.48	0.2	1
3135.6	0.64	0.2	1
3190.0499999999997	0.41	0.3	1
3244.95	0.55	0.2	1
3300.2999999999997	0.64	0.2	1
3356.325	0.5	0.3	1
3412.7999999999997	0.53	0.2	1
3469.725	0.51	0.2	1
3527.1	0.54	0.2	1
3584.9249999999997	0.47	0.2	1
3643.4249999999997	0.43	0.3	1
3702.3749999999995	0.53	0.2	1
3761.9999999999995	0.43	0.3	1
3822.0749999999994	0.63	0.2	1
3882.5999999999995	0.61	0.2	1
3943.5749999999994	0.49	0.2	1
4004.9999999999995	0.49	0.2	1
4066.8749999999995	0.62	0.2	1
4129.2	0.51	0.2	1
4191.974999999999	0.56	0.2	1
4255.2	0.53	0.2	1
4318.875	0.51	0.2	1
4383.225	0.48	0.3	1
4448.025000000001	0.54	0.2	1
4513.500000000001	0.38	0.3	1
4579.650000000001	0.35	0.3	1
4646.700000000001	0.31	0.4	1
4714.200000000001	0.55	0.2	1
4782.150000000001	0.59	0.2	1
4850.55	0.42	0.2	1
4919.400000000001	0.53	0.2	1
4988.925	0.31	0.3	1
5059.125	0.47	0.3	1
5129.775	0.6	0.2	1
5201.099999999999	0.42	0.3	1
5272.874999999999	0.64	0.2	1
5345.324999999999	0.38	0.3	1
5418.2249999999985	0.53	0.2	1
5491.574999999999	0.62	0.2	1
5561.824999999999	0.36	0.4	1
5632.524999999999	0.57	0.2	1
5703.674999999998	0.58	0.2	1
5775.499999999998	0.48	0.3	1
5847.999999999998	0.44	0.3	1
5921.174999999998	0.5	0.3	1
5994.799999999998	0.46	0.2	1
6069.324999999998	0.3	0.4	1
6144.749999999998	0.37	0.4	1
6220.8499999999985	0.5	0.3	1
6297.624999999998	0.41	0.3	1
6375.074999999998	0.46	0.3	1
6453.424999999998	0.35	0.4	1
6532.449999999998	0.52	0.3	1
6612.149999999998	0.49	0.3	1
6692.299999999997	0.54	0.2	1
6773.349999999998	0.3	0.4	1
6855.074999999998	0.47	0.3	1
6937.249999999998	0.54	0.2	1
7020.0999999999985	0.46	0.3	1
7103.399999999999	0.57	0.2	1
7187.149999999999	0.5	0.2	1
7271.3499999999985	0.6	0.2	1
7356.2249999999985	0.47	0.3	1
7441.549999999998	0.52	0.2	1
7527.549999999998	0.45	0.3	1
7613.999999999998	0.6	0.2	1
7700.899999999998	0.55	0.2	1
7788.699999999998	0.4	0.4	1
7876.949999999998	0.57	0.2	1
7965.649999999998	0.52	0.2	1
8055.024999999998	0.44	0.3	1
8144.849999999998	0.57	0.2	1
8235.349999999999	0.47	0.3	1
8326.3	0.53	0.2	1
8417.925	0.49	0.3	1
8510.0	0.6	0.2	1
8602.975	0.32	0.4	1
8696.625	0.54	0.3	1
8791.175	0.33	0.4	1
8886.175	0.45	0.2	1
8981.849999999999	0.52	0.3	1
9078.199999999999	0.45	0.3	1
9175.224999999999	0.45	0.3	1
9272.925	0.46	0.3	1
9371.525	0.36	0.4	1
9471.025	0.38	0.4	1
9571.199999999999	0.49	0.3	1
9671.824999999999	0.82	0.2	1
9772.9	0.56	0.2	1
9874.425	0.46	0.2	1
9976.4	0.47	0.2	1
10079.275	0.34	0.4	1
10182.6	0.54	0.2	1
10286.6	0.45	0.3	1
10391.050000000001	0.58	0.2	1
10496.175000000001	0.4	0.3	1
10601.975	0.52	0.3	1
10708.225	0.64	0.2	1
10815.15	0.47	0.3	1
10922.525	0.68	0.2	1
11030.35	0.53	0.2	1
11138.85	0.44	0.3	1
11248.025	0.45	0.3	1
11358.1	0.37	0.4	1
11468.85	0.43	0.3	1
11580.050000000001	0.59	0.2	1
11692.150000000001	0.32	0.4	1
11805.375000000002	0.26	0.5	1
11919.050000000001	0.63	0.2	1
12033.175000000001	0.5	0.2	1
12148.2	0.3	0.4	1
12262.675000000001	0.49	0.2	1
12377.6	0.53	0.2	1
12493.2	0.41	0.3	1
12609.25	0.55	0.2	1
12725.75	0.52	0.2	1
12842.7	0.53	0.2	1
12960.1	0.52	0.2	1
13078.4	0.81	0.4	1
13196.925	0.82	0.1	1
13315.9	0.57	0.2	1
13435.324999999999	0.49	0.2	1
13555.199999999999	0.55	0.2	1
13675.525	0.52	0.2	1
13796.75	0.34	0.4	1
13918.425	0.54	0.2	1
14040.55	0.63	0.2	1
14163.125	0.57	0.2	1
14286.375	0.43	0.3	1
14410.075	0.61	0.2	1
14534.0	0.61	0.1	1
14658.375	0.55	0.2	1
14783.2	0.47	0.2	1
14908.475	0.54	0.2	1
15034.65	0.3	0.4	1
15161.275	0.7	0.2	1
15288.8	0.31	0.4	1
15416.775	0.45	0.2	1
15545.199999999999	0.5	0.2	1
15677.9	0.49	1.9	1
15811.05	0.48	0.2	1
15944.65	0.5	0.2	1
16078.699999999999	0.45	0.2	1
16213.425	0.4	0.3	1
16348.599999999999	0.61	0.2	1
16484.225	0.47	0.2	1
16620.3	0.56	0.2	1
16757.05	0.36	0.3	1
16894.475	0.36	0.3	1
17032.35	0.47	0.2	1
17170.449999999997	0.56	0.1	1
17309.225	0.42	0.3	1
17448.449999999997	0.59	0.2	1
17588.124999999996	0.54	0.2	1
17728.474999999995	0.4	0.3	1
17869.274999999994	0.52	0.2	1
18010.749999999993	0.44	0.3	1
18152.674999999992	0.47	0.2	1
18295.049999999992	0.56	0.2	1
18438.09999999999	0.45	0.3	1
18581.59999999999	0.52	0.2	1
18725.77499999999	0.41	0.3	1
18870.39999999999	0.5	0.2	1
19015.47499999999	0.48	0.2	1
19160.999999999993	0.61	0.2	1
19306.97499999999	0.52	0.2	1
19453.39999999999	0.6	0.2	1
19600.27499999999	0.46	0.2	1
19747.59999999999	0.55	0.2	1
19895.374999999993	0.47	0.2	1
20043.59999999999	0.53	0.2	1
20192.049999999992	0.64	0.1	1
20340.949999999993	0.6	0.2	1
20490.074999999993	0.57	0.1	1
20639.424999999992	0.56	0.1	1
20789.22499999999	0.45	0.2	1
20939.47499999999	0.51	0.2	1
21090.174999999992	0.47	0.2	1
21241.324999999993	0.65	0.2	1
21392.924999999992	0.64	0.2	1
21545.199999999993	0.4	0.3	1
21697.924999999992	0.49	0.2	1
21851.09999999999	0.51	0.2	1
22004.499999999993	0.77	0.1	1
22158.124999999993	0.75	0.1	1
22312.424999999992	0.42	0.3	1
22467.39999999999	0.41	0.3	1
22622.82499999999	0.61	0.2	1
22778.69999999999	0.54	0.2	1
22935.02499999999	0.55	0.2	1
23091.799999999992	0.57	0.2	1
23249.02499999999	0.48	0.2	1
23406.69999999999	0.51	0.2	1
23564.82499999999	0.58	0.2	1
23723.39999999999	0.53	0.2	1
23882.64999999999	0.33	0.3	1
24042.34999999999	0.52	0.2	1
24202.499999999993	0.58	0.2	1
24363.09999999999	0.54	0.2	1
24524.374999999993	0.47	0.3	1
24685.874999999993	0.83	0.1	1
24843.824999999993	0.51	0.2	1
25002.224999999995	0.8	0.2	1
25161.299999999996	0.48	0.3	1
25321.049999999996	0.47	0.3	1
25481.699999999997	0.55	0.4	1
25642.799999999996	0.79	0.2	1
25804.349999999995	0.62	0.2	1
25966.574999999993	0.71	0.3	1
26129.249999999993	0.54	0.2	1
26292.374999999993	0.6	0.2	1
26455.949999999993	0.82	0.2	1
26620.199999999993	0.6	0.3	1
26784.899999999994	0.64	0.2	1
26950.274999999994	0.44	0.3	1
27116.324999999993	0.52	0.3	1
27283.049999999992	0.62	0.3	1
27450.449999999993	0.76	0.3	1
27618.749999999993	0.69	0.4	1
27787.72499999999	0.74	0.3	1
27957.14999999999	0.6	0.2	1
28127.24999999999	0.7	0.3	1
28297.79999999999	0.58	0.2	1
28469.024999999987	0.71	0.3	1
28640.92499999999	0.4	0.3	1
28813.274999999987	0.52	0.2	1
28986.524999999987	0.33	0.4	1
29160.449999999986	0.43	0.3	1
29335.049999999985	0.63	0.3	1
29510.324999999986	0.47	0.3	1
29686.274999999987	0.48	0.3	1
29862.899999999987	0.74	0.3	1
30039.974999999988	0.51	0.2	1
30217.49999999999	0.74	0.2	1
30395.474999999988	0.65	0.2	1
30574.12499999999	0.47	0.3	1
30753.44999999999	0.63	0.3	1
30933.67499999999	0.37	0.4	1
31114.349999999988	0.65	0.2	1
31295.92499999999	0.69	0.4	1
31477.94999999999	0.79	0.2	1
31662.67499999999	0.2	1.2	1
31848.07499999999	0.7	0.3	1
32034.14999999999	0.7	0.3	1
32220.89999999999	0.74	0.3	1
32408.32499999999	0.77	0.3	1
32596.19999999999	0.52	0.2	1
32784.52499999999	0.58	0.2	1
32973.29999999999	0.72	0.2	1
33168.374999999985	0.8	2.8	1
33363.89999999999	0.76	0.2	1
33559.874999999985	0.8	0.2	1
33756.52499999999	0.7	0.3	1
33953.624999999985	0.76	0.2	1
34151.17499999999	0.66	0.2	1
34349.17499999999	0.76	0.2	1
34548.07499999999	0.68	0.4	1
34747.64999999999	0.62	0.3	1
34947.89999999999	0.73	0.3	1
35148.599999999984	0.73	0.2	1
35349.749999999985	0.73	0.2	1
35551.349999999984	0.78	0.2	1
35753.624999999985	0.48	0.3	1
35959.724999999984	0.9	1.7	1
36166.499999999985	0.54	0.3	1
36373.94999999998	0.42	0.3	1
36582.29999999998	0.6	0.4	1
36791.32499999998	0.74	0.3	1
