0.4308	0.47	0.3	1
1.1507	0.6	0.2	1
2.1597	0.57	0.2	1
3.4577999999999998	0.52	0.2	1
5.045	0.51	0.2	1
7.063	0.4	0.3	1
9.370099999999999	0.48	0.2	1
11.966299999999999	0.59	0.2	1
14.851599999999998	0.58	0.2	1
18.025999999999996	0.54	0.2	1
21.631199999999996	0.47	0.3	1
25.383899999999997	0.68	0.1	1
29.4257	0.64	0.2	1
33.8983	0.5	0.3	1
38.66	0.6	0.2	1
43.7108	0.56	0.2	1
49.0507	0.58	0.2	1
54.6797	0.53	0.2	1
60.5978	0.51	0.2	1
66.805	0.65	0.2	1
73.30130000000001	0.53	0.2	1
80.22840000000001	0.44	0.3	1
87.44460000000001	0.49	0.2	1
94.94990000000001	0.48	0.2	1
102.74430000000001	0.64	0.2	1
110.82780000000001	0.48	0.2	1
119.20040000000002	0.51	0.2	1
127.86210000000001	0.59	0.2	1
136.8129	0.45	0.2	1
146.05280000000002	0.55	0.2	1
155.58180000000002	0.46	0.2	1
165.3999	0.49	0.2	1
175.5071	0.43	0.2	1
185.9034	0.55	0.2	1
196.5888	0.5	0.2	1
207.70499999999998	0.37	0.3	1
219.1103	0.48	0.2	1
230.8047	0.5	0.2	1
242.9299	0.49	0.3	1
255.3442	0.59	0.2	1
268.0476	0.53	0.2	1
281.0401	0.56	0.2	1
294.4634	0.41	0.3	1
308.1758	0.54	0.2	1
322.03569999999996	0.64	0.1	1
336.3264	0.35	0.3	1
350.90619999999996	0.49	0.2	1
365.77509999999995	0.47	0.2	1
380.7914999999999	0.56	0.1	1
396.23869999999994	0.44	0.3	1
411.9749999999999	0.55	0.2	1
427.8587999999999	0.62	0.1	1
444.03169999999994	0.75	0.2	1
460.35209999999995	0.66	0.1	1
477.10329999999993	0.6	0.3	1
494.14359999999994	0.54	0.2	1
511.6146999999999	0.43	0.3	1
529.3748999999999	0.43	0.2	1
547.2825999999999	0.62	0.1	1
565.4793999999999	0.46	0.2	1
583.8236999999999	0.62	0.1	1
602.4571	0.54	0.2	1
621.3796	0.61	0.2	1
640.7329	0.42	0.3	1
660.3752999999999	0.57	0.2	1
680.3068	0.65	0.2	1
700.5274	0.52	0.2	1
720.8955	0.61	0.1	1
741.5527	0.5	0.2	1
762.4989999999999	0.55	0.2	1
783.7343999999999	0.55	0.2	1
805.4005999999999	0.39	0.3	1
827.3558999999999	0.56	0.2	1
849.742	0.37	0.3	1
872.2755999999999	0.65	0.1	1
895.0983	0.54	0.2	1
918.2101	0.64	0.2	1
941.611	0.54	0.2	1
965.301	0.65	0.2	1
989.2801000000001	0.55	0.2	1
1013.5483	0.52	0.2	1
1038.2473	0.44	0.3	1
1063.2354	0.51	0.2	1
1088.6543	0.43	0.3	1
1114.3623	0.57	0.2	1
1140.5011	0.39	0.3	1
1166.9289999999999	0.47	0.2	1
1193.646	0.6	0.2	1
1220.6521	0.48	0.2	1
1247.9473	0.58	0.2	1
1275.5316	0.53	0.2	1
1303.405	0.53	0.2	1
1331.5674999999999	0.59	0.2	1
1360.0191	0.53	0.2	1
1388.7598	0.51	0.2	1
1417.7896	0.64	0.2	1
1447.2502000000002	0.4	0.3	1
1476.9999000000003	0.53	0.2	1
1507.0387000000003	0.71	0.2	1
1537.3666000000003	0.52	0.2	1
1567.9836000000003	0.49	0.2	1
1599.0314000000003	0.38	0.3	1
1630.3683000000003	0.54	0.2	1
1661.9943000000003	0.48	0.2	1
1693.9094000000002	0.63	0.2	1
1726.2553000000003	0.48	0.3	1
1758.7487000000003	0.66	0.1	1
1791.5312000000004	0.55	0.2	1
1824.6028000000003	0.56	0.2	1
1857.9635000000003	0.57	0.2	1
1891.6133000000002	0.55	0.2	1
1925.6939000000002	0.31	0.3	1
1960.0636000000002	0.49	0.2	1
1994.7224	0.44	0.2	1
2029.6703000000002	0.43	0.2	1
2064.7657000000004	0.71	0.1	1
2100.1502000000005	0.45	0.2	1
2135.9655000000007	0.51	0.3	1
2172.069900000001	0.58	0.2	1
2208.463400000001	0.48	0.2	1
2245.146000000001	0.54	0.2	1
2282.117700000001	0.51	0.2	1
2319.378500000001	0.5	0.2	1
2356.928400000001	0.51	0.2	1
2394.767400000001	0.6	0.2	1
2432.895500000001	0.39	0.2	1
2471.171100000001	0.62	0.1	1
2509.735800000001	0.48	0.2	1
2548.731300000001	0.4	0.3	1
2588.157600000001	0.41	0.3	1
2627.873000000001	0.43	0.2	1
2667.877500000001	0.67	0.2	1
2708.171100000001	0.46	0.2	1
2748.753800000001	0.5	0.2	1
2789.6256000000008	0.47	0.2	1
2830.6449000000007	0.64	0.1	1
2871.9533000000006	0.56	0.2	1
2913.5508000000004	0.52	0.2	1
2955.4374000000003	0.4	0.2	1
2997.6131000000005	0.58	0.2	1
3040.2196000000004	0.43	0.3	1
3083.2569000000003	0.47	0.3	1
3126.5833000000002	0.49	0.2	1
3170.1988	0.57	0.2	1
3214.1034	0.49	0.2	1
3258.1555	0.66	0.1	1
3302.4966999999997	0.59	0.2	1
3347.1269999999995	0.59	0.2	1
3392.0463999999997	0.59	0.2	1
3437.2549	0.5	0.2	1
3482.6109	0.62	0.1	1
3528.2560000000003	0.47	0.2	1
3574.1902000000005	0.53	0.2	1
3620.2719000000006	0.62	0.1	1
3666.7844000000005	0.39	0.3	1
3713.5860000000002	0.63	0.2	1
3760.6767000000004	0.39	0.2	1
3808.0565000000006	0.61	0.2	1
3855.7254000000007	0.66	0.2	1
3903.683400000001	0.54	0.2	1
3951.930500000001	0.5	0.2	1
3996.7501000000007	0.4	0.4	1
4041.858800000001	0.54	0.2	1
4087.3983000000007	0.48	0.3	1
4133.368600000001	0.56	0.3	1
4179.769700000001	0.43	0.3	1
4226.601600000001	0.42	0.3	1
4273.864300000001	0.44	0.3	1
4321.557800000001	0.52	0.3	1
4369.540400000002	0.52	0.2	1
4417.953800000002	0.47	0.3	1
4466.656300000002	0.59	0.2	1
4515.789600000003	0.5	0.3	1
4565.212000000003	0.58	0.2	1
4615.065200000003	0.42	0.3	1
4665.349200000002	0.43	0.3	1
4715.922300000002	0.52	0.2	1
4766.926200000002	0.51	0.3	1
4818.219200000001	0.65	0.2	1
4869.801300000001	0.47	0.2	1
4921.814200000001	0.42	0.3	1
4974.2579000000005	0.52	0.3	1
5026.9907	0.51	0.2	1
5080.1543	0.47	0.3	1
5133.7487	0.47	0.3	1
5187.6322	0.52	0.2	1
5241.9465	0.52	0.3	1
5296.5499	0.53	0.2	1
5351.5841	0.47	0.3	1
5406.9074	0.6	0.2	1
5462.5198	0.53	0.2	1
5518.563	0.43	0.3	1
5575.037	0.45	0.3	1
5631.9418000000005	0.45	0.3	1
5689.4191	0.37	0.4	1
5747.1855000000005	0.48	0.2	1
5805.3827	0.48	0.3	1
5864.0107	0.46	0.3	1
5922.9277999999995	0.52	0.2	1
5982.133999999999	0.5	0.2	1
6041.629299999999	0.59	0.2	1
6101.413699999999	0.57	0.2	1
6161.628899999999	0.47	0.3	1
6222.2748999999985	0.45	0.3	1
6283.209999999998	0.63	0.2	1
6344.434199999998	0.47	0.2	1
6405.9474999999975	0.55	0.2	1
6467.891599999997	0.54	0.3	1
6530.266499999997	0.45	0.3	1
6592.930499999997	0.58	0.2	1
6655.8835999999965	0.46	0.2	1
6719.125799999996	0.53	0.2	1
6782.798799999996	0.53	0.3	1
6846.902599999996	0.47	0.3	1
6911.437199999996	0.53	0.3	1
6976.402599999996	0.46	0.3	1
7041.657099999996	0.56	0.2	1
7107.200699999996	0.52	0.2	1
7173.175099999996	0.48	0.3	1
7239.580299999996	0.39	0.3	1
7306.274599999996	0.61	0.2	1
7373.257999999996	0.54	0.2	1
7440.672199999996	0.44	0.3	1
7508.3754999999965	0.57	0.2	1
7576.367899999997	0.64	0.2	1
7644.791099999997	0.44	0.3	1
7713.645099999997	0.42	0.3	1
7782.788199999997	0.55	0.2	1
7852.220399999997	0.53	0.2	1
7921.941699999998	0.52	0.2	1
7991.952099999998	0.52	0.2	1
8062.251599999998	0.5	0.2	1
8132.981899999998	0.49	0.3	1
8204.001299999998	0.45	0.2	1
8275.309799999997	0.51	0.2	1
8347.049099999997	0.46	0.3	1
8419.360899999996	0.35	0.4	1
8492.103499999996	0.44	0.3	1
8565.276899999995	0.38	0.3	1
8638.881099999995	0.42	0.3	1
8712.774399999995	0.57	0.2	1
8786.956799999994	0.72	0.2	1
8861.428299999994	0.53	0.2	1
8936.047299999995	0.64	0.1	1
9011.097099999995	0.47	0.3	1
9086.577699999996	0.44	0.3	1
9161.347399999997	0.55	0.2	1
9236.406199999998	0.46	0.2	1
9311.754099999998	0.53	0.2	1
9387.391099999999	0.51	0.2	1
9463.3172	0.49	0.2	1
9539.5324	0.51	0.2	1
9616.0367	0.49	0.2	1
9692.6885	0.6	0.1	1
9769.7711	0.3	0.3	1
9847.0012	0.6	0.1	1
9924.520400000001	0.52	0.2	1
10002.470400000002	0.39	0.3	1
10080.709500000003	0.64	0.2	1
10159.237700000003	0.46	0.2	1
10238.055000000004	0.56	0.2	1
10317.161400000005	0.54	0.2	1
10396.556900000005	0.56	0.2	1
10476.241500000006	0.5	0.2	1
10556.073600000005	0.63	0.1	1
10636.194800000005	0.53	0.2	1
10716.605100000004	0.55	0.2	1
10797.304500000004	0.5	0.2	1
10878.293000000003	0.6	0.2	1
10959.570600000003	0.52	0.2	1
11041.137300000002	0.51	0.2	1
11122.993100000002	0.44	0.2	1
11205.138	0.39	0.2	1
11287.572	0.53	0.2	1
11370.1535	0.63	0.1	1
11453.1658	0.39	0.3	1
11536.608900000001	0.43	0.3	1
11620.341100000001	0.46	0.2	1
11704.362400000002	0.48	0.2	1
11788.531200000001	0.6	0.1	1
11872.9891	0.47	0.2	1
11957.8778	0.41	0.3	1
12043.0556	0.5	0.2	1
12128.6642	0.44	0.3	1
12214.703599999999	0.37	0.3	1
12301.032099999999	0.46	0.2	1
12387.649699999998	0.58	0.2	1
12474.839799999998	0.33	0.4	1
12562.318999999998	0.52	0.2	1
12650.087299999997	0.52	0.2	1
12738.144699999997	0.54	0.2	1
12826.632899999997	0.4	0.3	1
12915.410199999997	0.54	0.2	1
13004.476599999996	0.66	0.2	1
13093.832099999996	0.58	0.2	1
13183.476699999996	0.46	0.2	1
13273.410399999995	0.47	0.2	1
13363.491599999996	0.63	0.1	1
13453.861899999996	0.53	0.2	1
13544.521299999997	0.4	0.2	1
13635.469799999997	0.58	0.2	1
13726.707399999998	0.49	0.2	1
13818.234099999998	0.5	0.2	1
13910.049899999998	0.53	0.2	1
14002.013199999998	0.64	0.1	1
14094.265599999997	0.53	0.2	1
14186.807099999996	0.46	0.2	1
14279.637699999996	0.5	0.2	1
14372.757399999995	0.47	0.2	1
14466.307899999994	0.4	0.3	1
14560.147499999994	0.53	0.2	1
14654.276199999993	0.48	0.2	1
14748.693999999992	0.53	0.2	1
14843.400899999991	0.62	0.2	1
14938.39689999999	0.57	0.2	1
15033.68199999999	0.59	0.2	1
15129.256199999989	0.51	0.2	1
15225.11949999999	0.5	0.2	1
15321.27189999999	0.53	0.2	1
15417.713399999991	0.55	0.2	1
15514.443999999992	0.57	0.2	1
15611.463699999993	0.5	0.2	1
15708.772499999994	0.46	0.2	1
15806.370399999994	0.47	0.2	1
15904.257399999995	0.61	0.2	1
16002.433499999996	0.46	0.2	1
16100.898699999996	0.44	0.2	1
16199.652999999997	0.59	0.2	1
16298.696399999997	0.63	0.2	1
16398.028899999998	0.46	0.2	1
16497.650499999996	0.52	0.2	1
16597.561199999996	0.52	0.2	1
16697.760999999995	0.57	0.2	1
16798.249899999995	0.53	0.2	1
16898.886299999995	0.56	0.1	1
16999.811799999996	0.52	0.2	1
17101.026399999995	0.62	0.2	1
17202.530099999996	0.44	0.2	1
17304.322899999996	0.49	0.2	1
17406.404799999997	0.48	0.2	1
17508.775799999996	0.58	0.2	1
17611.435899999997	0.53	0.2	1
17714.385099999996	0.54	0.2	1
17817.623399999997	0.51	0.2	1
17921.150799999996	0.44	0.2	1
18024.967299999997	0.47	0.2	1
18128.931299999997	0.62	0.1	1
18233.1844	0.53	0.2	1
18333.8683	0.49	0.3	1
18436.824699999997	0.86	1.6	1
18540.2119	0.7	0.3	1
18644.029899999998	0.7	0.3	1
18748.137	0.6	0.2	1
18852.674899999998	0.71	0.3	1
18957.6436	0.5	0.3	1
19062.9014	0.57	0.2	1
19168.59	0.47	0.3	1
19274.5677	0.54	0.2	1
19380.9762	0.45	0.3	1
19487.8155	0.72	0.3	1
19595.085600000002	0.73	0.3	1
19702.786500000002	0.69	0.3	1
19810.776500000004	0.74	0.2	1
19919.197300000003	0.68	0.3	1
20029.323900000003	0.28	1.2	1
20139.881300000005	0.48	0.3	1
20250.869500000004	0.49	0.3	1
20362.288500000006	0.48	0.3	1
20473.996600000006	0.54	0.2	1
20586.135500000008	0.74	0.3	1
20698.563500000007	0.58	0.2	1
20811.42230000001	0.74	0.3	1
20924.57020000001	0.48	0.2	1
21038.00720000001	0.79	0.2	1
21154.28330000001	0.73	2.0	1
21270.84850000001	0.79	0.2	1
21387.70280000001	0.56	0.2	1
21504.98790000001	0.71	0.3	1
21622.84550000001	0.34	0.4	1
21740.99220000001	0.79	0.2	1
21859.56970000001	0.42	0.3	1
21978.436300000012	0.76	0.2	1
22097.73370000001	0.62	0.3	1
22217.320200000013	0.61	0.2	1
22337.195800000012	0.82	0.2	1
22457.502200000014	0.5	0.3	1
22578.239400000013	0.67	0.3	1
22699.265700000014	0.61	0.2	1
22820.581100000014	0.5	0.2	1
22942.327300000015	0.53	0.3	1
23064.504300000015	0.71	0.3	1
23187.112100000017	0.7	0.3	1
23310.150700000017	0.46	0.3	1
23433.62010000002	0.64	0.3	1
23557.37860000002	0.78	0.2	1
23681.567900000016	0.68	0.3	1
23806.046300000016	0.6	0.2	1
23930.955500000015	0.51	0.3	1
24056.295500000015	0.5	0.3	1
24182.066300000013	0.53	0.3	1
24308.126200000013	0.8	0.2	1
24434.61690000001	0.37	0.3	1
24561.538400000012	0.73	0.3	1
24688.74900000001	0.61	0.2	1
24816.39040000001	0.7	0.3	1
24944.32090000001	0.84	0.2	1
25072.68220000001	0.46	0.3	1
25201.47430000001	0.38	0.3	1
25330.55550000001	0.52	0.2	1
25461.20080000001	0.5	1.1	1
25592.276900000008	0.74	0.3	1
25723.64210000001	0.66	0.2	1
25855.296400000007	0.56	0.2	1
25987.239800000007	0.8	0.2	1
26119.614000000005	0.71	0.3	1
26252.277300000005	0.52	0.2	1
26385.229700000004	0.78	0.2	1
26518.471200000004	0.81	0.2	1
26652.143500000002	0.71	0.3	1
26786.104900000002	0.81	0.2	1
26920.3554	0.72	0.2	1
27054.895	0.5	0.2	1
27189.8654	0.75	0.3	1
27325.1249	0.76	0.2	1
27460.673499999997	0.78	0.2	1
27596.652899999997	0.69	0.3	1
27733.063099999996	0.5	0.3	1
27869.904099999996	0.77	0.3	1
28007.175899999995	0.5	0.3	1
28144.736799999995	0.77	0.2	1
28282.728499999994	0.75	0.3	1
28421.009299999994	0.76	0.2	1
28559.862599999993	0.68	0.4	1
28699.146699999994	0.54	0.3	1
28838.719899999993	0.78	0.2	1
