0.2725	0.54	0.2	1
0.8175000000000001	0.63	0.2	1
1.6350000000000002	0.48	0.2	1
2.7250000000000005	0.5	0.2	1
4.0875	0.42	0.2	1
5.7225	0.51	0.2	1
7.7633	0.5	0.3	1
10.0766	0.57	0.2	1
12.529	0.5	0.1	1
15.2539	0.53	0.2	1
18.2513	0.42	0.2	1
21.5212	0.51	0.2	1
25.0636	0.46	0.2	1
28.878500000000003	0.56	0.2	1
33.0992	0.47	0.3	1
37.7257	0.47	0.3	1
42.624700000000004	0.58	0.2	1
47.796200000000006	0.57	0.2	1
53.37350000000001	0.44	0.3	1
59.22330000000001	0.52	0.2	1
65.47890000000001	0.41	0.3	1
72.14030000000001	0.42	0.3	1
79.0742	0.57	0.2	1
86.2806	0.59	0.2	1
93.7595	0.5	0.2	1
101.5109	0.47	0.2	1
109.66810000000001	0.48	0.3	1
118.23110000000001	0.49	0.3	1
126.93320000000001	0.57	0.1	1
135.9078	0.5	0.2	1
145.1549	0.48	0.2	1
154.6745	0.45	0.2	1
164.3332	0.68	0.1	1
174.2644	0.58	0.2	1
184.4681	0.56	0.2	1
194.9443	0.65	0.2	1
205.8263	0.39	0.3	1
216.98080000000002	0.46	0.2	1
228.4078	0.44	0.2	1
240.1073	0.61	0.2	1
252.07930000000002	0.55	0.2	1
264.3238	0.42	0.2	1
276.8408	0.45	0.2	1
289.6303	0.53	0.2	1
302.6923	0.53	0.2	1
316.0268	0.64	0.2	1
329.6338	0.57	0.2	1
343.64660000000003	0.43	0.3	1
357.93190000000004	0.54	0.2	1
372.62300000000005	0.51	0.3	1
387.71990000000005	0.37	0.3	1
403.08930000000004	0.55	0.2	1
418.73120000000006	0.55	0.2	1
434.64560000000006	0.6	0.2	1
450.83250000000004	0.47	0.2	1
467.29190000000006	0.51	0.2	1
484.02380000000005	0.55	0.2	1
501.16150000000005	0.46	0.3	1
518.4383	0.71	0.1	1
535.9876	0.54	0.2	1
553.8094000000001	0.45	0.2	1
572.0370000000001	0.44	0.3	1
590.5371000000001	0.58	0.2	1
609.3097000000001	0.54	0.2	1
628.3548000000002	0.66	0.2	1
647.5390000000002	0.55	0.1	1
666.9957000000002	0.45	0.2	1
686.7249000000002	0.49	0.2	1
706.7266000000002	0.63	0.2	1
727.0008000000001	0.47	0.2	1
747.5475000000001	0.49	0.2	1
768.3667000000002	0.6	0.2	1
789.4584000000001	0.52	0.2	1
810.6892000000001	0.56	0.1	1
832.1925000000001	0.43	0.2	1
853.9683000000001	0.58	0.2	1
876.0166000000002	0.57	0.2	1
898.3374000000001	0.53	0.2	1
920.9307000000001	0.55	0.2	1
943.7965000000002	0.53	0.2	1
966.9348000000001	0.54	0.2	1
990.3456000000001	0.48	0.2	1
1014.1622000000001	0.47	0.3	1
1038.2513000000001	0.68	0.2	1
1062.6129	0.54	0.2	1
1087.247	0.63	0.2	1
1112.1536	0.49	0.2	1
1137.3327000000002	0.55	0.2	1
1162.7843000000003	0.6	0.2	1
1188.5084000000002	0.52	0.2	1
1214.505	0.57	0.2	1
1240.7741	0.64	0.2	1
1267.3157	0.5	0.2	1
1294.1298000000002	0.54	0.2	1
1321.083	0.61	0.1	1
1348.3087	0.45	0.2	1
1375.8069	0.6	0.2	1
1403.4442000000001	0.61	0.1	1
1431.354	0.54	0.2	1
1459.6696	0.43	0.3	1
1488.2576999999999	0.62	0.2	1
1517.1182999999999	0.48	0.2	1
1546.2513999999999	0.65	0.2	1
1575.657	0.54	0.2	1
1605.3351	0.67	0.2	1
1635.1523	0.54	0.1	1
1665.242	0.43	0.2	1
1695.6042	0.65	0.2	1
1726.1055	0.69	0.1	1
1756.8792999999998	0.51	0.2	1
1787.9255999999998	0.57	0.2	1
1819.2443999999998	0.43	0.2	1
1850.9689999999998	0.41	0.3	1
1882.9660999999999	0.47	0.2	1
1915.369	0.46	0.3	1
1948.1777	0.44	0.3	1
1981.1254999999999	0.68	0.1	1
2014.3457999999998	0.54	0.2	1
2048.2385999999997	0.27	0.5	1
2082.2704999999996	0.58	0.1	1
2116.5748999999996	0.53	0.2	1
2151.2850999999996	0.48	0.3	1
2186.2677999999996	0.58	0.2	1
2221.3895999999995	0.63	0.1	1
2256.7838999999994	0.44	0.2	1
2292.4506999999994	0.62	0.2	1
2328.3899999999994	0.51	0.2	1
2364.7350999999994	0.43	0.3	1
2401.4859999999994	0.48	0.3	1
2438.5093999999995	0.51	0.2	1
2475.8052999999995	0.61	0.2	1
2513.3736999999996	0.56	0.2	1
2551.2146	0.54	0.2	1
2589.328	0.49	0.2	1
2627.7139	0.6	0.2	1
2666.3723	0.45	0.2	1
2705.3032	0.63	0.2	1
2744.5065999999997	0.52	0.2	1
2783.9824999999996	0.52	0.2	1
2823.7308999999996	0.53	0.2	1
2863.8850999999995	0.42	0.3	1
2904.3117999999995	0.47	0.2	1
2945.1442999999995	0.39	0.3	1
2986.2492999999995	0.55	0.2	1
3027.6267999999995	0.54	0.2	1
3069.2767999999996	0.43	0.2	1
3111.1992999999998	0.54	0.2	1
3153.3943	0.55	0.2	1
3196.1284	0.31	0.4	1
3239.135	0.65	0.2	1
3282.4141000000004	0.61	0.2	1
3325.9657	0.58	0.2	1
3369.7898	0.39	0.2	1
3413.8864	0.46	0.2	1
3458.2554999999998	0.55	0.2	1
3502.8970999999997	0.39	0.2	1
3547.8111999999996	0.56	0.2	1
3592.9977999999996	0.52	0.2	1
3638.4568999999997	0.49	0.2	1
3684.1884999999997	0.53	0.2	1
3730.1926	0.53	0.2	1
3776.4692	0.49	0.2	1
3823.1516	0.34	0.3	1
3870.1065000000003	0.43	0.2	1
3917.3339000000005	0.49	0.2	1
3964.8338000000003	0.66	0.2	1
4012.6062	0.5	0.2	1
4060.6511	0.45	0.2	1
4108.9685	0.59	0.2	1
4157.5584	0.57	0.2	1
4206.4208	0.53	0.2	1
4255.5557	0.46	0.2	1
4304.9631	0.55	0.2	1
4354.643	0.53	0.2	1
4404.5954	0.45	0.2	1
4454.8203	0.56	0.2	1
4505.451	0.46	0.3	1
4556.3542	0.6	0.2	1
4607.3965	0.56	0.1	1
4658.7113	0.47	0.2	1
4710.1652	0.6	0.1	1
4761.8916	0.49	0.2	1
4813.8904999999995	0.53	0.2	1
4866.161899999999	0.53	0.2	1
4918.705799999999	0.42	0.2	1
4971.5221999999985	0.5	0.2	1
5024.611099999998	0.42	0.2	1
5078.105799999998	0.43	0.3	1
5131.872999999999	0.65	0.2	1
5185.912699999999	0.52	0.2	1
5240.224899999999	0.54	0.2	1
5294.8096	0.52	0.2	1
5349.6668	0.56	0.2	1
5404.7965	0.56	0.2	1
5460.198700000001	0.51	0.2	1
5515.8734	0.61	0.2	1
5571.9539	0.36	0.3	1
5624.3069000000005	0.65	0.2	1
5676.932400000001	0.57	0.2	1
5729.9637	0.41	0.3	1
5783.2675	0.51	0.2	1
5836.9771	0.47	0.3	1
5890.9592	0.58	0.2	1
5945.3471	0.53	0.3	1
6000.0075	0.54	0.2	1
6055.0737	0.44	0.3	1
6110.5457	0.42	0.3	1
6166.2901999999995	0.79	0.2	1
6222.307199999999	0.49	0.2	1
6278.73	0.46	0.3	1
6335.558599999999	0.43	0.3	1
6392.793	0.48	0.3	1
6450.5665	0.35	0.4	1
6508.7458	0.53	0.3	1
6567.1975999999995	0.66	0.2	1
6625.921899999999	0.54	0.2	1
6684.918699999999	0.58	0.2	1
6744.3213	0.41	0.3	1
6803.9964	0.64	0.2	1
6864.0773	0.5	0.3	1
6924.4307	0.58	0.2	1
6985.0566	0.49	0.2	1
7045.955	0.57	0.2	1
7107.1259	0.53	0.2	1
7168.5693	0.53	0.2	1
7230.4185	0.4	0.3	1
7292.6735	0.46	0.3	1
7355.201	0.59	0.2	1
7418.1343	0.42	0.3	1
7481.4734	0.51	0.3	1
7545.2182999999995	0.57	0.3	1
7609.235699999999	0.51	0.2	1
7673.525599999999	0.57	0.2	1
7738.087999999999	0.61	0.2	1
7803.056199999999	0.35	0.3	1
7868.296899999999	0.53	0.2	1
7933.8101	0.55	0.2	1
7999.7291	0.44	0.3	1
8066.0539	0.45	0.3	1
8132.7845	0.37	0.3	1
8199.9209	0.44	0.3	1
8267.596399999999	0.32	0.4	1
8335.544399999999	0.62	0.2	1
8403.8982	0.42	0.3	1
8472.5245	0.55	0.2	1
8541.4233	0.49	0.2	1
8610.5946	0.61	0.2	1
8680.305	0.38	0.4	1
8750.4212	0.57	0.3	1
8820.943200000002	0.48	0.3	1
8891.737700000001	0.53	0.2	1
8962.8047	0.6	0.2	1
9034.2775	0.49	0.3	1
9106.1561	0.46	0.3	1
9178.3072	0.53	0.2	1
9250.864099999999	0.43	0.3	1
9323.826799999999	0.41	0.3	1
9397.061999999998	0.57	0.2	1
9470.836299999997	0.38	0.4	1
9544.883099999997	0.46	0.2	1
9619.335699999998	0.41	0.3	1
9694.060799999997	0.5	0.2	1
9769.058399999998	0.49	0.2	1
9844.328499999998	0.62	0.2	1
9920.004399999998	0.5	0.3	1
9996.086099999999	0.51	0.3	1
10072.573599999998	0.4	0.3	1
10149.466899999998	0.48	0.3	1
10226.632699999998	0.7	0.2	1
10304.070999999998	0.64	0.2	1
10381.915099999998	0.47	0.3	1
10460.164999999999	0.5	0.3	1
10538.687399999999	0.65	0.2	1
10617.4823	0.61	0.2	1
10696.5497	0.55	0.2	1
10776.0229	0.5	0.3	1
10855.7686	0.6	0.2	1
10935.7868	0.53	0.2	1
11016.0775	0.44	0.2	1
11095.6407	0.52	0.2	1
11175.4764	0.6	0.2	1
11255.5846	0.51	0.2	1
11335.831900000001	0.6	0.1	1
11416.351700000001	0.46	0.2	1
11497.144	0.53	0.2	1
11578.2088	0.62	0.2	1
11659.5461	0.45	0.2	1
11741.1559	0.49	0.2	1
11823.038199999999	0.45	0.2	1
11905.193	0.47	0.2	1
11987.620299999999	0.51	0.2	1
12070.453399999999	0.36	0.3	1
12153.559	0.54	0.2	1
12237.070399999999	0.39	0.3	1
12320.854299999999	0.59	0.2	1
12404.910699999999	0.51	0.2	1
12489.239599999999	0.5	0.2	1
12573.840999999999	0.47	0.2	1
12658.714899999999	0.49	0.2	1
12743.861299999999	0.47	0.2	1
12829.413499999999	0.41	0.3	1
12915.238199999998	0.47	0.2	1
13001.335399999998	0.55	0.2	1
13087.705099999997	0.48	0.2	1
13174.347299999998	0.64	0.2	1
13261.128599999998	0.68	0.1	1
13348.182399999998	0.54	0.2	1
13435.375299999998	0.72	0.1	1
13522.840699999997	0.51	0.2	1
13610.711899999997	0.44	0.3	1
13698.855599999997	0.52	0.2	1
13787.138399999998	0.64	0.1	1
13875.693699999998	0.7	0.2	1
13964.521499999997	0.52	0.2	1
14053.621799999997	0.46	0.2	1
14142.994599999996	0.5	0.2	1
14232.639899999996	0.46	0.2	1
14322.557699999996	0.56	0.2	1
14412.747999999996	0.47	0.2	1
14503.344099999997	0.44	0.3	1
14594.212699999996	0.47	0.2	1
14685.353799999997	0.67	0.2	1
14776.767399999997	0.48	0.2	1
14868.453499999998	0.45	0.2	1
14960.412099999998	0.58	0.2	1
15052.643199999999	0.58	0.2	1
15145.146799999999	0.6	0.2	1
15237.922899999998	0.54	0.2	1
15330.971499999998	0.5	0.2	1
15424.292599999997	0.52	0.2	1
15518.019499999997	0.45	0.3	1
15612.285499999996	0.29	0.4	1
15706.957299999996	0.38	0.3	1
15801.901599999996	0.61	0.2	1
15897.118399999996	0.49	0.2	1
15992.607699999995	0.48	0.2	1
16088.369499999995	0.57	0.2	1
16184.403799999995	0.45	0.2	1
16280.710599999995	0.54	0.2	1
16377.289899999994	0.57	0.2	1
16474.274999999994	0.41	0.3	1
16571.532599999995	0.54	0.2	1
16669.062699999995	0.58	0.2	1
16766.865299999994	0.55	0.2	1
16864.940399999992	0.44	0.2	1
16963.287999999993	0.48	0.2	1
17061.908099999993	0.44	0.2	1
17160.800699999993	0.55	0.2	1
17259.96579999999	0.52	0.2	1
17359.403399999992	0.63	0.2	1
17459.113499999992	0.47	0.2	1
17559.09609999999	0.62	0.2	1
17659.35119999999	0.68	0.2	1
17759.87879999999	0.57	0.2	1
17860.67889999999	0.52	0.2	1
17961.75149999999	0.58	0.2	1
18063.09659999999	0.46	0.2	1
18164.71419999999	0.55	0.2	1
18266.73759999999	0.45	0.3	1
18369.03349999999	0.48	0.2	1
18471.60189999999	0.63	0.2	1
18574.44279999999	0.59	0.2	1
18677.42279999999	0.62	0.1	1
18780.675299999988	0.53	0.2	1
18884.20029999999	0.5	0.2	1
18988.131099999988	0.4	0.3	1
19092.200999999986	0.62	0.1	1
19196.543399999988	0.6	0.2	1
19301.15829999999	0.5	0.2	1
19406.045699999988	0.52	0.2	1
19511.072199999988	0.76	0.1	1
19616.50449999999	0.43	0.3	1
19722.209299999988	0.42	0.2	1
19828.186599999986	0.62	0.2	1
19930.436399999988	0.83	0.2	1
20033.091999999986	0.45	0.3	1
20136.020099999987	0.77	0.2	1
20239.220699999987	0.81	0.2	1
20342.693799999986	0.76	0.2	1
20446.572699999986	0.45	0.3	1
20550.724099999985	0.75	0.2	1
20655.281299999984	0.43	0.3	1
20760.244299999984	0.7	0.3	1
20865.613099999984	0.75	0.3	1
20971.254399999983	0.75	0.2	1
21077.168199999982	0.49	0.2	1
21183.48779999998	0.69	0.3	1
21290.21319999998	0.77	0.3	1
21397.21109999998	0.59	0.2	1
21504.614799999978	0.75	0.3	1
21612.424299999977	0.49	0.3	1
21720.506299999975	0.81	0.2	1
21828.860799999977	0.84	0.2	1
21937.487799999977	0.66	0.2	1
22046.387299999977	0.83	0.2	1
22155.692599999977	0.81	0.3	1
22265.403699999977	0.72	0.3	1
22375.520599999978	0.76	0.3	1
22486.04329999998	0.45	0.3	1
22596.83849999998	0.57	0.2	1
22708.03949999998	0.51	0.3	1
22819.646299999982	0.74	0.3	1
22931.525599999983	0.76	0.2	1
23043.810699999984	0.5	0.3	1
23156.501599999985	0.71	0.3	1
23269.464999999986	0.63	0.2	1
23382.700899999985	0.59	0.2	1
23497.542599999986	0.23	1.2	1
23612.656799999986	0.49	0.2	1
23728.176799999987	0.71	0.3	1
23843.969299999986	0.81	0.2	1
23960.034299999985	0.77	0.2	1
24076.505099999984	0.41	0.3	1
24197.648399999984	0.65	3.5	1
24319.064199999983	0.63	0.2	1
24444.352499999983	0.79	2.9	1
24570.046599999983	0.65	0.3	1
24696.146499999984	0.76	0.3	1
24822.652199999986	0.46	0.3	1
24949.430399999987	0.79	0.2	1
25076.614399999988	0.54	0.3	1
25204.20419999999	0.67	0.3	1
25332.199799999988	0.73	0.3	1
25460.46789999999	0.59	0.2	1
25589.00849999999	0.79	0.2	1
25717.95489999999	0.73	0.3	1
25847.17379999999	0.62	0.2	1
25976.66519999999	0.57	0.2	1
26106.42909999999	0.51	0.2	1
26236.59879999999	0.72	0.3	1
26367.04099999999	0.74	0.2	1
26499.48899999999	0.92	1.5	1
26632.34279999999	0.69	0.3	1
26765.602399999992	0.44	0.3	1
26899.267799999994	0.52	0.3	1
27033.338999999993	0.73	0.3	1
27167.81599999999	0.68	0.3	1
27302.565499999993	0.61	0.2	1
27440.654099999992	0.87	2.5	1
27579.01519999999	0.63	0.2	1
27717.78209999999	0.73	0.3	1
27856.82149999999	0.56	0.2	1
27996.13339999999	0.56	0.2	1
28135.98439999999	0.65	0.4	1
28276.24119999999	0.43	0.3	1
28416.90379999999	0.69	0.3	1
28557.97219999999	0.45	0.3	1
28699.44639999999	0.47	0.3	1
28841.32639999999	0.71	0.3	1
28984.81219999999	0.41	1.2	1
29128.70379999999	0.74	0.3	1
29273.001199999988	0.68	0.3	1
29417.704399999988	0.41	0.3	1
29562.680099999987	0.78	0.2	1
29707.928299999985	0.54	0.2	1
29853.582299999984	0.8	0.3	1
29999.508799999985	0.8	0.2	1
30145.841099999983	0.61	0.3	1
30292.579199999982	0.48	0.3	1
