3.3	0.36	0.3	1
7.7	0.62	0.1	1
13.2	0.62	0.1	1
19.799999999999997	0.56	0.1	1
27.499999999999996	0.62	0.1	1
36.3	0.55	0.1	1
46.199999999999996	0.54	0.1	1
57.199999999999996	0.54	0.1	1
69.3	0.61	0.1	1
82.5	0.6	0.1	1
96.8	0.63	0.1	1
112.2	0.61	0.1	1
128.7	0.6	0.1	1
146.29999999999998	0.85	0.1	1
165.0	0.6	0.1	1
184.8	0.52	0.1	1
205.70000000000002	0.6	0.1	1
227.70000000000002	0.61	0.1	1
250.8	0.59	0.1	1
275.0	0.72	0.1	1
300.3	0.64	0.1	1
326.7	0.64	0.1	1
354.2	0.59	0.1	1
382.8	0.48	0.1	1
412.5	0.58	0.1	1
443.3	0.63	0.1	1
475.2	0.58	0.1	1
508.2	0.64	0.1	1
542.3	0.59	0.1	1
577.5	0.56	0.1	1
613.8	0.66	0.1	1
651.1999999999999	0.7	0.1	1
689.6999999999999	0.62	0.1	1
729.3	0.6	0.1	1
770.0	0.62	0.1	1
811.8	0.61	0.1	1
854.6999999999999	0.6	0.1	1
898.6999999999999	0.54	0.1	1
943.8	0.74	0.1	1
990.0	0.62	0.1	1
1037.3	0.58	0.1	1
1085.7	0.59	0.1	1
1135.2	0.62	0.1	1
1185.8	0.68	0.1	1
1237.5	0.59	0.1	1
1290.3	0.6	0.1	1
1344.2	0.63	0.1	1
1399.2	0.63	0.1	1
1455.3	0.6	0.1	1
1512.5	0.69	0.1	1
1570.8	0.65	0.1	1
1630.2	0.62	0.1	1
1690.7	0.53	0.1	1
1752.3	0.63	0.1	1
1815.0	0.66	0.1	1
1878.8	0.6	0.1	1
1943.7	0.53	0.1	1
2009.7	0.68	0.1	1
2076.8	0.66	0.1	1
2145.0	0.58	0.1	1
2214.3	0.61	0.1	1
2284.7000000000003	0.57	0.1	1
2356.2000000000003	0.62	0.1	1
2428.8	0.59	0.1	1
2502.5	0.64	0.1	1
2577.3	0.57	0.1	1
2653.2000000000003	0.64	0.1	1
2730.2000000000003	0.52	0.1	1
2808.3	0.61	0.1	1
2887.5	0.62	0.1	1
2963.8	0.64	0.1	1
3041.2000000000003	0.64	0.1	1
3118.7000000000003	0.64	0.1	1
3197.3	0.64	0.1	1
3277.0	0.7	0.1	1
3357.8	0.64	0.1	1
3439.7000000000003	0.81	0.1	1
3522.7000000000003	0.67	0.1	1
3606.8	0.74	0.1	1
3692.0	0.57	0.1	1
3778.3	0.6	0.1	1
3865.7000000000003	0.6	0.1	1
3954.2000000000003	0.75	0.1	1
4043.8	0.65	0.1	1
4134.5	0.58	0.1	1
4226.3	0.61	0.1	1
4319.2	0.64	0.1	1
4413.2	0.66	0.1	1
4508.3	0.33	0.1	1
4604.5	0.64	0.1	1
4701.8	0.6	0.1	1
4800.2	0.6	0.1	1
4899.7	0.58	0.1	1
5000.3	0.69	0.1	1
5102.0	0.68	0.1	1
5204.8	0.76	0.1	1
5308.7	0.68	0.1	1
5413.7	0.63	0.1	1
5519.8	0.61	0.1	1
5627.0	0.63	0.1	1
5735.3	0.63	0.1	1
5844.7	0.63	0.1	1
5955.2	0.6	0.1	1
6066.8	0.62	0.1	1
6179.5	0.67	0.1	1
6293.3	0.61	0.1	1
6408.2	0.58	0.1	1
6524.2	0.63	0.1	1
6641.3	0.61	0.1	1
6759.5	0.75	0.1	1
6878.8	0.64	0.1	1
6999.2	0.6	0.1	1
7120.7	0.88	0.1	1
7243.3	0.58	0.1	1
7367.0	0.58	0.1	1
7491.8	0.58	0.1	1
7617.7	0.72	0.1	1
7744.7	0.6	0.1	1
7872.8	0.58	0.1	1
8002.0	0.83	0.1	1
8132.3	0.69	0.1	1
