2.2	0.53	0.2	1
5.5	0.63	0.1	1
9.9	0.6	0.1	1
15.4	0.64	0.1	1
22.0	0.57	0.1	1
29.7	0.54	0.1	1
38.5	0.65	0.1	1
48.4	0.59	0.1	1
59.4	0.64	0.1	1
71.5	0.55	0.1	1
84.7	0.57	0.1	1
99.0	0.61	0.1	1
114.4	0.62	0.1	1
130.9	0.56	0.1	1
148.5	0.6	0.1	1
167.2	0.62	0.1	1
187.0	0.56	0.1	1
207.9	0.63	0.1	1
229.9	0.58	0.1	1
253.0	0.66	0.1	1
277.2	0.61	0.1	1
302.5	0.65	0.1	1
328.9	0.65	0.1	1
356.4	0.66	0.1	1
385.0	0.65	0.1	1
414.7	0.61	0.1	1
445.5	0.61	0.1	1
477.4	0.64	0.1	1
510.4	0.61	0.1	1
544.5	0.61	0.1	1
579.7	0.64	0.1	1
616.0	0.66	0.1	1
653.4	0.94	0.1	1
691.9	0.6	0.1	1
731.5	0.67	0.1	1
772.2	0.6	0.1	1
814.0	0.58	0.1	1
856.9	0.69	0.1	1
900.9	0.63	0.1	1
946.0	0.55	0.1	1
992.2	0.61	0.1	1
1039.5	0.58	0.1	1
1087.9	0.58	0.1	1
1137.4	0.65	0.1	1
1188.0	0.63	0.1	1
1239.7	0.64	0.1	1
1292.5	0.53	0.1	1
1346.4	0.59	0.1	1
1401.4	0.59	0.1	1
1457.5	0.53	0.1	1
1514.7	0.64	0.1	1
1573.0	0.63	0.1	1
1632.4	0.64	0.1	1
1692.9	0.66	0.1	1
1754.5	0.62	0.1	1
1817.2	0.58	0.1	1
1881.0	0.6	0.1	1
1945.9	0.69	0.1	1
2011.9	0.67	0.1	1
2079.0	0.59	0.1	1
2147.2	0.57	0.1	1
2216.5	0.55	0.1	1
2286.9	0.58	0.1	1
2358.4	0.67	0.1	1
2431.0	0.59	0.1	1
2504.7	0.6	0.1	1
2579.5	0.57	0.1	1
2655.4	0.6	0.1	1
2732.4	0.54	0.1	1
2810.5	0.57	0.1	1
2889.7	0.61	0.1	1
2970.0	0.69	0.1	1
3051.4	0.6	0.1	1
3128.9	0.59	0.1	1
3207.5	0.63	0.1	1
3287.2	0.59	0.1	1
3368.0	0.68	0.1	1
3449.9	0.61	0.1	1
3532.9	0.62	0.1	1
3617.0	0.66	0.1	1
3702.2	0.56	0.1	1
3788.5	0.62	0.1	1
3875.9	0.64	0.1	1
3964.4	0.64	0.1	1
4054.0	0.7	0.1	1
4144.7	0.74	0.1	1
4236.5	0.57	0.1	1
4329.4	0.66	0.1	1
4423.4	0.66	0.1	1
4518.5	0.58	0.1	1
4614.7	0.59	0.1	1
4712.0	0.61	0.1	1
4810.4	0.6	0.1	1
4909.9	0.62	0.1	1
5010.5	0.66	0.1	1
5112.2	0.66	0.1	1
5215.0	0.54	0.1	1
5318.9	0.91	0.1	1
5423.9	0.71	0.1	1
5530.0	0.55	0.1	1
5637.2	0.63	0.1	1
5745.5	0.66	0.1	1
5854.9	0.64	0.1	1
5965.4	0.62	0.1	1
6077.0	0.6	0.1	1
6189.7	0.51	0.1	1
6303.5	0.6	0.1	1
6418.4	0.71	0.1	1
6534.4	0.68	0.1	1
6651.5	0.62	0.1	1
6769.7	0.66	0.1	1
6889.0	0.68	0.1	1
7009.4	0.69	0.1	1
7130.9	0.68	0.1	1
7253.5	0.57	0.1	1
7377.2	0.76	0.1	1
7502.0	0.63	0.1	1
7627.9	0.61	0.1	1
7754.9	0.71	0.1	1
7883.0	0.58	0.1	1
8012.2	0.64	0.1	1
8142.5	0.65	0.1	1
8273.9	0.61	0.1	1
8406.4	0.58	0.1	1
