0.54	0.6	0.2	1
1.62	0.5	0.2	1
3.24	0.44	0.2	1
5.4	0.52	0.2	1
8.100000000000001	0.54	0.2	1
11.073400000000001	0.62	0.1	1
14.5868	0.52	0.2	1
18.6402	0.51	0.2	1
23.5003	0.46	0.3	1
28.900399999999998	0.73	0.2	1
34.8405	0.49	0.2	1
41.3206	0.48	0.2	1
48.3407	0.56	0.2	1
55.9008	0.43	0.2	1
64.0009	0.52	0.2	1
72.641	0.57	0.2	1
81.8211	0.67	0.2	1
91.8079	0.38	0.3	1
102.3347	0.4	0.2	1
113.4015	0.57	0.2	1
124.7417	0.66	0.1	1
136.62189999999998	0.49	0.2	1
149.3088	0.37	0.3	1
162.5357	0.52	0.2	1
176.30259999999998	0.46	0.2	1
190.3429	0.61	0.1	1
204.92319999999998	0.48	0.2	1
220.04349999999997	0.52	0.2	1
235.70379999999997	0.63	0.2	1
251.90409999999997	0.43	0.2	1
268.64439999999996	0.53	0.2	1
285.9247	0.53	0.2	1
304.2784	0.3	0.4	1
323.1721	0.43	0.2	1
342.6058	0.48	0.2	1
362.5795	0.53	0.2	1
383.0932	0.45	0.2	1
404.1469	0.62	0.2	1
425.74060000000003	0.53	0.2	1
448.141	0.4	0.3	1
471.08140000000003	0.57	0.2	1
494.56180000000006	0.58	0.2	1
518.3156	0.63	0.1	1
542.6094	0.47	0.2	1
567.4432	0.52	0.2	1
593.0837	0.43	0.3	1
619.2642000000001	0.5	0.2	1
645.9847000000001	0.54	0.2	1
673.2452000000001	0.55	0.2	1
701.0457000000001	0.58	0.2	1
729.3862000000001	0.54	0.2	1
758.2667000000001	0.52	0.2	1
787.6872000000001	0.66	0.2	1
817.6477000000001	0.57	0.2	1
848.1482000000001	0.54	0.2	1
878.9221000000001	0.62	0.1	1
910.2360000000001	0.44	0.2	1
942.0899000000001	0.57	0.2	1
974.2172	0.57	0.1	1
1006.8845	0.53	0.2	1
1040.0918	0.39	0.2	1
1073.8391	0.56	0.2	1
1108.1263999999999	0.46	0.2	1
1142.9536999999998	0.48	0.2	1
1178.0543999999998	0.59	0.1	1
1213.6950999999997	0.44	0.2	1
1249.8757999999998	0.44	0.2	1
1286.5964999999999	0.52	0.2	1
1323.8572	0.65	0.2	1
1361.6579	0.61	0.2	1
1399.9986	0.52	0.2	1
1438.8792999999998	0.61	0.2	1
1478.0333999999998	0.62	0.1	1
1518.2608999999998	0.29	0.4	1
1559.2950999999998	0.47	0.3	1
1601.1359999999997	0.5	0.3	1
1643.7835999999998	0.5	0.3	1
1686.9711999999997	0.64	0.2	1
1730.6987999999997	0.47	0.2	1
1774.9663999999996	0.65	0.2	1
1819.7739999999997	0.63	0.2	1
1864.8549999999996	0.66	0.1	1
1910.7426999999996	0.36	0.3	1
1957.4370999999996	0.39	0.3	1
2004.6714999999997	0.5	0.2	1
2052.4458999999997	0.6	0.2	1
2101.0269999999996	0.45	0.3	1
2150.1480999999994	0.65	0.2	1
2199.8091999999992	0.4	0.2	1
2250.010299999999	0.58	0.2	1
2300.751399999999	0.48	0.2	1
2351.7658999999994	0.59	0.1	1
2403.3203999999996	0.52	0.2	1
2455.4148999999998	0.54	0.2	1
2508.0494	0.49	0.2	1
2561.2239	0.58	0.2	1
2614.9384	0.47	0.2	1
2669.1929	0.48	0.2	1
2724.2541	0.45	0.3	1
2779.8553	0.57	0.2	1
2836.2632000000003	0.43	0.3	1
2893.2111000000004	0.48	0.2	1
2950.6990000000005	0.59	0.2	1
3008.7269000000006	0.5	0.2	1
3067.0282000000007	0.63	0.1	1
3125.8695000000007	0.57	0.2	1
3184.984200000001	0.61	0.1	1
3244.905600000001	0.45	0.3	1
3305.367000000001	0.46	0.2	1
3366.368400000001	0.47	0.2	1
3428.1765000000014	0.29	0.3	1
3490.5246000000016	0.53	0.2	1
3553.4127000000017	0.57	0.2	1
3616.8408000000018	0.59	0.2	1
3681.3423000000016	0.34	0.4	1
3746.3838000000014	0.61	0.2	1
3811.965300000001	0.56	0.2	1
3878.0868000000014	0.53	0.2	1
3944.7483000000016	0.43	0.2	1
4011.6832000000018	0.57	0.1	1
4079.158100000002	0.51	0.2	1
4147.173000000002	0.51	0.2	1
4215.727900000002	0.5	0.2	1
4284.822800000002	0.62	0.2	1
4354.724400000002	0.51	0.3	1
4425.166000000002	0.58	0.2	1
4496.414300000002	0.51	0.3	1
4568.4693000000025	0.46	0.3	1
4641.064300000003	0.56	0.2	1
4714.199300000003	0.6	0.2	1
4787.874300000003	0.51	0.2	1
4862.089300000003	0.55	0.2	1
4936.844300000003	0.54	0.2	1
5012.1393000000035	0.41	0.2	1
5087.707700000004	0.68	0.1	1
5163.816100000004	0.48	0.2	1
5240.464500000004	0.45	0.2	1
5317.386300000004	0.63	0.1	1
5394.848100000004	0.46	0.2	1
5472.849900000004	0.46	0.2	1
5551.391700000004	0.59	0.2	1
5630.473500000004	0.55	0.2	1
5710.095300000004	0.5	0.2	1
5790.257100000003	0.51	0.2	1
5870.958900000003	0.42	0.2	1
5952.467400000003	0.42	0.3	1
6034.782600000003	0.39	0.3	1
6117.637800000003	0.5	0.2	1
6197.033000000003	0.43	0.2	1
6277.234900000003	0.35	0.3	1
6358.243500000003	0.48	0.3	1
6440.325500000004	0.33	0.4	1
6523.214200000004	0.52	0.3	1
6606.642900000004	0.49	0.2	1
6690.611600000005	0.5	0.2	1
6775.120300000005	0.56	0.2	1
6860.435700000005	0.48	0.3	1
6946.557800000005	0.5	0.3	1
7033.753300000005	0.35	0.4	1
7122.022200000005	0.36	0.4	1
7210.831100000005	0.52	0.2	1
7300.446700000005	0.37	0.3	1
7390.602300000005	0.54	0.2	1
7481.297900000005	0.59	0.2	1
7572.800200000005	0.44	0.3	1
7665.109200000005	0.47	0.3	1
7758.224900000006	0.42	0.3	1
7852.147300000006	0.43	0.3	1
7946.876400000006	0.52	0.3	1
8042.145500000006	0.48	0.2	1
8138.221300000006	0.44	0.3	1
8235.103800000006	0.5	0.3	1
8332.793000000007	0.43	0.3	1
8431.555600000007	0.32	0.4	1
8531.124900000006	0.38	0.3	1
8631.500900000006	0.49	0.3	1
8732.416900000006	0.71	0.2	1
8833.872900000006	0.56	0.2	1
8935.868900000005	0.54	0.2	1
9038.404900000005	0.53	0.2	1
9141.480900000004	0.59	0.2	1
9245.363600000004	0.47	0.3	1
9350.053000000004	0.47	0.3	1
9455.815800000004	0.35	0.4	1
9562.118600000003	0.51	0.2	1
9669.494800000004	0.33	0.4	1
9777.677700000004	0.44	0.3	1
9886.400600000004	0.62	0.2	1
9995.663500000004	0.54	0.2	1
10105.733100000005	0.45	0.3	1
10216.342700000005	0.55	0.2	1
10327.759000000005	0.48	0.3	1
10439.982000000005	0.4	0.3	1
10553.011700000005	0.53	0.3	1
10666.848100000005	0.5	0.3	1
10781.491200000004	0.53	0.3	1
10896.674300000004	0.59	0.2	1
11012.664100000004	0.45	0.3	1
11129.193900000004	0.54	0.2	1
11246.530400000003	0.52	0.3	1
11364.406900000004	0.53	0.2	1
11482.823400000003	0.6	0.2	1
11602.046600000003	0.42	0.3	1
11722.076500000003	0.39	0.3	1
11842.646400000003	0.56	0.2	1
11964.556300000004	0.32	0.5	1
12087.006200000003	0.59	0.2	1
12210.262800000004	0.45	0.3	1
12334.592800000004	0.34	0.4	1
12458.462800000005	0.53	0.2	1
12582.872800000005	0.57	0.2	1
12707.822800000005	0.54	0.2	1
12833.312800000005	0.52	0.2	1
12959.609500000006	0.39	0.3	1
13086.712900000006	0.37	0.3	1
13214.089700000006	0.6	0.1	1
13342.006500000007	0.43	0.2	1
13470.463300000007	0.5	0.2	1
13599.460100000008	0.46	0.2	1
13728.996900000007	0.51	0.2	1
13859.073700000008	0.64	0.2	1
13989.690500000008	0.5	0.2	1
14120.580700000008	0.65	0.1	1
14252.544300000007	0.26	0.4	1
14385.047900000007	0.56	0.2	1
14518.091500000008	0.68	0.2	1
14651.675100000008	0.53	0.2	1
14785.798700000008	0.62	0.2	1
14920.462300000008	0.63	0.2	1
15055.665900000009	0.46	0.2	1
15191.409500000009	0.57	0.2	1
15327.69310000001	0.59	0.2	1
15464.51670000001	0.53	0.2	1
15601.88030000001	0.53	0.2	1
15739.78390000001	0.52	0.2	1
15878.22750000001	0.56	0.2	1
16016.94450000001	0.57	0.1	1
16156.20150000001	0.52	0.2	1
16295.99850000001	0.51	0.2	1
16436.335500000012	0.59	0.2	1
16577.212500000012	0.56	0.2	1
16718.629500000014	0.51	0.2	1
16860.586500000012	0.45	0.2	1
17003.08350000001	0.6	0.2	1
17146.12050000001	0.51	0.2	1
17289.697500000013	0.55	0.2	1
17433.81450000001	0.5	0.2	1
17578.47150000001	0.51	0.2	1
17723.40190000001	0.63	0.1	1
17868.87230000001	0.53	0.2	1
18014.88270000001	0.54	0.2	1
18161.43310000001	0.54	0.2	1
18308.52350000001	0.52	0.2	1
18456.153900000012	0.5	0.2	1
18604.32430000001	0.49	0.2	1
18752.768100000012	0.7	0.1	1
18901.751900000014	0.59	0.2	1
19051.275700000013	0.54	0.2	1
19201.072900000014	0.58	0.1	1
19351.410100000016	0.55	0.2	1
19502.287300000015	0.51	0.2	1
19653.971200000015	0.44	0.3	1
19806.461800000016	0.38	0.3	1
19959.492400000014	0.47	0.2	1
20113.063000000013	0.43	0.2	1
20267.440300000013	0.37	0.3	1
20422.357600000014	0.42	0.2	1
20577.814900000012	0.45	0.2	1
20733.81220000001	0.49	0.2	1
20890.34950000001	0.54	0.2	1
21047.960200000012	0.28	0.4	1
21206.11090000001	0.53	0.2	1
21364.80160000001	0.44	0.2	1
21524.29900000001	0.41	0.3	1
21683.80310000001	1.0	1.5	1
21844.113900000008	0.71	0.3	1
22005.231400000008	0.53	0.3	1
22166.88890000001	0.53	0.2	1
22329.353100000008	0.7	0.3	1
22492.357300000007	0.81	0.2	1
22655.901500000007	0.55	0.2	1
22819.98570000001	0.78	0.2	1
22984.876600000007	0.49	0.3	1
23150.574200000006	0.71	0.3	1
23317.078500000007	0.71	0.3	1
23484.12280000001	0.72	0.2	1
23651.707100000007	0.77	0.2	1
23820.098100000007	0.72	0.3	1
23989.029100000007	0.77	0.2	1
24158.76680000001	0.67	0.3	1
24329.044500000007	0.8	0.2	1
24499.862200000007	0.71	0.2	1
24671.219900000007	0.76	0.2	1
24843.11760000001	0.75	0.2	1
25015.822000000007	0.51	0.3	1
25189.333100000007	0.73	0.3	1
25363.650900000008	0.5	0.3	1
25538.77540000001	0.7	0.3	1
25714.43990000001	0.52	0.2	1
25890.91110000001	0.73	0.3	1
26068.18900000001	0.78	0.3	1
26246.273600000008	0.72	0.3	1
26424.898200000007	0.83	0.2	1
26604.329500000007	0.72	0.3	1
26784.83420000001	0.32	0.4	1
26966.145600000007	0.72	0.3	1
27147.997000000007	0.77	0.2	1
27330.388400000007	0.76	0.2	1
27513.58650000001	0.66	0.3	1
27697.324600000007	0.77	0.2	1
27881.602700000007	0.59	0.2	1
28066.687500000007	0.38	0.3	1
28252.57900000001	0.7	0.3	1
28439.277200000008	0.69	0.3	1
28626.515400000008	0.78	0.2	1
28814.293600000008	0.78	0.2	1
29003.14520000001	0.59	0.4	1
29192.53680000001	0.81	0.2	1
29382.73510000001	0.43	0.3	1
29574.27340000001	0.41	0.5	1
29766.61840000001	0.68	0.3	1
29959.77010000001	0.71	0.3	1
30153.72850000001	0.69	0.3	1
30348.22690000001	0.55	0.2	1
30543.26530000001	0.66	0.2	1
30738.84370000001	0.63	0.2	1
30935.495500000008	0.67	0.4	1
31132.95400000001	0.68	0.3	1
31331.21920000001	0.66	0.3	1
31530.29110000001	0.74	0.3	1
31729.90300000001	0.61	0.2	1
31930.05490000001	0.57	0.2	1
32130.74680000001	0.76	0.2	1
32331.97870000001	0.79	0.2	1
32534.01730000001	0.51	0.3	1
32736.86260000001	0.69	0.3	1
32940.24790000001	0.78	0.2	1
33144.17320000001	0.57	0.2	1
33348.638500000015	0.57	0.2	1
33554.17720000001	0.67	0.4	1
33760.25590000001	0.76	0.2	1
33966.87460000001	0.76	0.2	1
