3.85	0.77	2.1	1
6.35	0.97	0.9	1
11.05	0.85	1.2	1
17.7667	0.88	1.1	1
26.1334	1.0	0.9	1
36.3334	0.95	1.0	1
49.2834	0.67	1.5	1
64.6167	0.87	1.3	1
81.96669999999999	0.95	1.1	1
101.33339999999998	0.93	1.1	1
121.53339999999999	0.97	1.0	1
143.75009999999997	0.84	1.1	1
169.63349999999997	0.81	2.0	1
197.53359999999998	0.82	1.1	1
227.26699999999997	0.9	1.0	1
258.6504	0.92	0.9	1
291.5005	0.94	0.8	1
326.1839	0.75	1.0	1
363.0673	0.73	1.2	1
401.784	0.98	1.0	1
443.43399999999997	0.61	1.6	1
486.734	0.97	0.9	1
532.4173	0.65	1.3	1
580.3005999999999	0.79	1.2	1
630.2005999999999	0.79	1.1	1
682.3005999999999	0.8	1.2	1
736.0505999999999	0.99	0.9	1
791.4505999999999	0.97	0.9	1
848.8672999999999	0.92	1.1	1
908.4839999999999	0.84	1.2	1
969.934	0.81	1.0	1
1033.2173	0.86	1.0	1
1098.7006000000001	0.79	1.2	1
1166.0172000000002	0.99	1.0	1
1235.1671000000001	0.91	1.0	1
1306.1503	0.96	1.0	1
1379.7002	0.82	1.4	1
1455.0834	0.94	1.0	1
1532.2999	0.94	1.0	1
1611.3497	0.99	1.0	1
1692.2328	0.92	1.0	1
1774.9492	0.85	1.0	1
1859.1323	1.0	0.8	1
1945.1487	1.0	1.0	1
2032.8151	0.93	0.9	1
2122.4982	0.81	1.1	1
2213.8313	0.91	0.9	1
2307.1811	0.86	1.1	1
2402.1809	0.95	0.9	1
2499.1974	0.85	1.1	1
2598.0472	0.96	1.0	1
2699.4637	0.71	1.4	1
2802.5301999999997	0.98	0.9	1
2907.2466999999997	1.0	0.9	1
3014.3464999999997	0.78	1.3	1
3123.2796	0.96	1.0	1
3235.5126999999998	0.82	1.8	1
