1.3	0.92	0.8	1
4.0375	0.74	1.5	1
7.887499999999999	0.87	1.3	1
13.6875	0.82	1.2	1
20.95	0.95	0.9	1
29.8375	0.95	1.0	1
40.512499999999996	0.88	1.1	1
53.625	0.74	1.5	1
68.6875	0.89	1.2	1
86.1875	0.78	1.5	1
105.8	0.87	1.3	1
127.0375	0.83	1.0	1
149.9	0.98	1.0	1
174.38750000000002	0.99	1.0	1
200.3375	0.94	0.9	1
227.2375	0.77	1.2	1
255.76250000000002	0.96	1.0	1
286.07500000000005	0.88	1.1	1
317.85	0.96	0.9	1
351.25	0.94	1.0	1
386.6	0.72	1.2	1
423.90000000000003	0.88	1.2	1
463.15000000000003	0.83	1.2	1
504.51250000000005	0.7	1.3	1
548.8000000000001	0.85	1.8	1
595.3625000000001	0.77	1.4	1
643.7125000000001	0.81	1.1	1
693.5250000000001	0.92	0.9	1
745.7750000000001	0.71	1.5	1
799.6500000000001	0.99	1.0	1
854.9875000000001	0.98	0.9	1
912.7625	0.72	1.5	1
972.1625	0.89	1.0	1
1033.35	0.82	1.1	1
1096.1625	0.96	1.0	1
1160.925	0.85	1.2	1
1227.3125	1.0	1.0	1
1295.65	0.8	1.2	1
1365.6125000000002	0.94	1.0	1
1437.0375000000001	1.0	0.9	1
1510.0875	0.91	1.0	1
1584.9250000000002	0.84	1.1	1
1661.3875000000003	0.99	1.0	1
1739.4750000000004	0.81	1.0	1
1819.0250000000003	0.98	0.9	1
1900.2000000000003	0.86	1.0	1
1983.4875000000002	0.75	1.3	1
2068.5625	0.88	1.1	1
2155.2625	0.85	1.0	1
2243.2625	1.0	0.8	1
2332.725	0.98	0.9	1
2423.8125	0.9	1.0	1
2516.525	0.92	1.0	1
2611.025	0.86	1.1	1
2707.3125	0.83	1.1	1
2805.55	0.78	1.2	1
2905.0875	0.98	0.8	1
3006.4125	0.84	1.1	1
3109.0375	0.9	0.8	1
3212.9625	0.99	0.8	1
3318.35	1.0	0.9	1
3425.525	0.88	1.1	1
3534.1625	0.99	0.9	1
3644.4249999999997	0.97	1.0	1
3756.3124999999995	0.93	1.0	1
3869.8249999999994	0.87	1.0	1
3985.774999999999	0.72	1.5	1
4103.999999999999	0.63	1.4	1
4223.849999999999	0.91	1.0	1
4345.162499999999	0.93	0.9	1
4468.912499999999	0.62	1.5	1
4593.9625	0.99	0.8	1
