2.1836	0.71	1.4	1
4.773	0.96	0.9	1
10.168199999999999	0.83	1.8	1
17.280299999999997	0.86	1.1	1
26.264899999999997	0.77	1.2	1
37.122	0.86	1.2	1
49.5405	0.93	1.0	1
63.6759	0.85	1.1	1
79.68379999999999	0.84	1.2	1
97.0975	0.99	0.9	1
116.8503	0.74	1.5	1
138.1645	1.0	1.0	1
161.3512	0.89	1.2	1
186.5659	0.73	1.3	1
213.34199999999998	0.96	1.0	1
241.6795	0.92	1.0	1
272.045	0.82	1.3	1
303.1274	0.88	1.1	1
335.7712	0.92	1.0	1
369.9764	0.81	1.0	1
405.5874	0.98	0.9	1
443.2264	0.79	1.3	1
482.2712	0.96	0.9	1
523.0329	0.81	1.1	1
565.5115000000001	0.88	1.1	1
609.2403	0.94	0.8	1
654.9971	0.72	1.3	1
702.3153000000001	0.97	1.0	1
751.5060000000001	0.76	1.2	1
802.2581000000001	0.99	1.0	1
854.5716000000001	0.96	1.0	1
909.2242000000001	0.81	1.5	1
965.1270000000001	0.96	0.8	1
1022.5912000000001	0.96	1.0	1
1082.0834	0.77	1.3	1
1143.137	0.97	1.0	1
1205.5964	0.94	0.9	1
1269.3059999999998	0.94	0.8	1
1334.5769999999998	0.98	1.0	1
1402.0315999999998	0.69	1.4	1
1471.0475999999999	0.89	1.0	1
1542.2471999999998	0.8	1.4	1
1615.0081999999998	0.92	1.0	1
1689.3305999999998	0.94	1.0	1
1765.3698999999997	0.75	1.1	1
1842.9705999999996	0.9	1.0	1
1922.2881999999997	0.78	1.1	1
2003.1671999999996	0.9	1.0	1
2085.6076	0.86	1.0	1
2169.7648999999997	0.91	1.1	1
2255.6391	0.8	1.1	1
2343.0746999999997	0.83	1.0	1
2432.2272	0.82	1.1	1
2522.7855	0.93	0.9	1
2615.0607	0.86	1.1	1
2708.7417	1.0	0.9	1
2803.9841	0.95	1.0	1
