1.8725	0.91	1.4	1
3.0783	1.0	0.9	1
5.8899	0.8	1.2	1
10.174	0.73	1.1	1
16.0639	0.9	1.2	1
23.426299999999998	0.94	1.1	1
31.127799999999997	0.98	1.0	1
40.0351	0.97	0.9	1
50.2815	0.96	1.0	1
61.7337	0.91	0.9	1
74.79169999999999	0.74	1.2	1
90.25549999999998	0.82	1.8	1
106.92509999999999	1.0	0.9	1
124.80049999999999	1.0	0.9	1
144.5484	0.68	1.4	1
165.9021	0.83	1.2	1
188.86159999999998	0.89	1.2	1
213.29359999999997	0.84	1.1	1
239.06469999999996	0.9	1.0	1
266.1749	1.0	1.0	1
294.75759999999997	0.88	1.1	1
324.8128	0.88	1.1	1
356.20709999999997	0.99	1.0	1
388.9405	0.85	1.0	1
423.413	0.8	1.3	1
459.358	0.81	1.1	1
497.0421	0.82	1.3	1
535.7987	1.0	0.8	1
575.7611	0.98	0.9	1
617.0626000000001	0.92	1.0	1
659.7032	0.98	1.0	1
704.4829000000001	0.65	1.6	1
750.6017	0.96	1.0	1
798.1930000000001	0.87	1.1	1
847.6568000000001	0.72	1.4	1
898.4597000000001	0.92	1.0	1
950.4684000000001	0.97	0.9	1
1003.8162000000001	0.86	1.0	1
1058.3698000000002	0.95	0.9	1
1114.3959000000002	0.81	1.1	1
1171.7611000000002	0.9	1.0	1
1230.4654000000003	0.89	1.0	1
1290.5088000000003	0.85	1.0	1
1351.8913000000002	0.92	1.0	1
1414.6129000000003	0.96	1.0	1
1478.5403000000003	1.0	0.9	1
1543.9402000000002	0.88	1.1	1
1610.6792000000003	0.87	1.0	1
1678.7573000000002	0.92	1.0	1
1747.9079000000002	0.99	0.8	1
1818.3976000000002	0.92	1.0	1
1890.6264000000003	0.74	1.3	1
1964.1943000000003	0.94	1.0	1
2039.2347000000004	0.91	1.1	1
2115.6142000000004	0.9	1.0	1
2193.3328000000006	0.99	1.0	1
2272.3905000000004	0.97	1.0	1
2352.7873000000004	0.87	1.0	1
2434.3899000000006	1.0	0.9	1
2517.1983000000005	0.94	0.9	1
2601.2125000000005	0.85	0.9	1
2686.5658000000003	0.93	1.0	1
2773.2582	0.91	1.0	1
2861.2897000000003	0.9	1.0	1
2950.6603000000005	0.98	1.0	1
3041.5034000000005	0.84	1.1	1
3133.4190000000003	0.94	0.8	1
3226.5404000000003	1.0	0.9	1
3321.0009000000005	0.9	1.0	1
3416.6672000000003	0.93	0.9	1
3513.4060000000004	1.0	0.8	1
3611.4839	0.91	1.0	1
3710.9009	0.87	1.0	1
3811.5237	1.0	0.9	1
3913.619	0.79	1.1	1
4017.0534000000002	0.94	1.0	1
