188.2231237322515	0.4	8.3	1
555.2758620689655	0.4	8.9	1
1113.158215010142	0.4	8.9	1
1860.870182555781	0.4	8.9	1
2802.8762677484788	0.4	8.7	1
3939.2474645030425	0.4	9.1	1
5278.9837728194725	0.4	9.1	1
6817.549695740365	0.4	8.9	1
8547.874239350913	0.4	8.5	1
10474.492900608519	0.4	8.7	1
12594.405679513184	0.4	8.7	1
14913.148073022312	0.4	8.9	1
17426.1845841785	0.4	8.7	1
20138.586206896554	0.4	9.1	1
23041.746450304265	0.4	8.5	1
26133.66531440163	0.4	8.5	1
29425.413793103457	0.4	8.9	1
32913.456389452345	0.4	8.7	1
36592.257606490886	0.4	8.5	1
40467.35294117649	0.4	8.7	1
44529.20689655175	0.4	8.5	1
48796.425963488866	0.4	9.1	1
