27.473389623809524	0.6	10.3	1
54.94677924761905	0.6	10.3	1
82.42016887142857	0.6	10.3	1
108.82689182857143	0.4	9.9	1
135.7669481190476	0.6	10.1	1
148.84033774285714	0.2	4.9	1
176.0537836571427	0.2	5.3	1
202.46050661428555	0.4	9.9	1
215.53389623809508	0.2	4.9	1
228.60728586190461	0.2	4.9	1
255.5473421523808	0.6	10.1	1
294.4941213999998	0.2	4.5	1
306.5008443571427	0.2	4.5	1
320.6409006476189	0.2	5.3	1
334.7809569380951	0.2	5.3	1
360.6543465619046	0.4	9.7	1
372.6610695190475	0.2	4.5	1
398.53445914285703	0.4	9.7	1
425.47451543333324	0.6	10.1	1
466.55462801428604	0.2	5.3	1
521.2414635523819	0.2	5.1	1
588.4683553809538	0.2	4.7	1
668.2353035000017	0.2	4.7	1
681.8420264571446	0.2	5.1	1
708.5221390380967	0.2	4.9	1
763.2089745761921	0.6	10.5	1
777.3490308666683	0.2	5.3	1
790.9557538238112	0.2	5.1	1
816.5691997380967	0.2	4.5	1
868.5893686095254	0.4	9.9	1
947.016260438097	0.4	9.9	1
1037.4498752238114	0.2	4.5	1
1051.5899315142876	0.2	5.3	1
1079.8700440952402	0.2	5.3	1
1134.556879633336	0.4	9.9	1
1203.3837714619078	0.2	5.3	1
1286.3507195809561	0.2	5.3	1
1299.4241092047657	0.2	4.9	1
1338.9042217857184	0.4	9.9	1
1404.791057323814	0.4	9.9	1
1483.2179491523857	0.2	4.7	1
1588.5848972714334	0.6	10.1	1
1615.5249535619096	0.6	10.1	1
1642.998343185719	0.6	10.3	1
1669.9383994761952	0.6	10.1	1
1723.818512057147	0.6	10.1	1
1736.8919016809566	0.2	4.9	1
1764.8986246380994	0.6	10.5	1
1790.772014261909	0.4	9.7	1
1830.2521268428618	0.2	5.1	1
1844.392183133338	0.2	5.3	1
1884.9389623809573	0.4	9.9	1
1938.5591312523861	0.2	4.9	1
2019.1193564142905	0.6	10.1	1
2127.152971200004	0.6	10.3	1
2161.593308942861	0.4	9.9	1
2188.533365233337	0.6	10.1	1
2241.8801444809556	0.4	9.9	1
2321.1003133523836	0.4	9.7	1
2426.727205180955	0.4	9.9	1
2560.360819966669	0.6	10.5	1
2607.067824376193	0.2	4.9	1
2634.0078806666693	0.6	10.1	1
2672.9546599142877	0.2	4.5	1
