13.600022003571429	0.2	5.1	1
40.00004400714286	0.4	9.9	1
52.00006601071429	0.2	4.5	1
66.13342134761905	0.2	5.3	1
94.40013202142856	0.2	5.3	1
120.80015402499998	0.4	9.9	1
159.2001980321428	0.2	4.5	1
185.06688670238088	0.4	9.7	1
212.533575372619	0.6	10.3	1
254.13361937976177	0.2	5.3	1
281.60030804999985	0.6	10.3	1
308.0003300535713	0.4	9.9	1
336.0003520571427	0.6	10.5	1
348.00037406071414	0.2	4.5	1
360.5337293976189	0.2	4.7	1
400.53377340476163	0.6	10.3	1
428.00046207499975	0.6	10.3	1
454.4004840785712	0.4	9.9	1
481.33383941547595	0.6	10.1	1
494.40052808571403	0.2	4.9	1
521.8672167559521	0.6	10.3	1
547.7339054261902	0.4	9.7	1
574.667260763095	0.6	10.1	1
586.6672827666664	0.2	4.5	1
614.1339714369045	0.6	10.3	1
668.0006821107139	0.4	9.9	1
749.3340814547623	0.6	10.3	1
776.8007701250004	0.6	10.3	1
816.2674807988099	0.2	4.5	1
842.6675028023813	0.4	9.9	1
881.6008801428583	0.2	4.7	1
895.734235479763	0.2	5.3	1
923.2009241500011	0.6	10.3	1
949.6009461535725	0.4	9.9	1
963.200968157144	0.2	5.1	1
989.6009901607154	0.4	9.9	1
1003.7343454976201	0.2	5.3	1
1016.8010341678582	0.2	4.9	1
1043.734389504763	0.6	10.1	1
1055.7344115083345	0.2	4.5	1
1095.2011221821433	0.6	10.3	1
1121.0678108523814	0.4	9.7	1
1148.001166189286	0.6	10.1	1
1201.867876863096	0.6	10.1	1
1216.0012322000007	0.2	5.3	1
1229.6012542035721	0.2	5.1	1
1256.5346095404768	0.6	10.1	1
1269.601298210715	0.2	4.9	1
1296.5346535476197	0.6	10.1	1
1310.6680088845244	0.2	5.3	1
1323.2013642214292	0.2	4.7	1
1351.2013862250008	0.6	10.5	1
1378.1347415619055	0.6	10.1	1
1418.1347855690487	0.2	4.9	1
1485.6015182464303	0.6	10.3	1
1498.134873583335	0.2	4.7	1
1536.5349175904787	0.4	9.7	1
1564.0016062607167	0.6	10.3	1
1576.0016282642882	0.2	4.5	1
1603.4683169345262	0.6	10.3	1
1615.4683389380978	0.2	4.5	1
1628.535027608336	0.2	4.9	1
1642.6683829452406	0.2	5.3	1
1655.2017382821455	0.2	4.7	1
