6.9474714380952385	0.2	4.9	1
20.694942876190478	0.4	9.7	1
35.29241431428572	0.6	10.3	1
64.20402385714286	0.6	10.1	1
107.14643817142857	0.4	9.9	1
113.81057627619047	0.2	4.7	1
128.40804771428571	0.6	10.3	1
135.35551915238096	0.2	4.9	1
149.9529905904762	0.6	10.3	1
163.98379536190475	0.4	9.9	1
178.86460013333334	0.6	10.5	1
186.37873823809525	0.2	5.3	1
193.89287634285716	0.2	5.3	1
208.4903477809524	0.6	10.3	1
222.80448588571429	0.6	10.1	1
229.75195732380953	0.2	4.9	1
243.7827620952381	0.4	9.9	1
258.66356686666666	0.6	10.5	1
265.8943716380952	0.2	5.1	1
280.49184307619043	0.6	10.3	1
287.722647847619	0.2	5.1	1
302.0367859523809	0.6	10.1	1
316.9175907238095	0.6	10.5	1
324.14839549523805	0.2	5.1	1
331.66253359999996	0.2	5.3	1
345.84080980952336	0.2	4.7	1
374.0498907904755	0.4	9.9	1
381.28069556190405	0.2	5.1	1
388.79483366666597	0.2	5.3	1
402.5423051047612	0.4	9.7	1
408.9231098761898	0.2	4.5	1
415.87058131428506	0.2	4.9	1
429.6180527523803	0.4	9.7	1
449.746328961904	0.2	4.5	1
456.97713373333255	0.2	5.1	1
464.49127183809446	0.2	5.3	1
478.38621471428456	0.2	4.5	1
484.76701948571315	0.2	4.5	1
499.3644909238084	0.6	10.3	1
513.395295695237	0.4	9.9	1
528.2761004666655	0.6	10.5	1
542.0235719047607	0.4	9.7	1
556.9043766761893	0.6	10.5	1
579.2993195523794	0.2	5.3	1
585.680124323808	0.2	4.5	1
599.9942624285699	0.6	10.1	1
607.5084005333317	0.2	5.3	1
622.3892053047603	0.6	10.5	1
644.7841481809522	0.2	5.3	1
652.2982862857141	0.2	5.3	1
659.8124243904759	0.2	5.3	1
666.1932291619045	0.2	4.5	1
673.1407005999997	0.2	4.9	1
679.5215053714282	0.2	4.5	1
699.933114914287	0.4	9.9	1
714.2472530190489	0.6	10.1	1
721.1947244571442	0.2	4.9	1
741.8896673333352	0.4	9.7	1
749.1204721047637	0.2	5.1	1
756.6346102095256	0.2	5.3	1
763.0154149809541	0.2	4.5	1
777.6128864190493	0.6	10.3	1
784.8436911904779	0.2	5.1	1
798.4553007333351	0.2	4.5	1
805.119438838097	0.2	4.7	1
818.8669102761922	0.4	9.7	1
833.4643817142875	0.6	10.3	1
848.345186485716	0.6	10.5	1
855.2926579238112	0.2	4.9	1
862.2401293619065	0.2	4.9	1
883.7850722380975	0.6	10.3	1
891.0158770095261	0.2	5.1	1
897.9633484476213	0.2	4.9	1
912.8441532190499	0.6	10.5	1
919.2249579904784	0.2	4.5	1
926.7390960952403	0.2	5.3	1
948.850705638097	0.6	10.3	1
955.7981770761922	0.2	4.9	1
970.3956485142875	0.6	10.3	1
999.5905913904763	0.6	10.3	1
1014.4713961619049	0.6	10.5	1
1043.3830057047635	0.4	9.9	1
1057.413810476192	0.4	9.9	1
1077.8254200190486	0.2	4.5	1
1091.8562247904772	0.4	9.9	1
1105.8870295619058	0.4	9.9	1
1120.484501000001	0.6	10.3	1
1135.0819724380963	0.6	10.3	1
1141.746110542858	0.2	4.7	1
1148.41024864762	0.2	4.7	1
1168.8218581904782	0.4	9.7	1
1183.4193296285735	0.6	10.3	1
1198.0168010666687	0.6	10.3	1
1205.5309391714306	0.2	5.3	1
1220.5592153809541	0.2	5.3	1
1234.3066868190494	0.4	9.7	1
1240.9708249238113	0.2	4.7	1
1254.5824344666694	0.2	4.9	1
1262.0965725714314	0.2	5.3	1
1276.12737734286	0.4	9.9	1
1291.0081821142885	0.6	10.5	1
1320.4864583238138	0.6	10.3	1
1326.8672630952424	0.2	4.5	1
1334.098067866671	0.2	5.1	1
1348.412205971433	0.6	10.1	1
1376.7571488476224	0.4	9.9	1
1383.137953619051	0.2	4.5	1
1396.1828964952429	0.2	4.7	1
1410.2137012666715	0.4	9.9	1
1431.7586441428614	0.2	5.3	1
1438.98944891429	0.2	5.1	1
1460.817725123814	0.6	10.3	1
1474.8485298952426	0.4	9.9	1
1488.5960013333379	0.4	9.7	1
1503.4768061047664	0.6	10.5	1
1525.3050823142917	0.2	4.9	1
1532.5358870857203	0.2	5.1	1
1554.3641632952442	0.6	10.3	1
1569.2449680666728	0.6	10.5	1
1583.5591061714347	0.6	10.1	1
1597.5899109428633	0.4	9.9	1
1604.2540490476251	0.2	4.7	1
1610.918187152387	0.2	4.7	1
1632.1797966952452	0.6	10.3	1
1639.4106014666738	0.2	5.1	1
1654.008072904769	0.6	10.3	1
1668.8888776761976	0.6	10.5	1
1697.8004872190563	0.4	9.9	1
1705.031291990485	0.2	5.1	1
1712.2620967619137	0.2	5.1	1
1719.2095682000088	0.2	4.9	1
1726.4403729714375	0.2	5.1	1
1733.3878444095326	0.2	4.9	1
1747.4186491809612	0.4	9.9	1
1762.0161206190564	0.6	10.3	1
1790.6443968285787	0.4	9.9	1
1797.5918682666738	0.2	4.9	1
1812.4726730381024	0.6	10.5	1
1826.503477809531	0.4	9.9	1
1832.8842825809595	0.2	4.5	1
1846.2125587904848	0.2	4.9	1
1860.5266968952467	0.6	10.1	1
1888.871639771436	0.4	9.9	1
1895.2524445428646	0.2	4.5	1
1908.5807207523899	0.2	4.9	1
1915.528192190485	0.2	4.9	1
1922.7589969619137	0.2	5.1	1
1937.6398017333422	0.6	10.5	1
1952.2372731714374	0.6	10.3	1
1967.118077942866	0.6	10.5	1
1981.1488827142946	0.4	9.9	1
1996.0296874857231	0.6	10.5	1
2025.7912970285818	0.6	10.5	1
2032.1721018000103	0.2	4.5	1
2047.0529065714388	0.6	10.5	1
2053.7170446762007	0.2	4.7	1
2060.664516114296	0.2	4.9	1
2075.126125657154	0.2	5.3	1
2096.251873304773	0.2	4.7	1
2110.566011409535	0.6	10.1	1
2138.910954285724	0.4	9.9	1
2145.575092390486	0.2	4.7	1
2160.455897161915	0.6	10.5	1
2175.3367019333436	0.6	10.5	1
2182.0008400381057	0.2	4.7	1
2195.0457829142974	0.2	4.5	1
2201.993254352393	0.2	4.9	1
2216.3073924571545	0.6	10.1	1
2245.2190020000107	0.6	10.3	1
2251.883140104773	0.2	4.7	1
2273.428082980961	0.6	10.5	1
2288.3088877523896	0.6	10.5	1
2294.9730258571517	0.2	4.7	1
2309.00383062858	0.4	9.9	1
2329.9821068381034	0.2	4.9	1
2343.7295782761985	0.4	9.7	1
2364.9911878190555	0.2	5.3	1
2400.000268800011	0.4	9.7	1
2441.6734878857283	0.2	4.7	1
2455.4209593238234	0.4	9.7	1
2461.801764095252	0.2	4.5	1
2483.0633736381074	0.6	10.5	1
2490.0108450762027	0.2	4.9	1
2503.622454619057	0.2	4.7	1
2518.5032593904857	0.6	10.5	1
2533.100730828581	0.6	10.3	1
2554.9290070381035	0.2	5.1	1
2568.6764784761986	0.4	9.7	1
2589.0880880190557	0.2	4.7	1
2603.4022261238174	0.6	10.1	1
2618.283030895246	0.6	10.5	1
2639.5446404381014	0.2	4.5	1
2654.142111876197	0.6	10.3	1
2660.5229166476256	0.2	4.5	1
2673.567859523814	0.2	4.7	1
2687.881997628576	0.6	10.1	1
2715.9436071714317	0.4	9.7	1
2730.541078609527	0.6	10.3	1
2760.0193548190496	0.6	10.5	1
2774.050159590478	0.4	9.9	1
2788.0809643619064	0.4	9.9	1
2816.992573904763	0.6	10.5	1
2830.740045342858	0.4	9.7	1
2851.4349882190486	0.2	4.9	1
2858.9491263238106	0.2	5.3	1
2880.210735866671	0.4	9.7	1
2908.136483514293	0.2	4.7	1
2922.7339549523886	0.6	10.3	1
2952.212231161911	0.6	10.5	1
2958.5930359333397	0.2	4.5	1
2971.6379788095282	0.2	4.7	1
2986.2354502476237	0.6	10.3	1
2992.8995883523858	0.2	4.7	1
3000.1303931238144	0.2	5.1	1
3021.1086693333345	0.4	9.7	1
3035.139474104763	0.4	9.9	1
3055.5510836476196	0.2	4.5	1
3062.7818884190483	0.2	5.1	1
3084.610164628569	0.6	10.3	1
3091.8409693999974	0.2	5.1	1
3113.9525789428512	0.6	10.5	1
3150.3783265904644	0.6	10.1	1
3164.97579802856	0.6	10.3	1
3185.9540742380823	0.2	4.5	1
3200.5515456761777	0.6	10.3	1
3208.0656837809397	0.2	5.3	1
3222.9464885523685	0.6	10.5	1
3245.0580980952236	0.2	5.1	1
3252.2889028666523	0.2	5.1	1
3259.2363743047476	0.2	4.9	1
3273.5505124095093	0.6	10.1	1
3281.0646505142713	0.2	5.3	1
3288.0121219523667	0.2	4.9	1
3301.7595933904618	0.4	9.7	1
3322.454536266652	0.2	4.9	1
3328.835341038081	0.2	4.5	1
3342.446950580936	0.2	5.1	1
3357.327755352365	0.6	10.5	1
3371.3585601237933	0.4	9.9	1
3392.62016966665	0.2	5.1	1
3406.6509744380783	0.4	9.9	1
3434.7125839809346	0.4	9.9	1
3476.804998295219	0.4	9.9	1
3484.0358030666475	0.2	5.1	1
3498.3499411714092	0.6	10.1	1
3520.178217380932	0.2	5.3	1
3527.1256888190273	0.2	4.9	1
3541.020631695215	0.2	4.9	1
3561.8630460094946	0.2	4.9	1
3597.3029317618666	0.6	10.3	1
3603.9670698666287	0.2	4.7	1
3625.5120127428168	0.6	10.5	1
3639.8261508475784	0.6	10.1	1
3661.654427057101	0.2	5.3	1
3675.968565161863	0.6	10.1	1
3704.5968413713854	0.6	10.1	1
