13.739138104761906	0.6	10.3	1
20.011609542857144	0.2	4.7	1
34.017414314285716	0.6	10.5	1
48.02321908571429	0.6	10.5	1
54.295690523809526	0.2	4.7	1
67.23482862857144	0.4	9.7	1
80.70730006666668	0.6	10.1	1
93.91310483809525	0.4	9.9	1
100.45224294285715	0.2	4.9	1
114.19138104761906	0.6	10.3	1
120.99718581904763	0.2	5.1	1
134.2029905904762	0.4	9.9	1
140.7421286952381	0.2	4.9	1
153.94793346666668	0.4	9.9	1
167.6870715714286	0.6	10.3	1
174.49287634285716	0.2	5.1	1
181.03201444761908	0.2	4.9	1
194.23781921904765	0.4	9.9	1
207.17695732380955	0.4	9.7	1
213.71609542857146	0.2	4.9	1
227.72190020000005	0.6	10.5	1
241.46103830476196	0.6	10.3	1
247.7335097428572	0.2	4.7	1
260.0117859523814	0.2	4.5	1
273.4842573904766	0.6	10.1	1
286.6900621619052	0.4	9.9	1
300.6958669333338	0.6	10.5	1
314.4350050380957	0.6	10.3	1
320.4408098095243	0.2	4.5	1
334.17994791428623	0.6	10.3	1
347.3857526857148	0.4	9.9	1
353.3915574571434	0.2	4.5	1
359.9306955619053	0.2	4.9	1
373.93650033333387	0.6	10.5	1
394.2147765428574	0.2	4.7	1
401.28724798095266	0.2	5.3	1
407.82638608571455	0.2	4.9	1
413.83219085714313	0.2	4.5	1
426.77132896190506	0.4	9.7	1
439.97713373333363	0.4	9.9	1
466.6554099428579	0.6	10.1	1
472.6612147142865	0.2	4.5	1
478.9336861523817	0.2	4.7	1
484.9394909238103	0.2	4.5	1
498.67862902857223	0.6	10.3	1
505.7511004666675	0.2	5.3	1
512.0235719047628	0.2	4.7	1
524.9627100095247	0.4	9.7	1
531.5018481142866	0.2	4.9	1
544.7076528857152	0.4	9.9	1
557.6467909904771	0.4	9.7	1
564.7192624285724	0.2	5.3	1
571.2584005333343	0.2	4.9	1
578.3308719714296	0.2	5.3	1
591.2700100761915	0.4	9.7	1
605.0091481809534	0.6	10.3	1
617.9482862857153	0.4	9.7	1
631.4207577238105	0.6	10.1	1
644.8932291619058	0.6	10.1	1
658.8990339333343	0.6	10.5	1
671.8381720380962	0.4	9.7	1
691.0497815809522	0.2	4.7	1
697.0555863523807	0.2	4.5	1
709.9947244571426	0.4	9.7	1
736.6730006666653	0.6	10.3	1
769.623748314285	0.2	4.7	1
783.3628864190468	0.6	10.3	1
797.1020245238087	0.6	10.3	1
817.9136340666677	0.2	5.3	1
831.9194388380962	0.6	10.5	1
845.1252436095248	0.4	9.9	1
851.1310483809533	0.2	4.5	1
870.342657923812	0.4	9.9	1
884.0817960285739	0.6	10.3	1
890.8876008000025	0.2	5.1	1
904.093405571431	0.4	9.9	1
911.1658770095263	0.2	5.3	1
924.9050151142882	0.6	10.3	1
938.64415321905	0.6	10.3	1
951.8499579904786	0.4	9.9	1
965.8557627619072	0.6	10.5	1
972.9282342000024	0.2	5.3	1
986.8065104095268	0.2	5.1	1
1006.6905913904806	0.2	4.5	1
1020.4297294952424	0.6	10.3	1
1027.5022009333377	0.2	5.3	1
1033.5080057047662	0.2	4.5	1
1047.5138104761947	0.6	10.5	1
1060.7196152476233	0.4	9.9	1
1073.925420019052	0.4	9.9	1
1087.9312247904804	0.6	10.5	1
1108.2095010000057	0.2	4.7	1
1115.2819724381009	0.2	5.3	1
1121.2877772095294	0.2	4.5	1
1128.0935819809579	0.2	5.1	1
1134.0993867523864	0.2	4.5	1
1140.105191523815	0.2	4.5	1
1154.1109962952435	0.6	10.5	1
1160.3834677333386	0.2	4.7	1
1173.4617439428637	0.2	5.1	1
1179.4675487142922	0.2	4.5	1
1193.206686819054	0.6	10.3	1
1206.4124915904827	0.4	9.9	1
1212.6849630285778	0.2	4.7	1
1232.6965725714363	0.6	10.3	1
1266.1806535523917	0.6	10.1	1
1272.7197916571536	0.2	4.9	1
1278.725596428582	0.2	4.5	1
1285.5314012000106	0.2	5.1	1
1299.537205971439	0.6	10.5	1
1305.5430107428676	0.2	4.5	1
1318.3546202857262	0.2	5.1	1
1337.438701266681	0.2	4.7	1
1362.7952536857322	0.2	4.7	1
1369.0677251238274	0.2	4.7	1
1388.8126680000191	0.6	10.1	1
1415.6300823143044	0.2	5.3	1
1429.1025537523997	0.6	10.1	1
1449.6474966285884	0.2	5.3	1
1483.3982442762065	0.4	9.9	1
1496.3373823809684	0.4	9.7	1
1509.8098538190636	0.6	10.1	1
1516.8823252571588	0.2	5.3	1
1537.4272681333498	0.6	10.1	1
1543.4330729047783	0.2	4.5	1
1556.638877676207	0.4	9.9	1
1563.711349114302	0.2	5.3	1
1583.9896253238264	0.4	9.9	1
1591.0620967619216	0.2	5.3	1
1604.5345682000168	0.6	10.1	1
1618.2737063047787	0.6	10.3	1
1645.4853158476376	0.6	10.1	1
1685.9027301619235	0.4	9.9	1
1732.5926159143032	0.2	4.7	1
1738.5984206857318	0.2	4.5	1
1752.070892123827	0.6	10.1	1
1771.8158350000158	0.2	4.7	1
1784.7549731047777	0.4	9.7	1
1798.227444542873	0.6	10.1	1
1811.9665826476348	0.6	10.3	1
1831.711525523827	0.2	4.5	1
1845.7173302952556	0.6	10.5	1
1872.9289398381143	0.4	9.9	1
1886.4014112762095	0.6	10.1	1
1893.4738827143046	0.2	5.3	1
1906.9463541523999	0.6	10.1	1
1920.1521589238284	0.4	9.9	1
1940.4304351333508	0.2	5.3	1
1946.9695732381126	0.2	4.9	1
1966.9811827809708	0.6	10.1	1
1980.7203208857327	0.6	10.3	1
1986.9927923238279	0.2	4.7	1
2000.1985970952564	0.4	9.9	1
2013.404401866685	0.4	9.9	1
2027.4102066381136	0.6	10.5	1
2047.4218161809722	0.2	4.5	1
2054.2276209524007	0.2	5.1	1
2067.3058971619253	0.2	4.7	1
2087.4566448095466	0.2	5.3	1
2093.4624495809753	0.2	4.5	1
2106.401587685737	0.4	9.7	1
2125.3465305619266	0.2	4.5	1
2158.0306115428793	0.6	10.3	1
2197.253830628596	0.2	4.9	1
2204.0596354000245	0.2	5.1	1
2217.53210683812	0.6	10.1	1
2231.0045782762154	0.6	10.1	1
2258.216187819071	0.6	10.3	1
2265.2886592571663	0.2	5.3	1
2271.8277973619283	0.2	4.9	1
2278.3669354666904	0.2	4.9	1
2298.6452116762152	0.6	10.3	1
2324.9292926571707	0.2	4.5	1
2330.9350974285994	0.2	4.5	1
2337.2075688666946	0.2	4.7	1
2350.68004030479	0.6	10.1	1
2377.624983180979	0.6	10.1	1
2383.630787952408	0.2	4.5	1
2396.7090641619334	0.2	5.3	1
2423.526478476221	0.6	10.3	1
2429.53228324765	0.2	4.5	1
2442.7380880190785	0.4	9.9	1
2462.216364228601	0.2	4.7	1
2468.2221690000297	0.2	4.5	1
2480.500445209555	0.2	4.7	1
2486.5062499809837	0.2	4.5	1
2492.778721419079	0.2	4.7	1
2506.7845261905077	0.6	10.5	1
2527.5961357333663	0.2	5.1	1
2541.335273838128	0.6	10.3	1
2547.6077452762233	0.2	4.7	1
2567.0860214857485	0.4	9.9	1
2573.891826257177	0.2	5.1	1
2587.8976310286057	0.6	10.5	1
2594.170102466701	0.2	4.7	1
2607.6425739047963	0.6	10.1	1
2614.7150453428917	0.2	5.3	1
2634.7266548857456	0.4	9.7	1
2648.7324596571743	0.6	10.5	1
2655.538264428603	0.2	5.1	1
2668.4774025333645	0.4	9.7	1
2688.4890120762207	0.2	5.3	1
2702.4948168476494	0.6	10.5	1
2716.500621619078	0.6	10.5	1
2730.506426390507	0.6	10.5	1
2757.984702600029	0.6	10.1	1
2770.9238407047906	0.4	9.7	1
2777.996312142886	0.2	5.3	1
2784.0021169143147	0.2	4.5	1
2797.7412550190766	0.6	10.3	1
2825.219531228602	0.6	10.3	1
2865.636945542891	0.4	9.7	1
2871.9094169809864	0.2	4.7	1
2891.3876931905115	0.4	9.9	1
2924.3384408381344	0.6	10.1	1
2964.3616599238508	0.2	5.3	1
2970.3674646952795	0.2	4.5	1
2982.912407571468	0.2	4.9	1
2996.3848790095635	0.6	10.1	1
3022.796488552419	0.4	9.7	1
3063.213902866702	0.6	10.5	1
3117.370455285745	0.6	10.3	1
3124.44292672384	0.2	5.3	1
3137.6487314952687	0.4	9.9	1
3157.660341038128	0.2	5.1	1
3191.144422019084	0.6	10.1	1
3237.5676411047993	0.4	9.7	1
3251.040112542895	0.6	10.1	1
3264.5125839809903	0.6	10.1	1
3271.3183887524187	0.2	5.1	1
3284.129998295277	0.2	4.5	1
3297.8691364000388	0.6	10.3	1
3304.408274504801	0.2	4.9	1
3324.4198840476556	0.6	10.1	1
3358.4372983619373	0.6	10.5	1
3364.9764364666994	0.2	4.9	1
3370.982241238128	0.2	4.5	1
3390.9938507809834	0.6	10.5	1
3398.0663222190788	0.2	5.3	1
3411.9445984285994	0.2	5.1	1
3425.950403200028	0.6	10.5	1
3453.9620127428834	0.6	10.5	1
3460.2344841809786	0.2	4.7	1
3479.7127603905037	0.4	9.9	1
3505.730174704793	0.2	4.9	1
3537.7533937905087	0.2	4.5	1
3544.825865228604	0.2	5.3	1
3558.1708081047914	0.2	4.7	1
3564.7099462095534	0.2	4.9	1
3571.515750980982	0.2	5.1	1
3591.52736052384	0.4	9.9	1
3604.9998319619353	0.6	10.1	1
3631.6781081714576	0.4	9.9	1
3637.9505796095527	0.2	4.7	1
3657.162189152411	0.4	9.7	1
3683.4462701333637	0.2	5.3	1
3689.718741571459	0.2	4.7	1
3701.997017780984	0.2	4.5	1
3715.2028225524127	0.4	9.9	1
3722.008627323841	0.2	5.1	1
3728.2810987619364	0.2	4.7	1
3741.3593749714614	0.2	5.1	1
3755.0985130762233	0.6	10.3	1
3782.576789285749	0.6	10.3	1
3789.3825940571774	0.2	5.1	1
3802.9942036000352	0.2	5.1	1
3816.4666750381307	0.6	10.1	1
3823.0058131428927	0.2	4.9	1
3829.0116179143215	0.2	4.5	1
3835.81742268575	0.2	5.1	1
3849.1623655619414	0.2	4.9	1
3855.96817033337	0.2	5.1	1
3875.979779876228	0.4	9.9	1
3909.1971941905167	0.4	9.9	1
3916.269665628612	0.2	5.3	1
3929.6146085047994	0.2	4.7	1
3956.4320228190836	0.6	10.1	1
3963.504494257179	0.2	5.3	1
3984.5827704667	0.6	10.5	1
3997.7885752381285	0.4	9.9	1
4024.733518114321	0.6	10.3	1
4037.93932288575	0.4	9.9	1
4044.7451276571783	0.2	5.1	1
4065.2900705333695	0.6	10.3	1
4079.2958753047983	0.6	10.5	1
4099.57415151432	0.2	4.7	1
4112.779956285748	0.4	9.9	1
4131.991565828607	0.2	4.5	1
4139.064037266702	0.2	5.3	1
4160.142313476223	0.6	10.5	1
4194.159727790503	0.4	9.7	1
4200.698865895265	0.2	4.9	1
4214.438004000027	0.6	10.3	1
4242.182946876219	0.6	10.5	1
4255.122084980981	0.4	9.7	1
4281.800361190503	0.6	10.3	1
4321.684442171456	0.4	9.9	1
4328.490246942884	0.2	5.1	1
4335.562718380979	0.2	5.3	1
4349.035189819075	0.6	10.1	1
4376.24679936193	0.6	10.3	1
4389.185937466692	0.4	9.7	1
4402.925075571454	0.6	10.3	1
4408.930880342882	0.2	4.5	1
4428.142489885737	0.4	9.9	1
4454.1599042000225	0.2	5.1	1
4467.632375638118	0.6	10.1	1
4494.31065184764	0.4	9.9	1
4527.26139949526	0.2	4.7	1
4541.267204266688	0.6	10.5	1
4568.478813809543	0.4	9.9	1
4575.017951914305	0.2	4.9	1
4595.296228123826	0.6	10.3	1
4601.302032895254	0.2	4.5	1
4621.046975771443	0.6	10.3	1
4627.052780542871	0.2	4.5	1
4647.064390085726	0.6	10.5	1
4681.081804400007	0.6	10.5	1
4721.905023485715	0.2	5.1	1
4735.910828257143	0.6	10.5	1
