13.739138104761906	0.6	10.3	1
20.811609542857145	0.2	5.3	1
26.817414314285717	0.2	4.5	1
33.356552419047624	0.2	4.9	1
39.62902385714286	0.2	4.7	1
46.43482862857143	0.2	5.1	1
53.2406334	0.2	5.1	1
59.51310483809524	0.2	4.7	1
73.25224294285715	0.6	10.3	1
80.32471438095239	0.2	5.3	1
94.20299059047586	0.2	5.1	1
101.2754620285711	0.2	5.3	1
115.28126679999967	0.6	10.5	1
128.48707157142823	0.4	9.9	1
135.55954300952348	0.2	5.3	1
155.57115255238028	0.4	9.7	1
162.37695732380885	0.2	5.1	1
168.6494287619041	0.2	4.7	1
182.12190019999932	0.6	10.1	1
195.59437163809454	0.6	10.1	1
202.4001764095231	0.2	5.1	1
209.20598118095168	0.2	5.1	1
215.47845261904692	0.2	4.7	1
221.48425739047548	0.2	4.5	1
234.42339549523737	0.4	9.7	1
261.1016717047619	0.6	10.3	1
267.9074764761905	0.2	5.1	1
281.91328124761907	0.6	10.5	1
295.91908601904765	0.6	10.5	1
309.65822412380953	0.6	10.3	1
315.93069556190477	0.2	4.7	1
329.93650033333336	0.6	10.5	1
343.67563843809523	0.6	10.3	1
364.48724798095236	0.2	5.3	1
391.5713289619053	0.2	4.7	1
398.1104670666672	0.2	4.9	1
405.18293850476243	0.2	5.3	1
418.65540994285766	0.6	10.1	1
424.66121471428625	0.2	4.5	1
431.20035281904813	0.2	4.9	1
437.4728242571434	0.2	4.7	1
451.47862902857196	0.6	10.5	1
472.29023857142886	0.2	5.1	1
485.49604334285743	0.4	9.9	1
499.501848114286	0.6	10.5	1
526.4467909904762	0.4	9.7	1
532.9859290952381	0.2	4.9	1
545.7975386380945	0.2	4.7	1
552.6033434095231	0.2	5.1	1
566.0758148476183	0.6	10.1	1
572.6149529523802	0.2	4.9	1
586.2265624952366	0.2	5.3	1
592.2323672666652	0.2	4.5	1
598.5048387047605	0.2	4.7	1
612.2439768095223	0.6	10.3	1
639.7222530190461	0.6	10.3	1
652.661391123808	0.4	9.7	1
666.4005292285699	0.6	10.3	1
680.1396673333318	0.6	10.3	1
694.1454721047603	0.6	10.5	1
701.2179435428556	0.2	5.3	1
714.1570816476175	0.4	9.7	1
720.9628864190461	0.2	5.1	1
728.0353578571413	0.2	5.3	1
748.3136340666657	0.4	9.9	1
761.5194388380943	0.4	9.9	1
768.0585769428562	0.2	4.9	1
781.2643817142848	0.4	9.9	1
794.2035198190467	0.4	9.7	1
801.275991257142	0.2	5.3	1
807.8151293619039	0.2	4.9	1
821.2876007999992	0.6	10.1	1
834.2267389047611	0.4	9.7	1
853.7050151142838	0.2	4.9	1
886.6557627619028	0.6	10.1	1
892.9282341999981	0.2	4.7	1
899.7340389714267	0.2	5.1	1
913.078981847618	0.2	4.9	1
919.61811995238	0.2	4.9	1
932.8239247238085	0.4	9.9	1
938.8297294952371	0.2	4.5	1
945.1022009333324	0.2	4.7	1
951.1080057047609	0.2	4.5	1
957.6471438095228	0.2	4.9	1
964.1862819142848	0.2	4.9	1
977.65875335238	0.6	10.1	1
991.1312247904752	0.6	10.1	1
1004.6036962285705	0.6	10.1	1
1024.615305771426	0.2	4.9	1
1057.5660534190445	0.4	9.7	1
1063.8385248571396	0.2	4.7	1
1077.1834677333313	0.2	5.3	1
1090.6559391714266	0.6	10.1	1
1096.661743942855	0.2	4.5	1
1102.9342153809503	0.2	4.7	1
1116.9400201523788	0.6	10.5	1
1130.1458249238074	0.4	9.9	1
1137.2182963619025	0.2	5.3	1
1151.3632392380935	0.2	5.3	1
1178.447320219047	0.4	9.7	1
1192.4531249904755	0.6	10.5	1
1212.9980678666675	0.2	4.9	1
1247.5488155142891	0.6	10.5	1
1288.6387012666742	0.2	4.9	1
1295.177839371436	0.2	4.9	1
1309.1836441428645	0.6	10.5	1
1322.389448914293	0.4	9.9	1
1348.8010584571489	0.4	9.9	1
1362.5401965619108	0.6	10.3	1
1369.3460013333392	0.2	5.1	1
1389.3576108761972	0.4	9.9	1
1403.096748980959	0.6	10.3	1
1410.1692204190542	0.2	5.3	1
1423.1083585238162	0.4	9.7	1
1449.2533014000055	0.4	9.9	1
1462.1924395047674	0.4	9.7	1
1468.4649109428626	0.2	4.7	1
1482.2040490476245	0.6	10.3	1
1508.8823252571501	0.4	9.7	1
1515.421463361912	0.2	4.9	1
1522.2272681333404	0.2	5.1	1
1541.9722110095317	0.4	9.7	1
1568.789625323817	0.2	5.3	1
1575.0620967619122	0.2	4.7	1
1587.607039638104	0.2	4.7	1
1601.3461777428658	0.6	10.3	1
1614.2853158476278	0.4	9.7	1
1633.4969253904837	0.2	4.7	1
1640.5693968285789	0.2	5.3	1
1654.041868266674	0.6	10.1	1
1661.1143397047692	0.2	5.3	1
1675.2592825809602	0.2	5.3	1
1688.4650873523888	0.4	9.9	1
1695.0042254571506	0.2	4.9	1
1715.549168333342	0.6	10.5	1
1721.5549731047706	0.2	4.5	1
1735.0274445428659	0.6	10.1	1
1748.2332493142944	0.4	9.9	1
1761.1723874190563	0.4	9.7	1
1774.378192190485	0.4	9.9	1
1780.65066362858	0.2	4.7	1
1792.9289398381052	0.2	4.5	1
1818.1463541523938	0.4	9.7	1
1831.3521589238223	0.4	9.9	1
1845.0912970285842	0.6	10.3	1
1851.8971018000127	0.2	5.1	1
1858.4362399047745	0.2	4.9	1
1871.5145161142993	0.2	4.9	1
1891.131930428587	0.2	4.9	1
1917.8218161809712	0.2	5.3	1
1957.984173371451	0.6	10.1	1
1971.1899781428797	0.4	9.9	1
1977.9957829143082	0.2	5.1	1
1991.2015876857367	0.4	9.9	1
2018.4131972285925	0.6	10.5	1
2032.1523353333544	0.6	10.3	1
2045.358140104783	0.4	9.9	1
2051.8972782095448	0.2	4.9	1
2072.1755544190696	0.6	10.3	1
2085.381359190498	0.4	9.9	1
2091.387163961927	0.2	4.5	1
2110.3321068381188	0.4	9.7	1
2116.871244942881	0.2	4.9	1
2129.8103830476425	0.4	9.7	1
2143.282854485738	0.6	10.1	1
2170.227797361927	0.6	10.1	1
2203.7118783428764	0.2	4.9	1
2251.2017640952554	0.6	10.5	1
2264.407568866684	0.4	9.9	1
2277.3467069714457	0.4	9.7	1
2283.3525117428744	0.2	4.5	1
2289.8916498476365	0.2	4.9	1
2302.9699260571615	0.2	4.9	1
2316.442397495257	0.6	10.1	1
2329.3815356000187	0.4	9.7	1
2336.454007038114	0.2	5.3	1
2349.6598118095426	0.4	9.9	1
2355.9322832476378	0.2	4.7	1
2361.9380880190665	0.2	4.5	1
2375.016364228592	0.2	5.3	1
2381.555502333354	0.2	4.9	1
2388.094640438116	0.2	4.9	1
2394.100445209545	0.2	4.5	1
2413.3120547524036	0.4	9.9	1
2419.5845261904988	0.2	4.7	1
2426.123664295261	0.2	4.9	1
2440.1294690666896	0.6	10.5	1
2446.6686071714516	0.2	4.9	1
2466.413550047643	0.4	9.9	1
2479.352688152405	0.4	9.7	1
2492.2918262571666	0.4	9.7	1
2498.5642976952618	0.2	4.7	1
2504.5701024666905	0.2	4.5	1
2517.509240571452	0.4	9.7	1
2524.0483786762143	0.2	4.9	1
2531.1208501143096	0.2	5.3	1
2544.465792990497	0.2	4.7	1
2557.9382644285924	0.6	10.1	1
2564.744069200021	0.2	5.1	1
2571.8165406381163	0.2	5.3	1
2585.555678742878	0.6	10.3	1
2592.6281501809735	0.2	5.3	1
2613.7064263904945	0.6	10.5	1
2648.2571740381086	0.6	10.1	1
2655.062978809537	0.2	5.1	1
2668.1412550190616	0.2	4.7	1
2688.025336000016	0.2	5.1	1
2700.9644741047778	0.4	9.7	1
2706.9702788762065	0.2	4.5	1
2712.9760836476353	0.2	4.5	1
2732.7210265238236	0.6	10.3	1
2759.538440838109	0.2	5.3	1
2792.3616599238203	0.2	4.5	1
2799.4341313619157	0.2	5.3	1
2813.3124075714363	0.2	5.1	1
2820.3848790095317	0.2	5.3	1
2833.729821885719	0.2	4.7	1
2847.2022933238145	0.6	10.1	1
2866.9472362000033	0.2	4.7	1
2872.953040971432	0.2	4.5	1
2892.9646505142873	0.6	10.5	1
2906.970455285716	0.6	10.5	1
2927.782064828571	0.2	5.1	1
2934.054536266666	0.2	4.7	1
2953.799479142858	0.6	10.1	1
2979.8168934571436	0.2	4.7	1
2993.8226982285723	0.6	10.5	1
3006.761836333334	0.4	9.7	1
3020.767641104763	0.6	10.5	1
3027.840112542858	0.2	5.3	1
3041.3125839809536	0.6	10.1	1
3061.8575268571426	0.2	5.3	1
3067.8633316285714	0.2	4.5	1
3087.3416078380933	0.6	10.1	1
3094.4140792761887	0.2	5.3	1
3101.219884047617	0.2	5.1	1
3114.159022152379	0.4	9.7	1
3120.1648269238076	0.2	4.5	1
3140.176436466663	0.6	10.5	1
3154.1822412380916	0.6	10.5	1
3181.3938507809467	0.4	9.9	1
3195.3996555523754	0.6	10.5	1
3222.6112650952305	0.4	9.9	1
3228.617069866659	0.2	4.5	1
3241.822874638088	0.4	9.9	1
3261.0344841809474	0.2	4.5	1
3287.051898495233	0.2	5.1	1
3299.991036599995	0.4	9.7	1
3320.002646142851	0.2	5.3	1
3326.00845091428	0.2	4.5	1
3345.4867271238018	0.6	10.1	1
3378.1708081047504	0.4	9.9	1
3391.643279542846	0.6	10.1	1
3418.8548890857014	0.6	10.3	1
3432.86069385713	0.6	10.5	1
3453.4056367333187	0.2	4.9	1
3480.4897177142666	0.2	4.9	1
3493.4288558190283	0.4	9.7	1
3512.6404653618843	0.2	4.7	1
3519.7129367999796	0.2	5.3	1
3540.5245463428337	0.6	10.3	1
3547.597017780929	0.2	5.3	1
3561.0694892190245	0.6	10.1	1
3581.3477654285466	0.2	5.1	1
3594.2869035333083	0.4	9.7	1
3621.231846409498	0.6	10.5	1
3628.0376511809263	0.2	5.1	1
3641.115927390451	0.2	4.7	1
3655.1217321618797	0.6	10.5	1
3661.1275369333084	0.2	4.5	1
3673.9391464761634	0.2	5.1	1
3686.878284580925	0.4	9.7	1
3693.417422685687	0.2	4.9	1
3706.4956988952085	0.2	4.9	1
3719.4348369999702	0.4	9.7	1
3725.440641771399	0.2	4.5	1
3744.918917980921	0.6	10.1	1
3758.658056085683	0.6	10.3	1
3772.6638608571116	0.6	10.5	1
3793.7421370666334	0.2	5.3	1
3821.0928847142472	0.2	4.7	1
3862.1827704666243	0.6	10.3	1
3868.988575238053	0.2	5.1	1
3882.8668514475776	0.2	5.3	1
3895.8059895523393	0.4	9.7	1
3902.3451276571013	0.2	4.9	1
3914.8900705332894	0.2	4.5	1
3928.6292086380513	0.6	10.3	1
3955.5741515142436	0.4	9.9	1
3995.7248991618667	0.4	9.9	1
4042.1481182475873	0.2	4.7	1
4048.4205896856824	0.2	4.7	1
4060.965532561874	0.2	4.7	1
4068.0380039999695	0.2	5.3	1
4088.8496135428236	0.6	10.3	1
4095.1220849809188	0.2	4.7	1
4108.46702785711	0.2	5.3	1
4134.751108838061	0.4	9.7	1
4147.956913609489	0.4	9.9	1
4174.368523152348	0.4	9.9	1
4213.719270799971	0.4	9.7	1
4220.5250755714	0.2	5.1	1
4234.1366851142575	0.2	5.1	1
4260.687432761878	0.4	9.7	1
4266.693237533306	0.2	4.5	1
4273.765708971401	0.2	5.3	1
4286.843985180922	0.2	4.5	1
4306.461399495202	0.2	4.9	1
4339.2846185809085	0.4	9.9	1
