17.8538109	0.2	5.1	1
52.507621799999995	0.4	9.9	1
71.0614327	0.2	5.3	1
107.8152436	0.6	10.5	1
180.62286539999997	0.6	10.3	1
270.58429809999984	0.2	4.9	1
286.33810899999986	0.2	4.5	1
321.69191989999985	0.6	10.1	1
356.34573079999984	0.4	9.9	1
374.8995416999999	0.2	5.3	1
408.8533525999999	0.4	9.7	1
443.5071634999999	0.4	9.9	1
459.2609743999999	0.2	4.5	1
477.8147852999999	0.2	5.3	1
494.9685961999999	0.2	4.9	1
531.0224070999999	0.6	10.3	1
566.3762179999999	0.6	10.1	1
584.2300288999999	0.2	5.1	1
636.7376506999999	0.4	9.9	1
672.0914615999999	0.6	10.1	1
689.9452724999999	0.2	5.1	1
706.3990833999999	0.2	4.7	1
740.7067051999994	0.2	5.1	1
756.4605160999994	0.2	4.5	1
789.368137899999	0.2	4.9	1
823.3219487999991	0.4	9.7	1
857.2757596999991	0.4	9.7	1
891.9295705999991	0.4	9.9	1
928.6833814999991	0.6	10.5	1
947.2371923999991	0.2	5.3	1
965.0910032999991	0.2	5.1	1
1000.4448141999991	0.6	10.1	1
1052.252435999999	0.2	4.7	1
1070.806246899999	0.2	5.3	1
1125.4138686999997	0.6	10.3	1
1159.3676795999997	0.4	9.7	1
1194.0214904999998	0.4	9.9	1
1245.8291122999992	0.2	4.9	1
1264.3829231999991	0.2	5.3	1
1281.5367340999992	0.2	4.9	1
1318.2905449999992	0.6	10.5	1
1334.7443558999992	0.2	4.7	1
1387.2519776999995	0.6	10.3	1
