30.903810900000003	0.6	10.3	1
61.2076218	0.6	10.1	1
90.9114327	0.4	9.9	1
105.61524360000001	0.2	4.9	1
136.5190545	0.6	10.3	1
166.22286540000002	0.4	9.9	1
196.52667630000002	0.6	10.1	1
225.6304872	0.4	9.7	1
270.0381090000001	0.2	5.1	1
344.7495417000001	0.6	10.1	1
360.6533526000001	0.2	5.3	1
391.2609744000004	0.2	4.9	1
420.3647853000004	0.4	9.7	1
436.2685962000004	0.2	5.3	1
468.07621800000067	0.2	5.3	1
483.38002890000064	0.2	5.1	1
496.88383980000066	0.2	4.5	1
527.1876507000006	0.6	10.1	1
556.2914616000006	0.4	9.7	1
572.1952725000007	0.2	5.3	1
586.8990834000007	0.2	4.9	1
602.2028943000007	0.2	5.1	1
618.1067052000008	0.2	5.3	1
665.5143270000001	0.6	10.5	1
743.2257596999992	0.6	10.1	1
757.9295705999992	0.2	4.9	1
787.3371923999997	0.2	4.9	1
817.0410032999997	0.4	9.9	1
832.3448141999997	0.2	5.1	1
863.2486250999998	0.6	10.3	1
893.5524359999998	0.6	10.1	1
907.0562468999998	0.2	4.5	1
920.5600577999998	0.2	4.5	1
950.8638686999998	0.6	10.1	1
964.3676795999997	0.2	4.5	1
1008.1753013999995	0.6	10.1	1
1023.4791122999995	0.2	5.1	1
1036.9829231999995	0.2	4.5	1
1066.6867340999995	0.4	9.9	1
1126.6943559	0.6	10.1	1
1156.9981667999998	0.6	10.1	1
1171.1019777	0.2	4.7	1
1187.0057886	0.2	5.3	1
1202.9095995	0.2	5.3	1
1232.6134104	0.4	9.9	1
1276.4210322000006	0.2	4.7	1
1307.3248431000006	0.6	10.3	1
1337.0286540000006	0.4	9.9	1
1367.9324649000007	0.6	10.3	1
1398.8362758000007	0.6	10.3	1
1414.7400867000008	0.2	5.3	1
1444.4438976000008	0.4	9.9	1
1475.9477085000008	0.6	10.5	1
1489.4515194000007	0.2	4.5	1
