14.7038109	0.2	4.9	1
30.6076218	0.2	5.3	1
62.111432699999995	0.6	10.5	1
124.51905449999995	0.6	10.3	1
154.22286539999996	0.4	9.9	1
169.52667629999996	0.2	5.1	1
198.63048719999995	0.4	9.7	1
212.13429809999994	0.2	4.5	1
228.03810899999993	0.2	5.3	1
275.44573079999975	0.6	10.5	1
305.14954169999976	0.4	9.9	1
319.85335259999977	0.2	4.9	1
348.66097439999976	0.2	4.7	1
379.56478529999976	0.6	10.3	1
441.3724070999996	0.6	10.3	1
472.2762179999996	0.6	10.3	1
502.58002889999955	0.6	10.1	1
533.4838397999996	0.6	10.3	1
564.3876506999997	0.6	10.3	1
594.0914615999997	0.4	9.9	1
609.3952724999997	0.2	5.1	1
622.8990833999997	0.2	4.5	1
653.8028942999997	0.6	10.3	1
684.1067051999997	0.6	10.1	1
699.4105160999998	0.2	5.1	1
728.5143269999998	0.4	9.7	1
742.0181378999997	0.2	4.5	1
771.1219487999997	0.4	9.7	1
801.4257596999997	0.6	10.1	1
831.7295705999998	0.6	10.1	1
877.9371924000006	0.2	5.3	1
909.4410033000006	0.6	10.5	1
956.2486251000004	0.2	5.1	1
972.1524360000004	0.2	5.3	1
986.2562469000004	0.2	4.7	1
1017.7600578000004	0.6	10.5	1
1079.5676796	0.6	10.1	1
1094.8714905	0.2	5.1	1
1124.5753014	0.4	9.9	1
1140.4791123	0.2	5.3	1
1171.3829232	0.6	10.3	1
1187.2867341	0.2	5.3	1
1203.1905450000002	0.2	5.3	1
1218.4943559	0.2	5.1	1
1249.3981668000001	0.6	10.3	1
1262.9019777	0.2	4.5	1
1305.5095995	0.4	9.7	1
1321.4134104	0.2	5.3	1
1352.9172213	0.6	10.5	1
1384.4210322	0.6	10.5	1
1414.1248431	0.4	9.9	1
1445.028654	0.6	10.3	1
1505.0362757999994	0.4	9.7	1
1518.5400866999994	0.2	4.5	1
