27.473389623809524	0.6	10.3	1
39.48011258095238	0.2	4.5	1
65.88683553809524	0.4	9.9	1
92.82689182857143	0.6	10.1	1
104.83361478571429	0.2	4.5	1
143.24706070000036	0.4	9.9	1
169.6537836571432	0.4	9.9	1
197.12717328095272	0.6	10.3	1
210.20056290476225	0.2	4.9	1
224.34061919523845	0.2	5.3	1
236.34734215238132	0.2	4.5	1
249.42073177619085	0.2	4.9	1
263.0274547333337	0.2	5.1	1
290.5008443571432	0.6	10.3	1
345.9809569380964	0.6	10.5	1
428.4011258095262	0.6	10.1	1
537.7613509714316	0.6	10.1	1
661.2616324238128	0.2	5.3	1
689.2683553809557	0.6	10.5	1
729.2818012952417	0.2	4.5	1
782.901970166671	0.2	5.1	1
862.3955286619106	0.4	9.7	1
969.8958101142935	0.6	10.5	1
991.5361478571529	0.2	5.3	1
1026.249875223822	0.2	4.9	1
1039.3232648476317	0.2	4.9	1
1067.3299878047744	0.6	10.5	1
1079.8700440952507	0.2	4.7	1
1105.7434337190602	0.4	9.7	1
1132.6834900095364	0.6	10.1	1
1145.756879633346	0.2	4.9	1
1159.8969359238222	0.2	5.3	1
1187.903658880965	0.6	10.5	1
1200.9770485047745	0.2	4.9	1
1213.5171047952508	0.2	4.7	1
1240.9904944190603	0.6	10.3	1
1268.997217376203	0.6	10.5	1
1310.6106632904891	0.2	5.1	1
1379.164165495252	0.6	10.1	1
1461.8577239904907	0.2	5.3	1
1556.5580054428724	0.2	4.5	1
1570.6980617333486	0.2	5.3	1
1597.3781743143013	0.2	4.7	1
1651.5316765190632	0.6	10.3	1
1718.2252350143024	0.2	4.7	1
1797.9921831333509	0.2	4.9	1
1811.5989060904938	0.2	5.1	1
1838.8123520047802	0.2	5.1	1
1879.6325208762103	0.2	5.1	1
1947.3927460381171	0.6	10.1	1
2028.2263608238331	0.2	4.9	1
2041.2997504476427	0.2	4.9	1
2067.9798630285945	0.2	5.1	1
2121.600031900023	0.6	10.1	1
2201.093590395261	0.4	9.7	1
2308.593871847642	0.6	10.5	1
2342.500876257166	0.4	9.9	1
2402.2812702905	0.4	9.7	1
2476.20172061431	0.2	5.3	1
2577.062227228597	0.6	10.1	1
2690.9961234666926	0.2	4.9	1
2732.9367426619306	0.6	10.5	1
2786.884084814312	0.2	4.5	1
2854.97148325717	0.2	5.3	1
