4.2558	0.87	3.0	1
12.342400000000001	0.94	2.7	1
24.118100000000002	0.97	2.6	1
39.441300000000005	0.99	2.5	1
59.162000000000006	0.91	3.1	1
82.5635	0.86	3.3	1
109.6541	0.91	2.6	1
141.8505	0.84	3.6	1
178.30270000000002	0.93	3.0	1
218.72740000000002	0.86	2.8	1
263.2662	0.91	2.9	1
311.3525	0.97	2.5	1
363.2696	0.92	2.7	1
419.72580000000005	0.87	3.2	1
479.87110000000007	0.98	2.6	1
543.5639000000001	0.93	2.5	1
611.3708000000001	0.89	2.9	1
682.7252000000001	0.94	2.5	1
757.4854	0.95	2.4	1
837.0681000000001	0.93	3.4	1
920.9066	0.88	3.0	1
