66.828
84.708
77.045
79.69
64.591
95.041
62.89
97.889
75.203
89.638
81.803
69.691
97.688
91.672
69.193
99.774
81.887
65.641
99.383
109.606
97.394
79.933
80.228
72.848
35.188
53.489
49.265
69.485
37.382
50.498
42.344
97.985
75.381
32.283
98.81
74.935
93.989
78.157
119.652
56.702
59.939
36.468
63.03
98.483
54.997
90.265
49.152
76.573
73.506
47.2
26.319
89.368
50.108
11.531
55.386
107.697
78.539
50.238
75.389
47.244
70.94
99.023
61.177
53.038
121.109
65.469
22.572
87.073
52.035
64.545
133.803
108.958
44.384
60.631
17.189
99.646
66.723
66.715
37.704
77.578
96.398
60.209
36.076
79.19
108.706
58.211
102.384
58.042
75.485
35.262
72.0
45.723
71.311
57.082
88.047
72.613
27.395
52.626
46.387
51.353
47.49
70.834
39.731
15.532
43.333
36.464
106.706
55.646
63.432
45.907
72.746
70.346
65.81
40.288
41.692
20.675
66.31
120.989
46.482
96.148
68.461
35.476
97.702
67.63
46.031
68.293
44.336
63.153
63.189
82.241
68.806
62.756
110.398
26.038
40.605
78.316
64.121
57.699
58.458
58.7
67.102
95.129
34.713
69.17
25.122
72.288
60.741
44.988
28.626
58.847
85.445
53.761
48.847
19.447
57.773
39.735
65.485
53.079
29.961
14.03
21.848
42.656
58.121
45.228
49.741
50.222
20.294
72.7
55.47
55.784
47.104
53.525
51.464
48.386
34.567
51.642
78.354
40.025
32.992
41.05
33.169
34.106
27.411
37.477
16.848
42.397
64.716
45.477
35.957
42.949
57.436
79.101
37.516
9.226
43.629
65.773
50.145
26.49
106.985
34.86
20.565
38.271
48.512
47.936
59.432
78.639
20.394
25.419
34.277
60.84
25.421
69.032
32.41
80.363
63.609
52.366
38.575
34.444
27.962
39.569
51.505
59.508
32.478
73.424
47.295
14.336
47.412
26.874
29.564
39.627
45.675
66.022
71.049
31.285
56.513
49.09
12.84
60.82
54.948
26.669
38.303
51.382
24.564
49.006
39.052
8.609
48.654
19.356
49.544
33.519
26.424
46.878
37.095
52.603
49.689
42.715
18.501
18.179
37.977
64.674
24.841
34.993
24.932
22.19
18.22
74.992
20.822
22.523
29.807
69.695
35.304
40.23
27.605
26.162
52.008
37.898
61.89
19.649
23.44
53.943
58.745
39.487
37.441
36.648
22.492
46.837
27.957
29.699
19.51
14.533
43.691
30.581
45.438
27.231
55.725
69.494
17.365
25.796
39.786
35.128
40.164
36.357
20.577
64.546
35.442
36.387
21.091
64.756
21.542
34.428
58.774
39.496
51.875
24.694
11.224
52.136
65.301
58.678
37.939
14.09
27.683
28.201
31.564
28.137
49.924
35.67
22.664
42.6
72.965
55.739
44.606
28.236
18.637
47.834
61.618
24.867
37.327
27.934
22.513
43.634
58.444
70.829
48.102
50.069
68.521
25.224
26.572
28.003
30.613
19.998
15.033
16.659
54.71
32.783
38.347
50.081
34.016
27.288
31.766
56.1
33.645
56.135
38.211
51.872
39.442
31.608
23.272
37.811
25.271
19.759
18.474
30.331
54.14
39.457
61.916
52.319
40.808
29.779
17.538
52.28
35.676
42.959
29.481
21.944
44.97
66.138
41.257
27.964
54.566
23.354
29.933
30.209
29.214
26.176
14.601
30.949
22.573
32.007
26.733
43.72
27.7
60.583
43.183
41.875
35.477
53.981
30.65
41.701
24.983
39.954
25.606
20.709
35.395
28.094
12.093
35.743
40.481
19.625
30.936
15.074
50.257
63.811
16.778
52.049
30.615
24.609
35.15
40.498
60.741
19.113
27.869
30.795
31.886
25.163
30.383
34.768
36.874
28.474
34.81
34.535
39.281
33.802
33.024
22.16
47.861
24.658
25.21
52.766
33.634
42.314
21.8
28.532
27.34
39.91
32.215
24.374
23.256
33.499
41.334
38.11
26.215
27.846
32.483
23.081
28.987
20.672
36.203
77.133
41.291
26.886
40.13
22.451
26.689
30.852
20.696
23.27
21.134
44.034
33.005
24.372
40.292
54.212
35.158
15.849
36.432
38.397
21.955
27.594
35.634
28.573
44.349
32.694
31.524
32.968
66.759
40.032
19.001
25.272
22.031
49.201
24.486
47.981
40.927
47.487
24.975
34.583
43.898
19.806
24.362
21.5
32.879
36.674
46.79
40.638
30.996
38.548
48.531
34.048
41.65
58.723
34.66
25.167
40.094
29.392
44.475
19.731
36.545
43.461
27.621
36.931
32.318
40.196
31.535
29.855
24.141
52.002
58.95
64.413
56.637
30.273
32.231
42.355
21.613
24.547
35.497
13.276
28.481
31.34
26.085
42.573
38.258
34.033
24.54
25.271
32.78
29.939
41.609
32.229
50.912
23.582
24.175
29.688
39.585
52.069
48.965
36.176
22.104
24.254
29.43
26.235
21.645
20.887
34.522
31.214
33.994
30.703
42.008
28.156
30.529
38.852
29.767
25.09
32.807
23.536
44.834
36.195
35.659
15.858
34.113
30.372
20.598
24.049
32.792
19.284
25.716
39.767
36.53
36.844
28.517
34.012
25.72
20.3
27.534
29.463
38.585
21.038
32.575
59.449
41.192
50.617
51.721
26.784
24.728
38.462
18.737
31.196
29.584
30.329
36.067
23.176
55.603
39.198
38.492
33.833
18.744
34.926
42.685
35.989
25.591
44.391
21.776
34.109
47.509
28.165
42.233
26.001
39.202
29.974
48.153
36.303
32.999
51.422
24.633
75.341
52.163
39.964
31.988
22.268
25.471
41.681
38.708
52.245
56.069
43.08
31.557
26.22
27.03
27.883
20.12
35.037
40.066
44.039
41.257
48.461
25.107
36.805
74.849
35.467
39.706
30.054
25.07
44.86
26.337
61.475
24.37
35.895
36.853
40.209
35.39
35.976
43.149
34.726
26.577
21.257
56.46
43.23
41.093
36.422
29.411
38.827
39.926
44.432
29.335
29.281
31.733
30.465
18.008
34.833
37.159
22.211
37.767
45.154
41.402
21.578
41.853
41.299
34.92
21.49
31.277
39.347
45.035
42.818
27.147
26.918
37.402
24.289
24.053
33.193
37.784
24.233
30.747
40.91
27.696
42.707
63.0
55.686
35.565
46.455
31.283
44.079
51.483
34.961
22.313
41.372
34.83
43.277
30.23
15.111
33.675
26.815
49.308
46.912
43.11
37.73
22.559
43.516
49.867
43.197
32.031
35.851
47.048
29.374
33.127
36.609
52.32
43.476
27.176
26.301
43.424
37.868
43.951
51.35
41.752
30.9
36.383
52.074
51.667
38.913
27.57
56.105
35.44
32.966
36.011
33.214
22.987
46.356
44.087
44.349
38.634
31.356
29.46
37.457
32.991
32.454
34.914
33.69
21.582
21.001
33.718
36.734
33.933
26.983
39.313
33.824
29.689
33.481
31.755
33.129
28.9
25.188
47.227
22.442
24.512
29.919
33.493
30.603
26.142
23.169
39.098
29.435
17.001
27.765
44.07
33.276
32.507
24.407
21.864
41.255
28.471
22.792
38.345
27.757
36.881
27.338
36.16
21.82
16.578
29.284
33.914
25.07
28.349
36.044
35.012
44.127
42.057
43.783
30.808
40.075
46.07
20.607
23.999
24.183
32.198
32.946
23.88
46.706
32.958
52.947
28.044
53.201
34.502
18.275
23.865
48.73
29.454
34.228
30.988
39.493
31.438
33.146
41.446
43.792
40.49
23.674
36.285
41.106
18.894
29.443
36.41
42.013
34.574
19.314
24.033
24.755
24.564
41.69
33.625
38.758
41.723
33.84
30.483
20.493
30.608
31.024
30.549
39.438
38.633
30.89
26.41
38.35
25.445
54.542
42.951
37.734
42.529
32.238
17.533
42.97
33.654
35.246
61.599
27.977
19.087
30.218
30.777
46.446
27.046
26.119
41.621
33.94
39.084
34.685
62.482
35.153
34.658
32.49
26.013
30.973
41.547
40.773
26.563
45.969
28.692
38.967
27.281
50.359
34.7
22.112
29.851
38.972
23.206
21.053
44.908
38.348
30.39
35.261
35.507
32.273
41.654
24.7
31.771
24.703
37.777
19.66
28.716
37.926
36.083
28.231
31.69
48.162
37.385
61.301
68.926
31.545
29.613
34.023
37.103
43.323
63.204
60.554
30.313
41.186
25.109
26.076
34.844
22.678
13.61
34.09
25.814
70.984
36.642
33.035
47.981
19.225
41.078
45.548
47.817
35.985
30.851
35.324
22.539
46.413
9.656
46.875
18.38
44.862
28.524
30.222
30.495
54.283
18.861
48.146
42.187
24.756
22.696
23.137
35.628
42.97
34.34
21.056
49.669
27.928
27.585
56.704
33.42
35.63
40.14
28.483
29.274
45.155
30.563
34.262
30.928
33.721
32.627
46.734
24.827
35.109
41.387
29.094
48.186
28.571
48.29
28.214
24.492
32.266
29.959
34.03
33.556
34.073
41.139
34.746
59.999
43.74
25.344
18.811
27.919
33.514
28.919
25.878
35.859
44.093
29.943
35.538
30.981
42.454
38.016
34.952
52.4
39.5
28.063
50.143
46.587
47.249
37.248
20.441
18.84
39.626
40.094
25.123
23.254
19.291
29.357
38.131
23.018
41.753
33.593
25.113
34.605
47.963
27.867
47.64
32.401
29.523
38.241
47.475
41.144
27.703
31.362
43.188
21.766
31.923
30.571
47.679
39.229
26.013
19.624
27.61
30.988
50.762
21.65
32.981
40.775
25.079
56.733
48.559
25.177
43.577
27.039
28.925
27.184
28.21
37.884
29.05
25.208
22.486
39.11
32.414
33.341
41.035
23.468
34.497
23.809
27.634
27.184
34.186
36.216
26.696
40.356
33.232
37.487
29.912
21.978
47.116
20.416
38.298
41.933
32.397
33.555
23.534
21.605
32.293
28.784
31.099
16.902
31.977
37.838
37.134
21.232
25.736
56.867
21.423
33.732
31.092
28.93
36.99
30.413
33.212
30.408
41.309
29.124
34.838
37.82
24.78
36.438
48.434
21.372
25.68
29.875
21.215
53.209
31.548
26.892
52.391
28.347
20.824
30.956
44.104
31.308
22.842
22.529
30.72
26.678
43.132
33.212
28.729
39.343
43.1
21.161
42.533
17.571
38.569
29.878
45.515
24.552
36.324
28.24
33.166
28.793
36.213
33.206
28.453
36.169
33.002
55.912
48.151
35.907
55.097
44.04
41.464
37.558
43.26
23.291
26.058
34.542
26.54
44.208
51.015
35.48
33.177
40.347
45.906
17.863
63.439
43.745
37.42
41.572
40.894
46.096
23.29
38.512
44.596
38.792
39.32
43.219
22.722
36.01
48.088
45.446
19.84
29.074
32.465
47.622
37.961
30.469
51.946
26.307
40.68
36.65
17.275
32.179
30.097
31.461
21.655
40.484
41.542
27.198
44.421
42.447
30.989
27.166
23.99
22.429
30.732
34.263
36.137
42.352
31.37
31.253
37.826
36.12
40.076
25.628
34.601
28.838
27.251
37.433
28.562
63.493
23.555
48.865
26.325
17.969
39.965
56.988
35.181
43.639
49.633
25.505
40.569
38.798
35.454
34.136
39.667
36.93
34.716
37.469
30.742
46.377
32.701
29.638
25.912
34.21
30.285
31.095
22.301
24.134
47.16
43.429
18.557
44.359
36.123
32.139
36.258
18.271
18.57
35.931
32.143
38.129
36.559
39.941
40.865
15.906
14.13
29.632
37.847
33.576
39.675
22.706
19.964
34.698
29.814
39.152
30.38
54.733
26.976
56.806
20.262
20.114
36.684
48.995
30.313
33.309
54.952
36.266
44.212
28.419
19.948
38.896
28.019
31.822
44.593
41.626
38.243
30.371
41.891
13.217
36.502
29.429
35.444
38.13
35.497
21.413
49.021
38.548
28.552
19.811
36.979
44.91
25.012
24.977
31.798
39.44
32.495
30.407
34.747
27.947
42.726
52.671
29.629
34.571
34.249
31.42
28.978
48.166
21.854
38.641
58.256
27.226
27.534
26.997
39.721
41.65
27.91
38.729
30.832
22.435
41.971
44.005
31.363
29.128
22.559
51.235
37.964
29.48
43.075
43.37
41.706
57.625
31.555
29.978
54.841
27.459
33.454
29.995
48.394
39.509
36.465
30.011
38.858
19.622
38.091
21.774
38.193
35.187
32.227
39.924
30.514
44.612
30.443
28.42
30.564
44.104
38.157
32.519
43.937
21.902
45.195
38.532
20.096
48.244
34.77
39.753
40.968
19.126
27.332
38.257
27.684
35.045
35.418
27.668
17.196
33.059
28.43
40.323
47.712
30.265
40.982
49.843
45.021
46.54
28.89
32.582
51.963
36.795
25.621
34.246
25.83
25.022
34.443
42.662
18.089
54.512
54.806
37.922
40.942
35.262
34.282
40.443
21.829
15.52
22.715
33.808
39.8
45.607
25.044
36.293
46.549
45.89
29.817
37.133
46.403
24.383
29.653
32.488
37.415
31.336
18.245
46.068
32.689
28.254
35.495
60.206
26.08
24.265
53.061
48.272
45.966
31.953
51.877
66.166
43.09
31.944
42.692
47.189
43.511
30.359
21.956
26.43
40.977
39.982
40.587
21.676
22.814
23.42
38.257
31.05
52.736
23.362
40.852
17.927
20.012
28.666
21.07
33.298
30.839
50.538
31.955
38.248
27.215
28.083
46.341
22.084
30.619
21.382
29.459
33.545
35.802
48.825
25.395
33.552
45.876
23.184
48.272
16.1
43.983
42.737
31.195
30.978
27.859
41.68
27.945
27.683
58.45
25.703
20.904
40.216
41.442
28.022
27.034
52.131
43.828
47.663
32.909
27.13
39.367
15.991
44.265
37.435
32.432
29.918
25.232
28.792
32.102
26.212
17.426
21.733
33.321
23.549
35.5
27.735
34.351
20.743
29.259
54.327
45.417
49.179
26.901
44.425
50.602
22.674
43.098
39.897
39.583
45.168
28.194
13.628
35.053
31.501
26.801
28.149
40.261
43.451
21.569
25.392
29.936
42.326
23.248
19.187
29.707
45.855
40.711
41.165
52.302
31.528
41.067
39.6
36.25
34.042
43.265
33.332
20.174
28.01
31.514
23.302
22.609
38.996
28.269
22.813
22.274
21.506
26.225
28.909
37.536
15.107
24.218
19.432
23.357
24.466
29.81
14.786
16.442
27.678
16.674
30.726
39.3
32.606
52.196
16.083
29.669
30.895
15.168
28.399
29.146
27.431
28.005
27.052
25.326
36.663
20.449
42.405
43.093
20.437
39.275
18.622
15.435
22.623
43.662
22.457
28.216
37.065
36.244
32.998
28.298
22.926
25.257
29.812
34.492
35.08
43.38
19.673
29.302
36.68
33.252
16.505
19.545
44.462
41.827
23.836
33.112
54.205
30.678
25.759
14.131
24.768
29.547
30.484
32.809
21.708
25.763
23.667
11.193
18.887
40.544
35.026
30.25
21.488
27.908
31.732
26.644
36.278
35.452
31.106
24.02
34.659
23.958
25.88
26.06
23.964
27.147
19.42
25.025
33.852
17.901
30.781
39.614
32.282
23.457
21.918
35.861
45.042
39.521
24.752
20.662
27.472
30.897
31.718
28.39
32.428
27.017
29.762
47.357
25.831
15.948
18.827
22.327
26.425
29.116
26.929
28.286
26.388
30.951
34.134
32.451
29.658
15.773
28.425
21.122
29.487
26.377
25.153
26.733
20.229
18.081
30.029
13.477
32.484
27.274
19.322
38.244
24.595
26.443
29.842
34.576
22.082
28.571
25.683
29.248
28.176
34.73
23.834
46.603
28.441
26.622
27.119
21.921
27.892
29.825
23.413
29.543
21.601
27.97
21.837
25.133
44.228
37.238
18.536
26.423
21.581
31.949
26.648
23.852
23.352
24.369
26.423
22.958
22.339
38.963
30.224
18.15
34.383
27.155
38.513
29.657
23.746
34.598
16.647
53.278
30.734
37.271
46.054
36.193
24.453
33.247
28.561
27.76
19.219
30.214
35.541
20.587
42.252
21.027
27.846
38.869
41.678
21.412
26.031
20.136
36.751
34.73
24.488
29.42
52.911
37.219
32.44
30.782
32.786
23.583
22.204
16.308
35.857
38.502
17.7
32.945
24.881
25.035
24.03
31.299
31.312
32.976
22.942
19.674
26.914
43.562
16.83
23.959
29.922
36.882
57.412
28.134
39.446
32.016
26.086
35.264
31.455
31.983
38.1
21.908
36.184
28.143
19.539
32.485
24.257
31.873
23.346
29.239
25.303
42.337
23.294
29.401
63.564
19.542
20.413
23.509
30.707
27.652
22.888
28.67
18.604
24.417
23.975
29.812
19.178
31.053
21.078
28.16
27.659
12.674
17.254
22.974
33.131
17.397
15.52
26.996
30.632
27.207
26.284
35.012
22.797
22.172
21.368
45.02
22.16
23.452
25.299
39.701
27.659
19.835
24.43
16.289
19.809
26.195
29.236
24.748
40.771
24.291
15.298
34.594
25.552
21.373
33.13
40.647
17.685
27.483
26.465
19.314
19.629
21.267
29.958
33.571
20.374
35.296
30.8
35.979
54.987
19.557
22.594
25.021
27.816
15.643
26.498
40.982
16.285
31.588
37.087
14.441
22.849
18.597
28.47
21.545
36.617
34.658
35.09
19.832
24.196
20.264
19.68
33.279
23.624
22.712
12.036
24.611
17.425
26.741
19.92
27.137
32.205
14.86
15.683
24.908
29.521
32.352
44.1
21.83
35.346
16.422
30.991
20.313
36.103
29.523
31.962
27.34
31.452
40.084
16.864
11.711
29.765
25.04
31.007
20.48
41.703
13.013
39.623
17.832
23.493
21.009
28.691
19.788
22.196
22.908
37.321
26.384
14.604
23.392
12.984
25.259
14.897
19.679
25.666
14.36
38.528
20.836
15.732
28.267
28.559
12.941
30.246
24.273
23.633
43.656
20.551
22.019
14.245
31.016
18.036
11.257
22.445
17.695
17.681
26.193
20.519
29.948
26.807
27.764
22.415
26.29
30.253
25.713
27.538
24.343
21.935
25.289
33.62
32.72
21.16
29.641
25.398
13.431
36.221
30.777
21.943
28.25
49.732
37.671
36.963
29.453
17.75
15.014
39.436
10.906
40.375
21.591
16.046
14.819
21.647
38.658
21.295
18.03
17.292
17.921
21.453
37.361
20.55
33.645
27.362
18.91
31.688
30.759
17.566
26.061
32.42
37.594
18.31
17.661
22.413
16.654
18.606
25.379
25.814
46.078
27.563
20.28
29.216
22.733
31.067
26.199
22.565
29.91
41.786
26.283
28.383
14.717
20.575
38.309
18.958
20.33
30.757
22.672
19.151
19.985
52.996
24.905
21.73
34.252
12.501
32.998
18.373
30.305
30.059
23.876
23.066
24.717
30.616
25.054
28.463
30.927
10.938
34.137
23.492
27.335
29.585
26.438
23.102
24.949
21.201
25.297
24.561
34.981
29.189
27.99
21.107
25.162
37.854
19.692
19.217
32.83
18.245
20.214
22.652
31.023
21.163
21.88
17.878
28.053
32.03
33.358
29.824
24.416
27.424
31.488
31.962
21.693
30.337
44.127
35.443
26.952
34.567
18.44
23.365
23.168
33.42
18.086
29.992
17.746
42.301
30.638
36.214
23.454
33.152
17.837
20.166
31.433
30.466
19.361
28.632
17.334
37.186
18.47
18.419
47.541
27.826
43.134
33.946
19.63
20.135
45.661
31.245
12.491
30.393
33.913
25.364
22.652
29.317
24.067
32.332
20.51
13.942
26.333
18.279
18.364
21.42
51.346
16.516
22.173
17.442
26.031
46.535
21.646
23.919
35.58
26.374
28.925
25.856
17.495
39.767
42.59
25.802
31.53
14.135
22.952
36.791
20.661
27.974
33.267
19.185
17.388
30.477
46.034
42.687
39.962
27.588
34.432
16.0
12.272
29.204
26.974
27.906
53.644
26.052
32.807
38.981
25.081
29.111
17.869
39.862
20.041
31.104
19.524
23.295
27.031
24.236
39.869
37.599
33.754
36.032
27.085
23.707
27.936
18.054
27.618
30.769
36.497
18.49
41.261
41.243
15.757
30.008
11.747
20.957
24.54
35.572
32.607
33.223
45.826
18.234
26.509
38.198
22.782
24.158
36.421
28.825
32.499
27.137
35.203
21.294
20.076
16.655
27.483
28.912
24.261
29.568
27.285
31.628
16.73
22.535
35.961
25.194
29.582
19.591
36.0
27.154
24.458
24.814
19.585
18.85
17.545
38.777
25.674
24.053
27.149
17.096
35.409
36.868
22.299
30.053
23.282
21.899
19.561
39.817
33.573
25.777
13.398
29.026
42.384
35.752
24.027
43.343
31.156
16.564
24.834
23.302
17.137
34.688
24.659
25.684
26.425
26.321
42.786
36.779
21.038
32.921
33.12
22.254
27.216
20.028
27.411
31.488
28.031
27.676
42.953
17.329
29.09
18.006
33.005
28.105
12.178
12.602
24.743
33.34
17.059
19.75
20.962
25.019
22.739
38.083
19.495
20.068
41.715
20.155
12.986
28.402
24.121
16.857
19.607
25.446
33.4
39.605
20.867
44.375
35.653
35.615
36.589
31.508
30.312
20.124
14.956
21.294
31.432
33.144
30.356
32.93
27.478
20.364
33.758
30.168
26.379
13.182
27.82
35.842
30.739
30.36
29.798
32.702
24.186
21.05
18.422
23.952
28.179
34.15
16.926
24.497
36.996
35.215
16.574
43.954
37.179
27.525
25.729
18.298
28.641
17.04
16.941
17.485
28.267
34.574
33.204
34.211
26.143
35.526
29.679
23.31
26.407
15.667
40.052
30.756
26.014
23.203
54.031
23.273
29.828
17.955
26.688
26.918
31.596
33.991
23.602
14.676
19.54
14.727
32.417
20.992
35.305
22.442
32.444
14.474
25.426
22.747
32.264
41.297
20.81
35.179
25.464
38.465
30.3
19.594
38.347
33.685
36.849
18.932
45.459
38.038
19.841
29.833
24.443
32.113
51.672
29.423
33.756
23.725
33.735
46.121
28.76
23.091
21.872
36.823
24.643
20.033
37.804
24.15
19.467
26.31
31.818
26.567
16.978
26.594
21.666
16.021
22.657
21.822
12.826
30.073
28.14
26.822
23.759
21.109
26.074
20.223
28.06
22.573
36.878
36.675
47.959
23.902
17.703
18.805
29.806
33.758
15.204
19.351
25.268
36.404
33.258
27.539
27.735
18.349
25.347
39.019
26.03
30.796
13.234
28.291
12.343
35.918
30.325
33.691
30.354
14.449
31.769
32.004
29.961
11.58
35.419
24.056
26.335
15.092
37.375
28.766
29.158
21.601
29.269
31.972
33.119
20.594
37.625
30.982
17.023
27.97
17.388
27.161
37.247
25.414
38.305
33.735
27.753
39.307
32.675
36.327
35.498
13.467
29.873
38.069
17.879
25.317
18.037
18.892
31.562
22.869
29.859
37.436
26.399
24.177
32.906
18.51
36.949
34.231
45.328
40.016
32.865
13.087
39.027
24.869
37.297
29.034
25.695
14.766
20.967
31.738
22.106
30.567
29.36
31.158
32.979
15.208
27.78
21.491
30.349
30.127
37.259
24.285
26.112
35.383
49.469
15.176
20.337
37.544
23.84
21.89
27.762
30.27
14.838
25.275
27.985
27.766
20.549
7.806
16.694
19.764
39.6
22.137
31.925
31.629
18.523
32.315
17.58
24.264
19.111
53.087
41.98
24.396
13.054
39.056
28.211
45.8
23.689
26.3
21.218
44.435
25.891
18.266
34.454
39.886
31.21
37.42
44.269
27.302
44.901
32.446
25.706
29.063
30.623
27.646
21.843
41.681
27.118
24.392
19.756
16.244
22.274
35.519
37.022
38.718
36.777
35.072
38.481
29.241
31.355
21.534
29.602
16.977
16.397
23.059
18.703
36.141
32.174
26.569
34.654
27.112
9.757
25.761
30.824
14.299
18.822
21.508
33.597
28.692
12.517
39.125
23.294
25.003
52.569
40.895
26.508
29.17
37.792
31.72
42.928
31.381
26.122
20.621
24.08
42.93
21.858
38.334
25.703
35.772
44.843
33.928
36.222
30.718
39.276
43.383
34.294
35.408
33.15
30.173
32.559
25.54
23.194
41.642
50.531
24.874
49.813
32.347
39.883
35.293
36.829
19.101
28.309
31.777
27.378
47.398
26.698
19.15
32.11
28.92
32.93
27.743
26.828
30.926
24.41
24.735
31.511
30.827
42.953
22.001
19.155
22.674
24.132
30.98
34.521
25.227
32.752
27.099
27.113
22.946
16.369
49.819
23.549
50.39
30.065
27.937
22.526
34.712
27.997
42.887
24.027
24.922
25.635
46.412
29.304
17.024
25.675
38.89
36.115
20.572
36.209
23.101
22.177
28.397
27.024
38.242
29.117
35.846
34.285
28.752
42.765
47.444
15.72
16.627
29.013
26.246
32.998
27.988
21.244
29.232
23.304
30.761
37.219
25.545
28.758
18.885
29.97
29.902
27.345
32.838
21.574
36.235
23.625
34.95
42.304
21.543
27.915
19.733
25.086
25.166
29.779
20.915
12.773
28.236
29.384
23.797
15.714
35.986
29.264
46.278
41.759
33.113
36.805
25.468
17.434
18.055
33.847
38.214
28.906
29.511
21.435
33.951
18.882
30.161
24.313
29.027
38.1
24.45
24.89
28.582
37.138
20.789
14.181
28.522
18.827
27.323
40.235
60.58
25.156
25.333
24.416
32.59
24.974
29.147
32.846
30.219
29.622
20.885
26.478
16.144
47.071
32.515
38.31
16.437
22.12
23.072
28.373
29.111
30.073
34.508
26.48
19.93
22.958
25.917
35.446
28.756
20.697
34.027
23.354
27.817
17.727
30.366
41.113
26.875
40.194
14.408
26.584
49.765
30.604
37.41
26.234
23.317
31.125
33.733
24.071
30.233
22.999
36.362
42.48
23.169
19.425
29.346
24.213
36.124
38.784
18.278
24.323
29.219
29.714
35.459
30.071
21.822
13.399
36.377
34.355
21.159
18.909
29.921
37.245
31.253
55.874
27.455
32.341
28.661
43.8
31.733
29.787
28.889
27.418
29.674
26.33
23.722
41.706
31.059
43.804
16.756
24.866
35.086
33.337
7.671
24.968
21.248
27.587
29.85
33.541
33.205
53.001
22.547
28.85
33.041
34.945
31.59
34.521
20.1
26.727
36.797
28.78
42.09
22.926
27.833
24.368
33.119
23.269
17.414
16.493
21.878
29.464
23.974
22.082
27.334
26.355
40.856
19.48
29.129
27.776
29.994
34.978
33.639
24.205
26.677
41.63
29.388
32.618
32.139
32.873
33.635
15.767
49.16
22.283
30.723
34.169
32.143
30.444
25.943
25.704
20.159
25.576
21.281
37.587
32.054
36.781
27.237
42.872
27.084
40.305
39.869
46.691
16.072
35.047
29.978
11.577
29.488
44.869
36.171
26.289
30.193
20.926
37.132
8.487
35.243
34.041
23.224
37.709
31.611
28.861
38.479
30.554
47.453
28.782
49.678
31.207
36.286
34.099
18.185
16.995
39.658
29.353
29.053
25.532
32.354
36.713
33.681
24.365
17.596
16.347
23.462
35.517
25.621
21.255
22.055
27.162
20.493
28.038
16.884
28.305
38.695
19.744
24.69
45.787
28.034
22.519
29.354
34.47
28.48
18.454
19.53
27.816
47.786
34.414
20.366
22.795
31.375
31.83
23.061
35.891
29.469
29.909
34.029
29.977
20.565
42.958
31.368
41.417
23.892
35.175
35.273
34.79
29.038
17.541
43.728
26.615
50.288
36.892
32.174
30.743
29.045
45.116
43.923
41.237
31.209
21.519
24.29
27.942
29.219
21.963
35.507
21.878
19.564
16.875
37.43
48.126
27.606
24.727
24.251
26.543
28.91
25.047
39.031
33.117
30.344
21.724
12.444
29.605
32.73
32.692
40.468
36.173
40.441
28.706
32.693
38.12
20.869
18.118
33.241
35.511
34.339
26.102
28.272
32.8
34.51
46.175
49.146
22.361
25.239
32.525
49.455
37.849
52.486
19.513
50.812
22.5
26.437
41.415
26.16
35.871
36.844
31.372
38.504
31.886
30.122
41.577
23.123
38.228
37.452
24.581
20.188
34.172
38.571
34.367
29.522
43.367
37.406
25.906
29.459
21.903
42.275
29.504
45.028
40.99
16.363
24.255
29.789
24.408
26.453
24.435
23.991
51.326
20.03
18.474
21.707
39.048
24.459
26.493
30.393
33.832
28.005
23.774
36.69
19.82
28.969
31.771
28.002
37.075
36.767
28.222
32.232
33.83
42.252
32.427
17.296
21.939
37.518
29.145
21.438
31.298
34.39
43.551
29.96
18.255
25.545
44.86
27.665
40.219
32.845
26.996
40.976
31.048
28.976
24.665
26.345
48.449
29.565
43.266
12.757
17.281
45.453
18.041
40.958
45.329
43.01
19.177
41.876
37.508
33.841
29.156
27.956
33.787
28.436
33.496
44.849
23.066
28.591
32.17
23.352
36.952
26.646
28.561
37.652
49.617
26.95
39.486
17.431
38.17
15.27
24.632
34.695
28.39
35.906
38.985
24.536
24.721
33.849
28.583
30.305
30.662
13.399
17.679
25.926
38.316
38.359
37.523
26.755
28.822
53.194
29.081
31.061
17.889
21.353
28.521
31.502
13.21
31.055
35.294
29.252
31.874
29.601
31.114
26.004
26.023
28.737
34.142
38.551
17.323
24.836
21.346
50.064
31.016
37.155
20.422
40.854
23.092
21.948
30.218
36.509
26.562
20.767
23.94
38.918
29.015
22.086
35.616
46.459
7.115
31.92
15.039
13.634
30.581
27.466
25.485
37.261
35.644
17.218
21.579
30.008
31.076
31.088
37.477
20.479
35.434
24.3
36.617
45.5
41.671
33.792
32.863
33.182
29.699
21.336
22.04
19.784
25.928
26.714
32.763
23.385
20.746
29.809
29.587
33.135
38.606
37.851
30.892
20.246
35.369
26.386
33.251
38.538
35.008
24.842
27.141
25.416
21.807
29.739
32.99
19.822
22.543
34.16
35.133
37.243
28.953
29.164
47.954
29.691
18.621
31.832
24.836
35.13
24.744
23.787
16.768
25.123
26.944
17.956
19.693
25.191
13.066
43.871
32.144
22.001
48.366
17.91
20.902
21.491
29.114
25.764
10.697
47.471
21.992
28.562
46.111
25.833
28.522
28.932
27.549
30.807
15.614
21.187
39.447
33.017
19.29
22.788
32.023
28.638
31.528
16.153
23.251
21.622
24.63
31.06
25.769
34.259
14.179
33.873
36.994
27.003
23.319
10.831
42.319
36.067
16.897
29.902
24.396
21.105
19.708
20.124
28.105
16.482
22.633
27.994
33.676
37.612
13.511
29.372
18.279
31.67
16.713
26.161
38.203
42.265
18.665
13.529
17.686
14.455
23.63
20.695
56.554
20.319
18.01
20.093
14.541
37.819
22.663
37.074
38.6
35.502
39.904
31.786
36.01
14.004
24.511
33.751
36.298
18.008
21.01
29.978
42.631
35.513
24.799
23.052
14.158
40.094
25.91
32.181
33.566
27.49
37.122
17.903
38.737
34.082
29.67
27.432
19.528
30.991
30.823
26.067
34.758
28.215
18.565
27.28
36.221
32.766
29.544
32.746
37.614
26.623
41.067
29.585
13.044
35.268
36.197
25.48
14.38
16.896
57.563
20.183
15.885
51.054
20.904
23.435
23.051
51.674
37.498
27.258
38.379
24.504
51.979
21.283
46.993
14.456
21.132
42.783
29.143
21.701
23.665
16.695
14.101
14.833
19.98
43.2
26.359
13.408
28.916
38.746
24.966
19.622
31.963
21.214
21.692
31.443
25.412
33.207
30.174
40.213
24.202
24.624
14.019
34.967
23.65
28.781
20.264
20.116
24.725
22.701
30.449
42.088
13.987
28.72
31.755
20.217
21.979
16.868
29.825
21.236
23.779
23.638
15.605
13.542
54.522
22.227
32.572
22.504
19.801
24.166
18.014
38.959
27.213
38.786
25.004
47.315
32.663
20.959
33.413
9.007
23.663
17.484
30.66
42.951
22.309
26.445
29.699
10.535
34.503
37.51
15.777
25.571
27.826
22.056
37.973
22.029
32.458
15.07
8.737
41.022
17.948
22.843
21.168
28.512
27.579
33.869
35.301
29.366
35.645
23.523
27.367
29.541
39.082
21.901
26.155
21.598
23.64
19.418
35.284
25.685
27.559
35.681
22.114
24.873
23.91
31.411
28.763
14.177
24.103
26.401
18.067
17.093
21.148
27.067
40.034
38.831
35.615
26.222
46.701
33.858
21.817
30.399
28.159
26.824
33.856
35.102
25.013
24.33
39.59
34.277
48.335
27.33
28.264
14.218
42.057
36.588
25.425
32.84
34.49
13.327
24.602
30.784
30.682
52.996
33.241
44.856
34.605
41.739
59.71
26.243
33.298
32.744
29.232
22.523
27.214
34.701
27.867
32.494
29.396
32.57
33.271
35.566
39.786
24.555
26.665
32.93
25.985
32.484
32.395
22.162
24.863
23.413
35.015
29.041
31.457
23.468
42.435
28.145
15.526
30.556
32.669
43.148
39.231
32.444
36.207
28.831
26.009
29.184
23.706
19.921
39.204
25.712
18.654
26.436
22.647
28.887
31.887
39.955
19.979
57.379
28.312
12.717
25.65
28.737
37.35
30.576
26.265
42.193
30.72
31.3
21.322
19.32
19.825
35.617
16.759
16.173
23.178
19.66
32.184
13.934
53.912
47.992
34.413
30.641
37.885
25.985
25.558
21.042
21.101
28.988
40.598
19.562
31.539
28.188
56.838
12.826
14.999
41.565
29.503
30.539
22.428
31.449
38.702
31.199
31.974
8.842
16.176
36.497
29.595
36.627
24.911
37.136
26.093
26.934
31.315
31.026
25.123
40.2
22.356
28.835
37.678
15.004
30.602
20.492
24.042
14.27
44.369
29.774
20.629
23.842
23.777
39.57
26.108
45.96
29.14
24.42
45.645
40.435
15.582
42.44
32.225
24.6
35.275
24.263
42.148
28.194
31.6
25.046
46.791
34.355
41.398
34.999
23.807
19.218
23.62
19.092
30.397
28.613
31.023
32.643
29.707
36.053
45.858
33.515
17.234
28.744
31.876
32.329
23.29
32.083
29.668
30.532
28.76
31.531
28.278
11.874
23.68
24.319
28.288
17.548
24.072
30.936
22.384
36.058
36.8
26.75
40.594
27.44
36.573
32.05
34.681
21.535
35.071
19.737
26.324
20.776
33.065
42.676
29.613
37.779
24.318
22.605
32.642
23.038
34.652
27.392
30.676
32.365
20.14
20.505
20.767
45.346
21.663
31.358
21.261
14.431
11.978
27.269
51.334
32.824
26.033
23.16
34.032
30.759
23.373
45.21
36.31
27.33
21.921
33.475
35.215
21.891
17.136
33.804
32.106
22.759
22.652
26.21
25.187
17.894
43.718
29.396
14.99
27.968
23.693
24.405
25.531
16.801
10.558
27.001
46.676
31.904
38.003
62.476
34.262
15.533
26.171
37.161
23.826
44.672
30.576
20.565
23.548
23.607
25.243
34.896
40.091
21.773
26.941
8.673
24.244
37.39
34.963
13.165
38.709
16.708
28.868
30.618
32.304
35.673
43.822
26.028
20.487
23.418
21.377
40.109
22.698
35.65
31.948
23.28
47.059
29.083
27.048
35.143
34.605
34.879
21.677
25.68
33.487
21.912
49.518
25.404
29.92
40.166
31.274
36.881
57.286
31.706
22.296
43.698
34.406
28.503
29.357
19.84
15.004
30.218
28.918
37.612
27.669
38.134
28.003
34.573
22.254
32.084
35.211
36.918
29.585
37.055
44.71
35.233
25.717
15.305
27.03
29.436
46.704
25.421
41.094
39.689
39.736
32.285
15.139
36.49
28.906
46.839
17.353
28.555
32.793
30.834
19.044
37.047
23.43
28.124
28.054
26.303
11.409
32.402
58.224
32.463
34.265
38.588
32.79
34.053
49.283
35.271
26.941
21.335
32.552
15.151
32.542
30.09
29.558
34.595
44.264
25.885
20.815
15.897
35.676
20.502
22.084
43.451
21.457
29.907
38.193
31.37
41.735
28.52
24.361
45.889
44.501
38.993
44.004
35.004
36.119
48.185
22.063
51.366
34.79
44.373
25.584
21.72
29.675
22.409
23.796
28.491
29.316
25.991
27.101
22.319
28.308
27.205
29.513
24.235
32.233
37.642
24.815
34.25
26.836
29.554
25.426
39.096
37.979
20.855
32.136
24.849
37.334
18.499
30.197
37.374
35.025
29.493
18.606
34.681
35.684
27.299
31.449
16.399
44.794
21.679
18.226
53.987
27.041
29.095
33.724
29.507
14.107
36.259
25.768
29.54
20.141
24.444
32.827
20.91
39.423
38.703
32.862
33.576
46.157
22.535
31.854
37.713
23.727
27.804
41.886
26.795
20.83
25.485
37.146
19.395
23.401
33.868
25.249
29.885
34.161
25.91
42.383
31.247
32.959
20.833
24.87
26.433
31.55
25.871
50.785
36.991
27.537
23.63
30.401
39.538
31.066
15.85
25.762
22.914
27.222
41.187
30.134
19.686
39.181
31.382
14.365
43.151
19.455
19.836
24.241
12.402
39.259
32.517
30.97
45.66
22.837
32.062
28.508
31.678
26.35
20.035
29.04
18.446
26.554
26.858
21.9
48.41
36.896
19.499
32.569
26.85
37.998
25.585
42.274
30.96
37.397
26.25
11.328
26.815
26.013
26.957
23.797
12.25
38.421
21.456
16.446
21.642
41.706
29.359
53.992
15.001
36.318
31.605
23.659
37.294
24.745
31.273
42.326
34.01
21.404
34.948
29.072
34.514
34.366
18.669
32.115
33.399
17.93
29.59
32.291
23.801
18.876
37.954
33.574
22.278
37.817
28.963
39.564
22.208
30.553
39.212
35.356
39.455
29.629
28.403
32.207
17.629
36.858
34.336
32.009
32.078
39.831
30.189
21.181
33.548
36.959
37.693
21.75
31.546
16.8
34.475
29.1
31.202
24.196
22.491
21.183
37.183
31.399
46.801
29.92
21.063
22.764
28.754
58.128
26.88
24.908
30.304
12.028
32.604
30.118
35.362
18.905
31.839
52.267
19.813
34.835
31.698
25.163
32.335
32.199
17.141
31.516
41.953
17.89
35.099
31.973
39.354
26.553
41.134
33.066
35.941
37.13
32.481
43.798
20.597
36.754
32.921
35.106
25.53
12.791
30.776
23.819
17.928
40.419
22.335
38.463
17.812
36.488
29.962
26.098
33.75
26.229
43.477
25.762
14.927
40.666
24.656
24.625
22.41
45.551
28.262
23.157
32.338
30.442
40.707
25.41
21.101
22.6
28.247
29.381
39.535
31.31
27.319
28.37
18.812
21.187
25.167
43.682
23.932
38.148
35.345
14.276
26.473
33.377
42.998
27.114
41.744
19.28
34.782
56.241
36.541
35.72
42.024
41.916
22.106
24.262
19.111
35.503
24.946
28.079
27.814
22.073
16.741
37.127
31.949
24.937
38.128
13.398
42.913
39.645
24.519
31.314
38.552
23.909
31.941
19.287
24.643
28.962
31.937
37.66
51.832
28.202
38.392
31.46
17.193
28.204
20.658
36.254
35.261
17.65
30.372
38.372
19.104
25.486
36.443
41.184
41.38
27.904
30.2
42.023
38.769
37.167
39.064
45.643
21.097
36.923
34.913
35.046
21.579
17.696
44.188
21.953
39.668
43.645
12.035
36.557
19.422
35.575
18.786
49.158
29.566
31.945
36.201
45.088
48.814
40.729
36.112
15.174
35.923
35.316
22.97
53.276
30.372
10.542
52.791
27.427
29.154
34.75
24.135
31.992
33.552
37.974
60.361
21.39
28.998
26.009
22.893
31.229
24.509
14.703
16.629
26.892
28.98
46.05
40.757
43.94
28.59
50.869
34.868
34.219
49.711
27.44
30.43
38.3
21.686
26.589
36.129
24.737
39.384
25.095
29.053
31.342
25.685
24.044
44.865
21.535
29.494
39.686
27.584
44.579
40.883
21.716
36.438
20.559
35.191
44.644
24.829
40.024
42.217
44.899
23.904
39.071
23.382
19.508
29.095
19.648
17.453
40.795
22.659
25.86
25.719
45.193
22.422
17.662
23.189
27.969
43.993
34.714
23.801
22.831
24.208
45.195
32.922
37.762
22.369
34.308
11.408
38.554
20.05
27.205
29.679
10.446
22.355
48.996
34.627
29.881
38.113
22.778
9.78
30.36
35.686
30.92
34.224
43.021
42.465
41.561
33.696
31.869
42.222
32.53
20.53
30.06
19.838
37.132
32.787
28.243
48.511
17.964
20.054
30.967
55.648
33.592
33.188
57.756
29.054
46.801
41.872
35.84
31.937
30.19
25.108
34.03
35.694
36.021
47.587
8.394
33.521
32.198
44.311
32.369
33.986
43.966
48.429
19.734
32.271
24.268
41.028
38.555
39.133
40.522
30.312
19.577
19.111
39.722
36.772
20.234
36.388
31.249
26.909
28.656
34.064
48.158
47.033
33.19
48.635
42.588
28.132
30.738
21.433
35.044
23.305
34.254
36.232
26.436
31.711
36.774
34.563
31.627
20.785
29.93
30.899
37.128
20.464
49.211
22.961
24.476
51.653
50.065
24.043
27.98
42.092
50.012
31.421
26.113
31.884
29.848
26.605
20.258
30.558
22.053
50.569
43.238
28.283
35.038
54.278
13.748
38.766
29.047
25.642
31.498
38.367
32.291
19.687
49.963
35.534
40.274
22.234
34.428
24.701
9.784
23.717
43.716
47.765
36.411
34.929
33.022
20.923
25.696
37.208
37.704
20.995
22.645
33.374
37.775
42.868
29.146
40.284
24.429
33.739
22.256
21.625
44.929
22.39
19.287
39.287
20.081
46.042
27.037
24.146
31.802
30.377
27.633
38.431
18.562
27.089
42.073
19.712
15.908
31.181
29.759
18.441
37.542
27.877
20.992
21.053
24.921
19.967
24.11
41.18
21.39
37.458
28.822
20.909
37.728
18.084
29.544
24.666
15.968
29.484
19.67
27.82
43.722
13.138
29.501
13.12
26.374
16.892
26.983
41.776
39.85
27.646
26.135
33.849
15.279
19.755
44.433
36.705
36.373
37.597
