25.2	0.32	1.2	1
67.2	0.39	0.8	1
132.3	0.32	1.1	1
216.3	0.35	0.9	1
319.20000000000005	0.35	0.9	1
447.30000000000007	0.29	1.2	1
592.2	0.36	0.8	1
766.5	0.25	1.4	1
970.2	0.26	1.4	1
1192.8	0.34	0.9	1
1436.3999999999999	0.33	1.0	1
1703.1	0.26	1.1	1
2003.3999999999999	0.23	1.6	1
2322.6	0.34	0.9	1
2660.7	0.37	0.9	1
3024.0	0.29	1.2	1
3402.0	0.4	0.7	1
3830.4	0.2	2.4	1
4279.8	0.27	1.0	1
4752.3	0.28	1.1	1
5245.8	0.32	1.0	1
5756.1	0.33	0.8	1
6287.400000000001	0.33	1.0	1
6839.700000000001	0.32	1.0	1
7410.900000000001	0.32	0.9	1
8005.200000000001	0.31	1.1	1
8624.7	0.29	1.2	1
9265.2	0.31	1.0	1
9924.6	0.34	0.9	1
10601.9	0.37	0.9	1
11300.199999999999	0.36	1.0	1
12019.499999999998	0.32	1.0	1
12772.399999999998	0.26	1.6	1
13558.899999999998	0.24	1.6	1
14362.199999999997	0.33	0.8	1
15188.599999999997	0.34	1.1	1
16040.199999999997	0.28	1.2	1
16904.399999999998	0.52	0.6	1
17800.1	0.29	1.5	1
18712.6	0.37	0.8	1
19660.8	0.24	1.7	1
20623.7	0.43	0.7	1
21643.3	0.2	2.7	1
22692.3	0.24	1.4	1
23777.0	0.24	1.7	1
24886.9	0.3	1.2	1
26011.5	0.41	0.7	1
27171.8	0.25	1.7	1
28344.7	0.44	0.6	1
29540.7	0.31	1.1	1
30751.4	0.39	0.7	1
31989.4	0.26	1.3	1
33244.200000000004	0.39	0.8	1
34526.3	0.28	1.3	1
35825.200000000004	0.36	0.8	1
37147.200000000004	0.3	1.1	1
38496.50000000001	0.27	1.3	1
39875.200000000004	0.27	1.4	1
41289.600000000006	0.26	1.7	1
42725.00000000001	0.31	1.0	1
44185.600000000006	0.29	1.2	1
45669.3	0.29	1.1	1
47184.5	0.25	1.5	1
48720.7	0.35	1.0	1
50277.899999999994	0.35	1.0	1
51868.7	0.28	1.6	1
53493.1	0.28	1.6	1
55138.5	0.34	1.0	1
56800.7	0.38	0.8	1
58479.7	0.4	0.8	1
60186.0	0.25	1.3	1
61909.1	0.43	0.8	1
63661.6	0.25	1.4	1
65441.4	0.28	1.3	1
67244.3	0.3	1.1	1
69066.1	0.36	0.9	1
70911.0	0.33	1.1	1
72768.5	0.48	0.6	1
74647.0	0.33	1.0	1
76550.7	0.33	1.2	1
78470.2	0.33	0.8	1
80400.2	0.41	0.5	1
82353.3	0.32	1.1	1
84316.90000000001	0.36	0.5	1
86291.00000000001	0.5	0.5	1
88277.70000000001	0.48	0.6	1
90270.70000000001	0.55	0.3	1
92286.80000000002	0.33	1.1	1
94309.20000000001	0.65	0.3	1
96350.50000000001	0.42	0.9	1
98417.00000000001	0.28	1.2	1
100515.00000000001	0.27	1.5	1
102640.30000000002	0.34	1.3	1
104790.80000000002	0.33	1.2	1
106952.90000000002	0.42	0.6	1
109131.80000000002	0.37	0.8	1
111335.90000000002	0.29	1.2	1
113546.30000000002	0.48	0.3	1
115779.80000000002	0.29	1.1	1
118030.10000000002	0.39	0.8	1
120307.70000000003	0.26	1.3	1
122604.20000000003	0.32	0.9	1
124919.60000000002	0.34	0.9	1
127241.30000000002	0.48	0.3	1
129569.30000000002	0.51	0.3	1
131907.80000000002	0.51	0.5	1
134258.90000000002	0.43	0.6	1
136626.80000000002	0.32	0.8	1
139022.00000000003	0.29	1.3	1
141476.00000000003	0.18	2.8	1
143976.20000000004	0.22	2.2	1
146520.50000000003	0.22	2.1	1
149079.50000000003	0.4	0.7	1
151659.50000000003	0.35	1.0	1
154262.60000000003	0.31	1.1	1
156888.80000000005	0.3	1.1	1
159540.20000000004	0.29	1.2	1
162197.90000000005	0.54	0.3	1
164885.00000000006	0.25	1.4	1
167593.10000000006	0.3	1.0	1
170322.20000000007	0.29	1.0	1
173076.50000000006	0.29	1.2	1
175860.20000000007	0.27	1.4	1
178664.90000000008	0.34	1.0	1
181479.1000000001	0.44	0.5	1
184318.5000000001	0.3	1.2	1
187189.40000000008	0.27	1.5	1
190068.70000000007	0.45	0.4	1
192962.70000000007	0.43	0.7	1
195877.70000000007	0.34	1.0	1
198807.40000000008	0.41	0.7	1
201743.40000000008	0.5	0.3	1
204702.5000000001	0.31	1.1	1
207680.5000000001	0.32	0.9	1
210711.0000000001	0.17	2.5	1
213752.0000000001	0.4	0.5	1
216816.1000000001	0.31	1.1	1
219903.3000000001	0.31	1.1	1
223001.00000000012	0.41	0.5	1
226107.10000000012	0.47	0.4	1
229227.9000000001	0.41	0.7	1
232369.7000000001	0.32	1.0	1
235536.7000000001	0.3	1.2	1
238710.0000000001	0.53	0.3	1
241910.6000000001	0.29	1.3	1
245134.3000000001	0.29	1.1	1
248374.8000000001	0.36	0.8	1
251634.2000000001	0.32	0.9	1
254904.1000000001	0.57	0.5	1
258180.3000000001	0.53	0.3	1
261481.7000000001	0.29	1.2	1
264835.6000000001	0.17	2.5	1
268208.4000000001	0.32	0.9	1
271591.70000000007	0.42	0.5	1
274991.80000000005	0.4	0.8	1
278398.20000000007	0.58	0.3	1
281819.30000000005	0.29	0.7	1
285259.30000000005	0.38	0.9	1
288735.00000000006	0.24	1.7	1
292233.80000000005	0.31	1.1	1
295745.20000000007	0.34	0.6	1
299277.6000000001	0.35	1.0	1
302831.0000000001	0.39	1.0	1
306394.90000000014	0.4	0.5	1
309988.2000000001	0.21	1.4	1
313613.0000000001	0.24	1.5	1
317254.6000000001	0.34	0.8	1
320917.20000000007	0.29	1.0	1
324634.4000000001	0.2	2.6	1
328357.9000000001	0.5	0.3	1
332098.20000000007	0.36	0.8	1
335865.80000000005	0.25	1.3	1
339650.20000000007	0.36	0.8	1
343493.4000000001	0.2	2.8	1
347361.8000000001	0.29	1.2	1
351236.5000000001	0.5	0.3	1
355138.5000000001	0.28	1.3	1
359044.7000000001	0.65	0.2	1
362974.0000000001	0.33	1.1	1
366932.7000000001	0.28	1.4	1
370916.60000000015	0.3	1.2	1
