6.140000000000001	0.23	2.3	1
14.1534	0.5	0.7	1
23.0402	0.46	0.7	1
33.266999999999996	0.54	0.5	1
46.167199999999994	0.32	1.0	1
64.4074	0.23	2.0	1
85.0543	0.32	0.9	1
108.6412	0.32	1.1	1
134.3681	0.38	0.8	1
163.035	0.3	1.1	1
193.0419	0.56	0.5	1
224.9222	0.36	0.7	1
259.7425	0.29	1.1	1
297.50280000000004	0.32	1.1	1
337.6698	0.34	0.9	1
380.24350000000004	0.42	0.9	1
424.15720000000005	0.52	0.5	1
469.94430000000006	0.41	0.7	1
519.7381	0.28	1.5	1
570.6053	0.64	0.4	1
624.6792	0.26	1.2	1
682.2265	0.31	1.3	1
746.4472	0.18	2.5	1
812.0745999999999	0.34	0.9	1
879.5754	0.3	0.7	1
948.4161999999999	0.54	0.5	1
1018.8636999999999	0.48	0.6	1
1093.0511999999999	0.25	1.4	1
1168.3120999999999	0.49	0.4	1
1245.4463999999998	0.39	0.7	1
1326.8540999999998	0.25	1.6	1
1409.3351999999998	0.42	0.4	1
1494.5562999999997	0.29	1.4	1
1582.1840999999997	0.33	0.9	1
1672.4852999999998	0.3	1.0	1
1765.7264999999998	0.31	1.1	1
1861.1076999999998	0.37	0.8	1
1957.5622999999998	0.42	0.4	1
2055.0903	0.45	0.4	1
2153.6917	0.44	0.4	1
2254.1665	0.36	0.7	1
2357.848	0.32	1.2	1
2462.6029	0.48	0.4	1
2569.2311999999997	0.26	0.7	1
2677.4662	0.4	0.6	1
2787.3079	0.37	0.6	1
2899.5562999999997	0.33	0.9	1
3013.1447	0.36	0.5	1
3131.2731	0.27	1.7	1
3251.0081999999998	0.4	0.6	1
3372.6166999999996	0.39	0.7	1
3496.6318999999994	0.32	0.9	1
3621.7204999999994	0.53	0.4	1
3750.015799999999	0.32	1.2	1
3880.7177999999994	0.33	0.9	1
4013.2931999999996	0.38	0.7	1
4148.5419999999995	0.29	1.0	1
4284.864199999999	0.51	0.4	1
4423.593099999999	0.37	0.9	1
4566.061999999999	0.23	1.4	1
4709.337599999999	0.54	0.3	1
4856.086599999999	0.29	1.3	1
5003.908999999999	0.5	0.4	1
5152.804799999999	0.42	0.4	1
5303.307299999999	0.5	0.6	1
5454.416499999998	0.41	0.6	1
5608.999099999998	0.28	1.3	1
5764.388399999998	0.47	0.3	1
5922.451099999998	0.34	1.0	1
6081.853799999998	0.3	0.5	1
6243.663199999998	0.32	0.9	1
6408.679299999998	0.28	1.2	1
6574.768799999998	0.46	0.4	1
6741.931699999998	0.46	0.4	1
6911.234599999998	0.26	0.8	1
7081.877499999998	0.39	0.5	1
7253.327099999998	0.57	0.3	1
7427.716699999998	0.3	1.1	1
7603.179699999998	0.4	0.4	1
7780.516099999998	0.32	0.7	1
7959.459199999998	0.3	0.6	1
8139.475699999998	0.42	0.4	1
8320.565599999998	0.41	0.4	1
8505.395499999999	0.27	1.4	1
8694.4988	0.24	1.6	1
8884.6755	0.44	0.4	1
9076.1922	0.37	0.5	1
9270.9156	0.26	1.2	1
9466.7124	0.41	0.4	1
9664.3826	0.31	0.7	1
9863.926200000002	0.45	0.7	1
10065.076500000001	0.42	0.6	1
10267.5668	0.39	0.5	1
10471.3971	0.36	0.5	1
10676.5674	0.4	0.5	1
10883.0777	0.37	0.5	1
11092.528	0.28	1.1	1
11303.851700000001	0.4	0.7	1
11517.848800000002	0.33	1.0	1
11732.919300000001	0.49	0.4	1
11949.0632	0.45	0.4	1
12166.5471	0.38	0.5	1
12385.1044	0.42	0.4	1
12605.2684	0.35	0.6	1
12827.839100000001	0.35	0.9	1
13051.749800000001	0.36	0.5	1
13277.267200000002	0.53	0.6	1
13506.258000000002	0.27	1.3	1
13736.588800000001	0.49	0.5	1
13967.993000000002	0.48	0.4	1
14202.603900000002	0.28	1.2	1
14438.821500000002	0.32	0.6	1
