1.6	0.4	0.6	1
4.5333000000000006	0.67	0.5	1
9.333300000000001	0.42	0.7	1
14.7333	0.41	0.6	1
23.6	0.31	1.3	1
34.8667	0.32	0.9	1
47.4667	0.4	0.5	1
61.933400000000006	0.41	0.7	1
79.33340000000001	0.31	1.1	1
98.60010000000001	0.42	0.7	1
119.7335	0.4	0.7	1
144.0669	0.33	1.2	1
170.8003	0.34	0.9	1
200.2004	0.32	1.0	1
233.0672	0.29	1.3	1
267.8007	0.38	0.7	1
304.4009	0.36	0.7	1
348.7344	0.2	2.9	1
394.9346	0.37	0.7	1
442.00149999999996	0.38	0.7	1
492.2684	0.29	1.2	1
544.402	0.4	0.7	1
598.4023000000001	0.39	0.7	1
654.2693	0.28	0.7	1
712.803	0.33	1.0	1
774.0034	0.31	1.0	1
837.1371	0.28	1.1	1
903.4708	0.32	1.2	1
974.0712000000001	0.21	1.6	1
1045.7383	0.45	0.4	1
1118.4721	0.56	0.4	1
1192.2726	0.41	0.4	1
1269.0064	0.35	1.1	1
1347.3402	0.41	0.6	1
1426.7407	0.49	0.4	1
1509.0745	0.3	1.1	1
1593.0083	0.33	0.6	1
1677.7421	0.49	0.3	1
1765.6759	0.28	1.2	1
1854.4097	0.52	0.3	1
1946.8768	0.25	1.4	1
2039.8772	0.61	0.2	1
2134.2109	0.45	0.5	1
2230.1446	0.42	0.6	1
2327.945	0.4	0.7	1
2427.6121000000003	0.26	0.7	1
2528.3459000000003	0.44	0.4	1
2630.1464	0.4	0.4	1
2733.2802	0.33	0.5	1
2838.5473	0.44	0.8	1
2946.2144000000003	0.39	0.9	1
3056.8148	0.3	1.1	1
3167.4819	0.53	0.4	1
3282.1490000000003	0.25	1.5	1
3398.6828000000005	0.41	0.7	1
3515.7499000000007	0.63	0.2	1
3633.6170000000006	0.56	0.3	1
3753.6174000000005	0.33	0.8	1
3876.8178000000007	0.31	1.2	1
4001.0849000000007	0.49	0.4	1
4128.0187000000005	0.33	1.0	1
4257.885800000001	0.32	1.1	1
4389.086200000001	0.39	0.5	1
4522.686600000001	0.33	0.9	1
4657.087000000001	0.46	0.3	1
4792.820700000001	0.49	0.5	1
4929.887700000001	0.51	0.5	1
5068.021400000001	0.44	0.4	1
5208.021800000001	0.4	0.7	1
5350.688900000001	0.33	1.0	1
5496.022700000001	0.31	1.0	1
5645.089800000002	0.26	1.4	1
5795.756900000001	0.41	0.6	1
5948.024000000001	0.46	0.6	1
6101.6244000000015	0.4	0.5	1
6256.824800000001	0.6	0.6	1
6413.358500000001	0.42	0.5	1
6570.958900000001	0.46	0.4	1
6729.359300000002	0.49	0.3	1
6889.093000000002	0.37	0.5	1
7051.493400000001	0.31	1.0	1
7214.960500000001	0.43	0.4	1
7379.760900000001	0.39	0.5	1
7545.6280000000015	0.5	0.4	1
7715.495100000002	0.25	1.5	1
7886.428900000002	0.51	0.4	1
8059.229400000002	0.28	0.7	1
8234.163200000003	0.36	0.8	1
8412.830300000003	0.28	1.4	1
8592.830700000004	0.46	0.5	1
8773.897800000004	0.46	0.4	1
8956.298200000005	0.57	0.5	1
9139.765300000005	0.47	0.4	1
9326.165700000005	0.32	1.1	1
9513.366100000005	0.52	0.3	1
9704.299800000004	0.26	1.4	1
9896.033500000005	0.53	0.3	1
10091.500500000006	0.27	1.4	1
10287.767500000005	0.51	0.3	1
10487.501200000006	0.26	1.3	1
10689.901600000007	0.34	1.0	1
