2.925	0.28	1.3	1
7.6499999999999995	0.39	0.8	1
14.625	0.3	1.0	1
23.175	0.37	0.7	1
33.3	0.36	0.7	1
44.0	0.41	0.7	1
55.825	0.53	0.5	1
69.0	0.44	0.6	1
84.65	0.27	1.1	1
103.0	0.29	1.2	1
124.05	0.29	1.2	1
148.025	0.26	1.3	1
174.025	0.37	0.9	1
202.275	0.27	1.0	1
233.45000000000002	0.29	1.3	1
268.0	0.26	1.5	1
305.025	0.31	1.1	1
344.75	0.27	1.2	1
388.3	0.24	1.7	1
435.0	0.26	1.4	1
484.4	0.28	1.2	1
534.15	0.39	0.6	1
585.925	0.31	0.9	1
640.175	0.31	1.1	1
696.0	0.4	0.7	1
753.4	0.39	0.7	1
811.6999999999999	0.58	0.4	1
871.1249999999999	0.4	0.5	1
931.4499999999999	0.5	0.4	1
993.5749999999999	0.44	0.8	1
1058.3999999999999	0.29	1.2	1
1126.3749999999998	0.23	1.4	1
1196.3749999999998	0.33	0.9	1
1268.6249999999998	0.32	1.0	1
1342.1249999999998	0.32	1.0	1
1416.7499999999998	0.5	0.5	1
1492.7249999999997	0.33	0.6	1
1569.8249999999996	0.45	0.5	1
1648.4999999999995	0.47	0.7	1
1727.8499999999995	0.52	0.3	1
1809.6749999999995	0.31	1.1	1
1893.5249999999994	0.33	0.9	1
1977.8249999999994	0.64	0.2	1
2063.2499999999995	0.49	0.5	1
2150.0249999999996	0.47	0.6	1
2238.3749999999995	0.31	0.7	1
2329.1999999999994	0.33	1.1	1
2423.1749999999993	0.27	1.4	1
2519.399999999999	0.35	1.0	1
2616.524999999999	0.56	0.4	1
2716.124999999999	0.27	1.1	1
2817.524999999999	0.35	0.8	1
2920.499999999999	0.44	0.7	1
3026.849999999999	0.24	1.5	1
3135.449999999999	0.29	1.0	1
3245.174999999999	0.39	0.5	1
3356.0249999999987	0.54	0.5	1
3469.574999999999	0.27	1.2	1
3585.374999999999	0.33	1.0	1
3702.074999999999	0.49	0.4	1
3820.124999999999	0.48	0.6	1
3940.874999999999	0.32	1.2	1
4063.874999999999	0.31	1.0	1
4188.899999999999	0.37	0.9	1
4314.824999999999	0.54	0.4	1
4442.999999999999	0.35	1.0	1
4573.424999999999	0.32	1.0	1
4709.699999999999	0.18	2.6	1
4847.449999999999	0.27	1.1	1
4986.0999999999985	0.45	0.4	1
5125.649999999999	0.5	0.4	1
5267.449999999999	0.31	1.0	1
5411.499999999999	0.32	1.0	1
5556.224999999999	0.49	0.3	1
5703.424999999999	0.32	1.1	1
5852.424999999999	0.4	0.8	1
6002.999999999999	0.44	0.7	1
6154.924999999999	0.29	0.6	1
6309.324999999999	0.33	1.1	1
6465.9749999999985	0.31	1.0	1
6623.749999999998	0.39	0.5	1
6782.424999999998	0.45	0.4	1
6943.574999999998	0.3	1.1	1
7106.074999999998	0.42	0.6	1
7269.474999999998	0.39	0.4	1
7434.449999999998	0.43	0.7	1
7601.899999999998	0.27	1.1	1
7771.374999999998	0.35	0.9	1
7943.999999999998	0.27	1.4	1
8119.549999999998	0.29	1.3	1
8295.999999999998	0.43	0.4	1
8473.574999999999	0.4	0.5	1
8652.05	0.41	0.4	1
8832.775	0.34	1.0	1
9015.074999999999	0.43	0.7	1
9203.675	0.18	2.8	1
9392.949999999999	0.55	0.3	1
9583.124999999998	0.4	0.4	1
9775.999999999998	0.3	1.2	1
9971.349999999999	0.3	1.1	1
10169.175	0.24	1.1	1
10369.474999999999	0.32	1.1	1
10572.249999999998	0.3	1.1	1
10777.724999999999	0.26	1.2	1
10984.999999999998	0.39	0.8	1
11193.174999999997	0.41	0.4	1
11402.474999999997	0.39	0.5	1
11612.674999999997	0.48	0.4	1
11826.474999999997	0.26	1.6	1
12042.524999999996	0.31	1.0	1
12259.249999999996	0.49	0.3	1
12478.224999999997	0.35	1.0	1
12698.774999999996	0.35	0.7	1
12923.824999999995	0.22	2.0	1
13149.774999999996	0.45	0.4	1
13376.849999999997	0.46	0.5	1
13606.849999999997	0.27	1.3	1
13839.774999999996	0.26	1.3	1
14073.599999999997	0.49	0.4	1
14308.999999999996	0.31	0.7	1
14545.299999999996	0.53	0.4	1
14784.299999999996	0.3	1.2	1
