1.65	0.34	0.9	1
5.5	0.3	1.2	1
10.8167	0.36	0.8	1
17.966700000000003	0.29	1.0	1
26.766700000000004	0.36	0.9	1
37.95	0.27	1.3	1
50.6	0.38	0.8	1
64.9	0.35	0.9	1
80.85000000000001	0.31	0.9	1
99.0	0.3	1.2	1
120.08330000000001	0.23	1.6	1
143.3666	0.29	1.2	1
168.8499	0.31	1.2	1
196.3499	0.3	1.1	1
225.8666	0.31	1.1	1
257.7666	0.28	1.3	1
291.49989999999997	0.3	1.0	1
327.6165	0.28	1.3	1
365.38309999999996	0.34	0.9	1
405.3497	0.3	1.2	1
447.5163	0.26	1.2	1
491.8829	0.28	1.2	1
537.7162	0.35	0.8	1
585.0161999999999	0.41	0.8	1
634.6995	0.26	1.3	1
687.1328	0.24	1.5	1
741.0328	0.37	0.8	1
797.8661	0.26	1.6	1
856.7161	0.32	1.1	1
918.4994	0.24	1.6	1
982.2994	0.36	1.1	1
1047.7494	0.34	0.9	1
1115.3994	0.28	1.2	1
1185.9827	0.25	1.6	1
1259.1327	0.28	1.4	1
1333.9327	0.36	0.9	1
1410.9327	0.29	1.2	1
1489.3994	0.32	0.8	1
1569.5161	0.35	0.9	1
1651.8328000000001	0.27	1.2	1
1736.1662000000001	0.32	1.1	1
1822.3329	0.32	1.0	1
1909.9663	0.45	0.8	1
1999.7997	0.3	1.2	1
2091.0998	0.39	0.8	1
2184.2332	0.34	1.0	1
2279.5666	0.28	1.2	1
2376.9167	0.31	1.1	1
2476.2835	0.3	1.1	1
2577.3003	0.31	0.9	1
2681.4338	0.22	1.7	1
2787.4006	0.33	1.0	1
2895.3840999999998	0.34	1.1	1
3005.2009	0.32	1.0	1
3117.0344	0.31	1.1	1
3231.8012	0.26	1.6	1
3348.768	0.28	1.2	1
3467.3848	0.3	0.9	1
3587.8349	0.33	1.0	1
3709.7517	0.37	0.8	1
3834.2351999999996	0.25	1.4	1
3964.0353999999998	0.18	2.9	1
4095.6688999999997	0.32	1.0	1
4229.6857	0.25	1.3	1
4365.9025	0.29	1.2	1
4504.3193	0.33	1.2	1
4644.3861	0.44	0.9	1
4785.2862	0.35	1.0	1
4928.2029999999995	0.3	1.1	1
5072.769799999999	0.3	0.9	1
5219.903299999999	0.28	1.4	1
5369.420099999999	0.26	1.3	1
5520.770199999999	0.31	1.0	1
5673.770299999999	0.36	0.9	1
5828.420399999999	0.37	0.9	1
5984.537199999999	0.38	0.8	1
6142.853999999998	0.28	1.2	1
6303.920799999998	0.24	1.5	1
6467.370899999998	0.27	1.3	1
6632.287699999998	0.38	0.8	1
6799.037799999998	0.32	1.0	1
6967.437899999998	0.36	0.9	1
7137.854699999998	0.31	1.1	1
7310.838199999998	0.27	1.4	1
7486.204999999998	0.27	1.3	1
7663.221799999998	0.34	0.9	1
7842.621899999998	0.3	1.3	1
8024.221999999998	0.3	1.2	1
8208.572099999998	0.26	1.5	1
8394.755499999997	0.33	1.0	1
8582.772199999998	0.36	1.0	1
8772.988899999998	0.28	1.2	1
8965.405599999998	0.28	1.2	1
9160.205599999998	0.32	1.3	1
9357.205599999998	0.31	1.2	1
9557.688899999997	0.23	1.9	1
9761.105499999998	0.24	1.6	1
9966.355399999999	0.33	1.0	1
10173.071999999998	0.39	0.8	1
10383.0886	0.21	1.8	1
10595.305199999999	0.28	1.2	1
10809.171799999998	0.31	0.9	1
11028.355099999999	0.18	2.9	1
11250.2884	0.26	1.5	1
11474.9717	0.27	1.5	1
11704.7883	0.18	2.8	1
11936.6216	0.3	1.1	1
12171.388200000001	0.25	1.6	1
12407.804800000002	0.33	0.9	1
12645.688100000001	0.38	0.8	1
12885.2214	0.36	0.9	1
13126.9547	0.3	1.2	1
13370.338	0.37	0.9	1
13615.738	0.31	1.1	1
13863.521299999999	0.28	1.3	1
14113.871299999999	0.26	1.4	1
14368.254599999998	0.21	2.2	1
14624.104599999999	0.41	0.8	1
14882.337899999999	0.26	1.3	1
15142.954499999998	0.27	1.3	1
15405.037799999998	0.41	0.8	1
15668.954399999999	0.31	1.0	1
15934.7043	0.35	1.0	1
16204.6709	0.2	2.3	1
16476.6542	0.33	1.1	1
16750.4708	0.32	1.0	1
17026.304099999998	0.31	1.1	1
17303.787399999997	0.45	0.9	1
17582.9207	0.35	0.9	1
17863.8873	0.34	1.0	1
18148.887199999997	0.23	2.2	1
18435.537099999998	0.33	0.9	1
18723.6537	0.37	0.8	1
19013.6036	0.38	1.0	1
19306.120199999998	0.27	1.4	1
19600.286799999998	0.31	0.9	1
19896.6534	0.27	1.2	1
20194.8533	0.33	1.0	1
20495.8032	0.28	1.5	1
20800.4198	0.22	2.0	1
21107.4197	0.28	1.3	1
21416.2529	0.36	1.0	1
21727.8361	0.27	1.5	1
22041.0693	0.37	0.9	1
22358.1525	0.16	2.1	1
22676.8857	0.37	0.9	1
22997.8189	0.31	1.2	1
23321.868799999997	0.24	1.7	1
23648.118699999995	0.24	1.2	1
23975.835299999995	0.38	0.8	1
24305.018599999996	0.34	0.8	1
24636.035199999995	0.34	1.0	1
24968.885099999996	0.33	1.0	1
25304.301699999996	0.22	1.4	1
25641.918299999998	0.27	1.2	1
25981.734899999996	0.32	1.2	1
26323.384799999996	0.28	1.0	1
26666.684699999998	0.35	0.9	1
27012.5513	0.29	1.4	1
27360.0679	0.39	0.9	1
27709.2345	0.31	0.9	1
28060.4178	0.29	1.1	1
28413.8011	0.27	1.2	1
28769.3844	0.26	1.2	1
29126.4344	0.38	0.8	1
29485.6844	0.31	1.2	1
29846.9511	0.31	1.1	1
30211.517799999998	0.23	1.8	1
30577.9178	0.33	1.0	1
30949.4511	0.19	2.8	1
31323.1844	0.28	1.2	1
31699.484399999998	0.29	1.4	1
32077.6177	0.29	1.0	1
32458.134299999998	0.23	1.3	1
32840.6676	0.31	1.1	1
33225.2176	0.3	1.1	1
33612.1509	0.28	1.3	1
34000.9175	0.35	1.0	1
34391.8841	0.36	1.2	1
34785.417400000006	0.26	1.4	1
35180.96740000001	0.32	1.1	1
35579.08410000001	0.27	1.4	1
35979.034100000004	0.3	1.0	1
36381.184100000006	0.29	1.2	1
36784.800800000005	0.37	0.8	1
37189.984200000006	0.27	1.4	1
37597.18430000001	0.33	1.1	1
38006.21770000001	0.31	1.0	1
38416.717800000006	0.37	0.8	1
38829.41790000001	0.34	1.2	1
39244.86800000001	0.26	1.5	1
39662.51810000001	0.31	1.2	1
40082.73490000001	0.27	1.4	1
40505.88500000001	0.25	1.6	1
40931.05180000001	0.27	1.1	1
41357.68530000001	0.41	0.8	1
41785.78550000001	0.33	0.8	1
42215.535700000015	0.35	0.9	1
42648.03590000002	0.27	1.5	1
43083.28610000002	0.22	1.5	1
43521.28630000002	0.26	1.5	1
43961.48650000002	0.31	1.2	1
44404.25340000002	0.27	1.4	1
44849.40360000002	0.29	1.3	1
45295.570500000016	0.31	1.1	1
45743.75410000001	0.3	1.1	1
46193.771000000015	0.35	1.0	1
46646.17120000001	0.3	1.3	1
47100.03810000001	0.36	0.8	1
47555.73830000001	0.29	1.0	1
48013.45520000001	0.3	1.1	1
48473.18880000001	0.29	1.1	1
48935.48910000001	0.26	1.4	1
49399.25610000001	0.37	0.8	1
49864.48980000001	0.4	0.8	1
50331.37350000001	0.35	0.9	1
50803.20720000001	0.22	2.7	1
51277.24090000001	0.34	1.2	1
51753.29130000001	0.27	1.1	1
52231.35840000001	0.32	1.1	1
52711.62550000001	0.3	1.2	1
53193.90930000001	0.29	1.1	1
53678.02640000001	0.35	1.0	1
54164.52680000001	0.26	1.3	1
54652.677200000006	0.33	0.9	1
55142.844300000004	0.27	1.1	1
55636.678100000005	0.16	2.0	1
56132.3452	0.34	1.0	1
56629.8456	0.33	1.0	1
57129.3627	0.28	1.1	1
57632.1798	0.21	1.8	1
58136.463599999995	0.34	0.8	1
58642.5807	0.31	1.0	1
59150.8978	0.31	1.2	1
59661.2316	0.3	1.1	1
60175.0487	0.19	1.9	1
60691.0658	0.25	1.2	1
61209.2829	0.28	1.2	1
61731.9	0.18	2.4	1
62256.3504	0.37	1.0	1
62782.6341	0.31	1.0	1
63310.3845	0.36	0.8	1
63840.3349	0.29	1.2	1
64372.1186	0.32	1.0	1
64905.5523	0.35	0.9	1
65441.736000000004	0.24	1.5	1
65979.3864	0.36	0.8	1
66519.4201	0.28	1.3	1
67063.2205	0.2	2.6	1
67608.8542	0.3	1.0	1
68156.3212	0.31	1.0	1
68705.62150000001	0.32	1.0	1
69259.50510000001	0.23	2.5	1
69815.9554	0.29	1.4	1
70374.97240000001	0.25	1.4	1
70936.3727	0.23	1.3	1
71499.2397	0.34	0.8	1
72065.2234	0.24	1.7	1
72633.2238	0.29	1.1	1
73203.2409	0.32	1.1	1
73775.27470000001	0.28	1.1	1
74349.3252	0.33	1.1	1
74927.77570000001	0.2	2.4	1
75508.42620000002	0.31	1.2	1
76091.09340000001	0.3	1.1	1
76675.9606	0.33	1.2	1
77262.8445	0.29	1.1	1
77852.2951	0.28	1.4	1
78443.9457	0.29	1.2	1
79037.4296	0.31	1.0	1
79633.66350000001	0.25	1.5	1
80232.2807	0.3	1.3	1
80832.9146	0.28	1.1	1
81435.01520000001	0.4	0.8	1
82038.76580000001	0.34	0.9	1
82644.53310000002	0.31	1.1	1
83252.50040000002	0.29	1.2	1
83862.66770000002	0.3	1.2	1
84475.58500000002	0.24	1.5	1
85091.06900000002	0.26	1.4	1
85708.38630000001	0.4	1.0	1
86328.63690000001	0.25	1.6	1
86951.08750000001	0.27	1.2	1
87575.3714	0.34	1.0	1
88201.672	0.28	1.1	1
88833.47260000001	0.19	3.0	1
89467.47320000001	0.29	1.2	1
90103.6738	0.32	1.2	1
90741.89110000001	0.3	1.1	1
91382.85840000001	0.23	1.5	1
92025.65900000001	0.33	1.0	1
92670.84290000002	0.26	1.3	1
93317.49350000001	0.34	0.8	1
93966.5274	0.28	1.3	1
94617.3946	0.34	1.0	1
95270.2785	0.3	1.1	1
95925.1791	0.31	1.1	1
96581.913	0.32	1.0	1
97240.4802	0.32	1.0	1
97900.6974	0.34	0.9	1
98562.7479	0.3	1.0	1
99226.44840000001	0.35	0.9	1
99891.98220000001	0.32	1.0	1
100559.34930000002	0.31	1.0	1
101228.91640000002	0.28	1.2	1
101900.50020000001	0.33	1.1	1
102573.73400000001	0.35	0.9	1
103248.80110000001	0.3	1.0	1
103926.61820000001	0.25	1.5	1
104606.26860000001	0.33	1.0	1
105287.38570000001	0.35	0.8	1
105970.33610000001	0.33	1.0	1
106654.75320000002	0.36	0.8	1
107341.00360000003	0.3	1.0	1
108029.27070000002	0.35	1.1	1
108719.37110000002	0.32	1.0	1
109411.67150000003	0.29	1.2	1
110105.98860000003	0.31	1.1	1
110801.77240000003	0.35	0.8	1
111499.38950000003	0.34	1.0	1
112198.83990000004	0.33	1.0	1
112899.75700000004	0.34	0.8	1
113605.07410000004	0.19	2.4	1
114312.59120000004	0.31	1.2	1
115021.94160000003	0.29	1.0	1
