1.7875	0.25	1.1	1
6.175000000000001	0.26	1.6	1
12.350000000000001	0.33	1.1	1
19.9875	0.34	0.9	1
28.925	0.36	0.8	1
39.8125	0.29	1.2	1
52.1625	0.35	0.9	1
66.4625	0.31	1.2	1
82.55000000000001	0.33	1.1	1
103.35000000000001	0.2	2.9	1
125.61250000000001	0.34	0.9	1
149.66250000000002	0.33	1.1	1
176.31250000000003	0.27	1.6	1
204.425	0.34	0.9	1
234.8125	0.24	1.4	1
267.3125	0.28	1.3	1
301.7625	0.28	1.2	1
337.675	0.34	0.9	1
374.8875	0.38	0.8	1
413.72499999999997	0.34	1.0	1
454.18749999999994	0.32	1.0	1
497.0874999999999	0.24	1.5	1
541.7749999999999	0.27	1.1	1
587.7624999999998	0.36	0.8	1
636.1874999999998	0.29	1.5	1
686.2374999999997	0.3	1.0	1
737.9124999999997	0.36	1.0	1
791.2124999999996	0.31	1.0	1
846.6249999999997	0.27	1.3	1
904.3124999999997	0.29	1.4	1
964.2749999999996	0.31	1.4	1
1026.5124999999996	0.27	1.4	1
1091.3499999999997	0.25	1.6	1
1157.6499999999996	0.32	0.9	1
1225.7374999999997	0.35	1.1	1
1295.2874999999997	0.32	0.9	1
1366.2999999999997	0.35	0.9	1
1438.6124999999997	0.39	0.8	1
1512.7124999999996	0.35	1.1	1
1588.9249999999997	0.29	1.3	1
1666.4374999999998	0.4	0.8	1
1746.0624999999998	0.28	1.3	1
1826.9874999999997	0.34	0.8	1
1909.5374999999997	0.35	1.0	1
1993.5499999999997	0.37	0.9	1
2079.6749999999997	0.28	1.3	1
2167.9125	0.26	1.3	1
2258.4249999999997	0.27	1.4	1
2350.5624999999995	0.35	1.0	1
2443.9999999999995	0.39	0.8	1
2539.0624999999995	0.35	1.0	1
2636.0749999999994	0.3	1.2	1
2734.5499999999993	0.33	0.9	1
2834.4874999999993	0.34	0.9	1
2935.8874999999994	0.35	0.9	1
3038.587499999999	0.4	0.8	1
3142.749999999999	0.36	0.9	1
3248.537499999999	0.32	1.0	1
3358.062499999999	0.17	2.3	1
3469.0499999999993	0.33	0.9	1
3581.499999999999	0.33	0.9	1
3697.3624999999993	0.22	2.1	1
3814.687499999999	0.4	0.9	1
3933.124999999999	0.29	1.3	1
4053.6749999999993	0.28	1.3	1
4176.499999999999	0.29	1.4	1
4301.437499999999	0.28	1.3	1
4427.999999999999	0.33	1.0	1
4557.974999999999	0.21	2.1	1
4690.062499999999	0.3	1.3	1
4824.099999999999	0.31	1.2	1
4960.412499999999	0.29	1.4	1
5098.8375	0.27	1.3	1
5239.049999999999	0.28	1.1	1
5380.887499999999	0.35	1.0	1
5525.1624999999985	0.25	1.5	1
5670.899999999999	0.34	0.9	1
5818.262499999999	0.31	1.0	1
5967.4124999999985	0.36	1.1	1
6118.999999999998	0.27	1.5	1
6272.5374999999985	0.29	1.2	1
6427.699999999999	0.37	1.0	1
6584.324999999999	0.38	0.9	1
6742.4124999999985	0.39	0.9	1
6904.562499999998	0.21	2.5	1
7069.312499999998	0.26	1.6	1
7236.987499999998	0.21	1.8	1
7406.449999999998	0.3	1.1	1
7578.024999999998	0.29	1.3	1
7750.899999999998	0.43	0.8	1
7926.049999999997	0.29	1.4	1
8103.474999999998	0.23	1.4	1
8282.199999999997	0.35	0.8	1
8462.712499999998	0.31	1.1	1
8645.499999999998	0.25	1.4	1
8830.074999999999	0.28	1.1	1
9017.0875	0.27	1.5	1
9207.1875	0.22	1.9	1
9398.9125	0.32	1.0	1
9593.075	0.26	1.5	1
9788.7	0.35	0.9	1
9985.7875	0.29	0.9	1
10184.5	0.33	1.0	1
10385.0	0.31	1.1	1
10587.2875	0.27	1.1	1
10791.525	0.33	1.2	1
10998.525	0.24	1.7	1
11207.637499999999	0.26	1.3	1
11418.8625	0.35	1.3	1
11631.55	0.35	0.9	1
11846.025	0.27	1.1	1
12061.9625	0.34	0.9	1
12280.012499999999	0.27	1.3	1
12500.175	0.25	1.3	1
12722.287499999999	0.3	1.2	1
12946.187499999998	0.32	1.1	1
13171.387499999999	0.36	0.8	1
13398.8625	0.27	1.4	1
13628.125	0.31	1.1	1
13858.6875	0.32	0.8	1
14091.2	0.29	1.2	1
14325.825	0.27	1.3	1
14562.725	0.24	1.4	1
14801.575	0.34	1.2	1
15042.5375	0.29	1.3	1
15285.612500000001	0.3	1.3	1
15530.962500000001	0.26	1.4	1
15778.2625	0.29	1.2	1
16028.1625	0.23	1.6	1
16280.0125	0.31	1.2	1
16533.975000000002	0.28	1.3	1
16789.725000000002	0.33	1.1	1
17048.075	0.24	1.6	1
17307.8875	0.35	0.9	1
17569.975000000002	0.27	1.4	1
17833.362500000003	0.43	0.8	1
18098.862500000003	0.28	1.3	1
18365.825000000004	0.39	0.9	1
18634.737500000003	0.28	1.2	1
18904.950000000004	0.38	0.8	1
19177.112500000003	0.29	1.2	1
19451.062500000004	0.29	1.1	1
19727.612500000003	0.25	1.6	1
20005.787500000002	0.32	1.0	1
20286.237500000003	0.26	1.4	1
20568.800000000003	0.25	1.3	1
20853.800000000003	0.27	1.5	1
21140.750000000004	0.32	1.2	1
21429.000000000004	0.41	0.8	1
21719.850000000002	0.26	1.6	1
22013.300000000003	0.25	1.6	1
22308.862500000003	0.28	1.3	1
22605.887500000004	0.35	0.9	1
22904.537500000006	0.34	1.0	1
23204.650000000005	0.34	0.9	1
23506.387500000004	0.32	1.0	1
23809.750000000004	0.38	1.0	1
24115.875000000004	0.26	1.7	1
24423.625000000004	0.32	1.0	1
24732.675000000003	0.34	0.8	1
25043.350000000002	0.34	1.0	1
25355.975000000002	0.3	1.2	1
25670.7125	0.28	1.3	1
25987.237500000003	0.32	1.1	1
26305.387500000004	0.32	1.0	1
26625.325000000004	0.32	1.1	1
26947.375000000004	0.28	1.3	1
27270.887500000004	0.35	0.9	1
27596.187500000004	0.28	1.1	1
27922.950000000004	0.37	0.9	1
28251.500000000004	0.31	1.1	1
28581.675000000003	0.31	1.0	1
28913.9625	0.28	1.3	1
29247.875	0.35	1.0	1
29583.9	0.29	1.3	1
29921.7125	0.3	1.1	1
30260.987500000003	0.36	0.9	1
30601.700000000004	0.28	1.5	1
30944.037500000006	0.31	1.0	1
31288.487500000007	0.3	1.3	1
31634.887500000008	0.29	1.2	1
31983.40000000001	0.29	1.3	1
32334.02500000001	0.26	1.3	1
32687.250000000007	0.26	1.6	1
33042.42500000001	0.28	1.2	1
33399.22500000001	0.39	1.0	1
33758.78750000001	0.24	1.7	1
34120.13750000001	0.32	1.1	1
34483.11250000001	0.36	1.0	1
34847.55000000001	0.33	0.9	1
35213.28750000001	0.35	0.8	1
35580.650000000016	0.34	1.0	1
35950.125000000015	0.26	1.3	1
36321.38750000001	0.33	1.1	1
36694.60000000001	0.27	1.2	1
37069.437500000015	0.36	1.0	1
37447.20000000001	0.23	1.8	1
37826.91250000001	0.31	1.2	1
38208.73750000001	0.27	1.3	1
38592.67500000001	0.28	1.3	1
38978.40000000001	0.31	1.1	1
39365.07500000001	0.3	1.2	1
39753.375000000015	0.32	1.0	1
40142.97500000001	0.39	0.8	1
40535.01250000001	0.27	1.5	1
40928.67500000001	0.36	1.0	1
41324.28750000001	0.32	1.2	1
41721.687500000015	0.32	1.1	1
42120.875000000015	0.31	1.1	1
42521.36250000002	0.39	0.8	1
42923.80000000002	0.31	1.2	1
43327.86250000002	0.32	1.0	1
43733.55000000002	0.29	1.0	1
44141.35000000002	0.29	1.3	1
44550.45000000002	0.37	0.8	1
44961.82500000002	0.27	1.4	1
45374.50000000002	0.31	0.8	1
45788.800000000025	0.35	1.0	1
46204.40000000002	0.37	0.8	1
46621.46250000002	0.34	0.9	1
47040.96250000002	0.28	1.5	1
47462.08750000002	0.29	1.0	1
47885.16250000002	0.3	1.2	1
48310.18750000002	0.26	1.2	1
48736.675000000025	0.36	0.9	1
49164.78750000003	0.32	1.0	1
49594.200000000026	0.37	0.8	1
50025.40000000002	0.32	1.1	1
50458.22500000002	0.33	1.0	1
50893.81250000002	0.21	1.7	1
51330.70000000002	0.39	0.8	1
51769.70000000002	0.25	1.3	1
52210.32500000002	0.28	1.0	1
52652.900000000016	0.3	1.2	1
53096.775000000016	0.37	0.8	1
53543.087500000016	0.26	1.5	1
53991.51250000002	0.24	1.3	1
54441.23750000002	0.35	0.8	1
54893.07500000002	0.29	1.3	1
55346.70000000002	0.29	1.1	1
55802.275000000016	0.31	1.2	1
56259.80000000002	0.29	1.2	1
56718.78750000002	0.34	0.9	1
57179.72500000002	0.27	1.2	1
57642.61250000002	0.29	1.2	1
58107.28750000002	0.31	1.1	1
58573.58750000002	0.32	1.0	1
59041.675000000025	0.32	1.1	1
59511.06250000002	0.31	0.8	1
59982.72500000002	0.27	1.4	1
60456.01250000002	0.31	1.0	1
60930.92500000002	0.31	1.0	1
61407.30000000002	0.33	0.9	1
61884.97500000002	0.34	0.8	1
62364.27500000002	0.36	1.0	1
62845.03750000002	0.33	0.9	1
63328.23750000002	0.24	1.5	1
63813.38750000002	0.26	1.2	1
64300.16250000002	0.33	1.0	1
64787.56250000002	0.32	1.0	1
65277.40000000002	0.26	1.5	1
65769.35000000002	0.3	1.3	1
66262.92500000002	0.34	1.0	1
66757.96250000002	0.25	0.9	1
67255.11250000002	0.28	1.3	1
67753.88750000001	0.35	1.0	1
68254.93750000001	0.26	1.4	1
68760.86250000002	0.2	3.0	1
69268.25000000001	0.3	0.9	1
69777.42500000002	0.27	1.1	1
70290.66250000002	0.2	2.5	1
70805.68750000001	0.34	1.1	1
71322.33750000001	0.32	1.0	1
71842.88750000001	0.21	2.4	1
72364.73750000002	0.37	0.8	1
72887.88750000001	0.34	0.8	1
73412.82500000001	0.26	1.1	1
73939.87500000001	0.25	1.3	1
74468.55000000002	0.33	1.0	1
74999.01250000001	0.24	1.1	1
75531.1	0.35	1.0	1
76065.625	0.23	1.5	1
76603.075	0.22	1.8	1
77142.6375	0.28	1.3	1
77683.66249999999	0.37	0.9	1
78225.98749999999	0.33	0.8	1
78770.42499999999	0.23	1.3	1
79316.32499999998	0.3	0.9	1
79863.68749999999	0.3	0.9	1
80412.83749999998	0.26	1.1	1
80963.61249999997	0.27	1.0	1
81516.01249999997	0.26	1.0	1
82071.82499999997	0.21	2.1	1
82629.26249999997	0.29	1.0	1
83191.08749999997	0.19	2.7	1
83754.69999999997	0.28	1.1	1
84320.91249999996	0.26	1.6	1
84889.23749999996	0.28	1.3	1
85459.83749999997	0.26	1.4	1
86032.38749999997	0.3	1.2	1
86607.21249999997	0.26	1.4	1
87183.33749999997	0.33	0.8	1
87761.24999999997	0.31	1.1	1
88340.46249999997	0.37	0.8	1
88921.46249999997	0.3	1.1	1
89504.41249999996	0.35	1.2	1
90088.98749999996	0.33	1.0	1
90675.02499999997	0.35	0.9	1
91262.52499999997	0.35	0.9	1
91851.64999999997	0.31	1.0	1
92442.39999999997	0.3	1.0	1
93035.74999999997	0.23	1.6	1
93630.56249999997	0.37	0.9	1
94227.16249999998	0.3	1.1	1
94825.54999999997	0.3	1.1	1
95426.53749999998	0.24	1.6	1
96029.47499999998	0.31	1.2	1
96634.03749999998	0.34	1.0	1
97239.89999999998	0.37	0.8	1
97847.38749999998	0.32	1.0	1
98456.17499999999	0.39	0.8	1
99066.91249999999	0.34	1.2	1
99679.275	0.35	1.0	1
100293.09999999999	0.35	0.9	1
100908.22499999999	0.4	0.8	1
101525.78749999999	0.25	1.5	1
102145.4625	0.27	1.3	1
102766.59999999999	0.31	0.9	1
103390.17499999999	0.28	1.5	1
104015.53749999999	0.33	1.1	1
104642.36249999999	0.34	0.9	1
105271.13749999998	0.28	1.2	1
105901.21249999998	0.33	0.8	1
106532.74999999999	0.31	0.9	1
107165.74999999999	0.34	0.9	1
107800.53749999999	0.27	1.1	1
108437.43749999999	0.29	1.3	1
109075.79999999999	0.29	0.9	1
109716.11249999999	0.31	1.2	1
110358.04999999999	0.35	1.0	1
111001.93749999999	0.27	1.2	1
111647.44999999998	0.3	1.0	1
112294.91249999998	0.28	1.2	1
112944.32499999998	0.28	1.2	1
113595.68749999999	0.31	1.2	1
114248.67499999999	0.3	1.0	1
114903.28749999999	0.31	1.0	1
115559.525	0.31	1.0	1
116217.54999999999	0.28	1.1	1
