3.7391	0.17	2.4	1
9.972900000000001	0.25	1.6	1
17.7681	0.26	1.0	1
26.9691	0.36	0.9	1
37.887	0.34	1.1	1
50.832899999999995	0.29	1.3	1
65.18459999999999	0.32	0.9	1
81.25319999999999	0.29	1.1	1
98.88319999999999	0.33	1.0	1
121.03009999999999	0.19	2.9	1
144.5828	0.33	0.9	1
170.1635	0.28	1.3	1
197.4611	0.31	1.1	1
226.4756	0.3	1.1	1
257.5181	0.31	1.3	1
290.7442	0.22	1.4	1
325.68719999999996	0.3	1.1	1
362.03599999999994	0.36	0.9	1
399.7905999999999	0.31	0.9	1
438.9509999999999	0.36	0.9	1
479.8282999999999	0.32	1.1	1
522.2669999999999	0.3	1.0	1
566.5781999999999	0.32	1.2	1
612.6062999999999	0.32	1.1	1
660.8179999999999	0.27	1.4	1
710.5910999999999	0.33	1.0	1
762.0810999999999	0.26	1.1	1
815.4435999999998	0.3	1.2	1
870.3674999999998	0.33	1.0	1
926.8527999999999	0.31	1.0	1
984.8994999999999	0.33	1.0	1
1045.1298	0.27	1.4	1
1107.5437	0.27	1.4	1
1172.1412	0.28	1.4	1
1237.9889	0.41	0.8	1
1305.8646	0.28	1.3	1
1375.6128	0.29	1.2	1
1446.7668	0.31	0.9	1
1519.4822000000001	0.29	1.0	1
1596.2478	0.16	2.6	1
1674.4192	0.34	0.9	1
1755.2408	0.23	1.7	1
1839.3349	0.24	2.1	1
1924.9904000000001	0.32	1.0	1
2012.2073	0.31	1.0	1
2102.3856	0.22	1.9	1
2193.9697	0.36	0.9	1
2288.204	0.24	1.7	1
2383.9997000000003	0.36	1.0	1
2481.6679000000004	0.28	1.2	1
2580.7419000000004	0.38	0.9	1
2681.2217000000005	0.36	0.9	1
2784.3517000000006	0.22	1.7	1
2889.1986000000006	0.3	1.1	1
2995.6069000000007	0.32	1.0	1
3103.7321000000006	0.27	1.1	1
3213.4187000000006	0.34	1.0	1
3324.8222000000005	0.31	1.1	1
3438.2537000000007	0.28	1.3	1
3553.4021000000007	0.31	1.1	1
3670.111900000001	0.34	1.0	1
3788.5386000000008	0.29	1.1	1
3910.5489000000007	0.19	2.3	1
4034.2761000000005	0.29	1.1	1
4159.409100000001	0.37	0.9	1
4286.259000000001	0.3	1.1	1
4415.292500000001	0.26	1.4	1
4546.042900000001	0.29	1.1	1
4678.5102000000015	0.28	1.1	1
4812.538900000001	0.34	1.0	1
4946.973400000002	0.3	0.9	1
5083.2804000000015	0.3	1.2	1
5220.993200000002	0.35	0.9	1
5361.356200000002	0.24	1.7	1
5503.436100000002	0.29	1.1	1
5646.921800000002	0.35	0.9	1
5792.1244000000015	0.31	1.1	1
5939.355000000001	0.29	1.3	1
6088.458100000002	0.31	1.2	1
6238.9670000000015	0.37	0.9	1
6391.037300000002	0.36	1.0	1
6544.669000000002	0.32	1.0	1
6700.484300000002	0.29	1.4	1
6857.705400000002	0.34	0.9	1
7016.332300000002	0.35	0.9	1
7178.076100000002	0.19	2.0	1
7341.381300000002	0.31	1.0	1
7507.336700000002	0.24	1.7	1
7677.342300000002	0.19	2.6	1
7848.598100000002	0.37	0.8	1
8021.726400000002	0.28	1.2	1
8197.349400000003	0.26	1.6	1
8374.844900000004	0.28	1.2	1
8553.901800000003	0.35	1.0	1
8734.986700000003	0.29	1.3	1
8917.788500000002	0.36	1.1	1
9104.796100000003	0.19	2.7	1
9293.365100000003	0.3	1.0	1
9483.962100000002	0.29	1.3	1
9676.898200000003	0.27	1.5	1
9872.017900000003	0.27	1.4	1
10069.010100000003	0.29	1.2	1
10267.252500000002	0.38	0.8	1
10467.678500000002	0.26	1.4	1
10669.821400000003	0.31	1.1	1
10873.525700000002	0.34	1.0	1
11078.946900000003	0.31	1.1	1
11286.085000000003	0.26	1.1	1
11495.095600000002	0.31	1.2	1
11706.289800000002	0.22	1.4	1
11921.845400000002	0.2	2.8	1
12138.651200000002	0.35	0.8	1
12357.796100000001	0.28	1.5	1
12578.346800000001	0.33	0.9	1
12801.703300000001	0.24	1.8	1
13027.243400000001	0.27	1.4	1
13254.189300000002	0.39	0.9	1
13482.852100000002	0.26	1.1	1
13713.231800000001	0.26	1.1	1
13945.950600000002	0.27	1.5	1
14179.919600000001	0.36	0.8	1
14415.45	0.35	1.0	1
14652.6973	0.28	1.1	1
14892.2837	0.25	1.5	1
15133.2759	0.35	0.9	1
15375.985	0.36	1.1	1
15619.944300000001	0.34	0.8	1
15865.6205	0.29	1.1	1
16112.858100000001	0.36	1.0	1
16361.345900000002	0.33	0.8	1
16611.7062	0.35	1.2	1
16864.0945	0.3	1.3	1
17118.0442	0.34	1.0	1
17373.3997	0.35	0.9	1
17630.316600000002	0.32	1.0	1
17889.2615	0.28	1.3	1
18149.4566	0.38	0.8	1
18411.2131	0.33	1.0	1
18677.331000000002	0.2	2.8	1
18945.4769	0.28	1.3	1
19215.0286	0.38	0.9	1
19486.2972	0.3	1.1	1
19759.2827	0.3	1.1	1
20034.1407	0.27	1.2	1
20311.9601	0.23	1.9	1
20591.652000000002	0.25	1.2	1
20873.5275	0.27	1.4	1
21156.8088	0.36	0.9	1
21442.1181	0.28	1.3	1
21728.8332	0.37	0.9	1
22017.731900000002	0.26	1.4	1
22309.280800000004	0.24	1.7	1
22602.702200000003	0.28	1.2	1
22898.151600000005	0.29	1.3	1
23195.317900000005	0.3	1.1	1
23496.223300000005	0.19	2.4	1
23798.690100000003	0.37	1.0	1
24102.718300000004	0.3	1.0	1
24408.307900000003	0.36	1.0	1
24715.458900000005	0.34	1.0	1
25024.326800000006	0.3	1.1	1
25335.378300000008	0.25	1.4	1
25648.14670000001	0.35	1.1	1
25962.63200000001	0.28	1.1	1
26278.98980000001	0.31	1.2	1
26596.75340000001	0.35	0.9	1
26916.38950000001	0.3	1.2	1
27237.43140000001	0.36	0.9	1
27560.034700000007	0.31	1.0	1
27884.19940000001	0.34	1.0	1
28210.08100000001	0.27	1.1	1
28537.52400000001	0.32	1.0	1
28866.37280000001	0.32	0.9	1
29197.56070000001	0.25	1.5	1
29530.46550000001	0.32	1.1	1
29864.93170000001	0.36	1.0	1
30201.114800000007	0.31	1.1	1
30538.859300000007	0.35	1.0	1
30878.320700000007	0.31	1.1	1
31219.187900000008	0.43	0.9	1
31561.616500000007	0.32	1.0	1
31905.29530000001	0.37	0.8	1
32250.69100000001	0.27	1.1	1
32597.33690000001	0.4	0.8	1
32945.69970000001	0.29	1.1	1
33295.93500000001	0.29	1.2	1
33648.50940000001	0.23	1.5	1
34002.95630000001	0.32	1.2	1
34359.43120000001	0.27	1.3	1
34717.46750000001	0.3	1.0	1
35077.06520000001	0.34	1.0	1
35438.06870000001	0.35	0.9	1
35800.47800000001	0.37	0.9	1
36164.44870000001	0.34	1.0	1
36529.66960000001	0.36	0.8	1
36896.60740000001	0.31	1.1	1
37264.79540000001	0.37	0.8	1
37634.70030000001	0.3	1.1	1
38008.03320000001	0.21	2.2	1
38382.771900000014	0.38	0.9	1
38759.84970000001	0.27	1.5	1
39138.80000000001	0.29	1.2	1
39519.467200000014	0.3	1.1	1
39902.162400000016	0.31	1.3	1
40286.26340000002	0.37	0.9	1
40670.77020000002	0.33	0.9	1
41056.682800000024	0.33	0.9	1
41444.467900000025	0.3	1.2	1
41834.125500000024	0.27	1.2	1
42226.433300000026	0.22	1.7	1
42620.14690000003	0.36	0.9	1
43015.26630000003	0.3	0.9	1
43412.56930000003	0.27	1.4	1
43811.58920000003	0.32	1.1	1
44212.01490000003	0.32	0.9	1
44614.46860000003	0.28	1.3	1
45018.950300000026	0.28	1.3	1
45425.30450000003	0.28	1.2	1
45832.908900000024	0.39	0.8	1
46241.76350000002	0.35	0.8	1
46651.868300000024	0.41	0.8	1
47064.00110000002	0.26	1.3	1
47478.31750000003	0.26	1.4	1
47894.50640000003	0.3	1.2	1
48312.878900000025	0.28	1.4	1
48732.65720000002	0.4	0.9	1
49154.46350000002	0.3	1.3	1
49577.83120000002	0.31	1.0	1
50003.53800000002	0.25	1.5	1
50431.89500000002	0.24	1.7	1
50861.50220000002	0.37	0.8	1
51292.826300000015	0.24	1.1	1
51726.02290000002	0.29	1.2	1
52159.469700000016	0.4	0.8	1
52594.63340000001	0.28	1.1	1
53031.20290000001	0.36	0.9	1
53469.33380000001	0.33	1.0	1
53909.49270000001	0.27	1.3	1
54351.36850000001	0.3	1.1	1
54795.11680000001	0.31	1.2	1
55240.11530000001	0.42	0.8	1
55686.83070000001	0.28	1.1	1
56135.26300000001	0.29	1.1	1
56585.72330000001	0.28	1.3	1
57038.522700000016	0.24	1.5	1
57493.35010000002	0.27	1.3	1
57950.20550000002	0.27	1.3	1
58408.933400000016	0.31	1.2	1
58869.53380000002	0.29	1.2	1
59332.31780000002	0.31	1.4	1
59796.66320000002	0.3	1.0	1
60263.19220000002	0.26	1.4	1
60731.12700000002	0.37	0.9	1
61201.24540000002	0.25	1.4	1
61674.79180000002	0.24	2.2	1
62149.74400000002	0.34	0.9	1
62626.10200000002	0.37	0.9	1
63104.02140000002	0.29	1.0	1
63583.65770000002	0.31	1.1	1
64065.322000000015	0.3	1.3	1
64550.881000000016	0.18	2.5	1
65038.156900000016	0.28	1.1	1
65526.68300000002	0.36	0.8	1
66017.08160000002	0.26	1.2	1
66509.35270000002	0.29	1.2	1
67003.49630000001	0.28	1.2	1
67498.89010000002	0.35	0.8	1
67996.15640000002	0.28	1.2	1
68494.67290000002	0.35	0.8	1
68994.90630000002	0.32	1.1	1
69497.01220000001	0.23	1.2	1
70000.52390000001	0.37	0.9	1
70505.90810000002	0.29	1.2	1
71013.32030000002	0.26	1.3	1
71522.44940000003	0.33	1.1	1
72032.82870000003	0.39	0.8	1
72545.08050000003	0.31	1.2	1
73059.20480000002	0.29	1.2	1
73575.97930000002	0.24	1.7	1
74094.31520000003	0.32	1.0	1
74614.21250000002	0.31	1.0	1
75135.98230000002	0.3	1.2	1
75659.46900000001	0.31	1.1	1
76184.82820000002	0.27	1.2	1
76712.05990000002	0.31	1.2	1
77241.16410000002	0.34	1.2	1
77771.67410000002	0.33	0.9	1
78304.21210000002	0.27	1.3	1
78837.31150000003	0.36	1.0	1
79371.97230000002	0.32	1.0	1
79908.50560000002	0.28	1.2	1
80448.31140000002	0.21	2.1	1
80989.67860000001	0.32	1.0	1
81532.45160000001	0.4	0.9	1
82077.09710000001	0.29	1.2	1
82623.45950000001	0.3	1.1	1
83171.53880000001	0.32	1.1	1
83721.64610000001	0.29	1.3	1
84273.47030000002	0.33	1.1	1
84826.85590000001	0.37	1.0	1
85381.49170000001	0.37	0.8	1
85937.37770000001	0.35	0.8	1
86496.06950000001	0.27	1.8	1
87056.32270000002	0.28	1.0	1
87620.93730000002	0.21	2.8	1
88187.11330000003	0.31	1.0	1
88755.00620000003	0.33	1.1	1
89324.77160000004	0.3	1.2	1
89895.94280000003	0.33	0.9	1
90469.29760000003	0.25	1.4	1
91044.68040000004	0.26	1.3	1
91623.18010000004	0.19	2.0	1
92203.86340000005	0.3	1.4	1
92785.79690000004	0.43	0.8	1
93370.84730000004	0.24	2.0	1
93957.77020000004	0.29	1.2	1
94546.56560000005	0.31	1.2	1
95136.76680000004	0.34	0.9	1
95728.68490000004	0.3	1.1	1
96322.94210000004	0.25	1.5	1
96918.91620000005	0.3	1.1	1
97516.76280000005	0.27	1.2	1
98116.32630000006	0.34	1.1	1
98717.29560000006	0.36	0.9	1
99319.67070000006	0.33	0.9	1
99923.45160000006	0.34	0.9	1
100529.41610000006	0.22	1.4	1
101137.71970000006	0.23	1.5	1
101747.74020000006	0.31	1.1	1
102359.78870000006	0.23	1.3	1
102974.02080000006	0.27	1.4	1
103589.96980000005	0.29	1.1	1
104208.41350000005	0.25	1.6	1
104828.26300000005	0.35	0.9	1
105449.51830000005	0.34	0.9	1
106072.95720000005	0.25	1.4	1
106697.80190000005	0.35	0.9	1
107324.36350000005	0.29	1.1	1
107952.48650000006	0.31	1.0	1
108583.25970000005	0.21	1.7	1
109216.99430000005	0.21	1.9	1
109852.29030000005	0.34	1.0	1
110490.23650000006	0.24	1.7	1
111131.14410000006	0.21	1.9	1
111774.70190000006	0.23	1.7	1
112419.66550000006	0.38	0.9	1
113065.87930000006	0.34	0.8	1
113714.12110000006	0.24	1.3	1
114363.92430000006	0.32	1.0	1
115015.28890000006	0.37	1.0	1
115668.37040000006	0.33	1.1	1
116324.72440000006	0.22	2.1	1
116982.95090000007	0.28	1.2	1
117643.04990000007	0.3	1.2	1
118304.39910000007	0.4	0.8	1
118967.15410000007	0.33	0.9	1
119631.62600000008	0.32	1.1	1
120297.65930000007	0.31	1.0	1
120965.40950000007	0.35	1.1	1
121634.87660000006	0.29	1.1	1
122305.90510000006	0.34	1.0	1
122978.65050000006	0.3	1.1	1
123653.42390000007	0.28	1.3	1
124329.91420000007	0.32	1.1	1
125008.43250000007	0.3	1.3	1
125688.35660000007	0.36	0.9	1
126370.30870000007	0.25	1.3	1
127054.44440000007	0.26	1.4	1
