1.5640999999999998	0.3	1.1	1
4.834	0.29	1.2	1
9.526399999999999	0.36	1.0	1
18.049599999999998	0.21	2.7	1
27.570299999999996	0.36	0.7	1
38.51349999999999	0.32	1.0	1
51.020799999999994	0.32	1.1	1
66.2256	0.23	1.9	1
82.9945	0.34	1.1	1
101.1859	0.35	1.0	1
121.0831	0.31	1.2	1
142.5444	0.28	1.1	1
165.5698	0.31	1.1	1
190.301	0.28	1.2	1
216.0297	0.39	0.7	1
243.7475	0.28	1.4	1
272.8878	0.29	1.0	1
303.59220000000005	0.33	1.1	1
336.42740000000003	0.25	1.5	1
371.53510000000006	0.23	1.6	1
408.34860000000003	0.26	1.2	1
446.8679	0.25	1.2	1
488.22630000000004	0.22	2.0	1
530.8655	0.28	0.9	1
574.9272	0.33	1.0	1
620.2697	0.35	0.9	1
666.8929999999999	0.33	0.9	1
715.0803999999999	0.31	1.1	1
766.9568999999999	0.19	2.6	1
819.4058999999999	0.65	0.4	1
873.5606999999999	0.32	1.2	1
929.2795999999998	0.32	1.1	1
986.1375999999998	0.38	0.8	1
1044.8430999999998	0.31	1.3	1
1105.8211	0.28	1.6	1
1168.6465999999998	0.3	1.3	1
1233.0361999999998	0.28	1.1	1
1298.4232999999997	0.41	0.7	1
1365.0911999999996	0.33	0.9	1
1433.0398999999995	0.39	0.9	1
1502.8360999999995	0.28	1.3	1
1574.0547999999994	0.31	1.0	1
1648.2542999999994	0.21	2.1	1
1724.3012999999994	0.32	1.3	1
1802.1957999999995	0.28	1.3	1
1880.9460999999994	0.47	0.6	1
1961.1188999999995	0.31	1.0	1
2042.7141999999994	0.33	1.0	1
2125.3069999999993	0.42	0.7	1
2209.1805999999992	0.39	0.9	1
2294.4766999999993	0.32	1.0	1
2380.770299999999	0.44	0.7	1
2468.7696999999994	0.3	1.2	1
2558.4748999999993	0.28	1.2	1
2649.6025999999993	0.34	1.0	1
2741.869399999999	0.4	0.8	1
2835.2752999999993	0.38	0.8	1
2929.8202999999994	0.35	0.8	1
3025.7877999999996	0.31	1.0	1
3123.3193999999994	0.31	1.1	1
3221.8484999999996	0.41	0.7	1
3322.2250999999997	0.3	1.3	1
3423.7407999999996	0.37	0.8	1
3526.5372999999995	0.4	0.9	1
3629.6145999999994	0.34	0.9	1
3733.9726999999993	0.35	0.9	1
3840.0365999999995	0.27	1.2	1
3948.2312999999995	0.25	1.5	1
4057.8484999999996	0.39	1.0	1
4171.2964999999995	0.21	2.7	1
4286.4502999999995	0.3	1.2	1
4403.309899999999	0.31	1.2	1
4522.441999999999	0.27	1.6	1
4643.2798999999995	0.25	1.2	1
4765.256899999999	0.35	0.8	1
4888.6564	0.33	1.0	1
5013.3367	0.34	0.9	1
5140.9978	0.21	2.1	1
5269.9397	0.33	0.9	1
5400.3041	0.33	1.0	1
5532.6576000000005	0.29	1.4	1
5665.725200000001	0.48	0.5	1
5800.356900000001	0.31	1.1	1
5937.1194000000005	0.23	1.5	1
6075.5877	0.28	1.2	1
6215.6201	0.29	1.1	1
6357.5	0.26	1.3	1
6500.944	0.29	1.1	1
6645.6688	0.34	0.9	1
6791.674400000001	0.33	0.9	1
6939.527500000001	0.28	1.3	1
7090.361400000001	0.21	2.1	1
7242.617800000001	0.33	1.0	1
7396.296700000001	0.3	1.0	1
7551.8231000000005	0.28	1.3	1
7708.772000000001	0.35	1.0	1
7868.276700000001	0.22	1.8	1
8029.487200000001	0.28	1.2	1
8192.261800000002	0.31	1.1	1
8356.742200000002	0.28	1.2	1
8523.353400000002	0.22	1.5	1
8690.678700000002	0.51	0.5	1
8859.284800000003	0.35	0.9	1
9029.171700000003	0.35	0.9	1
9200.056100000003	0.41	0.7	1
9372.788000000004	0.29	1.3	1
9546.942400000004	0.33	1.0	1
9722.519300000004	0.28	1.0	1
9900.227000000004	0.24	1.5	1
10079.923800000004	0.28	1.4	1
10261.184700000003	0.31	1.1	1
10444.293100000003	0.27	1.3	1
10629.249000000003	0.3	1.3	1
10815.627400000003	0.32	1.0	1
11003.853300000002	0.28	1.3	1
11193.926700000002	0.28	1.3	1
11385.422600000002	0.32	1.0	1
11580.749300000001	0.17	2.7	1
11777.0735	0.4	0.7	1
11974.5368	0.34	0.8	1
12174.6976	0.24	1.9	1
12376.1392	0.36	0.9	1
12579.2866	0.27	1.2	1
12783.5731	0.35	0.8	1
12988.9987	0.36	0.8	1
13196.5551	0.26	1.5	1
13405.109	0.36	0.7	1
13615.0854	0.33	1.0	1
13826.7676	0.31	1.2	1
14040.1556	0.35	1.2	1
14254.6827	0.45	0.8	1
14470.6323	0.3	1.0	1
14688.429399999999	0.28	1.3	1
14907.932299999999	0.32	1.2	1
15129.140999999998	0.27	1.2	1
15351.913799999998	0.33	1.1	1
15575.967399999998	0.35	0.9	1
15800.593499999997	0.67	0.4	1
16026.642099999997	0.31	1.0	1
16255.246499999997	0.23	1.8	1
16485.2734	0.3	1.0	1
16716.7228	0.31	1.0	1
16950.1613	0.27	1.4	1
17185.0223	0.32	1.0	1
17421.305800000002	0.29	1.0	1
17658.728400000004	0.36	0.8	1
17897.856800000005	0.31	1.2	1
18138.832700000006	0.29	1.3	1
18380.664400000005	0.47	0.6	1
18624.060200000004	0.3	1.1	1
18869.020100000005	0.32	1.1	1
19115.260800000004	0.34	0.9	1
19363.065600000005	0.26	1.1	1
19612.292900000004	0.37	1.0	1
19862.801000000003	0.38	0.9	1
20115.156600000002	0.27	1.3	1
20369.0763	0.3	1.1	1
20624.1351	0.35	0.8	1
20880.757999999998	0.27	1.1	1
21139.795	0.24	1.7	1
21400.396099999998	0.32	1.1	1
21662.844699999998	0.28	1.3	1
21926.432399999998	0.38	0.8	1
22191.3009	0.35	0.9	1
22457.5919	0.38	1.0	1
22725.1637	0.34	0.9	1
22994.583000000002	0.25	1.3	1
23265.2831	0.35	0.9	1
23537.689000000002	0.26	1.2	1
23811.3757	0.35	0.9	1
24086.4849	0.35	1.0	1
24362.8749	0.38	0.9	1
24643.095699999998	0.18	2.7	1
24925.022299999997	0.27	1.2	1
25207.946399999997	0.4	0.7	1
25492.151299999998	0.34	0.9	1
25778.2037	0.28	1.3	1
26065.3952	0.36	0.8	1
26354.1508	0.27	1.1	1
26644.3289	0.34	1.0	1
26936.3545	0.27	1.3	1
27229.519200000002	0.35	0.8	1
27524.389700000003	0.26	1.2	1
27820.966000000004	0.29	1.2	1
28119.389800000004	0.26	1.3	1
28419.802700000004	0.27	1.4	1
28721.213100000004	0.4	0.7	1
29024.046000000006	0.3	1.0	1
29329.151400000006	0.24	1.6	1
29636.104300000006	0.31	1.3	1
29944.904700000006	0.26	1.3	1
30255.127600000007	0.35	1.0	1
30568.331300000005	0.23	2.1	1
30882.674100000004	0.36	0.8	1
31200.139400000004	0.21	2.2	1
31519.310500000003	0.27	1.2	1
31839.762400000003	0.34	0.9	1
32162.061800000003	0.28	1.3	1
32483.9337	0.49	0.4	1
32807.5114	0.3	1.2	1
33132.9366	0.24	1.3	1
33461.2009	0.25	2.0	1
33790.74600000001	0.32	0.9	1
34121.43020000001	0.44	0.8	1
34452.40350000001	0.72	0.2	1
34784.94090000001	0.3	1.1	1
35119.184100000006	0.27	1.2	1
35454.991400000006	0.29	1.1	1
35791.796200000004	0.33	0.7	1
36129.31510000001	0.52	0.5	1
36467.54810000001	0.41	0.5	1
36807.06190000001	0.36	0.9	1
37147.99820000001	0.35	1.0	1
37490.78200000001	0.28	1.3	1
37835.41330000001	0.27	1.3	1
38181.892100000005	0.28	1.3	1
38530.076700000005	0.29	1.2	1
38880.250400000004	0.25	1.4	1
39232.6966	0.25	1.6	1
39586.706900000005	0.3	1.1	1
39942.2813	0.32	1.1	1
40301.6865	0.16	2.7	1
40665.3475	0.18	3.0	1
41030.431000000004	0.31	1.0	1
41397.0786	0.32	1.1	1
41764.8653	0.37	0.8	1
42134.2161	0.27	1.1	1
42504.9894	0.33	1.0	1
42876.1935	0.6	0.3	1
43246.8284	0.62	0.3	1
43617.8941	0.52	0.3	1
43990.5239	0.3	1.1	1
44364.2928	0.31	0.8	1
44739.0592	0.46	0.7	1
45115.8147	0.25	1.4	1
45494.8427	0.26	1.6	1
45875.0098	0.33	0.8	1
46257.0244	0.29	1.3	1
46640.7448	0.29	1.2	1
47026.171	0.27	1.2	1
47413.019700000004	0.31	1.0	1
47801.5742	0.25	1.2	1
48191.834500000004	0.26	1.2	1
48587.62560000001	0.4	3.9	1
48984.130800000006	0.49	0.5	1
49381.3501	0.38	0.5	1
49780.275200000004	0.29	1.2	1
50180.339400000004	0.29	0.8	1
50580.97610000001	0.43	0.4	1
50982.89360000001	0.36	0.9	1
51385.38360000001	0.51	0.4	1
51788.30440000001	0.71	0.3	1
52193.07270000001	0.29	1.3	1
52599.54680000001	0.27	1.2	1
53008.15170000001	0.24	1.5	1
53420.16240000001	0.21	2.4	1
53833.87890000001	0.3	1.2	1
54249.30120000001	0.28	1.2	1
54665.57930000001	0.41	0.6	1
55083.70490000001	0.25	1.3	1
55503.11130000001	0.4	0.9	1
55922.94850000001	0.61	0.3	1
56344.066500000015	0.37	0.9	1
56767.17360000002	0.26	1.4	1
57192.41150000002	0.25	1.5	1
57618.78850000002	0.36	0.8	1
58045.879600000015	0.39	0.5	1
58474.10980000001	0.37	0.8	1
58904.045800000014	0.31	1.2	1
59334.55430000002	0.44	0.4	1
59766.485300000015	0.36	1.0	1
60199.55540000001	0.4	0.8	1
60633.19800000001	0.47	0.4	1
61069.11310000001	0.24	1.6	1
61506.59230000001	0.29	1.1	1
61945.49400000001	0.35	1.0	1
62385.818200000016	0.28	1.0	1
62827.848200000015	0.3	1.2	1
63271.58400000002	0.25	1.2	1
63716.60060000002	0.33	0.9	1
64162.47300000002	0.44	0.6	1
64610.05120000002	0.32	1.2	1
65058.626900000025	0.37	0.7	1
65508.90840000002	0.3	1.2	1
65961.17900000002	0.27	1.4	1
66413.88040000002	0.6	0.3	1
66868.00430000003	0.29	1.0	1
67323.12570000003	0.33	0.7	1
67778.67790000004	0.48	0.3	1
68235.51090000004	0.32	0.9	1
68693.47470000004	0.26	1.5	1
69152.57760000003	0.37	0.8	1
69612.39460000003	0.36	0.5	1
70073.35070000002	0.39	0.8	1
70535.44590000002	0.37	0.8	1
70998.25520000001	0.38	0.5	1
71461.63700000002	0.45	0.4	1
71925.87460000001	0.47	0.6	1
72391.81800000001	0.3	1.2	1
72859.18390000002	0.33	1.0	1
73327.12230000002	0.47	0.4	1
73796.34150000002	0.35	0.9	1
74266.84150000002	0.33	0.9	1
74738.62230000002	0.38	0.9	1
75210.97560000002	0.46	0.4	1
75685.03470000002	0.26	1.2	1
76159.94960000002	0.51	0.6	1
76636.14530000002	0.35	0.9	1
77115.18010000001	0.17	2.0	1
77596.3457	0.24	1.5	1
78078.6504	0.31	0.8	1
78561.9526	0.36	0.7	1
79046.67730000001	0.35	1.0	1
79532.54110000002	0.36	0.8	1
80019.96900000001	0.32	1.1	1
80508.3944	0.37	0.7	1
80997.3923	0.42	0.4	1
81487.81270000001	0.37	1.0	1
81978.8056	0.44	0.4	1
82471.78760000001	0.26	1.4	1
82965.48370000001	0.52	0.5	1
83461.02730000002	0.26	1.3	1
83957.14340000002	0.48	0.4	1
84455.39030000001	0.26	1.5	1
84955.05970000001	0.3	1.0	1
85456.00990000002	0.31	0.9	1
85957.53260000002	0.55	0.4	1
86459.62780000002	0.44	0.4	1
86964.27880000001	0.17	1.8	1
87470.77730000002	0.29	1.3	1
87978.13160000002	0.44	0.6	1
88486.05840000002	0.47	0.4	1
88995.69100000002	0.27	1.2	1
89507.31270000002	0.25	1.4	1
90020.35690000003	0.3	1.0	1
90534.96520000004	0.3	1.1	1
91050.00430000003	0.56	0.3	1
91567.31590000003	0.24	1.6	1
92086.61660000004	0.26	1.4	1
92607.19810000004	0.34	0.9	1
93129.06040000003	0.39	0.9	1
93652.48680000003	0.3	1.1	1
94178.18570000003	0.24	1.6	1
94704.88210000003	0.43	0.7	1
95233.85100000004	0.26	1.6	1
95764.66740000003	0.28	1.3	1
96296.76460000004	0.37	0.9	1
96830.14260000004	0.26	0.9	1
97364.37640000004	0.43	0.6	1
97901.02430000003	0.26	1.7	1
98438.95300000004	0.36	0.9	1
98979.15420000003	0.24	1.6	1
99520.35290000003	0.34	0.7	1
100062.97410000002	0.33	1.0	1
100607.15940000002	0.3	1.1	1
101151.77550000002	0.53	0.3	1
101699.23070000001	0.21	2.0	1
102248.39170000001	0.25	1.2	1
102797.9835	0.53	0.3	1
103348.28940000001	0.42	0.5	1
103899.0261	0.56	0.3	1
104451.6103	0.27	1.3	1
105004.6253	0.44	0.3	1
105558.3544	0.37	0.5	1
106113.506	0.31	1.0	1
106670.78839999999	0.27	1.5	1
107229.20989999999	0.36	0.8	1
