1.2058	0.37	0.9	1
3.4841	0.39	0.8	1
7.2349	0.36	1.1	1
12.1915	0.36	0.9	1
18.0872	0.39	0.7	1
25.5887	0.28	1.2	1
35.096000000000004	0.24	1.5	1
45.942400000000006	0.32	1.0	1
59.727900000000005	0.19	2.2	1
74.9859	0.31	1.1	1
91.583	0.37	1.0	1
109.1192	0.42	0.7	1
128.2612	0.29	1.2	1
148.47570000000002	0.41	0.8	1
170.69600000000003	0.26	1.5	1
194.92210000000003	0.26	1.5	1
220.22070000000002	0.36	0.8	1
246.59180000000003	0.38	0.8	1
273.7687	0.47	0.6	1
302.1514	0.38	0.9	1
332.00660000000005	0.31	1.1	1
363.20090000000005	0.36	1.0	1
395.60100000000006	0.35	0.9	1
429.34020000000004	0.34	1.0	1
464.28520000000003	0.34	0.9	1
500.56930000000006	0.3	1.0	1
538.8592000000001	0.23	1.5	1
578.7549000000001	0.3	1.2	1
619.7231000000002	0.32	0.8	1
662.1638000000002	0.32	1.1	1
707.2770000000002	0.24	2.0	1
753.5960000000001	0.34	0.9	1
801.6541000000001	0.26	1.3	1
851.1847000000001	0.29	1.1	1
901.7878000000002	0.38	0.8	1
953.9967000000001	0.31	1.2	1
1007.4114000000002	0.39	0.9	1
1061.8986000000002	0.41	0.8	1
1119.1916	0.2	2.1	1
1177.8237000000001	0.33	1.0	1
1238.3283000000001	0.27	1.4	1
1300.4387000000002	0.31	1.2	1
1363.3549000000003	0.46	0.6	1
1427.3436000000004	0.34	0.8	1
1492.6714000000004	0.3	1.0	1
1559.6050000000005	0.28	1.2	1
1628.5444000000005	0.26	1.5	1
1699.0896000000005	0.34	1.2	1
1771.5073000000004	0.28	1.4	1
1844.9975000000004	0.42	0.8	1
1919.9602000000004	0.32	1.1	1
1996.6620000000005	0.28	1.3	1
2074.5696000000007	0.33	0.9	1
2153.549700000001	0.29	0.8	1
2233.868900000001	0.3	1.0	1
2315.393900000001	0.33	0.9	1
2398.1247000000008	0.38	0.9	1
2482.1946000000007	0.33	1.0	1
2567.7370000000005	0.31	1.1	1
2654.4852000000005	0.33	0.9	1
2743.6392000000005	0.21	1.8	1
2834.7990000000004	0.28	1.5	1
2927.9646000000002	0.24	1.5	1
3022.8693000000003	0.29	1.3	1
3119.9131	0.26	1.6	1
3218.0294000000004	0.35	0.8	1
3317.6182000000003	0.31	1.1	1
3418.8128	0.29	1.2	1
3521.7465	0.29	1.3	1
3625.0193000000004	0.31	1.0	1
3729.7646000000004	0.27	1.1	1
3835.7157000000007	0.36	0.9	1
3943.0059000000006	0.34	1.0	1
4053.3686000000007	0.21	2.3	1
4165.0704000000005	0.34	1.0	1
4278.1113000000005	0.34	1.0	1
4393.4247000000005	0.22	1.7	1
4509.810600000001	0.41	0.8	1
4628.202300000001	0.27	1.5	1
4748.066500000001	0.33	1.1	1
4869.003200000001	0.41	0.8	1
4991.412400000001	0.3	1.1	1
5115.560700000001	0.31	1.3	1
5241.181500000001	0.33	1.1	1
5368.274800000001	0.29	1.1	1
5496.307200000001	0.44	0.7	1
5625.545400000001	0.34	0.9	1
5756.122700000001	0.33	1.0	1
5888.572500000001	0.25	1.4	1
6022.761400000001	0.27	1.3	1
6158.689400000001	0.29	1.3	1
6296.089900000001	0.27	1.1	1
6435.229500000001	0.28	1.3	1
6575.708200000001	0.29	1.0	1
6717.792700000001	0.27	1.2	1
6861.349700000001	0.31	1.1	1
7006.779200000001	0.3	1.4	1
7153.8145	0.27	1.2	1
7303.7889000000005	0.21	2.2	1
7454.9691	0.38	0.9	1
7607.355100000001	0.36	0.9	1
7761.480200000001	0.26	1.3	1
7916.811100000001	0.37	0.9	1
8073.8811000000005	0.28	1.3	1
8232.956900000001	0.25	1.5	1
8393.505200000001	0.3	1.1	1
8555.926000000001	0.25	1.4	1
8719.9526	0.28	1.2	1
8885.3183	0.33	1.0	1
9051.756500000001	0.39	0.8	1
9219.267200000002	0.39	0.8	1
9388.250400000003	0.28	1.1	1
9558.306100000003	0.38	0.8	1
9732.100900000003	0.18	2.8	1
9907.101500000002	0.34	0.9	1
10083.574600000002	0.3	1.1	1
10260.986800000002	0.39	0.7	1
10440.138100000002	0.25	1.3	1
10619.961900000002	0.53	0.5	1
10801.658200000002	0.29	1.4	1
10984.427000000001	0.43	0.8	1
11168.8016	0.27	1.2	1
11354.115300000001	0.42	0.7	1
11541.5681	0.29	1.6	1
11729.960000000001	0.47	0.7	1
11920.224400000001	0.26	1.4	1
12111.561300000001	0.35	0.8	1
12304.637300000002	0.28	1.3	1
12499.319100000002	0.3	1.2	1
12695.073400000003	0.39	0.8	1
12892.033500000003	0.36	0.9	1
13090.732700000004	0.29	1.3	1
13291.704400000004	0.24	1.7	1
13495.615200000004	0.22	2.2	1
13700.865100000005	0.32	1.0	1
13907.454100000004	0.33	1.0	1
14116.182200000005	0.24	1.6	1
14326.116100000005	0.33	0.9	1
14537.789100000005	0.3	1.3	1
14751.734600000005	0.24	1.7	1
14967.152600000005	0.33	1.1	1
15183.776400000004	0.34	0.9	1
15401.472700000004	0.33	0.8	1
15619.841500000004	0.6	0.5	1
15839.682800000004	0.34	1.1	1
16060.996600000004	0.33	1.1	1
16284.449500000004	0.25	1.6	1
16509.374900000003	0.33	1.1	1
16735.506100000002	0.43	0.9	1
16962.976400000003	0.33	1.0	1
17192.185800000003	0.32	1.3	1
17422.867700000003	0.32	1.1	1
17654.622100000004	0.37	0.8	1
17888.115600000005	0.24	1.3	1
18125.081600000005	0.2	2.6	1
18362.720100000006	0.43	0.5	1
18602.364400000006	0.24	1.5	1
18843.747800000005	0.26	1.3	1
19086.737000000005	0.29	1.2	1
19330.932000000004	0.4	0.9	1
19576.999500000005	0.27	1.4	1
19824.406100000004	0.3	1.0	1
20072.751800000005	0.37	0.7	1
20322.303300000007	0.36	0.9	1
20573.460600000006	0.27	1.2	1
20826.890400000008	0.26	1.7	1
21081.79270000001	0.29	1.1	1
21338.70080000001	0.28	1.5	1
21596.94800000001	0.3	1.0	1
21856.26770000001	0.39	0.8	1
22117.72650000001	0.26	1.6	1
22380.39110000001	0.37	0.9	1
22644.12820000001	0.39	0.8	1
22909.07110000001	0.39	0.9	1
23176.153100000007	0.23	1.6	1
23444.440900000005	0.33	0.9	1
23714.334500000004	0.29	1.2	1
23985.033900000006	0.42	0.6	1
24256.939100000007	0.39	0.9	1
24530.316800000008	0.32	1.1	1
24805.433600000008	0.27	1.3	1
25081.88950000001	0.33	1.0	1
25359.55120000001	0.35	0.9	1
25638.41870000001	0.33	0.9	1
25917.825300000008	0.64	0.4	1
26198.571000000007	0.32	1.0	1
26480.38920000001	0.45	0.8	1
26763.813200000008	0.29	1.2	1
27048.576300000008	0.33	1.0	1
27334.811900000008	0.27	1.1	1
27622.92000000001	0.25	1.4	1
27912.367200000008	0.34	1.0	1
28203.420200000008	0.26	1.2	1
28495.945700000007	0.31	1.1	1
28790.210300000006	0.29	1.3	1
29086.080700000006	0.26	1.2	1
29383.023600000008	0.38	0.8	1
29681.572300000007	0.32	1.2	1
29981.460100000008	0.35	1.0	1
30281.887000000006	0.54	0.4	1
30583.519700000004	0.35	0.9	1
30886.891500000005	0.27	1.3	1
31191.202400000006	0.33	0.7	1
31498.985800000006	0.19	2.6	1
31808.108300000007	0.31	1.0	1
32118.70330000001	0.28	1.1	1
32430.23740000001	0.44	0.7	1
32741.17730000001	0.51	0.3	1
33053.72300000001	0.28	1.2	1
33367.87450000001	0.3	1.2	1
33682.69850000001	0.43	0.5	1
33998.595000000016	0.37	0.8	1
34315.56400000001	0.36	0.8	1
34634.005500000014	0.32	1.1	1
34955.78610000001	0.2	2.5	1
35280.10580000001	0.19	1.9	1
35605.231300000014	0.31	0.6	1
35931.42930000001	0.39	0.8	1
36259.49980000001	0.26	1.4	1
36589.84280000001	0.2	1.7	1
36921.79160000001	0.31	1.2	1
37254.94620000001	0.35	0.9	1
37589.43990000001	0.32	1.0	1
37924.73940000001	0.44	0.6	1
38260.711400000015	0.36	0.5	1
38597.62250000001	0.38	0.7	1
38936.00610000001	0.29	1.1	1
39276.12880000001	0.3	1.3	1
39617.72400000002	0.32	1.1	1
39959.258300000016	0.32	0.7	1
40302.13170000001	0.29	1.0	1
40645.41090000001	0.5	0.3	1
40990.29590000001	0.29	1.2	1
41336.65340000001	0.29	1.1	1
41683.55000000001	0.36	0.4	1
42031.78570000001	0.34	1.0	1
42380.96050000001	0.48	0.7	1
42732.54110000001	0.24	1.8	1
43085.32750000001	0.36	0.9	1
43441.71970000001	0.19	2.7	1
43799.98440000001	0.27	1.4	1
44158.52160000001	0.61	0.2	1
44517.73130000001	0.39	0.5	1
44878.14680000001	0.35	0.9	1
45239.36810000001	0.4	0.6	1
45603.66190000001	0.2	2.3	1
45969.16150000001	0.35	0.9	1
46337.06690000001	0.23	1.8	1
46705.64480000001	0.44	0.5	1
47075.29520000001	0.36	0.8	1
47446.41810000001	0.32	1.1	1
47819.14680000001	0.29	1.2	1
48192.41460000001	0.44	0.4	1
48566.754900000014	0.43	0.8	1
48941.50100000001	0.47	0.3	1
49317.85290000001	0.33	1.2	1
49694.610600000015	0.54	0.3	1
50072.707400000014	0.31	1.0	1
50452.01000000002	0.3	0.9	1
50834.385100000014	0.2	2.3	1
51217.16600000001	0.5	0.3	1
51601.819400000015	0.27	1.4	1
51986.87860000002	0.56	0.3	1
52372.476900000016	0.43	0.4	1
52758.614300000016	0.42	0.4	1
53145.95750000002	0.35	0.9	1
53533.70650000002	0.58	0.3	1
53921.99460000002	0.42	0.4	1
54311.62180000002	0.34	1.0	1
54702.72150000002	0.32	1.1	1
55095.69370000002	0.26	1.4	1
55489.071700000015	0.46	0.3	1
55883.388800000015	0.41	0.7	1
56280.378400000016	0.2	2.0	1
56679.107100000016	0.27	1.3	1
57078.241600000016	0.41	0.3	1
57479.115200000015	0.27	1.3	1
57881.46130000002	0.3	1.1	1
58285.279900000016	0.31	1.1	1
58690.43760000002	0.33	1.0	1
59097.60110000002	0.27	1.5	1
59506.10370000002	0.32	1.0	1
59915.41210000002	0.39	0.6	1
60325.126300000025	0.53	0.3	1
60735.64630000002	0.44	0.6	1
61147.772100000024	0.31	1.2	1
61561.77040000002	0.3	1.4	1
61976.574500000024	0.4	0.6	1
62392.45110000003	0.36	0.8	1
62809.133500000025	0.47	0.6	1
63227.15500000003	0.34	1.0	1
63645.715600000025	0.47	0.4	1
64065.348700000024	0.37	0.8	1
64485.18760000003	0.3	0.9	1
64906.099000000024	0.41	0.8	1
65328.349500000026	0.3	1.0	1
65753.27250000002	0.2	2.0	1
66178.73460000003	0.39	0.4	1
66605.26920000002	0.37	0.8	1
67033.27630000003	0.3	1.1	1
67465.15590000003	0.18	2.9	1
67898.90800000002	0.27	1.4	1
68334.13260000003	0.32	1.1	1
68770.56300000002	0.39	0.9	1
69208.59920000003	0.29	1.2	1
69647.57450000003	0.41	0.7	1
70088.15560000003	0.27	1.2	1
70529.40920000002	0.37	0.5	1
70972.00190000002	0.31	1.0	1
71415.80040000002	0.35	0.9	1
71860.00470000002	0.5	0.3	1
72304.74810000003	0.49	0.4	1
72750.16400000003	0.38	0.5	1
73197.31900000003	0.26	1.3	1
73646.61310000003	0.24	1.6	1
74097.51300000004	0.29	1.2	1
74550.28540000004	0.25	1.4	1
75003.59690000003	0.77	0.4	1
75457.58090000003	0.48	0.5	1
75912.23740000003	0.38	0.5	1
76368.89970000002	0.26	1.5	1
76827.70110000002	0.26	1.6	1
77287.17500000002	0.39	0.5	1
77747.18800000002	0.42	0.4	1
78207.87350000003	0.38	0.5	1
78670.16480000003	0.31	1.2	1
79132.72860000003	0.76	0.2	1
79597.03150000003	0.29	1.3	1
80062.40690000003	0.34	0.8	1
80528.85480000003	0.38	0.8	1
80996.50850000003	0.36	0.9	1
81465.10130000002	0.36	0.7	1
81936.49990000002	0.2	2.1	1
82410.83760000003	0.2	2.2	1
82886.64780000004	0.31	1.1	1
83363.66380000004	0.34	0.9	1
83842.15230000005	0.3	1.1	1
84321.71330000005	0.44	0.8	1
84802.61340000005	0.39	1.0	1
85286.85260000004	0.19	2.5	1
85773.89760000004	0.2	2.1	1
86261.34840000005	0.58	0.3	1
86751.73830000004	0.2	2.2	1
87243.60070000004	0.3	1.1	1
87736.66890000003	0.32	0.9	1
88230.94290000004	0.35	0.9	1
88726.68940000003	0.3	1.1	1
89223.77500000004	0.34	1.0	1
89721.53310000004	0.39	0.5	1
90219.69700000004	0.59	0.3	1
90719.73340000004	0.22	1.4	1
91220.17560000005	0.62	0.3	1
91723.15690000005	0.22	1.9	1
92227.34400000004	0.34	0.9	1
92731.93690000004	0.5	0.3	1
93237.20230000005	0.33	0.5	1
93743.40680000006	0.35	0.7	1
94250.55040000005	0.37	0.7	1
94758.76650000006	0.37	0.8	1
95268.72170000005	0.29	1.3	1
95779.34940000005	0.43	0.5	1
96290.38290000006	0.59	0.3	1
96802.08890000006	0.41	0.5	1
97314.20070000006	0.51	0.3	1
97827.78500000006	0.31	1.1	1
98341.77510000006	0.52	0.3	1
98856.43770000005	0.38	0.5	1
99372.30610000006	0.3	0.9	1
99889.11360000006	0.29	0.7	1
100408.06020000005	0.26	1.6	1
100928.61260000005	0.31	1.2	1
101449.70410000005	0.59	0.4	1
101972.26810000004	0.29	1.1	1
102496.70460000004	0.27	1.4	1
103022.34690000005	0.34	0.9	1
103548.79500000004	0.42	0.6	1
104076.98220000004	0.29	1.3	1
104605.84190000004	0.34	0.5	1
105135.24070000004	0.43	0.4	1
105666.11200000004	0.31	1.1	1
106197.78910000004	0.35	0.6	1
106731.47200000004	0.25	1.5	1
107266.36070000003	0.33	0.9	1
107801.65520000004	0.56	0.3	1
108338.15550000004	0.34	0.9	1
108876.12830000004	0.3	1.1	1
109415.04020000005	0.36	0.7	1
109957.55790000004	0.19	2.7	1
110502.08140000004	0.25	1.5	1
111048.61070000003	0.25	1.5	1
111595.67910000004	0.45	0.4	1
112144.35330000003	0.23	1.2	1
112694.36660000004	0.29	1.0	1
113245.98570000003	0.34	1.2	1
113799.34390000004	0.29	1.3	1
114353.24120000003	0.42	0.4	1
