1.3391	0.35	1.0	1
3.8839999999999995	0.34	0.9	1
7.5014	0.36	0.8	1
12.8579	0.24	1.3	1
19.8202	0.3	1.2	1
27.988300000000002	0.34	0.9	1
38.0289	0.27	1.4	1
49.2753	0.31	0.9	1
62.5275	0.26	1.5	1
76.5855	0.44	0.6	1
92.3826	0.27	1.3	1
109.3855	0.32	0.9	1
127.5942	0.32	0.9	1
147.2754	0.31	1.1	1
168.4291	0.3	1.1	1
191.3219	0.27	1.3	1
215.6872	0.29	1.1	1
241.39159999999998	0.34	1.0	1
268.7018	0.29	1.2	1
296.6845	0.44	0.5	1
325.60630000000003	0.38	0.7	1
358.13390000000004	0.18	2.7	1
392.26730000000003	0.32	1.2	1
427.87320000000005	0.31	1.1	1
465.2182	0.28	1.3	1
504.16900000000004	0.28	1.2	1
544.1923	0.35	0.8	1
587.1547	0.22	2.2	1
631.7229000000001	0.25	1.2	1
677.4969000000001	0.37	0.9	1
724.21	0.39	0.7	1
772.5289	0.27	1.2	1
822.1869	0.35	1.0	1
872.9174	0.36	0.8	1
925.1204	0.31	1.1	1
979.9959	0.21	2.0	1
1036.6105	0.28	1.3	1
1094.8309	0.28	1.2	1
1154.9238	0.3	1.4	1
1216.2225	0.31	0.9	1
1279.1270000000002	0.31	1.2	1
1343.2373000000002	0.33	0.9	1
1408.4201000000003	0.33	0.8	1
1474.9420000000002	0.34	1.0	1
1542.8030000000003	0.32	1.0	1
1612.2698000000003	0.28	1.2	1
1684.2757000000004	0.25	1.9	1
1758.5541000000003	0.22	1.7	1
1833.9050000000002	0.39	0.8	1
1910.3284	0.43	0.8	1
1988.3576	0.3	1.2	1
2067.7259	0.33	1.0	1
2149.3667	0.24	1.7	1
2232.6133	0.28	1.2	1
2317.3324	0.32	1.1	1
2402.9905999999996	0.43	0.7	1
2490.2545999999998	0.28	1.2	1
2578.4577	0.4	0.7	1
2668.5333	0.25	1.4	1
2760.0814	0.3	1.1	1
2853.102	0.31	1.1	1
2947.7284	0.3	1.2	1
3043.6938999999998	0.34	1.0	1
3141.5319	0.27	1.4	1
3240.709	0.31	1.0	1
3341.0919	0.33	0.9	1
3442.4139	0.41	0.7	1
3544.675	0.43	0.7	1
3648.6752	0.29	1.3	1
3754.5479	0.28	1.4	1
3861.4931	0.41	0.8	1
3969.5774	0.24	1.6	1
4078.3342000000002	0.58	0.5	1
4188.2968	0.33	0.9	1
4299.7319	0.31	1.1	1
4412.7728	0.3	1.2	1
4528.486199999999	0.2	2.0	1
4645.6721	0.3	1.1	1
4764.3305	0.3	1.1	1
4884.4614	0.27	1.1	1
5006.731400000001	0.23	1.6	1
5130.740500000001	0.27	1.3	1
5256.3554	0.29	1.2	1
5383.8428	0.27	1.4	1
5512.402700000001	0.37	0.8	1
5642.8351	0.25	1.4	1
5775.8066	0.22	1.9	1
5910.9172	0.26	1.6	1
6047.9003	0.27	1.4	1
6186.6225	0.3	1.3	1
6326.2838	0.4	0.7	1
6467.4176	0.33	1.1	1
6609.4905	0.42	0.7	1
6752.7692	0.38	0.9	1
6897.9204	0.27	1.4	1
7044.9441	0.3	1.4	1
7194.1069	0.25	1.6	1
7344.8755	0.28	1.2	1
7496.8499	0.39	0.9	1
7650.1634	0.31	1.0	1
7804.816000000001	0.33	1.0	1
7960.941100000001	0.32	1.1	1
8118.6720000000005	0.31	1.2	1
8277.742	0.3	1.0	1
8438.417800000001	0.3	1.2	1
8600.299400000002	0.36	0.9	1
8763.786800000002	0.27	1.2	1
8929.013300000002	0.26	1.3	1
9095.712300000003	0.3	1.1	1
9263.750400000003	0.35	1.0	1
9432.994300000002	0.35	0.9	1
9603.044000000002	0.44	0.6	1
9774.166200000001	0.34	0.8	1
9946.494200000001	0.39	0.9	1
10120.028	0.36	0.9	1
10295.0343	0.3	1.1	1
10471.113099999999	0.35	0.8	1
10648.930999999999	0.3	1.3	1
10828.488	0.29	1.3	1
11009.2508	0.36	0.9	1
11191.7527	0.27	1.3	1
11376.2604	0.24	1.5	1
11561.8406	0.37	0.8	1
11749.2933	0.29	1.4	1
11938.8851	0.25	1.6	1
12130.082699999999	0.29	1.2	1
12322.219399999998	0.4	0.7	1
12516.361899999998	0.29	1.5	1
12712.510199999999	0.23	1.5	1
12909.8643	0.33	0.9	1
13108.4242	0.35	0.9	1
13308.323199999999	0.33	1.0	1
13510.0947	0.25	1.4	1
13713.3387	0.3	1.1	1
13918.5885	0.26	1.5	1
14125.1774	0.34	1.0	1
14333.9054	0.24	1.6	1
14544.5059	0.24	1.4	1
14756.3122	0.32	0.9	1
14969.857600000001	0.27	1.3	1
15185.142100000001	0.32	1.3	1
15402.2991	0.27	1.4	1
15620.7952	0.35	1.0	1
15840.4971	0.32	0.9	1
16061.0048	0.41	0.6	1
16283.251600000001	0.28	1.3	1
16507.3709	0.28	1.4	1
16732.562700000002	0.35	0.8	1
16958.827	0.34	0.8	1
17186.4304	0.34	1.0	1
17415.5063	0.31	1.1	1
17646.188000000002	0.3	1.2	1
17878.4755	0.31	1.2	1
18112.7688	0.23	1.5	1
18348.9346	0.28	1.4	1
18586.7062	0.26	1.2	1
18825.9503	0.3	1.1	1
19066.8002	0.3	1.2	1
19308.9892	0.34	1.0	1
19551.984	0.5	0.6	1
19796.1846	0.37	0.9	1
20041.991	0.31	1.2	1
20289.536500000002	0.28	1.3	1
20540.0211	0.2	2.2	1
20792.2448	0.26	1.3	1
21045.6743	0.34	0.9	1
21300.7096	0.27	1.2	1
21556.683999999997	0.38	0.7	1
21814.130899999996	0.29	1.1	1
22072.516899999995	0.42	0.7	1
22333.175399999996	0.21	1.7	1
22597.572999999997	0.18	2.8	1
22863.576399999998	0.26	1.2	1
23131.185599999997	0.3	1.2	1
23400.133899999997	0.29	1.0	1
23670.287999999997	0.34	0.9	1
23942.314599999998	0.25	1.4	1
24216.213699999997	0.27	1.4	1
24492.918599999997	0.22	2.1	1
24771.2293	0.27	1.2	1
25051.4125	0.25	1.4	1
25332.4015	0.43	0.6	1
25615.663	0.24	1.7	1
25899.8636	0.36	0.7	1
26185.670000000002	0.33	1.2	1
26472.682200000003	0.41	0.9	1
26761.433500000003	0.28	1.3	1
27051.9239	0.29	1.3	1
27344.153400000003	0.29	1.3	1
27638.122000000003	0.29	1.3	1
27933.429700000004	0.31	1.0	1
28230.209900000005	0.34	1.1	1
28527.795900000005	0.44	0.6	1
28826.987700000005	0.35	1.2	1
29127.918600000005	0.28	1.3	1
29432.322000000004	0.2	2.6	1
29738.197900000003	0.29	1.1	1
30046.479600000002	0.22	1.8	1
30356.367100000003	0.31	1.2	1
30667.327100000002	0.35	0.8	1
30979.626200000002	0.37	1.0	1
31292.9978	0.43	0.8	1
31608.108500000002	0.33	1.3	1
31924.2917	0.35	0.8	1
32242.347400000002	0.26	1.4	1
32561.875600000003	0.32	1.1	1
32883.009600000005	0.33	1.2	1
33205.74940000001	0.32	1.2	1
33530.36170000001	0.29	1.4	1
33856.446500000005	0.33	1.1	1
34186.40380000001	0.2	2.9	1
34517.833600000005	0.33	1.1	1
34850.20250000001	0.4	0.7	1
35184.177200000006	0.4	1.2	1
35518.691000000006	0.7	0.4	1
35854.27730000001	0.4	0.8	1
36189.936100000006	0.4	0.8	1
36526.93400000001	0.33	1.0	1
36865.93770000001	0.24	1.5	1
37206.54720000001	0.3	1.2	1
37549.02920000001	0.27	1.4	1
37892.71700000001	0.35	0.9	1
38238.14390000001	0.25	1.3	1
38587.30990000001	0.19	2.8	1
38938.08170000001	0.32	1.2	1
39290.32600000001	0.31	1.1	1
39644.17610000001	0.29	1.2	1
39999.63200000001	0.29	1.2	1
40356.160400000015	0.39	0.8	1
40715.49460000001	0.23	2.1	1
41076.03460000001	0.31	0.9	1
41437.91370000001	0.32	1.0	1
41801.265300000014	0.3	1.1	1
42165.289400000016	0.46	0.5	1
42531.186000000016	0.29	1.4	1
42898.55510000002	0.31	1.1	1
43267.66330000002	0.28	1.3	1
43638.24400000002	0.31	1.1	1
44010.430500000024	0.29	1.2	1
44383.956100000025	0.38	1.0	1
44760.68750000002	0.15	2.4	1
45138.89140000002	0.3	1.1	1
45518.167800000025	0.4	0.8	1
45898.51670000002	0.3	0.8	1
46280.871400000025	0.25	1.5	1
46664.165200000025	0.42	0.7	1
47048.79810000002	0.32	1.0	1
47435.03680000002	0.3	1.2	1
47821.948000000026	0.36	0.5	1
48209.798300000024	0.43	0.7	1
48597.454400000024	0.42	0.6	1
48985.516300000025	0.51	0.3	1
49375.05070000002	0.26	1.1	1
49766.19090000002	0.34	1.2	1
50158.40360000002	0.38	0.8	1
50551.95540000002	0.3	1.0	1
50946.97970000002	0.29	1.1	1
51342.676500000016	0.38	0.5	1
51739.57910000002	0.4	0.9	1
52137.02080000002	0.42	0.4	1
52535.66830000002	0.39	0.9	1
52934.72160000002	0.53	0.3	1
53334.98070000002	0.3	0.9	1
53736.978900000024	0.27	1.3	1
54139.382900000026	0.77	0.3	1
54542.05940000003	0.57	0.2	1
54946.74170000003	0.27	1.5	1
55351.82980000003	0.65	0.3	1
55757.45700000003	0.44	0.4	1
56164.15670000003	0.4	0.8	1
56571.26220000003	0.55	0.3	1
56979.57350000003	0.35	0.9	1
57390.02390000003	0.26	1.6	1
57801.94680000003	0.31	1.1	1
58214.275500000025	0.59	0.3	1
58628.07670000003	0.27	1.1	1
59042.28370000003	0.6	0.3	1
59456.76320000003	0.68	0.2	1
59871.91520000003	0.45	0.5	1
60288.13970000003	0.34	0.8	1
60704.90330000003	0.43	0.4	1
61123.27270000003	0.32	1.2	1
61542.04790000003	0.52	0.3	1
61962.56220000003	0.28	1.3	1
62383.74900000003	0.36	0.5	1
62805.341600000036	0.46	0.3	1
63227.873300000036	0.39	0.7	1
63651.47750000004	0.36	0.8	1
64076.287500000035	0.36	0.9	1
64501.77000000003	0.49	0.5	1
64928.458300000035	0.33	0.9	1
65355.68570000004	0.46	0.4	1
65783.98560000004	0.34	0.8	1
66213.62460000004	0.34	1.0	1
66644.33610000004	0.33	0.8	1
67076.38670000005	0.34	1.0	1
67509.37640000005	0.36	0.7	1
67943.70520000005	0.35	1.0	1
68379.77310000005	0.31	1.3	1
68816.44680000005	0.28	1.2	1
69253.65960000004	0.45	0.4	1
69691.27820000004	0.59	0.3	1
70130.10260000004	0.35	0.9	1
70570.66610000005	0.27	1.3	1
71012.43540000005	0.36	0.9	1
71454.87720000005	0.51	0.5	1
71898.79150000005	0.3	1.1	1
72344.17830000004	0.29	1.1	1
72790.63760000005	0.45	0.8	1
73238.56940000005	0.29	1.1	1
73688.24030000005	0.27	1.3	1
74139.25030000004	0.32	1.0	1
74590.93280000004	0.3	0.5	1
75044.22110000004	0.27	1.2	1
75501.38190000004	0.2	2.9	1
75959.74850000003	0.4	0.9	1
76419.85420000003	0.28	1.3	1
76881.69900000004	0.28	1.3	1
77343.94960000004	0.52	0.3	1
77807.80600000004	0.25	1.2	1
78273.40150000004	0.31	1.3	1
78740.46950000004	0.3	1.1	1
79208.74330000003	0.32	0.9	1
79678.75620000003	0.31	1.3	1
80150.50820000003	0.28	1.3	1
80623.59930000003	0.37	1.0	1
81097.36290000004	0.32	0.5	1
81571.66560000004	0.39	0.4	1
82047.84080000003	0.23	1.4	1
82524.68850000003	0.41	0.5	1
83003.40870000003	0.28	1.4	1
83482.53470000003	0.57	0.3	1
83962.33320000004	0.5	0.5	1
84443.60420000003	0.31	1.1	1
84925.14770000003	0.66	0.2	1
85407.89700000003	0.37	0.9	1
85891.05210000003	0.53	0.3	1
86377.41300000003	0.17	2.4	1
86864.44640000003	0.38	0.5	1
87352.01890000002	0.46	0.4	1
87840.13050000003	0.39	0.4	1
88328.78120000003	0.47	0.4	1
88818.50440000002	0.38	0.8	1
89310.10010000003	0.27	1.4	1
89802.10160000002	0.46	0.3	1
90295.84220000003	0.3	1.3	1
90791.45530000003	0.23	1.4	1
91288.67420000004	0.26	1.2	1
91787.36560000003	0.36	1.1	1
92286.46280000004	0.46	0.3	1
92787.16580000003	0.3	1.2	1
93289.47460000003	0.3	1.2	1
93793.52250000004	0.29	1.3	1
94298.10950000004	0.47	0.4	1
94804.03560000003	0.31	1.0	1
95311.16750000003	0.35	0.9	1
95819.77190000002	0.32	1.1	1
96329.58210000003	0.28	0.9	1
96840.06480000002	0.41	0.5	1
97350.95330000002	0.57	0.3	1
97862.38090000002	0.43	0.4	1
98374.21430000002	0.57	0.3	1
98887.38680000002	0.31	1.0	1
99402.16510000003	0.33	1.2	1
99918.41590000002	0.29	1.1	1
100436.53920000003	0.28	1.4	1
100955.86830000003	0.31	0.9	1
101476.93650000003	0.26	1.3	1
101998.41050000003	0.5	0.3	1
102520.42360000002	0.44	0.4	1
103043.50920000003	0.32	0.8	1
103567.00060000003	0.46	0.3	1
104091.69780000002	0.37	0.9	1
104617.46750000003	0.42	0.8	1
105143.77630000003	0.48	0.4	1
105670.62420000002	0.45	0.4	1
106200.41120000002	0.2	2.2	1
106732.07070000001	0.24	1.4	1
107265.06930000002	0.32	1.0	1
107799.00700000001	0.42	0.7	1
108334.55050000001	0.3	1.2	1
108871.43310000001	0.37	1.0	1
109408.9882	0.34	0.5	1
109947.8824	0.37	1.0	1
110488.3824	0.3	1.2	1
111029.15490000001	0.64	0.2	1
111571.3999	0.31	1.1	1
112115.2507	0.29	1.2	1
112659.6406	0.51	0.4	1
113204.4363	0.46	0.3	1
113750.5711	0.36	1.0	1
114298.7117	0.27	1.5	1
114848.5914	0.27	1.3	1
115399.9436	0.36	1.1	1
