3.5038	0.38	1.0	1
11.211400000000001	0.29	1.2	1
24.522800000000004	0.25	1.6	1
35.888000000000005	0.6	0.3	1
48.307	0.51	0.3	1
61.7798	0.54	0.3	1
75.9564	0.66	0.2	1
91.1868	0.51	0.3	1
107.471	0.54	0.3	1
124.809	0.55	0.3	1
143.2008	0.56	0.3	1
162.64639999999997	0.51	0.3	1
183.14579999999998	0.6	0.3	1
204.349	0.68	0.2	1
226.606	0.56	0.3	1
249.9168	0.57	0.3	1
273.2814	0.49	0.3	1
297.69980000000004	0.55	0.3	1
323.172	0.54	0.3	1
349.69800000000004	0.53	0.3	1
377.2778	0.53	0.3	1
405.5614	0.56	0.2	1
434.8988	0.58	0.3	1
465.28999999999996	0.54	0.3	1
