147.40365111561866	0.4	6.5	1
405.6754563894524	0.4	6.3	1
823.9574036511158	0.4	7.1	1
1393.2494929006089	0.4	7.1	1
2107.4807302231243	0.4	6.7	1
2965.1156186612584	0.4	6.5	1
3965.154158215011	0.4	6.5	1
5102.525354969575	0.4	6.1	1
6379.764705882355	0.4	6.3	1
7793.3367139959455	0.4	6.1	1
9347.776876267752	0.4	6.3	1
11045.620689655176	0.4	6.5	1
12888.86815415822	0.4	6.5	1
14892.12576064909	0.4	7.1	1
17051.393509127793	0.4	7.1	1
19349.52941176471	0.4	6.3	1
21804.675456389457	0.4	7.1	1
24405.225152129824	0.4	6.5	1
27156.713995943213	0.4	6.7	1
30039.53549695741	0.4	6.1	1
33078.36713995944	0.4	7.1	1
36261.60243407709	0.4	6.5	1
39581.17038539555	0.4	6.1	1
43037.07099391482	0.4	6.1	1
46630.304259634904	0.4	6.1	1
50381.54766734282	0.4	7.1	1
54279.19472616635	0.4	6.5	1
58313.1744421907	0.4	6.1	1
62492.55780933066	0.4	6.5	1
66815.34482758625	0.4	6.5	1
71288.07099391485	0.4	6.7	1
