18.883355336904764	0.6	10.3	1
28.60004400714286	0.2	5.3	1
47.483399344047626	0.6	10.3	1
66.73342134761906	0.6	10.5	1
95.70013202142846	0.2	5.3	1
116.05015402499988	0.6	11.1	1
125.40017602857131	0.2	5.1	1
144.28353136547608	0.6	10.3	1
163.90022003571417	0.6	10.7	1
173.2502420392856	0.2	5.1	1
192.50026404285705	0.6	10.5	1
212.8502860464285	0.6	11.1	1
222.20030804999993	0.2	5.1	1
233.01699672023804	0.4	5.9	1
252.81704072738117	0.2	4.9	1
262.1670627309526	0.2	5.1	1
272.98375140119066	0.4	5.9	1
291.8671067380954	0.6	10.3	1
301.21712874166684	0.2	5.1	1
320.83381741190493	0.6	10.7	1
360.06719475238066	0.6	10.7	1
380.4172167559521	0.6	11.1	1
399.6672387595235	0.6	10.5	1
418.91726076309493	0.6	10.5	1
438.9006160999997	0.6	10.9	1
458.1506381035711	0.6	10.5	1
477.7673267738092	0.6	10.7	1
487.4840154440473	0.2	5.3	1
507.2840594511901	0.2	5.5	1
527.6340814547615	0.6	11.1	1
547.9841034583329	0.6	11.1	1
556.9674587952377	0.2	4.9	1
575.8508141321424	0.6	10.3	1
595.8341694690472	0.6	10.9	1
615.817524805952	0.6	10.9	1
635.43421347619	0.6	10.7	1
654.3175688130948	0.6	10.3	1
674.6675908166662	0.6	11.1	1
704.7343014904756	0.2	5.3	1
745.6177008345229	0.4	5.9	1
755.7010561714277	0.2	5.5	1
776.0510781749991	0.6	11.1	1
796.0344335119039	0.6	10.9	1
825.7344775190483	0.2	5.3	1
844.9844995226197	0.6	10.5	1
853.9678548595244	0.2	4.9	1
873.5845435297625	0.6	10.7	1
904.0179208702383	0.4	5.9	1
923.2679428738097	0.6	10.5	1
952.2346535476205	0.2	5.3	1
962.3180088845253	0.2	5.5	1
971.6680308880967	0.2	5.1	1
991.8347415619061	0.4	5.9	1
1031.9848075726204	0.6	10.9	1
1052.3348295761919	0.6	11.1	1
1092.6682069166677	0.6	10.9	1
1112.2848955869058	0.6	10.7	1
1131.1682509238105	0.6	10.3	1
1150.7849395940486	0.6	10.7	1
1170.4016282642867	0.6	10.7	1
1179.3849836011914	0.2	4.9	1
1188.7350056047628	0.2	5.1	1
1199.551694275001	0.4	5.9	1
1229.9850716154774	0.6	10.7	1
1239.3350936190488	0.2	5.1	1
1248.6851156226203	0.2	5.1	1
1258.0351376261917	0.2	5.1	1
1267.3851596297632	0.2	5.1	1
1286.8185369702392	0.2	5.5	1
1296.5352256404772	0.2	5.3	1
1305.5185809773818	0.2	4.9	1
1333.3852916511928	0.6	10.3	1
1344.201980321431	0.4	5.9	1
1355.018668991669	0.4	5.9	1
1385.8187129988123	0.6	10.9	1
1404.702068335717	0.6	10.3	1
1425.0520903392885	0.6	11.1	1
1444.6687790095266	0.6	10.7	1
1464.6521343464315	0.6	10.9	1
1503.8855116869092	0.6	10.5	1
1513.2355336904807	0.2	5.1	1
1532.8522223607188	0.6	10.7	1
1552.1022443642903	0.6	10.5	1
1582.168955038101	0.4	5.9	1
1602.152310375006	0.6	10.9	1
1631.1190210488169	0.2	4.9	1
1640.4690430523883	0.2	5.1	1
1649.452398389293	0.2	4.9	1
1669.8024203928644	0.6	11.1	1
1679.8857757297692	0.2	5.5	1
1699.869131066674	0.6	10.9	1
1708.8524864035787	0.2	4.9	1
1736.7191970773897	0.6	10.3	1
1756.3358857476278	0.6	10.7	1
1766.4192410845326	0.2	5.5	1
1796.4859517583423	0.6	10.9	1
1815.369307095247	0.6	10.3	1
1843.969351102389	0.2	5.3	1
1854.7860397726272	0.4	5.9	1
1874.0360617761987	0.6	10.5	1
1892.9194171131035	0.6	10.3	1
1912.169439116675	0.6	10.5	1
1922.9861277869131	0.4	5.9	1
1942.969483123818	0.6	10.9	1
1953.0528384607228	0.2	5.5	1
1982.7528824678657	0.6	10.7	1
2031.7029484785796	0.6	10.5	1
2051.319637148818	0.6	10.7	1
2060.302992485723	0.2	4.9	1
2080.2863478226277	0.6	10.9	1
2099.903036492866	0.6	10.7	1
2139.8697471666746	0.6	11.1	1
2149.9531025035794	0.2	5.5	1
2179.6531465107223	0.6	10.7	1
2190.46983518096	0.4	5.9	1
2212.1032125214365	0.4	5.9	1
2252.9866118654845	0.6	10.5	1
2272.236633869056	0.6	10.5	1
2292.586655872627	0.6	11.1	1
2301.570011209532	0.2	4.9	1
2310.553366546437	0.2	4.9	1
2330.170055216675	0.6	10.7	1
2340.986743886913	0.4	5.9	1
2351.0700992238176	0.2	5.5	1
2360.7867878940556	0.2	5.3	1
2380.4034765642937	0.6	10.7	1
2391.2201652345316	0.4	5.9	1
2412.853542575008	0.4	5.9	1
