8.937522003571429	0.2	5.5	1
18.52504400714286	0.4	5.9	1
35.26256601071429	0.6	10.3	1
52.97508801428572	0.6	10.9	1
79.62513202142854	0.2	5.5	1
97.66265402499997	0.6	11.1	1
115.37517602857139	0.6	10.9	1
142.0252200357142	0.2	5.5	1
150.96274203928562	0.2	5.5	1
167.70026404285704	0.6	10.3	1
176.31278604642847	0.2	5.3	1
185.9003080499999	0.4	5.9	1
194.8378300535713	0.2	5.5	1
221.48787406071403	0.6	10.9	1
257.07544007142815	0.2	5.5	1
266.01296207499956	0.2	5.5	1
273.975484078571	0.2	4.9	1
289.90052808571386	0.2	4.9	1
307.28805008928526	0.6	10.7	1
315.9005720928567	0.2	5.3	1
332.6380940964281	0.6	10.3	1
350.35061609999957	0.6	10.9	1
358.638138103571	0.2	5.1	1
375.7006601071424	0.6	10.5	1
384.63818211071384	0.2	5.5	1
393.57570411428526	0.2	5.5	1
410.47574812142756	0.2	4.9	1
418.438270124999	0.2	4.9	1
443.7883141321427	0.6	10.7	1
460.52583613571414	0.6	10.3	1
485.5508801428575	0.2	5.1	1
493.83840214642896	0.2	5.1	1
502.4509241500004	0.2	5.3	1
520.1634461535718	0.6	10.9	1
537.5509681571433	0.6	10.7	1
545.8384901607147	0.2	5.1	1
555.4260121642861	0.4	5.9	1
573.4635341678576	0.6	11.1	1
591.501056171429	0.6	11.1	1
617.8261001785717	0.2	5.1	1
652.4386661892855	0.2	5.1	1
704.1137542035706	0.6	10.5	1
773.5013642214265	0.6	10.9	1
791.2138862249979	0.6	10.9	1
800.1514082285693	0.2	5.5	1
808.4389302321407	0.2	5.1	1
825.5014522357121	0.6	10.5	1
842.8889742392836	0.6	10.7	1
860.926496242855	0.6	11.1	1
886.9265402499976	0.2	4.9	1
895.864062253569	0.2	5.5	1
904.8015842571405	0.2	5.5	1
913.7391062607119	0.2	5.5	1
922.6766282642833	0.2	5.5	1
931.6141502678547	0.2	5.5	1
948.6766722714261	0.6	10.5	1
957.2891942749975	0.2	5.3	1
965.2517162785689	0.2	4.9	1
983.2892382821403	0.6	11.1	1
991.9017602857118	0.2	5.3	1
1008.6392822892833	0.6	10.3	1
1017.2518042928548	0.2	5.3	1
1025.5393262964262	0.2	5.1	1
1034.1518482999977	0.2	5.3	1
1043.0893703035692	0.2	5.5	1
1051.7018923071407	0.2	5.3	1
1069.4144143107121	0.6	10.9	1
1078.0269363142836	0.2	5.3	1
1095.739458317855	0.6	10.9	1
1121.739502324997	0.2	5.1	1
1138.8020243285685	0.6	10.5	1
1164.4770683357126	0.2	5.3	1
1173.4145903392841	0.2	5.5	1
1191.1271123428555	0.6	10.9	1
1200.714634346427	0.4	5.9	1
1218.2646783535688	0.2	4.9	1
1226.8772003571403	0.2	5.3	1
1244.5897223607117	0.6	10.9	1
1253.5272443642832	0.2	5.5	1
1280.1772883714273	0.6	10.9	1
1324.2148543821418	0.6	10.7	1
1341.9273763857132	0.6	10.9	1
1350.8648983892847	0.2	5.5	1
1367.7649423964288	0.2	4.9	1
1385.8024644000002	0.6	11.1	1
1402.8649864035717	0.6	10.5	1
1419.9275084071433	0.6	10.5	1
1428.2150304107147	0.2	5.1	1
1436.8275524142862	0.2	5.3	1
1445.1150744178576	0.2	5.1	1
1454.0525964214291	0.2	5.5	1
1462.9901184250007	0.2	5.5	1
1481.5151624321447	0.4	5.9	1
1490.1276844357162	0.2	5.3	1
1507.1902064392877	0.6	10.5	1
1523.9277284428592	0.6	10.3	1
1532.2152504464307	0.2	5.1	1
1541.802772450002	0.4	5.9	1
1568.127816457144	0.6	10.3	1
1576.7403384607155	0.2	5.3	1
1584.702860464287	0.2	4.9	1
1601.4403824678584	0.6	10.3	1
1635.2404264750019	0.6	10.5	1
1643.8529484785734	0.2	5.3	1
1670.5029924857167	0.6	11.1	1
1687.2405144892882	0.6	10.3	1
1705.2780364928597	0.6	11.1	1
1732.2530805000024	0.2	5.5	1
1740.2156025035738	0.2	4.9	1
1765.8906465107157	0.6	10.9	1
1774.5031685142872	0.2	5.3	1
1792.2156905178585	0.6	10.9	1
1818.5407345250005	0.2	5.3	1
1835.9282565285719	0.6	10.7	1
1845.5157785321433	0.4	5.9	1
1864.6908225392851	0.4	5.9	1
1873.3033445428566	0.2	5.3	1
1882.2408665464282	0.2	5.5	1
1890.8533885499996	0.2	5.3	1
1899.7909105535712	0.2	5.5	1
1917.3409545607153	0.2	5.3	1
1934.7284765642867	0.6	10.7	1
1943.015998567858	0.2	5.1	1
1968.6910425750007	0.6	10.7	1
1986.078564578572	0.6	10.7	1
2020.2036085857133	0.6	10.3	1
2028.1661305892846	0.2	4.9	1
2045.878652592856	0.6	10.9	1
2054.1661745964275	0.2	5.1	1
2063.103696599999	0.2	5.5	1
2080.16621860357	0.6	10.5	1
2089.1037406071414	0.2	5.5	1
2106.3287846142853	0.2	5.1	1
2123.716306617857	0.6	10.7	1
2132.003828621428	0.2	5.1	1
2140.9413506249994	0.2	5.5	1
2149.2288726285706	0.2	5.1	1
2165.966394632142	0.6	10.3	1
2199.4414386392855	0.6	10.3	1
2208.378960642857	0.2	5.5	1
2226.904004650001	0.4	5.9	1
2234.8665266535722	0.2	4.9	1
2250.791570660714	0.2	4.9	1
2275.0041366714263	0.2	5.1	1
2283.616658674998	0.2	5.3	1
2292.554180678569	0.2	5.5	1
2300.5167026821405	0.2	4.9	1
2318.0667466892824	0.4	5.9	1
2335.454268692854	0.6	10.7	1
2352.5167906964252	0.6	10.5	1
2387.2918347035693	0.6	10.9	1
2404.029356707141	0.6	10.3	1
2429.379400714284	0.2	5.3	1
2446.766922717856	0.6	10.7	1
2464.1544447214274	0.6	10.7	1
2499.5794887285683	0.6	11.1	1
2517.2920107321397	0.6	10.9	1
2551.7420547392817	0.6	10.3	1
2568.479576742853	0.6	10.3	1
2576.4420987464246	0.2	4.9	1
2602.1171427535664	0.6	10.9	1
2620.1546647571377	0.6	11.1	1
2628.117186760709	0.2	4.9	1
2637.7047087642804	0.4	5.9	1
2645.667230767852	0.2	4.9	1
2662.5672747749936	0.2	5.5	1
2679.304796778565	0.6	10.3	1
2713.4298407857086	0.6	10.7	1
2731.14236278928	0.6	10.9	1
2740.0798847928513	0.2	5.5	1
2757.467406796423	0.6	10.7	1
