8.561360326984126	0.2	5.5	1
17.744942876190475	0.4	5.9	1
35.017414314285716	0.6	11.1	1
51.35655241904762	0.6	10.5	1
68.62902385714285	0.6	11.1	1
103.17396673333327	0.6	11.1	1
111.42421594920629	0.2	5.3	1
128.38557627619042	0.6	10.9	1
144.72471438095232	0.6	10.5	1
152.97496359682535	0.2	5.3	1
160.91410170158724	0.2	5.1	1
185.81460013333307	0.6	10.9	1
202.7759604603172	0.6	10.9	1
211.02620967619023	0.2	5.3	1
227.21559699682496	0.2	5.1	1
234.84362399047575	0.2	4.9	1
251.80498431745988	0.6	10.9	1
277.0165938603174	0.2	5.3	1
285.2668430761904	0.2	5.3	1
301.6059811809523	0.6	10.5	1
309.2340081746031	0.2	4.9	1
317.79536850158723	0.2	5.5	1
326.04561771746023	0.2	5.3	1
341.92389392698385	0.2	4.9	1
350.17414314285685	0.2	5.3	1
359.3577256920632	0.4	5.9	1
385.5026685682544	0.6	10.9	1
402.4640288952385	0.6	10.9	1
419.11427811111156	0.6	10.7	1
436.3867495492068	0.6	11.1	1
444.6369987650798	0.2	5.3	1
461.90947020317503	0.6	11.1	1
478.24860830793693	0.6	10.5	1
494.58774641269883	0.6	10.5	1
503.14910673968296	0.2	5.5	1
527.7384940603187	0.6	10.3	1
545.010965498414	0.6	11.1	1
553.261214714287	0.2	5.3	1
562.4447972634933	0.4	5.9	1
570.0728242571441	0.2	4.9	1
586.411962361906	0.6	10.5	1
603.6844338000012	0.6	11.1	1
612.8680163492076	0.4	5.9	1
621.1182655650806	0.2	5.3	1
637.4574036698425	0.6	10.5	1
645.3965417746044	0.2	5.1	1
661.7356798793663	0.6	10.5	1
669.9859290952394	0.2	5.3	1
686.6361783111124	0.6	10.7	1
703.5975386380966	0.6	10.9	1
737.5202592920634	0.6	10.9	1
754.1705085079365	0.6	10.7	1
763.3540910571428	0.4	5.9	1
779.6932291619047	0.6	10.5	1
787.6323672666666	0.2	5.1	1
804.2826164825397	0.6	10.7	1
821.2439768095238	0.6	10.9	1
838.205337136508	0.6	10.9	1
854.5444752412699	0.6	10.5	1
887.222751450794	0.6	10.5	1
904.1841117777782	0.6	10.9	1
921.1454721047623	0.6	10.9	1
938.4179435428575	0.6	11.1	1
955.0681927587306	0.6	10.7	1
972.0295530857147	0.6	10.9	1
988.6798023015878	0.6	10.7	1
996.3078292952385	0.2	4.9	1
1013.2691896222227	0.6	10.9	1
1038.4807991650785	0.2	5.3	1
1054.8199372698405	0.6	10.5	1
1063.0701864857135	0.2	5.3	1
1079.4093245904755	0.6	10.5	1
1096.6817960285707	0.6	11.1	1
1113.6431563555548	0.6	10.9	1
1130.2934055714277	0.6	10.7	1
1164.2161262253953	0.6	11.1	1
1180.8663754412682	0.6	10.7	1
1197.5166246571412	0.6	10.7	1
1231.4393453111088	0.6	11.1	1
1248.711816749204	0.6	11.1	1
1265.050954853966	0.6	10.5	1
1274.2345374031725	0.4	5.9	1
1290.5736755079345	0.6	10.5	1
1299.1350358349187	0.2	5.5	1
1315.7852850507916	0.6	10.7	1
1333.0577564888868	0.6	11.1	1
1340.9968945936487	0.2	5.1	1
1348.9360326984106	0.2	5.1	1
1365.2751708031726	0.6	10.5	1
1374.458753352379	0.4	5.9	1
1391.420113679363	0.6	10.9	1
1407.448140673014	0.6	10.3	1
1424.098389888887	0.6	10.7	1
1433.2819724380934	0.4	5.9	1
1449.3099994317442	0.6	10.3	1
1458.4935819809507	0.4	5.9	1
1484.016302634918	0.6	10.5	1
1500.977662961902	0.6	10.9	1
1527.1226058380912	0.4	5.9	1
1543.4617439428532	0.6	10.5	1
1552.0231042698374	0.2	5.5	1
1560.5844645968216	0.2	5.5	1
1568.8347138126946	0.2	5.3	1
1584.8627408063455	0.6	10.3	1
1593.1129900222186	0.2	5.3	1
1610.0743503492026	0.6	10.9	1
1627.3468217872978	0.6	11.1	1
1661.5806535523784	0.6	10.9	1
1670.1420138793626	0.2	5.5	1
1678.7033742063468	0.2	5.5	1
1686.3314011999976	0.2	4.9	1
1702.9816504158705	0.6	10.7	1
1711.5430107428547	0.2	5.5	1
1719.7932599587277	0.2	5.3	1
1736.1323980634897	0.6	10.5	1
1752.4715361682518	0.6	10.5	1
1768.8106742730138	0.6	10.5	1
1776.7498123777757	0.2	5.1	1
1800.7169774761874	0.6	10.3	1
1808.6561155809493	0.2	5.1	1
1825.6174759079333	0.6	10.9	1
1859.8513076730112	0.6	11.1	1
1876.1904457777732	0.6	10.5	1
1900.1576108761863	0.2	4.9	1
1908.4078600920593	0.2	5.3	1
1933.619469634918	0.6	10.9	1
1950.269718850791	0.6	10.7	1
1983.2591061714254	0.6	10.5	1
1990.8871331650762	0.2	4.9	1
2007.2262712698382	0.6	10.5	1
2024.1876315968223	0.6	10.9	1
2058.110352250789	0.6	10.9	1
2067.2939347999954	0.4	5.9	1
2084.2552951269795	0.6	10.9	1
2100.28332212063	0.6	10.3	1
2124.561598330155	0.2	5.3	1
2132.811847546028	0.2	5.3	1
2157.7123459777754	0.6	10.7	1
2174.9848174158706	0.6	11.1	1
2208.2853158476178	0.6	10.3	1
2224.9355650634907	0.6	10.7	1
2241.2747031682525	0.6	10.5	1
2248.9027301619035	0.2	4.9	1
2273.181006371427	0.6	10.7	1
2289.5201444761888	0.6	10.5	1
2297.7703936920616	0.2	5.3	1
2314.58200323492	0.2	5.5	1
2348.3549731047638	0.6	10.9	1
2356.9163334317477	0.2	5.5	1
2382.7501651968278	0.6	11.1	1
2416.2120239555597	0.2	4.9	1
2466.946354152387	0.6	11.1	1
2483.59660336826	0.6	10.7	1
2499.6246303619105	0.6	10.3	1
2523.9029065714353	0.2	5.3	1
2532.153155787308	0.2	5.3	1
2549.114516114292	0.6	10.9	1
2574.0150145460366	0.2	5.1	1
2581.9541526507983	0.2	5.1	1
2598.454651082543	0.2	5.5	1
2614.4826780761937	0.6	10.3	1
2631.755149514289	0.6	11.1	1
2647.7831765079395	0.6	10.3	1
2672.994786050794	0.4	5.9	1
2689.956146377778	0.6	10.9	1
2706.917506704762	0.6	10.9	1
2715.478867031746	0.2	5.5	1
2741.0015876857115	0.6	10.9	1
2757.3407257904732	0.6	10.5	1
2765.279863895235	0.2	5.1	1
2773.2190019999966	0.2	5.1	1
2781.1581401047583	0.2	5.1	1
2796.72530520317	0.2	4.9	1
2813.686665530154	0.6	10.9	1
2846.9871639618987	0.6	10.5	1
2854.9263020666604	0.2	5.1	1
2871.265440171422	0.6	10.5	1
2896.7881608253906	0.4	5.9	1
2939.583352917457	0.6	11.1	1
2948.144713244441	0.2	5.5	1
2956.706073571425	0.2	5.5	1
2965.889656120631	0.4	5.9	1
2984.2568212190463	0.4	5.9	1
2992.507070434919	0.2	5.3	1
3000.757319650792	0.2	5.3	1
3008.6964577555536	0.2	5.1	1
3033.2858450761873	0.6	10.7	1
3065.5032593904753	0.2	4.9	1
3073.753508606348	0.2	5.3	1
3082.314868933332	0.2	5.5	1
3090.2540070380937	0.2	5.1	1
3106.5931451428555	0.6	10.5	1
