14.005804771428572	0.6	10.5	1
28.811609542857145	0.6	11.1	1
42.55074764761905	0.6	10.3	1
64.16235719047616	0.4	5.9	1
78.16816196190473	0.6	10.5	1
85.50730006666663	0.2	5.5	1
107.11890960952388	0.6	10.7	1
121.65804771428579	0.6	10.9	1
128.1971858190477	0.2	4.9	1
142.7363239238096	0.6	10.9	1
157.27546202857152	0.6	10.9	1
164.34793346666677	0.2	5.3	1
178.08707157142868	0.6	10.3	1
184.89287634285725	0.2	5.1	1
199.1653477809525	0.6	10.7	1
213.7044858857144	0.6	10.9	1
221.0436239904763	0.2	5.5	1
235.58276209523822	0.6	10.9	1
257.4610383047622	0.2	5.5	1
264.53350974285746	0.2	5.3	1
271.07264784761935	0.2	4.9	1
285.3451192857146	0.6	10.7	1
292.41759072380984	0.2	5.3	1
313.7625336	0.6	10.7	1
327.76833837142857	0.6	10.5	1
341.5074764761905	0.6	10.3	1
356.0466145809524	0.6	10.9	1
363.3857526857143	0.2	5.5	1
370.7248907904762	0.2	5.5	1
377.5306955619048	0.2	5.1	1
384.8698336666667	0.2	5.5	1
398.8756384380953	0.6	10.5	1
406.74810987619054	0.4	5.9	1
414.08724798095244	0.2	5.5	1
420.89305275238104	0.2	5.1	1
427.69885752380964	0.2	5.1	1
441.84380040000093	0.2	5.5	1
456.11627183809617	0.6	10.7	1
470.12207660952475	0.6	10.5	1
484.66121471428664	0.6	10.9	1
498.66701948571523	0.6	10.5	1
512.4061575904772	0.6	10.3	1
526.4119623619057	0.6	10.5	1
540.9511004666676	0.6	10.9	1
548.0235719047629	0.2	5.3	1
554.5627100095248	0.2	4.9	1
561.9018481142867	0.2	5.5	1
569.7743195523819	0.4	5.9	1
576.3134576571439	0.2	4.9	1
591.1192624285725	0.6	11.1	1
597.6584005333344	0.2	4.9	1
611.3975386380963	0.6	10.3	1
626.2033434095249	0.6	11.1	1
639.9424815142868	0.6	10.3	1
667.4207577238124	0.6	10.3	1
675.2932291619076	0.4	5.9	1
683.1657006000028	0.4	5.9	1
696.9048387047646	0.6	10.3	1
725.1831149142903	0.6	10.9	1
733.0555863523855	0.4	5.9	1
747.5947244571474	0.6	10.9	1
755.4671958952426	0.4	5.9	1
777.3454721047663	0.6	10.5	1
807.0962197523867	0.4	5.9	1
814.4353578571486	0.2	5.5	1
836.3136340666728	0.6	10.9	1
851.1194388381014	0.6	11.1	1
865.6585769428633	0.6	10.9	1
887.2701864857215	0.2	5.3	1
901.27599125715	0.6	10.5	1
923.1542674666754	0.4	5.9	1
929.6934055714373	0.2	4.9	1
937.0325436761992	0.2	5.5	1
944.1050151142945	0.2	5.3	1
950.6441532190564	0.2	4.9	1
964.2557627619146	0.2	5.3	1
977.9949008666765	0.6	10.3	1
998.2731770762022	0.2	4.9	1
1004.8123151809641	0.2	4.9	1
1019.6181199523927	0.6	11.1	1
1033.3572580571547	0.6	10.3	1
1047.3630628285832	0.6	10.5	1
1054.7022009333452	0.2	5.5	1
1068.9746723714404	0.6	10.7	1
1075.780477142869	0.2	5.1	1
1089.7862819142974	0.6	10.5	1
1104.0587533523926	0.6	10.7	1
1132.870362895251	0.6	10.9	1
1147.6761676666795	0.6	11.1	1
1176.754443876204	0.6	10.7	1
1191.5602486476325	0.6	11.1	1
1205.8327200857277	0.6	10.7	1
1219.8385248571562	0.6	10.5	1
1233.5776629619181	0.6	10.3	1
1240.6501344000133	0.2	5.3	1
1261.7284106095376	0.6	10.5	1
1269.0675487142996	0.2	5.5	1
1283.479158257157	0.2	5.3	1
1304.9632392381102	0.2	5.3	1
1318.702377342872	0.6	10.3	1
1338.9806535523976	0.2	4.9	1
1353.5197916571594	0.6	10.9	1
1361.3922630952547	0.4	5.9	1
1375.1314012000166	0.6	10.3	1
1389.6705393047785	0.6	10.9	1
1419.01548218097	0.6	11.1	1
1426.354620285732	0.2	5.5	1
1441.0328964952562	0.2	5.5	1
1448.3720346000182	0.2	5.5	1
1462.516977476209	0.2	5.1	1
1469.589448914304	0.2	5.3	1
1476.928587019066	0.2	5.5	1
1483.7343917904946	0.2	5.1	1
1497.740196561923	0.6	10.5	1
1505.6126680000184	0.4	5.9	1
1520.0242775428753	0.2	4.9	1
1527.0967489809705	0.2	5.3	1
1541.102553752399	0.6	10.5	1
1554.8416918571609	0.6	10.3	1
1583.1199680666864	0.6	10.9	1
1589.9257728381149	0.2	5.1	1
1611.270715714306	0.6	10.9	1
1618.3431871524012	0.2	5.3	1
1632.754796695259	0.2	5.5	1
1639.293934800021	0.2	4.9	1
1653.172211009546	0.2	5.5	1
1667.7113491143077	0.6	10.9	1
1681.7171538857363	0.6	10.5	1
1696.5229586571647	0.6	11.1	1
1703.0620967619266	0.2	4.9	1
1717.067901533355	0.6	10.5	1
1737.8795110762137	0.2	5.1	1
1752.1519825143089	0.6	10.7	1
1772.9635920571673	0.2	4.9	1
1787.2360634952624	0.6	10.7	1
1809.3810063714543	0.4	5.9	1
1823.6534778095495	0.6	10.7	1
1830.7259492476446	0.2	5.3	1
1837.7984206857398	0.2	5.3	1
1851.676696895264	0.2	5.1	1
1866.4825016666925	0.6	11.1	1
1880.7549731047877	0.6	10.7	1
1909.2999159809794	0.6	10.7	1
1923.5723874190746	0.6	10.7	1
1945.1839969619332	0.2	5.5	1
1959.9898017333617	0.6	11.1	1
1988.534744609553	0.6	10.3	1
2024.418825590508	0.2	5.5	1
2038.4246303619366	0.6	10.5	1
2044.9637684666984	0.2	4.9	1
2059.236239904794	0.6	10.7	1
2072.9753780095557	0.6	10.3	1
2080.847849447651	0.4	5.9	1
2102.992792323841	0.6	10.7	1
2109.531930428603	0.2	4.9	1
2116.071068533365	0.2	4.9	1
2130.4826780762232	0.4	5.9	1
2151.70009239051	0.2	5.1	1
2158.239230495272	0.2	4.9	1
2164.778368600034	0.2	4.9	1
2185.856644809559	0.6	10.9	1
2200.395782914321	0.6	10.9	1
2214.668254352416	0.6	10.7	1
2235.746530561941	0.2	5.1	1
2250.2856686667033	0.6	10.9	1
2278.563944876228	0.6	10.3	1
2285.10308298099	0.2	4.9	1
2299.642221085752	0.6	10.9	1
2320.9871639619437	0.2	5.1	1
2328.8596354000388	0.4	5.9	1
2344.604578276229	0.4	5.9	1
2358.6103830476577	0.6	10.5	1
2379.15532592385	0.2	4.9	1
2387.027797361945	0.4	5.9	1
2401.9727402381354	0.2	5.3	1
2409.311878342897	0.2	5.5	1
2430.9234878857546	0.6	10.7	1
2445.4626259905167	0.6	10.9	1
2452.268430761945	0.2	5.1	1
2473.6133736381366	0.6	10.9	1
2487.6191784095654	0.6	10.5	1
2515.3641212857574	0.6	10.3	1
2530.169926057186	0.6	11.1	1
2544.1757308286146	0.6	10.5	1
2552.0482022667097	0.4	5.9	1
2573.9264784762336	0.6	10.5	1
2581.2656165809954	0.2	5.5	1
2602.877226123853	0.6	10.7	1
2639.0279737714736	0.6	10.9	1
2688.9178595238573	0.6	10.3	1
2695.4569976286193	0.2	4.9	1
2709.335273838144	0.2	5.5	1
2715.874411942906	0.2	4.9	1
2728.9526881524275	0.2	4.9	1
2742.9584929238563	0.6	10.5	1
2756.697631028618	0.6	10.3	1
2776.975907238144	0.2	4.9	1
2784.848378676239	0.4	5.9	1
2791.9208501143344	0.2	5.3	1
2798.9933215524297	0.2	5.3	1
2813.532459657192	0.6	10.9	1
2820.8715977619536	0.2	5.5	1
2827.677402533382	0.2	5.1	1
2848.2223454095733	0.6	10.3	1
2883.0397597238616	0.6	10.7	1
2897.84556449529	0.6	11.1	1
2919.9905073714813	0.2	5.5	1
2933.729645476243	0.6	10.3	1
2947.468783581005	0.6	10.3	1
2954.007921685767	0.2	4.9	1
2968.2803931238623	0.6	10.7	1
2996.2920026667207	0.6	10.3	1
3010.0311407714826	0.6	10.3	1
3038.3094169810083	0.6	10.9	1
3052.8485550857704	0.6	10.9	1
3081.926831295292	0.6	10.9	1
3118.8775789429055	0.4	5.9	1
3132.6167170476674	0.6	10.3	1
3161.1616599238596	0.6	11.1	1
3168.5007980286214	0.2	5.5	1
3182.912407571479	0.2	5.3	1
3190.2515456762408	0.2	5.5	1
3204.929821885765	0.2	5.5	1
3233.8805695333845	0.6	10.7	1
3277.637121952434	0.6	11.1	1
3291.6429267238627	0.6	10.5	1
3319.654536266718	0.6	10.5	1
3326.19367437148	0.2	4.9	1
3339.2719505810014	0.2	4.9	1
3353.27775535243	0.6	10.5	1
3381.2893648952854	0.6	10.5	1
3395.295169666714	0.6	10.5	1
3402.634307771476	0.2	5.5	1
3424.7792506476667	0.6	11.1	1
3432.1183887524285	0.2	5.5	1
3445.996664961953	0.2	4.9	1
3466.680745942903	0.2	5.1	1
3473.219884047665	0.2	4.9	1
3493.498160257186	0.6	10.3	1
3520.8489079048045	0.2	5.3	1
3534.5880460095664	0.6	10.3	1
3562.866322219092	0.6	10.9	1
3597.9504032000436	0.2	5.1	1
3612.4895413048057	0.6	10.9	1
3633.8344841809935	0.2	5.1	1
3669.9852318286107	0.6	11.1	1
3720.408450914324	0.6	10.7	1
3734.947589019086	0.6	10.9	1
3764.292531895274	0.6	11.1	1
3808.443279542891	0.6	11.1	1
3814.982417647653	0.2	4.9	1
3835.7940271905077	0.6	10.7	1
3849.5331652952696	0.6	10.3	1
3857.4056367333646	0.4	5.9	1
3871.817246276222	0.2	4.9	1
3893.0346605905047	0.2	5.1	1
3928.5245463428837	0.6	10.7	1
3935.597017780979	0.2	5.3	1
3956.9419606571664	0.6	10.7	1
3971.4810987619285	0.6	10.9	1
3986.286903533357	0.6	11.1	1
4000.826041638119	0.6	10.9	1
4015.365179742881	0.6	10.9	1
4036.4434559524025	0.2	4.9	1
4050.1825940571644	0.6	10.3	1
4071.26087026669	0.2	5.5	1
4106.3449512476445	0.6	10.5	1
4120.084089352406	0.6	10.3	1
4134.889894123835	0.6	11.1	1
4149.695698895263	0.6	11.1	1
4156.768170333358	0.2	5.3	1
4164.640641771453	0.4	5.9	1
4179.585584647643	0.2	5.3	1
4194.391389419072	0.6	11.1	1
4216.269665628596	0.2	5.3	1
4231.075470400025	0.6	11.1	1
4238.14794183812	0.2	5.3	1
4252.559551380974	0.2	5.5	1
4260.432022819069	0.4	5.9	1
4282.843632361926	0.6	10.9	1
4318.9943800095425	0.6	10.3	1
4326.333518114305	0.2	5.5	1
4348.211794323829	0.6	10.9	1
4377.429208638113	0.2	5.5	1
4421.452427723825	0.6	11.1	1
4435.724899161921	0.6	10.7	1
4443.597370600016	0.4	5.9	1
4458.136508704778	0.6	10.9	1
4464.67564680954	0.2	4.9	1
4478.287256352394	0.2	5.3	1
4493.093061123823	0.6	11.1	1
4507.898865895251	0.6	11.1	1
4530.043808771443	0.2	5.5	1
4537.116280209538	0.2	5.3	1
4551.527889752392	0.2	5.5	1
4558.600361190487	0.2	5.3	1
4580.211970733341	0.6	10.9	1
4608.629385047621	0.2	5.1	1
4615.701856485716	0.2	5.3	1
4630.113466028571	0.2	5.5	1
4637.985937466666	0.4	5.9	1
4659.597547009523	0.6	10.3	1
4695.748294657144	0.6	10.9	1
4710.020766095239	0.6	10.7	1
4724.0265708666675	0.6	10.5	1
4752.038180409522	0.6	10.5	1
4786.855594723804	0.2	5.1	1
4794.728066161899	0.4	5.9	1
4801.800537599994	0.2	5.3	1
4815.412147142848	0.2	4.9	1
4843.029561457128	0.6	10.5	1
4857.035366228556	0.6	10.5	1
4885.046975771411	0.6	10.5	1
4899.586113876173	0.6	10.9	1
4921.197723419027	0.2	5.3	1
4949.615137733307	0.2	5.1	1
4992.57169015235	0.6	10.9	1
4999.644161590445	0.2	5.3	1
5013.789104466632	0.2	5.3	1
5020.861575904727	0.2	5.3	1
