14.539138104761905	0.6	10.9	1
21.87827620952381	0.2	5.5	1
36.68408098095239	0.6	11.1	1
50.68988575238096	0.6	10.5	1
57.22902385714286	0.2	4.9	1
71.5014952952381	0.6	10.7	1
78.0406334	0.2	4.9	1
92.84643817142857	0.6	11.1	1
114.19138104761896	0.2	4.9	1
149.2754620285714	0.6	10.3	1
163.54793346666665	0.6	10.7	1
170.6204049047619	0.2	5.3	1
177.9595430095238	0.2	5.5	1
192.1044858857146	0.2	5.1	1
199.4436239904765	0.2	5.5	1
213.4494287619051	0.6	10.5	1
227.988566866667	0.6	10.9	1
234.52770497142893	0.2	4.9	1
249.06684307619085	0.6	10.9	1
256.9393145142861	0.4	5.9	1
263.47845261904797	0.2	4.9	1
270.28425739047657	0.2	5.1	1
290.82920026666784	0.6	10.3	1
325.113281247621	0.6	10.3	1
332.98575268571625	0.4	5.9	1
340.8582241238115	0.4	5.9	1
348.73069556190677	0.4	5.9	1
356.06983366666867	0.2	5.5	1
363.1423051047639	0.2	5.3	1
376.88144320952586	0.6	10.3	1
384.7539146476211	0.4	5.9	1
391.5597194190497	0.2	5.1	1
405.29885752381165	0.6	10.3	1
419.30466229524023	0.6	10.5	1
427.1771337333355	0.4	5.9	1
434.24960517143074	0.2	5.3	1
448.25540994285933	0.6	10.5	1
463.0612147142879	0.6	11.1	1
484.67282425714586	0.2	5.1	1
498.41196236190774	0.6	10.3	1
512.4177671333363	0.6	10.5	1
519.4902385714315	0.2	5.3	1
533.9018481142892	0.2	5.5	1
548.1743195523845	0.6	10.7	1
562.7134576571465	0.6	10.9	1
570.0525957619084	0.2	5.5	1
576.858400533337	0.2	5.1	1
598.470010076195	0.6	11.1	1
612.2091481809568	0.6	10.3	1
619.0149529523854	0.2	5.1	1
633.820757723814	0.6	11.1	1
640.8932291619093	0.2	5.3	1
648.7657006000045	0.4	5.9	1
663.5715053714331	0.6	11.1	1
678.110643476195	0.6	10.9	1
685.9831149142902	0.4	5.9	1
707.5947244571472	0.6	10.3	1
714.6671958952425	0.2	5.3	1
736.5454721047669	0.6	11.1	1
744.4179435428621	0.4	5.9	1
751.2237483142907	0.2	5.1	1
765.7628864190526	0.6	10.9	1
779.7686911904811	0.6	10.5	1
793.7744959619097	0.6	10.5	1
800.8469674000049	0.2	5.3	1
808.7194388381001	0.4	5.9	1
815.7919102761954	0.2	5.3	1
822.8643817142906	0.2	5.3	1
829.6701864857192	0.2	5.1	1
837.0093245904811	0.2	5.5	1
844.8817960285763	0.4	5.9	1
852.2209341333382	0.2	5.5	1
859.0267389047668	0.2	5.1	1
873.8325436761954	0.6	11.1	1
880.638348447624	0.2	5.1	1
887.9774865523859	0.2	5.5	1
902.2499579904811	0.6	10.7	1
923.8615675333396	0.2	5.5	1
931.2007056381015	0.2	5.5	1
938.5398437428634	0.2	5.5	1
953.345648514292	0.6	11.1	1
975.2239247238166	0.2	5.3	1
983.0963961619118	0.4	5.9	1
1005.2413390381021	0.6	10.7	1
1012.3138104761973	0.2	5.3	1
1033.925420019055	0.6	10.9	1
1047.664558123817	0.6	10.3	1
1075.4095010000092	0.6	10.5	1
1081.948639104771	0.2	4.9	1
1102.7602486476292	0.6	10.7	1
1117.5660534190577	0.6	11.1	1
1124.6385248571528	0.2	5.3	1
1139.4443296285813	0.6	11.1	1
1146.7834677333433	0.2	5.5	1
1154.6559391714386	0.4	5.9	1
1169.6008820476288	0.2	5.3	1
1183.6066868190574	0.6	10.5	1
1197.3458249238192	0.6	10.3	1
1217.6241011333448	0.2	4.9	1
1244.4415154476333	0.2	4.9	1
1259.2473202190617	0.6	11.1	1
1272.9864583238236	0.6	10.3	1
1279.792263095252	0.2	5.1	1
1293.9372059714435	0.2	5.5	1
1301.2763440762055	0.2	5.5	1
1315.687953619063	0.2	5.3	1
1323.027091723825	0.2	5.5	1
1330.09956316192	0.2	5.3	1
1344.638701266682	0.6	10.9	1
1351.711172704777	0.2	5.3	1
1359.5836441428723	0.4	5.9	1
1373.3227822476342	0.6	10.3	1
1381.1952536857295	0.4	5.9	1
1394.9343917904914	0.6	10.3	1
1409.74019656192	0.6	11.1	1
1432.4184727714446	0.4	5.9	1
1446.1576108762065	0.6	10.3	1
1467.7692204190655	0.4	5.9	1
1482.3083585238273	0.6	10.9	1
1490.1808299619227	0.4	5.9	1
1497.2533014000178	0.2	5.3	1
1504.5924395047798	0.2	5.5	1
1511.9315776095418	0.2	5.5	1
1533.809853819066	0.6	10.9	1
1541.148991923828	0.2	5.5	1
1555.6881300285897	0.6	10.9	1
1563.560601466685	0.4	5.9	1
1570.6330729047802	0.2	5.3	1
1584.2446824476378	0.2	4.9	1
1605.728763428592	0.4	5.9	1
1613.6012348666873	0.4	5.9	1
1627.8737063047824	0.6	10.7	1
1635.2128444095445	0.2	5.5	1
1642.018649180973	0.2	5.1	1
1649.8911206190683	0.4	5.9	1
1664.43025872383	0.6	10.9	1
1686.8418682666884	0.4	5.9	1
1701.6476730381169	0.6	11.1	1
1715.3868111428787	0.6	10.3	1
1743.131754019071	0.6	10.5	1
1750.470892123833	0.2	5.5	1
1772.349168333357	0.6	10.9	1
1786.3549731047856	0.6	10.5	1
1800.0941112095475	0.6	10.3	1
1807.1665826476426	0.2	5.3	1
1821.1723874190711	0.6	10.5	1
1829.0448588571664	0.4	5.9	1
1851.72313506669	0.6	11.1	1
1865.462273171452	0.6	10.3	1
1872.534744609547	0.2	5.3	1
1886.5405493809756	0.6	10.5	1
1893.0796874857374	0.2	4.9	1
1899.8854922571659	0.2	5.1	1
1921.4971018000238	0.6	11.1	1
1928.8362399047858	0.2	5.5	1
1943.3753780095476	0.6	10.9	1
1957.3811827809761	0.6	10.5	1
1985.1261256571681	0.6	10.3	1
1999.9319304285966	0.6	11.1	1
2007.2710685333586	0.2	5.5	1
2022.4826780762162	0.4	5.9	1
2036.7551495143114	0.6	10.7	1
2065.3000923905033	0.6	10.7	1
2100.650840038125	0.2	5.1	1
2108.52331147622	0.4	5.9	1
2115.862449580982	0.2	5.5	1
2129.8682543524105	0.6	10.5	1
2150.4131972286027	0.2	4.9	1
2164.1523353333646	0.6	10.3	1
2191.63061154289	0.6	10.3	1
2233.3813591905127	0.6	10.7	1
2240.7204972952745	0.2	5.5	1
2255.2596354000366	0.6	10.9	1
2263.1321068381317	0.4	5.9	1
2271.0045782762268	0.4	5.9	1
2285.8103830476553	0.6	11.1	1
2307.1553259238467	0.2	4.9	1
2321.961130695275	0.6	11.1	1
2336.5002688000372	0.6	10.9	1
2357.5785450095586	0.2	4.9	1
2372.384349780987	0.6	11.1	1
2401.4626259905117	0.6	10.7	1
2415.2017640952736	0.6	10.3	1
2429.7409022000356	0.6	10.9	1
2437.0800403047974	0.2	5.5	1
2451.6191784095595	0.6	10.9	1
2472.9641212857473	0.2	5.1	1
2479.5032593905094	0.2	4.9	1
2499.7815356000306	0.6	10.3	1
2514.0540070381257	0.6	10.7	1
2528.593145142888	0.6	10.9	1
2550.2047546857425	0.2	5.3	1
2563.9438927905044	0.6	10.3	1
2585.02216900003	0.2	5.5	1
2620.639583314318	0.6	10.9	1
2634.912054752413	0.6	10.7	1
2641.451192857175	0.2	4.9	1
2647.990330961937	0.2	4.9	1
2662.529469066699	0.6	10.9	1
2669.6019405047946	0.2	5.3	1
2690.6802167143155	0.6	10.5	1
2698.0193548190773	0.2	5.5	1
2711.758492923839	0.6	10.3	1
2718.2976310286012	0.2	4.9	1
2732.1759072381224	0.2	5.5	1
2746.181712009551	0.6	10.5	1
2774.459988219073	0.6	10.7	1
2809.810735866691	0.2	5.3	1
2824.6165406381197	0.6	11.1	1
2846.4948168476444	0.2	5.3	1
2882.912231161928	0.6	10.9	1
2934.1354502476374	0.6	11.1	1
2940.6745883523995	0.2	4.9	1
2948.5470597904946	0.4	5.9	1
2962.2861978952565	0.6	10.3	1
2989.764474104782	0.6	10.3	1
3024.048555085738	0.2	5.1	1
3072.8717741714568	0.6	10.9	1
3079.6775789428852	0.2	5.1	1
3093.289188485743	0.2	5.1	1
3099.828326590505	0.2	4.9	1
3114.6341313619337	0.6	11.1	1
3136.5124075714584	0.2	5.3	1
3150.2515456762203	0.6	10.3	1
3177.729821885746	0.6	10.3	1
3191.4689599905078	0.6	10.3	1
3206.00809809527	0.6	10.9	1
3227.886374304791	0.2	5.5	1
3264.3037886190746	0.6	10.9	1
3307.2603410381175	0.2	4.9	1
3314.332812476213	0.2	5.3	1
3328.2110886857336	0.2	5.1	1
3349.428503000017	0.2	5.5	1
3356.2343077714454	0.2	5.1	1
3369.579250647637	0.2	4.9	1
3389.4633316285876	0.2	4.9	1
3404.0024697333497	0.6	10.9	1
3418.5416078381118	0.6	10.9	1
3439.8865507142996	0.2	5.1	1
3447.2256888190614	0.2	5.5	1
3469.370631695252	0.6	11.1	1
3506.321379342872	0.6	11.1	1
3513.1271841143007	0.2	5.1	1
3520.999655552396	0.4	5.9	1
3536.2112650952527	0.2	5.5	1
3566.2286794095385	0.6	11.1	1
3580.5011508476337	0.6	10.7	1
3602.112760390492	0.2	5.5	1
3609.985231828587	0.4	5.9	1
3617.324369933349	0.2	5.5	1
3638.9359794762063	0.6	10.7	1
3667.3533937904936	0.2	5.1	1
3674.425865228589	0.2	5.3	1
3680.965003333351	0.2	4.9	1
3695.237474771446	0.6	10.7	1
3716.582417647638	0.2	5.3	1
3744.999831961922	0.2	5.3	1
3780.756384380965	0.2	5.5	1
3787.82885581906	0.2	5.3	1
3808.907132028581	0.6	10.5	1
3843.7245463428617	0.6	10.3	1
3886.414432095239	0.4	5.9	1
3893.4869035333345	0.2	5.3	1
3914.5651797428554	0.6	10.5	1
3949.649260723803	0.6	10.5	1
3992.07247980951	0.2	5.5	1
3999.4116179142716	0.2	5.5	1
4014.0898941237956	0.2	5.5	1
4043.5739751047486	0.6	11.1	1
4050.9131132095104	0.2	5.5	1
4071.9913894190345	0.6	10.3	1
4107.608803733322	0.6	10.9	1
4157.498689485703	0.6	10.7	1
4164.037827590465	0.2	4.9	1
4185.382770466653	0.6	11.1	1
4213.800184780936	0.2	5.3	1
4220.605989552365	0.2	5.1	1
4233.950932428556	0.2	4.9	1
4261.568346742841	0.6	10.7	1
4275.307484847603	0.6	10.3	1
4296.119094390461	0.2	5.3	1
4303.991565828556	0.4	5.9	1
4318.936508704746	0.2	5.3	1
4341.220589685696	0.2	5.5	1
4349.093061123791	0.4	5.9	1
4363.7713373333145	0.2	5.1	1
4370.577142104743	0.2	5.1	1
4385.255418314267	0.4	5.9	1
4414.73949929522	0.6	11.1	1
4457.962718380936	0.6	10.3	1
4465.035189819031	0.2	5.3	1
4478.646799361885	0.2	4.9	1
4485.452604133314	0.2	5.1	1
4499.597547009505	0.2	5.5	1
4527.748294657125	0.6	10.5	1
4562.438180409506	0.2	4.9	1
4568.977318514268	0.2	4.9	1
4583.388928057122	0.4	5.9	1
4597.128066161884	0.6	10.3	1
4617.673009038076	0.2	5.1	1
4645.557090019031	0.2	5.5	1
4653.4295614571265	0.4	5.9	1
4668.235366228555	0.6	11.1	1
4696.780309104746	0.6	10.3	1
4739.597723419035	0.6	10.7	1
4746.936861523797	0.2	5.5	1
4769.081804399988	0.6	11.1	1
4805.232552047608	0.6	10.5	1
4855.655771133322	0.6	10.7	1
