37.4538109	0.6	10.7	1
95.56143270000001	0.4	5.9	1
116.21524360000001	0.4	5.9	1
134.0690545	0.2	5.1	1
170.1228654	0.6	10.3	1
208.9766763	0.6	11.1	1
286.6842981000001	0.6	11.1	1
305.9381090000001	0.2	5.5	1
323.7919199000001	0.2	5.1	1
343.0457308000001	0.2	5.5	1
360.8995417000001	0.2	5.1	1
397.6533526000001	0.6	10.5	1
472.56097439999985	0.6	10.9	1
508.6147852999999	0.6	10.3	1
527.1685961999999	0.2	5.3	1
581.7762179999999	0.6	10.3	1
599.6300288999998	0.2	5.1	1
635.3376506999999	0.2	5.1	1
653.1914615999999	0.2	5.1	1
673.8452725	0.4	5.9	1
732.6528942999994	0.6	10.9	1
770.1067051999994	0.6	10.7	1
806.8605160999994	0.6	10.5	1
845.0143269999994	0.6	10.9	1
882.4681378999994	0.6	10.7	1
900.3219487999994	0.2	5.1	1
937.0757596999994	0.6	10.5	1
956.3295705999993	0.2	5.5	1
975.5833814999993	0.2	5.5	1
993.4371923999993	0.2	5.1	1
1029.4910032999992	0.6	10.3	1
1046.6448141999992	0.2	4.9	1
1065.1986250999992	0.2	5.3	1
1104.0524359999993	0.6	11.1	1
1124.7062468999993	0.4	5.9	1
1162.8600577999994	0.6	10.9	1
1198.9138686999993	0.6	10.3	1
1235.6676795999992	0.6	10.5	1
1253.5214904999993	0.2	5.1	1
1289.5753013999993	0.6	10.3	1
1306.7291122999993	0.2	4.9	1
1324.5829231999994	0.2	5.1	1
1363.4367340999995	0.6	11.1	1
