18.553810900000002	0.2	5.3	1
37.107621800000004	0.2	5.3	1
93.81524360000003	0.6	10.9	1
112.36905450000003	0.2	5.3	1
169.07667630000006	0.6	10.9	1
188.33048720000005	0.2	5.5	1
226.83810900000003	0.2	5.5	1
284.5995417	0.2	5.5	1
303.8533526	0.2	5.5	1
342.7071635	0.6	11.1	1
378.7609744	0.6	10.3	1
416.2147853	0.6	10.7	1
490.42240709999953	0.6	10.5	1
527.8762179999995	0.6	10.7	1
566.7300288999995	0.6	11.1	1
585.2838397999996	0.2	5.3	1
605.9376506999996	0.4	5.9	1
664.0452724999999	0.6	10.7	1
683.2990833999999	0.2	5.5	1
720.7528942999999	0.6	10.7	1
739.3067051999999	0.2	5.3	1
778.1605160999999	0.6	11.1	1
816.3143269999998	0.6	10.9	1
853.0681378999998	0.6	10.5	1
889.1219487999998	0.6	10.3	1
926.5757596999998	0.6	10.7	1
965.4295705999998	0.6	11.1	1
1003.5833814999999	0.6	10.9	1
1041.0371923999999	0.6	10.7	1
1077.0910032999998	0.6	10.3	1
1151.2986251000007	0.6	10.9	1
1187.3524360000006	0.6	10.3	1
1223.4062469000005	0.6	10.3	1
1261.5600578000005	0.6	10.9	1
1280.1138687000005	0.2	5.3	1
1299.3676796000004	0.2	5.5	1
1320.0214905000005	0.4	5.9	1
1359.2291122999998	0.2	5.3	1
1376.3829231999998	0.2	4.9	1
1393.5367340999999	0.2	4.9	1
1411.390545	0.2	5.1	1
1430.6443559	0.2	5.5	1
1469.4981668	0.6	11.1	1
