15.906722957142858	0.2	5.3	1
30.613445914285716	0.2	4.9	1
61.52016887142858	0.6	10.3	1
77.42689182857144	0.2	5.3	1
109.53361478571429	0.6	10.7	1
140.44033774285714	0.6	10.3	1
156.9470607	0.2	5.5	1
189.65378365714287	0.6	10.9	1
221.16050661428574	0.6	10.5	1
253.8672295714286	0.6	10.9	1
285.97395252857143	0.6	10.7	1
318.6806754857143	0.6	10.9	1
350.18739844285716	0.6	10.5	1
367.8941214	0.4	5.9	1
398.80084435714286	0.6	10.3	1
414.10756731428575	0.2	5.1	1
446.2142902714286	0.6	10.7	1
477.1210132285714	0.6	10.3	1
509.8277361857143	0.6	10.9	1
542.5344591428571	0.6	10.9	1
557.2411821000001	0.2	4.9	1
573.1479050571429	0.2	5.3	1
589.6546280142858	0.2	5.5	1
620.5613509714286	0.6	10.3	1
666.7747968857143	0.2	5.1	1
682.0815198428571	0.2	5.1	1
699.7882428	0.4	5.9	1
732.4949657571428	0.6	10.9	1
749.0016887142857	0.2	5.5	1
765.5084116714286	0.2	5.5	1
781.4151346285714	0.2	5.3	1
814.7218575857142	0.6	11.1	1
881.3353034999996	0.6	11.1	1
963.8554723714274	0.2	5.3	1
979.7621953285702	0.2	5.3	1
997.468918285713	0.4	5.9	1
1012.1756412428558	0.2	4.9	1
1028.0823641999987	0.2	5.3	1
1059.5890871571414	0.6	10.5	1
1090.4958101142843	0.6	10.3	1
1107.002533071427	0.2	5.5	1
1139.7092560285698	0.6	10.9	1
1172.4159789857126	0.6	10.9	1
1222.8294248999975	0.4	5.9	1
1237.5361478571403	0.2	4.9	1
1270.8428708142833	0.6	11.1	1
1286.1495937714262	0.2	5.1	1
1317.056316728569	0.6	10.3	1
1347.963039685712	0.6	10.3	1
1380.0697626428548	0.6	10.7	1
1443.0832085571412	0.6	10.3	1
1458.3899315142842	0.2	5.1	1
1490.496654471427	0.6	10.7	1
1505.80337742857	0.2	5.1	1
