13.073389623809524	0.2	4.9	1
42.68011258095238	0.6	11.1	1
70.1535022047619	0.6	10.3	1
98.16022516190476	0.6	10.5	1
126.70028145238095	0.6	10.7	1
140.3070044095238	0.2	5.1	1
154.98039403333334	0.2	5.5	1
168.5871169904762	0.2	5.1	1
196.59383994761907	0.6	10.5	1
225.13389623809525	0.6	10.7	1
254.7406191952381	0.6	11.1	1
282.74734215238095	0.6	10.5	1
311.2873984428571	0.6	10.7	1
338.76078806666663	0.6	10.3	1
353.43417769047613	0.2	5.5	1
383.04090064761897	0.6	11.1	1
427.32101322857113	0.2	5.5	1
441.99440285238063	0.2	5.5	1
455.06779247619016	0.2	4.9	1
468.674515433333	0.2	5.1	1
496.68123839047587	0.6	10.5	1
524.1546280142854	0.6	10.3	1
553.2280176380949	0.6	10.9	1
580.7014072619045	0.6	10.3	1
593.774796885714	0.2	4.9	1
607.9148531761901	0.2	5.3	1
635.128299090476	0.2	4.9	1
663.1350220476189	0.6	10.5	1
676.2084116714284	0.2	4.9	1
704.2151346285713	0.6	10.5	1
717.8218575857142	0.2	5.1	1
744.5019701666672	0.2	4.9	1
757.5753597904767	0.2	4.9	1
772.2487494142862	0.2	5.5	1
786.9221390380957	0.2	5.5	1
831.2022516190478	0.6	11.1	1
902.9557538238103	0.6	10.3	1
930.4291434476198	0.6	10.3	1
957.9025330714294	0.6	10.3	1
985.9092560285723	0.6	10.5	1
998.9826456523817	0.2	4.9	1
1026.7294249000001	0.2	5.5	1
1055.8028145238097	0.6	10.9	1
1085.4095374809526	0.6	11.1	1
1114.4829271047622	0.6	10.9	1
1144.089650061905	0.6	11.1	1
1172.6297063523814	0.6	10.7	1
1186.2364293095243	0.2	5.1	1
1201.9764856000004	0.4	5.9	1
1231.32326484762	0.2	5.1	1
1245.4633211380963	0.2	5.3	1
1275.0700440952392	0.6	11.1	1
1288.1434337190487	0.2	4.9	1
1302.283490009525	0.2	5.3	1
1331.0969359238109	0.2	5.5	1
1360.7036588809538	0.6	11.1	1
1376.4437151714299	0.4	5.9	1
1404.4504381285726	0.6	10.5	1
1434.0571610857155	0.6	11.1	1
1448.730550709525	0.2	5.5	1
1477.2706070000013	0.6	10.7	1
1506.8773299571442	0.6	11.1	1
1563.9574425380954	0.6	10.3	1
1577.5641654952383	0.2	5.1	1
