315.0	0.96	15.0	1
961.8	0.95	15.8	1
1935.1999999999998	0.88	15.6	1
3213.1	0.93	14.5	1
4896.3	0.78	19.3	1
7024.700000000001	0.7	21.2	1
9501.7	0.86	16.6	1
12310.5	0.9	15.8	1
15459.5	0.91	16.2	1
18990.7	0.82	18.2	1
22891.5	0.84	17.6	1
27094.7	0.97	14.4	1
31673.8	0.82	17.9	1
36570.0	0.94	15.1	1
41873.6	0.78	19.4	1
47475.4	0.95	14.2	1
53465.700000000004	0.85	18.5	1
59764.700000000004	0.95	14.7	1
66450.1	0.8	18.4	1
73500.90000000001	0.82	17.4	1
80996.90000000001	0.71	21.2	1
88824.70000000001	0.89	15.8	1
97001.1	0.89	16.6	1
105593.3	0.76	19.8	1
114603.40000000001	0.78	19.9	1
123926.40000000001	0.93	14.9	1
133610.6	0.84	17.2	1
143708.5	0.73	19.7	1
154131.9	0.91	15.5	1
164878.69999999998	0.97	15.4	1
175959.4	0.9	15.9	1
187344.6	0.96	14.5	1
199095.2	0.85	17.4	1
211202.80000000002	0.85	17.0	1
223802.90000000002	0.65	23.5	1
236898.60000000003	0.63	23.6	1
