26.1625	0.96	16.1	1
75.5625	0.98	14.3	1
149.3375	0.94	15.0	1
247.4875	0.95	15.0	1
366.7375	0.96	13.6	1
509.875	0.94	14.7	1
688.925	0.72	22.1	1
895.5999999999999	0.86	17.0	1
1130.0625	0.87	17.1	1
1397.025	0.76	20.0	1
1700.5500000000002	0.67	22.5	1
2028.2875000000001	0.96	14.9	1
2381.375	0.93	15.6	1
2762.25	0.87	17.1	1
3168.475	0.96	15.6	1
3605.7375	0.76	19.1	1
4067.7000000000003	0.94	15.2	1
4564.6	0.7	21.5	1
5091.400000000001	0.8	18.4	1
5640.137500000001	0.97	13.5	1
6212.275000000001	0.98	14.4	1
6817.725	0.7	20.5	1
7452.425	0.8	18.0	1
8111.6625	0.95	15.1	1
8801.2875	0.81	18.7	1
9516.1	0.9	15.5	1
10256.1	0.96	15.5	1
11027.300000000001	0.8	19.2	1
11830.675000000001	0.76	19.8	1
12658.2625	0.95	14.9	1
13509.575	0.97	14.6	1
14388.025000000001	0.84	16.7	1
15298.812500000002	0.8	19.9	1
16238.362500000001	0.83	17.7	1
17207.975000000002	0.81	18.5	1
18207.000000000004	0.83	18.1	1
19233.162500000002	0.88	16.7	1
20288.412500000002	0.82	17.9	1
21379.737500000003	0.67	22.2	1
22497.550000000003	0.88	16.3	1
23639.737500000003	0.94	15.0	1
24809.550000000003	0.87	17.0	1
26007.9625	0.84	17.6	1
27230.5875	0.95	14.9	1
28486.2	0.74	20.3	1
29771.7125	0.81	18.4	1
31090.375	0.73	20.4	1
32432.925	0.95	14.7	1
33798.3875	0.96	14.1	1
35189.362499999996	0.9	15.7	1
36606.0125	0.9	15.8	1
38052.075	0.84	18.1	1
39529.0125	0.79	19.0	1
41042.674999999996	0.7	22.6	1
42587.7	0.8	19.3	1
44156.125	0.96	14.4	1
45746.65	0.96	13.6	1
47366.5625	0.79	18.7	1
49020.275	0.71	20.8	1
50705.025	0.8	19.1	1
52420.8125	0.77	19.1	1
54167.8	0.77	19.2	1
55948.100000000006	0.72	20.5	1
57757.162500000006	0.81	17.7	1
59561.387500000004	0.77	0.1	1
