12.6	0.76	0.6	1
37.8	0.72	0.6	1
75.6	0.76	0.6	1
126.0	0.83	0.6	1
189.0	0.76	0.6	1
262.5	0.83	0.5	1
346.5	1.0	0.5	1
443.1	0.73	0.6	1
550.2	0.79	0.5	1
667.8000000000001	0.82	0.5	1
795.9000000000001	0.84	0.5	1
932.4000000000001	1.0	0.4	1
1079.4	0.94	0.5	1
1241.1000000000001	0.56	0.7	1
1413.3000000000002	0.88	0.5	1
1596.0000000000002	0.93	0.5	1
1795.5000000000002	0.58	0.8	1
2004.5000000000002	0.83	0.5	1
2224.0	0.88	0.5	1
2454.0	0.86	0.5	1
2692.4	0.99	0.4	1
2941.3	0.77	0.5	1
3214.4	0.4	1.2	1
3502.2000000000003	0.75	0.7	1
3802.6000000000004	0.65	0.6	1
4126.1	0.42	1.1	1
4458.0	1.0	0.4	1
4791.0	0.91	0.1	1
5126.1	0.98	0.1	1
5469.6	0.26	0.4	1
5815.200000000001	0.95	0.1	1
6165.000000000001	0.77	0.2	1
