1.34	0.83	0.5	1
4.0200000000000005	0.93	0.5	1
8.040000000000001	0.76	0.5	1
13.400000000000002	0.83	0.5	1
20.3667	0.8	0.6	1
29.2068	0.66	0.7	1
39.9203	0.6	0.7	1
51.9738	0.92	0.5	1
65.3673	0.88	0.5	1
80.3675	0.74	0.6	1
96.7077	0.87	0.5	1
114.9213	0.57	0.7	1
134.7416	0.75	0.6	1
156.1686	0.78	0.6	1
178.66899999999998	0.92	0.4	1
202.2428	0.93	0.4	1
227.69	0.72	0.7	1
254.7439	0.8	0.6	1
283.4045	0.76	0.6	1
313.4051	0.91	0.5	1
344.7457	0.78	0.5	1
376.693	0.75	0.6	1
409.9803	0.85	0.5	1
444.8743	0.66	0.6	1
481.1083	0.8	0.5	1
518.4157	0.97	0.4	1
557.3298	0.72	0.6	1
597.5839	0.83	0.5	1
638.9114	1.0	0.4	1
681.8456	0.73	0.6	1
726.1197999999999	0.78	0.5	1
769.4674	0.28	0.4	1
814.155	0.26	0.5	1
