1.34	0.81	0.5	1
4.0200000000000005	0.82	0.5	1
8.5734	0.62	0.7	1
14.7335	0.79	0.6	1
22.2336	0.75	0.5	1
31.0737	0.82	0.5	1
41.2538	0.82	0.5	1
52.7739	0.8	0.5	1
65.634	0.94	0.5	1
80.10079999999999	0.7	0.6	1
95.64099999999999	0.95	0.4	1
112.2546	0.96	0.4	1
130.7416	0.68	0.7	1
151.102	0.64	0.7	1
172.8024	0.85	0.5	1
195.1095	0.8	0.6	1
219.0233	0.71	0.6	1
244.0105	0.9	0.4	1
270.6044	0.74	0.6	1
298.5383	0.95	0.5	1
328.0789	0.69	0.6	1
358.9595	0.93	0.5	1
391.1801	0.87	0.5	1
425.00739999999996	0.74	0.6	1
459.1747	0.87	0.5	1
494.68199999999996	0.81	0.5	1
531.7959999999999	0.74	0.6	1
570.7833999999999	0.68	0.7	1
