1.4667	0.54	0.8	1
3.8501	0.92	0.5	1
6.966799999999999	0.96	0.4	1
11.183499999999999	0.75	0.6	1
16.133499999999998	0.85	0.4	1
22.1835	0.76	0.6	1
29.150199999999998	0.87	0.5	1
36.8502	0.99	0.4	1
45.4669	0.86	0.5	1
55.0003	0.83	0.5	1
65.4504	0.88	0.5	1
76.8172	0.86	0.5	1
88.9173	0.91	0.4	1
100.9341	0.98	0.5	1
113.8676	0.83	0.5	1
127.53439999999999	0.93	0.4	1
141.93449999999999	0.98	0.4	1
157.6179	0.62	0.7	1
174.4013	0.84	0.6	1
192.6514	0.57	0.8	1
212.5515	0.56	0.9	1
233.5516	0.69	0.6	1
255.285	0.93	0.4	1
277.9351	0.92	0.5	1
301.68519999999995	0.8	0.6	1
326.26859999999994	0.44	1.0	1
351.7686999999999	0.81	0.5	1
378.18549999999993	0.81	0.5	1
406.25229999999993	0.59	0.9	1
433.6857999999999	0.8	0.2	1
461.3025999999999	0.97	0.1	1
489.2860999999999	0.71	0.2	1
517.6362999999999	0.64	0.2	1
