1.3	0.6	0.8	1
4.0625	0.5	0.9	1
8.125	0.52	0.8	1
13.1625	0.68	0.6	1
19.0125	0.81	0.5	1
26.0	0.61	0.7	1
33.9625	0.77	0.6	1
42.575	0.87	0.4	1
52.1625	0.68	0.6	1
63.050000000000004	0.5	0.8	1
75.23750000000001	0.52	0.8	1
88.56250000000001	0.59	0.7	1
103.025	0.67	0.7	1
118.78750000000001	0.62	0.8	1
135.3625	0.82	0.5	1
153.4	0.51	0.9	1
172.0875	1.0	0.4	1
191.5875	0.86	0.5	1
211.9	0.92	0.5	1
233.025	0.83	0.5	1
254.45000000000002	0.54	0.8	1
276.52500000000003	0.85	0.4	1
299.25000000000006	0.92	0.4	1
323.6000000000001	0.46	1.0	1
348.7625000000001	0.91	0.5	1
374.9000000000001	0.75	0.6	1
401.8500000000001	0.8	0.5	1
429.93750000000006	0.63	0.7	1
458.67500000000007	0.98	0.4	1
489.0375000000001	0.47	1.0	1
520.2125000000001	0.92	0.5	1
552.3625000000001	0.79	0.6	1
585.6500000000001	0.69	0.7	1
620.8625000000001	0.24	1.8	1
657.0500000000001	0.76	0.6	1
694.0500000000001	0.86	0.5	1
731.3750000000001	0.55	0.2	1
770.0000000000001	0.6	0.8	1
807.9500000000002	0.57	0.2	1
846.3875000000002	0.36	0.3	1
885.1500000000002	0.48	0.2	1
924.4000000000002	0.41	0.3	1
