0.7141000000000001	0.88	0.5	1
2.0007	0.89	0.4	1
3.8598	0.95	0.4	1
6.433	0.83	0.5	1
10.0037	0.65	0.7	1
14.5719	0.72	0.7	1
19.7126	0.99	0.4	1
25.5674	0.84	0.5	1
32.1363	0.81	0.5	1
39.277699999999996	0.96	0.4	1
47.274899999999995	0.71	0.6	1
55.1279	0.76	0.6	1
63.83669999999999	0.76	0.6	1
73.118	0.9	0.4	1
83.2551	0.73	0.6	1
94.673	0.48	0.9	1
106.9467	0.71	0.6	1
119.93450000000001	0.84	0.5	1
133.77810000000002	0.71	0.6	1
148.19420000000002	0.92	0.4	1
163.32440000000003	0.72	0.5	1
179.31040000000002	0.73	0.6	1
196.2939	0.67	0.7	1
214.13320000000002	0.69	0.6	1
232.54500000000002	0.89	0.4	1
250.5293	0.9	0.4	1
269.3694	0.65	0.6	1
288.782	0.97	0.4	1
308.4837	0.68	0.2	1
329.4662	0.52	0.9	1
351.3045	0.63	0.6	1
373.43190000000004	0.68	0.2	1
394.8484	0.52	0.2	1
416.8374	0.25	0.4	1
439.1155	0.7	0.2	1
461.5411	0.9	0.1	1
