0.6725	0.9	0.5	1
2.1508	0.74	0.6	1
4.1682	0.88	0.4	1
6.8581	0.77	0.5	1
10.3538	0.73	0.6	1
14.3886	0.96	0.4	1
19.3625	0.65	0.7	1
24.875500000000002	0.83	0.4	1
31.061	0.91	0.5	1
37.919	0.82	0.5	1
45.44949999999999	0.9	0.5	1
53.785799999999995	0.75	0.6	1
62.794599999999996	0.91	0.5	1
72.4759	0.77	0.5	1
82.963	0.65	0.6	1
94.38919999999999	0.68	0.7	1
106.7545	0.63	0.7	1
119.92559999999999	0.65	0.6	1
133.6358	0.96	0.4	1
148.15179999999998	0.78	0.6	1
163.34029999999998	0.84	0.5	1
178.3346	0.77	0.6	1
194.1347	0.72	0.6	1
211.00730000000001	0.62	0.8	1
228.419	0.98	0.4	1
246.50320000000002	0.87	0.5	1
265.2599	0.92	0.5	1
284.6891	0.87	0.5	1
305.1908	0.56	0.8	1
326.63160000000005	0.66	0.7	1
348.61150000000004	0.97	0.4	1
372.1972	0.39	1.2	1
396.5887	0.6	0.6	1
421.65270000000004	0.97	0.5	1
447.3892	0.84	0.5	1
473.9315	0.71	0.6	1
501.0129	0.91	0.4	1
528.9001	0.69	0.6	1
557.3263999999999	0.99	0.4	1
585.6918	0.68	0.7	1
614.5962999999999	0.99	0.4	1
644.1732999999999	0.82	0.5	1
672.8893999999999	1.0	0.1	1
701.7445999999999	1.0	0.1	1
730.7388999999998	0.96	0.1	1
760.0056999999998	0.43	0.2	1
789.4115999999998	0.7	0.1	1
819.0899999999998	0.73	0.2	1
