0.6725	0.99	0.5	1
2.1508	0.7	0.6	1
4.3016	0.76	0.5	1
7.391499999999999	0.68	0.7	1
11.153899999999998	0.81	0.5	1
15.588799999999999	0.77	0.5	1
20.696199999999997	0.8	0.5	1
26.476099999999995	0.84	0.5	1
32.92849999999999	0.84	0.5	1
40.186699999999995	0.74	0.6	1
47.983999999999995	0.99	0.4	1
56.453799999999994	0.76	0.5	1
65.4627	0.9	0.4	1
75.1441	0.75	0.5	1
85.6313	0.72	0.6	1
97.0576	0.73	0.7	1
109.15639999999999	0.96	0.5	1
122.1943	0.67	0.7	1
135.7713	0.93	0.4	1
150.1541	0.65	0.6	1
165.2094	0.81	0.5	1
181.07049999999998	0.8	0.6	1
197.6041	0.89	0.5	1
213.81019999999998	0.76	0.5	1
230.55539999999996	0.86	0.4	1
248.10639999999995	0.7	0.6	1
266.99649999999997	0.5	1.0	1
286.55909999999994	0.94	0.5	1
306.79419999999993	0.79	0.5	1
328.36839999999995	0.47	1.0	1
350.6150999999999	0.8	0.5	1
372.13429999999994	1.0	0.2	1
394.59259999999995	0.66	0.7	1
417.98999999999995	0.65	0.7	1
442.19319999999993	0.79	0.6	1
465.53549999999996	0.98	0.1	1
489.95029999999997	0.57	0.8	1
514.6376	0.55	0.2	1
539.464	0.83	0.1	1
564.5629	0.65	0.2	1
590.2009	0.26	0.4	1
