1.34	0.93	0.5	1
3.7534	0.95	0.4	1
7.5068	0.94	0.5	1
12.3336	0.98	0.4	1
18.233800000000002	0.87	0.4	1
25.474000000000004	0.71	0.5	1
34.0542	0.85	0.5	1
44.2411	0.77	0.6	1
55.768	0.9	0.5	1
68.6349	0.79	0.5	1
83.3752	0.63	0.7	1
99.72220000000002	0.78	0.6	1
117.67590000000001	0.68	0.6	1
136.9696	0.92	0.5	1
157.87	0.77	0.6	1
180.1104	0.8	0.5	1
203.9575	0.75	0.6	1
228.87800000000001	0.92	0.4	1
254.13850000000002	0.78	0.5	1
280.4724	0.89	0.4	1
308.1463	0.96	0.5	1
337.1602	0.81	0.5	1
367.5141	0.8	0.5	1
399.7414	0.69	0.7	1
433.0421	0.96	0.4	1
467.9495	0.73	0.6	1
504.7303	0.66	0.7	1
540.5845	0.26	0.4	1
577.5121	0.25	0.4	1
