2.9333	0.82	1.6	1
13.383299999999998	0.93	4.1	1
32.816599999999994	0.93	4.9	1
58.299899999999994	0.96	3.3	1
87.44989999999999	0.83	2.0	1
123.19989999999999	1.0	3.6	1
166.46659999999997	0.93	4.1	1
217.06659999999997	0.97	4.0	1
274.44989999999996	1.0	3.7	1
339.89989999999995	0.93	4.4	1
411.7665999999999	1.0	3.5	1
492.24999999999994	1.0	4.7	1
578.0500999999999	1.0	2.9	1
672.1002	0.85	4.5	1
773.117	1.0	3.8	1
880.0005	0.96	3.2	1
993.8507	1.0	3.8	1
1114.8509	1.0	3.9	1
1242.6344	0.98	3.7	1
1375.9179	1.0	3.0	1
1512.5013999999999	0.84	1.8	1
1651.8348999999998	0.83	1.5	1
1796.8516999999997	0.96	3.1	1
1947.3684999999996	0.99	3.0	1
2107.2352999999994	0.99	5.1	1
2274.2520999999992	1.0	3.9	1
2447.868899999999	1.0	3.6	1
2627.168999999999	1.0	3.1	1
2811.419099999999	1.0	2.7	1
3002.819199999999	0.98	3.9	1
3197.069299999999	0.84	2.1	1
3397.5526999999993	0.88	3.4	1
3603.719399999999	0.91	3.1	1
3815.569399999999	0.92	3.1	1
4034.202699999999	0.94	3.7	1
4258.335999999999	0.98	3.0	1
4487.602599999999	0.97	2.8	1
4725.669199999999	0.96	4.8	1
4971.435799999999	0.91	4.2	1
5225.635699999999	0.87	4.6	1
5488.635599999999	0.84	4.8	1
5759.335499999998	0.9	4.2	1
6038.285399999998	0.85	4.5	1
6324.385299999998	0.92	3.9	1
6616.168499999998	0.93	3.1	1
6913.451699999998	0.98	3.0	1
7216.9681999999975	0.89	3.4	1
7528.734699999997	0.88	4.5	1
7846.734499999997	0.86	3.4	1
8168.400999999997	0.66	2.0	1
8496.850799999997	0.97	3.7	1
8833.917299999997	0.96	4.7	1
9179.050499999998	0.86	4.4	1
9527.300399999998	0.72	1.7	1
9880.866999999998	0.97	2.9	1
10243.966899999998	0.94	5.2	1
10613.116799999998	0.88	3.3	1
10988.683399999998	0.84	3.5	1
11372.866699999999	0.87	4.7	1
11766.216699999999	0.81	5.0	1
12166.9	0.97	4.0	1
12574.9166	0.92	4.0	1
12987.8832	0.99	2.7	1
13407.0831	0.9	3.4	1
13835.083	0.9	4.8	1
14268.9496	0.94	3.2	1
14708.6829	0.98	3.2	1
15154.2829	0.9	3.2	1
15605.1996	0.96	2.9	1
16062.7163	0.88	3.6	1
16528.2997	0.9	4.4	1
17001.7664	0.94	4.3	1
17481.8331	1.0	3.6	1
17970.8831	0.82	4.9	1
18467.8164	0.9	4.3	1
18972.8164	0.88	4.4	1
19487.3497	0.76	5.2	1
20009.949699999997	0.88	4.4	1
20538.782999999996	0.86	3.4	1
21075.132999999994	0.92	4.1	1
21617.349699999995	0.92	3.2	1
22166.166399999995	0.86	3.6	1
22721.033099999993	0.87	3.3	1
23283.049799999993	0.93	3.9	1
23852.766499999994	0.86	4.2	1
24432.199899999992	0.83	5.3	1
25020.616599999994	0.87	4.9	1
25616.366599999994	0.9	4.0	1
26215.233299999993	0.76	1.7	1
26820.699999999993	0.87	3.6	1
27433.866699999995	0.93	4.2	1
28054.366699999995	0.94	4.0	1
28680.733399999994	0.92	3.2	1
29316.083399999992	0.89	4.9	1
29959.13339999999	0.88	4.2	1
30610.25009999999	0.87	4.4	1
31267.05009999999	0.91	3.1	1
31931.916799999988	0.9	4.4	1
32606.31679999999	0.89	5.2	1
33287.316799999986	0.96	3.6	1
33976.75009999998	0.97	4.6	1
34673.150099999984	0.98	3.8	1
35375.23339999998	0.98	3.1	1
36083.18339999998	0.88	3.2	1
36798.83339999998	0.91	4.2	1
37520.16669999998	0.93	3.1	1
38250.66669999998	0.93	5.0	1
38986.29999999998	0.99	2.8	1
39727.79999999998	0.92	3.2	1
40477.366699999984	0.9	4.4	1
41235.366699999984	0.85	4.6	1
42001.249999999985	0.85	4.3	1
42774.64999999999	0.88	4.1	1
43555.749999999985	0.92	4.2	1
44345.46669999998	0.97	4.7	1
45143.06669999998	0.88	4.3	1
45949.099999999984	0.87	4.6	1
46762.466599999985	0.91	4.0	1
47582.066499999986	0.86	3.4	1
48408.81639999999	0.92	3.9	1
49241.06629999999	0.93	3.0	1
50081.01619999999	0.88	4.2	1
50930.31609999999	0.83	5.1	1
51788.965999999986	0.81	5.1	1
52655.13259999998	0.9	4.1	1
53529.732499999984	0.82	4.6	1
54407.815699999985	0.82	1.9	1
55294.148899999986	0.86	4.5	1
56189.28209999998	0.91	4.8	1
57091.38199999998	1.0	3.8	1
57996.78189999998	0.77	1.8	1
58911.53179999998	0.89	5.1	1
59834.16499999998	0.91	4.3	1
60763.58149999998	0.99	3.7	1
61702.89799999998	0.86	5.4	1
62648.264499999976	0.93	3.3	1
63596.38099999997	0.81	1.5	1
64551.46419999997	0.96	3.8	1
65512.780699999974	0.97	3.4	1
66481.61389999997	0.9	4.1	1
67459.24709999996	0.95	4.8	1
68439.99699999996	0.84	1.7	1
69428.63019999996	0.9	4.3	1
70436.69669999996	0.86	10.6	1
71450.44649999996	0.99	3.1	1
72472.44629999997	0.92	4.5	1
73501.96279999996	0.92	4.1	1
74540.09599999996	0.86	4.7	1
75584.46249999997	0.86	3.4	1
76636.16229999997	0.97	4.0	1
77696.84539999996	0.89	4.9	1
78763.21179999996	0.91	3.1	1
79836.72819999995	0.97	3.9	1
80917.02789999996	0.99	3.7	1
