1.2502	0.83	0.8	1
4.0618	0.73	1.0	1
9.857	0.99	3.2	1
21.5691	1.0	3.8	1
40.9092	0.96	4.9	1
66.3218	0.99	3.9	1
97.9624	1.0	4.0	1
134.1199	0.99	2.9	1
176.5054	0.92	4.0	1
225.74110000000002	1.0	4.4	1
280.5826	1.0	3.6	1
341.8077	0.97	4.1	1
407.2386	0.99	2.7	1
477.342	0.97	3.0	1
553.5178999999999	0.98	3.9	1
634.3662999999999	1.0	3.0	1
718.0204999999999	0.84	1.8	1
807.5915999999999	1.0	3.8	1
904.6351999999998	1.0	4.8	1
1007.1289999999998	0.99	3.5	1
1115.8507999999997	1.0	4.0	1
1230.6450999999997	0.98	3.9	1
1351.6673999999998	0.99	4.0	1
1477.5176999999999	0.99	3.1	1
1607.7294	0.99	2.8	1
1745.258	0.99	4.7	1
1889.1702	0.93	4.1	1
2039.6215	0.9	4.2	1
2197.3897	0.98	4.7	1
2359.3637000000003	1.0	2.7	1
2528.1879000000004	0.92	4.4	1
2702.7735000000002	1.0	3.7	1
2881.876	0.96	2.9	1
3066.7399	0.99	3.7	1
3253.6318	0.82	1.3	1
3447.0628	0.94	4.2	1
3646.4107000000004	0.99	3.8	1
3850.7422000000006	1.0	3.2	1
4060.8351000000007	1.0	3.7	1
4277.000500000001	0.99	3.9	1
4498.771700000001	0.95	3.6	1
4727.237600000001	0.95	4.3	1
4958.198200000002	0.9	1.6	1
5194.920200000001	0.99	3.7	1
5436.092400000001	0.9	3.5	1
5683.492600000001	0.94	4.0	1
5936.654200000002	0.99	3.7	1
6198.8438000000015	0.83	5.8	1
6468.039200000001	0.97	4.5	1
6740.973700000001	0.76	2.4	1
7018.736200000001	0.96	3.1	1
7302.882300000001	0.95	4.1	1
7591.8564000000015	0.91	3.1	1
7887.991900000002	0.86	4.6	1
8188.799900000002	1.0	3.0	1
8495.058100000002	0.89	3.5	1
8804.588800000001	0.85	2.1	1
9120.503100000002	0.93	4.1	1
9442.956500000002	0.93	4.2	1
9773.815700000003	0.76	5.4	1
10111.525100000003	0.86	4.4	1
10454.840300000003	0.88	3.6	1
10804.694600000004	0.91	4.2	1
11160.776900000004	1.0	4.0	1
11524.331700000004	0.86	4.8	1
11893.803400000004	0.98	3.8	1
12271.836500000005	0.82	5.5	1
12659.053200000006	0.8	5.9	1
13052.809000000007	0.95	4.2	1
13449.992800000007	0.71	2.2	1
13854.960200000007	0.9	5.0	1
14265.689000000008	0.8	3.7	1
14679.068000000008	0.77	1.7	1
15095.87500000001	0.73	2.2	1
15517.04340000001	0.93	2.8	1
15941.32870000001	0.84	2.0	1
16371.99760000001	0.91	4.1	1
16805.16120000001	0.77	1.6	1
17240.81950000001	0.8	1.6	1
17682.239200000007	1.0	3.7	1
18130.509100000007	0.88	4.4	1
18585.007000000005	0.9	4.0	1
19044.799600000006	0.87	3.4	1
19511.598000000005	0.88	4.5	1
19983.380000000005	0.99	3.2	1
20459.834500000004	0.94	3.0	1
20943.139200000005	0.93	4.4	1
21433.449700000005	0.98	4.5	1
21926.254900000004	0.84	1.6	1
22435.088100000004	0.87	10.3	1
22946.727100000004	0.77	1.8	1
23466.771900000003	0.87	5.4	1
23992.733600000003	0.96	3.8	1
24526.167800000003	0.86	4.8	1
25063.807800000002	1.0	2.7	1
25608.764700000003	0.94	4.7	1
26161.038500000002	0.82	4.7	1
26720.629200000003	0.81	4.7	1
27284.425700000003	1.0	2.7	1
27857.561300000005	0.76	6.0	1
28438.169400000006	0.92	4.8	1
29025.938900000005	0.91	4.6	1
29620.403100000003	0.89	4.3	1
30230.895300000004	0.91	10.3	1
30847.615500000004	0.97	4.0	1
31469.474800000004	0.9	3.3	1
32098.184300000004	0.89	4.4	1
32734.210700000003	0.83	4.7	1
33373.35400000001	0.74	2.0	1
34021.21420000001	0.84	5.6	1
34673.74690000001	0.91	3.0	1
35333.90760000001	0.83	4.9	1
35999.36300000001	0.88	3.4	1
36672.60200000001	0.84	5.0	1
37353.15790000001	0.82	4.7	1
38040.87520000001	0.94	4.6	1
38733.10940000001	0.92	2.9	1
39432.34940000001	0.86	4.5	1
40138.75080000001	0.86	4.6	1
40852.78020000001	0.98	4.9	1
41574.28210000001	0.89	4.8	1
42302.01200000001	0.92	4.0	1
43035.19210000001	0.84	3.5	1
43772.88910000001	0.92	2.9	1
44518.99190000001	0.75	5.4	1
45271.47830000001	0.93	4.1	1
46031.74830000001	0.92	5.0	1
46797.0019	0.97	3.2	1
47568.7946	0.92	4.2	1
48346.9709	0.91	4.1	1
49128.1086	0.85	1.9	1
49914.541	0.92	3.4	1
50708.1348	0.86	4.6	1
51505.9344	0.99	2.7	1
52309.962	0.94	4.0	1
53120.217599999996	0.82	4.0	1
53938.567899999995	0.86	5.2	1
54763.92399999999	0.95	4.5	1
55596.285899999995	0.88	4.5	1
56434.875799999994	0.98	4.0	1
57280.315899999994	0.92	4.4	1
58132.450699999994	0.86	4.3	1
58991.435699999995	0.89	4.4	1
59856.33759999999	0.92	3.8	1
60727.00089999999	0.85	3.7	1
61604.04779999999	0.89	4.1	1
62486.54489999999	0.89	3.5	1
63375.892199999995	0.92	4.4	1
64271.312	0.96	3.9	1
65174.5154	0.94	5.0	1
66094.52459999999	0.87	10.8	1
67021.07289999998	0.94	4.2	1
67950.27139999998	0.76	1.7	1
68886.78679999999	0.89	4.7	1
69829.68579999999	0.91	4.1	1
70778.65729999999	0.92	3.9	1
71735.25679999999	0.94	4.9	1
72698.86209999998	0.85	4.5	1
