0.5725	0.89	0.4	1
6.9533	0.99	4.5	1
15.8899	0.81	1.8	1
30.357300000000002	0.98	3.9	1
48.9388	0.98	2.9	1
72.7678	1.0	3.7	1
102.1276	0.99	3.9	1
137.3015	0.94	4.1	1
176.3062	0.99	2.7	1
219.1417	0.98	2.7	1
267.08299999999997	1.0	3.6	1
320.8384	0.93	4.1	1
379.9829	1.0	3.8	1
444.37489999999997	1.0	3.7	1
514.156	1.0	3.8	1
588.9011999999999	1.0	3.5	1
669.4604999999999	1.0	4.1	1
756.6838999999999	1.0	4.7	1
849.2963999999998	1.0	3.8	1
948.5729999999999	0.92	4.7	1
1054.2304	0.94	4.5	1
1167.1186	0.91	5.1	1
1284.5459	0.97	3.2	1
1407.2207	0.99	3.7	1
1535.143	0.99	3.7	1
1665.1961000000001	0.85	1.5	1
1800.355	1.0	3.6	1
1940.903	1.0	3.8	1
2085.4235	1.0	2.8	1
2235.1915	0.99	3.7	1
2389.0735999999997	0.99	2.9	1
2546.7864999999997	1.0	2.7	1
2706.6301999999996	0.81	1.5	1
2872.4296999999997	0.89	4.2	1
3042.6267	1.0	3.1	1
3217.4961999999996	0.96	4.0	1
3396.9048	0.99	3.2	1
3581.8442	0.98	3.9	1
3773.3061	0.87	4.6	1
3971.4321	0.86	4.7	1
4174.9472	1.0	3.8	1
4384.7014	0.78	4.4	1
4599.1364	0.92	3.3	1
4815.8439	0.75	1.6	1
5038.2239	0.93	4.0	1
5267.1264	0.83	4.6	1
5500.2847	0.91	3.0	1
5739.5405	0.85	4.3	1
5986.7354000000005	0.88	5.6	1
6238.044400000001	1.0	2.9	1
6494.034200000001	0.93	3.3	1
6755.554800000001	0.99	3.9	1
7023.3145	0.86	4.4	1
7298.0217	0.9	4.9	1
7575.143	0.73	1.7	1
7857.7951	0.99	3.9	1
8144.5613	0.92	2.9	1
8436.2916	0.85	3.5	1
8734.4027	0.84	4.5	1
9037.3363	0.83	3.4	1
9346.6507	0.86	4.5	1
9662.6292	0.87	4.7	1
9984.8468	0.97	4.4	1
10311.3202	0.95	3.0	1
10642.8994	0.98	3.6	1
10981.7094	0.83	5.1	1
11325.9085	0.91	3.8	1
11672.6634	0.86	1.8	1
12024.0991	0.93	3.3	1
12382.4823	0.95	4.9	1
12746.538	0.82	4.0	1
13116.9745	0.88	4.5	1
13494.6418	0.88	5.1	1
13877.4149	1.0	3.6	1
14266.0021	0.95	4.1	1
14660.5451	0.94	4.2	1
15061.3272	0.87	4.4	1
15469.3401	0.79	5.1	1
15883.0255	0.94	4.0	1
16302.8084	0.84	4.3	1
16728.9721	0.86	4.5	1
17160.241599999998	1.0	3.6	1
17593.6419	0.81	1.5	1
18029.597999999998	0.73	1.8	1
18471.226599999998	0.92	4.0	1
18914.844299999997	0.73	1.4	1
19361.867799999996	0.71	2.4	1
19812.438799999996	1.0	2.5	1
20268.540599999997	0.95	3.9	1
20731.589899999995	0.83	4.9	1
21199.178299999996	0.86	3.2	1
21672.439199999997	0.88	4.0	1
22151.655899999998	0.85	4.2	1
22637.253399999998	0.87	4.5	1
23128.239999999998	0.95	3.8	1
23625.607399999997	0.84	4.5	1
24128.930599999996	0.92	4.2	1
24636.792899999997	0.86	3.2	1
25152.169299999998	0.9	5.3	1
25673.3598	0.88	4.1	1
26208.1561	0.87	9.6	1
26747.9165	0.93	3.5	1
27291.791	0.94	2.9	1
27840.488	0.85	3.4	1
28394.857500000002	0.93	4.0	1
28953.6245	0.87	3.1	1
29516.789	0.89	3.1	1
30083.926	0.95	2.8	1
30657.5855	0.86	4.6	1
31235.6425	0.93	3.1	1
31819.9386	0.87	4.4	1
32408.915500000003	0.88	3.3	1
33002.714900000006	0.92	3.4	1
33601.62010000001	0.85	3.6	1
34207.18940000001	0.9	4.7	1
34818.43120000001	1.0	4.0	1
35445.68710000001	0.84	11.3	1
36077.05710000001	0.99	2.9	1
36715.09120000001	0.82	4.7	1
37359.78940000001	0.9	4.7	1
38009.87670000001	0.94	3.8	1
38665.91980000001	0.89	4.2	1
39326.64370000001	0.96	3.3	1
39990.20670000001	0.78	2.0	1
40658.59220000001	0.95	3.4	1
41333.641800000005	0.94	4.7	1
42016.205500000004	0.76	5.3	1
42705.85830000001	0.9	5.0	1
43401.32520000001	0.93	4.1	1
44101.047900000005	0.9	3.0	1
44806.58470000001	0.91	4.1	1
45517.65230000001	0.98	3.9	1
46232.97570000001	0.91	3.0	1
46954.67990000001	0.91	4.5	1
47682.90660000001	0.86	4.6	1
48415.10580000001	0.99	2.8	1
49153.544100000014	0.91	4.4	1
49898.363200000014	0.88	4.5	1
50649.27980000001	0.8	4.3	1
51404.452200000014	0.98	3.0	1
52166.57210000001	0.82	4.9	1
52934.64780000001	0.9	4.2	1
53708.82100000001	0.88	4.3	1
54487.25000000001	1.0	3.0	1
55270.07650000001	0.86	3.1	1
56055.45880000001	0.77	1.8	1
56847.08020000001	0.87	4.4	1
57645.50740000001	0.85	4.8	1
58449.74870000001	0.9	4.1	1
59258.529100000014	0.94	3.2	1
60073.54860000002	0.87	4.4	1
60893.815600000016	1.0	3.7	1
61718.62170000002	0.89	3.2	1
62550.23360000002	0.83	4.8	1
