0.8058000000000001	0.71	0.6	1
2.1507	0.87	0.4	1
3.7565	0.96	1.2	1
10.9681	0.93	4.2	1
22.0522	1.0	2.9	1
38.0754	0.97	3.7	1
59.1711	1.0	3.8	1
82.4059	0.91	1.6	1
110.1798	1.0	3.4	1
142.6262	1.0	3.5	1
181.7451	0.92	5.0	1
224.8698	1.0	3.0	1
273.6003	0.9	4.2	1
327.2699	0.99	3.7	1
388.012	0.93	5.3	1
455.02660000000003	0.94	4.7	1
526.1803	0.98	3.1	1
600.1398	0.85	2.1	1
679.1718000000001	1.0	3.8	1
763.2763000000001	1.0	3.8	1
853.1199000000001	0.94	4.3	1
955.1026000000002	1.0	9.1	1
1060.8244000000002	1.0	2.8	1
1172.5520000000001	1.0	4.5	1
1286.2854000000002	0.78	1.5	1
1403.7579000000003	1.0	2.8	1
1526.4362000000003	1.0	3.9	1
1654.3203000000003	1.0	3.9	1
1788.6102000000003	0.91	4.8	1
1926.7726000000002	1.0	2.9	1
2070.8075000000003	0.99	4.4	1
2219.2482000000005	0.99	3.3	1
2369.9614000000006	0.83	1.7	1
2526.1471000000006	1.0	4.1	1
2685.8719000000006	0.86	3.4	1
2849.7358000000004	0.93	3.1	1
3020.1388	0.81	4.9	1
3194.5476000000003	0.92	3.0	1
3375.0955000000004	0.87	4.6	1
3560.3159000000005	0.87	3.5	1
3749.9421000000007	0.88	3.3	1
3945.0408000000007	0.95	4.1	1
4144.812000000001	0.89	3.5	1
4350.589000000001	0.9	4.5	1
4560.638500000001	0.91	3.2	1
4775.360500000001	0.91	3.5	1
4995.555	0.96	4.1	1
5221.488600000001	0.9	4.3	1
5449.694700000001	0.75	1.7	1
5683.773300000001	0.87	4.4	1
5921.991000000001	0.99	3.1	1
6162.214500000001	0.84	1.5	1
6406.310500000001	0.96	2.9	1
6655.879000000002	0.9	4.1	1
6910.786600000001	0.78	4.0	1
7170.100000000001	0.89	3.3	1
7435.152500000001	0.87	4.3	1
7705.010800000001	0.94	3.6	1
7979.5416000000005	0.93	3.5	1
8260.0782	0.99	4.5	1
8547.8206	0.89	5.4	1
8839.5688	0.98	3.0	1
9137.189499999999	0.88	4.4	1
9440.6827	0.9	4.4	1
9749.914999999999	0.88	4.3	1
10063.286399999999	0.95	3.1	1
10378.130299999999	0.89	1.1	1
10699.113299999999	0.81	4.6	1
11025.1688	0.96	3.8	1
11356.1634	0.97	3.7	1
11689.6971	0.75	1.9	1
12028.569899999999	0.87	4.0	1
12371.848499999998	0.95	3.3	1
12720.599599999998	0.91	4.1	1
13075.223199999999	0.91	4.4	1
13435.3193	0.9	4.1	1
13801.687899999999	0.83	4.7	1
14174.595599999999	0.89	4.9	1
14553.5091	0.88	4.5	1
14937.8951	0.9	4.1	1
15327.7536	0.8	4.1	1
15722.2846	0.88	3.5	1
16121.2214	0.95	3.3	1
16526.6973	0.8	4.9	1
16934.845699999998	0.82	2.0	1
17348.9999	0.86	4.5	1
17768.3599	0.97	3.9	1
18193.9924	0.84	4.7	1
18624.164	0.86	3.4	1
19059.2747	0.9	3.7	1
19499.057900000003	0.86	3.5	1
19943.113600000004	0.98	3.2	1
20392.508400000006	0.93	4.0	1
20844.575700000005	0.79	2.0	1
21302.382100000006	0.85	4.3	1
21766.061000000005	0.97	4.4	1
22235.612400000005	0.88	4.4	1
22709.836300000006	0.89	3.5	1
23189.666000000005	0.89	4.2	1
23671.501500000006	0.74	1.5	1
24155.209500000004	0.9	1.4	1
24643.056600000004	0.91	3.1	1
25136.242800000004	0.92	4.0	1
25635.701500000003	0.84	4.7	1
26141.032700000003	0.89	4.4	1
26651.703000000005	0.84	4.0	1
27167.445800000005	0.85	3.8	1
27688.261100000003	0.8	3.8	1
28215.482200000002	0.87	4.8	1
28747.775800000003	0.96	3.8	1
29282.741900000005	0.81	2.0	1
29823.047100000003	0.96	4.0	1
30369.091400000005	0.87	4.3	1
30917.541500000007	0.71	1.8	1
31472.130700000005	0.88	4.6	1
32031.659000000007	0.92	3.7	1
32597.326400000005	0.87	4.6	1
33168.46630000001	0.91	4.1	1
33745.21200000001	0.95	4.2	1
34327.43020000001	0.99	4.1	1
34912.58750000001	0.73	2.2	1
35505.21730000001	0.8	5.6	1
36104.78620000001	0.93	5.2	1
36708.89420000001	0.88	3.4	1
37317.67470000001	0.88	3.5	1
37931.66100000001	0.94	3.9	1
38551.786400000005	0.83	4.6	1
39183.384300000005	0.9	8.6	1
39820.3213	0.93	4.0	1
40464.464100000005	0.92	5.4	1
41113.27940000001	1.0	3.5	1
41766.36720000001	0.94	3.2	1
42424.394100000005	0.94	3.7	1
43088.8268	0.86	4.8	1
43759.132000000005	0.89	4.4	1
44433.043000000005	0.96	2.7	1
45114.15980000001	0.76	5.4	1
45799.54910000001	0.93	3.2	1
46489.610900000014	0.85	3.5	1
47185.678500000016	0.83	4.5	1
47887.085200000016	0.98	4.0	1
48594.497700000014	0.89	4.5	1
49307.38270000002	0.9	4.1	1
50025.34020000001	0.82	3.8	1
50747.170200000015	0.96	2.9	1
51474.20600000001	0.87	3.9	1
52205.64760000001	0.9	3.3	1
52941.62830000001	0.87	3.4	1
53682.14810000001	0.79	3.4	1
54428.00700000001	0.95	4.0	1
55177.87170000001	1.0	3.0	1
55935.87550000001	0.81	6.1	1
56698.68510000001	0.88	3.6	1
57468.56720000001	0.82	5.3	1
58242.588400000015	0.95	3.1	1
59021.41540000001	0.89	3.6	1
59806.24820000001	0.8	4.5	1
