7.3725000000000005	0.09	5.2	1
15.434099999999999	0.02	2.6	1
29.1682	0.02	4.0	1
49.4248	0.02	4.6	1
78.1789	0.02	6.7	1
114.58879999999999	0.02	5.4	1
158.65449999999998	0.02	5.4	1
209.24269999999999	0.02	4.6	1
266.91999999999996	0.02	5.0	1
333.81139999999994	0.01	6.5	1
407.50859999999994	0.02	4.8	1
489.4282999999999	0.02	5.8	1
579.2870999999999	0.02	5.6	1
677.0849999999999	0.02	5.6	1
782.8219999999999	0.02	5.6	1
894.2314999999999	0.02	4.0	1
1014.1467999999999	0.02	6.0	1
1142.0012	0.02	5.6	1
1275.8114	0.02	4.2	1
1416.9941000000001	0.02	5.2	1
1563.8493	0.02	4.0	1
1717.227	0.02	4.6	1
1877.4105000000002	0.02	4.8	1
2043.8331000000003	0.02	4.4	1
2219.6115000000004	0.02	6.6	1
2403.8957000000005	0.02	6.0	1
2596.1190000000006	0.02	5.6	1
2795.148100000001	0.02	4.8	1
2999.8497000000007	0.02	4.0	1
3215.182100000001	0.01	7.5	1
3437.3203000000008	0.02	4.8	1
3667.9643000000005	0.02	6.0	1
3908.2474000000007	0.02	6.8	1
4154.911300000001	0.02	4.5	1
4408.0977	0.02	4.6	1
4667.2399000000005	0.02	4.2	1
4932.3379	0.02	4.2	1
5205.091700000001	0.02	5.4	1
5483.234600000001	0.02	3.8	1
5770.1666000000005	0.02	6.2	1
6064.471100000001	0.02	5.2	1
6364.731400000001	0.02	4.2	1
6673.2142	0.02	5.8	1
6992.186100000001	0.01	7.4	1
7317.6805	0.02	4.6	1
7651.1140000000005	0.02	5.6	1
7989.936600000001	0.02	3.8	1
8334.715	0.02	4.2	1
8685.449200000001	0.02	4.2	1
9044.405900000002	0.02	5.8	1
9411.868400000001	0.02	6.0	1
9783.3034	0.02	2.8	1
10161.827500000001	0.02	5.0	1
10546.8741	0.02	4.6	1
10942.8348	0.02	7.7	1
11343.901300000001	0.03	3.6	1
11752.906900000002	0.02	5.6	1
12168.718300000002	0.02	4.8	1
12589.777200000002	0.02	3.7	1
13019.908600000002	0.02	6.4	1
13455.712500000003	0.02	4.0	1
13897.188900000003	0.02	4.0	1
14347.171100000003	0.02	6.0	1
14803.392400000002	0.02	4.4	1
15263.869500000003	0.02	3.0	1
15730.302400000002	0.02	4.2	1
16206.082800000002	0.02	7.3	1
16688.244000000002	0.02	4.5	1
