481.216
2.132
201.435
177.292
355.866
48.044
1.64
1.788
89.752
23.899
317.498
21.522
86.449
498.139
5.834
2.359
6.62
2.877
5.105
1.918
0.94
1.0
1.007
0.54
0.925
0.845
0.713
1.006
0.66
1.156
1.063
0.977
1.543
0.663
0.435
1.051
0.778
1.492
0.538
0.761
1.293
0.689
0.316
0.64
0.872
0.986
0.408
0.613
0.764
0.436
0.75
0.453
0.593
0.264
0.99
0.425
0.261
0.514
0.647
0.398
0.323
0.49
0.449
0.257
0.301
0.681
0.604
0.451
0.967
0.693
0.466
0.591
0.227
0.678
0.433
0.79
0.388
0.682
0.661
0.793
0.607
0.493
0.646
0.707
0.611
0.815
0.702
0.537
0.533
0.861
0.41
0.657
0.658
0.413
0.537
0.759
0.812
0.376
0.555
0.418
0.337
0.47
0.268
0.393
0.696
0.455
0.629
0.289
0.468
0.339
0.348
0.226
0.355
0.497
0.799
0.495
0.431
0.18
0.456
0.342
0.341
0.332
0.64
0.412
0.536
0.157
0.355
0.474
0.174
0.207
0.575
0.257
0.415
0.292
0.36
0.892
0.494
0.375
0.372
0.625
0.315
0.329
0.608
0.342
0.342
0.366
0.535
0.512
0.567
0.135
0.485
0.442
60.158
0.242
0.207
349.502
0.521
0.22
0.562
0.256
0.543
0.429
0.388
0.401
0.378
0.536
0.342
0.142
3.87
0.618
0.361
0.422
1.053
0.328
0.288
0.184
0.378
0.373
0.233
0.94
0.42
0.262
0.249
0.775
0.583
0.501
0.658
0.428
0.317
0.265
0.356
0.391
68.802
0.464
361.394
0.457
684.724
0.322
0.314
0.704
351.054
0.587
0.829
0.741
0.292
0.488
0.446
0.37
2.313
0.632
0.659
0.514
0.641
0.632
0.783
0.864
11.654
0.486
0.697
0.432
6.177
4.843
0.811
5.265
0.226
0.51
0.534
0.13
0.22
0.84
0.397
0.293
0.418
12.248
3.236
11.247
0.809
0.322
88.875
0.723
337.652
0.582
0.385
1.204
155.266
1.47
0.593
0.503
72.85
0.461
2.004
2.261
0.95
24.538
135.437
132.326
0.482
2.56
0.506
70.782
0.496
1.998
5.682
3.948
0.522
95.285
354.463
8.344
36.074
29.601
14.459
0.767
0.81
48.97
0.761
0.482
2.116
13.392
0.614
1.427
3.61
0.577
309.503
1.343
1.042
4.516
6.552
242.898
0.682
0.714
6.279
0.874
0.488
62.313
2.932
10.406
52.433
0.907
1.024
229.166
0.41
25.532
6.336
3.322
274.573
0.939
14.198
23.453
1.227
0.615
6.868
1.833
0.787
2.524
0.71
256.556
3.513
91.207
109.974
0.819
0.983
0.785
8.133
10.371
0.504
16.325
87.176
35.24
3.137
21.693
1.188
0.677
0.63
10.284
1.969
1.291
2.15
1.313
5.084
0.634
28.645
115.188
0.986
0.56
3.327
0.801
1.181
0.954
0.733
5.32
13.47
2.18
0.783
0.42
11.313
1.823
0.47
2.258
0.478
10.633
341.66
1.004
0.748
0.603
2.257
1.114
6.387
1.352
0.559
0.388
0.812
0.646
88.246
0.9
0.531
2.301
2.354
0.632
0.889
0.669
0.392
0.329
1.357
0.636
0.673
2.382
0.554
0.329
0.573
0.409
0.596
55.206
2.941
0.479
0.373
0.428
0.679
0.422
0.698
0.424
0.226
0.613
0.747
0.239
0.33
0.55
0.677
0.73
0.422
0.584
0.518
0.5
0.464
0.401
0.599
0.373
0.468
2.248
0.507
0.622
0.309
0.332
0.387
0.47
0.32
0.312
0.156
0.321
0.356
0.311
0.413
0.271
0.278
0.212
0.281
0.179
0.417
0.29
0.406
0.158
0.356
0.457
0.331
0.217
0.28
0.407
0.283
0.333
0.411
0.206
0.167
0.229
0.249
0.423
0.591
0.224
0.275
0.285
0.205
0.253
0.362
0.254
0.173
0.335
0.229
0.199
0.257
0.392
0.174
0.344
0.174
0.387
0.502
0.244
0.226
0.57
0.241
0.328
0.259
0.154
0.207
0.406
0.095
0.141
0.249
0.277
0.145
0.19
0.256
0.107
0.179
0.32
0.153
0.399
0.189
0.215
0.535
0.105
0.203
0.097
0.314
0.168
0.133
0.154
0.389
0.332
0.139
0.228
0.46
0.167
0.187
0.195
0.246
0.243
0.237
0.23
0.19
0.107
0.065
0.261
0.114
0.305
0.315
0.191
0.268
0.133
0.192
0.172
0.199
0.184
0.139
0.181
0.286
0.454
0.364
0.399
0.137
0.207
0.183
0.119
0.263
0.244
0.191
0.263
0.172
0.234
0.109
0.15
0.188
0.183
0.155
0.139
0.257
0.211
0.423
0.342
0.231
0.335
0.089
0.263
0.349
0.143
0.13
0.617
0.342
0.214
0.176
0.275
0.087
0.175
0.193
0.143
0.238
0.346
0.116
0.216
0.262
0.195
0.108
0.226
0.222
0.114
0.156
0.096
0.047
0.237
0.3
0.167
0.186
0.142
0.172
0.239
0.227
0.184
0.131
0.347
0.281
0.243
0.313
0.168
0.132
0.303
0.142
0.105
0.2
0.247
0.2
0.151
0.258
0.109
0.324
0.128
0.081
0.116
0.124
0.135
0.163
0.231
0.085
0.103
0.247
0.145
0.314
0.265
0.234
0.539
0.576
0.66
0.182
0.425
0.403
0.254
0.159
0.643
0.326
0.274
0.505
0.176
0.107
0.137
0.147
0.334
0.218
0.278
0.613
0.43
0.47
0.382
0.272
0.308
0.205
0.296
0.427
0.247
0.22
0.476
0.283
0.353
0.28
0.162
0.285
0.306
0.366
0.17
0.463
0.249
0.111
0.406
0.145
0.21
0.186
0.114
0.462
0.25
0.201
0.167
0.198
0.332
0.213
0.275
0.288
0.651
0.261
0.119
0.255
0.08
0.267
0.185
0.211
0.129
0.134
0.151
0.287
0.188
0.285
0.135
0.337
0.506
0.191
0.221
0.331
0.221
0.286
0.277
0.182
0.234
0.203
0.18
0.076
0.18
0.229
0.316
0.182
0.201
0.154
0.203
0.32
0.211
0.166
0.236
0.162
0.216
0.082
0.272
0.175
0.586
0.187
0.117
0.437
0.265
0.241
0.261
0.133
0.408
0.374
0.089
0.262
0.239
0.425
0.169
0.161
0.179
0.252
0.18
0.202
0.281
0.224
0.148
0.145
0.261
0.154
0.196
0.095
0.436
0.393
0.166
0.429
0.165
0.072
0.263
0.2
0.198
0.257
0.287
0.146
0.171
0.253
0.184
0.179
0.144
0.334
0.157
0.211
0.119
0.155
0.279
0.106
0.265
0.253
0.108
0.219
0.104
0.287
0.219
0.201
0.149
0.135
0.131
0.104
0.099
0.114
0.159
0.198
0.14
0.175
0.316
0.21
0.162
0.2
0.705
0.341
0.36
0.243
0.215
0.168
0.268
0.164
0.171
0.188
0.207
0.197
0.344
0.277
0.221
0.176
0.203
0.209
0.253
0.155
0.206
0.179
0.208
0.289
0.148
0.243
0.106
0.147
0.068
0.118
0.114
0.092
0.262
0.101
0.168
0.113
0.212
0.104
0.162
0.117
0.058
0.092
0.044
0.278
0.076
0.065
0.148
0.109
0.261
0.242
0.147
0.18
0.207
0.166
0.321
0.184
0.25
0.142
0.18
0.147
0.211
0.173
0.235
0.069
0.056
0.28
0.265
0.16
0.078
0.154
0.322
0.161
0.1
0.103
0.205
0.225
0.371
10.671
0.171
0.159
0.131
12.486
0.086
0.17
0.808
0.256
0.412
3.271
0.112
0.095
0.105
0.099
0.255
0.64
0.112
0.155
0.096
0.166
0.262
0.073
0.081
0.198
7.69
0.146
0.248
0.263
0.182
2.36
0.182
0.188
0.23
0.105
0.249
0.157
0.555
0.125
0.097
0.256
0.254
0.203
0.232
0.137
0.286
0.152
0.195
0.231
0.181
0.225
0.227
0.26
0.323
0.118
0.164
0.211
0.116
0.15
0.11
0.131
0.135
0.265
0.233
0.334
0.087
0.236
0.226
0.276
0.121
0.204
7.21
0.327
0.249
0.069
0.201
0.178
0.266
0.123
0.145
0.174
0.085
0.096
0.204
0.098
0.142
0.148
0.392
0.182
0.138
0.119
0.284
0.185
0.122
0.078
0.145
0.138
0.115
0.146
0.203
0.121
4.709
0.186
0.12
0.249
0.137
0.109
0.128
0.086
0.198
0.093
0.103
0.163
0.169
0.126
0.066
0.204
0.233
0.149
0.143
5.519
0.058
0.155
0.209
5.496
2.263
0.081
0.139
0.17
0.117
0.19
0.178
0.145
0.109
0.276
0.169
0.073
0.195
0.199
0.152
0.135
0.151
2.594
0.139
0.177
0.562
0.183
0.125
2.45
0.152
0.15
0.608
0.14
0.265
0.306
0.121
0.094
0.081
0.496
0.154
0.159
0.218
1.023
0.157
0.221
0.114
0.212
0.206
0.153
0.28
0.093
3.768
0.241
0.159
0.174
0.213
0.166
0.128
0.207
0.11
0.113
0.233
0.168
0.16
0.186
0.216
0.178
0.135
0.221
0.111
0.177
0.17
2.072
0.195
0.107
0.116
0.299
0.083
0.081
0.083
0.096
0.635
0.101
0.206
0.085
0.12
0.208
0.046
0.229
0.259
0.164
0.423
0.076
0.187
0.172
0.104
0.299
0.081
0.113
0.173
0.093
0.198
0.51
0.113
0.195
0.136
0.141
0.26
0.116
0.187
0.166
0.219
0.211
0.131
0.145
0.08
0.28
0.158
0.274
0.095
0.084
0.212
0.225
0.203
0.065
0.186
0.149
0.164
0.193
0.183
0.083
0.183
0.126
0.33
0.146
0.182
0.221
0.19
0.159
0.119
0.102
0.098
0.225
0.059
0.101
0.137
0.098
0.118
0.188
0.144
0.127
0.157
0.081
0.177
0.219
0.252
0.23
0.195
0.172
0.088
0.164
0.31
0.134
0.114
0.178
0.208
0.211
0.114
0.154
0.124
0.083
0.253
0.217
0.427
0.324
0.269
0.1
0.278
0.116
0.323
0.142
0.336
0.098
0.085
0.14
0.137
0.07
0.278
0.275
0.216
0.203
0.223
0.1
0.099
0.073
0.128
0.385
0.069
0.195
0.162
0.407
0.182
0.123
0.145
0.172
0.141
0.081
0.203
0.128
0.2
0.29
0.168
0.157
0.159
0.154
0.235
0.236
0.135
0.187
0.127
0.069
0.157
0.17
0.153
0.101
