23.1	0.29	1.1	1
65.1	0.31	0.9	1
126.0	0.3	0.9	1
212.1	0.28	1.2	1
319.2	0.33	1.0	1
457.79999999999995	0.22	1.5	1
617.4	0.3	1.0	1
793.8	0.29	0.8	1
1005.9	0.21	1.7	1
1247.4	0.23	1.4	1
1514.1000000000001	0.28	1.2	1
1816.5	0.23	1.7	1
2139.9	0.32	1.0	1
2492.7	0.26	1.4	1
2877.0	0.24	1.5	1
3286.5	0.28	1.2	1
3714.9	0.35	0.9	1
4170.6	0.25	1.3	1
4645.200000000001	0.35	0.9	1
5138.700000000001	0.29	0.9	1
5655.300000000001	0.31	1.1	1
6197.100000000001	0.3	1.2	1
6762.000000000001	0.31	1.1	1
7354.200000000001	0.25	1.3	1
7967.400000000001	0.31	1.0	1
8601.6	0.32	1.0	1
9263.1	0.25	1.3	1
9951.9	0.27	1.3	1
10680.6	0.19	1.9	1
11434.5	0.28	1.2	1
12207.3	0.37	0.9	1
13014.8	0.23	1.7	1
13847.5	0.25	1.2	1
14701.2	0.33	1.0	1
15575.900000000001	0.25	1.0	1
16475.800000000003	0.24	1.2	1
17396.700000000004	0.3	1.0	1
18344.900000000005	0.29	1.3	1
19316.200000000004	0.29	1.1	1
20314.800000000003	0.23	1.3	1
21332.300000000003	0.3	0.9	1
22364.500000000004	0.38	0.7	1
23413.500000000004	0.36	0.8	1
24483.500000000004	0.33	1.0	1
25578.700000000004	0.26	1.2	1
26699.100000000006	0.35	1.2	1
27836.300000000007	0.35	0.8	1
28998.700000000008	0.27	1.2	1
30194.700000000008	0.24	1.6	1
31415.90000000001	0.28	1.2	1
32664.40000000001	0.28	1.3	1
33933.90000000001	0.36	1.0	1
35218.100000000006	0.39	0.7	1
36521.200000000004	0.36	0.9	1
37847.4	0.34	1.1	1
39209.3	0.23	1.7	1
40598.5	0.27	1.3	1
42017.1	0.22	1.4	1
43460.9	0.23	1.2	1
44925.700000000004	0.33	1.0	1
46409.4	0.27	0.9	1
47918.3	0.31	1.2	1
49454.5	0.27	1.3	1
51007.5	0.36	0.8	1
52598.3	0.23	1.8	1
54230.100000000006	0.25	2.0	1
55887.100000000006	0.29	1.2	1
57579.8	0.24	1.7	1
59295.600000000006	0.26	1.1	1
61034.50000000001	0.28	1.1	1
62798.600000000006	0.25	1.2	1
64592.100000000006	0.28	1.4	1
66412.90000000001	0.22	1.3	1
68261.00000000001	0.27	1.3	1
70134.30000000002	0.23	1.2	1
72043.30000000002	0.25	1.7	1
73971.20000000001	0.29	0.9	1
75924.30000000002	0.31	1.2	1
77906.80000000002	0.23	1.4	1
79910.30000000002	0.28	1.0	1
81939.00000000001	0.28	1.2	1
83992.90000000001	0.25	1.2	1
86063.6	0.31	0.8	1
88155.3	0.3	1.0	1
90268.0	0.28	1.0	1
92399.6	0.28	0.9	1
94552.20000000001	0.28	1.0	1
96731.1	0.27	1.3	1
98935.20000000001	0.28	1.2	1
101158.20000000001	0.32	0.9	1
103406.40000000001	0.31	1.2	1
105679.8	0.28	1.2	1
107980.5	0.31	1.3	1
110304.3	0.3	1.1	1
112655.40000000001	0.26	1.3	1
115029.6	0.27	1.1	1
117426.90000000001	0.27	1.1	1
119849.40000000001	0.28	1.2	1
122292.90000000001	0.32	1.0	1
124765.8	0.25	1.4	1
127259.7	0.3	1.0	1
129780.9	0.36	1.3	1
132323.1	0.29	1.0	1
134888.4	0.33	1.1	1
137476.8	0.3	1.1	1
140096.69999999998	0.27	1.5	1
142739.69999999998	0.31	1.1	1
145402.69999999998	0.31	1.0	1
148099.3	0.25	1.6	1
150825.3	0.25	1.4	1
153572.3	0.29	1.0	1
156344.5	0.28	1.2	1
159144.0	0.3	1.3	1
161960.3	0.34	0.8	1
164803.9	0.26	1.3	1
167670.6	0.32	1.1	1
170556.2	0.31	0.9	1
173464.90000000002	0.35	1.1	1
176403.00000000003	0.25	1.4	1
179366.30000000002	0.3	1.2	1
182359.00000000003	0.26	1.4	1
185372.70000000004	0.28	1.0	1
188411.60000000003	0.29	1.2	1
191477.80000000005	0.24	1.3	1
