2.94	0.28	1.1	1
7.753399999999999	0.41	0.7	1
15.506799999999998	0.32	1.1	1
24.333599999999997	0.48	0.4	1
34.2338	0.34	0.4	1
46.007400000000004	0.29	0.7	1
59.3877	0.38	0.6	1
74.3747	0.32	0.6	1
92.83510000000001	0.27	1.3	1
113.9689	0.29	1.0	1
136.9761	0.37	0.7	1
163.19	0.25	1.2	1
191.2773	0.39	0.7	1
222.03799999999998	0.3	1.0	1
254.2054	0.37	0.9	1
288.2462	0.31	0.7	1
324.1604	0.4	0.7	1
361.68129999999996	0.4	0.6	1
402.94219999999996	0.24	1.4	1
447.14309999999995	0.3	1.1	1
494.55069999999995	0.3	1.2	1
544.365	0.33	0.9	1
596.586	0.31	0.9	1
652.0137	0.28	1.2	1
708.3148	0.39	0.7	1
766.4893	0.4	0.7	1
825.5372	0.36	0.7	1
885.4585	0.36	0.7	1
947.7864999999999	0.28	0.9	1
1012.7878999999999	0.35	1.0	1
1081.7959999999998	0.28	1.5	1
