1.4667	0.28	0.8	1
5.1334	0.27	1.2	1
10.633400000000002	0.28	1.0	1
18.3334	0.26	1.2	1
27.500100000000003	0.33	0.8	1
39.600100000000005	0.2	1.6	1
54.2668	0.22	1.4	1
71.1335	0.28	1.2	1
89.8335	0.27	1.0	1
110.9168	0.28	1.3	1
133.6501	0.37	0.9	1
158.2167	0.28	1.0	1
185.16660000000002	0.23	1.3	1
215.2332	0.24	1.7	1
247.1331	0.26	1.0	1
281.233	0.32	1.2	1
317.7162	0.26	1.3	1
356.9494	0.25	1.5	1
399.1159	0.23	1.6	1
443.4824	0.27	1.2	1
489.68219999999997	0.34	1.0	1
537.8987	0.26	1.1	1
587.9485	0.31	1.0	1
639.6483	0.33	0.9	1
693.1813999999999	0.31	1.0	1
748.9145	0.3	1.2	1
807.0309	0.29	1.3	1
866.7973	0.36	0.9	1
928.2136999999999	0.29	0.9	1
992.1967999999999	0.25	1.4	1
1058.9298999999999	0.21	1.5	1
1128.0462999999997	0.26	1.3	1
1198.9959999999996	0.29	1.0	1
1271.7789999999995	0.36	1.0	1
1346.5786999999996	0.31	1.1	1
1423.3950999999995	0.3	1.1	1
1501.6781999999996	0.35	0.8	1
1581.6112999999996	0.37	0.9	1
1663.5610999999997	0.29	1.1	1
1748.2608999999998	0.24	1.5	1
1834.6106999999997	0.3	0.9	1
1923.5271999999998	0.21	1.4	1
2014.4603999999997	0.3	1.1	1
2107.5935999999997	0.26	1.2	1
2202.7434999999996	0.27	1.1	1
2299.5433999999996	0.33	0.9	1
2398.9099999999994	0.28	1.4	1
2500.1098999999995	0.33	1.0	1
2602.7764999999995	0.32	0.8	1
2706.9097999999994	0.33	0.8	1
2813.6097999999993	0.25	1.4	1
2922.693099999999	0.29	1.3	1
3034.1596999999992	0.26	1.3	1
3148.3762999999994	0.26	1.5	1
3265.709599999999	0.23	1.7	1
3385.059599999999	0.3	1.1	1
3506.9762999999994	0.28	1.4	1
3630.3596999999995	0.35	0.8	1
3755.2097999999996	0.35	0.8	1
3882.2598999999996	0.26	1.2	1
4010.7766999999994	0.33	0.8	1
4140.943499999999	0.32	0.9	1
4272.576999999999	0.39	0.8	1
4406.0437999999995	0.3	1.0	1
4541.160599999999	0.34	0.9	1
4677.9274	0.34	0.9	1
4817.8108999999995	0.24	1.7	1
4961.177699999999	0.22	1.9	1
5106.744499999999	0.32	1.2	1
5253.961299999999	0.34	0.9	1
5402.828099999999	0.34	0.9	1
5553.528199999999	0.32	1.0	1
5705.8782999999985	0.32	0.9	1
5860.611699999999	0.27	1.3	1
6017.728399999998	0.29	1.3	1
6176.678399999998	0.32	1.0	1
6337.645099999998	0.32	1.1	1
6500.995099999998	0.25	1.3	1
6665.995099999998	0.33	0.9	1
6832.645099999998	0.3	0.9	1
7001.311799999998	0.38	1.1	1
7171.811799999998	0.32	1.0	1
7344.878499999998	0.25	1.4	1
7521.061899999998	0.24	1.7	1
7699.078599999998	0.32	1.0	1
7879.661999999998	0.24	1.4	1
8062.262099999998	0.31	1.1	1
8246.878899999998	0.35	1.1	1
8433.512399999998	0.29	1.1	1
8622.712599999997	0.24	1.4	1
8814.112799999997	0.28	1.2	1
9007.346299999997	0.3	1.0	1
9202.413099999998	0.3	1.0	1
9399.863199999998	0.28	1.3	1
9598.963299999998	0.32	0.9	1
9801.180099999998	0.24	1.7	1
10005.413599999998	0.24	1.1	1
10210.297099999998	0.3	0.9	1
10417.930599999998	0.23	1.5	1
10628.680799999998	0.22	1.7	1
10841.447699999999	0.3	1.1	1
11055.864599999999	0.29	0.9	1
11272.2982	0.36	1.1	1
11491.4818	0.26	1.5	1
11713.2321	0.22	1.4	1
11936.632399999999	0.3	0.9	1
12162.416	0.27	1.3	1
12390.0329	0.31	1.0	1
12619.8498	0.28	1.2	1
12852.7834	0.19	1.7	1
13087.367	0.4	0.9	1
13324.3339	0.27	1.3	1
13563.1341	0.32	1.0	1
13803.951	0.35	1.1	1
14046.2346	0.37	0.8	1
14290.3515	0.29	1.0	1
14536.4851	0.27	1.1	1
14785.1854	0.22	1.4	1
15036.4524	0.25	1.4	1
15289.7361	0.32	1.1	1
15545.5865	0.25	1.4	1
15803.8202	0.26	1.3	1
16063.887200000001	0.31	1.0	1
16325.604200000002	0.29	0.9	1
16588.9712	0.31	0.9	1
16854.3549	0.36	1.1	1
17121.938599999998	0.31	1.2	1
17391.722299999998	0.29	1.2	1
17663.339299999996	0.32	1.0	1
17936.789599999996	0.33	1.0	1
18212.623199999998	0.26	1.3	1
18489.923499999997	0.3	0.8	1
18769.240499999996	0.28	1.1	1
19050.940799999997	0.24	1.3	1
19335.391099999997	0.25	1.5	1
19621.858099999998	0.29	1.1	1
19909.975099999996	0.28	0.9	1
20200.108799999995	0.31	1.1	1
20492.442499999994	0.26	1.2	1
20787.159499999994	0.29	1.3	1
21084.076499999996	0.23	1.2	1
21383.926799999994	0.25	1.6	1
21685.427099999994	0.37	0.9	1
21989.127399999994	0.27	1.2	1
22294.294399999995	0.32	0.8	1
22601.844699999994	0.28	1.3	1
22911.778299999994	0.31	1.3	1
23223.728599999995	0.29	1.1	1
23537.512199999994	0.32	1.0	1
23853.129099999995	0.29	1.0	1
24170.762699999996	0.25	1.1	1
24490.962999999996	0.27	1.4	1
24813.179999999997	0.25	1.1	1
25137.963699999997	0.27	1.4	1
25464.947399999997	0.3	1.2	1
25793.3978	0.32	0.8	1
26123.498199999998	0.35	0.9	1
26455.0653	0.32	0.8	1
26789.199099999998	0.27	1.4	1
27124.9829	0.37	0.9	1
27462.233399999997	0.4	0.8	1
27801.133899999997	0.3	0.9	1
28142.967699999997	0.22	1.6	1
28487.7348	0.25	1.6	1
28834.151899999997	0.3	0.9	1
29182.402299999998	0.31	1.0	1
29532.485999999997	0.3	1.0	1
29884.403	0.31	1.0	1
30237.969999999998	0.34	0.9	1
30593.553699999997	0.3	1.1	1
30951.154099999996	0.3	1.1	1
31310.404499999997	0.33	0.9	1
31671.8549	0.26	1.2	1
32035.505299999997	0.28	1.2	1
32400.805699999997	0.31	0.9	1
32767.939399999996	0.32	1.0	1
33137.2731	0.29	1.2	1
33508.990099999995	0.25	1.3	1
33882.357099999994	0.32	0.9	1
34257.55739999999	0.32	1.0	1
34634.40769999999	0.34	0.9	1
35013.45799999999	0.26	1.2	1
35394.70829999999	0.28	1.2	1
35778.15859999999	0.3	1.2	1
36163.80889999999	0.31	1.2	1
36551.84249999999	0.28	1.3	1
36942.80939999999	0.23	1.6	1
37335.79299999999	0.28	1.1	1
37730.97659999999	0.27	1.2	1
38128.176899999984	0.3	1.1	1
38527.76049999998	0.25	1.3	1
38929.72739999998	0.26	1.3	1
39333.89429999998	0.28	1.2	1
39739.89449999998	0.28	1.0	1
40149.01139999998	0.21	1.7	1
40560.14499999998	0.29	1.1	1
40973.661899999985	0.27	1.3	1
41389.74549999998	0.27	1.4	1
41807.47909999998	0.32	0.9	1
42227.22939999998	0.28	1.1	1
42648.81299999998	0.33	1.0	1
43072.04659999998	0.33	0.9	1
43497.11349999998	0.34	1.0	1
43924.197099999976	0.38	1.1	1
44352.930699999975	0.36	0.9	1
44783.680999999975	0.3	1.1	1
45216.63129999997	0.26	1.2	1
45651.96489999997	0.31	1.3	1
46089.49849999997	0.27	1.2	1
46528.49879999997	0.35	0.8	1
46968.96579999997	0.38	0.8	1
47411.08279999997	0.32	0.9	1
47854.66649999997	0.36	0.8	1
48300.26689999997	0.31	1.1	1
48747.88399999998	0.35	1.1	1
49197.33439999998	0.34	1.0	1
49648.61809999998	0.28	1.0	1
50101.91849999998	0.3	1.1	1
50557.23559999998	0.27	1.1	1
51014.38599999998	0.31	1.0	1
51473.18639999998	0.3	0.9	1
51934.186799999974	0.25	1.2	1
52397.387199999976	0.32	1.2	1
52862.23759999998	0.35	0.9	1
53328.737999999976	0.31	0.9	1
53796.70509999998	0.34	0.8	1
54266.32219999998	0.35	0.9	1
54737.955999999984	0.28	1.1	1
55211.423099999985	0.3	1.0	1
55687.090199999984	0.3	1.2	1
56164.59059999998	0.29	1.0	1
56644.65769999998	0.21	1.4	1
57127.291499999985	0.26	1.4	1
57611.75859999999	0.3	1.0	1
58097.87569999999	0.37	0.9	1
58584.64279999999	0.29	0.9	1
59073.059899999986	0.27	0.9	1
59563.493699999985	0.27	1.1	1
60055.577499999985	0.3	0.9	1
60549.31129999999	0.31	0.9	1
61044.69509999999	0.31	0.9	1
61542.27889999999	0.25	1.2	1
62041.87939999999	0.27	1.1	1
62543.49659999999	0.25	1.1	1
63046.94709999999	0.34	1.0	1
63551.864299999994	0.33	0.8	1
64058.79819999999	0.27	1.1	1
64567.56539999999	0.3	1.0	1
65077.79929999999	0.33	0.8	1
65590.23319999999	0.26	1.2	1
66104.31709999999	0.32	0.9	1
66620.41769999999	0.28	1.1	1
67138.53499999999	0.31	1.1	1
67658.48559999999	0.35	1.0	1
68180.45289999999	0.3	1.1	1
68704.07019999999	0.36	0.9	1
69230.07079999999	0.25	1.3	1
69757.72139999998	0.31	0.9	1
70287.38869999998	0.28	1.1	1
70819.43929999998	0.28	1.3	1
71353.50659999998	0.24	1.1	1
71890.14059999998	0.24	1.4	1
72428.24129999998	0.3	0.8	1
72967.99199999998	0.34	0.9	1
73510.12599999999	0.26	1.3	1
74054.0933	0.28	1.0	1
74599.71059999999	0.34	0.9	1
75146.7946	0.31	0.8	1
75696.2619	0.24	1.3	1
76247.9292	0.27	1.2	1
76802.3465	0.29	1.5	1
77359.5138	0.21	1.5	1
77918.5144	0.32	1.0	1
78478.9817	0.33	0.8	1
79041.4657	0.29	1.1	1
79605.783	0.25	1.0	1
80172.117	0.29	1.1	1
80740.4677	0.29	1.1	1
81311.20169999999	0.29	1.3	1
81884.5024	0.24	1.4	1
82459.4531	0.33	0.9	1
83036.0538	0.32	0.9	1
83614.48779999999	0.3	1.0	1
84194.7551	0.31	1.0	1
84777.0391	0.29	1.1	1
85361.7064	0.22	1.3	1
85948.5737	0.31	1.2	1
86537.64099999999	0.25	1.2	1
87129.09159999999	0.23	1.3	1
87722.55889999999	0.25	1.1	1
88317.85949999999	0.31	1.0	1
88915.17679999999	0.29	1.1	1
89514.87739999998	0.24	1.3	1
90116.77799999998	0.28	1.2	1
90720.87859999998	0.28	1.2	1
91327.36249999999	0.27	1.3	1
91936.9631	0.24	1.7	1
92547.7637	0.29	1.2	1
93160.3976	0.27	1.0	1
93775.04819999999	0.3	1.1	1
94392.44879999998	0.28	1.5	1
95011.68269999999	0.3	1.0	1
95632.7499	0.31	1.0	1
96256.0171	0.26	1.2	1
96880.9343	0.32	0.9	1
97507.3182	0.35	0.8	1
98135.5354	0.29	1.0	1
98766.86929999999	0.2	1.7	1
99400.95319999999	0.22	1.5	1
100037.60379999998	0.27	1.4	1
100676.82109999999	0.28	1.4	1
101318.05509999998	0.31	1.1	1
101961.85579999999	0.28	1.4	1
102607.8565	0.29	1.2	1
103256.0572	0.27	1.2	1
103906.4579	0.26	1.2	1
104558.69189999999	0.29	1.0	1
105213.30919999999	0.22	1.3	1
105870.30979999999	0.24	1.3	1
106529.14369999999	0.29	1.0	1
107190.72759999998	0.24	1.5	1
107853.77819999999	0.38	0.8	1
108519.21209999999	0.28	1.3	1
109186.66269999999	0.27	1.1	1
109855.94659999998	0.29	1.0	1
110527.24719999998	0.31	1.1	1
111201.11449999998	0.24	1.4	1
111877.36509999998	0.3	1.3	1
112555.63239999999	0.28	1.1	1
113236.09969999999	0.27	1.2	1
113918.03369999999	0.39	0.8	1
114601.43439999998	0.37	0.8	1
115286.85179999999	0.29	1.1	1
115974.28589999999	0.3	1.1	1
116664.28669999998	0.28	1.4	1
117356.12079999998	0.32	1.0	1
118049.60489999998	0.31	0.9	1
118746.02229999998	0.26	1.6	1
119444.82299999999	0.27	1.3	1
120146.19039999999	0.21	1.4	1
120850.3078	0.25	1.5	1
121556.6252	0.29	1.2	1
122264.95929999999	0.29	1.1	1
122975.1267	0.31	1.0	1
123687.4941	0.32	1.2	1
124402.2448	0.29	1.3	1
125118.6455	0.31	0.9	1
125837.0629	0.27	1.1	1
126557.1303	0.36	0.9	1
127279.031	0.28	1.0	1
128002.1317	0.28	1.2	1
128727.2491	0.28	1.1	1
129454.3832	0.32	1.1	1
130184.26729999999	0.2	1.5	1
130917.45139999999	0.21	1.8	1
131652.2855	0.33	0.9	1
132388.9529	0.36	1.0	1
133127.8203	0.3	1.2	1
133868.7044	0.31	1.1	1
134611.7885	0.29	1.2	1
135356.88929999998	0.25	1.1	1
136105.84009999997	0.24	2.1	1
136856.62419999996	0.28	1.0	1
137609.42499999996	0.33	1.1	1
138364.42579999997	0.29	1.2	1
139121.99329999997	0.26	1.4	1
139881.39409999998	0.36	1.0	1
140643.17819999997	0.27	1.3	1
141407.16229999997	0.27	1.2	1
142173.89639999997	0.26	1.5	1
142942.09719999996	0.37	0.8	1
143712.31469999996	0.25	1.1	1
144485.28219999996	0.25	1.5	1
145259.71639999995	0.34	0.8	1
146035.98389999993	0.29	1.0	1
146814.08469999992	0.27	1.0	1
147594.2021999999	0.3	1.1	1
148376.51969999992	0.26	1.2	1
149160.67049999992	0.33	1.0	1
149947.2045999999	0.25	1.3	1
150736.12199999992	0.26	1.3	1
151526.87269999992	0.33	1.0	1
152319.45669999992	0.32	1.0	1
153114.60739999992	0.27	1.4	1
153912.32479999991	0.26	1.4	1
154712.6088999999	0.27	1.4	1
155515.0929999999	0.25	1.2	1
156319.77709999992	0.29	1.2	1
157126.29449999993	0.32	1.0	1
157935.01189999992	0.29	1.2	1
158745.3792999999	0.32	0.9	1
159558.12999999992	0.25	1.3	1
160372.71399999992	0.34	1.0	1
161189.49799999993	0.28	1.2	1
162008.48199999993	0.26	1.2	1
162830.21599999993	0.22	1.5	1
163655.43329999992	0.2	1.9	1
164483.21729999993	0.22	1.4	1
165313.01799999992	0.29	1.1	1
166144.6519999999	0.34	1.0	1
166977.75269999992	0.37	0.8	1
167813.42009999993	0.24	1.4	1
