1.95	0.27	1.2	1
5.525	0.33	1.0	1
12.1875	0.21	1.9	1
20.6375	0.32	1.1	1
32.0125	0.21	1.8	1
45.0125	0.34	1.0	1
59.6375	0.3	1.0	1
76.375	0.29	1.3	1
95.225	0.3	1.3	1
115.5375	0.33	0.9	1
138.2875	0.24	1.5	1
162.825	0.33	1.1	1
188.825	0.36	0.9	1
216.2875	0.36	0.9	1
245.86249999999998	0.24	1.3	1
277.0625	0.3	1.0	1
312.0	0.19	2.3	1
348.4	0.4	0.9	1
386.75	0.28	1.2	1
427.05	0.29	1.2	1
468.8125	0.31	0.9	1
512.525	0.3	1.2	1
557.6999999999999	0.33	0.9	1
604.3375	0.31	0.9	1
652.275	0.32	0.8	1
702.3249999999999	0.27	1.3	1
754.3249999999999	0.33	1.2	1
808.1125	0.28	1.1	1
864.175	0.25	1.4	1
922.5124999999999	0.24	1.4	1
982.4749999999999	0.32	1.0	1
1044.0625	0.34	1.0	1
1107.1125	0.34	0.9	1
1172.1125	0.27	1.2	1
1238.8999999999999	0.26	1.1	1
1307.8	0.27	1.3	1
1378.8125	0.3	1.3	1
1451.45	0.31	1.0	1
1525.875	0.35	1.1	1
1602.7375	0.23	1.5	1
1681.3875	0.3	1.1	1
1761.825	0.29	1.1	1
1843.8875	0.34	1.0	1
1928.0625	0.23	1.3	1
2013.7	0.32	0.9	1
2101.125	0.27	1.1	1
2190.0125	0.28	0.9	1
2280.6875	0.24	1.1	1
2372.825	0.3	0.9	1
2466.9125	0.28	1.2	1
2563.275	0.33	1.4	1
2661.2625000000003	0.33	1.0	1
2760.7125	0.34	0.9	1
2862.275	0.27	1.3	1
2965.4625	0.33	1.0	1
3070.1125	0.43	0.9	1
3176.875	0.27	1.3	1
3285.75	0.28	1.3	1
3396.9	0.25	1.4	1
3510.65	0.23	1.6	1
3625.8625	0.25	0.9	1
3743.1875	0.27	1.3	1
3862.3	0.3	1.1	1
3983.3625	0.33	1.2	1
4106.05	0.36	1.0	1
4230.525000000001	0.26	1.1	1
4357.925	0.21	1.8	1
4488.25	0.23	1.8	1
4620.525	0.27	1.2	1
4755.237499999999	0.27	1.5	1
4891.249999999999	0.39	0.8	1
5029.212499999999	0.28	1.2	1
5168.962499999999	0.26	1.1	1
5310.824999999999	0.28	1.3	1
5453.987499999999	0.31	0.8	1
5599.262499999999	0.27	1.3	1
5745.999999999999	0.29	0.9	1
5894.199999999999	0.35	0.9	1
6044.3499999999985	0.28	1.2	1
6196.124999999998	0.28	1.0	1
6350.6624999999985	0.2	1.7	1
6507.4749999999985	0.27	1.4	1
6665.9124999999985	0.31	1.0	1
6826.462499999999	0.27	1.3	1
6989.774999999999	0.26	1.7	1
7154.549999999998	0.36	0.9	1
7322.087499999999	0.25	1.7	1
7490.924999999998	0.3	0.8	1
7661.387499999998	0.34	1.0	1
7833.962499999998	0.27	1.3	1
8008.324999999998	0.28	1.1	1
8184.474999999998	0.23	1.1	1
8362.737499999997	0.28	1.3	1
8542.462499999998	0.29	0.9	1
8724.299999999997	0.28	1.3	1
8907.437499999998	0.33	0.8	1
9092.524999999998	0.29	1.2	1
9279.399999999998	0.29	1.1	1
9468.062499999998	0.29	1.1	1
9657.024999999998	0.36	0.8	1
9847.612499999997	0.27	1.0	1
10040.312499999998	0.27	1.3	1
10234.637499999999	0.33	1.0	1
10430.5875	0.28	1.0	1
10628.0	0.32	0.9	1
10826.7125	0.35	0.8	1
11026.887499999999	0.32	0.9	1
11228.687499999998	0.29	1.0	1
11431.949999999999	0.31	0.9	1
11638.137499999999	0.21	1.8	1
11845.787499999999	0.32	0.9	1
12055.55	0.23	1.3	1
12266.775	0.36	0.9	1
12479.7875	0.27	1.1	1
12695.237500000001	0.23	1.5	1
12912.6375	0.23	1.2	1
13131.5	0.3	0.9	1
13351.9875	0.28	1.0	1
13574.75	0.25	1.4	1
13798.975	0.36	0.9	1
14024.5	0.36	0.8	1
14251.65	0.31	1.0	1
14480.5875	0.3	1.1	1
14710.9875	0.33	0.9	1
14943.175	0.27	1.1	1
15176.824999999999	0.26	0.9	1
15411.937499999998	0.28	0.9	1
15648.674999999997	0.29	1.0	1
15887.037499999997	0.29	1.0	1
16127.187499999996	0.29	1.1	1
16369.124999999996	0.29	1.1	1
16612.849999999995	0.29	1.1	1
16858.687499999996	0.25	1.3	1
17106.149999999998	0.28	1.0	1
17355.562499999996	0.24	1.2	1
17606.762499999997	0.28	1.1	1
17860.237499999996	0.22	1.4	1
18116.312499999996	0.22	1.6	1
18374.662499999995	0.25	1.4	1
18635.449999999993	0.24	1.5	1
18898.187499999993	0.26	1.2	1
19163.03749999999	0.27	1.3	1
19429.187499999993	0.33	0.8	1
19697.449999999993	0.22	1.3	1
19967.337499999994	0.31	1.0	1
20238.524999999994	0.32	0.8	1
20511.174999999996	0.33	0.9	1
20785.124999999996	0.32	0.8	1
21060.374999999996	0.32	0.8	1
21337.574999999997	0.28	1.2	1
21616.399999999998	0.36	1.0	1
21897.012499999997	0.25	1.1	1
22179.4125	0.32	1.1	1
22464.4125	0.26	1.6	1
22751.3625	0.28	1.2	1
23039.774999999998	0.28	0.9	1
23329.812499999996	0.31	1.0	1
23621.312499999996	0.33	0.9	1
23914.112499999996	0.35	0.8	1
24208.537499999995	0.25	1.0	1
24504.912499999995	0.25	1.2	1
24802.749999999996	0.29	0.9	1
25102.049999999996	0.32	0.9	1
25403.137499999997	0.31	1.1	1
25706.174999999996	0.3	1.2	1
26010.674999999996	0.3	0.9	1
26317.124999999996	0.29	1.2	1
26625.199999999997	0.3	1.0	1
26934.899999999998	0.29	1.0	1
27246.712499999998	0.22	1.3	1
27560.149999999998	0.32	1.0	1
27875.212499999998	0.28	1.0	1
28192.062499999996	0.29	1.1	1
28510.374999999996	0.31	0.9	1
28830.637499999997	0.27	1.2	1
29152.687499999996	0.27	1.1	1
29476.524999999998	0.26	1.1	1
29802.312499999996	0.27	1.2	1
30129.887499999997	0.27	1.1	1
30458.924999999996	0.28	0.9	1
30789.749999999996	0.27	1.1	1
31122.687499999996	0.3	1.3	1
31457.574999999997	0.31	1.2	1
31794.4125	0.29	1.2	1
32132.875	0.3	1.0	1
32472.8	0.37	0.9	1
32814.5125	0.36	1.1	1
33157.6875	0.3	0.9	1
33502.65	0.31	1.1	1
33849.075000000004	0.29	0.9	1
34197.12500000001	0.26	1.0	1
34547.61250000001	0.27	1.5	1
34900.53750000001	0.24	1.5	1
35255.087500000016	0.35	1.0	1
35611.10000000001	0.35	0.9	1
35968.57500000001	0.31	0.9	1
36327.83750000001	0.3	1.1	1
36689.05000000001	0.27	1.2	1
37053.02500000001	0.22	1.7	1
37419.76250000001	0.23	1.7	1
37788.77500000001	0.24	1.4	1
38159.412500000006	0.35	1.0	1
38532.00000000001	0.26	1.2	1
38906.37500000001	0.28	1.1	1
39282.21250000001	0.29	0.9	1
39659.83750000001	0.25	1.1	1
40039.412500000006	0.3	1.2	1
40420.450000000004	0.25	0.9	1
40803.1125	0.28	1.0	1
41186.4	0.3	1.0	1
41571.637500000004	0.26	1.2	1
41958.50000000001	0.3	1.0	1
42347.31250000001	0.32	1.2	1
42737.912500000006	0.33	1.1	1
43130.62500000001	0.24	1.3	1
43524.637500000004	0.29	0.8	1
43920.925	0.24	1.4	1
44318.512500000004	0.32	0.8	1
44718.05	0.3	1.2	1
45119.700000000004	0.27	1.3	1
45523.137500000004	0.25	1.1	1
45928.3625	0.27	1.1	1
46336.025	0.27	1.5	1
46744.9875	0.36	0.8	1
47156.55	0.28	1.6	1
47569.575000000004	0.32	0.9	1
47985.68750000001	0.21	1.9	1
48404.40000000001	0.26	1.6	1
48825.225000000006	0.26	1.3	1
49247.675	0.23	1.0	1
49672.5625	0.22	1.5	1
50099.725	0.24	1.4	1
50529.0	0.25	1.3	1
50960.0625	0.33	1.1	1
51393.2375	0.26	1.3	1
51827.875	0.3	0.9	1
52265.6	0.21	1.9	1
52704.625	0.34	0.8	1
53145.4375	0.3	1.1	1
53588.2	0.31	1.2	1
54032.587499999994	0.29	1.0	1
54478.43749999999	0.38	0.9	1
54927.212499999994	0.2	1.8	1
55377.93749999999	0.23	1.2	1
55830.774999999994	0.23	1.3	1
56285.56249999999	0.24	1.2	1
56742.299999999996	0.26	1.2	1
57200.6625	0.32	1.0	1
57660.975	0.28	1.2	1
58123.075	0.3	1.1	1
58587.45	0.22	1.4	1
59053.774999999994	0.3	1.2	1
59521.72499999999	0.28	1.0	1
59990.97499999999	0.32	0.8	1
60462.17499999999	0.26	1.2	1
60934.999999999985	0.33	1.0	1
61409.44999999998	0.31	1.0	1
61885.36249999998	0.31	0.9	1
62363.38749999998	0.31	1.3	1
62843.36249999998	0.3	1.2	1
63325.44999999998	0.26	1.3	1
63809.162499999984	0.28	1.0	1
64294.33749999999	0.37	0.9	1
64781.13749999999	0.29	1.0	1
65270.37499999999	0.27	1.5	1
65761.8875	0.27	1.4	1
66254.8625	0.32	0.9	1
66749.1375	0.29	0.8	1
67245.03749999999	0.31	1.0	1
67743.7	0.22	1.7	1
68244.47499999999	0.25	1.3	1
68746.7125	0.3	0.9	1
69249.73749999999	0.28	1.1	1
69754.54999999999	0.29	1.1	1
70260.66249999999	0.36	0.8	1
70768.56249999999	0.28	1.1	1
71278.73749999999	0.19	1.4	1
71791.025	0.25	1.3	1
72305.75	0.29	1.5	1
72823.2375	0.24	1.7	1
73342.675	0.32	1.2	1
73863.7375	0.35	1.0	1
74386.425	0.34	1.0	1
74911.225	0.24	1.3	1
75438.46250000001	0.25	1.5	1
75967.1625	0.34	0.9	1
76497.4875	0.28	1.0	1
77029.6	0.32	1.1	1
77564.3125	0.24	1.6	1
78101.3	0.25	1.4	1
78640.2375	0.26	1.2	1
79180.8	0.34	1.0	1
79723.3125	0.28	1.2	1
80267.6125	0.31	1.1	1
80813.21250000001	0.39	0.8	1
81360.6	0.32	1.1	1
81909.9375	0.29	1.2	1
82461.3875	0.26	1.3	1
83014.78749999999	0.26	1.2	1
83570.1375	0.31	1.2	1
84126.78749999999	0.37	0.8	1
84685.3875	0.3	1.2	1
85246.09999999999	0.27	1.3	1
85809.24999999999	0.27	1.5	1
86374.51249999998	0.27	1.3	1
86941.88749999998	0.25	1.3	1
87510.56249999999	0.39	0.8	1
88081.67499999999	0.22	1.5	1
88654.41249999999	0.31	1.0	1
89228.45	0.35	0.8	1
89804.4375	0.3	1.2	1
90382.05	0.36	1.0	1
90961.77500000001	0.24	1.3	1
91542.96250000001	0.29	0.9	1
92126.425	0.26	1.4	1
92711.675	0.33	1.1	1
93298.225	0.33	0.8	1
93886.5625	0.31	1.1	1
94477.3375	0.23	1.5	1
95070.3875	0.25	1.4	1
95665.3875	0.3	1.2	1
96262.3375	0.28	1.2	1
96860.75	0.35	0.9	1
97461.7625	0.22	1.6	1
98064.4	0.34	1.0	1
98669.3125	0.25	1.4	1
99276.0125	0.31	1.1	1
99884.175	0.35	0.9	1
100494.125	0.27	1.1	1
101106.025	0.31	1.2	1
101720.03749999999	0.26	1.3	1
102336.81249999999	0.24	1.7	1
102954.88749999998	0.3	0.8	1
103575.07499999998	0.29	1.3	1
104196.56249999999	0.33	0.8	1
104818.99999999999	0.28	1.2	1
105443.06249999999	0.3	1.0	1
106069.56249999999	0.19	1.5	1
106698.01249999998	0.3	1.2	1
107328.57499999998	0.26	1.3	1
107960.92499999999	0.25	1.1	1
108594.57499999998	0.33	0.8	1
109229.68749999999	0.3	0.9	1
109866.09999999999	0.3	0.8	1
110504.78749999999	0.26	1.4	1
111145.09999999999	0.3	1.0	1
111788.17499999999	0.25	1.7	1
112432.7125	0.3	0.9	1
113079.36249999999	0.28	1.3	1
113727.79999999999	0.31	1.1	1
114378.67499999999	0.25	1.5	1
115031.17499999999	0.34	1.0	1
115684.97499999999	0.32	0.8	1
116340.56249999999	0.31	1.1	1
116998.26249999998	0.28	1.3	1
117657.58749999998	0.26	1.0	1
118318.53749999998	0.33	1.0	1
118980.78749999998	0.36	0.8	1
119644.49999999997	0.41	0.9	1
120310.48749999997	0.27	1.4	1
120978.09999999998	0.32	1.0	1
121647.66249999998	0.31	1.2	1
122318.84999999998	0.28	1.0	1
122992.14999999998	0.26	1.3	1
123667.07499999998	0.34	1.0	1
124343.78749999998	0.32	1.1	1
125022.44999999998	0.3	1.2	1
125702.41249999998	0.37	0.8	1
126383.83749999998	0.36	0.9	1
127067.21249999998	0.23	1.2	1
127753.18749999999	0.22	1.6	1
128440.62499999999	0.31	0.9	1
129129.84999999999	0.28	1.1	1
129820.7	0.34	1.0	1
130513.5	0.28	1.2	1
131208.9	0.23	1.6	1
131906.4125	0.24	1.3	1
132605.225	0.31	0.8	1
133305.5	0.33	0.9	1
134008.2125	0.23	1.5	1
134712.875	0.29	1.2	1
135418.8375	0.29	0.8	1
136126.1	0.3	0.8	1
136834.825	0.37	0.9	1
137545.98750000002	0.22	1.5	1
138259.1	0.3	1.2	1
138974.1625	0.26	1.2	1
139690.6875	0.32	0.9	1
140408.5125	0.31	0.8	1
141128.77500000002	0.28	1.5	1
141851.15000000002	0.26	1.3	1
