1.5640999999999998	0.28	1.1	1
5.4007000000000005	0.26	1.6	1
10.801400000000001	0.29	1.1	1
17.6246	0.33	1.0	1
25.5869	0.34	0.8	1
35.113299999999995	0.28	1.1	1
46.345499999999994	0.31	1.2	1
59.141799999999996	0.31	1.1	1
73.07719999999999	0.34	0.8	1
87.7267	0.34	0.5	1
104.082	0.29	1.2	1
122.4264	0.28	1.4	1
142.6183	0.24	1.3	1
164.2327	0.3	1.0	1
187.8362	0.24	1.4	1
212.5788	0.38	0.8	1
239.3105	0.24	1.4	1
267.323	0.31	0.9	1
297.3246	0.28	1.4	1
328.0403	0.39	0.5	1
360.1785	0.3	1.0	1
393.45579999999995	0.39	0.8	1
429.14719999999994	0.22	1.7	1
466.4026999999999	0.31	1.1	1
505.0806999999999	0.36	1.0	1
545.1811999999999	0.32	1.0	1
587.1291999999999	0.29	1.3	1
631.3496999999999	0.25	1.6	1
676.8509999999999	0.4	0.9	1
723.9163999999998	0.28	1.1	1
772.5458999999998	0.3	1.1	1
822.3144999999998	0.38	0.8	1
873.7888999999998	0.29	1.2	1
927.2523999999997	0.31	1.4	1
982.4216999999998	0.27	1.2	1
1039.4384999999997	0.27	1.3	1
1098.4443999999999	0.26	1.4	1
1159.0143999999998	0.25	1.1	1
1221.0068999999999	0.32	1.0	1
1283.4301999999998	0.47	0.3	1
1347.7009999999998	0.24	1.3	1
1413.6775999999998	0.25	1.2	1
1480.9349999999997	0.33	0.9	1
1549.7564999999997	0.3	1.1	1
1620.0004999999996	0.29	1.0	1
1692.5169999999996	0.25	1.6	1
1766.5975999999996	0.33	1.1	1
1842.1006999999995	0.32	1.0	1
1919.4512999999995	0.24	1.3	1
1998.0826999999995	0.33	0.9	1
2077.7115999999996	0.37	0.7	1
2158.7629999999995	0.32	1.0	1
2241.0951999999993	0.34	0.9	1
2324.708199999999	0.33	0.9	1
2409.601999999999	0.3	0.9	1
2496.484899999999	0.26	1.4	1
2584.365299999999	0.36	0.7	1
2673.384799999999	0.34	0.8	1
2763.968399999999	0.28	1.1	1
2856.116099999999	0.29	1.1	1
2950.2528999999986	0.28	1.4	1
3045.8121999999985	0.27	1.0	1
3142.6522999999984	0.34	0.9	1
3241.0564999999983	0.33	1.1	1
3341.1664999999985	0.26	1.2	1
3442.8405999999986	0.29	1.1	1
3545.5121999999988	0.37	0.7	1
3649.8895999999986	0.26	1.2	1
3755.5477999999985	0.37	0.9	1
3862.6284999999984	0.3	1.0	1
3971.4149999999986	0.31	1.2	1
4082.1905999999985	0.29	1.4	1
4194.5302999999985	0.3	1.1	1
4308.575799999999	0.3	1.2	1
4424.468799999999	0.25	1.3	1
4541.925899999998	0.28	1.1	1
4660.9470999999985	0.32	1.1	1
4781.390799999998	0.34	1.0	1
4903.681999999998	0.23	1.3	1
5027.537299999998	0.31	1.1	1
5152.815099999998	0.3	1.0	1
5279.515399999998	0.34	1.0	1
5407.6381999999985	0.3	1.0	1
5537.750099999998	0.22	1.4	1
5669.851099999998	0.25	1.4	1
5803.232899999998	0.29	0.9	1
5938.462199999998	0.26	1.3	1
6075.680599999998	0.27	1.4	1
6215.313099999998	0.22	1.7	1
6356.226399999998	0.36	0.9	1
6499.412199999998	0.24	1.6	1
6644.445499999998	0.3	1.3	1
6790.759599999998	0.33	0.9	1
6938.637799999998	0.3	1.1	1
7087.796799999997	0.34	0.9	1
7239.086599999997	0.22	1.5	1
7391.657199999997	0.32	0.9	1
7545.7918999999965	0.27	1.1	1
7701.349099999997	0.34	1.0	1
7859.178799999997	0.21	1.6	1
8018.289299999997	0.38	0.9	1
8179.530599999996	0.22	1.5	1
8342.194399999997	0.26	1.0	1
8505.855699999996	0.35	0.7	1
8671.222799999996	0.25	1.2	1
8838.012399999996	0.33	1.0	1
9005.941099999996	0.35	0.8	1
9175.575599999996	0.27	1.2	1
9346.349199999997	0.35	0.8	1
9518.403599999998	0.31	0.9	1
9692.163799999998	0.31	1.2	1
9867.488099999999	0.29	1.1	1
10044.518199999999	0.29	1.2	1
10223.112399999998	0.28	1.1	1
10403.129099999998	0.3	1.0	1
10584.568299999999	0.29	1.0	1
10766.855	0.27	1.3	1
10950.7058	0.3	1.1	1
11135.8374	0.33	0.9	1
11322.2498	0.38	0.9	1
11509.943	0.31	0.9	1
11699.341999999999	0.25	1.2	1
11890.163499999999	0.31	1.0	1
12082.124099999999	0.33	0.8	1
12275.2238	0.43	0.8	1
12469.462599999999	0.3	0.8	1
12665.5489	0.26	1.3	1
12862.916	0.37	0.9	1
13062.4139	0.22	1.5	1
13263.900899999999	0.24	1.4	1
13466.526999999998	0.27	0.8	1
13670.575599999998	0.27	1.0	1
13876.046699999999	0.29	1.0	1
14083.2236	0.27	1.2	1
14292.1063	0.3	1.2	1
14502.4115	0.3	1.0	1
14714.1392	0.3	1.0	1
14927.572699999999	0.28	1.2	1
15142.286999999998	0.3	0.9	1
15358.423799999999	0.31	1.0	1
15576.266399999999	0.3	1.2	1
15795.673099999998	0.28	1.1	1
16016.502299999998	0.33	1.0	1
16239.603999999998	0.24	1.6	1
16464.1282	0.29	1.0	1
16690.0749	0.3	1.0	1
16918.435699999998	0.21	1.7	1
17148.218999999997	0.27	1.0	1
17379.566399999996	0.27	1.1	1
17611.627899999996	0.33	0.5	1
17844.970199999996	0.35	0.9	1
18080.018299999996	0.33	1.2	1
18316.630499999996	0.33	1.1	1
18554.665199999996	0.3	1.0	1
18794.547399999996	0.23	1.3	1
19036.277099999996	0.27	1.3	1
19279.429299999996	0.33	1.0	1
19523.862299999997	0.35	0.9	1
19769.4344	0.33	0.8	1
20016.2873	0.38	0.9	1
20264.7043	0.27	1.1	1
20514.827100000002	0.28	1.2	1
20766.514000000003	0.3	1.1	1
21020.048400000003	0.26	1.3	1
21274.721900000004	0.36	0.8	1
21530.959500000004	0.25	1.1	1
21788.761200000004	0.27	1.1	1
22048.268700000004	0.29	1.2	1
22309.198700000004	0.3	1.0	1
22571.692800000004	0.3	1.1	1
22836.034400000004	0.26	1.3	1
23101.798500000004	0.35	1.0	1
23369.551700000004	0.25	1.4	1
23638.727400000003	0.33	1.0	1
23909.183900000004	0.32	0.9	1
24181.062900000004	0.31	1.0	1
24454.647700000005	0.22	1.2	1
24729.513300000006	0.29	0.9	1
25005.518000000007	0.35	0.8	1
25282.66180000001	0.35	0.8	1
25561.51140000001	0.26	1.2	1
25841.641800000012	0.33	0.9	1
26123.336300000014	0.3	1.1	1
26406.878300000015	0.26	1.3	1
26692.126100000016	0.25	1.2	1
26979.646400000016	0.25	1.6	1
27269.014200000016	0.27	1.3	1
27559.946100000016	0.28	1.1	1
27852.158800000016	0.26	0.9	1
28146.927300000014	0.23	1.8	1
28443.684900000015	0.21	1.4	1
28741.581600000016	0.33	0.8	1
29041.750800000016	0.21	1.6	1
29342.917500000018	0.38	0.7	1
29645.93170000002	0.23	1.3	1
29950.51000000002	0.34	1.1	1
30256.93580000002	0.26	1.3	1
30564.500700000022	0.32	0.8	1
30873.629700000023	0.23	1.1	1
31184.039500000024	0.34	0.9	1
31496.013400000025	0.29	1.1	1
31809.126400000026	0.42	0.8	1
32123.803500000027	0.31	1.1	1
32440.894700000026	0.21	1.7	1
32759.266700000026	0.3	0.9	1
33079.061200000026	0.28	1.0	1
33400.13650000002	0.34	0.9	1
33723.484300000026	0.21	1.6	1
34048.25460000002	0.25	1.0	1
34374.58900000002	0.24	1.1	1
34702.34590000002	0.34	1.0	1
35031.52530000002	0.29	1.0	1
35361.70220000002	0.34	0.7	1
35693.15990000002	0.35	0.9	1
36026.04010000002	0.32	1.0	1
36361.19280000002	0.24	1.6	1
36697.62630000002	0.31	0.9	1
37035.76560000002	0.29	1.2	1
37375.75240000002	0.32	1.3	1
37717.16170000002	0.3	1.0	1
38059.99350000002	0.3	1.0	1
38404.24780000002	0.34	1.0	1
38749.78290000002	0.31	0.9	1
39097.30710000002	0.26	1.4	1
39446.82040000002	0.24	1.4	1
39798.03950000002	0.3	1.2	1
40151.67270000002	0.22	1.7	1
40506.728400000015	0.35	1.0	1
40862.92320000001	0.36	0.8	1
41220.54050000001	0.3	1.0	1
41579.72190000001	0.26	1.1	1
41940.32580000001	0.32	1.0	1
42303.48550000001	0.22	1.8	1
42668.06770000001	0.28	1.0	1
43034.78070000001	0.23	1.5	1
43402.91620000001	0.27	1.0	1
43772.75750000001	0.28	1.2	1
44144.729600000006	0.3	1.5	1
44518.124200000006	0.31	1.0	1
44893.36630000001	0.22	1.3	1
45270.59750000001	0.27	1.4	1
45649.25120000001	0.25	1.0	1
46029.61070000001	0.24	1.2	1
46411.25100000001	0.29	0.9	1
46794.59710000001	0.28	1.2	1
47178.79070000001	0.28	1.3	1
47565.39840000001	0.24	1.7	1
47953.286900000014	0.3	0.9	1
48342.73950000001	0.3	1.1	1
48733.75620000001	0.33	1.1	1
49127.32870000001	0.24	1.8	1
49522.46530000001	0.27	1.1	1
49918.88270000001	0.32	0.9	1
50316.86420000001	0.24	1.1	1
50716.69320000001	0.28	1.3	1
51117.51970000001	0.38	0.7	1
51520.76030000001	0.22	1.7	1
51925.14000000001	0.34	0.8	1
52330.942200000005	0.35	1.0	1
52737.316900000005	0.51	0.4	1
53144.830700000006	0.36	0.8	1
53553.62530000001	0.28	0.9	1
53963.417400000006	0.34	0.7	1
54374.91530000001	0.31	1.2	1
54787.977300000006	0.25	1.1	1
55202.88680000001	0.29	1.3	1
55619.502100000005	0.28	1.2	1
56038.531500000005	0.24	1.7	1
56458.841700000004	0.33	0.9	1
56881.991	0.2	2.0	1
57306.9878	0.24	1.3	1
57732.9821	0.34	0.7	1
58160.6822	0.24	1.2	1
58589.663100000005	0.3	0.9	1
59020.91650000001	0.22	1.6	1
59453.45070000001	0.3	0.9	1
59887.549000000006	0.29	1.1	1
60323.49480000001	0.25	1.3	1
60760.86310000001	0.34	1.0	1
61199.51220000001	0.31	0.9	1
61639.583800000015	0.31	1.0	1
62081.92790000002	0.23	1.6	1
62525.55280000002	0.33	0.9	1
62971.16680000002	0.28	1.4	1
63418.48660000002	0.28	1.2	1
63867.22890000002	0.3	1.0	1
64317.393700000015	0.29	1.0	1
64769.68930000001	0.25	1.5	1
65223.832400000014	0.25	1.3	1
65679.53960000002	0.26	1.1	1
66136.66930000002	0.3	1.0	1
66595.22150000003	0.31	1.0	1
67055.33780000002	0.27	1.1	1
67516.73490000002	0.37	0.9	1
67979.69610000003	0.36	1.1	1
68444.22140000002	0.27	1.1	1
68910.02750000003	0.33	0.9	1
69377.39770000003	0.42	1.1	1
69846.04870000003	0.29	0.9	1
70317.25550000003	0.19	1.8	1
70790.02640000003	0.28	1.1	1
71264.50310000003	0.25	1.2	1
71740.96890000004	0.25	1.4	1
72218.99880000003	0.29	1.1	1
72698.73450000004	0.31	1.2	1
73180.03430000003	0.31	1.1	1
73662.89820000003	0.27	1.1	1
74147.32620000002	0.3	1.1	1
74633.74330000003	0.25	1.4	1
75121.72450000003	0.3	1.1	1
75610.70320000003	0.39	0.7	1
76100.52940000003	0.22	1.3	1
76592.20310000003	0.25	1.3	1
77085.29930000003	0.31	1.0	1
77580.10130000002	0.27	1.2	1
78076.46740000002	0.34	1.1	1
78574.39760000003	0.3	1.1	1
79074.03360000002	0.26	1.2	1
79575.37540000002	0.29	1.2	1
80078.13970000001	0.3	1.0	1
80582.60980000002	0.29	1.2	1
81088.36070000002	0.32	0.9	1
81595.81740000001	0.3	1.2	1
82104.83820000001	0.26	1.1	1
82615.56480000001	0.3	1.2	1
83128.1389	0.26	1.3	1
83642.2771	0.3	1.1	1
84157.83780000001	0.32	1.0	1
84676.096	0.19	1.9	1
85196.485	0.26	1.5	1
85719.0048	0.23	1.5	1
86242.8054	0.32	0.9	1
86768.1701	0.29	1.1	1
87295.0989	0.28	1.1	1
87824.0168	0.29	1.4	1
88354.0738	0.3	0.8	1
88885.5533	0.32	1.0	1
89418.5969	0.32	1.1	1
89953.488	0.29	1.3	1
90489.9432	0.26	1.1	1
91027.82089999999	0.3	1.0	1
91566.83769999999	0.36	0.8	1
92107.70199999999	0.22	1.3	1
92650.55539999998	0.28	1.4	1
93194.97289999998	0.31	1.1	1
93740.81289999998	0.28	1.0	1
94288.64199999998	0.28	1.4	1
94838.31859999998	0.29	1.3	1
95389.41769999999	0.35	1.0	1
95941.79759999999	0.31	0.9	1
96495.59999999999	0.28	1.0	1
97050.68319999998	0.27	0.9	1
97607.18889999998	0.34	1.0	1
98165.54209999998	0.31	1.3	1
98725.45939999998	0.3	1.1	1
99287.50749999998	0.26	1.5	1
99850.97809999998	0.34	1.0	1
100416.01279999998	0.29	1.1	1
100982.75329999998	0.27	1.2	1
101551.19959999998	0.29	1.2	1
102121.77669999997	0.26	1.5	1
102693.91789999997	0.28	1.1	1
103267.62319999997	0.31	1.1	1
103842.89259999998	0.31	1.1	1
104419.58449999998	0.32	1.0	1
104997.69889999999	0.31	1.0	1
105576.09409999999	0.35	0.9	1
106156.05339999999	0.3	1.1	1
106737.8602	0.28	1.3	1
107321.9395	0.25	1.6	1
107908.4329	0.21	1.7	1
108496.3488	0.31	1.0	1
109086.2538	0.26	1.4	1
109677.8646	0.27	1.2	1
110270.8979	0.33	1.0	1
110865.35369999999	0.31	1.0	1
111461.0903	0.36	0.9	1
112058.2494	0.35	1.0	1
112657.1143	0.26	1.2	1
113258.11	0.25	1.5	1
113860.8115	0.29	1.2	1
114464.7938	0.34	0.9	1
115070.6236	0.25	1.3	1
115678.3009	0.25	1.3	1
116287.68400000001	0.22	1.2	1
116899.90620000001	0.23	2.0	1
117514.68420000002	0.23	1.8	1
118131.30970000001	0.26	1.3	1
118750.066	0.26	1.5	1
119370.3864	0.29	1.1	1
119992.8376	0.23	1.5	1
120617.2779	0.29	1.4	1
121244.5573	0.2	2.0	1
121873.9675	0.24	1.5	1
122504.9418	0.26	1.1	1
123138.0469	0.25	1.5	1
123772.7161	0.27	1.1	1
124408.94940000001	0.29	1.1	1
125046.6052	0.32	1.0	1
125685.6835	0.36	1.0	1
126326.4676	0.26	1.2	1
126969.0992	0.26	1.3	1
127613.2949	0.33	1.1	1
128260.32969999999	0.19	2.0	1
128908.50359999998	0.34	0.8	1
129559.09159999999	0.25	1.7	1
130211.10209999999	0.27	1.0	1
130864.5351	0.31	1.0	1
131519.8156	0.26	1.3	1
132176.5186	0.28	1.0	1
132835.4941	0.24	1.6	1
133495.75040000002	0.35	0.9	1
134157.4292	0.29	1.0	1
134820.1055	0.39	0.7	1
135484.7709	0.25	1.4	1
136150.85880000002	0.33	1.0	1
136818.65250000003	0.28	1.2	1
137487.727	0.3	0.9	1
138157.9406	0.39	0.8	1
138829.435	0.33	0.9	1
139502.6352	0.3	1.2	1
140177.68289999999	0.31	1.3	1
140854.8614	0.23	1.5	1
141533.7457	0.26	1.2	1
142213.9108	0.38	0.9	1
142895.3567	0.37	0.9	1
143579.07510000002	0.25	1.6	1
144264.641	0.25	1.3	1
144951.6294	0.35	1.0	1
145640.3236	0.29	1.2	1
146330.5819	0.3	1.1	1
147022.2627	0.27	1.0	1
