1.8725	0.25	1.4	1
5.4841	0.22	1.3	1
10.7015	0.24	1.2	1
17.5247	0.25	1.2	1
25.953699999999998	0.26	1.2	1
35.9885	0.28	1.2	1
47.6291	0.29	1.2	1
60.8755	0.29	1.2	1
75.9944	0.25	1.4	1
92.7191	0.31	1.2	1
110.5163	0.29	0.8	1
129.786	0.3	1.1	1
150.5282	0.35	1.1	1
172.6095	0.3	1.0	1
197.0966	0.21	1.8	1
222.9228	0.36	1.0	1
250.6215	0.24	1.4	1
279.3927	0.25	0.8	1
310.5697	0.23	1.8	1
343.0858	0.29	1.0	1
377.0744	0.25	1.1	1
412.4021	0.32	1.0	1
448.53560000000004	0.36	0.6	1
486.27490000000006	0.28	1.2	1
525.0867000000001	0.34	0.8	1
565.2376	0.32	1.0	1
607.6610000000001	0.19	1.7	1
651.6902	0.25	1.2	1
697.0585	0.31	1.0	1
743.7659	0.35	1.0	1
791.6791	0.38	0.9	1
840.7981	0.34	0.9	1
891.1229	0.33	0.9	1
942.9202	0.32	1.1	1
996.3233	0.26	1.2	1
1050.7989	0.35	0.8	1
1107.147	0.27	1.4	1
1165.1009	0.27	1.2	1
1224.6606	0.24	1.2	1
1285.9594	0.28	1.3	1
1348.5973	0.33	1.0	1
1412.841	0.28	1.2	1
1478.4237999999998	0.29	1.0	1
1546.0123999999998	0.25	1.5	1
1615.4734999999998	0.23	1.4	1
1686.0070999999998	0.39	0.8	1
1758.6798	0.24	1.6	1
1832.9582999999998	0.28	1.2	1
1908.3093	0.36	0.8	1
1985.3993999999998	0.24	1.3	1
2064.0953	0.27	1.2	1
2144.2637	0.31	1.1	1
2226.1711999999998	0.23	1.3	1
2309.8178	0.29	1.3	1
2394.2702	0.35	0.6	1
2480.4617	0.26	1.3	1
2567.1922999999997	0.35	0.4	1
2655.9286999999995	0.25	1.5	1
2746.5375999999997	0.25	1.4	1
2838.2189999999996	0.33	0.8	1
2930.9728999999998	0.37	0.8	1
3025.5993	0.24	1.4	1
3121.6982	0.29	1.1	1
3218.8696	0.33	0.8	1
3317.2468	0.33	0.9	1
3416.8298	0.29	0.9	1
3517.8853	0.29	1.1	1
3620.1466	0.34	0.9	1
3723.747	0.31	1.0	1
3828.4199	0.36	0.8	1
3934.5652999999998	0.29	1.1	1
4042.1832	0.31	1.1	1
4151.4069	0.29	1.2	1
4262.1031	0.26	1.1	1
4374.8051000000005	0.2	1.5	1
4489.1129	0.29	1.2	1
4604.7598	0.29	1.0	1
4722.0125	0.25	1.2	1
4840.204299999999	0.34	0.7	1
4959.735199999999	0.32	1.0	1
5080.605199999999	0.3	1.0	1
5202.947699999999	0.33	1.1	1
5327.029299999999	0.27	1.3	1
5452.316699999999	0.35	0.9	1
5578.4099	0.51	0.6	1
5706.108899999999	0.32	1.2	1
5835.547	0.28	1.3	1
5966.324199999999	0.3	1.0	1
6099.240499999999	0.22	1.6	1
6233.629299999999	0.32	1.1	1
6369.357199999999	0.33	1.0	1
6506.424199999999	0.37	1.0	1
6644.563699999999	0.38	0.8	1
6784.708999999999	0.25	1.5	1
6926.726799999999	0.22	1.4	1
7070.8836999999985	0.23	1.6	1
7217.446399999999	0.25	1.8	1
7366.681599999999	0.18	2.0	1
7517.255899999999	0.31	1.0	1
7669.702699999999	0.3	1.4	1
7823.488599999999	0.29	1.0	1
7978.880299999999	0.27	1.2	1
8136.277799999999	0.23	1.5	1
8295.147799999999	0.24	1.1	1
8455.756899999998	0.25	1.3	1
8617.571799999998	0.33	0.9	1
8780.592499999997	0.28	0.9	1
8945.485699999997	0.28	1.4	1
9111.717999999997	0.29	1.0	1
9278.689399999997	0.25	1.3	1
9447.666599999997	0.27	1.5	1
9618.249599999997	0.27	1.2	1
9790.038399999998	0.37	0.9	1
9963.299699999998	0.26	1.1	1
10137.766799999998	0.3	0.9	1
10313.972999999998	0.26	1.3	1
10491.518299999998	0.32	1.0	1
10670.669399999997	0.27	1.2	1
10851.026299999998	0.34	0.9	1
11032.988999999998	0.27	1.2	1
11216.157499999998	0.33	0.9	1
11401.065099999998	0.29	1.3	1
11587.311799999998	0.3	1.0	1
11775.030999999997	0.24	1.1	1
11964.355999999998	0.28	1.2	1
12155.286799999998	0.28	1.2	1
12347.690099999998	0.31	1.1	1
12541.565899999998	0.31	1.1	1
12737.047499999997	0.29	1.2	1
12934.001599999998	0.32	1.1	1
13132.961499999998	0.23	1.5	1
13333.260499999999	0.29	1.0	1
13534.898599999999	0.28	1.0	1
13737.609199999999	0.38	0.8	1
13941.7923	0.29	1.1	1
14147.4479	0.33	1.1	1
14354.176	0.35	0.8	1
14562.643199999999	0.23	1.3	1
14772.182899999998	0.36	0.8	1
14983.728399999998	0.23	1.5	1
15196.879699999998	0.25	1.2	1
15411.770099999998	0.28	1.3	1
15628.266299999997	0.26	1.2	1
15846.101599999998	0.3	1.0	1
16065.142699999999	0.37	0.9	1
16285.389599999999	0.32	0.9	1
16507.509	0.21	1.4	1
16730.9675	0.31	1.0	1
16956.1651	0.27	1.3	1
17182.9685	0.24	1.2	1
17410.9777	0.33	0.9	1
17640.726	0.28	1.3	1
17871.8134	0.33	1.0	1
18104.2399	0.31	1.0	1
18338.0055	0.35	1.0	1
18573.3769	0.26	1.2	1
18810.487399999998	0.26	1.3	1
19049.070399999997	0.29	1.1	1
19288.992499999997	0.3	1.0	1
19531.053699999997	0.26	1.6	1
19774.453999999998	0.3	1.0	1
20019.3268	0.34	1.1	1
20265.805399999997	0.28	1.2	1
20513.889799999997	0.26	1.2	1
20763.0467	0.3	0.8	1
21013.542699999998	0.32	1.0	1
21265.9112	0.22	1.4	1
21519.6188	0.36	1.0	1
21774.6655	0.29	1.0	1
22031.0513	0.33	1.0	1
22288.3762	0.43	0.7	1
22546.906899999998	0.3	0.9	1
22807.0434	0.29	1.2	1
23068.7857	0.28	1.2	1
23331.7338	0.35	0.9	1
23596.021	0.32	1.0	1
23861.7807	0.27	1.1	1
24128.6129	0.35	0.8	1
24396.784200000002	0.29	1.0	1
24666.2946	0.27	1.0	1
24937.2775	0.29	1.1	1
25210.5329	0.23	1.7	1
25484.9941	0.31	0.9	1
25760.7944	0.35	1.0	1
26038.8672	0.22	1.7	1
26318.8125	0.22	1.4	1
26600.0969	0.26	1.0	1
26882.987100000002	0.29	1.2	1
27167.2164	0.29	1.0	1
27453.0515	0.28	1.2	1
27740.225700000003	0.28	1.0	1
28029.539000000004	0.24	1.6	1
28320.991400000003	0.24	1.6	1
28614.316300000002	0.26	1.4	1
28909.1137	0.27	1.1	1
29205.1169	0.3	0.9	1
29503.5259	0.22	1.8	1
29803.1407	0.29	0.9	1
30104.494599999998	0.27	1.3	1
30407.321	0.31	1.1	1
30711.4865	0.27	1.0	1
31016.7245	0.35	0.8	1
31323.435	0.29	1.1	1
31631.618000000002	0.29	1.1	1
31941.006800000003	0.34	0.9	1
32251.468100000002	0.35	0.8	1
32563.4019	0.29	1.1	1
32877.2082	0.25	1.4	1
33192.2203	0.32	0.9	1
33508.438200000004	0.31	0.9	1
33826.395200000006	0.26	1.3	1
34146.35800000001	0.26	1.5	1
34467.926600000006	0.27	1.2	1
34790.70100000001	0.29	0.9	1
35115.08120000001	0.28	1.2	1
35440.93390000001	0.31	1.1	1
35767.72570000001	0.38	0.7	1
36096.39000000001	0.26	1.4	1
36426.52680000001	0.29	1.1	1
36757.73610000001	0.33	0.8	1
37090.68450000001	0.24	1.3	1
37425.37200000001	0.27	1.3	1
37761.79860000001	0.28	1.3	1
38099.831000000006	0.26	1.2	1
38439.335900000005	0.27	1.1	1
38780.4466	0.27	1.2	1
39122.896400000005	0.31	1.0	1
39466.2853	0.35	0.7	1
39811.4133	0.23	1.3	1
40158.0138	0.28	1.1	1
40506.4868	0.27	1.4	1
40856.698899999996	0.26	1.3	1
41208.6501	0.3	1.3	1
41561.9404	0.35	1.0	1
41916.169799999996	0.39	0.7	1
42272.1383	0.25	1.3	1
42629.3126	0.35	0.9	1
42986.826	0.29	1.0	1
43345.8119	0.28	1.1	1
43706.8036	0.26	1.5	1
44069.0011	0.29	0.9	1
44432.6711	0.31	1.1	1
44797.9469	0.24	1.2	1
45164.6952	0.26	1.1	1
45533.316	0.24	1.4	1
45903.1426	0.29	0.9	1
46274.441699999996	0.27	1.1	1
46647.87989999999	0.25	1.6	1
47023.323899999996	0.26	1.5	1
47399.973699999995	0.29	0.9	1
47778.096	0.28	1.1	1
48157.290799999995	0.32	0.8	1
48537.691399999996	0.36	0.9	1
48920.097799999996	0.24	1.5	1
49304.10999999999	0.27	1.2	1
49689.8613	0.25	1.3	1
50076.685099999995	0.32	0.8	1
50465.1147	0.25	1.2	1
50854.616799999996	0.34	0.8	1
51245.7247	0.23	1.2	1
51638.5717	0.27	1.3	1
52032.3578	0.34	0.7	1
52427.2164	0.34	0.8	1
52823.5475	0.31	1.1	1
53221.7511	0.2	1.4	1
53621.5605	0.29	1.2	1
54022.1757	0.37	0.6	1
54424.3967	0.29	1.2	1
54827.9568	0.3	1.0	1
55233.1227	0.29	1.2	1
55639.6277	0.31	1.0	1
56048.405199999994	0.19	1.7	1
56458.655199999994	0.26	1.1	1
56870.3777	0.3	1.1	1
57283.306	0.28	0.9	1
57697.4401	0.32	0.9	1
58113.4467	0.23	1.4	1
58531.1924	0.27	1.3	1
58950.0106	0.38	0.8	1
59370.3013	0.25	1.1	1
59792.0645	0.34	1.1	1
60215.0335	0.29	0.9	1
60639.6083	0.32	1.2	1
61065.6556	0.27	1.1	1
61493.1754	0.29	1.1	1
61922.8343	0.22	1.6	1
62354.499	0.23	1.5	1
62787.5028	0.28	1.0	1
63221.712400000004	0.31	0.9	1
63657.7945	0.22	1.4	1
64095.4824	0.28	1.2	1
64533.9761	0.41	0.6	1
64973.808899999996	0.28	1.0	1
65415.2475	0.29	1.2	1
65858.0252	0.27	1.0	1
66302.142	0.3	1.0	1
66747.73130000001	0.3	1.1	1
67194.79310000001	0.3	1.1	1
67643.06070000002	0.35	0.9	1
68092.53410000002	0.29	0.9	1
68543.48000000003	0.32	1.1	1
68996.29840000003	0.22	1.4	1
69449.45590000003	0.37	1.0	1
69903.95250000003	0.29	1.0	1
70359.92160000003	0.25	1.1	1
70817.36320000004	0.31	1.1	1
71276.54390000003	0.26	1.3	1
71737.19710000003	0.29	1.1	1
72199.05610000003	0.3	0.9	1
72662.52090000003	0.27	1.2	1
73127.45820000004	0.31	1.1	1
73594.00130000003	0.27	1.2	1
74062.41690000003	0.27	1.4	1
74532.70500000003	0.28	1.4	1
75004.59890000003	0.31	1.2	1
75477.83190000002	0.33	1.0	1
75953.07070000003	0.25	1.5	1
76430.31530000003	0.23	1.5	1
76908.89900000003	0.31	1.0	1
77389.22180000003	0.29	1.3	1
77870.61710000003	0.33	0.8	1
78353.75150000003	0.26	1.3	1
78837.95840000003	0.36	0.8	1
79323.77110000003	0.31	1.2	1
79811.45630000003	0.24	1.4	1
80301.14730000004	0.25	1.5	1
80792.31080000004	0.29	1.1	1
81285.21340000004	0.24	1.3	1
81779.72180000004	0.29	1.2	1
82275.70270000004	0.31	1.1	1
82773.02270000005	0.33	1.0	1
83271.94850000004	0.31	1.2	1
83772.34680000004	0.3	1.1	1
84275.15090000004	0.24	1.8	1
84779.16080000004	0.34	0.9	1
85284.64320000003	0.3	1.1	1
85791.33140000004	0.35	0.9	1
86299.49210000003	0.31	1.1	1
86809.39190000003	0.26	1.3	1
87320.89750000004	0.27	1.2	1
87833.87560000003	0.28	1.1	1
88348.59280000003	0.29	1.3	1
88865.18250000002	0.27	1.4	1
89383.24470000002	0.28	1.1	1
89903.04600000003	0.27	1.3	1
90424.45310000003	0.31	1.2	1
90947.73270000002	0.25	1.4	1
91472.61810000002	0.29	1.2	1
91998.84260000002	0.32	1.0	1
92526.80620000002	0.28	1.3	1
93056.50890000002	0.26	1.3	1
93587.55070000002	0.27	1.0	1
94120.06500000002	0.36	1.1	1
94654.31840000002	0.24	1.3	1
95189.77760000002	0.27	0.9	1
95726.97590000002	0.25	1.3	1
96266.18000000002	0.25	1.5	1
96807.12320000002	0.24	1.3	1
97349.27220000002	0.28	0.9	1
97893.29370000002	0.26	1.4	1
98438.65430000002	0.32	1.0	1
98985.35400000002	0.27	1.0	1
99533.65950000002	0.28	1.2	1
100083.03750000002	0.4	0.8	1
100633.62130000001	0.35	0.9	1
101185.67760000001	0.34	1.1	1
101739.6064	0.26	1.4	1
102295.141	0.34	1.2	1
102852.1481	0.28	1.1	1
103410.361	0.37	0.9	1
103970.0464	0.29	1.1	1
104530.9376	0.29	0.9	1
105093.43460000001	0.29	1.2	1
105657.93740000001	0.27	1.5	1
106223.5127	0.3	0.8	1
106790.4271	0.31	1.0	1
107359.3473	0.25	1.5	1
107929.87329999999	0.26	1.2	1
108500.8718	0.28	1.1	1
109073.60939999999	0.28	1.3	1
109647.81949999998	0.25	1.1	1
110223.10209999999	0.31	0.8	1
110800.2572	0.25	1.4	1
111378.48479999999	0.39	0.8	1
111958.1849	0.27	1.1	1
112539.8908	0.25	1.5	1
113122.93579999999	0.25	1.0	1
113707.7199	0.27	1.3	1
114293.97649999999	0.27	1.1	1
114881.83889999999	0.28	1.2	1
115471.30709999999	0.23	1.2	1
116061.98109999999	0.3	0.9	1
116654.66089999999	0.26	1.5	1
117248.41319999998	0.4	0.8	1
117844.03799999999	0.24	1.4	1
118440.73529999999	0.33	0.8	1
119038.90509999999	0.32	1.1	1
119638.68069999998	0.31	1.2	1
120239.92879999998	0.34	1.1	1
120843.31599999998	0.27	1.6	1
121447.77569999998	0.34	0.8	1
122053.70789999998	0.31	1.1	1
122660.97919999997	0.32	1.0	1
123269.98959999997	0.26	1.3	1
123880.87249999997	0.27	1.4	1
124493.49449999997	0.23	1.3	1
125107.45559999997	0.27	1.0	1
125723.15579999998	0.25	1.3	1
126340.06179999998	0.35	0.9	1
126958.30689999998	0.3	1.0	1
127577.89109999998	0.26	1.0	1
128199.08109999998	0.26	1.2	1
128821.61019999998	0.27	1.0	1
129445.74509999999	0.27	1.2	1
130071.08579999999	0.34	0.9	1
130697.76559999998	0.33	1.0	1
131325.51789999998	0.33	0.8	1
131954.60929999998	0.28	1.0	1
132585.4398	0.29	1.3	1
133218.4094	0.2	1.6	1
133852.5848	0.34	0.9	1
134488.366	0.26	1.2	1
135125.48630000002	0.32	1.0	1
135763.9457	0.32	1.0	1
136404.2776	0.29	1.4	1
137046.3486	0.25	1.3	1
137691.0921	0.21	2.0	1
138337.04140000002	0.3	0.9	1
138984.86320000002	0.26	1.4	1
139634.55750000002	0.25	1.4	1
140285.99090000003	0.27	1.3	1
140938.76340000003	0.3	1.0	1
141593.27500000002	0.28	1.3	1
142249.25910000002	0.28	1.1	1
142906.58230000004	0.28	1.0	1
143565.11130000005	0.34	0.9	1
144224.84610000005	0.33	0.9	1
144886.32000000007	0.26	1.3	1
145549.93300000008	0.26	1.6	1
146214.88510000007	0.28	1.0	1
146881.17630000008	0.32	1.0	1
147549.47330000007	0.21	1.5	1
148218.97610000006	0.33	0.9	1
148890.21800000005	0.24	1.3	1
149562.93240000005	0.3	1.1	1
150237.11930000005	0.36	1.1	1
