8840383	4000.0	16	18000.0	0.4058	0	0.2222	0.628
8840382	21000.0	17	24000.0	2.1058	0	0.875	2.9808
8840384	21000.0	17	24000.0	2.1058	2.9808	0.875	5.9616
8840385	4000.0	19	30000.0	0.4058	0	0.1333	0.5391
819262	1000.0	2	1000.0	0.1	0	1.0	1.1
819256	3000.0	8	5000.0	0.3067	0	0.6	0.9067
819258	21000.0	9	6000.0	2.1067	0	3.5	5.6067
819260	22000.0	9	6000.0	2.2067	5.6067	3.6667	11.4801
819259	10000.0	11	6000.0	1.0067	0	1.6667	2.6734
819257	22000.0	12	6000.0	2.2	0	3.6667	5.8667
819261	22000.0	14	12000.0	2.2	0	1.8333	4.0333000000000006
819263	1000.0	14	12000.0	0.1	4.0333	0.0833	4.2166
4035402	102000.0	0	500.0	10.2	0	204.0	214.2
4035187	125000.0	4	4000.0	12.5038	0	31.25	43.7538
4035407	74000.0	5	4000.0	7.4038	0	18.5	25.9038
4035203	128000.0	7	5000.0	12.8038	0	25.6	38.403800000000004
4035354	93000.0	13	8000.0	9.3	0	11.625	20.925
4035302	122000.0	15	16000.0	12.2	0	7.625	19.825
4035284	91000.0	15	16000.0	9.1	19.825	5.6875	34.6125
4035338	94000.0	15	16000.0	9.4	34.6125	5.875	49.887499999999996
4035226	135000.0	16	18000.0	13.5058	0	7.5	21.0058
4035444	36000.0	0	500.0	3.6	213.2	72.0	288.79999999999995
4035260	41000.0	2	1000.0	4.1	0	41.0	45.1
4035293	132000.0	8	5000.0	13.2067	0	26.4	39.6067
4035421	36000.0	14	12000.0	3.6	0	3.0	6.6
4035278	41000.0	14	12000.0	4.1	6.6	3.4167	14.1167
4035266	94000.0	14	12000.0	9.4	14.1167	7.8333	31.35
4035228	41000.0	15	16000.0	4.1	48.8875	2.5625	55.550000000000004
4035446	93000.0	15	16000.0	9.3	55.55	5.8125	70.6625
4035366	39000.0	15	16000.0	3.9	70.6625	2.4375	77.0
4035342	37000.0	16	18000.0	3.7058	20.0058	2.0556	25.767200000000003
4035311	35000.0	16	18000.0	3.5058	25.7672	1.9444	31.217399999999998
4035239	36000.0	16	18000.0	3.6058	31.2174	2.0	36.8232
4035403	40000.0	17	24000.0	4.0058	0	1.6667	5.672499999999999
4035309	139000.0	17	24000.0	13.9058	5.6725	5.7917	25.369999999999997
4035286	106000.0	17	24000.0	10.6058	25.37	4.4167	40.3925
4035358	39000.0	18	30000.0	3.9058	0	1.3	5.2058
4035281	40000.0	18	30000.0	4.0058	5.2058	1.3333	10.5449
4035246	45000.0	18	30000.0	4.5058	10.5449	1.5	16.5507
4035435	42000.0	19	30000.0	4.2058	0	1.4	5.6058
4035405	97000.0	19	30000.0	9.7058	5.6058	3.2333	18.5449
4035352	40000.0	8	5000.0	4.0067	38.6067	8.0	50.6134
4035300	40000.0	8	5000.0	4.0067	50.6134	8.0	62.6201
4035333	44000.0	8	5000.0	4.4067	62.6201	8.8	75.82679999999999
4035325	42000.0	8	5000.0	4.2067	75.8268	8.4	88.43350000000001
4035318	40000.0	8	5000.0	4.0067	88.4335	8.0	100.44019999999999
4035313	40000.0	8	5000.0	4.0067	100.4402	8.0	112.4469
4035307	39000.0	8	5000.0	3.9067	112.4469	7.8	124.1536
4035303	38000.0	8	5000.0	3.8067	124.1536	7.6	135.5603
4035183	40000.0	8	5000.0	4.0067	135.5603	8.0	147.567
4035299	33000.0	8	5000.0	3.3067	147.567	6.6	157.4737
4035296	39000.0	8	5000.0	3.9067	157.4737	7.8	169.18040000000002
4035295	40000.0	8	5000.0	4.0067	169.1804	8.0	181.1871
4035290	43000.0	8	5000.0	4.3067	181.1871	8.6	194.0938
4035282	35000.0	8	5000.0	3.5067	194.0938	7.0	204.60049999999998
4035279	38000.0	8	5000.0	3.8067	204.6005	7.6	216.0072
4035277	32000.0	8	5000.0	3.2067	216.0072	6.4	225.61390000000003
4035275	37000.0	8	5000.0	3.7067	225.6139	7.4	236.72060000000002
4035264	39000.0	8	5000.0	3.9067	236.7206	7.8	248.4273
4035259	41000.0	8	5000.0	4.1067	248.4273	8.2	260.734
4035207	39000.0	8	5000.0	3.9067	260.734	7.8	272.4407
4035216	44000.0	8	5000.0	4.4067	272.4407	8.8	285.6474
4035221	44000.0	8	5000.0	4.4067	285.6474	8.8	298.8541
4035227	38000.0	8	5000.0	3.8067	298.8541	7.6	310.2608
4035232	62000.0	8	5000.0	6.2067	310.2608	12.4	328.8675
4035234	36000.0	8	5000.0	3.6067	328.8675	7.2	339.6742
4035335	38000.0	8	5000.0	3.8067	339.6742	7.6	351.0809
4035235	33000.0	8	5000.0	3.3067	351.0809	6.6	360.9876
4035237	40000.0	8	5000.0	4.0067	360.9876	8.0	372.9943
4035243	44000.0	8	5000.0	4.4067	372.9943	8.8	386.201
4035245	41000.0	8	5000.0	4.1067	386.201	8.2	398.5077
4035251	36000.0	8	5000.0	3.6067	398.5077	7.2	409.3144
4035253	40000.0	8	5000.0	4.0067	409.3144	8.0	421.3211
4035255	39000.0	8	5000.0	3.9067	421.3211	7.8	433.0278
4035236	40000.0	8	5000.0	4.0067	433.0278	8.0	445.03450000000004
4035340	34000.0	8	5000.0	3.4067	445.0345	6.8	455.2412
4035189	33000.0	8	5000.0	3.3067	455.2412	6.6	465.1479
4035344	38000.0	8	5000.0	3.8067	465.1479	7.6	476.5546
4035419	39000.0	8	5000.0	3.9067	476.5546	7.8	488.2613
4035417	38000.0	8	5000.0	3.8067	488.2613	7.6	499.668
4035412	41000.0	8	5000.0	4.1067	499.668	8.2	511.9747
4035426	36000.0	8	5000.0	3.6067	511.9747	7.2	522.7814000000001
4035341	37000.0	8	5000.0	3.7067	522.7814	7.4	533.8880999999999
4035427	42000.0	8	5000.0	4.2067	533.8881	8.4	546.4947999999999
4035401	44000.0	8	5000.0	4.4067	546.4948	8.8	559.7015
4035399	35000.0	8	5000.0	3.5067	559.7015	7.0	570.2082
4035397	39000.0	8	5000.0	3.9067	570.2082	7.8	581.9149
4035431	40000.0	8	5000.0	4.0067	581.9149	8.0	593.9216
4035387	36000.0	8	5000.0	3.6067	593.9216	7.2	604.7283000000001
4035423	40000.0	8	5000.0	4.0067	604.7283	8.0	616.735
4035425	40000.0	8	5000.0	4.0067	616.735	8.0	628.7417
4035372	40000.0	8	5000.0	4.0067	628.7417	8.0	640.7484000000001
4035369	41000.0	8	5000.0	4.1067	640.7484	8.2	653.0551
4035438	41000.0	8	5000.0	4.1067	653.0551	8.2	665.3618000000001
4035364	35000.0	8	5000.0	3.5067	665.3618	7.0	675.8685
4035440	38000.0	8	5000.0	3.8067	675.8685	7.6	687.2752
4035362	33000.0	8	5000.0	3.3067	687.2752	6.6	697.1819
4035447	39000.0	8	5000.0	3.9067	697.1819	7.8	708.8886
4035346	38000.0	8	5000.0	3.8067	708.8886	7.6	720.2953
4035434	44000.0	8	5000.0	4.4067	720.2953	8.8	733.502
