3.047
3.185
3.406
3.342
3.333
3.598
3.601
3.85
3.75
3.717
4.019
4.161
4.338
4.418
4.394
4.463
4.674
4.546
4.815
4.836
4.842
5.132
4.964
5.238
5.313
5.424
5.316
5.602
5.75
5.741
5.739
5.642
5.796
6.09
6.034
6.106
6.134
6.468
6.455
6.36
6.449
6.839
6.657
6.611
6.793
6.882
7.09
6.956
7.131
7.11
7.646
7.356
7.477
7.369
7.723
7.908
7.894
8.05
8.089
8.345
8.355
8.244
8.416
8.634
8.782
8.755
8.807
8.942
9.092
9.133
9.16
9.654
9.537
9.403
9.785
9.737
9.76
9.884
9.908
10.048
10.212
10.334
10.118
10.481
10.343
10.701
10.956
10.687
10.865
11.027
11.172
11.281
11.397
11.574
11.461
11.371
11.593
11.675
11.658
12.012
12.08
12.04
12.099
12.236
12.465
12.456
12.775
12.875
12.87
12.815
13.024
13.068
12.659
13.441
13.214
13.593
13.606
13.681
13.971
13.86
14.027
14.314
14.399
14.269
14.787
14.359
14.667
14.516
14.836
15.249
15.085
15.256
14.957
15.29
15.424
15.649
15.435
16.303
15.815
15.959
16.413
16.136
16.566
16.236
16.65
16.859
16.817
16.882
16.98
17.187
17.279
17.172
17.304
17.474
17.698
17.796
17.788
17.751
17.753
17.976
17.986
18.191
18.653
18.693
18.899
19.009
18.853
19.037
19.28
19.19
19.129
19.187
19.441
19.561
19.31
19.597
19.594
19.707
19.563
20.079
19.996
20.485
20.482
20.471
20.832
20.569
20.778
21.007
20.677
21.012
20.961
21.27
21.254
21.502
21.305
21.573
21.603
21.662
21.461
22.017
21.653
21.828
21.86
22.233
22.256
22.262
22.859
22.45
22.384
22.744
22.783
22.918
22.742
23.369
22.856
23.058
23.391
23.286
23.472
23.538
23.452
23.719
23.804
24.242
24.405
24.443
24.422
24.774
24.407
24.807
24.928
24.954
25.26
25.109
25.363
25.131
25.695
25.288
25.878
25.578
26.014
26.038
25.875
25.821
25.967
26.055
26.205
26.249
26.463
26.617
26.743
26.556
26.675
26.666
26.88
26.705
26.918
27.166
27.037
27.139
27.021
27.124
26.826
27.082
27.1
26.918
26.991
27.372
27.145
27.288
27.123
27.322
27.046
27.476
27.539
27.499
27.321
27.198
27.521
27.66
28.115
27.668
27.709
27.827
28.111
28.004
28.327
28.305
28.016
28.504
28.11
28.261
28.363
28.581
28.053
28.186
28.274
28.174
28.591
28.571
28.385
28.764
28.511
28.475
28.695
28.954
28.521
28.511
28.383
28.619
28.642
28.544
28.665
28.685
28.748
28.473
28.396
28.613
28.552
28.763
28.691
28.458
28.381
28.629
28.465
28.183
28.338
28.443
28.226
28.439
28.146
28.13
27.952
27.931
28.078
27.81
27.766
27.973
27.55
28.167
27.789
27.826
27.429
28.26
27.884
27.915
27.942
28.002
28.05
28.078
27.862
28.122
27.912
28.475
27.907
28.15
28.059
28.269
28.199
28.258
28.425
28.252
28.2
28.267
28.529
28.202
28.25
28.47
28.336
28.385
28.463
28.463
28.242
28.5
28.716
28.688
28.577
28.086
28.436
28.509
28.086
28.567
28.407
27.93
28.471
28.2
28.239
28.34
28.332
28.087
28.426
28.034
28.302
27.856
27.886
27.929
27.801
27.945
28.238
27.886
27.937
27.696
27.799
27.498
27.728
27.76
27.86
27.816
27.463
27.507
27.282
27.402
27.628
27.589
27.191
27.076
26.946
27.206
27.242
27.032
26.894
27.192
27.138
27.05
26.865
26.727
26.693
26.721
26.626
26.769
26.858
26.616
26.459
26.568
26.73
26.644
26.585
26.431
26.437
26.446
26.329
26.341
25.948
26.395
26.331
26.127
26.357
26.219
26.388
26.17
26.092
26.32
25.967
25.79
26.051
26.097
25.623
25.67
25.713
25.916
25.946
26.114
26.108
25.777
25.803
25.616
25.422
25.593
25.774
25.51
25.653
25.748
25.463
25.67
25.573
25.492
25.771
25.342
25.532
25.474
25.233
25.399
25.301
25.264
25.243
25.374
25.278
25.586
25.4
25.484
25.272
25.367
25.209
25.548
25.646
25.705
25.542
25.538
25.473
25.707
25.771
25.539
25.564
25.727
25.694
26.179
25.866
26.207
25.778
26.177
26.446
26.43
26.356
26.41
26.297
26.29
26.3
26.487
26.284
26.545
26.517
26.299
26.621
26.627
26.618
26.31
26.446
26.599
26.371
26.63
26.325
26.52
26.237
26.196
26.247
26.397
26.27
25.9
26.018
26.17
26.2
26.065
25.953
25.628
25.609
25.804
25.89
25.871
25.667
25.637
25.616
25.736
25.531
25.914
25.769
25.502
25.331
25.404
25.539
25.613
25.272
25.319
25.163
25.501
25.185
25.401
25.104
25.24
25.086
25.14
25.136
25.08
24.734
24.983
24.727
24.732
24.917
24.756
24.941
24.734
24.665
24.73
24.761
24.688
24.715
24.536
24.564
24.681
24.624
24.367
24.534
24.491
24.391
24.34
24.252
24.268
24.23
24.05
24.103
24.457
24.1
24.273
24.293
24.378
24.093
24.011
24.277
24.358
24.422
24.134
24.006
24.288
24.283
24.193
24.213
24.143
24.009
23.907
24.367
24.326
24.044
24.242
24.302
24.066
24.08
24.066
24.383
24.037
24.139
23.998
24.201
24.415
24.06
24.348
24.026
24.21
24.316
24.527
24.262
24.308
24.236
24.399
24.33
24.275
24.675
24.523
24.558
24.857
24.424
24.411
24.413
24.613
24.533
24.816
24.593
24.76
24.373
25.007
24.874
24.578
24.885
24.871
24.915
24.973
25.21
24.922
25.548
25.267
25.303
25.38
25.507
25.27
25.298
25.461
25.637
25.645
26.159
26.033
25.884
26.158
26.047
26.027
26.126
26.353
26.315
26.682
26.334
27.049
26.469
26.781
26.501
26.6
26.527
26.618
26.906
26.667
26.785
26.989
26.686
27.053
26.622
26.827
26.797
26.964
26.863
26.424
26.951
26.825
26.749
26.643
26.713
26.692
27.126
26.921
26.887
26.967
27.167
27.138
27.019
26.845
27.148
26.884
27.149
26.703
26.881
26.882
26.425
26.833
26.69
26.925
26.585
26.705
26.867
26.719
26.711
26.431
26.626
26.323
26.202
26.333
25.94
26.042
26.143
26.067
26.069
26.109
26.274
26.211
26.131
25.85
26.162
26.196
26.176
26.01
26.304
26.211
26.173
26.057
26.06
26.273
26.354
26.226
26.05
26.086
25.812
25.899
25.946
26.098
25.764
25.846
25.962
25.733
25.701
25.561
25.711
25.677
25.81
25.701
25.623
25.581
25.467
25.562
25.588
25.718
25.541
25.313
25.217
25.439
25.289
25.333
25.539
25.118
25.549
25.42
25.236
25.34
25.45
25.522
25.432
25.371
25.297
25.429
25.266
25.293
25.488
25.7
25.476
25.453
25.74
25.436
25.8
25.688
25.852
25.723
25.694
25.939
26.105
25.91
25.725
25.847
25.932
25.799
26.179
26.13
26.437
26.27
26.343
26.236
26.34
26.466
26.372
26.619
26.586
26.571
26.711
26.647
26.666
26.589
26.66
26.846
26.64
26.734
26.868
26.525
26.382
26.349
26.543
26.364
26.476
26.506
26.417
26.261
26.362
26.37
26.226
26.224
26.16
26.248
25.956
26.106
25.98
25.911
26.07
26.028
25.772
25.608
25.789
25.837
25.927
26.005
26.02
26.075
26.148
25.949
25.779
26.236
26.015
26.252
26.249
26.19
26.427
26.396
26.357
26.507
26.544
26.337
26.519
26.651
26.404
26.565
26.637
26.509
26.463
26.469
26.535
26.418
26.323
26.219
26.262
26.319
26.536
26.232
26.085
26.442
26.383
26.395
26.497
26.352
26.278
26.291
26.212
26.361
26.077
26.051
25.945
26.178
26.164
26.159
26.339
26.157
26.223
26.133
26.199
26.033
25.912
26.327
26.181
26.269
26.163
26.177
26.263
26.127
26.15
26.203
26.378
26.156
26.206
26.094
26.205
26.007
26.23
26.295
26.298
26.154
26.377
26.292
26.459
26.487
26.443
26.437
26.514
26.461
26.353
26.454
26.528
26.834
26.727
26.811
26.738
26.764
26.713
26.802
26.94
26.721
27.005
26.968
27.136
26.942
26.853
26.946
26.77
27.004
26.767
26.903
26.754
26.676
26.694
26.729
26.736
26.68
26.564
26.623
26.431
26.497
26.348
26.412
26.321
26.31
26.118
26.256
26.266
26.177
25.981
26.186
26.142
26.042
26.033
26.16
26.191
25.828
26.098
25.882
25.942
25.699
26.007
26.102
25.737
25.858
26.092
26.164
25.895
26.313
26.332
26.216
26.258
26.3
26.31
26.322
26.393
26.477
26.509
26.561
26.722
26.709
26.807
26.579
26.844
26.902
26.86
26.94
27.08
27.176
27.307
27.394
27.306
27.418
27.418
27.156
27.385
27.303
27.546
27.428
27.411
27.415
27.252
27.661
27.557
27.407
27.629
27.358
27.457
27.486
27.479
27.34
26.997
27.254
27.229
27.124
27.125
27.166
27.239
27.217
27.051
27.039
27.028
27.045
27.045
27.103
27.081
27.02
26.738
26.818
27.265
27.09
27.063
27.044
27.12
27.176
27.072
26.936
27.457
27.393
27.275
27.385
27.549
27.554
27.523
27.442
27.35
27.565
27.643
27.572
27.617
27.764
27.947
27.847
27.752
27.772
27.68
27.949
27.885
27.86
27.714
27.648
27.883
27.82
27.557
27.563
27.839
27.674
27.804
27.628
27.712
27.548
27.697
27.642
27.408
27.353
27.527
27.521
27.397
27.411
27.271
27.167
27.386
27.298
27.247
27.282
27.205
27.089
27.293
26.998
27.147
27.177
27.142
27.321
26.938
27.385
27.368
27.306
27.301
27.367
27.43
27.394
27.487
27.616
27.573
27.552
27.616
27.485
27.657
27.796
27.723
27.535
27.722
27.715
27.607
27.718
27.74
28.017
27.758
27.751
27.967
27.781
27.801
27.753
27.669
27.921
27.609
27.58
27.585
27.564
27.692
27.569
27.428
27.523
27.45
27.396
27.389
27.372
27.335
27.441
27.279
27.312
27.384
27.324
27.204
27.543
27.317
27.383
27.312
27.393
27.377
27.412
27.254
27.343
27.311
27.556
27.313
27.501
27.483
27.545
27.598
27.788
27.565
27.695
27.698
27.881
27.776
27.721
27.816
27.834
27.82
27.867
27.615
27.984
27.893
27.899
27.764
27.938
27.943
27.93
27.833
27.728
27.745
27.509
27.695
27.608
27.682
27.623
27.552
27.301
27.469
27.439
27.414
27.436
27.317
27.362
27.27
27.173
26.917
26.915
26.994
26.759
26.884
26.809
26.697
26.509
26.408
26.319
26.318
26.041
26.097
25.912
26.124
25.781
25.909
25.903
25.787
25.583
25.723
25.777
25.693
25.533
25.779
25.66
25.683
25.703
25.842
25.699
25.821
26.007
25.979
25.91
25.958
26.067
26.092
25.934
26.213
26.06
26.214
26.412
26.327
26.248
26.364
26.237
26.425
26.28
26.33
26.305
26.293
26.073
26.237
26.012
26.072
26.236
26.021
26.036
25.899
25.832
25.752
25.8
25.706
25.62
25.613
25.592
25.411
25.317
25.286
25.472
25.303
25.28
25.022
25.116
25.107
25.136
24.952
25.026
24.998
24.879
25.075
24.945
24.943
24.973
25.031
24.93
24.778
25.034
24.945
25.007
25.191
25.234
25.038
25.355
25.211
25.323
25.273
25.329
25.186
25.504
25.516
25.318
25.508
25.663
25.698
25.681
25.786
25.844
25.74
25.674
25.721
25.68
25.873
25.863
25.844
25.807
25.9
26.008
25.996
25.91
25.979
26.021
25.985
25.957
26.047
26.108
26.086
26.065
26.061
26.035
26.204
26.095
26.098
26.273
26.101
26.176
26.056
26.159
26.051
26.202
26.107
26.118
26.164
26.064
26.02
26.133
25.776
25.963
25.924
26.116
25.731
25.662
25.618
25.752
25.649
25.424
25.534
25.59
25.526
25.38
25.168
25.506
25.499
25.352
25.279
25.194
25.208
25.417
25.366
25.311
25.388
25.282
25.334
25.257
25.381
25.34
25.173
25.395
25.533
25.389
25.38
25.496
25.388
25.437
25.459
25.389
25.404
25.442
25.496
25.374
25.482
25.46
25.417
25.52
25.452
25.504
25.361
25.393
25.284
25.254
25.301
25.255
25.268
25.298
25.144
25.256
25.204
25.159
25.257
25.182
25.125
25.159
25.177
25.156
25.051
25.041
24.929
25.013
24.877
24.901
24.772
24.687
24.966
24.614
24.651
24.665
24.7
24.674
24.52
24.593
24.554
24.62
24.335
24.433
24.325
24.511
24.34
24.268
24.402
24.405
24.234
24.346
24.362
24.107
24.34
24.163
24.344
24.133
24.023
24.224
24.207
23.997
24.245
24.078
24.08
24.038
24.015
24.098
23.998
24.012
24.116
24.037
24.011
24.16
24.108
24.07
24.021
23.9
24.007
23.989
24.04
24.082
24.002
24.07
23.906
23.836
23.973
23.994
24.068
24.033
24.144
24.17
24.2
24.206
24.126
24.226
24.401
24.355
24.276
24.317
24.405
24.511
24.425
24.542
24.482
24.47
24.552
24.603
24.462
24.627
24.712
24.578
24.624
24.624
24.625
24.731
24.649
24.636
24.731
24.723
24.823
24.697
24.762
24.752
24.889
24.762
24.748
24.643
24.774
24.976
24.92
24.801
25.007
24.912
24.964
24.988
25.081
25.133
25.133
25.091
25.093
25.238
25.001
25.053
25.213
25.25
25.123
25.177
25.267
25.24
25.226
25.286
25.363
25.227
25.22
25.198
25.278
25.172
25.134
25.003
25.034
25.221
24.91
24.996
25.031
24.901
24.843
24.854
24.872
24.816
24.655
24.727
24.633
24.639
24.629
24.762
24.727
24.75
24.574
24.576
24.613
24.541
24.523
24.614
24.623
24.524
24.536
24.59
24.587
24.725
24.631
24.574
24.73
24.72
24.815
24.816
24.951
24.893
24.943
24.925
24.939
24.935
24.953
25.064
24.877
25.025
24.794
25.062
24.875
25.027
25.038
24.915
24.956
24.901
24.833
24.893
24.826
24.678
24.746
24.684
24.591
24.639
24.579
24.471
24.557
24.496
24.477
24.459
24.355
24.299
24.383
24.429
24.349
24.266
24.256
24.29
24.189
24.141
24.154
24.323
24.211
24.205
24.185
24.145
24.293
24.099
24.245
24.172
24.313
24.138
24.206
24.287
24.173
24.078
24.089
24.248
24.234
24.23
24.188
24.268
24.18
24.254
24.264
24.155
24.123
24.265
24.279
24.242
24.343
24.377
24.365
24.23
24.222
24.256
24.19
24.227
24.244
24.24
24.084
24.21
24.398
24.175
24.134
24.321
24.165
24.223
24.121
24.26
24.232
24.188
24.189
24.347
24.2
24.133
24.152
24.29
24.272
24.284
24.115
24.195
24.27
24.27
24.283
24.092
24.086
24.162
24.423
24.335
24.289
24.178
24.135
24.209
24.204
24.324
24.376
24.273
24.395
24.32
24.31
24.379
24.436
24.444
24.503
24.392
24.487
24.386
24.399
24.51
24.365
24.514
24.542
24.444
24.506
24.527
24.465
24.484
24.53
24.566
24.595
24.622
24.59
24.682
24.611
24.64
24.626
24.696
24.54
24.756
24.64
24.834
24.749
24.654
24.688
24.712
24.807
24.721
24.716
24.835
24.769
24.805
24.843
24.87
24.97
24.997
24.895
24.912
24.993
24.931
24.974
24.92
24.855
25.189
24.902
25.036
25.114
25.141
24.98
24.961
25.062
25.05
25.086
25.17
25.036
25.058
24.981
24.941
25.018
24.98
24.985
24.92
24.955
24.987
24.807
24.956
24.83
24.822
24.872
24.778
24.752
24.621
24.61
24.63
24.587
24.545
24.61
24.359
24.39
24.433
24.417
24.343
24.375
24.26
24.293
24.321
24.316
24.169
24.199
24.177
24.38
24.181
24.171
24.122
24.183
24.13
24.087
24.1
24.138
24.034
23.93
23.992
24.01
23.851
23.924
23.9
23.858
23.919
23.968
23.89
23.895
23.889
23.661
23.778
23.701
23.772
23.659
23.678
23.662
23.59
23.626
23.604
23.693
23.645
23.634
23.613
23.733
23.668
23.602
23.618
23.693
23.668
23.647
23.709
23.656
23.672
23.676
23.688
23.706
23.673
23.695
23.666
23.779
23.788
23.836
23.813
23.784
23.928
23.916
23.943
23.983
23.946
24.057
24.084
24.026
24.077
24.066
24.208
24.156
24.211
24.263
24.279
24.327
24.409
24.422
24.361
24.532
24.463
24.533
24.582
24.565
24.653
24.563
24.62
24.635
24.723
24.701
24.761
24.682
24.736
24.759
24.735
24.811
24.799
24.741
24.786
24.713
24.754
24.743
24.71
24.581
24.662
24.597
24.738
24.666
24.587
24.637
24.624
24.594
24.668
24.677
24.652
24.698
24.57
24.644
24.549
24.684
24.52
24.583
24.573
24.571
24.546
24.532
24.559
24.541
24.508
24.528
24.577
24.488
24.579
24.437
24.4
24.52
24.437
24.46
24.508
24.363
24.397
24.419
24.372
24.356
24.3
24.261
24.325
24.252
24.247
24.188
24.165
24.227
24.273
24.068
24.188
24.143
24.001
24.002
24.069
24.171
24.011
24.038
24.045
24.032
23.959
23.97
24.068
23.963
24.079
24.003
23.931
24.081
24.0
23.968
24.109
23.952
24.113
24.073
24.016
23.893
24.107
24.039
24.049
23.973
24.1
24.062
23.923
23.98
23.958
23.953
23.966
23.917
23.883
23.909
23.749
23.902
23.81
23.687
23.777
23.696
23.912
23.795
23.73
23.745
23.827
23.669
23.697
23.682
23.759
23.619
23.702
23.699
23.724
23.792
23.834
23.791
23.782
23.699
23.783
23.768
23.824
23.89
23.957
23.806
23.917
23.772
23.932
23.928
23.834
23.937
23.929
23.938
23.892
23.925
23.86
23.837
23.863
23.916
23.919
23.986
23.976
23.926
23.863
23.82
23.93
23.86
23.972
23.867
23.911
23.885
23.882
23.876
23.843
23.826
23.903
23.935
23.955
23.919
23.999
23.926
23.92
23.892
23.903
23.836
23.849
23.847
23.92
23.86
23.79
23.801
23.916
23.873
23.804
23.952
23.813
23.823
23.822
23.759
23.925
23.845
23.827
23.84
23.96
24.043
23.875
23.918
23.998
24.049
24.033
24.057
24.185
24.096
24.134
24.197
24.185
24.383
24.358
24.337
24.372
24.431
24.488
24.494
24.432
24.508
24.545
24.493
24.566
24.619
24.615
24.519
24.495
24.479
24.483
24.596
24.449
24.426
24.501
24.466
24.443
24.466
24.417
24.385
24.355
24.492
24.332
24.421
24.426
24.416
24.497
24.446
24.422
24.479
24.44
24.508
24.474
24.529
24.424
24.532
24.426
24.425
24.385
24.427
24.38
24.469
24.466
24.428
24.512
24.394
24.438
24.482
24.528
24.519
24.417
24.541
24.514
24.605
24.429
24.518
24.458
24.523
24.54
24.504
24.498
24.587
24.448
24.525
24.516
24.467
24.436
24.359
24.408
24.315
24.25
24.315
24.255
24.155
24.159
24.212
24.136
24.061
24.025
23.992
23.971
23.894
23.935
23.941
23.926
23.849
23.848
23.904
23.926
23.853
23.848
23.96
23.921
23.892
23.939
23.956
24.039
24.004
24.057
24.061
24.089
24.153
24.194
24.155
24.294
24.222
24.262
24.375
24.232
24.358
24.365
24.324
24.374
24.232
24.236
24.121
24.226
24.123
24.149
24.172
24.164
24.157
23.916
23.968
24.033
23.991
23.913
23.844
23.929
23.838
23.864
23.773
23.833
23.802
23.783
23.852
23.775
23.718
23.848
23.664
23.8
23.772
23.786
23.759
23.879
23.744
23.772
23.786
23.767
23.772
23.783
23.716
23.647
23.666
23.7
23.61
23.751
23.72
23.638
23.61
23.623
23.643
23.591
23.509
23.495
23.521
23.441
23.443
23.427
23.306
23.354
23.239
23.331
23.218
23.265
23.232
23.162
23.214
23.255
23.176
23.251
23.184
23.23
23.249
23.178
23.218
23.312
23.285
23.265
23.361
23.385
23.478
23.354
23.477
23.483
23.467
23.451
23.607
23.526
23.623
23.628
23.574
23.545
23.572
23.642
23.588
23.621
23.584
23.645
23.578
23.694
23.608
23.597
23.647
23.617
23.607
23.606
23.615
23.621
23.594
23.599
23.514
23.506
23.552
23.618
23.564
23.592
23.618
23.481
23.499
23.607
23.543
23.612
23.603
23.622
23.64
23.669
23.622
23.733
23.6
23.671
23.632
23.658
23.667
23.752
23.773
23.785
23.721
23.743
23.811
23.695
23.743
23.783
23.821
23.823
23.74
23.737
23.742
23.7
23.782
23.801
23.776
23.749
23.7
23.733
23.773
23.778
23.709
23.73
23.719
23.731
23.68
23.695
23.782
23.67
23.695
23.696
23.774
23.779
23.666
23.769
23.726
23.736
23.691
23.711
23.737
23.704
23.706
23.681
23.704
23.685
23.733
23.734
23.727
23.781
23.706
23.708
23.814
23.8
23.81
23.792
23.748
23.785
23.822
23.886
23.794
23.827
23.909
23.814
23.744
23.832
23.738
23.83
23.764
23.747
23.822
23.762
23.761
23.717
23.813
23.79
23.774
23.821
23.838
23.741
23.782
23.717
23.832
23.863
23.811
23.774
23.813
23.797
23.806
23.838
23.864
23.867
23.886
23.847
23.797
23.741
23.787
23.775
23.786
23.766
23.76
23.748
23.675
23.68
23.633
23.536
23.588
23.573
23.493
23.516
23.439
23.53
23.503
23.473
23.444
23.38
23.416
23.37
23.354
23.268
23.394
23.304
23.332
23.391
23.426
23.437
23.465
23.459
23.45
23.536
23.553
23.636
23.71
23.774
23.73
23.786
23.787
23.86
23.945
23.946
24.024
24.027
24.029
24.037
24.168
24.237
24.189
24.2
24.135
24.226
24.134
24.192
24.213
24.237
24.164
24.077
24.212
24.046
24.068
24.024
24.076
24.019
24.024
23.945
23.981
24.001
24.034
23.999
23.979
24.018
24.018
23.922
24.117
24.149
24.221
24.134
24.233
24.211
24.29
24.348
24.445
24.421
24.467
24.519
24.565
24.536
24.539
24.557
24.534
24.606
24.611
24.597
24.623
24.555
24.697
24.529
24.568
24.506
24.445
24.441
24.4
24.338
24.293
24.273
24.205
24.154
24.223
24.105
24.117
24.052
24.047
23.975
24.034
23.99
23.895
23.955
23.917
23.888
23.825
23.798
23.792
23.791
23.744
23.699
23.721
23.691
23.696
23.722
23.618
23.637
23.615
23.55
23.593
23.569
23.518
23.513
23.662
23.576
23.525
23.551
23.462
23.564
23.644
23.513
23.486
23.471
23.517
23.586
23.535
23.484
23.554
23.582
23.535
23.616
23.538
23.495
23.592
23.602
23.617
23.623
23.669
23.556
23.587
23.551
23.567
23.642
23.671
23.583
23.558
23.562
23.526
23.678
23.504
23.581
23.597
23.53
23.452
23.597
23.486
23.559
23.55
23.522
23.478
23.514
23.421
23.561
23.521
23.59
23.56
23.613
23.604
23.559
23.579
23.559
23.621
23.505
23.581
23.49
23.654
23.645
23.606
23.571
23.618
23.641
23.645
23.707
23.609
23.584
23.735
23.629
23.594
23.783
23.694
23.741
23.679
23.692
23.692
23.784
23.844
23.709
23.812
23.75
23.83
23.779
23.799
23.841
23.882
23.874
23.818
23.75
23.798
23.906
23.78
23.92
23.924
23.906
23.895
23.909
23.922
23.879
23.914
23.907
23.832
23.833
23.896
23.807
23.809
23.868
23.836
23.784
23.813
23.784
23.801
23.821
23.832
23.835
23.751
23.737
23.755
23.878
23.696
23.714
23.67
23.733
23.656
23.63
23.625
23.606
23.611
23.602
23.556
23.609
23.536
23.529
23.522
23.527
23.378
23.472
23.375
23.406
23.468
23.527
23.43
23.388
23.43
23.4
23.401
23.357
23.328
23.366
23.447
23.39
23.368
23.352
23.428
23.35
23.335
23.323
23.351
23.337
23.276
23.301
23.274
23.249
23.33
23.363
23.226
23.406
23.369
23.38
23.444
23.267
23.416
23.459
23.489
23.489
23.435
23.496
23.505
23.617
23.572
23.716
23.715
23.696
23.784
23.943
23.867
23.839
23.939
23.883
23.991
24.056
24.06
24.044
24.064
24.117
24.12
24.139
24.225
24.223
24.188
24.147
24.199
24.111
24.155
24.093
24.041
23.996
23.994
23.884
23.86
23.9
23.858
23.775
23.838
23.659
23.658
23.643
23.64
23.554
23.468
23.403
23.411
23.395
23.337
23.327
23.256
23.217
23.233
23.188
23.23
23.114
23.145
23.156
23.143
23.127
23.099
23.101
23.152
23.172
23.155
23.099
23.112
23.132
23.145
23.135
23.152
23.225
23.243
23.28
23.187
23.299
23.186
23.352
23.337
23.361
23.383
23.341
23.421
23.355
23.56
23.496
23.573
23.532
23.512
23.601
23.661
23.618
23.657
23.704
23.658
23.731
23.683
23.747
23.83
23.753
23.738
23.855
23.694
23.793
23.736
23.663
23.708
23.702
23.651
23.557
23.541
23.552
23.521
23.435
23.549
23.383
23.392
23.384
23.324
23.364
23.261
23.331
23.292
23.234
23.223
23.197
23.28
23.326
23.164
23.295
23.238
23.263
23.272
23.296
23.32
23.314
23.324
23.341
23.32
23.304
23.308
23.3
23.354
23.308
23.388
23.39
23.51
23.48
23.42
23.524
23.492
23.544
23.597
23.633
23.693
23.678
23.722
23.767
23.817
23.86
23.915
23.942
24.028
24.182
24.251
24.201
24.307
24.346
24.438
24.477
24.543
24.51
24.809
24.666
24.893
24.84
24.819
24.863
24.944
24.848
24.953
24.936
24.85
24.864
24.827
24.823
24.714
24.698
24.639
24.709
24.636
24.529
24.543
24.571
24.605
24.584
24.531
24.576
24.574
24.576
24.511
24.669
24.661
24.637
24.686
24.682
24.743
24.759
24.778
24.758
24.754
24.69
24.821
24.788
24.722
24.686
24.641
24.55
24.503
24.484
24.314
24.304
24.235
24.151
24.048
24.129
23.948
24.023
24.017
23.808
23.826
23.848
23.757
23.768
23.666
23.75
23.791
23.707
23.817
23.713
23.726
23.763
23.677
23.825
23.745
23.693
23.7
23.836
23.765
23.695
23.848
23.743
23.853
23.698
23.755
23.845
23.786
23.829
23.83
23.716
23.819
23.806
23.775
23.749
23.806
23.819
23.865
23.774
23.78
23.816
23.831
23.849
23.747
23.833
23.895
23.883
23.892
23.919
23.988
24.03
24.018
24.089
24.049
24.102
24.132
24.267
24.225
24.273
24.32
24.29
24.436
24.47
24.418
24.583
24.498
24.474
24.656
24.702
24.696
24.663
24.692
24.808
24.784
24.802
24.949
24.784
24.818
24.793
24.831
24.777
24.775
24.772
24.714
24.67
24.641
24.572
24.606
24.583
24.528
24.384
24.384
24.332
24.252
24.317
24.285
24.211
24.246
24.288
24.242
24.403
24.334
24.3
24.311
24.423
24.4
24.483
24.558
24.612
24.645
24.648
24.665
24.729
24.729
24.813
24.789
24.802
24.794
24.763
24.824
24.715
24.673
24.62
24.587
24.574
24.476
24.436
24.471
24.289
24.332
24.279
24.192
24.127
24.112
24.026
24.052
24.009
24.025
23.907
23.931
23.98
23.969
23.956
23.982
23.903
23.953
23.884
23.926
23.92
23.882
23.894
23.872
23.892
23.931
23.849
23.872
23.887
23.811
23.894
23.885
23.818
23.894
23.839
23.856
23.879
23.885
23.791
23.808
23.778
23.829
23.689
23.748
23.66
23.726
23.618
23.677
23.612
23.716
23.556
23.597
23.543
23.534
23.6
23.577
23.604
23.508
23.499
23.501
23.442
23.481
23.403
23.457
23.371
23.381
23.323
23.317
23.243
23.233
23.175
23.18
23.206
23.087
23.048
23.11
23.096
23.053
23.013
23.028
22.921
22.928
22.96
22.973
22.98
23.027
23.004
22.981
23.025
22.916
23.047
22.99
22.977
23.026
23.124
23.004
23.046
22.974
23.071
23.059
23.055
23.034
23.021
22.967
22.976
22.977
22.874
22.9
22.955
22.955
22.944
22.935
22.875
22.902
22.889
22.964
22.905
22.923
23.025
22.923
23.013
23.116
23.116
23.062
23.131
23.181
23.229
23.215
23.321
23.347
23.377
23.482
23.55
23.445
23.536
23.608
23.704
23.773
23.62
23.694
23.801
23.72
23.863
23.757
23.869
23.824
23.82
23.757
23.827
23.863
23.79
23.761
23.733
23.733
23.791
23.797
23.636
23.806
23.753
23.679
23.766
23.717
23.633
23.824
23.688
23.671
23.708
23.726
23.672
23.614
23.634
23.628
23.623
23.644
23.62
23.667
23.652
23.618
23.603
23.57
23.527
23.565
23.538
23.557
23.469
23.547
23.541
23.611
23.549
23.531
23.671
23.625
23.645
23.76
23.737
23.793
23.805
23.802
23.859
23.94
24.041
24.014
23.974
24.099
24.045
24.142
24.099
24.214
24.129
24.187
24.218
24.133
24.124
24.062
24.027
24.028
23.97
23.944
23.775
23.886
23.706
23.752
23.601
23.621
23.559
23.462
23.419
23.384
23.414
23.319
23.343
23.27
23.304
23.286
23.25
23.231
23.333
23.317
23.348
23.343
23.474
23.469
23.457
23.57
23.679
23.665
23.696
23.839
23.86
23.947
24.003
24.083
24.103
24.307
24.224
24.283
24.455
24.391
24.468
24.477
24.503
24.637
24.475
24.533
24.477
24.53
24.498
24.432
24.428
24.319
24.282
24.243
24.261
24.253
24.121
24.045
24.043
23.943
23.915
23.92
23.926
23.991
23.94
23.887
23.929
23.921
23.898
24.004
23.997
23.993
24.053
24.079
24.077
24.157
24.126
24.147
24.238
24.279
24.212
24.223
24.342
24.176
24.241
24.172
24.124
24.272
24.179
24.069
24.062
24.112
24.112
24.16
24.169
24.122
24.14
24.139
24.206
24.304
24.254
24.371
24.477
24.446
24.431
24.537
24.563
24.606
24.68
24.791
24.751
24.772
24.839
24.881
24.852
24.839
24.835
24.831
24.765
24.783
24.839
24.684
24.625
24.595
24.579
24.513
24.448
24.391
24.37
24.244
24.193
24.088
24.077
24.094
23.935
23.962
23.863
23.872
23.875
23.826
23.874
23.837
23.867
23.947
23.844
23.994
23.857
23.932
23.875
23.88
23.879
23.9
23.927
23.869
23.875
23.896
23.883
23.862
23.863
23.823
23.878
23.752
23.842
23.759
23.767
23.973
23.821
23.864
23.887
23.96
23.988
23.976
24.02
24.127
24.025
24.129
24.142
24.223
24.174
24.172
24.156
24.087
24.009
24.023
23.984
23.901
23.857
23.766
23.644
23.672
23.526
23.438
23.422
23.376
23.31
23.218
23.192
23.133
23.067
23.172
23.046
23.034
22.985
23.085
22.973
23.038
22.982
22.942
22.99
23.01
22.973
22.96
22.963
22.924
22.991
22.954
22.834
22.828
22.904
22.891
22.874
22.893
22.9
22.879
22.934
22.917
22.96
22.867
22.937
22.898
22.943
22.884
22.9
23.032
22.917
22.939
22.875
23.007
22.916
22.995
22.92
22.94
23.058
22.942
22.937
22.929
22.969
22.995
22.981
22.997
22.983
22.956
23.018
22.97
22.995
22.985
23.002
23.045
23.044
23.034
23.05
23.091
23.149
23.155
23.151
23.209
23.328
23.418
23.342
23.416
23.442
23.491
23.66
23.647
23.693
23.675
23.728
23.849
23.789
23.836
23.831
23.821
23.828
23.715
23.756
23.748
23.658
23.563
23.513
23.578
23.465
23.433
23.274
23.372
23.31
23.173
23.146
23.138
23.074
23.044
22.978
22.962
22.987
23.043
23.022
23.032
22.916
23.014
23.016
23.126
22.981
23.105
23.093
23.261
23.227
23.218
23.263
23.282
23.348
23.356
23.402
23.454
23.451
23.524
23.598
23.593
23.643
23.602
23.653
23.697
23.664
23.677
23.592
23.678
23.619
23.637
23.617
23.642
23.621
23.542
23.634
23.547
23.533
23.563
23.404
23.452
23.435
23.478
23.396
23.3
23.263
23.393
23.232
23.199
23.175
23.233
23.187
23.213
23.233
23.132
23.177
23.24
23.257
23.228
23.275
23.255
23.333
23.47
23.457
23.567
23.575
23.645
23.63
23.804
23.785
23.912
23.907
23.972
24.046
23.991
24.088
24.01
23.924
23.974
23.946
23.838
23.882
23.83
23.733
23.704
23.676
23.568
23.541
23.437
23.562
23.432
23.401
23.507
23.336
23.325
23.463
23.393
23.376
23.385
23.5
23.438
23.421
23.492
23.501
23.473
23.527
23.48
23.503
23.502
23.497
23.47
23.516
23.533
23.551
23.498
23.535
23.513
23.469
23.467
23.499
23.483
23.454
23.542
23.502
23.545
23.551
23.539
23.574
23.562
23.582
23.603
23.573
23.631
23.608
23.609
23.633
23.596
23.611
23.589
23.612
23.609
23.625
23.579
23.629
23.649
23.512
23.588
23.567
23.465
23.423
23.384
23.558
23.396
23.429
23.353
23.293
23.253
23.25
23.174
23.174
23.245
23.154
23.089
23.149
23.207
23.181
23.138
23.161
23.182
23.158
23.133
23.186
23.162
23.124
23.165
23.075
23.058
23.017
22.971
22.991
22.989
22.93
22.86
22.92
22.86
22.849
22.892
22.982
22.971
22.896
23.032
23.099
23.157
23.231
23.301
23.362
23.5
23.599
23.638
23.721
23.769
23.885
23.925
24.089
24.075
24.075
24.111
24.184
24.122
24.192
24.081
24.063
24.065
23.93
23.868
23.783
23.699
23.681
23.545
23.533
23.405
23.324
23.334
23.242
23.225
23.16
23.159
23.17
23.121
23.106
23.152
23.142
23.145
23.137
23.291
23.24
23.304
23.264
23.413
23.366
23.448
23.399
23.542
23.498
23.595
23.562
23.593
23.58
23.6
23.572
23.482
23.523
23.518
23.468
23.378
23.344
23.256
23.188
23.211
23.065
23.0
23.065
23.048
23.065
22.912
23.024
22.929
23.029
23.061
22.999
23.001
23.03
23.122
23.085
23.219
23.15
23.189
23.243
23.202
23.211
23.281
23.259
23.26
23.228
23.203
23.219
23.163
23.091
23.059
23.105
23.06
23.014
23.021
22.954
22.958
23.036
22.982
22.905
22.95
23.0
22.936
23.003
22.99
23.157
23.063
23.165
23.195
23.211
23.231
23.319
23.382
23.39
23.442
23.412
23.431
23.43
23.491
23.439
23.431
23.445
23.488
23.387
23.276
23.363
23.245
23.308
23.152
23.158
23.147
23.122
23.11
23.129
23.052
23.057
23.055
23.066
23.063
23.139
23.032
23.157
23.107
23.141
23.098
23.174
23.238
23.311
23.318
23.326
23.427
23.449
23.555
23.644
23.589
23.715
23.844
23.886
24.015
24.079
24.271
24.232
24.331
24.393
24.505
24.535
24.465
24.539
24.611
24.565
24.552
24.474
24.523
24.359
24.257
24.252
24.216
24.182
24.118
24.021
24.001
23.941
23.934
23.876
23.867
23.978
23.965
24.007
24.052
23.995
24.024
24.089
24.209
24.216
24.267
24.301
24.225
24.209
24.207
24.259
24.145
24.109
24.02
23.988
23.967
23.728
23.681
23.537
23.476
23.376
23.253
23.22
23.106
23.102
22.961
22.999
22.997
22.958
22.868
22.944
22.96
22.976
23.039
23.076
23.069
23.154
23.192
23.27
23.274
23.347
23.344
23.431
23.389
23.448
23.619
23.453
23.457
23.584
23.593
23.572
23.548
23.524
23.584
23.557
23.546
23.54
23.495
23.469
23.407
23.46
23.489
23.38
23.464
23.329
23.275
23.318
23.315
23.265
23.282
23.19
23.242
23.188
23.285
23.274
23.401
23.349
23.379
23.397
23.43
23.464
23.448
23.473
23.463
23.552
23.557
23.504
23.439
23.467
23.415
23.308
23.201
23.214
23.168
23.113
23.102
23.048
23.036
23.018
23.044
22.971
22.957
23.052
23.044
23.006
23.061
23.128
23.189
23.152
23.201
23.227
23.402
23.293
23.273
23.41
23.364
23.408
23.385
23.448
23.387
23.461
23.458
23.502
23.41
23.413
23.422
23.463
23.397
23.41
23.401
23.455
23.444
23.497
23.444
23.427
23.447
23.576
23.559
23.516
23.592
23.521
23.617
23.649
23.631
23.633
23.74
23.727
23.659
23.694
23.707
23.731
23.711
23.729
23.633
23.591
23.669
23.655
23.567
23.542
23.528
23.414
23.511
23.449
23.494
23.395
23.412
23.464
23.387
23.292
23.295
23.329
23.351
23.294
23.352
23.252
23.292
23.269
23.282
23.392
23.241
23.367
23.3
23.428
23.443
23.406
23.415
23.472
23.557
23.635
23.573
23.647
23.679
23.81
23.76
23.886
23.894
23.874
23.895
23.891
23.837
23.866
23.842
23.815
23.746
23.8
23.681
23.635
23.539
23.564
23.551
23.376
23.478
23.43
23.306
23.287
23.377
23.319
23.345
23.435
23.335
23.339
23.461
23.446
23.47
23.525
23.555
23.676
23.636
23.677
23.678
23.692
23.679
23.726
23.744
23.744
23.73
23.805
23.756
23.69
23.674
23.769
23.644
23.559
23.719
23.591
23.61
23.61
23.65
23.63
23.636
23.658
23.673
23.748
23.769
23.831
23.717
23.743
23.797
23.806
23.782
23.815
23.757
23.77
23.726
23.663
23.599
23.583
23.529
23.614
23.595
23.689
23.555
23.549
23.589
23.636
23.613
23.561
23.634
23.655
23.702
23.652
23.696
23.736
23.752
23.774
23.672
23.727
23.793
23.76
23.791
23.772
23.834
23.761
23.742
23.796
23.71
23.635
23.686
23.739
23.622
23.611
23.559
23.579
23.531
23.45
23.463
23.506
23.352
23.374
23.394
23.421
23.385
23.41
23.536
23.474
23.488
23.592
23.558
23.722
23.717
23.859
23.921
24.026
24.134
24.23
24.231
24.429
24.537
24.747
24.871
24.976
25.009
25.145
25.193
25.249
25.394
25.43
25.475
25.474
25.492
25.531
25.512
25.558
25.589
25.428
25.496
25.467
25.461
25.344
25.407
25.33
25.378
25.313
25.271
25.287
25.127
25.091
24.947
24.959
24.733
24.69
24.504
24.406
24.218
24.057
24.014
23.884
23.768
23.636
23.582
23.546
23.47
23.44
23.36
23.3
23.396
23.265
23.239
23.267
23.27
23.26
23.225
23.302
23.361
23.315
23.235
23.269
23.253
23.223
23.27
23.168
23.21
23.18
23.243
23.221
23.072
23.109
23.144
23.053
23.077
23.076
23.025
23.03
23.003
23.036
23.005
22.993
23.012
23.089
22.994
22.96
23.073
23.028
23.009
22.978
23.052
23.046
23.071
23.062
23.028
23.051
23.108
23.189
23.002
23.15
23.191
23.122
23.127
23.109
23.137
23.183
23.125
23.148
23.157
23.125
23.033
23.011
22.961
23.069
22.999
22.891
22.935
22.908
22.892
22.974
22.908
22.953
23.021
23.043
23.114
23.051
23.107
23.098
23.134
23.171
23.194
23.218
23.184
23.159
23.078
23.078
23.083
22.975
22.978
22.886
22.905
22.762
22.786
22.699
22.649
22.593
22.595
22.57
22.541
22.515
22.479
22.455
22.459
22.473
22.467
22.418
22.444
22.494
22.45
22.507
22.503
22.52
22.594
22.599
22.638
22.704
22.774
22.769
22.837
23.028
22.959
23.115
23.078
23.2
23.281
23.293
23.373
23.421
23.506
23.502
23.468
23.488
23.599
23.498
23.565
23.559
23.479
23.653
23.613
23.47
23.534
23.458
23.507
23.491
23.479
23.434
23.399
23.376
23.4
