8597974	21000.0	14	12000.0	2.1	0	1.75	3.85
8592279	15000.0	17	24000.0	1.5058	0	0.625	2.1308
8588642	14000.0	18	30000.0	1.4058	0	0.4667	1.8725
8590139	17000.0	19	30000.0	1.7058	0	0.5667	2.2725
9223627	8000.0	15	16000.0	0.8	0	0.5	1.3
8582950	13000.0	8	5000.0	1.3067	0	2.6	3.9067
8589963	13000.0	10	6000.0	1.3067	0	2.1667	3.4734
8596174	11000.0	11	6000.0	1.1067	0	1.8333	2.94
9220845	13000.0	11	6000.0	1.3067	2.94	2.1667	6.413399999999999
8595041	18000.0	12	6000.0	1.8	0	3.0	4.8
8590964	12000.0	12	6000.0	1.2	4.8	2.0	8.0
8598427	15000.0	15	16000.0	1.5	0.3	0.9375	2.7375
8592514	14000.0	16	18000.0	1.4058	0	0.7778	2.1836
9223130	11000.0	0	500.0	1.1	0	22.0	23.1
9219205	10000.0	0	500.0	1.0	23.1	20.0	44.1
9222890	12000.0	0	500.0	1.2	44.1	24.0	69.30000000000001
8584716	12000.0	0	500.0	1.2	69.3	24.0	94.5
8587930	14000.0	2	1000.0	1.4	0	14.0	15.4
9224106	10000.0	3	1000.0	1.0	0	10.0	11.0
8596669	12000.0	4	4000.0	1.2038	0	3.0	4.2038
9221087	10000.0	4	4000.0	1.0038	4.2038	2.5	7.7076
9224496	11000.0	7	5000.0	1.1038	0	2.2	3.3038
9220388	13000.0	8	5000.0	1.3067	2.9067	2.6	6.8134
9220163	9000.0	14	12000.0	0.9	0.85	0.75	2.5
9222820	12000.0	14	12000.0	1.2	2.5	1.0	4.7
9223281	11000.0	14	12000.0	1.1	4.7	0.9167	6.7167
9223024	9000.0	14	12000.0	0.9	6.7167	0.75	8.366700000000002
9223019	10000.0	14	12000.0	1.0	8.3667	0.8333	10.2
9220696	15000.0	14	12000.0	1.5	10.2	1.25	12.95
8583605	13000.0	14	12000.0	1.3	12.95	1.0833	15.3333
8591590	11000.0	14	12000.0	1.1	15.3333	0.9167	17.349999999999998
9220889	11000.0	14	12000.0	1.1	17.35	0.9167	19.3667
8583146	13000.0	15	16000.0	1.3	1.7375	0.8125	3.85
9221130	12000.0	15	16000.0	1.2	3.85	0.75	5.8
9220358	9000.0	15	16000.0	0.9	5.8	0.5625	7.2625
9222300	10000.0	15	16000.0	1.0	7.2625	0.625	8.8875
9221382	11000.0	15	16000.0	1.1	8.8875	0.6875	10.674999999999999
8582639	15000.0	15	16000.0	1.5	10.675	0.9375	13.1125
9220624	12000.0	15	16000.0	1.2	13.1125	0.75	15.0625
8590781	15000.0	15	16000.0	1.5	15.0625	0.9375	17.5
8590066	13000.0	15	16000.0	1.3	17.5	0.8125	19.6125
9221542	10000.0	15	16000.0	1.0	19.6125	0.625	21.2375
9220309	10000.0	15	16000.0	1.0	21.2375	0.625	22.8625
9224159	10000.0	15	16000.0	1.0	22.8625	0.625	24.4875
9222973	9000.0	15	16000.0	0.9	24.4875	0.5625	25.95
9222340	9000.0	16	18000.0	0.9058	1.1836	0.5	2.5894
8576044	18000.0	16	18000.0	1.8058	2.5894	1.0	5.3952
9222283	11000.0	16	18000.0	1.1058	5.3952	0.6111	7.1121
9222123	12000.0	16	18000.0	1.2058	7.1121	0.6667	8.9846
8585478	12000.0	16	18000.0	1.2058	8.9846	0.6667	10.8571
9221033	10000.0	16	18000.0	1.0058	10.8571	0.5556	12.418500000000002
9219955	11000.0	16	18000.0	1.1058	12.4185	0.6111	14.1354
8584137	12000.0	16	18000.0	1.2058	14.1354	0.6667	16.0079
9223280	9000.0	16	18000.0	0.9058	16.0079	0.5	17.4137
8589932	15000.0	16	18000.0	1.5058	17.4137	0.8333	19.7528
9224146	10000.0	16	18000.0	1.0058	19.7528	0.5556	21.3142
9220872	12000.0	16	18000.0	1.2058	21.3142	0.6667	23.1867
9220559	13000.0	16	18000.0	1.3058	23.1867	0.7222	25.2147
9220978	10000.0	16	18000.0	1.0058	25.2147	0.5556	26.7761
9222560	10000.0	16	18000.0	1.0058	26.7761	0.5556	28.3375
8592410	13000.0	16	18000.0	1.3058	28.3375	0.7222	30.3655
9219590	11000.0	17	24000.0	1.1058	0	0.4583	1.5640999999999998
9223147	10000.0	17	24000.0	1.0058	1.5641	0.4167	2.9866
9222798	11000.0	17	24000.0	1.1058	2.9866	0.4583	4.5507
9224656	11000.0	17	24000.0	1.1058	4.5507	0.4583	6.1148
9221830	10000.0	17	24000.0	1.0058	6.1148	0.4167	7.537299999999999
9224220	9000.0	17	24000.0	0.9058	7.5373	0.375	8.8181
9222546	11000.0	17	24000.0	1.1058	8.8181	0.4583	10.3822
9221623	10000.0	17	24000.0	1.0058	10.3822	0.4167	11.8047
9219615	12000.0	17	24000.0	1.2058	11.8047	0.5	13.5105
9220042	11000.0	17	24000.0	1.1058	13.5105	0.4583	15.0746
9221857	9000.0	18	30000.0	0.9058	0	0.3	1.2058
8589651	12000.0	18	30000.0	1.2058	1.2058	0.4	2.8116
9221414	11000.0	18	30000.0	1.1058	2.8116	0.3667	4.2841
8596567	12000.0	18	30000.0	1.2058	4.2841	0.4	5.8899
9224409	11000.0	18	30000.0	1.1058	5.8899	0.3667	7.362399999999999
8576390	12000.0	19	30000.0	1.2058	0	0.4	1.6058
9219311	10000.0	19	30000.0	1.0058	1.6058	0.3333	2.9449
9219735	11000.0	19	30000.0	1.1058	2.9449	0.3667	4.4174
9222016	10000.0	19	30000.0	1.0058	4.4174	0.3333	5.7565
9221873	11000.0	19	30000.0	1.1058	5.7565	0.3667	7.228999999999999
9219531	11000.0	19	30000.0	1.1058	7.229	0.3667	8.7015
8578342	15000.0	19	30000.0	1.5058	8.7015	0.5	10.7073
9222853	11000.0	0	500.0	1.1	93.5	22.0	116.6
9219354	11000.0	0	500.0	1.1	116.6	22.0	139.7
9221199	9000.0	0	500.0	0.9	139.7	18.0	158.6
9221766	10000.0	0	500.0	1.0	158.6	20.0	179.6
9220215	9000.0	0	500.0	0.9	179.6	18.0	198.5
9221927	10000.0	0	500.0	1.0	198.5	20.0	219.5
9223411	12000.0	0	500.0	1.2	219.5	24.0	244.7
9223972	12000.0	0	500.0	1.2	244.7	24.0	269.9
9219939	15000.0	0	500.0	1.5	269.9	30.0	301.4
9222783	9000.0	0	500.0	0.9	301.4	18.0	320.29999999999995
9222819	9000.0	0	500.0	0.9	320.3	18.0	339.2
9224447	9000.0	0	500.0	0.9	339.2	18.0	358.09999999999997
9220657	10000.0	0	500.0	1.0	358.1	20.0	379.1
9220706	10000.0	0	500.0	1.0	379.1	20.0	400.1
9219866	12000.0	0	500.0	1.2	400.1	24.0	425.3
8596396	11000.0	0	500.0	1.1	425.3	22.0	448.40000000000003
9221909	11000.0	9	6000.0	1.1067	0	1.8333	2.94
9222773	11000.0	9	6000.0	1.1067	2.94	1.8333	5.879999999999999
9221363	10000.0	9	6000.0	1.0067	5.88	1.6667	8.5534
9220074	8000.0	11	6000.0	0.8067	4.4134	1.3333	6.5534
9224308	11000.0	13	8000.0	1.1	0	1.375	2.475
9224303	9000.0	13	8000.0	0.9	2.475	1.125	4.5
9220513	10000.0	14	12000.0	1.0	18.3667	0.8333	20.200000000000003
9222396	11000.0	14	12000.0	1.1	20.2	0.9167	22.2167
8580987	20000.0	14	12000.0	2.0	22.2167	1.6667	25.883399999999998
8598893	11000.0	14	12000.0	1.1	25.8834	0.9167	27.900100000000002
9219332	10000.0	14	12000.0	1.0	27.9001	0.8333	29.7334
9220224	9000.0	14	12000.0	0.9	29.7334	0.75	31.383399999999998
9222538	8000.0	14	12000.0	0.8	31.3834	0.6667	32.8501
9221534	10000.0	14	12000.0	1.0	32.8501	0.8333	34.6834
9222959	12000.0	14	12000.0	1.2	34.6834	1.0	36.8834
9223746	10000.0	14	12000.0	1.0	36.8834	0.8333	38.7167
9220595	16000.0	14	12000.0	1.6	38.7167	1.3333	41.650000000000006
9222607	9000.0	14	12000.0	0.9	41.65	0.75	43.3
9219720	13000.0	14	12000.0	1.3	43.3	1.0833	45.683299999999996
9219736	12000.0	14	12000.0	1.2	45.6833	1.0	47.883300000000006
9222102	11000.0	14	12000.0	1.1	47.8833	0.9167	49.9
9221699	12000.0	14	12000.0	1.2	49.9	1.0	52.1
9219687	9000.0	14	12000.0	0.9	52.1	0.75	53.75
9220814	9000.0	14	12000.0	0.9	53.75	0.75	55.4
9220588	11000.0	14	12000.0	1.1	55.4	0.9167	57.4167
9220255	12000.0	14	12000.0	1.2	57.4167	1.0	59.6167
9223224	10000.0	14	12000.0	1.0	59.6167	0.8333	61.45
8583081	10000.0	14	12000.0	1.0	61.45	0.8333	63.283300000000004
9224916	12000.0	14	12000.0	1.2	63.2833	1.0	65.4833
9224377	10000.0	14	12000.0	1.0	65.4833	0.8333	67.3166
9221374	10000.0	14	12000.0	1.0	67.3166	0.8333	69.14989999999999
9223977	10000.0	14	12000.0	1.0	69.1499	0.8333	70.9832
8598191	14000.0	14	12000.0	1.4	70.9832	1.1667	73.54990000000001
9224396	10000.0	14	12000.0	1.0	73.5499	0.8333	75.38319999999999
9224351	10000.0	14	12000.0	1.0	75.3832	0.8333	77.2165
9221162	10000.0	14	12000.0	1.0	77.2165	0.8333	79.04979999999999
9219935	10000.0	14	12000.0	1.0	79.0498	0.8333	80.8831
9221018	10000.0	14	12000.0	1.0	80.8831	0.8333	82.7164
9219943	8000.0	14	12000.0	0.8	82.7164	0.6667	84.1831
9223910	10000.0	14	12000.0	1.0	84.1831	0.8333	86.01639999999999
9223943	9000.0	14	12000.0	0.9	86.0164	0.75	87.66640000000001
9223073	11000.0	14	12000.0	1.1	87.6664	0.9167	89.6831
9224510	9000.0	14	12000.0	0.9	89.6831	0.75	91.3331
9219875	11000.0	14	12000.0	1.1	91.3331	0.9167	93.3498
9220149	9000.0	14	12000.0	0.9	93.3498	0.75	94.99980000000001
9223347	11000.0	14	12000.0	1.1	94.9998	0.9167	97.0165
9219300	10000.0	14	12000.0	1.0	97.0165	0.8333	98.84979999999999
9223881	14000.0	14	12000.0	1.4	98.8498	1.1667	101.41650000000001
9223390	9000.0	14	12000.0	0.9	101.4165	0.75	103.0665
9222481	9000.0	14	12000.0	0.9	103.0665	0.75	104.71650000000001
8580830	13000.0	14	12000.0	1.3	104.7165	1.0833	107.09979999999999
9222002	10000.0	14	12000.0	1.0	107.0998	0.8333	108.9331
8595620	18000.0	14	12000.0	1.8	108.9331	1.5	112.2331
9224890	12000.0	15	16000.0	1.2	24.95	0.75	26.9
9223864	10000.0	15	16000.0	1.0	26.9	0.625	28.525
9220460	11000.0	15	16000.0	1.1	28.525	0.6875	30.3125
9221587	9000.0	15	16000.0	0.9	30.3125	0.5625	31.775
9220510	10000.0	15	16000.0	1.0	31.775	0.625	33.4
9222739	12000.0	15	16000.0	1.2	33.4	0.75	35.35
8595821	12000.0	15	16000.0	1.2	35.35	0.75	37.300000000000004
9220878	12000.0	15	16000.0	1.2	37.3	0.75	39.25
9223047	13000.0	15	16000.0	1.3	39.25	0.8125	41.3625
8590349	18000.0	15	16000.0	1.8	41.3625	1.125	44.287499999999994
8576153	14000.0	15	16000.0	1.4	44.2875	0.875	46.5625
9219523	11000.0	15	16000.0	1.1	46.5625	0.6875	48.35
9219328	9000.0	15	16000.0	0.9	48.35	0.5625	49.8125
8589860	15000.0	15	16000.0	1.5	49.8125	0.9375	52.25
9222619	10000.0	15	16000.0	1.0	52.25	0.625	53.875
9223756	9000.0	15	16000.0	0.9	53.875	0.5625	55.3375
8594876	15000.0	15	16000.0	1.5	55.3375	0.9375	57.775
9220618	10000.0	15	16000.0	1.0	57.775	0.625	59.4
9221706	11000.0	15	16000.0	1.1	59.4	0.6875	61.1875
9222196	10000.0	15	16000.0	1.0	61.1875	0.625	62.8125
9219482	12000.0	15	16000.0	1.2	62.8125	0.75	64.7625
9221725	10000.0	15	16000.0	1.0	64.7625	0.625	66.3875
9221748	12000.0	15	16000.0	1.2	66.3875	0.75	68.3375
9222218	10000.0	15	16000.0	1.0	68.3375	0.625	69.9625
9222237	9000.0	15	16000.0	0.9	69.9625	0.5625	71.42500000000001
9219421	10000.0	15	16000.0	1.0	71.425	0.625	73.05
9221490	11000.0	15	16000.0	1.1	73.05	0.6875	74.83749999999999
9222882	10000.0	15	16000.0	1.0	74.8375	0.625	76.4625
9220445	10000.0	15	16000.0	1.0	76.4625	0.625	78.0875
9222995	9000.0	15	16000.0	0.9	78.0875	0.5625	79.55000000000001
9223222	10000.0	15	16000.0	1.0	79.55	0.625	81.175
9224358	13000.0	15	16000.0	1.3	81.175	0.8125	83.2875
9219971	11000.0	15	16000.0	1.1	83.2875	0.6875	85.07499999999999
9223688	10000.0	15	16000.0	1.0	85.075	0.625	86.7
9222775	8000.0	15	16000.0	0.8	86.7	0.5	88.0
9221976	9000.0	15	16000.0	0.9	88.0	0.5625	89.4625
9224442	10000.0	15	16000.0	1.0	89.4625	0.625	91.0875
9223515	10000.0	15	16000.0	1.0	91.0875	0.625	92.7125
9224437	11000.0	15	16000.0	1.1	92.7125	0.6875	94.5
9221260	11000.0	15	16000.0	1.1	94.5	0.6875	96.2875
9223501	12000.0	15	16000.0	1.2	96.2875	0.75	98.2375
9220114	8000.0	15	16000.0	0.8	98.2375	0.5	99.5375
9219249	11000.0	15	16000.0	1.1	99.5375	0.6875	101.32499999999999
9224687	8000.0	15	16000.0	0.8	101.325	0.5	102.625
9219214	8000.0	15	16000.0	0.8	102.625	0.5	103.925
9223033	9000.0	15	16000.0	0.9	103.925	0.5625	105.3875
9223883	11000.0	15	16000.0	1.1	105.3875	0.6875	107.175
9224302	9000.0	15	16000.0	0.9	107.175	0.5625	108.6375
9224696	10000.0	15	16000.0	1.0	108.6375	0.625	110.2625
9224702	10000.0	15	16000.0	1.0	110.2625	0.625	111.8875
9221001	10000.0	15	16000.0	1.0	111.8875	0.625	113.5125
8579564	15000.0	15	16000.0	1.5	113.5125	0.9375	115.95
9223348	14000.0	15	16000.0	1.4	115.95	0.875	118.22500000000001
9220516	10000.0	15	16000.0	1.0	118.225	0.625	119.85
9223888	9000.0	15	16000.0	0.9	119.85	0.5625	121.3125
8577807	15000.0	15	16000.0	1.5	121.3125	0.9375	123.75
9223112	8000.0	15	16000.0	0.8	123.75	0.5	125.05
9219333	11000.0	16	18000.0	1.1058	29.3655	0.6111	31.0824
9220941	10000.0	16	18000.0	1.0058	31.0824	0.5556	32.6438
9220826	10000.0	16	18000.0	1.0058	32.6438	0.5556	34.2052
9221689	9000.0	16	18000.0	0.9058	34.2052	0.5	35.611
9221169	13000.0	16	18000.0	1.3058	35.611	0.7222	37.638999999999996
9224805	9000.0	16	18000.0	0.9058	37.639	0.5	39.0448
9224767	11000.0	16	18000.0	1.1058	39.0448	0.6111	40.761700000000005
9223021	11000.0	16	18000.0	1.1058	40.7617	0.6111	42.4786
9223022	8000.0	16	18000.0	0.8058	42.4786	0.4444	43.7288
9223842	13000.0	16	18000.0	1.3058	43.7288	0.7222	45.7568
9220463	10000.0	16	18000.0	1.0058	45.7568	0.5556	47.3182
9223193	12000.0	16	18000.0	1.2058	47.3182	0.6667	49.1907
9222621	10000.0	16	18000.0	1.0058	49.1907	0.5556	50.7521
9222980	10000.0	16	18000.0	1.0058	50.7521	0.5556	52.3135
8584787	15000.0	16	18000.0	1.5058	52.3135	0.8333	54.6526
9223752	8000.0	16	18000.0	0.8058	54.6526	0.4444	55.9028
9219391	10000.0	16	18000.0	1.0058	55.9028	0.5556	57.4642
9220185	13000.0	16	18000.0	1.3058	57.4642	0.7222	59.4922
9219681	10000.0	16	18000.0	1.0058	59.4922	0.5556	61.053599999999996
9222897	9000.0	16	18000.0	0.9058	61.0536	0.5	62.4594
9219428	8000.0	16	18000.0	0.8058	62.4594	0.4444	63.7096
9222665	10000.0	16	18000.0	1.0058	63.7096	0.5556	65.271
9219439	14000.0	16	18000.0	1.4058	65.271	0.7778	67.4546
9223798	10000.0	16	18000.0	1.0058	67.4546	0.5556	69.01599999999999
8589682	14000.0	16	18000.0	1.4058	69.016	0.7778	71.1996
9223029	10000.0	16	18000.0	1.0058	71.1996	0.5556	72.761
9219976	10000.0	16	18000.0	1.0058	72.761	0.5556	74.32239999999999
9224615	11000.0	16	18000.0	1.1058	74.3224	0.6111	76.0393
9223681	10000.0	16	18000.0	1.0058	76.0393	0.5556	77.60069999999999
9223668	11000.0	16	18000.0	1.1058	77.6007	0.6111	79.3176
9221648	10000.0	16	18000.0	1.0058	79.3176	0.5556	80.87899999999999
9219993	10000.0	16	18000.0	1.0058	80.879	0.5556	82.4404
9222811	11000.0	16	18000.0	1.1058	82.4404	0.6111	84.15729999999999
9223574	11000.0	16	18000.0	1.1058	84.1573	0.6111	85.8742
9224033	10000.0	16	18000.0	1.0058	85.8742	0.5556	87.4356
9220022	11000.0	16	18000.0	1.1058	87.4356	0.6111	89.15249999999999
9219587	9000.0	16	18000.0	0.9058	89.1525	0.5	90.5583
9221275	11000.0	16	18000.0	1.1058	90.5583	0.6111	92.2752
9224280	9000.0	16	18000.0	0.9058	92.2752	0.5	93.681
9224714	10000.0	16	18000.0	1.0058	93.681	0.5556	95.24239999999999
9223850	9000.0	17	24000.0	0.9058	14.0746	0.375	15.3554
9221464	9000.0	17	24000.0	0.9058	15.3554	0.375	16.6362
9224756	9000.0	17	24000.0	0.9058	16.6362	0.375	17.916999999999998
9224792	11000.0	17	24000.0	1.1058	17.917	0.4583	19.4811
8585174	14000.0	17	24000.0	1.4058	19.4811	0.5833	21.470200000000002
9224886	10000.0	17	24000.0	1.0058	21.4702	0.4167	22.892699999999998
9222713	10000.0	17	24000.0	1.0058	22.8927	0.4167	24.3152
9220636	9000.0	17	24000.0	0.9058	24.3152	0.375	25.596
9222068	10000.0	17	24000.0	1.0058	25.596	0.4167	27.0185
9221321	12000.0	17	24000.0	1.2058	27.0185	0.5	28.7243
9222542	9000.0	17	24000.0	0.9058	28.7243	0.375	30.0051
9219500	10000.0	17	24000.0	1.0058	30.0051	0.4167	31.427599999999998
9222625	11000.0	17	24000.0	1.1058	31.4276	0.4583	32.9917
9220620	8000.0	17	24000.0	0.8058	32.9917	0.3333	34.1308
9222658	10000.0	17	24000.0	1.0058	34.1308	0.4167	35.5533
9219723	10000.0	17	24000.0	1.0058	35.5533	0.4167	36.9758
9222165	13000.0	17	24000.0	1.3058	36.9758	0.5417	38.823299999999996
9222565	12000.0	17	24000.0	1.2058	38.8233	0.5	40.5291
9219477	10000.0	17	24000.0	1.0058	40.5291	0.4167	41.9516
9219476	11000.0	17	24000.0	1.1058	41.9516	0.4583	43.5157
9221752	9000.0	17	24000.0	0.9058	43.5157	0.375	44.7965
9220823	12000.0	17	24000.0	1.2058	44.7965	0.5	46.502300000000005
8599032	12000.0	17	24000.0	1.2058	46.5023	0.5	48.2081
9221803	8000.0	17	24000.0	0.8058	48.2081	0.3333	49.3472
9222107	8000.0	17	24000.0	0.8058	49.3472	0.3333	50.4863
9223821	12000.0	17	24000.0	1.2058	50.4863	0.5	52.192099999999996
9222869	9000.0	17	24000.0	0.9058	52.1921	0.375	53.4729
9221772	11000.0	17	24000.0	1.1058	53.4729	0.4583	55.037000000000006
9219512	9000.0	17	24000.0	0.9058	55.037	0.375	56.3178
9219447	9000.0	17	24000.0	0.9058	56.3178	0.375	57.5986
9224926	9000.0	17	24000.0	0.9058	57.5986	0.375	58.8794
9224114	7000.0	17	24000.0	0.7058	58.8794	0.2917	59.8769
9221192	8000.0	17	24000.0	0.8058	59.8769	0.3333	61.016
9223979	11000.0	17	24000.0	1.1058	61.016	0.4583	62.5801
9224517	10000.0	17	24000.0	1.0058	62.5801	0.4167	64.0026
9224610	10000.0	17	24000.0	1.0058	64.0026	0.4167	65.4251
9219234	10000.0	17	24000.0	1.0058	65.4251	0.4167	66.8476
9220009	9000.0	17	24000.0	0.9058	66.8476	0.375	68.1284
9220849	9000.0	17	24000.0	0.9058	68.1284	0.375	69.4092
9224084	12000.0	17	24000.0	1.2058	69.4092	0.5	71.115
9223493	9000.0	17	24000.0	0.9058	71.115	0.375	72.3958
9223503	10000.0	17	24000.0	1.0058	72.3958	0.4167	73.8183
9223511	9000.0	17	24000.0	0.9058	73.8183	0.375	75.09909999999999
9224461	11000.0	17	24000.0	1.1058	75.0991	0.4583	76.6632
9221627	9000.0	17	24000.0	0.9058	76.6632	0.375	77.944
9220121	8000.0	17	24000.0	0.8058	77.944	0.3333	79.0831
9219572	11000.0	17	24000.0	1.1058	79.0831	0.4583	80.6472
9223568	10000.0	17	24000.0	1.0058	80.6472	0.4167	82.0697
9223566	10000.0	17	24000.0	1.0058	82.0697	0.4167	83.4922
9223705	11000.0	17	24000.0	1.1058	83.4922	0.4583	85.0563
9221241	10000.0	17	24000.0	1.0058	85.0563	0.4167	86.47879999999999
9224680	10000.0	17	24000.0	1.0058	86.4788	0.4167	87.9013
8594244	13000.0	17	24000.0	1.3058	87.9013	0.5417	89.74880000000002
9223336	12000.0	17	24000.0	1.2058	89.7488	0.5	91.4546
9221409	12000.0	17	24000.0	1.2058	91.4546	0.5	93.1604
9223334	10000.0	17	24000.0	1.0058	93.1604	0.4167	94.5829
9221577	10000.0	17	24000.0	1.0058	94.5829	0.4167	96.0054
9220362	8000.0	17	24000.0	0.8058	96.0054	0.3333	97.1445
9219845	10000.0	17	24000.0	1.0058	97.1445	0.4167	98.567
9224145	11000.0	17	24000.0	1.1058	98.567	0.4583	100.13109999999999
9222059	10000.0	18	30000.0	1.0058	6.3624	0.3333	7.7015
9221052	9000.0	18	30000.0	0.9058	7.7015	0.3	8.907300000000001
9222725	10000.0	18	30000.0	1.0058	8.9073	0.3333	10.2464
9222264	9000.0	18	30000.0	0.9058	10.2464	0.3	11.4522
9223868	12000.0	18	30000.0	1.2058	11.4522	0.4	13.058
8588712	18000.0	18	30000.0	1.8058	13.058	0.6	15.463799999999999
9221872	9000.0	18	30000.0	0.9058	15.4638	0.3	16.669600000000003
9223719	9000.0	18	30000.0	0.9058	16.6696	0.3	17.8754
9221816	14000.0	18	30000.0	1.4058	17.8754	0.4667	19.747899999999998
9224222	12000.0	18	30000.0	1.2058	19.7479	0.4	21.3537
8593217	12000.0	18	30000.0	1.2058	21.3537	0.4	22.9595
9222507	11000.0	18	30000.0	1.1058	22.9595	0.3667	24.432
9224799	10000.0	18	30000.0	1.0058	24.432	0.3333	25.7711
9223845	10000.0	18	30000.0	1.0058	25.7711	0.3333	27.110200000000003
9224165	11000.0	18	30000.0	1.1058	27.1102	0.3667	28.5827
9221590	11000.0	18	30000.0	1.1058	28.5827	0.3667	30.0552
9219801	10000.0	18	30000.0	1.0058	30.0552	0.3333	31.3943
9224252	10000.0	18	30000.0	1.0058	31.3943	0.3333	32.7334
8586526	13000.0	18	30000.0	1.3058	32.7334	0.4333	34.472500000000004
8582031	11000.0	18	30000.0	1.1058	34.4725	0.3667	35.945
8593917	13000.0	18	30000.0	1.3058	35.945	0.4333	37.6841
9220771	8000.0	18	30000.0	0.8058	37.6841	0.2667	38.7566
9222017	9000.0	18	30000.0	0.9058	38.7566	0.3	39.962399999999995
9221546	10000.0	18	30000.0	1.0058	39.9624	0.3333	41.301500000000004
9223725	10000.0	18	30000.0	1.0058	41.3015	0.3333	42.6406
8594130	16000.0	18	30000.0	1.6058	42.6406	0.5333	44.7797
9219719	10000.0	18	30000.0	1.0058	44.7797	0.3333	46.1188
9222609	11000.0	18	30000.0	1.1058	46.1188	0.3667	47.591300000000004
8576431	14000.0	18	30000.0	1.4058	47.5913	0.4667	49.4638
9222888	10000.0	18	30000.0	1.0058	49.4638	0.3333	50.8029
9221487	9000.0	18	30000.0	0.9058	50.8029	0.3	52.0087
9220756	10000.0	18	30000.0	1.0058	52.0087	0.3333	53.3478
9219424	9000.0	18	30000.0	0.9058	53.3478	0.3	54.553599999999996
9220817	11000.0	18	30000.0	1.1058	54.5536	0.3667	56.02610000000001
9222985	10000.0	18	30000.0	1.0058	56.0261	0.3333	57.3652
9220193	10000.0	18	30000.0	1.0058	57.3652	0.3333	58.7043
9219557	10000.0	18	30000.0	1.0058	58.7043	0.3333	60.043400000000005
9223415	10000.0	18	30000.0	1.0058	60.0434	0.3333	61.3825
9224381	10000.0	18	30000.0	1.0058	61.3825	0.3333	62.7216
9222837	9000.0	18	30000.0	0.9058	62.7216	0.3	63.9274
9223063	11000.0	18	30000.0	1.1058	63.9274	0.3667	65.39989999999999
9223970	10000.0	18	30000.0	1.0058	65.3999	0.3333	66.73899999999999
9221383	10000.0	18	30000.0	1.0058	66.739	0.3333	68.07809999999999
9223676	8000.0	18	30000.0	0.8058	68.0781	0.2667	69.15060000000001
9223898	10000.0	18	30000.0	1.0058	69.1506	0.3333	70.48969999999998
9223600	13000.0	18	30000.0	1.3058	70.4897	0.4333	72.2288
9223540	10000.0	18	30000.0	1.0058	72.2288	0.3333	73.5679
9224099	11000.0	18	30000.0	1.1058	73.5679	0.3667	75.04039999999999
9223519	10000.0	18	30000.0	1.0058	75.0404	0.3333	76.3795
9223516	10000.0	18	30000.0	1.0058	76.3795	0.3333	77.71859999999998
9223507	10000.0	18	30000.0	1.0058	77.7186	0.3333	79.05769999999998
9221190	10000.0	18	30000.0	1.0058	79.0577	0.3333	80.39679999999998
9223593	9000.0	18	30000.0	0.9058	80.3968	0.3	81.6026
9220572	9000.0	18	30000.0	0.9058	81.6026	0.3	82.80839999999999
9223067	9000.0	18	30000.0	0.9058	82.8084	0.3	84.0142
9220662	10000.0	18	30000.0	1.0058	84.0142	0.3333	85.35329999999999
9220115	10000.0	18	30000.0	1.0058	85.3533	0.3333	86.69239999999999
9219650	10000.0	18	30000.0	1.0058	86.6924	0.3333	88.0315
9224589	10000.0	18	30000.0	1.0058	88.0315	0.3333	89.37059999999998
9221662	11000.0	18	30000.0	1.1058	89.3706	0.3667	90.84309999999999
9223874	8000.0	18	30000.0	0.8058	90.8431	0.2667	91.91560000000001
9224128	9000.0	18	30000.0	0.9058	91.9156	0.3	93.1214
9219211	10000.0	18	30000.0	1.0058	93.1214	0.3333	94.46049999999998
9222410	9000.0	18	30000.0	0.9058	94.4605	0.3	95.66629999999999
9224721	8000.0	18	30000.0	0.8058	95.6663	0.2667	96.73880000000001
9223308	10000.0	18	30000.0	1.0058	96.7388	0.3333	98.07789999999999
9221043	10000.0	18	30000.0	1.0058	98.0779	0.3333	99.41699999999999
9220139	9000.0	18	30000.0	0.9058	99.417	0.3	100.6228
9224663	11000.0	18	30000.0	1.1058	100.6228	0.3667	102.0953
9223353	10000.0	18	30000.0	1.0058	102.0953	0.3333	103.43439999999998
9221862	9000.0	19	30000.0	0.9058	9.7073	0.3	10.9131
9222282	9000.0	19	30000.0	0.9058	10.9131	0.3	12.1189
9220469	9000.0	19	30000.0	0.9058	12.1189	0.3	13.3247
9219783	11000.0	19	30000.0	1.1058	13.3247	0.3667	14.7972
9221685	8000.0	19	30000.0	0.8058	14.7972	0.2667	15.8697
9222302	11000.0	19	30000.0	1.1058	15.8697	0.3667	17.342200000000002
9220166	11000.0	19	30000.0	1.1058	17.3422	0.3667	18.8147
8584476	13000.0	19	30000.0	1.3058	18.8147	0.4333	20.5538
9219813	10000.0	19	30000.0	1.0058	20.5538	0.3333	21.8929
9221082	10000.0	19	30000.0	1.0058	21.8929	0.3333	23.232000000000003
9220542	10000.0	19	30000.0	1.0058	23.232	0.3333	24.5711
9222860	9000.0	19	30000.0	0.9058	24.5711	0.3	25.7769
9220780	8000.0	19	30000.0	0.8058	25.7769	0.2667	26.849400000000003
9222628	11000.0	19	30000.0	1.1058	26.8494	0.3667	28.3219
9222141	11000.0	19	30000.0	1.1058	28.3219	0.3667	29.7944
9222392	9000.0	19	30000.0	0.9058	29.7944	0.3	31.0002
9223162	11000.0	19	30000.0	1.1058	31.0002	0.3667	32.4727
9222198	9000.0	19	30000.0	0.9058	32.4727	0.3	33.6785
9221711	10000.0	19	30000.0	1.0058	33.6785	0.3333	35.0176
8589670	12000.0	19	30000.0	1.2058	35.0176	0.4	36.6234
9223238	11000.0	19	30000.0	1.1058	36.6234	0.3667	38.0959
9221804	12000.0	19	30000.0	1.2058	38.0959	0.4	39.701699999999995
9221784	9000.0	19	30000.0	0.9058	39.7017	0.3	40.9075
8578078	10000.0	19	30000.0	1.0058	40.9075	0.3333	42.2466
9221794	9000.0	19	30000.0	0.9058	42.2466	0.3	43.4524
9223793	8000.0	19	30000.0	0.8058	43.4524	0.2667	44.524899999999995
9224914	10000.0	19	30000.0	1.0058	44.5249	0.3333	45.864000000000004
9223635	10000.0	19	30000.0	1.0058	45.864	0.3333	47.2031
9224126	10000.0	19	30000.0	1.0058	47.2031	0.3333	48.5422
9220350	10000.0	19	30000.0	1.0058	48.5422	0.3333	49.8813
9220968	10000.0	19	30000.0	1.0058	49.8813	0.3333	51.220400000000005
9219952	9000.0	19	30000.0	0.9058	51.2204	0.3	52.426199999999994
9219240	11000.0	19	30000.0	1.1058	52.4262	0.3667	53.898700000000005
9224430	9000.0	19	30000.0	0.9058	53.8987	0.3	55.104499999999994
9222442	12000.0	19	30000.0	1.2058	55.1045	0.4	56.7103
9223592	11000.0	19	30000.0	1.1058	56.7103	0.3667	58.1828
9224408	11000.0	19	30000.0	1.1058	58.1828	0.3667	59.655300000000004
9222347	10000.0	19	30000.0	1.0058	59.6553	0.3333	60.9944
9224489	9000.0	19	30000.0	0.9058	60.9944	0.3	62.200199999999995
9220534	9000.0	19	30000.0	0.9058	62.2002	0.3	63.406
9224472	9000.0	19	30000.0	0.9058	63.406	0.3	64.6118
9219299	10000.0	19	30000.0	1.0058	64.6118	0.3333	65.95089999999999
9221405	10000.0	19	30000.0	1.0058	65.9509	0.3333	67.28999999999999
9224317	9000.0	19	30000.0	0.9058	67.29	0.3	68.4958
9223345	9000.0	19	30000.0	0.9058	68.4958	0.3	69.7016
9224292	8000.0	19	30000.0	0.8058	69.7016	0.2667	70.7741
9219859	10000.0	19	30000.0	1.0058	70.7741	0.3333	72.11319999999999
9221013	10000.0	19	30000.0	1.0058	72.1132	0.3333	73.4523
9221016	10000.0	19	30000.0	1.0058	73.4523	0.3333	74.79139999999998
9219916	9000.0	19	30000.0	0.9058	74.7914	0.3	75.99719999999999
9220880	8000.0	19	30000.0	0.8058	75.9972	0.2667	77.06970000000001
