187.3813387423935	0.2	5.3	1
506.55983772819457	0.4	5.9	1
1018.1906693711965	0.2	5.5	1
1723.2738336713992	0.2	5.5	1
2589.738336713995	0.2	5.3	1
3585.9999999999986	0.4	5.9	1
4754.572008113589	0.2	5.1	1
6102.454361054764	0.2	5.1	1
7642.789046653141	0.2	5.5	1
9313.920892494925	0.4	5.9	1
11157.292089249488	0.2	4.9	1
13133.460446247458	0.4	5.9	1
15240.425963488837	0.4	5.9	1
17530.772819472608	0.2	5.3	1
19953.916835699787	0.4	5.9	1
22509.858012170374	0.4	5.9	1
25241.10953346855	0.2	5.1	1
28165.81338742392	0.2	5.5	1
31275.898580121688	0.2	5.3	1
34565.29411764704	0.2	5.1	1
38026.92900608517	0.2	4.9	1
41680.0162271805	0.2	5.5	1
45509.41379310342	0.2	5.1	1
49532.26369168354	0.2	5.5	1
53733.42393509125	0.2	5.1	1
58105.82352941173	0.2	4.9	1
62646.533468559806	0.2	5.1	1
67320.04056795129	0.4	5.9	1
72165.78701825555	0.2	4.9	1
77186.84381338739	0.2	5.1	1
82401.35294117643	0.2	5.5	1
87747.65922920889	0.4	5.9	1
93225.76267748474	0.4	5.9	1
98882.1764705882	0.2	5.1	1
104710.82961460442	0.2	4.9	1
110705.72210953342	0.2	4.9	1
116879.92494929001	0.2	5.1	1
123225.36713995939	0.2	4.9	1
129764.26166328596	0.2	5.5	1
136482.46653144012	0.2	5.1	1
