36.006722957142856	0.6	13.5	1
126.01344591428571	0.8	33.75	1
242.96022516190476	0.6	10.1	1
382.96694811904763	1.0	52.5	1
418.9736710761905	0.6	13.5	1
458.98039403333337	0.8	15.0	1
486.4537836571429	0.6	10.3	1
522.4605066142857	0.6	13.5	1
662.4672295714286	1.0	52.5	1
827.8140088190476	0.4	9.5	1
967.8207317761904	1.0	52.5	1
1043.834177690476	0.6	13.5	1
1154.2543465619044	0.6	12.9	1
1199.0812383904756	0.6	12.9	1
1233.4879613476185	0.6	12.9	1
1260.961350971428	0.6	10.3	1
1287.901407261904	0.6	10.1	1
1377.9081302190468	0.8	33.75	1
1413.9148531761896	0.6	13.5	1
1448.3215761333324	0.6	12.9	1
1484.3282990904752	0.6	13.5	1
1574.335022047618	0.8	33.75	1
1691.2818012952373	0.6	10.1	1
1718.7551909190468	0.6	10.3	1
1858.7619138761897	1.0	52.5	1
1884.101970166666	0.4	9.5	1
1920.1086931238087	0.6	13.5	1
1945.9820827476183	0.4	9.7	1
1971.3221390380945	0.4	9.5	1
2061.3288619952373	0.8	33.75	1
2095.73558495238	0.6	12.9	1
2157.6156975333324	0.6	10.3	1
2185.089087157142	0.6	10.3	1
2275.0958101142846	0.8	33.75	1
2301.5025330714275	0.4	9.9	1
2441.5092560285702	1.0	52.5	1
2468.9826456523797	0.6	10.3	1
2495.922701942856	0.6	10.1	1
2521.262758233332	0.4	9.5	1
2561.269481190475	0.8	15.0	1
2587.6762041476177	0.4	9.9	1
2627.6829271047604	0.8	15.0	1
2654.6229833952366	0.6	10.1	1
2680.496373019046	0.4	9.7	1
2820.503095976189	1.0	52.5	1
2887.9832085571416	0.6	10.3	1
2995.470044095238	0.8	15.0	1
3092.9636025904774	0.8	33.75	1
3216.330550709527	0.4	9.7	1
3252.3372736666697	0.6	13.5	1
3278.2106632904793	0.4	9.7	1
3305.1507195809554	0.6	10.1	1
3331.024109204765	0.4	9.7	1
3391.304221785718	0.6	12.9	1
3487.5910573238134	0.6	13.5	1
3513.9977802809562	0.4	9.9	1
3540.404503238099	0.4	9.9	1
3576.411226195242	0.6	13.5	1
3603.8846158190513	0.6	10.3	1
3629.2246721095275	0.4	9.5	1
3656.1647284000037	0.6	10.1	1
3683.638118023813	0.6	10.3	1
3710.5781743142893	0.6	10.1	1
3850.584897271432	1.0	52.5	1
