16.41252200357143	0.6	10.1	1
101.72504400714286	1.0	52.5	1
117.81256601071428	0.4	9.9	1
134.22508801428572	0.6	10.1	1
158.60011001785716	0.8	15.0	1
243.91263202142858	1.0	52.5	1
329.225154025	1.0	52.5	1
345.63767602857143	0.6	10.1	1
361.7251980321429	0.4	9.9	1
386.1002200357143	0.8	15.0	1
407.06274203928575	0.6	12.9	1
461.90651404285717	0.8	33.75	1
478.6440360464286	0.6	10.3	1
495.38155805	0.6	10.3	1
511.4690800535715	0.4	9.9	1
596.7816020571429	1.0	52.5	1
613.1941240607143	0.6	10.1	1
668.0378960642857	0.8	33.75	1
689.9754180678572	0.6	13.5	1
714.3504400714286	0.8	15.0	1
731.087962075	0.6	10.3	1
755.4629840785714	0.8	15.0	1
810.3067560821428	0.8	33.75	1
865.1505280857142	0.8	33.75	1
887.0880500892856	0.6	13.5	1
903.8255720928571	0.6	10.3	1
924.7880940964285	0.6	12.9	1
941.5256161	0.6	10.3	1
958.2631381035715	0.6	10.3	1
973.7006601071429	0.4	9.5	1
1043.9819541142851	0.8	33.75	1
1064.9444761178565	0.6	12.9	1
1089.319498121428	0.8	15.0	1
1135.6320421285704	0.6	13.5	1
1160.007064132142	0.8	15.0	1
1214.8508361357135	0.8	33.75	1
1230.938358139285	0.4	9.9	1
1316.2508801428564	1.0	52.5	1
1331.688402146428	0.4	9.5	1
1371.5009461535703	0.8	15.0	1
1387.9134681571418	0.6	10.1	1
1409.8509901607133	0.6	13.5	1
1425.9385121642847	0.4	9.9	1
1511.2510341678562	1.0	52.5	1
1532.2135561714276	0.6	12.9	1
1548.951078174999	0.6	10.3	1
1634.2636001785706	1.0	52.5	1
1656.2011221821422	0.6	13.5	1
1672.6136441857136	0.6	10.1	1
1705.1136881928562	0.4	9.9	1
1721.5262101964277	0.6	10.1	1
1737.613732199999	0.4	9.9	1
1753.0512542035706	0.4	9.5	1
1777.426276207142	0.8	15.0	1
1862.7387982107136	1.0	52.5	1
1879.4763202142851	0.6	10.3	1
1895.2388422178565	0.4	9.7	1
1910.676364221428	0.4	9.5	1
1965.5201362249995	0.8	33.75	1
2050.832658228571	1.0	52.5	1
2072.770180232142	0.6	13.5	1
2110.145224239286	0.4	9.5	1
2132.0827462428574	0.6	13.5	1
2186.9265182464287	0.8	33.75	1
2203.33904025	0.6	10.1	1
2219.4265622535713	0.4	9.9	1
2252.2516062607133	0.6	10.3	1
2274.1891282642846	0.6	13.5	1
2295.151650267856	0.6	12.9	1
2370.9579442749978	0.8	33.75	1
2501.608010285712	0.8	33.75	1
2553.2205982999994	0.6	12.9	1
2569.6331203035706	0.6	10.1	1
2602.458164310713	0.6	10.1	1
2618.8706863142843	0.6	10.1	1
2634.3082083178556	0.4	9.5	1
2719.620730321427	1.0	52.5	1
2736.033252324998	0.6	10.1	1
2760.4082743285694	0.8	15.0	1
2781.370796332141	0.6	12.9	1
2797.1333183357124	0.4	9.7	1
2813.870840339284	0.6	10.3	1
2834.8333623428553	0.6	12.9	1
2851.2458843464265	0.6	10.1	1
2866.6834063499978	0.4	9.5	1
2883.4209283535693	0.6	10.3	1
2955.0022223607125	0.8	33.75	1
2971.4147443642837	0.6	10.1	1
2987.827266367855	0.6	10.1	1
3019.6773103749974	0.4	9.5	1
3136.8398763857126	1.0	52.5	1
3170.7399644000006	0.6	10.3	1
3186.177486403572	0.4	9.5	1
3271.4900084071433	1.0	52.5	1
3288.2275304107147	0.6	10.3	1
3304.965052414286	0.6	10.3	1
3338.1150964214294	0.6	10.1	1
3388.002662432144	0.6	10.3	1
3412.3776844357153	0.8	15.0	1
3428.4652064392867	0.4	9.9	1
3461.2902504464287	0.6	10.3	1
3478.02777245	0.6	10.3	1
3498.9902944535716	0.6	12.9	1
3584.302816457143	1.0	52.5	1
3639.146588460714	0.8	33.75	1
3710.402882467858	0.6	10.1	1
3732.3404044714293	0.6	13.5	1
3753.3029264750007	0.6	12.9	1
3790.6779704821424	0.6	10.1	1
3806.1154924857137	0.4	9.5	1
3822.528014489285	0.6	10.1	1
3843.4905364928563	0.6	12.9	1
3898.3343084964276	0.8	33.75	1
3913.771830499999	0.4	9.5	1
3999.0843525035702	1.0	52.5	1
4014.846874507142	0.4	9.7	1
4085.453168514283	0.8	33.75	1
4100.890690517855	0.4	9.5	1
4117.628212521426	0.6	10.3	1
4219.678256528569	1.0	52.5	1
4337.165822539286	0.4	9.5	1
4371.390910553574	0.6	10.3	1
4421.703520571435	0.4	9.9	1
4476.547292575006	0.8	33.75	1
4547.153586582151	0.4	9.7	1
4601.997358585722	0.8	33.75	1
4678.778652592867	0.6	13.5	1
4694.866174596438	0.4	9.9	1
4726.3912186035805	0.4	9.5	1
4741.828740607152	0.4	9.5	1
4757.591262610724	0.4	9.7	1
4773.353784614295	0.4	9.7	1
4789.116306617867	0.4	9.7	1
4805.528828621438	0.6	10.1	1
4838.028872628581	0.4	9.9	1
4862.4038946321525	0.8	15.0	1
4879.1414166357235	0.6	10.3	1
4964.453938639295	1.0	52.5	1
4980.8664606428665	0.6	10.1	1
5001.828982646438	0.6	12.9	1
5056.67275465001	0.8	33.75	1
5072.760276653581	0.4	9.9	1
5174.160320660723	1.0	52.5	1
5229.004092664295	0.8	33.75	1
5245.416614667866	0.6	10.1	1
5262.154136671437	0.6	10.3	1
5316.997908675009	0.8	33.75	1
5337.96043067858	0.6	12.9	1
5375.010474685722	0.4	9.9	1
5433.023040696435	0.6	12.9	1
5449.435562700006	0.6	10.1	1
5465.523084703577	0.4	9.9	1
5497.373128710719	0.4	9.7	1
5544.660694721431	0.4	9.5	1
5569.035716725003	0.8	15.0	1
5610.148260732147	0.6	10.3	1
5634.523282735719	0.8	15.0	1
5674.335826742863	0.4	9.5	1
5768.99214275358	0.8	33.75	1
5793.367164757152	0.8	15.0	1
5848.210936760724	0.8	33.75	1
5872.585958764295	0.8	15.0	1
5896.960980767867	0.8	15.0	1
5951.804752771439	0.8	33.75	1
5967.242274775011	0.4	9.5	1
5999.417318782154	0.6	10.3	1
6086.436134792871	0.8	33.75	1
6102.198656796442	0.4	9.7	1
6133.723700803584	0.4	9.7	1
6155.661222807155	0.6	13.5	1
6193.3612668143	0.4	9.7	1
