19.130804771428572	0.6	13.5	1
37.41160954285714	0.6	12.9	1
58.667414314285715	0.8	15.0	1
133.0482190857143	1.0	52.5	1
147.3623571904762	0.6	10.1	1
161.67649529523808	0.6	10.1	1
175.14063339999998	0.4	9.5	1
188.88810483809522	0.4	9.7	1
236.7064096095238	0.8	33.75	1
251.30388104761903	0.6	10.3	1
264.76801915238093	0.4	9.5	1
279.36549059047616	0.6	10.3	1
353.74629536190474	1.0	52.5	1
368.06043346666667	0.6	10.1	1
442.44123823809525	1.0	52.5	1
455.90537634285715	0.4	9.5	1
530.2861811142857	1.0	52.5	1
549.4169858857142	0.6	13.5	1
570.6727906571427	0.8	15.0	1
589.8035954285713	0.6	13.5	1
603.5510668666665	0.4	9.7	1
618.1485383047617	0.6	10.3	1
631.8960097428569	0.4	9.7	1
646.4934811809521	0.6	10.3	1
674.5550907238095	0.4	9.5	1
693.685895495238	0.6	13.5	1
708.2833669333332	0.6	10.3	1
722.0308383714284	0.4	9.7	1
743.286643142857	0.8	15.0	1
757.8841145809522	0.6	10.3	1
786.7957241238096	0.6	10.1	1
805.9265288952381	0.6	13.5	1
824.2073336666667	0.6	12.9	1
838.2381384380953	0.4	9.9	1
859.4939432095239	0.8	15.0	1
955.1305527523807	1.0	52.5	1
968.8780241904759	0.4	9.7	1
1057.0063003999996	1.0	52.5	1
1075.2871051714283	0.6	12.9	1
1096.5429099428568	0.8	15.0	1
1114.8237147142854	0.6	12.9	1
1128.854519485714	0.4	9.9	1
1143.4519909238093	0.6	10.3	1
1217.8327956952378	1.0	52.5	1
1239.0886004666663	0.8	15.0	1
1252.8360719047616	0.4	9.7	1
1281.181014780952	0.6	10.3	1
1295.7784862190472	0.6	10.3	1
1314.0592909904758	0.6	12.9	1
1327.8067624285711	0.4	9.7	1
1355.0183719714282	0.4	9.5	1
1429.3991767428568	1.0	52.5	1
1503.7799815142853	1.0	52.5	1
1591.6249243904772	0.4	9.5	1
1609.9057291619058	0.6	12.9	1
1624.2198672666677	0.6	10.1	1
1643.3506720380963	0.6	13.5	1
1661.6314768095249	0.6	12.9	1
1709.4497815809534	0.8	33.75	1
1770.7322244571455	0.4	9.5	1
1785.0463625619075	0.6	10.1	1
1804.177167333336	0.6	13.5	1
1897.6887768761947	1.0	52.5	1
1972.0695816476232	1.0	52.5	1
1986.383719752385	0.6	10.1	1
1999.8478578571471	0.4	9.5	1
2014.161995961909	0.6	10.1	1
2035.4178007333376	0.8	15.0	1
2049.1652721714327	0.4	9.7	1
2084.1685483809565	0.8	15.0	1
2097.9160198190516	0.4	9.7	1
2172.2968245904804	1.0	52.5	1
2261.275100800006	0.6	10.3	1
2364.000848447625	0.4	9.7	1
2378.031653219053	0.4	9.9	1
2425.849957990482	0.8	33.75	1
2439.8807627619103	0.4	9.9	1
2453.9115675333387	0.4	9.9	1
2472.192372304767	0.6	12.9	1
2485.656510409529	0.4	9.5	1
2503.9373151809573	0.6	12.9	1
2551.755619952386	0.8	33.75	1
2599.573924723815	0.8	33.75	1
2617.854729495243	0.6	12.9	1
2636.1355342666716	0.6	12.9	1
2673.5471438095283	0.6	13.5	1
2687.86128191429	0.6	10.1	1
2706.9920866857187	0.6	13.5	1
2754.8103914571475	0.8	33.75	1
2769.407862895243	0.6	10.3	1
2783.155334333338	0.4	9.7	1
2810.650277209528	0.4	9.7	1
2824.6810819809566	0.4	9.9	1
2852.742691523813	0.4	9.9	1
2873.9984962952417	0.8	15.0	1
2921.8168010666705	0.8	33.75	1
2940.097605838099	0.6	12.9	1
2954.4117439428605	0.6	10.1	1
2982.190020152383	0.4	9.5	1
2995.937491590478	0.4	9.7	1
3043.755796361907	0.8	33.75	1
3112.829905904766	0.8	15.0	1
3127.4273773428613	0.6	10.3	1
3216.4056535523837	1.0	52.5	1
3237.6614583238124	0.8	15.0	1
3273.2314012000043	0.6	10.1	1
3347.612205971433	1.0	52.5	1
3361.359677409528	0.4	9.7	1
3394.237953619052	0.6	13.5	1
3408.2687583904803	0.4	9.9	1
3429.524563161909	0.8	15.0	1
3448.655367933338	0.6	13.5	1
3462.402839371433	0.4	9.7	1
3489.61444891429	0.4	9.5	1
3563.9952536857186	1.0	52.5	1
3585.2510584571473	0.8	15.0	1
3627.762668000006	0.8	15.0	1
3646.0434727714346	0.6	12.9	1
3667.2992775428634	0.8	15.0	1
3680.763415647625	0.4	9.5	1
3702.019220419054	0.8	15.0	1
3716.0500251904823	0.4	9.9	1
3730.0808299619107	0.4	9.9	1
3777.8991347333395	0.8	33.75	1
3792.496606171435	0.6	10.3	1
3821.4082157142902	0.6	10.1	1
3834.872353819052	0.4	9.5	1
3866.6172966952427	0.6	12.9	1
3880.648101466671	0.4	9.9	1
3895.2455729047665	0.6	10.3	1
3931.098849114289	0.8	15.0	1
4041.3329300952414	1.0	52.5	1
4065.881149180957	0.6	10.1	1
4103.893506371433	0.4	9.5	1
4125.149311142862	0.8	15.0	1
4160.435920685721	0.4	9.9	1
4178.71672545715	0.6	12.9	1
4211.595001666673	0.6	10.3	1
4229.875806438102	0.6	12.9	1
4267.287415980958	0.6	13.5	1
4285.568220752387	0.6	12.9	1
4359.949025523815	1.0	52.5	1
4455.585635066674	0.8	15.0	1
4474.716439838102	0.6	13.5	1
4507.878049380961	0.4	9.9	1
4582.258854152389	1.0	52.5	1
4677.895463695248	0.8	15.0	1
4691.35960180001	0.4	9.5	1
4719.4212113428675	0.6	10.3	1
4740.677016114296	0.8	15.0	1
4754.9911542190575	0.6	10.1	1
4769.588625657153	0.6	10.3	1
4783.902763761915	0.6	10.1	1
4819.472706638104	0.8	15.0	1
4833.503511409533	0.4	9.9	1
4851.7843161809615	0.6	12.9	1
4889.195925723818	0.6	13.5	1
4903.226730495247	0.4	9.9	1
4951.045035266675	0.8	33.75	1
5012.327478142867	0.4	9.5	1
5026.074949580962	0.4	9.7	1
5053.5698924571525	0.4	9.7	1
5072.700697228581	0.6	13.5	1
5166.212306771439	1.0	52.5	1
5273.471387752395	0.4	9.7	1
5394.761273504779	0.4	9.9	1
5409.358744942874	0.6	10.3	1
5428.4895497143025	0.6	13.5	1
5461.934492590494	0.6	10.1	1
5483.190297361923	0.8	15.0	1
5497.504435466684	0.6	10.1	1
5545.322740238113	0.8	33.75	1
5559.353545009541	0.4	9.9	1
5633.73434978097	1.0	52.5	1
5652.015154552399	0.6	12.9	1
5666.612625990494	0.6	10.3	1
5694.957568866683	0.4	9.7	1
5713.238373638112	0.6	12.9	1
5752.774983180968	0.8	15.0	1
5813.567397495254	0.8	15.0	1
5827.0315356000165	0.4	9.5	1
5845.312340371445	0.6	12.9	1
5859.05981180954	0.4	9.7	1
5947.188088019064	1.0	52.5	1
5968.443892790492	0.8	15.0	1
6003.730502333351	0.4	9.9	1
6017.194640438113	0.4	9.5	1
6051.914583314304	0.8	15.0	1
6065.378721419066	0.4	9.5	1
6079.409526190495	0.4	9.9	1
6100.665330961923	0.8	15.0	1
6118.946135733352	0.6	12.9	1
6185.045245276208	0.8	33.75	1
6203.326050047637	0.6	12.9	1
6224.5818548190655	0.8	15.0	1
6298.962659590494	1.0	52.5	1
6312.993464361923	0.4	9.9	1
6332.124269133351	0.6	13.5	1
6346.15507390478	0.4	9.9	1
6420.535878676208	1.0	52.5	1
6569.297488219063	1.0	52.5	1
6631.523235866678	0.4	9.5	1
6715.004788285722	0.8	15.0	1
6729.318926390483	0.6	10.1	1
6777.137231161912	0.8	33.75	1
6790.884702600007	0.4	9.7	1
6804.9155073714355	0.4	9.9	1
6818.662978809531	0.4	9.7	1
6851.541255019054	0.6	13.5	1
6905.675336000004	0.8	15.0	1
6953.493640771432	0.8	33.75	1
6974.7494455428605	0.8	15.0	1
7010.036055085716	0.4	9.9	1
7023.500193190478	0.4	9.5	1
7044.755997961906	0.8	15.0	1
7058.220136066669	0.4	9.5	1
7085.431745609526	0.4	9.7	1
7104.562550380954	0.6	13.5	1
7137.72415992381	0.4	9.9	1
7185.542464695238	0.8	33.75	1
7281.179074238093	0.8	33.75	1
7398.071488552374	0.8	15.0	1
7589.344707638082	1.0	52.5	1
7694.08206482855	0.4	9.5	1
7746.637726790446	0.8	33.75	1
7818.324193523769	0.6	13.5	1
7908.291465028519	0.6	12.9	1
8012.856207971364	0.6	10.3	1
8038.676755685635	0.8	15.0	1
8138.878108171332	1.0	52.5	1
8152.342246276095	0.4	9.5	1
8226.723051047524	1.0	52.5	1
8240.753855818952	0.4	9.9	1
8276.040465361808	0.8	15.0	1
8325.074546342757	0.4	9.7	1
8338.53868444752	0.4	9.5	1
8366.600293990377	0.6	10.3	1
8469.042708304662	1.0	52.5	1
8485.515927390372	0.4	9.9	1
8499.263398828467	0.4	9.7	1
8518.394203599895	0.6	13.5	1
8550.989146476084	0.4	9.5	1
8598.181560790368	0.6	10.3	1
8664.504779876079	0.6	13.5	1
8738.885584647507	1.0	52.5	1
8827.863860857029	0.6	10.3	1
8841.894665628457	0.4	9.9	1
8870.52294183798	0.6	10.3	1
8912.615356152264	0.4	9.5	1
8931.746160923693	0.6	13.5	1
8953.00196569512	0.8	15.0	1
8993.388575237976	0.6	13.5	1
9012.519380009404	0.6	13.5	1
9049.930989552258	0.6	12.9	1
9101.656737199875	0.6	10.1	1
9174.638289618919	0.8	15.0	1
