13.472471438095239	0.6	10.1	1
33.47827620952381	0.8	15.0	1
46.95074764761905	0.6	10.1	1
64.15655241904763	0.6	12.9	1
134.1623571904762	1.0	52.5	1
222.17396673333354	0.6	13.5	1
292.17977150476213	1.0	52.5	1
309.3855762761907	0.6	12.9	1
329.3913810476193	0.8	15.0	1
346.59718581904787	0.6	12.9	1
360.3363239238098	0.6	10.3	1
373.808795361905	0.6	10.1	1
393.8146001333336	0.8	15.0	1
433.8262096761905	0.8	15.0	1
503.8320144476191	1.0	52.5	1
517.3044858857144	0.6	10.1	1
562.3102906571429	0.8	33.75	1
621.0552335333331	0.6	10.3	1
633.994371638095	0.4	9.7	1
647.4668430761902	0.6	10.1	1
717.4726478476188	1.0	52.5	1
731.2117859523806	0.6	10.3	1
744.6842573904759	0.6	10.1	1
758.1567288285711	0.6	10.1	1
771.095866933333	0.4	9.7	1
816.1016717047615	0.8	33.75	1
829.3074764761901	0.4	9.9	1
841.9799479142854	0.4	9.5	1
911.9857526857139	1.0	52.5	1
924.9248907904758	0.4	9.7	1
938.1306955619044	0.4	9.9	1
956.136500333333	0.6	13.5	1
973.3423051047615	0.6	12.9	1
991.34810987619	0.6	13.5	1
1036.3539146476187	0.8	33.75	1
1050.0930527523806	0.6	10.3	1
1070.098857523809	0.8	15.0	1
1083.037995628571	0.4	9.7	1
1095.977133733333	0.4	9.7	1
1109.4496051714282	0.6	10.1	1
1154.4554099428567	0.8	33.75	1
1171.6612147142853	0.6	12.9	1
1185.4003528190472	0.6	10.3	1
1255.4061575904757	1.0	52.5	1
1268.6119623619043	0.4	9.9	1
1313.6177671333328	0.8	33.75	1
1326.5569052380947	0.4	9.7	1
1339.7627100095233	0.4	9.9	1
1365.9076528857124	0.4	9.7	1
1462.058400533329	1.0	52.5	1
1475.7975386380908	0.6	10.3	1
1488.7366767428528	0.4	9.7	1
1558.7424815142813	1.0	52.5	1
1571.4149529523766	0.4	9.5	1
1584.8874243904718	0.6	10.1	1
1611.0323672666607	0.4	9.5	1
1624.7715053714226	0.6	10.3	1
1638.5106434761844	0.6	10.3	1
1651.716448247613	0.4	9.9	1
1668.9222530190416	0.6	12.9	1
1713.9280577904701	0.8	33.75	1
1783.9338625618986	1.0	52.5	1
1828.9396673333272	0.8	33.75	1
1887.6846102095192	0.6	10.3	1
1900.623748314281	0.4	9.7	1
1926.7686911904705	0.4	9.9	1
2022.919438838087	1.0	52.5	1
2036.1252436095156	0.4	9.9	1
2048.797715047611	0.4	9.5	1
2074.1426579238005	0.4	9.5	1
2116.6934055714178	0.6	12.9	1
2161.6992103428465	0.8	33.75	1
2231.7050151142753	1.0	52.5	1
2251.710819885704	0.8	15.0	1
2264.3832913237993	0.4	9.5	1
2309.389096095228	0.8	33.75	1
2379.394900866657	1.0	52.5	1
2494.4065104095157	0.8	33.75	1
2526.6239247238045	0.6	12.9	1
2571.5138104761872	0.4	9.5	1
2584.9862819142827	0.6	10.1	1
2598.7254200190446	0.6	10.3	1
2616.7312247904733	0.6	13.5	1
2629.670362895235	0.4	9.7	1
2712.6153057714246	1.0	52.5	1
2782.6211105428533	1.0	52.5	1
2802.626915314282	0.8	15.0	1
2816.366053419044	0.6	10.3	1
2830.105191523806	0.6	10.3	1
2900.1109962952346	1.0	52.5	1
2920.1168010666634	0.8	15.0	1
2965.122605838092	0.8	33.75	1
3080.134215380951	1.0	52.5	1
3107.8182963619065	0.4	9.5	1
3153.50818211429	0.6	13.5	1
3223.5139868857186	1.0	52.5	1
3268.5197916571474	0.8	33.75	1
3285.725596428576	0.6	12.9	1
3347.937205971432	0.8	33.75	1
3360.609677409527	0.4	9.5	1
3378.615482180956	0.6	13.5	1
3392.354620285718	0.6	10.3	1
3419.566229828577	0.6	10.1	1
3437.5720346000057	0.6	13.5	1
3468.7836441428644	0.4	9.9	1
3518.0010584571505	0.6	13.5	1
3531.206863228579	0.4	9.9	1
3557.351806104768	0.4	9.7	1
3627.3576108761968	1.0	52.5	1
3717.3692204190556	0.8	15.0	1
3820.5866347333445	0.4	9.9	1
3890.592439504773	1.0	52.5	1
3974.337382380965	0.6	10.3	1
4076.088130028588	0.6	13.5	1
4122.8446824476405	0.8	33.75	1
4239.607039638123	1.0	52.5	1
4252.5461777428845	0.4	9.7	1
4297.551982514313	0.8	33.75	1
4367.557787285741	1.0	52.5	1
4457.5693968286	0.8	15.0	1
4560.786811142889	0.4	9.9	1
4573.7259492476505	0.4	9.7	1
4600.137558790507	0.6	10.1	1
4613.610030228602	0.6	10.1	1
4633.6158350000305	0.8	15.0	1
4698.627444542889	0.8	33.75	1
4768.633249314317	1.0	52.5	1
4788.639054085746	0.8	15.0	1
4853.650663628604	0.8	33.75	1
4898.656468400032	0.8	33.75	1
4911.328939838128	0.4	9.5	1
4924.801411276223	0.6	10.1	1
4942.807216047651	0.6	13.5	1
4978.81882559051	0.6	13.5	1
4992.024630361938	0.4	9.9	1
5062.030435133366	1.0	52.5	1
5145.508711342892	0.6	10.1	1
5158.71451611432	0.4	9.9	1
5175.920320885748	0.6	12.9	1
5193.926125657176	0.6	13.5	1
5207.398597095272	0.6	10.1	1
5290.876873304794	1.0	52.5	1
5304.082678076222	0.4	9.9	1
5330.227620952411	0.4	9.7	1
5374.378368600027	0.6	13.5	1
5394.384173371455	0.8	15.0	1
5407.323311476217	0.4	9.7	1
5421.062449580979	0.6	10.3	1
5447.740725790504	0.4	9.7	1
5517.746530561933	1.0	52.5	1
5657.758140104791	1.0	52.5	1
5710.708887752413	0.4	9.7	1
5723.381359190508	0.4	9.5	1
5749.792968733364	0.6	10.3	1
5763.26544017146	0.6	10.1	1
5780.471244942888	0.6	12.9	1
5842.6828544857435	0.8	33.75	1
5922.10026880003	0.6	12.9	1
5934.772740238125	0.4	9.5	1
5948.245211676221	0.6	10.1	1
5961.184349780982	0.4	9.7	1
5974.39015455241	0.4	9.9	1
5987.329292657172	0.4	9.7	1
6000.001764095267	0.4	9.5	1
6013.2075688666955	0.4	9.9	1
6026.146706971457	0.4	9.7	1
6039.885845076219	0.6	10.3	1
6084.891649847647	0.8	33.75	1
6098.630787952409	0.6	10.3	1
6116.636592723838	0.6	13.5	1
6151.848202266696	0.6	12.9	1
6165.320673704791	0.6	10.1	1
6191.732283247647	0.4	9.7	1
6204.404754685742	0.4	9.5	1
6230.816364228598	0.6	10.3	1
6250.822169000026	0.8	15.0	1
6284.300445209552	0.6	10.1	1
6304.30624998098	0.8	15.0	1
6337.251192857172	0.4	9.7	1
6357.2569976286	0.8	15.0	1
6370.196135733362	0.4	9.7	1
6390.20194050479	0.8	15.0	1
6422.880216714312	0.4	9.5	1
6492.8860214857405	1.0	52.5	1
6580.897631028595	0.6	13.5	1
6600.9034358000235	0.8	15.0	1
6640.915045342878	0.8	15.0	1
6654.65418344764	0.6	10.3	1
6686.399126323832	0.6	13.5	1
6731.616540638118	0.6	10.1	1
6744.289012076213	0.4	9.5	1
6770.167288285739	0.4	9.9	1
6783.906426390501	0.6	10.3	1
6867.651369266693	1.0	52.5	1
6912.657174038121	0.8	33.75	1
6970.868783580976	0.4	9.9	1
6984.3412550190715	0.6	10.1	1
7011.552864561927	0.6	10.3	1
7029.558669333355	0.6	13.5	1
7060.5036122095435	0.4	9.7	1
7109.454359857159	0.6	13.5	1
7179.460164628587	1.0	52.5	1
7266.671774171442	0.6	12.9	1
7311.67757894287	0.8	33.75	1
7324.883383714298	0.4	9.9	1
7342.0891884857265	0.6	12.9	1
7355.828326590488	0.6	10.3	1
7389.57326946668	0.8	15.0	1
7402.512407571442	0.4	9.7	1
7432.657350447631	0.6	12.9	1
7445.863155219059	0.4	9.9	1
7458.535626657154	0.4	9.5	1
7483.880569533348	0.4	9.5	1
7522.9646505143055	0.6	10.3	1
7592.970455285734	1.0	52.5	1
7676.715398161922	0.6	10.3	1
7689.654536266684	0.4	9.7	1
7716.3328124762065	0.6	10.3	1
7734.338617247635	0.6	13.5	1
7751.544422019063	0.6	12.9	1
7782.222698228589	0.6	10.1	1
7794.8951696666845	0.4	9.5	1
7827.573445876211	0.8	15.0	1
7840.245917314306	0.4	9.5	1
7853.185055419068	0.4	9.7	1
7866.657526857163	0.6	10.1	1
7893.869136400019	0.6	10.3	1
7934.019884047638	0.4	9.7	1
7987.376436466684	0.4	9.9	1
8001.115574571446	0.6	10.3	1
8019.121379342874	0.6	13.5	1
8039.1271841143025	0.8	15.0	1
8104.138793657157	0.8	33.75	1
8116.811265095253	0.4	9.5	1
8142.422874638112	0.4	9.7	1
8185.240288952399	0.6	12.9	1
8197.912760390494	0.4	9.5	1
8230.59103660002	0.8	15.0	1
8275.596841371449	0.8	33.75	1
8334.075117580971	0.6	10.1	1
8410.55919856192	0.6	13.5	1
8532.049084314294	0.8	33.75	1
8598.544774838096	0.8	33.75	1
8611.483912942858	0.4	9.7	1
8642.428855819047	0.6	13.5	1
8655.101327257142	0.4	9.5	1
8712.779603466668	0.8	33.75	1
8783.397017780955	0.4	9.7	1
8801.402822552383	0.6	13.5	1
8818.608627323812	0.6	12.9	1
8855.820236866672	0.8	15.0	1
8906.77098451429	0.6	10.3	1
8919.710122619053	0.4	9.7	1
9002.655065495243	1.0	52.5	1
9098.539146476192	0.4	9.7	1
9212.429032228569	0.6	13.5	1
9240.058056085705	0.6	10.3	1
9281.426218047605	0.6	10.3	1
9301.432022819034	0.8	15.0	1
9314.371160923796	0.4	9.7	1
9341.049437133319	0.6	10.3	1
9437.733518114272	1.0	52.5	1
9554.423403866651	0.8	15.0	1
9584.585761057124	0.6	10.1	1
9684.753923019023	1.0	52.5	1
9698.661223085683	0.6	10.3	1
9782.574327923772	1.0	52.5	1
9879.426570866623	0.4	9.7	1
9924.43237563805	0.8	33.75	1
9937.63818040948	0.4	9.9	1
9963.516456619005	0.4	9.5	1
10002.333870933297	0.4	9.7	1
10054.357090019015	0.4	9.9	1
10072.362894790444	0.6	13.5	1
10107.574504333299	0.6	12.9	1
10187.791918647585	0.8	33.75	1
10313.015137733297	0.8	33.75	1
10351.17749492377	0.4	9.7	1
10406.54565688567	0.6	12.9	1
10481.919623619	0.8	15.0	1
10495.658761723762	0.6	10.3	1
10579.403704599954	1.0	52.5	1
10593.142842704716	0.6	10.3	1
10606.615314142811	0.6	10.1	1
10640.093590352333	0.8	15.0	1
10686.777671333282	0.4	9.9	1
10700.516809438044	0.6	10.3	1
10727.461752314237	0.4	9.9	1
10741.200890418999	0.6	10.3	1
10772.94583329519	0.6	13.5	1
10818.163247609476	0.6	10.1	1
10831.902385714238	0.6	10.3	1
10862.847328590431	0.6	12.9	1
10911.798076238054	0.6	13.5	1
11030.754628657103	1.0	52.5	1
11094.716985847579	0.8	33.75	1
11176.685147809481	0.6	13.5	1
11190.157619247577	0.6	10.1	1
11216.569228790433	0.4	9.7	1
11236.575033561861	0.8	15.0	1
11301.586643104716	0.8	33.75	1
11380.337390752331	0.6	10.3	1
11393.276528857094	0.4	9.7	1
11419.68813839995	0.6	10.1	1
11464.105552714233	0.6	13.5	1
11521.195438466608	0.4	9.5	1
11538.401243238037	0.6	12.9	1
11575.612852780896	0.8	15.0	1
11657.830267095182	0.8	33.75	1
11753.786819514227	0.6	10.3	1
11771.792624285656	0.6	13.5	1
11859.80423382851	1.0	52.5	1
11961.554981476125	0.6	10.3	1
12108.31153389517	0.8	33.75	1
12175.073891085642	0.8	15.0	1
12188.013029190404	0.4	9.7	1
12213.62463873326	0.4	9.5	1
12284.242053047547	0.8	33.75	1
12304.247857818975	0.8	15.0	1
12344.25946736183	0.8	15.0	1
