35.3538109	0.6	10.1	1
69.30762179999999	0.4	9.7	1
137.2152436	0.4	9.7	1
189.7190545	0.8	15.0	1
225.0728654	0.6	10.1	1
272.32667630000003	0.6	13.5	1
456.0804872	1.0	52.5	1
503.3342981	0.6	13.5	1
537.288109	0.4	9.7	1
589.7919198999999	0.8	15.0	1
634.9457307999999	0.6	12.9	1
727.3533526000001	0.6	13.5	1
845.4821635000001	0.8	33.75	1
880.8359744	0.6	10.1	1
933.3397853	0.8	15.0	1
966.5935962	0.4	9.5	1
1013.8474070999999	0.6	13.5	1
1066.351218	0.8	15.0	1
1102.4050289	0.6	10.3	1
1149.6588398	0.6	13.5	1
1184.3126507	0.4	9.9	1
1218.9664616	0.4	9.9	1
1288.9740834000004	0.6	10.1	1
1322.2278943000003	0.4	9.5	1
1357.5817052000004	0.6	10.1	1
1390.8355161000004	0.4	9.5	1
1424.0893270000004	0.4	9.5	1
1459.4431379000005	0.6	10.1	1
1506.6969488000004	0.6	13.5	1
1542.0507597000005	0.6	10.1	1
1610.6583815000006	0.4	9.5	1
1663.1621924000005	0.8	15.0	1
1699.2160033000005	0.6	10.3	1
1746.4698142000004	0.6	13.5	1
1864.5986251000004	0.8	33.75	1
1909.7524360000004	0.6	12.9	1
2138.6600578	1.0	52.5	1
2322.4138687	1.0	52.5	1
2442.2214904999996	0.6	10.3	1
2680.1579232000004	0.8	33.75	1
2870.598166800001	0.8	15.0	1
2904.551977700001	0.4	9.7	1
2951.805788600001	0.6	13.5	1
