33.2538109	0.4	9.5	1
66.5076218	0.4	9.5	1
133.01524359999996	0.4	9.5	1
167.66905449999996	0.4	9.9	1
201.62286539999997	0.4	9.7	1
236.27667629999996	0.4	9.9	1
420.0304871999999	1.0	52.5	1
472.53429809999994	0.8	15.0	1
590.663109	0.8	33.75	1
623.9169198999999	0.4	9.5	1
671.1707307999999	0.6	13.5	1
716.3245416999998	0.6	12.9	1
900.0783525999998	1.0	52.5	1
947.3321634999998	0.6	13.5	1
1029.9397852999996	0.6	10.1	1
1065.2935961999997	0.6	10.1	1
1100.6474070999998	0.6	10.1	1
1170.6550289	0.4	9.9	1
1223.1588398	0.8	15.0	1
1328.1664615999996	0.8	15.0	1
1380.427894299999	0.6	13.5	1
1413.681705199999	0.4	9.5	1
1446.935516099999	0.4	9.5	1
1482.289326999999	0.6	10.1	1
1516.243137899999	0.4	9.7	1
1563.496948799999	0.6	13.5	1
1597.450759699999	0.4	9.7	1
1631.404570599999	0.4	9.7	1
1666.058381499999	0.4	9.9	1
1713.312192399999	0.6	13.5	1
1758.466003299999	0.6	12.9	1
1792.419814199999	0.4	9.7	1
1827.0736250999992	0.4	9.9	1
1879.5774359999991	0.8	15.0	1
1915.631246899999	0.6	10.3	1
2033.760057799999	0.8	33.75	1
2067.013868699999	0.4	9.5	1
2102.367679599999	0.6	10.1	1
2137.721490499999	0.6	10.1	1
2182.875301399999	0.6	12.9	1
2217.529112299999	0.4	9.9	1
2252.1829231999986	0.4	9.9	1
2299.436734099999	0.6	13.5	1
