30.903810900000003	0.6	10.3	1
91.5114327	0.4	9.9	1
121.21524360000001	0.4	9.9	1
150.3190545	0.4	9.7	1
219.92667629999997	0.6	13.5	1
330.0381089999999	0.6	13.5	1
368.7419198999999	0.6	12.9	1
409.24573079999993	0.6	13.5	1
566.7495416999999	1.0	52.5	1
881.7571635	1.0	52.5	1
1127.0685962000005	0.6	10.1	1
1302.6838398000007	0.6	10.1	1
1407.4028943000008	0.4	9.7	1
1508.6567052000007	0.8	33.75	1
1538.9605161000006	0.6	10.1	1
1614.2681379000005	0.8	15.0	1
1654.7719488000005	0.6	13.5	1
1683.8757597000006	0.4	9.7	1
1712.3795706000005	0.4	9.5	1
1757.3833815000005	0.8	15.0	1
1858.6371924000005	0.8	33.75	1
1897.3410033000005	0.6	12.9	1
1974.7486251	0.6	12.9	1
2003.252436	0.4	9.5	1
2072.2600577999997	0.6	13.5	1
2171.571490499999	0.6	10.1	1
2201.275301399999	0.4	9.9	1
2231.579112299999	0.6	10.1	1
2302.386734099999	0.6	13.5	1
2332.090544999999	0.4	9.9	1
2489.5943558999993	1.0	52.5	1
2590.8481667999995	0.8	33.75	1
2621.1519776999994	0.6	10.1	1
2649.6557885999996	0.4	9.5	1
2807.1595995	1.0	52.5	1
3005.1672212999997	0.6	13.5	1
3232.878653999999	0.4	9.9	1
3618.0938975999993	1.0	52.5	1
4031.812952099999	0.4	9.5	1
4384.235817499999	0.6	12.9	1
4766.362493799999	0.4	9.9	1
5249.742980999999	0.8	33.75	1
5764.0272791	0.6	10.3	1
6318.815388099999	0.6	13.5	1
6702.707307999998	0.4	9.7	1
7244.103038799997	1.0	52.5	1
7815.802580499996	0.6	10.1	1
8426.205933099996	0.6	12.9	1
9194.113096599996	1.0	52.5	1
9891.724070999997	0.4	9.9	1
10619.038856299998	0.4	9.9	1
11385.0574525	0.6	12.9	1
12252.3298596	0.8	33.75	1
13277.106077600001	1.0	52.5	1
