58.8	0.11	2.8	1
121.8	0.44	0.2	1
199.5	0.5	0.7	1
289.8	0.8	0.6	1
390.6	0.28	0.5	1
497.70000000000005	0.52	0.3	1
625.8000000000001	0.12	1.0	1
829.5	0.07	3.6	1
1110.9	0.08	3.7	1
1396.5	0.38	0.2	1
1703.1	0.53	1.0	1
2020.1999999999998	0.17	0.5	1
2457.0	0.05	5.7	1
2902.2	0.47	0.4	1
3357.8999999999996	0.65	0.5	1
3819.8999999999996	0.35	0.3	1
4298.7	0.37	0.8	1
4802.7	0.43	1.2	1
5329.8	0.46	1.1	1
5859.0	0.78	0.1	1
6409.2	0.54	1.0	1
6972.0	0.13	0.6	1
7539.0	0.64	0.2	1
8114.4	0.58	0.4	1
8704.5	0.6	0.7	1
9303.0	0.36	0.4	1
9949.8	0.13	2.3	1
10609.199999999999	0.18	0.6	1
11369.4	0.07	4.8	1
12156.9	0.32	1.3	1
13059.9	0.06	5.5	1
13971.3	0.54	0.4	1
14962.5	0.05	3.8	1
15955.8	0.76	0.1	1
16953.3	0.58	0.2	1
18007.5	0.12	2.7	1
19082.7	0.51	1.0	1
20294.4	0.04	6.5	1
21512.4	0.49	0.3	1
22736.7	0.34	0.3	1
23965.2	0.77	0.2	1
25208.4	0.79	0.7	1
26466.300000000003	0.16	0.7	1
27734.700000000004	0.31	0.5	1
29051.400000000005	0.11	2.3	1
30382.800000000007	0.52	0.7	1
31726.800000000007	0.19	0.6	1
33075.00000000001	0.48	0.2	1
34486.200000000004	0.1	3.0	1
35907.9	0.77	0.5	1
37335.9	0.38	0.3	1
38768.1	0.68	0.2	1
40207.7	0.31	0.4	1
41674.6	0.45	1.3	1
43147.799999999996	0.36	0.3	1
44677.7	0.11	2.7	1
46245.399999999994	0.14	1.8	1
47817.299999999996	0.68	0.2	1
49399.7	0.2	0.5	1
51003.1	0.49	1.0	1
52612.799999999996	0.37	0.3	1
54308.6	0.08	4.1	1
56052.7	0.22	2.3	1
57807.299999999996	0.34	0.5	1
59572.399999999994	0.26	0.5	1
61343.799999999996	0.31	0.3	1
63123.6	0.43	0.4	1
64907.6	0.57	0.2	1
66702.1	0.45	0.5	1
68498.70000000001	0.65	0.1	1
70299.50000000001	0.61	0.2	1
72106.60000000002	0.3	0.3	1
73926.30000000002	0.4	0.6	1
75754.40000000002	0.23	0.4	1
77586.70000000003	0.58	0.2	1
79423.20000000003	0.47	0.2	1
81263.90000000002	0.6	0.2	1
83113.00000000003	0.37	0.4	1
84972.60000000003	0.2	0.5	1
86850.10000000003	0.21	0.9	1
88736.00000000003	0.69	0.4	1
90630.30000000003	0.24	0.4	1
92539.30000000003	0.13	0.7	1
94460.90000000004	0.15	0.6	1
96399.30000000003	0.61	0.8	1
98352.40000000004	0.33	0.7	1
100368.50000000004	0.11	3.0	1
102405.60000000005	0.18	1.0	1
104533.00000000004	0.07	4.3	1
106679.30000000005	0.11	0.9	1
108897.00000000004	0.11	3.4	1
111131.50000000004	0.13	0.8	1
113382.80000000005	0.12	0.8	1
115653.00000000004	0.61	0.9	1
117990.40000000004	0.08	3.2	1
120380.30000000003	0.11	2.5	1
122889.90000000004	0.06	5.7	1
125405.80000000003	0.29	0.3	1
127934.30000000003	0.18	0.6	1
130475.40000000004	0.26	0.6	1
133018.60000000003	0.59	0.1	1
135576.50000000003	0.15	0.7	1
138157.50000000003	0.4	1.1	1
140744.80000000002	0.28	0.3	1
143351.00000000003	0.4	0.9	1
146089.50000000003	0.05	6.3	1
148836.40000000002	0.26	0.4	1
151669.40000000002	0.08	4.1	1
154508.7	0.79	0.3	1
157356.40000000002	0.81	0.4	1
