6.9666999999999994	0.05	3.8	1
14.1167	0.68	0.1	1
23.2834	0.41	1.1	1
41.433400000000006	0.06	4.9	1
61.2334	0.21	0.9	1
85.4334	0.15	2.4	1
111.1001	0.21	0.8	1
138.2335	0.59	0.8	1
171.0502	0.09	3.1	1
204.4169	0.33	0.3	1
239.4336	0.56	0.9	1
275.367	0.26	0.5	1
317.9004	0.09	3.6	1
366.1171	0.06	3.1	1
416.1671	0.37	1.0	1
473.9171	0.07	4.2	1
533.3171	0.59	0.9	1
595.2837999999999	0.39	1.4	1
658.7171999999999	0.67	0.8	1
723.6172999999999	0.54	0.8	1
798.2340999999999	0.06	5.3	1
875.0509	0.46	1.2	1
956.8177	0.07	2.7	1
1043.7178	0.07	2.8	1
1132.0846	0.31	0.8	1
1223.3846999999998	0.49	1.6	1
1320.0014999999999	0.1	2.9	1
1423.5849999999998	0.09	3.8	1
1532.3017999999997	0.12	2.8	1
1643.9518999999998	0.35	1.6	1
1757.4352999999999	0.1	1.0	1
1877.8854	0.08	3.8	1
2002.7355	0.12	2.4	1
2129.2356	0.26	0.9	1
2266.7357	0.05	6.0	1
2409.1858	0.12	2.7	1
2553.8359	0.38	1.2	1
2703.8027	0.11	2.9	1
2855.9695	0.23	1.2	1
3012.7196000000004	0.12	2.5	1
3175.8864000000003	0.11	3.5	1
3340.7032000000004	0.47	0.9	1
3507.1700000000005	0.6	0.9	1
3676.2035000000005	0.48	1.4	1
3845.9703000000004	0.3	0.4	1
4025.4538000000002	0.06	5.3	1
4206.404	0.69	0.8	1
4387.904200000001	0.3	0.3	1
4570.137700000001	0.4	0.4	1
4753.837900000001	0.34	0.8	1
4939.471400000001	0.41	1.6	1
5132.621600000001	0.08	4.1	1
5331.455100000001	0.09	3.1	1
5534.138600000001	0.18	2.1	1
5738.105400000001	0.73	0.7	1
5943.172200000001	0.25	0.6	1
6151.172300000001	0.11	1.6	1
6365.955700000001	0.09	3.7	1
6586.422400000001	0.09	3.1	1
6808.172400000001	0.62	0.7	1
7030.4724000000015	0.62	0.3	1
7255.155700000001	0.26	1.3	1
7481.672300000001	0.13	1.0	1
7712.772200000001	0.12	2.5	1
7945.338800000001	0.17	0.8	1
8179.922100000002	0.24	1.1	1
8415.9721	0.24	0.8	1
8654.7721	0.38	1.5	1
8895.2221	0.46	0.9	1
9136.0388	0.63	0.2	1
9377.2222	0.41	0.2	1
9618.9556	0.39	0.3	1
9862.339	0.13	0.9	1
10108.6557	0.26	1.6	1
10362.6724	0.08	4.2	1
10618.155799999999	0.25	0.8	1
10879.322499999998	0.1	3.1	1
11145.255899999998	0.11	2.6	1
11418.522599999998	0.09	4.0	1
11696.7393	0.08	2.7	1
11976.789299999999	0.52	1.0	1
12258.855999999998	0.42	1.1	1
12541.939399999997	0.51	1.1	1
12827.039499999997	0.47	1.1	1
13118.556299999997	0.08	3.5	1
13412.456399999997	0.33	1.3	1
13711.856499999998	0.09	3.0	1
14013.089899999997	0.11	1.0	1
14322.023299999997	0.07	4.2	1
14633.706699999997	0.37	1.5	1
14952.540099999997	0.08	3.9	1
15273.206799999996	0.1	1.0	1
15595.890199999996	0.1	1.1	1
15921.506899999997	0.1	1.6	1
16252.623599999997	0.09	3.0	1
16585.573599999996	0.13	1.0	1
16920.723599999998	0.25	1.2	1
17257.523599999997	0.12	0.9	1
17596.156899999998	0.19	1.0	1
17936.440199999997	0.12	0.9	1
18280.023499999996	0.14	1.8	1
18626.906799999997	0.27	1.8	1
18985.156799999997	0.05	6.2	1
19345.240099999995	0.3	1.0	1
19706.790099999995	0.36	0.8	1
20070.173399999996	0.17	1.0	1
20435.206699999995	0.38	0.9	1
20801.889999999996	0.55	0.9	1
21174.256599999997	0.09	3.1	1
21548.273199999996	0.08	0.9	1
21927.606499999994	0.11	2.9	1
22316.839799999994	0.11	5.4	1
22710.839799999994	0.09	2.6	1
23111.073099999994	0.09	3.4	1
23515.523099999995	0.13	2.3	1
23926.206399999995	0.09	3.4	1
24338.906399999996	0.1	1.1	1
24753.073099999998	0.16	0.8	1
25175.673099999996	0.07	4.6	1
25605.606399999997	0.18	4.0	1
26037.7397	0.31	1.2	1
26475.923	0.11	3.3	1
26920.706299999998	0.1	3.6	1
27367.3229	0.51	1.0	1
27815.9562	0.14	1.1	1
28266.7895	0.28	1.2	1
28719.4561	0.49	1.0	1
