0.7836000000000001	0.66	0.5	1
3.4397	0.36	1.2	1
7.8126999999999995	0.43	1.1	1
16.3915	0.1	2.7	1
29.0205	0.11	2.6	1
43.9886	0.34	1.5	1
63.006899999999995	0.14	2.6	1
87.9421	0.07	3.8	1
121.9053	0.05	5.8	1
157.4299	0.53	1.0	1
196.3825	0.16	2.2	1
240.6298	0.09	3.4	1
286.594	0.18	1.1	1
334.4307	0.33	1.2	1
389.4288	0.07	4.6	1
449.4105	0.08	3.2	1
521.2202	0.04	7.6	1
594.7468	0.46	1.1	1
668.9014	0.29	0.4	1
747.2618	0.11	2.7	1
827.028	0.52	0.9	1
910.8444000000001	0.12	2.6	1
995.9110000000001	0.12	0.8	1
1085.9612	0.08	3.2	1
1178.3505	0.23	1.5	1
1276.0345	0.08	3.4	1
1378.2354	0.12	2.9	1
1481.9977000000001	0.28	1.0	1
1587.3214	0.28	1.0	1
1697.6287	0.1	3.2	1
1809.1862	0.28	0.8	1
1924.7939000000001	0.1	2.6	1
2042.5852000000002	0.22	1.4	1
2165.8267	0.07	3.5	1
2290.6296	0.53	1.0	1
2420.5716	0.06	3.3	1
2550.9861	0.41	0.3	1
2687.6286	0.09	4.0	1
2828.4769	0.11	2.7	1
2977.731	0.06	5.4	1
3128.2353000000003	0.65	0.8	1
3279.2121	0.38	0.3	1
3431.128	0.9	0.6	1
3587.4053000000004	0.11	2.8	1
3745.244	0.48	1.0	1
3911.3329000000003	0.05	5.3	1
4081.9387	0.13	2.9	1
4257.9947	0.09	3.5	1
4435.4565	0.62	0.9	1
4615.101900000001	0.55	1.4	1
4795.9975	0.66	0.8	1
4980.943300000001	0.1	2.6	1
5169.317100000001	0.24	2.2	1
5361.896700000001	0.13	2.7	1
5556.348800000002	0.43	1.2	1
5753.451100000002	0.3	1.7	1
5951.181400000002	0.37	0.4	1
6151.2508000000025	0.27	1.5	1
6352.103800000003	0.72	0.5	1
6557.095900000003	0.1	3.3	1
6763.338200000003	0.16	0.8	1
6971.919600000003	0.31	1.5	1
7182.529000000003	0.42	1.3	1
7394.699800000003	0.59	1.0	1
7608.587500000003	0.34	1.1	1
7826.525400000003	0.12	2.6	1
8046.180200000003	0.14	1.1	1
8267.551900000004	0.13	1.1	1
8494.062700000004	0.1	3.3	1
8722.446000000004	0.25	1.2	1
8955.035100000003	0.09	2.7	1
9188.874400000002	0.66	0.8	1
9423.497300000003	0.62	0.5	1
9659.214900000003	0.18	0.7	1
9896.960500000003	0.14	1.3	1
10136.423000000003	0.48	1.1	1
10377.135700000003	0.58	0.8	1
10619.098600000003	0.15	0.8	1
10865.578400000002	0.09	2.9	1
11113.308400000002	0.57	0.8	1
11371.622000000001	0.05	6.8	1
11633.5192	0.27	2.3	1
11900.5555	0.1	3.3	1
12173.042000000001	0.08	3.5	1
12446.7787	0.67	0.8	1
12728.7656	0.06	5.3	1
13019.625	0.05	5.7	1
13311.7346	0.19	0.8	1
13605.0944	0.23	0.8	1
13899.86	0.14	0.9	1
14195.8758	0.38	0.8	1
14492.9196	0.36	1.3	1
14791.8359	0.19	1.2	1
15092.158	0.13	0.9	1
15394.6637	0.29	1.4	1
15698.4196	0.13	0.8	1
16004.670199999999	0.33	1.6	1
16315.9044	0.1	3.2	1
16628.3888	0.19	0.8	1
16942.9012	0.41	1.3	1
17261.9305	0.06	2.9	1
17582.365599999997	0.3	0.9	1
17908.717599999996	0.08	3.8	1
18236.475399999996	0.42	0.9	1
18570.927899999995	0.07	4.3	1
18907.563999999995	0.15	1.4	1
19245.605899999995	0.31	0.9	1
19585.053599999996	0.12	0.9	1
19929.951499999996	0.08	3.5	1
20276.255199999996	0.4	0.9	1
20632.675799999997	0.05	6.5	1
20990.813299999998	0.49	1.1	1
21352.534399999997	0.14	2.3	1
21718.305699999997	0.1	2.6	1
22092.016099999997	0.06	5.1	1
22471.798999999995	0.07	3.9	1
22852.832099999996	0.13	0.8	1
23235.270999999997	0.47	0.9	1
23619.737899999996	0.42	1.3	1
24012.143899999995	0.05	5.1	1
24406.266799999994	0.18	1.1	1
24804.595499999996	0.13	2.7	1
25204.174399999996	0.3	0.8	1
25608.892399999997	0.1	3.3	1
26015.0162	0.37	0.9	1
26422.8569	0.49	1.1	1
26832.1034	0.19	0.9	1
27243.3779	0.14	1.3	1
27659.9471	0.1	3.4	1
28078.233200000002	0.27	1.1	1
28498.080700000002	0.56	1.0	1
