0.8058000000000001	0.46	0.6	1
2.2841	0.23	0.5	1
4.4349	0.24	0.5	1
7.2582	0.25	0.5	1
10.354000000000001	0.45	0.2	1
13.5889	0.95	0.1	1
17.2296	0.31	0.3	1
21.1428	0.53	0.2	1
25.1951	0.73	0.1	1
29.9199	0.45	0.5	1
37.1838	0.11	1.9	1
45.253499999999995	0.62	0.6	1
54.39569999999999	0.55	0.8	1
64.34369999999998	0.21	0.6	1
74.56419999999999	0.62	0.2	1
85.19049999999999	0.32	0.3	1
95.95589999999999	0.7	0.1	1
111.39379999999998	0.07	3.5	1
127.23749999999998	0.37	0.3	1
147.487	0.1	3.3	1
168.2756	0.29	0.4	1
189.3367	0.4	0.2	1
210.80360000000002	0.27	0.3	1
233.0763	0.21	0.6	1
255.4881	0.92	0.1	1
279.9057	0.28	1.5	1
306.32910000000004	0.27	1.5	1
333.02500000000003	0.74	0.2	1
361.06000000000006	0.5	1.0	1
392.9675000000001	0.11	2.9	1
425.2808000000001	0.43	0.3	1
457.8666000000001	0.56	0.2	1
493.3915000000001	0.15	2.2	1
529.1889000000001	0.66	0.2	1
565.6588000000002	0.25	0.5	1
603.3345000000002	0.59	0.9	1
641.2827000000002	0.47	0.2	1
679.9034000000001	0.33	0.5	1
719.5966000000002	0.44	0.8	1
759.9623000000001	0.63	0.5	1
800.6005000000001	0.48	0.2	1
844.5778000000001	0.12	2.5	1
888.8276000000002	0.75	0.2	1
933.3499000000002	0.75	0.2	1
978.1447000000002	0.44	0.2	1
1023.6120000000002	0.17	0.5	1
1070.0184000000002	0.83	0.7	1
1116.5639	0.72	0.1	1
1163.6485	0.69	0.4	1
1211.2722	0.35	0.4	1
1259.7017	0.26	0.6	1
1308.8037000000002	0.3	0.5	1
1358.0448000000001	0.74	0.1	1
1411.9584000000002	0.08	3.5	1
1466.2778000000003	0.41	0.3	1
1521.4030000000002	0.36	0.6	1
1582.2673000000002	0.07	4.3	1
1643.4041000000002	0.41	0.2	1
1705.2134	0.16	0.5	1
1767.4285	0.47	0.3	1
1833.9161	0.1	3.2	1
1900.9427999999998	0.91	0.4	1
1968.5086	0.22	0.4	1
2036.3468999999998	0.47	0.2	1
2108.4577	0.1	3.2	1
2180.841	0.37	0.2	1
2253.2968	0.72	0.8	1
2326.2917	0.31	0.4	1
2400.0924000000005	0.28	0.6	1
2474.6989000000003	0.21	0.6	1
2549.8445	0.25	0.4	1
2626.5959000000003	0.44	1.2	1
2704.2864000000004	0.16	0.7	1
2785.7160000000003	0.1	2.8	1
2867.2847	0.79	0.1	1
2949.5259	0.23	0.5	1
3032.4396	0.24	0.5	1
3115.8924	0.26	0.4	1
3206.1510000000003	0.06	5.1	1
3297.2154000000005	0.16	0.6	1
3389.4856000000004	0.21	0.9	1
3482.4283000000005	0.84	0.5	1
3578.8435000000004	0.11	2.6	1
3675.5312000000004	0.58	0.2	1
3772.6247000000003	0.34	0.3	1
3870.3907000000004	0.64	0.5	1
3968.6958000000004	0.25	0.4	1
4067.9400000000005	0.16	0.7	1
4167.8567	0.53	0.5	1
4268.445900000001	0.59	0.5	1
4369.974200000001	0.16	0.7	1
4475.375000000001	0.12	2.9	1
4582.1149000000005	0.37	1.0	1
4690.1939	0.11	1.0	1
4799.8787	0.09	1.2	1
4910.236	0.68	0.5	1
5020.8658	0.59	0.2	1
5136.4347	0.07	3.7	1
5253.4761	0.27	1.1	1
5370.6566	0.86	0.1	1
5488.9096	0.21	0.8	1
5606.8351	0.65	0.5	1
5725.1664	0.29	0.3	1
5845.3702	0.37	1.4	1
5965.846500000001	0.46	0.2	1
6087.2619	0.22	0.7	1
6209.4831	0.46	0.6	1
6333.4434	0.21	1.3	1
6458.2095	0.54	0.6	1
6584.7146999999995	0.39	1.3	1
6711.492399999999	0.59	0.2	1
6839.075899999999	0.83	0.6	1
6967.731899999999	0.35	0.8	1
7097.0603999999985	0.17	0.5	1
7227.194699999998	0.14	0.6	1
7358.134799999998	0.27	0.6	1
7496.947399999998	0.06	5.9	1
7637.365799999998	0.3	1.2	1
7782.723299999998	0.09	3.7	1
7929.953299999997	0.25	1.4	1
8082.789099999997	0.06	4.2	1
8236.697399999997	0.17	0.8	1
8391.144799999996	0.79	0.4	1
8546.531299999997	0.17	0.7	1
8702.590299999996	0.73	0.5	1
8859.055099999996	0.29	0.3	1
9015.925699999996	0.27	0.3	1
9173.735399999996	0.12	0.7	1
9331.684199999996	0.69	0.1	1
9490.838799999996	0.52	0.9	1
9650.132499999996	0.58	0.1	1
9811.165299999997	0.4	1.3	1
9973.003899999996	0.2	0.6	1
10135.114999999996	0.35	0.2	1
10302.565199999995	0.08	4.0	1
10470.954499999996	0.16	0.7	1
10640.549599999997	0.58	0.9	1
10812.150499999996	0.11	1.5	1
10988.957199999995	0.06	3.9	1
11165.902999999995	0.54	0.1	1
11343.787899999996	0.75	0.7	1
11521.945299999996	0.53	0.2	1
11701.041799999995	0.34	0.7	1
11881.344099999995	0.37	0.9	1
12067.518899999995	0.08	4.4	1
12254.099499999995	0.26	0.3	1
12441.352599999995	0.32	0.5	1
12629.011499999995	0.7	0.3	1
12820.542899999995	0.11	2.9	1
13013.280099999994	0.12	0.9	1
13206.823099999994	0.81	0.6	1
