4.4	0.24	0.4	1
9.9	0.77	0.1	1
16.5	0.81	0.1	1
24.2	0.71	0.1	1
33.0	0.66	0.1	1
42.9	0.72	0.1	1
53.9	0.82	0.1	1
97.9	0.11	3.0	1
149.60000000000002	0.76	0.7	1
203.50000000000003	0.59	0.2	1
267.3	0.32	0.9	1
335.5	0.24	0.4	1
457.6	0.07	4.9	1
580.8	0.86	0.1	1
706.1999999999999	0.47	0.2	1
833.8	0.76	0.2	1
963.5999999999999	0.6	0.2	1
1138.5	0.09	4.1	1
1314.5	0.79	0.1	1
1494.9	0.3	0.4	1
1678.6000000000001	0.51	0.3	1
1863.4	0.87	0.1	1
2049.3	0.85	0.1	1
2236.3	0.84	0.1	1
2428.8	0.73	0.5	1
2622.4	0.78	0.1	1
2822.6	0.47	0.6	1
3084.3999999999996	0.06	5.6	1
3348.3999999999996	0.39	0.2	1
3613.4999999999995	0.76	0.1	1
3882.9999999999995	0.23	0.4	1
4187.7	0.07	3.2	1
4493.5	0.65	0.1	1
4800.4	0.85	0.1	1
5109.599999999999	0.43	0.3	1
5422.099999999999	0.34	0.3	1
5765.4	0.12	2.8	1
6109.799999999999	0.49	0.1	1
6459.699999999999	0.68	0.5	1
6810.699999999999	0.64	0.1	1
7178.199999999999	0.35	1.5	1
7551.199999999999	0.86	0.5	1
7937.399999999999	0.43	1.2	1
8335.699999999999	0.35	1.1	1
8743.9	0.59	0.9	1
9156.5	0.7	0.4	1
9576.8	0.17	0.7	1
10007.0	0.53	0.9	1
10442.7	0.61	0.5	1
10885.0	0.78	0.6	1
11331.7	0.25	0.4	1
11812.5	0.09	3.1	1
12303.2	0.13	0.9	1
12797.2	0.48	0.3	1
13294.5	0.39	0.3	1
13791.9	0.62	0.1	1
14295.9	0.17	0.6	1
14808.699999999999	0.1	0.8	1
15322.599999999999	0.69	0.1	1
15837.599999999999	0.64	0.1	1
16353.699999999999	0.68	0.1	1
16870.899999999998	0.52	0.1	1
17389.199999999997	0.73	0.1	1
17908.6	0.82	0.1	1
18429.1	0.67	0.1	1
18950.699999999997	0.6	0.1	1
19473.399999999998	0.77	0.1	1
19997.199999999997	0.63	0.1	1
20522.1	0.53	0.1	1
21048.1	0.7	0.1	1
