2.4538	0.2	0.7	1
5.611400000000001	0.58	0.2	1
10.872800000000002	0.23	0.6	1
21.738	0.34	1.6	1
35.407	0.71	0.8	1
53.279799999999994	0.46	1.2	1
73.9564	0.45	0.8	1
95.6868	0.53	0.3	1
125.821	0.12	2.4	1
157.009	0.32	0.3	1
189.25079999999997	0.89	0.3	1
222.19639999999998	0.6	0.2	1
256.19579999999996	0.4	0.3	1
290.89899999999994	0.61	0.2	1
327.70599999999996	0.36	0.6	1
367.31679999999994	0.36	0.8	1
407.98139999999995	0.76	0.3	1
449.6998	0.37	0.3	1
492.12199999999996	0.43	0.2	1
535.2479999999999	0.53	0.2	1
579.0777999999999	0.67	0.2	1
623.9613999999999	0.58	0.3	1
669.8987999999999	0.45	0.3	1
718.29	0.47	0.7	1
767.385	0.54	0.2	1
817.1838	0.63	0.2	1
867.6864	0.43	0.2	1
919.2428000000001	0.49	0.3	1
971.5030000000002	0.5	0.2	1
1024.8170000000002	0.35	0.3	1
1079.1848000000002	0.34	0.3	1
1134.6064000000001	0.26	0.3	1
1190.7318	0.59	0.2	1
1247.561	0.81	0.2	1
1307.194	0.12	0.8	1
1369.9808	0.56	0.9	1
1433.8214	0.39	0.3	1
1498.3658	0.47	0.2	1
1563.964	0.31	0.3	1
1630.2659999999998	0.68	0.2	1
1697.2717999999998	0.47	0.2	1
1764.9813999999997	0.42	0.2	1
1833.3947999999996	0.69	0.2	1
1904.6619999999996	0.17	1.1	1
1976.6329999999996	0.48	0.2	1
2049.6577999999995	0.38	0.3	1
2124.0863999999997	0.67	0.4	1
2199.2187999999996	0.73	0.2	1
2274.7049999999995	0.65	0.1	1
2352.6449999999995	0.48	0.7	1
2431.2887999999994	0.63	0.2	1
2510.6363999999994	0.61	0.2	1
2592.0877999999993	0.68	0.6	1
2674.2429999999995	0.5	0.2	1
2757.4519999999993	0.38	0.3	1
2842.7647999999995	0.2	0.6	1
2939.6313999999993	0.11	3.3	1
3038.9517999999994	0.18	0.7	1
3138.975999999999	0.57	0.2	1
3239.7039999999993	0.68	0.2	1
3340.135799999999	0.55	0.2	1
3445.471399999999	0.12	1.4	1
3551.860799999999	0.66	0.3	1
3659.653999999999	0.77	0.4	1
3768.150999999999	0.4	0.2	1
3877.001799999999	0.59	0.1	1
4001.2563999999993	0.08	4.4	1
4127.264799999999	0.16	0.5	1
4254.326999999999	0.29	0.3	1
4383.842999999999	0.53	0.7	1
4515.462799999999	0.47	0.6	1
4648.136399999999	0.86	0.3	1
4781.863799999999	0.31	0.3	1
4915.944999999999	0.58	0.1	1
5050.729999999999	0.46	0.2	1
5189.368799999998	0.46	1.1	1
5346.2613999999985	0.06	5.5	1
5523.107799999999	0.06	5.7	1
5718.507999999999	0.07	5.3	1
5934.561999999999	0.06	5.9	1
6172.669799999999	0.06	6.3	1
6430.381399999998	0.05	5.6	1
6711.546799999998	0.05	6.7	1
7013.365999999998	0.04	5.9	1
7337.588999999998	0.05	6.4	1
7683.865799999998	0.03	6.3	1
8050.796399999997	0.05	5.9	1
8438.030799999997	0.06	5.8	1
8851.168999999996	0.05	7.4	1
9283.560999999996	0.06	5.5	1
9736.956799999996	0.06	6.0	1
10211.356399999997	0.05	6.0	1
10708.509799999996	0.06	6.5	1
