0.7038	0.72	0.2	1
2.4614000000000003	0.48	0.3	1
5.2728	0.42	0.3	1
10.538	0.21	0.7	1
16.507	0.49	0.2	1
24.579800000000002	0.48	0.6	1
34.056400000000004	0.25	0.4	1
44.586800000000004	0.29	0.3	1
56.871	0.34	0.5	1
81.409	0.09	3.5	1
106.6508	0.61	0.2	1
132.9464	0.78	0.3	1
159.94580000000002	0.52	0.2	1
187.64900000000003	0.77	0.2	1
216.05600000000004	0.61	0.2	1
245.16680000000005	0.56	0.2	1
274.63140000000004	0.66	0.1	1
305.1498	0.39	0.3	1
336.372	0.67	0.2	1
367.94800000000004	0.86	0.1	1
400.22780000000006	0.66	0.2	1
432.86140000000006	0.82	0.1	1
466.19880000000006	0.57	0.2	1
500.94000000000005	0.24	0.4	1
536.735	0.37	0.3	1
573.2338	0.47	0.2	1
610.7864	0.4	0.3	1
649.3928	0.34	0.3	1
688.703	0.51	0.2	1
728.717	0.5	0.2	1
769.7848	0.37	0.3	1
811.5564	0.67	0.2	1
855.7818000000001	0.75	0.7	1
900.7110000000001	0.52	0.2	1
947.0440000000001	0.39	0.4	1
1003.5308000000001	0.1	2.9	1
1061.0714	0.36	0.3	1
1122.1158	0.11	1.0	1
1183.864	0.56	0.2	1
1246.666	0.4	0.3	1
1310.5218	0.41	0.3	1
1375.4314	0.29	0.3	1
1441.0448	0.47	0.2	1
1508.062	0.44	0.4	1
1576.1329999999998	0.35	0.3	1
1645.2577999999999	0.55	0.3	1
1714.0864	0.64	0.2	1
1783.6188	0.68	0.2	1
1854.205	0.31	0.3	1
1925.495	0.75	0.2	1
1997.4887999999999	0.77	0.2	1
2074.3864	0.31	1.4	1
2152.3378	0.36	0.3	1
2231.343	0.32	0.3	1
2311.0519999999997	0.56	0.2	1
2391.8147999999997	0.44	0.3	1
2474.3313999999996	0.79	0.5	1
2557.9017999999996	0.49	0.3	1
2642.526	0.29	0.3	1
2729.254	0.38	0.6	1
2816.6857999999997	0.65	0.2	1
2918.4714	0.08	4.1	1
3020.9608	0.59	0.2	1
3124.504	0.78	0.3	1
3230.5009999999997	0.34	0.7	1
3352.9518	0.07	4.7	1
3477.8563999999997	0.77	0.7	1
3603.8147999999997	0.44	0.3	1
3733.2769999999996	0.5	1.0	1
3874.6429999999996	0.11	3.4	1
4025.4628	0.13	2.7	1
4177.7364	0.42	0.7	1
4330.7137999999995	0.52	0.2	1
4485.445	0.73	0.5	1
4646.13	0.34	1.7	1
4810.6688	0.29	1.1	1
4975.9114	0.38	0.2	1
5144.3078	0.32	0.9	1
5313.758	0.33	0.3	1
5485.662	0.19	0.7	1
5661.7698	0.3	1.2	1
5839.9814	0.18	0.6	1
6019.2468	0.29	0.3	1
6199.216	0.32	0.2	1
6400.889	0.04	6.2	1
6603.2658	0.37	0.2	1
6807.7464	0.66	0.6	1
7013.9808	0.61	0.5	1
7238.069	0.04	5.1	1
7465.311000000001	0.39	0.9	1
7693.256800000001	0.4	0.2	1
7923.656400000001	0.16	0.7	1
8161.059800000001	0.23	2.0	1
8399.167000000001	0.48	0.2	1
8637.978000000001	0.46	0.2	1
8879.242800000002	0.18	0.7	1
9121.211400000002	0.58	0.2	1
9363.883800000001	0.44	0.2	1
9607.960000000001	0.71	0.4	1
