0.9037999999999999	0.88	0.3	1
2.4114	0.51	0.2	1
4.5228	0.48	0.2	1
7.838	0.78	0.4	1
12.657	0.68	0.5	1
18.6798	0.22	0.4	1
25.6064	0.45	0.3	1
33.1368	0.43	0.2	1
42.171	0.17	0.5	1
55.109	0.38	1.3	1
68.9508	0.47	0.3	1
83.3964	0.77	0.2	1
98.4458	0.58	0.2	1
114.099	0.61	0.2	1
131.256	0.21	0.5	1
149.0168	0.51	0.2	1
169.48139999999998	0.61	0.9	1
191.7498	0.65	0.6	1
216.12199999999999	0.76	0.7	1
241.398	0.54	0.3	1
267.8778	0.64	0.4	1
294.96139999999997	0.54	0.2	1
335.8488	0.07	4.6	1
377.64	0.27	0.3	1
420.03499999999997	0.65	0.2	1
463.0338	0.39	0.2	1
507.2364	0.24	0.4	1
559.2428	0.1	2.6	1
611.853	0.56	0.2	1
665.367	0.84	0.3	1
720.3847999999999	0.18	0.5	1
776.3063999999999	0.42	0.3	1
833.1317999999999	0.33	0.3	1
890.5609999999999	0.6	0.2	1
948.5939999999999	0.61	0.2	1
1007.2307999999999	0.68	0.2	1
1066.4714	0.49	0.2	1
1125.3157999999999	0.76	0.2	1
1184.764	0.6	0.2	1
1245.116	0.26	0.3	1
1306.0718	0.59	0.2	1
1367.9314	0.42	0.3	1
1431.8948	0.24	0.7	1
1496.762	0.41	0.3	1
1562.8329999999999	0.27	0.4	1
1629.5077999999999	0.4	0.2	1
1697.0864	0.27	0.3	1
1765.2687999999998	0.69	0.2	1
1834.6549999999997	0.73	0.4	1
1904.6449999999998	0.51	0.2	1
1975.2387999999999	0.7	0.2	1
2048.2364	0.42	0.8	1
2121.8378	0.77	0.2	1
2196.0429999999997	0.71	0.2	1
2270.852	0.45	0.2	1
2346.5647999999997	0.41	0.3	1
2425.2814	0.44	1.0	1
2505.5018	0.28	0.5	1
2585.626	0.76	0.3	1
2667.554	0.49	0.6	1
2750.3858	0.27	0.3	1
2833.5214	0.66	0.1	1
2933.4608000000003	0.06	5.6	1
3034.0040000000004	0.72	0.2	1
3135.4510000000005	0.3	0.3	1
3237.5018000000005	0.46	0.2	1
3346.7564000000007	0.14	2.4	1
3465.9148000000005	0.09	3.3	1
3585.9770000000003	0.54	0.3	1
3706.6430000000005	0.44	0.2	1
3828.2128000000002	0.29	0.3	1
3953.6864	0.39	1.3	1
4079.7638	0.62	0.2	1
4208.845	0.54	1.0	1
4339.13	0.23	0.4	1
4479.6188	0.08	3.4	1
4620.7114	0.42	0.2	1
