1.8734000000000002	0.55	0.7	1
6.6868	0.45	1.1	1
12.040199999999999	0.84	0.2	1
19.266999999999996	0.5	0.7	1
27.033799999999996	0.52	0.2	1
36.40729999999999	0.2	0.6	1
47.65419999999999	0.48	0.7	1
59.97449999999999	0.38	0.4	1
73.63479999999998	0.35	0.5	1
88.36849999999998	0.34	0.4	1
104.17559999999999	0.37	0.4	1
121.3227	0.21	0.5	1
139.8098	0.72	0.5	1
159.6369	0.2	0.5	1
180.5374	0.22	0.4	1
203.3113	0.81	0.7	1
227.69189999999998	0.6	0.6	1
253.41249999999997	0.82	0.5	1
280.20649999999995	0.23	0.4	1
307.80719999999997	0.39	0.3	1
335.68129999999996	0.67	0.1	1
364.36209999999994	0.32	0.3	1
394.64959999999996	0.52	0.6	1
432.6771	0.12	2.9	1
477.6446	0.12	2.6	1
523.9521	0.77	0.5	1
581.9996	0.06	4.4	1
640.5871	0.51	0.2	1
700.2479999999999	0.32	0.4	1
761.5156	0.15	0.6	1
824.6565999999999	0.82	0.7	1
888.8709999999999	0.3	0.4	1
954.6920999999999	0.57	0.6	1
1025.8531999999998	0.1	2.0	1
1097.821	0.32	0.3	1
1171.3954999999999	0.55	0.6	1
1246.8433999999997	0.69	0.7	1
1323.3646999999999	0.37	0.4	1
1400.6926999999998	0.33	0.3	1
1478.5606999999998	0.66	0.2	1
1558.3020999999999	0.38	0.7	1
1638.6501999999998	0.36	0.6	1
1720.3383	0.79	0.5	1
1803.6331	0.2	0.6	1
1888.2679	0.35	0.5	1
1974.5094000000001	0.19	0.6	1
2061.8243	0.29	0.4	1
2150.2126000000003	0.28	0.4	1
2239.6743	0.54	0.4	1
2331.0094	0.58	0.7	1
2423.4179	0.25	0.4	1
2517.1664	0.43	0.5	1
2612.2549	0.65	0.5	1
2708.9501	0.28	0.6	1
2806.7187	0.3	0.4	1
2906.6273	0.55	0.8	1
3007.8759	0.73	0.5	1
3110.4645	0.22	0.5	1
3214.9265	0.73	0.7	1
3319.9285	0.6	0.2	1
3432.1372	0.12	2.7	1
3545.9526	0.2	0.6	1
3661.6414	0.15	0.7	1
3780.2702	0.16	1.1	1
3910.7057	0.04	4.8	1
4042.2146	0.49	0.4	1
4174.5302	0.74	0.3	1
4307.6525	0.36	0.3	1
4442.3815	0.2	0.6	1
4585.117200000001	0.11	3.0	1
4728.926300000001	0.3	0.4	1
4873.808800000001	0.66	0.4	1
5029.364700000001	0.12	4.0	1
5185.994000000001	0.78	0.4	1
5344.496700000001	0.69	0.7	1
5504.872800000001	0.15	0.7	1
5667.655600000001	0.38	0.9	1
5831.511800000001	0.89	0.4	1
5998.841400000001	0.09	1.3	1
6167.7777000000015	0.83	0.6	1
6338.587400000001	0.76	0.7	1
6510.470500000001	0.22	0.4	1
6683.960300000002	0.7	0.6	1
6859.056800000001	0.19	0.6	1
7035.226700000001	0.21	0.4	1
7212.203300000001	0.33	0.3	1
7390.786600000001	0.79	0.6	1
7571.509900000001	0.2	0.8	1
7754.106600000001	0.18	0.7	1
7938.310000000001	0.86	0.6	1
8123.053400000002	0.47	0.2	1
8311.536800000002	0.27	1.4	1
8501.626900000001	0.16	0.6	1
8693.3237	0.18	0.6	1
8886.6272	0.75	0.6	1
