21.0	0.35	1.0	1
56.7	0.51	0.7	1
105.0	0.59	0.6	1
170.1	0.46	0.8	1
251.0	0.45	0.8	1
348.7	0.46	0.8	1
463.2	0.46	0.8	1
598.7	0.36	1.0	1
753.1	0.41	0.9	1
926.4000000000001	0.38	0.9	1
1116.5	0.44	0.8	1
1322.4	0.47	0.8	1
1551.4	0.36	1.1	1
1799.3000000000002	0.41	0.9	1
2065.1000000000004	0.4	0.9	1
2345.6000000000004	0.52	0.7	1
2642.9000000000005	0.45	0.8	1
2959.1000000000004	0.42	0.9	1
3292.1000000000004	0.46	0.8	1
3648.2000000000003	0.36	1.1	1
4019.0000000000005	0.53	0.7	1
4408.700000000001	0.41	0.9	1
4821.500000000001	0.34	1.1	1
5257.400000000001	0.35	1.1	1
5715.400000000001	0.33	1.1	1
6196.500000000001	0.33	1.1	1
6704.900000000001	0.27	1.3	1
7228.0	0.47	0.7	1
7770.0	0.41	0.9	1
