1.95	0.31	1.2	1
5.3625	0.38	0.9	1
10.075	0.39	0.8	1
16.25	0.4	0.9	1
25.5125	0.36	1.9	1
36.2375	0.36	0.9	1
48.425	0.41	0.9	1
61.912499999999994	0.45	0.8	1
76.69999999999999	0.41	0.8	1
93.11249999999998	0.34	1.0	1
110.98749999999998	0.4	0.9	1
129.1625	0.44	0.8	1
150.42499999999998	0.39	1.9	1
173.31249999999997	0.41	1.0	1
197.66249999999997	0.35	0.9	1
223.47499999999997	0.38	0.9	1
251.07499999999996	0.32	1.1	1
280.4625	0.35	1.1	1
311.6375	0.36	1.1	1
344.1125	0.43	0.8	1
377.8875	0.47	0.8	1
412.28749999999997	0.36	1.0	1
448.6375	0.29	1.2	1
486.6125	0.36	1.0	1
525.8875	0.41	0.8	1
566.625	0.35	0.9	1
609.15	0.36	1.1	1
653.625	0.31	1.2	1
699.4	0.45	0.8	1
746.8	0.36	1.0	1
795.8249999999999	0.4	1.0	1
846.6374999999999	0.33	1.1	1
899.0749999999999	0.36	1.0	1
952.9749999999999	0.42	0.9	1
1007.4999999999999	0.38	1.0	1
1063.8125	0.32	1.1	1
1121.9125	0.35	1.1	1
1181.3125	0.45	0.8	1
1243.15	0.46	1.5	1
1306.2875000000001	0.5	0.8	1
1370.8875	0.38	0.9	1
1436.95	0.4	0.9	1
1505.1000000000001	0.36	1.9	1
1574.5500000000002	0.43	0.8	1
1645.3000000000002	0.46	0.8	1
1717.5125000000003	0.38	0.9	1
1791.0250000000003	0.42	0.8	1
1868.1125000000004	0.32	2.2	1
1946.5000000000005	0.41	0.8	1
2026.3500000000004	0.4	0.9	1
2109.9375000000005	0.3	2.3	1
2195.4750000000004	0.31	1.2	1
2282.3125000000005	0.44	0.8	1
