1.5614	0.38	1.0	1
4.8397	0.35	1.1	1
9.3682	0.5	0.8	1
15.3025	0.39	0.9	1
22.6426	0.4	0.9	1
31.3885	0.41	0.9	1
46.3624	0.09	4.0	1
61.7421	0.35	0.9	1
78.6832	0.36	1.0	1
97.3412	0.35	1.1	1
118.4939	0.42	1.6	1
140.89679999999998	0.45	0.8	1
164.54989999999998	0.42	0.8	1
189.60879999999997	0.4	0.9	1
217.31789999999998	0.42	1.7	1
246.74389999999997	0.35	1.1	1
276.8868	0.36	1.1	1
308.2799	0.44	0.8	1
341.3899	0.35	1.1	1
377.7724	0.36	2.1	1
416.0274	0.3	1.2	1
456.7771	0.42	1.6	1
498.93260000000004	0.41	0.9	1
542.3383	0.44	0.8	1
587.1498	0.43	0.9	1
633.6782000000001	0.34	1.1	1
681.768	0.37	1.0	1
731.6636	0.39	1.8	1
782.9649999999999	0.35	0.9	1
835.6722	0.41	0.9	1
889.7852	0.39	0.9	1
945.3040000000001	0.43	0.9	1
1002.0730000000001	0.43	0.8	1
1060.5589	0.35	1.1	1
1120.4506	0.42	0.9	1
1181.5925	0.47	0.8	1
1244.7624	0.48	1.3	1
1309.1825000000001	0.42	0.8	1
1375.0084000000002	0.41	0.9	1
1441.5512	0.37	1.1	1
1517.2776000000001	0.13	5.9	1
1594.2542	0.42	0.8	1
1672.6366	0.4	0.9	1
1752.5804	0.33	1.0	1
1834.0856	0.37	1.0	1
1917.1522	0.34	1.0	1
2001.6246	0.37	0.9	1
2087.9695	0.3	1.2	1
