1.2808000000000002	0.4	0.9	1
4.6924	0.45	1.5	1
9.3848	0.42	0.9	1
14.933	0.53	0.6	1
21.0453	0.34	1.1	1
28.2967	0.48	0.8	1
36.828900000000004	0.41	0.9	1
46.50020000000001	0.41	0.8	1
58.30230000000001	0.43	1.5	1
72.8019	0.36	1.9	1
88.4406	0.47	0.8	1
105.6434	0.33	1.1	1
124.55199999999999	0.29	1.2	1
144.59969999999998	0.44	0.8	1
164.92819999999998	0.39	0.9	1
191.07079999999996	0.17	4.1	1
218.35249999999996	0.47	0.8	1
246.91499999999996	0.41	0.9	1
276.47499999999997	0.48	0.7	1
307.03249999999997	0.49	0.7	1
338.8708	0.4	0.9	1
372.1316	0.34	1.0	1
406.6732	0.41	0.9	1
441.2123	0.48	0.7	1
477.1739	0.37	1.0	1
514.558	0.36	1.0	1
553.0812	0.44	0.8	1
592.4602	0.57	0.6	1
633.12	0.38	0.9	1
674.6356	0.53	0.6	1
717.7153	0.33	1.1	1
762.2175	0.35	1.0	1
808.5672	0.27	1.3	1
856.1976999999999	0.41	0.9	1
905.1089999999999	0.38	0.9	1
955.1593999999999	0.47	0.8	1
1005.2072999999999	0.52	0.7	1
1056.3943	0.43	0.8	1
1108.7204	0.47	0.8	1
1162.6106	0.34	1.1	1
1217.7816	0.39	0.9	1
1274.2334	0.42	0.9	1
1331.8243	0.43	0.8	1
1390.696	0.4	0.9	1
1451.9818	0.43	1.7	1
1514.4067	0.44	0.8	1
1578.1124	0.4	0.9	1
1643.2406	0.37	1.0	1
1709.3663000000001	0.49	0.7	1
1776.6311	0.45	0.8	1
1845.46	0.33	1.1	1
1915.853	0.33	1.1	1
1987.5268	0.4	0.9	1
