1.8734000000000002	0.36	0.7	1
5.6202000000000005	0.36	0.7	1
10.973700000000001	0.4	0.6	1
18.467200000000002	0.42	0.8	1
27.034100000000002	0.53	0.4	1
37.741	0.39	0.8	1
50.3213	0.38	0.7	1
64.775	0.39	0.7	1
80.8354	0.44	0.6	1
98.50250000000001	0.43	0.6	1
118.043	0.41	0.7	1
139.45690000000002	0.4	0.7	1
163.54420000000002	0.29	1.0	1
189.2382	0.39	0.6	1
216.8056	0.35	0.7	1
246.2464	0.38	0.7	1
277.5606	0.41	0.7	1
310.7482	0.35	0.7	1
345.8092	0.35	0.7	1
382.74359999999996	0.38	0.7	1
421.55139999999994	0.37	0.7	1
462.23259999999993	0.42	0.7	1
504.5204999999999	0.39	0.6	1
548.4150999999999	0.42	0.6	1
594.1831	0.39	0.7	1
641.2910999999999	0.49	0.5	1
690.2724999999999	0.38	0.7	1
741.1272999999999	0.37	0.7	1
793.0554999999998	0.55	0.4	1
846.5903999999998	0.42	0.6	1
901.9986999999999	0.38	0.7	1
959.2803999999999	0.39	0.7	1
1018.1687999999999	0.37	0.6	1
1078.9306	0.4	0.7	1
1141.2991	0.37	0.6	1
1205.541	0.36	0.7	1
1271.6562999999999	0.4	0.7	1
1339.3782999999999	0.46	0.6	1
1408.7069999999999	0.41	0.6	1
1479.6424	0.39	0.6	1
1552.4512	0.38	0.7	1
1626.8667	0.4	0.6	1
1702.8889	0.4	0.6	1
1780.7845	0.37	0.7	1
1860.5535	0.39	0.7	1
1942.1959	0.36	0.7	1
2025.7116999999998	0.43	0.7	1
2111.1009	0.42	0.7	1
2198.3635	0.39	0.7	1
2287.2327999999998	0.44	0.6	1
2377.9754999999996	0.43	0.7	1
2470.3248999999996	0.45	0.6	1
2564.5476999999996	0.42	0.7	1
2659.1105	0.42	0.5	1
2755.5467	0.4	0.7	1
2853.8563	0.39	0.7	1
2954.0393	0.43	0.7	1
3056.0957	0.41	0.7	1
3160.0254999999997	0.38	0.7	1
3265.8286999999996	0.44	0.7	1
3373.5053	0.39	0.7	1
3482.7886	0.38	0.6	1
3594.2119	0.38	0.8	1
3706.7086	0.6	0.4	1
3821.0787	0.43	0.7	1
3937.3222	0.41	0.7	1
4055.4391	0.4	0.7	1
4175.1627	0.43	0.6	1
4296.2263	0.48	0.5	1
4418.8966	0.38	0.6	1
4543.4403	0.39	0.7	1
4669.590700000001	0.42	0.6	1
4797.3478000000005	0.43	0.6	1
4926.978300000001	0.41	0.7	1
5058.4822	0.35	0.7	1
5191.5928	0.4	0.6	1
5326.310100000001	0.4	0.6	1
5462.6341	0.43	0.6	1
5600.8315	0.48	0.7	1
5740.902300000001	0.4	0.7	1
5882.846500000001	0.44	0.7	1
6026.664100000001	0.38	0.7	1
6172.621700000001	0.34	0.8	1
6320.452700000001	0.4	0.7	1
6470.1571	0.36	0.7	1
6622.2682	0.36	0.9	1
6776.2527	0.41	0.7	1
6931.8439	0.45	0.6	1
7088.7751	0.41	0.5	1
7247.0463	0.43	0.5	1
7406.9242	0.35	0.6	1
7568.6755	0.41	0.7	1
7732.300200000001	0.38	0.7	1
7897.5316	0.51	0.6	1
8064.103	0.44	0.5	1
8232.2811	0.57	0.6	1
8402.3326	0.4	0.7	1
8574.2575	0.43	0.7	1
8748.0558	0.42	0.7	1
8923.7275	0.36	0.7	1
9101.0059	0.41	0.6	1
9280.1577	0.35	0.7	1
9461.1829	0.43	0.7	1
9644.0815	0.38	0.7	1
9828.586800000001	0.42	0.6	1
10014.9655	0.37	0.7	1
10203.2176	0.43	0.7	1
10393.3431	0.46	0.7	1
10585.0753	0.4	0.6	1
10778.414200000001	0.39	0.6	1
10973.3598	0.41	0.6	1
11169.9121	0.41	0.6	1
11368.3378	0.34	0.7	1
11568.3702	0.41	0.6	1
11770.0093	0.4	0.6	1
11973.2551	0.36	0.6	1
12178.3743	0.39	0.7	1
12385.366899999999	0.37	0.7	1
12594.232899999999	0.46	0.7	1
12804.7056	0.38	0.6	1
13016.0517	0.39	0.7	1
13229.0045	0.4	0.6	1
13443.563999999998	0.4	0.6	1
13659.996899999998	0.4	0.7	1
13878.303199999998	0.32	0.7	1
14098.482899999999	0.39	0.7	1
14320.0026	0.43	0.5	1
14543.6623	0.39	0.8	1
14768.9287	0.43	0.6	1
14996.068500000001	0.41	0.7	1
15224.815	0.43	0.6	1
15455.4349	0.33	0.7	1
15687.6615	0.47	0.6	1
15922.2948	0.33	0.9	1
16158.8015	0.33	0.7	1
16397.1816	0.37	0.7	1
16636.6351	0.58	0.4	1
16877.962	0.4	0.7	1
17121.1623	0.35	0.7	1
17365.9693	0.4	0.6	1
17612.9163	0.36	0.8	1
17861.47	0.37	0.6	1
18111.897100000002	0.43	0.7	1
18364.197600000003	0.41	0.7	1
18618.371500000005	0.41	0.7	1
18874.418800000003	0.38	0.7	1
19132.339500000002	0.41	0.7	1
19392.6669	0.32	0.9	1
19654.8677	0.38	0.7	1
19919.2085	0.39	0.8	1
20185.4227	0.43	0.7	1
20453.510299999998	0.39	0.7	1
20723.737899999996	0.32	0.8	1
20995.572199999995	0.46	0.6	1
21269.279899999994	0.44	0.7	1
21544.594299999993	0.46	0.6	1
21821.782099999993	0.34	0.7	1
22100.843299999993	0.38	0.7	1
22381.511199999994	0.41	0.6	1
22664.052499999994	0.42	0.7	1
22948.467199999996	0.36	0.7	1
23234.755299999997	0.39	0.7	1
23522.916799999995	0.43	0.7	1
23813.484999999997	0.36	0.9	1
24105.926599999995	0.36	0.7	1
24400.241599999994	0.38	0.7	1
24696.163299999993	0.42	0.6	1
24993.691699999992	0.4	0.6	1
25293.09349999999	0.4	0.7	1
25594.10199999999	0.47	0.6	1
25896.983899999992	0.44	0.7	1
26201.739199999993	0.39	0.7	1
26508.101199999994	0.43	0.6	1
26815.803199999995	0.49	0.5	1
27125.378599999996	0.31	0.7	1
27436.827399999995	0.37	0.7	1
27750.149599999993	0.36	0.7	1
28065.345199999992	0.4	0.7	1
28381.88079999999	0.56	0.5	1
28700.28979999999	0.4	0.7	1
29020.30549999999	0.48	0.6	1
29342.19459999999	0.36	0.7	1
29665.957099999992	0.34	0.7	1
29991.326299999993	0.45	0.6	1
30318.568899999995	0.36	0.7	1
30647.418199999996	0.41	0.6	1
30977.6075	0.53	0.5	1
31309.670199999997	0.37	0.7	1
31643.606299999996	0.35	0.7	1
31979.149099999995	0.46	0.6	1
32315.765299999995	0.57	0.4	1
32652.988199999996	0.42	0.6	1
32991.8178	0.48	0.6	1
33332.5208	0.4	0.7	1
33674.8305	0.45	0.6	1
34018.7469	0.5	0.6	1
34364.5367	0.38	0.7	1
34712.1999	0.39	0.7	1
35061.7365	0.4	0.7	1
35413.1465	0.39	0.7	1
35766.4299	0.37	0.7	1
36121.5867	0.43	0.7	1
36478.6169	0.4	0.7	1
36837.5205	0.35	0.7	1
37198.2975	0.38	0.7	1
37560.6812	0.41	0.6	1
37924.9383	0.38	0.7	1
38291.0688	0.34	0.7	1
38659.3393	0.35	0.8	1
39029.2165	0.42	0.6	1
39400.9671	0.38	0.7	1
39774.324400000005	0.42	0.6	1
40149.555100000005	0.39	0.7	1
40525.859200000006	0.6	0.4	1
40903.503300000004	0.42	0.5	1
41283.8208	0.3	1.0	1
41665.745	0.5	0.6	1
42048.742600000005	0.42	0.4	1
42433.613600000004	0.42	0.7	1
42820.35800000001	0.39	0.7	1
43208.97580000001	0.4	0.7	1
43599.467000000004	0.34	0.7	1
43991.564900000005	0.39	0.6	1
44385.5362	0.38	0.7	1
44781.380900000004	0.4	0.7	1
45178.5656	0.51	0.5	1
45577.357	0.42	0.6	1
45977.4884	0.59	0.5	1
46378.959800000004	0.46	0.5	1
46782.3046	0.41	0.7	1
47187.522800000006	0.41	0.7	1
47594.614400000006	0.42	0.7	1
48003.31270000001	0.45	0.6	1
48413.88440000001	0.42	0.7	1
48825.52950000001	0.61	0.4	1
49239.04800000001	0.34	0.7	1
49654.43990000001	0.41	0.7	1
50071.70520000001	0.34	0.7	1
50490.843900000014	0.38	0.7	1
50911.589300000014	0.41	0.6	1
51333.67470000002	0.46	0.5	1
51757.36680000002	0.43	0.6	1
52182.398900000015	0.47	0.5	1
52609.037700000015	0.43	0.6	1
53037.54990000001	0.43	0.7	1
53467.935500000014	0.39	0.7	1
53900.19450000001	0.42	0.7	1
54334.060200000014	0.39	0.6	1
54769.79930000001	0.43	0.7	1
55207.411800000016	0.34	0.7	1
55647.69770000002	0.32	1.0	1
56089.59030000002	0.4	0.6	1
56533.35630000002	0.39	0.7	1
56977.99570000002	0.41	0.7	1
57424.50850000002	0.32	0.7	1
57872.62800000002	0.5	0.6	1
58323.95420000002	0.28	1.2	1
58777.953800000025	0.3	1.0	1
59233.826800000024	0.39	0.7	1
59691.57320000003	0.4	0.7	1
60150.393000000025	0.54	0.4	1
60611.88620000002	0.31	1.0	1
61074.986100000024	0.47	0.6	1
61539.95940000002	0.37	0.7	1
62007.07270000002	0.35	0.8	1
62475.79270000002	0.46	0.6	1
62946.38610000002	0.39	0.7	1
63418.85290000002	0.39	0.7	1
63894.25970000002	0.29	1.1	1
64371.27320000002	0.43	0.6	1
64850.160100000016	0.39	0.7	1
65330.92040000002	0.38	0.7	1
65813.55410000002	0.38	0.7	1
66297.79450000002	0.39	0.6	1
66783.90830000002	0.44	0.7	1
67272.16210000003	0.32	0.8	1
67762.02260000003	0.44	0.6	1
68253.48980000002	0.48	0.6	1
68746.03040000002	0.54	0.4	1
69240.17770000001	0.48	0.6	1
69736.19840000001	0.39	0.7	1
70234.09250000001	0.38	0.7	1
70733.59330000001	0.43	0.6	1
71234.7008	0.44	0.6	1
71737.6817	0.42	0.7	1
72242.53600000001	0.38	0.7	1
72749.26370000001	0.41	0.7	1
73257.86480000001	0.4	0.7	1
73768.3393	0.45	0.7	1
74280.42050000001	0.44	0.6	1
74793.8417	0.56	0.5	1
75309.1363	0.41	0.7	1
75826.3043	0.34	0.7	1
76345.3457	0.44	0.7	1
76866.2605	0.38	0.7	1
77388.782	0.4	0.6	1
77913.1769	0.39	0.7	1
78439.4452	0.37	0.7	1
78967.5869	0.38	0.7	1
79497.602	0.4	0.7	1
80029.4905	0.36	0.7	1
80562.9857	0.42	0.6	1
81098.3543	0.39	0.7	1
81635.5963	0.39	0.7	1
82174.7117	0.39	0.7	1
82715.9671	0.36	0.8	1
83259.0959	0.35	0.7	1
83804.0981	0.39	0.7	1
84351.2403	0.36	0.8	1
84900.2559	0.4	0.7	1
85451.1449	0.36	0.7	1
86003.1073	0.39	0.4	1
86556.9431	0.39	0.7	1
87112.6523	0.34	0.7	1
87669.9682	0.45	0.6	1
88229.1575	0.34	0.7	1
88789.42020000001	0.48	0.4	1
89351.55630000001	0.38	0.7	1
89915.56580000001	0.41	0.7	1
90481.44870000001	0.39	0.7	1
91049.205	0.41	0.7	1
91619.1013	0.37	0.8	1
92191.4043	0.36	0.9	1
92765.58069999999	0.5	0.7	1
93341.63049999998	0.43	0.7	1
93919.28699999998	0.42	0.6	1
94498.81689999998	0.34	0.7	1
95079.95349999997	0.46	0.6	1
95662.96349999997	0.39	0.7	1
96247.84689999997	0.43	0.7	1
96834.07029999998	0.47	0.5	1
97422.16709999998	0.41	0.7	1
98011.87059999998	0.38	0.6	1
98603.18079999999	0.47	0.6	1
99196.36439999999	0.38	0.7	1
99791.42139999999	0.37	0.7	1
