1.6067	0.41	0.6	1
5.0868	0.37	0.7	1
10.1736	0.4	0.6	1
16.8671	0.38	0.6	1
27.300600000000003	0.21	1.4	1
39.6075	0.39	0.7	1
53.521100000000004	0.38	0.6	1
69.04140000000001	0.42	0.6	1
86.16840000000002	0.4	0.6	1
104.90210000000002	0.42	0.6	1
125.50920000000002	0.41	0.7	1
147.723	0.38	0.6	1
171.54350000000002	0.43	0.6	1
196.43740000000003	0.62	0.4	1
223.20470000000003	0.39	0.7	1
251.31200000000004	0.46	0.5	1
281.2927	0.4	0.7	1
313.68010000000004	0.4	0.9	1
347.94090000000006	0.41	0.7	1
384.0751000000001	0.56	0.7	1
421.5493000000001	0.46	0.5	1
460.3635000000001	0.39	0.5	1
501.0511000000001	0.36	0.7	1
543.6121	0.41	0.7	1
588.0465	0.4	0.7	1
634.3543000000001	0.38	0.7	1
682.5355000000001	0.37	0.7	1
732.3234000000001	0.37	0.6	1
783.7180000000001	0.35	0.6	1
836.9860000000001	0.39	0.7	1
891.594	0.47	0.5	1
947.8087	0.44	0.6	1
1005.3634000000001	0.45	0.5	1
1064.7915	0.44	0.7	1
1126.093	0.37	0.7	1
1189.2679	0.4	0.7	1
1253.7828	0.43	0.5	1
1320.1711	0.38	0.7	1
1388.4328	0.4	0.7	1
1458.3012	0.48	0.6	1
1529.7763	0.44	0.6	1
1602.8581	0.37	0.6	1
1677.8133	0.39	0.7	1
1754.3752	0.41	0.6	1
1832.8105	0.36	0.7	1
1913.1192	0.37	0.7	1
1995.0346000000002	0.4	0.6	1
2078.8234	0.39	0.7	1
2164.2189000000003	0.42	0.6	1
2251.2211	0.43	0.6	1
2339.8300000000004	0.46	0.6	1
2430.3123000000005	0.4	0.7	1
2522.6680000000006	0.4	0.7	1
2616.363700000001	0.38	0.5	1
2711.932800000001	0.37	0.7	1
2809.108600000001	0.47	0.6	1
2908.157800000001	0.39	0.7	1
3008.547000000001	0.42	0.5	1
3110.809600000001	0.4	0.7	1
3214.678900000001	0.37	0.6	1
3320.4216000000006	0.38	0.7	1
3428.0377000000008	0.41	0.7	1
3537.527200000001	0.35	0.7	1
3648.623400000001	0.42	0.6	1
3761.5930000000008	0.39	0.7	1
3876.169300000001	0.44	0.6	1
3992.352300000001	0.39	0.6	1
4110.408700000001	0.44	0.7	1
4230.071800000001	0.42	0.6	1
4351.608300000001	0.43	0.7	1
4474.0182	0.38	0.7	1
4598.3015000000005	0.42	0.7	1
4724.458200000001	0.41	0.7	1
4852.221600000001	0.4	0.6	1
4981.858400000001	0.39	0.7	1
5113.368600000001	0.42	0.7	1
5246.218800000001	0.36	0.5	1
5380.942400000001	0.39	0.7	1
5517.539400000001	0.42	0.7	1
5656.009800000001	0.38	0.7	1
5796.3536	0.37	0.7	1
5938.5708	0.36	0.7	1
6082.394700000001	0.43	0.6	1
6228.092000000001	0.41	0.7	1
6375.662700000001	0.37	0.7	1
6525.1068000000005	0.41	0.7	1
6675.8909	0.45	0.5	1
6828.548400000001	0.39	0.7	1
6983.0793	0.37	0.7	1
7139.4836000000005	0.4	0.7	1
7297.494600000001	0.47	0.6	1
7457.379000000001	0.37	0.7	1
7619.670100000001	0.36	0.9	1
7784.367900000001	0.35	0.9	1
7951.205700000001	0.36	0.8	1
8119.916900000001	0.42	0.7	1
8290.5015	0.34	0.7	1
8462.4261	0.43	0.5	1
8635.957400000001	0.42	0.6	1
8811.3621	0.39	0.7	1
8988.1068	0.43	0.5	1
9166.4582	0.42	0.6	1
9346.682999999999	0.36	0.7	1
9528.5145	0.47	0.6	1
9711.686	0.52	0.5	1
9896.7309	0.46	0.7	1
10083.6492	0.41	0.7	1
10272.1742	0.41	0.6	1
10462.5726	0.36	0.7	1
10654.8444	0.42	0.7	1
10848.9896	0.39	0.7	1
11045.808200000001	0.29	1.0	1
11244.233500000002	0.4	0.6	1
11443.998800000001	0.51	0.5	1
11645.3708	0.44	0.6	1
11848.3495	0.41	0.6	1
12052.9349	0.48	0.6	1
12259.3937	0.38	0.7	1
12467.725900000001	0.44	0.7	1
12677.9315	0.42	0.7	1
12890.0105	0.4	0.7	1
13103.9629	0.35	0.7	1
13319.522	0.38	0.6	1
13536.954500000002	0.35	0.7	1
13756.260400000001	0.39	0.7	1
13977.173	0.46	0.6	1
14199.6923	0.43	0.6	1
14424.085000000001	0.36	0.7	1
14650.351100000002	0.41	0.7	1
14878.2239	0.43	0.6	1
15107.7034	0.46	0.6	1
15338.7896	0.4	0.6	1
15571.7492	0.39	0.7	1
15806.5822	0.4	0.7	1
16043.021900000002	0.38	0.6	1
16281.0683	0.41	0.6	1
16520.721400000002	0.41	0.6	1
16762.247900000002	0.41	0.7	1
17005.647800000002	0.36	0.7	1
17250.921100000003	0.36	0.7	1
17498.067800000004	0.43	0.7	1
17746.287900000003	0.57	0.4	1
17996.381400000002	0.39	0.7	1
18248.3483	0.44	0.7	1
18502.1886	0.37	0.7	1
18757.9023	0.49	0.7	1
19015.222700000002	0.36	0.6	1
19274.149800000003	0.45	0.6	1
19534.683600000004	0.41	0.6	1
19797.090800000005	0.4	0.7	1
20061.371400000004	0.39	0.7	1
20325.725400000003	0.46	0.4	1
20591.952800000003	0.41	0.7	1
20859.786900000003	0.37	0.6	1
21128.694400000004	0.59	0.4	1
21399.475300000006	0.43	0.7	1
21671.596200000007	0.44	0.5	1
21945.590500000006	0.43	0.7	1
22221.458200000005	0.38	0.7	1
22498.665900000004	0.51	0.5	1
22778.280300000002	0.34	0.9	1
23059.5014	0.48	0.6	1
23342.3292	0.43	0.6	1
23626.2304	0.48	0.4	1
23911.7383	0.45	0.6	1
24198.5862	0.46	0.5	1
24487.040800000002	0.44	0.6	1
24777.902100000003	0.34	0.9	1
25070.370100000004	0.37	0.6	1
25364.178100000005	0.46	0.5	1
25660.392800000005	0.37	0.9	1
25959.014200000005	0.3	0.9	1
26259.509000000005	0.42	0.7	1
26562.143800000005	0.38	0.8	1
26866.918600000005	0.38	0.8	1
27173.833400000003	0.42	0.8	1
27482.621600000002	0.42	0.7	1
27793.2832	0.37	0.7	1
28105.018200000002	0.54	0.4	1
28418.359900000003	0.38	0.6	1
28733.308300000004	0.42	0.6	1
29049.330100000003	0.54	0.4	1
29367.225300000002	0.44	0.7	1
29686.9939	0.41	0.7	1
30008.6359	0.45	0.7	1
30331.8846	0.41	0.6	1
30657.0067	0.41	0.7	1
30984.002200000003	0.36	0.7	1
31312.604400000004	0.48	0.6	1
31642.546600000005	0.51	0.5	1
31973.828800000007	0.44	0.5	1
32306.984400000005	0.34	0.7	1
32642.013400000003	0.39	0.7	1
32978.9158	0.36	0.7	1
33317.424900000005	0.41	0.6	1
33657.807400000005	0.31	0.7	1
34000.0633	0.4	0.7	1
34343.9259	0.39	0.6	1
34689.6619	0.35	0.7	1
35036.7379	0.4	0.5	1
35385.9539	0.39	0.8	1
35736.7766	0.43	0.6	1
36090.005999999994	0.32	0.9	1
36445.3754	0.36	0.8	1
36802.6182	0.42	0.7	1
37161.734399999994	0.37	0.7	1
37522.457299999995	0.46	0.6	1
37884.78689999999	0.45	0.6	1
38248.98989999999	0.45	0.7	1
38614.79959999999	0.43	0.6	1
38982.48269999999	0.39	0.7	1
39351.77249999999	0.51	0.6	1
39722.935699999995	0.34	0.7	1
40095.972299999994	0.4	0.7	1
40470.6156	0.47	0.6	1
40847.1323	0.36	0.7	1
41225.522399999994	0.38	0.7	1
41605.785899999995	0.37	0.7	1
41987.65609999999	0.43	0.6	1
42371.399699999994	0.43	0.7	1
42757.01669999999	0.41	0.7	1
43144.240399999995	0.41	0.6	1
43533.070799999994	0.42	0.6	1
43923.7746	0.47	0.7	1
44316.0851	0.43	0.6	1
44709.0023	0.44	0.6	1
45103.7929	0.41	0.7	1
45500.4569	0.41	0.7	1
45898.194299999996	0.54	0.4	1
46297.5384	0.4	0.6	1
46698.7559	0.39	0.7	1
47101.3134	0.55	0.5	1
47505.7443	0.37	0.7	1
47911.5152	0.44	0.5	1
48319.1595	0.41	0.7	1
48728.4105	0.43	0.6	1
49139.2682	0.42	0.6	1
49551.999299999996	0.44	0.7	1
49966.6038	0.41	0.7	1
50383.081699999995	0.36	0.7	1
50801.433	0.4	0.7	1
51221.657699999996	0.4	0.7	1
51643.4891	0.42	0.6	1
52067.1939	0.36	0.7	1
52492.7721	0.41	0.7	1
52920.2237	0.32	0.7	1
53348.748700000004	0.57	0.4	1
53778.8804	0.38	0.6	1
54210.618800000004	0.41	0.6	1
54643.9639	0.38	0.6	1
55078.915700000005	0.41	0.6	1
55515.740900000004	0.41	0.7	1
55953.639500000005	0.48	0.4	1
56393.4115	0.32	0.7	1
56835.0569	0.41	0.7	1
57278.5757	0.42	0.7	1
57723.7012	0.43	0.6	1
58170.7001	0.42	0.7	1
58619.305700000004	0.42	0.6	1
59069.784700000004	0.45	0.7	1
59522.13710000001	0.36	0.7	1
59976.09620000001	0.37	0.6	1
60432.19530000001	0.36	0.8	1
60890.434400000006	0.39	0.8	1
61350.01350000001	0.5	0.5	1
61811.46600000001	0.37	0.7	1
62274.79190000001	0.36	0.7	1
62739.45780000001	0.48	0.5	1
63205.99710000001	0.38	0.7	1
63674.40980000001	0.36	0.7	1
64144.695900000006	0.37	0.7	1
64616.85540000001	0.38	0.7	1
65090.888300000006	0.39	0.7	1
65566.79460000001	0.41	0.7	1
66044.57430000001	0.4	0.7	1
66524.2274	0.43	0.7	1
67005.4872	0.42	0.6	1
67488.3537	0.42	0.6	1
67973.09360000001	0.36	0.7	1
68459.7069	0.37	0.7	1
68948.1936	0.36	0.7	1
69438.287	0.46	0.6	1
69930.25379999999	0.39	0.7	1
70423.5606	0.42	0.5	1
70918.7408	0.4	0.7	1
71415.7944	0.39	0.7	1
71913.92139999999	0.47	0.4	1
72413.3884	0.47	0.5	1
72914.7288	0.37	0.7	1
73418.47589999999	0.33	0.9	1
73924.0964	0.38	0.7	1
74430.7903	0.56	0.4	1
74939.35759999999	0.41	0.7	1
75449.06489999998	0.36	0.8	1
75959.57889999998	0.72	0.3	1
76472.49959999998	0.38	0.9	1
76987.56029999998	0.36	0.8	1
77504.22769999999	0.45	0.6	1
78022.50179999998	0.38	0.6	1
78542.64929999999	0.46	0.7	1
79064.9368	0.39	0.8	1
79589.3643	0.39	0.8	1
80115.3985	0.4	0.6	1
80643.0394	0.38	0.6	1
81172.55369999999	0.39	0.7	1
81703.9414	0.44	0.7	1
82236.93579999999	0.4	0.6	1
82771.53689999999	0.42	0.6	1
83308.01139999999	0.42	0.7	1
83846.62589999998	0.34	0.8	1
84387.11379999998	0.39	0.7	1
84929.47509999998	0.39	0.7	1
85473.70979999998	0.43	0.7	1
86019.55119999999	0.42	0.6	1
86567.26599999999	0.39	0.7	1
87116.5875	0.39	0.6	1
87668.049	0.39	0.8	1
88221.3839	0.4	0.7	1
88776.8588	0.37	0.8	1
89334.2071	0.38	0.7	1
89893.4288	0.34	0.7	1
90453.7239	0.51	0.4	1
91016.159	0.4	0.8	1
91579.6675	0.57	0.4	1
92145.04939999999	0.45	0.7	1
92712.3047	0.41	0.7	1
93281.4334	0.35	0.7	1
93853.2355	0.27	1.0	1
94426.6443	0.41	0.6	1
95001.9265	0.46	0.7	1
95579.0821	0.4	0.7	1
96158.3777	0.38	0.8	1
96739.54669999999	0.42	0.7	1
97322.5891	0.4	0.7	1
97907.5049	0.42	0.7	1
98494.5607	0.35	0.8	1
99083.22320000001	0.42	0.6	1
99673.4924	0.41	0.6	1
100265.63500000001	0.42	0.7	1
100859.11760000001	0.46	0.5	1
101454.47360000001	0.4	0.7	1
102051.70300000001	0.39	0.7	1
102650.53910000001	0.43	0.6	1
103250.98190000001	0.4	0.6	1
103853.0314	0.52	0.6	1
104457.2209	0.4	0.8	1
105062.2171	0.86	0.3	1
105668.81999999999	0.36	0.6	1
106277.29629999999	0.41	0.7	1
106887.646	0.51	0.7	1
107500.6691	0.32	1.0	1
108115.5656	0.41	0.7	1
108732.06880000001	0.45	0.6	1
109350.71200000001	0.39	0.8	1
109970.96190000001	0.4	0.6	1
110593.08520000002	0.38	0.7	1
111216.54850000002	0.48	0.5	1
111841.35180000002	0.56	0.5	1
112467.76180000002	0.4	0.6	1
113095.51180000002	0.48	0.5	1
113725.13520000002	0.41	0.7	1
114356.36530000002	0.49	0.6	1
114989.46880000002	0.43	0.7	1
115624.71230000001	0.32	0.8	1
116261.02920000002	0.6	0.4	1
116898.95280000001	0.43	0.6	1
117538.74980000002	0.42	0.7	1
118180.42020000002	0.41	0.7	1
