2.1333	0.34	0.8	1
6.1333	0.38	0.7	1
12.0	0.39	0.7	1
19.2	0.52	0.5	1
28.2667	0.38	0.7	1
39.2001	0.43	0.7	1
51.4668	0.47	0.5	1
65.3335	0.55	0.6	1
81.0669	0.41	0.7	1
98.4003	0.42	0.6	1
117.60040000000001	0.41	0.7	1
138.40050000000002	0.45	0.6	1
160.26730000000003	0.67	0.4	1
184.00080000000003	0.33	0.7	1
209.33430000000004	0.44	0.6	1
236.53450000000004	0.38	0.7	1
266.1347	0.29	0.9	1
297.6016	0.39	0.7	1
330.40180000000004	0.46	0.5	1
365.06870000000004	0.39	0.7	1
401.6023	0.39	0.7	1
440.00260000000003	0.36	0.7	1
480.2696	0.4	0.7	1
522.4033000000001	0.37	0.7	1
566.4037000000001	0.37	0.7	1
612.0041000000001	0.47	0.6	1
659.4712000000001	0.31	0.7	1
708.5383	0.4	0.6	1
758.6721	0.44	0.4	1
810.4059	0.45	0.6	1
863.7397	0.41	0.6	1
918.6735	0.32	0.6	1
975.4739999999999	0.35	0.7	1
1034.1412	0.4	0.7	1
1094.4084	0.38	0.6	1
1156.2756	0.37	0.6	1
1220.0095	0.43	0.7	1
1285.6100999999999	0.41	0.7	1
1352.8106999999998	0.43	0.6	1
1421.8779999999997	0.38	0.7	1
1492.8119999999997	0.36	0.7	1
1565.6126999999997	0.4	0.7	1
1640.2800999999997	0.42	0.7	1
1716.2807999999998	0.44	0.5	1
1794.1481999999999	0.43	0.7	1
1873.8822999999998	0.39	0.7	1
1955.4830999999997	0.39	0.7	1
2038.9505999999997	0.35	0.7	1
2123.4847999999997	0.56	0.4	1
2209.6189999999997	0.39	0.6	1
2297.3531999999996	0.44	0.6	1
2386.4206999999997	0.43	0.5	1
2477.3549	0.42	0.7	1
2569.8891	0.39	0.6	1
2664.0233	0.48	0.6	1
2760.0242	0.36	0.7	1
2857.8918	0.4	0.7	1
2957.0926999999997	0.55	0.5	1
3057.8936	0.42	0.6	1
3160.5612	0.42	0.7	1
3264.8288000000002	0.44	0.6	1
3370.1631	0.44	0.4	1
3477.0974	0.43	0.6	1
3585.6317	0.45	0.6	1
3696.0326999999997	0.42	0.7	1
3808.0337	0.38	0.6	1
3921.9013999999997	0.4	0.7	1
4037.6357999999996	0.38	0.7	1
4154.7035	0.38	0.5	1
4273.6379	0.43	0.7	1
4394.438999999999	0.4	0.7	1
4517.1068	0.36	0.7	1
4640.641299999999	0.34	0.7	1
4765.775799999999	0.43	0.6	1
4892.776999999999	0.4	0.7	1
5021.644899999999	0.34	0.7	1
5152.379499999999	0.32	0.7	1
5284.447399999999	0.39	0.5	1
5418.381999999999	0.4	0.7	1
5554.183299999999	0.39	0.7	1
5691.851299999998	0.39	0.7	1
5831.1192999999985	0.5	0.6	1
5973.587299999998	0.27	1.2	1
6117.388599999998	0.43	0.5	1
6262.789899999998	0.48	0.6	1
6409.791199999998	0.43	0.6	1
6558.659199999998	0.41	0.7	1
6708.860499999998	0.53	0.5	1
6860.661799999998	0.39	0.6	1
7014.329799999998	0.44	0.7	1
7169.864499999998	0.38	0.7	1
7326.732499999998	0.44	0.5	1
7485.467199999998	0.33	0.7	1
7645.801899999999	0.47	0.6	1
7808.0032999999985	0.41	0.7	1
7972.071399999999	0.48	0.7	1
8137.472799999999	0.51	0.5	1
8304.474199999999	0.38	0.6	1
8473.342299999998	0.4	0.7	1
8643.810399999998	0.42	0.6	1
8815.878499999999	0.42	0.6	1
8989.5466	0.44	0.6	1
9164.547999999999	0.42	0.5	1
9341.416099999999	0.36	0.7	1
9519.884199999999	0.48	0.6	1
9700.219	0.38	0.7	1
9882.420499999998	0.34	0.7	1
10066.488699999998	0.38	0.7	1
10251.623599999997	0.5	0.4	1
10438.625199999997	0.39	0.7	1
10627.493499999997	0.4	0.7	1
10817.428499999996	0.39	0.4	1
11009.763499999995	0.34	0.9	1
11203.965199999995	0.35	0.7	1
11400.033599999995	0.33	0.7	1
11597.701999999996	0.43	0.6	1
11796.970399999997	0.43	0.6	1
11997.838799999996	0.41	0.6	1
12200.573899999996	0.42	0.7	1
12405.175699999996	0.44	0.7	1
12611.377499999997	0.39	0.6	1
12819.445999999996	0.4	0.7	1
13028.847799999996	0.42	0.5	1
13240.116299999996	0.35	0.7	1
13452.984799999997	0.46	0.6	1
13667.719999999996	0.43	0.7	1
13884.321899999995	0.43	0.7	1
14102.523799999995	0.47	0.6	1
14322.592399999996	0.37	0.7	1
14543.994299999997	0.4	0.5	1
14767.262899999996	0.4	0.7	1
14992.131499999996	0.42	0.6	1
15218.866799999996	0.43	0.7	1
15447.202099999997	0.39	0.6	1
15677.404099999996	0.33	0.7	1
15909.472799999996	0.4	0.7	1
16143.141499999996	0.44	0.6	1
16378.676899999997	0.35	0.7	1
16616.078999999998	0.37	0.7	1
16855.3478	0.4	0.7	1
17096.4833	0.4	0.7	1
17338.6855	0.57	0.4	1
17582.487699999998	0.47	0.6	1
17827.8899	0.4	0.6	1
18075.158799999997	0.36	0.7	1
18324.2944	0.38	0.7	1
18575.2967	0.37	0.7	1
18828.165699999998	0.37	0.7	1
19082.9014	0.4	0.7	1
19339.2371	0.51	0.6	1
19597.1728	0.44	0.6	1
19856.9752	0.36	0.7	1
20118.3776	0.42	0.6	1
20381.6467	0.34	0.7	1
20646.7825	0.36	0.7	1
20912.5183	0.4	0.6	1
21180.1208	0.39	0.7	1
21449.59	0.38	0.7	1
21720.659200000002	0.41	0.6	1
21993.061700000002	0.54	0.5	1
22267.0642	0.45	0.6	1
22542.9334	0.43	0.7	1
22820.4026	0.42	0.6	1
23100.538500000002	0.34	1.0	1
23382.274400000002	0.38	0.6	1
23666.143600000003	0.41	0.8	1
23951.879500000003	0.4	0.7	1
24240.015400000004	0.34	0.9	1
24530.284600000003	0.34	0.8	1
24822.953800000003	0.32	0.9	1
25117.489700000002	0.36	0.7	1
25413.892300000003	0.41	0.7	1
25712.161600000003	0.39	0.7	1
26012.0309	0.42	0.6	1
26313.500200000002	0.41	0.6	1
26617.1028	0.34	0.8	1
26922.3054	0.37	0.6	1
27229.908	0.35	0.9	1
27539.3773	0.34	0.7	1
27850.4466	0.4	0.6	1
28163.3826	0.41	0.7	1
28478.1853	0.39	0.7	1
28794.588	0.41	0.6	1
29112.8574	0.47	0.7	1
29432.9935	0.39	0.7	1
29754.9963	0.37	0.7	1
30078.3324	0.54	0.5	1
30403.5352	0.39	0.7	1
30730.6047	0.38	0.7	1
31059.2742	0.38	0.6	1
31389.8104	0.3	0.7	1
31723.0133	0.34	1.0	1
32058.3495	0.3	0.8	1
32394.7524	0.6	0.4	1
32732.7553	0.35	0.6	1
33072.0915	0.49	0.5	1
33412.761000000006	0.49	0.5	1
33755.03050000001	0.35	0.6	1
34098.90000000001	0.39	0.6	1
34443.836200000005	0.44	0.4	1
34790.10570000001	0.44	0.5	1
35138.24190000001	0.38	0.7	1
35487.97810000001	0.4	0.6	1
35839.581000000006	0.38	0.7	1
36193.0506	0.42	0.7	1
36548.386900000005	0.43	0.7	1
36905.589900000006	0.34	0.7	1
37264.392900000006	0.4	0.6	1
37625.062600000005	0.41	0.7	1
37986.799000000006	0.57	0.4	1
38350.13540000001	0.43	0.6	1
38715.338500000005	0.41	0.7	1
39082.4083	0.38	0.7	1
39451.078100000006	0.45	0.6	1
39821.61460000001	0.35	0.7	1
40194.01780000001	0.36	0.7	1
40567.75430000001	0.49	0.5	1
40943.357500000006	0.36	0.7	1
41320.8274	0.41	0.7	1
41700.164000000004	0.43	0.7	1
42081.367300000005	0.42	0.7	1
42464.170600000005	0.44	0.6	1
42848.04060000001	0.56	0.4	1
43233.77730000001	0.39	0.7	1
43621.38070000001	0.4	0.7	1
44010.85080000001	0.38	0.7	1
44401.920900000005	0.41	0.6	1
44794.85770000001	0.41	0.7	1
45189.12780000001	0.51	0.5	1
45585.26460000001	0.38	0.7	1
45982.26810000001	0.39	0.7	1
46380.871600000006	0.37	0.6	1
46781.34180000001	0.37	0.7	1
47183.67870000001	0.39	0.7	1
47587.61560000001	0.43	0.6	1
47993.41920000001	0.36	0.7	1
48401.08950000001	0.38	0.7	1
48810.626500000006	0.37	0.7	1
49222.03020000001	0.42	0.7	1
49635.30060000001	0.37	0.7	1
50050.43770000001	0.38	0.7	1
50467.44150000001	0.33	0.7	1
50886.312000000005	0.35	0.7	1
51306.78250000001	0.42	0.6	1
51729.11970000001	0.41	0.7	1
52152.79020000001	0.55	0.5	1
52578.32740000001	0.44	0.7	1
53006.26460000001	0.34	0.9	1
53435.53510000001	0.43	0.5	1
53866.672300000006	0.39	0.7	1
54299.942800000004	0.36	0.8	1
54735.08	0.4	0.7	1
55172.083900000005	0.4	0.7	1
55610.68780000001	0.39	0.6	1
56051.15840000001	0.42	0.7	1
56493.22900000001	0.4	0.6	1
56936.899600000004	0.43	0.6	1
57382.7035	0.34	0.8	1
57830.1074	0.44	0.6	1
58279.378000000004	0.39	0.7	1
58730.248600000006	0.43	0.6	1
59182.45250000001	0.5	0.5	1
59636.78970000001	0.37	0.8	1
60092.99360000001	0.35	0.7	1
60551.06420000001	0.41	0.7	1
61010.734800000006	0.46	0.6	1
61472.2721	0.4	0.7	1
61934.8761	0.52	0.4	1
62399.0801	0.45	0.6	1
62865.150799999996	0.42	0.7	1
63333.0882	0.37	0.7	1
63802.0923	0.53	0.4	1
64272.96309999999	0.41	0.7	1
64745.7006	0.38	0.7	1
65220.3048	0.39	0.7	1
65696.2423	0.42	0.5	1
66174.0465	0.4	0.7	1
66653.984	0.35	0.8	1
67135.2548	0.54	0.5	1
67618.1256	0.42	0.6	1
68102.8631	0.46	0.7	1
68589.2006	0.48	0.6	1
69077.40479999999	0.39	0.7	1
69567.4757	0.39	0.7	1
70059.4133	0.44	0.7	1
70553.2176	0.38	0.7	1
71048.6219	0.4	0.6	1
71545.6262	0.41	0.6	1
72044.4972	0.42	0.7	1
72545.2349	0.39	0.7	1
73047.83929999999	0.42	0.7	1
73551.5104	0.58	0.4	1
74057.0482	0.41	0.7	1
74563.6527	0.56	0.4	1
75071.85720000001	0.38	0.6	1
75581.92840000002	0.41	0.7	1
76093.33290000002	0.56	0.5	1
76606.60410000003	0.41	0.7	1
77122.00860000003	0.35	0.8	1
77639.27980000003	0.38	0.7	1
78158.41770000003	0.37	0.7	1
78679.42230000003	0.38	0.7	1
79201.76020000003	0.49	0.5	1
79724.96480000003	0.37	0.7	1
80249.23610000002	0.55	0.4	1
80774.57410000003	0.65	0.4	1
81301.51210000002	0.43	0.6	1
81830.05010000002	0.44	0.6	1
82360.45480000002	0.35	0.7	1
82892.45950000003	0.45	0.6	1
83426.06420000002	0.43	0.6	1
83961.26890000002	0.4	0.6	1
84498.07360000002	0.46	0.6	1
85036.74500000002	0.45	0.7	1
85577.28310000003	0.41	0.7	1
86119.68790000003	0.38	0.7	1
86663.95940000004	0.43	0.7	1
87210.09760000004	0.36	0.7	1
87758.10250000004	0.42	0.7	1
88308.77410000004	0.3	1.0	1
88861.31240000004	0.44	0.7	1
89415.71740000004	0.42	0.7	1
89972.52240000003	0.34	0.9	1
90530.92740000003	0.44	0.6	1
91090.93240000003	0.49	0.6	1
91652.53740000003	0.43	0.6	1
92216.00910000002	0.39	0.7	1
92780.81410000002	0.56	0.5	1
93347.21910000002	0.43	0.6	1
93915.22410000002	0.49	0.6	1
94484.82910000002	0.5	0.6	1
95056.30080000001	0.41	0.7	1
95629.6392	0.39	0.7	1
96204.84430000001	0.37	0.7	1
96781.64940000001	0.36	0.6	1
97360.05450000001	0.45	0.6	1
97939.52630000001	0.52	0.4	1
98520.33140000001	0.46	0.5	1
99102.73650000001	0.44	0.6	1
99687.00830000002	0.29	0.7	1
100272.61340000002	0.55	0.5	1
100859.81850000002	0.42	0.6	1
101448.89030000003	0.38	0.7	1
102040.09540000003	0.34	0.8	1
102633.16720000004	0.38	0.7	1
103228.63900000004	0.32	0.9	1
103826.24410000004	0.38	0.8	1
104425.44920000005	0.44	0.6	1
105025.72100000005	0.51	0.4	1
105627.85950000005	0.38	0.7	1
106231.59800000006	0.42	0.6	1
106836.40320000006	0.67	0.4	1
107443.07510000006	0.4	0.7	1
108051.61370000006	0.4	0.7	1
108661.48560000006	0.55	0.5	1
109273.22420000006	0.41	0.7	1
109886.82950000005	0.41	0.7	1
110501.76810000004	0.65	0.5	1
111118.30670000004	0.53	0.6	1
111736.44530000005	0.38	0.6	1
112355.91720000005	0.47	0.5	1
112977.25580000006	0.41	0.7	1
113600.46110000006	0.34	0.7	1
114225.26640000005	0.49	0.6	1
114851.13840000005	0.53	0.4	1
115479.67710000006	0.36	1.0	1
116109.54910000006	0.53	0.5	1
116741.28780000006	0.42	0.7	1
117374.89320000006	0.44	0.7	1
118010.36530000006	0.39	0.7	1
118647.17070000006	0.51	0.5	1
119285.57610000006	0.41	0.6	1
119925.84820000007	0.36	0.7	1
120567.18700000006	0.51	0.4	1
121210.39250000006	0.41	0.7	1
121855.19800000006	0.42	0.6	1
122501.60350000006	0.44	0.6	1
123149.60900000005	0.39	0.6	1
123799.74780000006	0.31	0.8	1
124451.21990000005	0.53	0.5	1
