1.575	0.32	0.7	1
4.5	0.45	0.6	1
9.0	0.39	0.7	1
15.075	0.37	0.7	1
22.275	0.47	0.5	1
31.049999999999997	0.46	0.7	1
41.4	0.39	0.7	1
53.324999999999996	0.39	0.7	1
66.14999999999999	0.55	0.4	1
81.225	0.3	1.0	1
97.875	0.41	0.7	1
116.1	0.38	0.7	1
135.9	0.38	0.7	1
157.275	0.4	0.7	1
179.775	0.49	0.5	1
203.85	0.43	0.7	1
229.5	0.42	0.7	1
256.5	0.36	0.6	1
285.075	0.39	0.7	1
315.22499999999997	0.38	0.7	1
346.95	0.39	0.7	1
380.25	0.37	0.7	1
415.125	0.36	0.7	1
451.575	0.4	0.7	1
489.6	0.42	0.7	1
529.2	0.4	0.7	1
570.375	0.38	0.7	1
613.125	0.4	0.7	1
657.45	0.35	0.7	1
703.35	0.46	0.7	1
750.825	0.37	0.7	1
799.6500000000001	0.44	0.6	1
850.0500000000001	0.37	0.7	1
902.0250000000001	0.37	0.7	1
955.575	0.32	0.7	1
1010.475	0.43	0.6	1
1066.5	0.39	0.5	1
1123.875	0.39	0.6	1
1182.825	0.44	0.7	1
1243.3500000000001	0.39	0.7	1
1305.0000000000002	0.48	0.5	1
1368.0000000000002	0.4	0.6	1
1432.3500000000001	0.39	0.6	1
1497.825	0.59	0.5	1
1564.425	0.59	0.5	1
1632.6	0.37	0.7	1
1702.35	0.4	0.7	1
1773.4499999999998	0.39	0.6	1
1844.8999999999999	0.46	0.6	1
1917.6999999999998	0.44	0.6	1
1992.0749999999998	0.4	0.7	1
2067.575	0.51	0.5	1
2144.4249999999997	0.48	0.6	1
2222.85	0.43	0.7	1
2302.85	0.36	0.7	1
2384.4249999999997	0.44	0.7	1
2467.35	0.39	0.6	1
2551.4	0.59	0.5	1
2637.025	0.35	0.7	1
2724.4500000000003	0.37	0.8	1
2813.4500000000003	0.42	0.7	1
2904.025	0.4	0.7	1
2996.175	0.38	0.7	1
3089.9	0.37	0.7	1
3185.2000000000003	0.41	0.7	1
3281.6250000000005	0.44	0.5	1
3379.6250000000005	0.38	0.7	1
3479.2000000000003	0.42	0.7	1
3580.1250000000005	0.41	0.6	1
3682.6250000000005	0.37	0.7	1
3786.4750000000004	0.42	0.6	1
3891.9000000000005	0.42	0.7	1
3998.6750000000006	0.43	0.6	1
4107.025000000001	0.36	0.7	1
4216.725	0.38	0.6	1
4328.0	0.36	0.7	1
4440.85	0.4	0.7	1
4555.275000000001	0.4	0.7	1
4671.275000000001	0.4	0.7	1
4789.075000000001	0.32	0.8	1
4908.450000000001	0.38	0.7	1
5029.400000000001	0.37	0.7	1
5151.475	0.5	0.5	1
5274.900000000001	0.37	0.6	1
5399.675	0.38	0.6	1
5525.575	0.49	0.5	1
5652.825	0.49	0.6	1
5781.65	0.37	0.7	1
5911.825	0.41	0.6	1
6043.575	0.36	0.7	1
6176.9	0.36	0.7	1
6311.799999999999	0.42	0.7	1
6448.049999999999	0.4	0.6	1
6585.65	0.41	0.6	1
6724.375	0.49	0.5	1
6864.675	0.44	0.7	1
7006.55	0.33	0.7	1
7149.775000000001	0.45	0.6	1
7294.575000000001	0.41	0.7	1
7440.950000000001	0.37	0.7	1
7588.675000000001	0.38	0.6	1
7737.975000000001	0.4	0.7	1
7888.4000000000015	0.61	0.5	1
8039.950000000002	0.55	0.5	1
8192.850000000002	0.46	0.6	1
8347.100000000002	0.43	0.6	1
8502.250000000002	0.63	0.4	1
8658.750000000002	0.46	0.6	1
8816.600000000002	0.39	0.6	1
8976.025000000001	0.4	0.7	1
9136.800000000001	0.38	0.6	1
9299.150000000001	0.37	0.7	1
9463.075	0.38	0.7	1
9628.575	0.35	0.7	1
9795.425000000001	0.37	0.6	1
9962.625000000002	0.43	0.6	1
10131.175000000001	0.42	0.6	1
10301.525000000001	0.38	0.8	1
10473.225000000002	0.44	0.6	1
10646.050000000003	0.57	0.5	1
10820.450000000003	0.39	0.7	1
10996.650000000003	0.33	0.8	1
11174.875000000004	0.34	0.9	1
11354.000000000004	0.5	0.4	1
11534.700000000004	0.42	0.7	1
11716.750000000004	0.37	0.6	1
11900.375000000004	0.42	0.7	1
12085.350000000004	0.39	0.6	1
12272.350000000004	0.32	0.9	1
12461.150000000003	0.37	0.8	1
12651.525000000003	0.42	0.7	1
12843.250000000004	0.47	0.6	1
13036.550000000003	0.44	0.7	1
13231.425000000003	0.36	0.7	1
13427.875000000004	0.42	0.7	1
13625.675000000003	0.45	0.6	1
13824.375000000004	0.49	0.4	1
14024.650000000003	0.34	0.7	1
14226.275000000003	0.42	0.6	1
14429.025000000003	0.46	0.5	1
14632.900000000003	0.47	0.5	1
14838.350000000004	0.39	0.7	1
15045.375000000004	0.39	0.7	1
15253.750000000004	0.39	0.6	1
15463.700000000004	0.43	0.7	1
15675.225000000004	0.39	0.7	1
15888.325000000004	0.35	0.7	1
16103.000000000004	0.36	0.7	1
16319.025000000003	0.36	0.6	1
16537.300000000003	0.34	1.0	1
16756.925000000003	0.44	0.6	1
16978.350000000002	0.36	0.8	1
17201.800000000003	0.34	0.9	1
17426.600000000002	0.39	0.6	1
17652.975000000002	0.41	0.7	1
17880.250000000004	0.53	0.4	1
18109.100000000002	0.36	0.7	1
18339.525	0.42	0.7	1
18571.300000000003	0.46	0.6	1
18804.65	0.38	0.7	1
19039.800000000003	0.33	0.8	1
19276.525	0.41	0.7	1
19515.050000000003	0.36	0.8	1
19755.15	0.34	0.7	1
19996.600000000002	0.44	0.6	1
20239.4	0.43	0.6	1
20483.550000000003	0.46	0.6	1
20730.4	0.26	1.2	1
20978.600000000002	0.36	0.6	1
21228.15	0.51	0.6	1
21479.050000000003	0.47	0.6	1
21731.300000000003	0.38	0.6	1
21985.125000000004	0.38	0.7	1
22239.850000000002	0.57	0.4	1
22496.15	0.4	0.7	1
22753.575	0.46	0.5	1
23012.575	0.4	0.7	1
23273.15	0.39	0.7	1
23535.075	0.42	0.6	1
23798.350000000002	0.44	0.6	1
24062.975000000002	0.43	0.6	1
24328.95	0.41	0.6	1
24596.275	0.37	0.6	1
24864.175000000003	0.4	0.7	1
25133.65	0.39	0.7	1
25404.7	0.39	0.7	1
25677.100000000002	0.45	0.6	1
25951.075	0.4	0.7	1
26226.625	0.42	0.7	1
26503.75	0.45	0.7	1
26782.225	0.45	0.6	1
27062.274999999998	0.4	0.7	1
27343.225	0.51	0.4	1
27625.3	0.45	0.5	1
27908.95	0.39	0.7	1
28194.175	0.39	0.7	1
28480.75	0.41	0.6	1
28768.9	0.33	0.7	1
29058.625	0.41	0.7	1
29349.7	0.4	0.6	1
29642.350000000002	0.44	0.7	1
29936.350000000002	0.42	0.6	1
30231.925000000003	0.4	0.7	1
30529.300000000003	0.32	0.8	1
30828.250000000004	0.41	0.7	1
31128.550000000003	0.38	0.6	1
31429.750000000004	0.53	0.4	1
31732.525000000005	0.36	0.7	1
32036.650000000005	0.38	0.6	1
32342.125000000004	0.47	0.6	1
32649.175000000003	0.38	0.7	1
32958.025	0.4	0.8	1
33268.225	0.4	0.6	1
33580.0	0.36	0.7	1
33893.125	0.45	0.6	1
34207.825	0.42	0.7	1
34524.1	0.39	0.7	1
34841.725	0.51	0.6	1
35161.6	0.34	1.0	1
35482.375	0.58	0.4	1
35804.725	0.4	0.7	1
36129.549999999996	0.32	1.1	1
36456.62499999999	0.33	1.0	1
36785.274999999994	0.41	0.7	1
37115.274999999994	0.44	0.6	1
37446.84999999999	0.4	0.7	1
37779.774999999994	0.46	0.6	1
38113.59999999999	0.62	0.4	1
38448.99999999999	0.38	0.7	1
38785.97499999999	0.42	0.7	1
39124.524999999994	0.37	0.7	1
39464.424999999996	0.39	0.6	1
39805.674999999996	0.53	0.6	1
40148.49999999999	0.4	0.7	1
40492.674999999996	0.49	0.6	1
40838.424999999996	0.33	0.7	1
41185.74999999999	0.41	0.7	1
41534.424999999996	0.39	0.6	1
41884.45	0.44	0.6	1
42235.825	0.39	0.6	1
42588.549999999996	0.44	0.6	1
42942.85	0.33	0.7	1
43298.725	0.35	0.7	1
43656.174999999996	0.42	0.7	1
44015.2	0.39	0.7	1
44376.024999999994	0.34	0.8	1
44738.87499999999	0.38	0.9	1
45103.07499999999	0.4	0.6	1
45468.84999999999	0.4	0.7	1
45836.19999999999	0.4	0.7	1
46205.12499999999	0.42	0.7	1
46574.94999999999	0.52	0.4	1
46946.12499999999	0.43	0.6	1
47318.649999999994	0.45	0.6	1
47691.97499999999	0.31	0.8	1
48067.09999999999	0.35	0.8	1
48443.79999999999	0.36	0.7	1
48821.84999999999	0.44	0.6	1
49201.69999999999	0.34	0.8	1
49582.89999999999	0.38	0.6	1
49965.67499999999	0.37	0.7	1
50349.79999999999	0.4	0.6	1
50735.499999999985	0.36	0.7	1
51122.099999999984	0.62	0.4	1
51510.94999999998	0.29	1.0	1
51901.374999999985	0.41	0.7	1
52293.14999999999	0.41	0.6	1
52686.27499999999	0.43	0.6	1
53081.19999999999	0.33	0.8	1
53477.47499999999	0.44	0.6	1
53875.09999999999	0.41	0.6	1
54274.29999999999	0.43	0.7	1
54675.07499999999	0.39	0.7	1
55077.19999999999	0.46	0.6	1
55482.02499999999	0.27	1.2	1
55888.64999999999	0.37	0.8	1
56296.39999999999	0.47	0.5	1
56705.724999999984	0.36	0.7	1
57116.849999999984	0.36	0.8	1
57529.54999999998	0.43	0.7	1
57943.82499999998	0.39	0.7	1
58359.67499999998	0.38	0.7	1
58777.099999999984	0.48	0.7	1
59195.64999999999	0.4	0.5	1
59615.999999999985	0.4	0.8	1
60037.92499999999	0.35	0.7	1
60461.42499999999	0.43	0.7	1
60886.499999999985	0.38	0.7	1
61313.14999999999	0.4	0.7	1
61741.374999999985	0.39	0.7	1
62171.17499999999	0.4	0.7	1
62602.54999999999	0.41	0.7	1
63035.499999999985	0.38	0.7	1
63469.57499999998	0.47	0.5	1
63904.77499999998	0.46	0.5	1
64341.54999999998	0.35	0.7	1
64780.12499999998	0.39	0.8	1
65220.49999999998	0.41	0.8	1
65661.99999999997	0.5	0.5	1
66105.07499999997	0.34	0.7	1
66549.49999999997	0.37	0.6	1
66995.04999999997	0.56	0.5	1
67441.94999999997	0.45	0.6	1
67890.64999999997	0.33	0.8	1
68340.92499999996	0.44	0.7	1
68792.32499999995	0.47	0.5	1
69245.29999999996	0.4	0.7	1
69699.62499999996	0.41	0.6	1
70155.29999999996	0.33	0.6	1
