0.9975	0.38	0.7	1
2.8508	0.43	0.6	1
5.7016	0.41	0.7	1
9.6915	0.34	0.8	1
14.678899999999999	0.37	0.7	1
20.9471	0.34	0.9	1
28.212799999999998	0.4	0.7	1
36.1926	0.59	0.5	1
45.453199999999995	0.35	0.9	1
55.711299999999994	0.4	0.7	1
67.53349999999999	0.28	1.1	1
80.35319999999999	0.36	0.7	1
94.45369999999998	0.39	0.9	1
109.40999999999998	0.42	0.6	1
125.22209999999998	0.42	0.6	1
142.17329999999998	0.37	0.8	1
160.2636	0.31	0.8	1
179.7764	0.28	1.0	1
200.2867	0.38	0.7	1
221.7945	0.41	0.7	1
244.2998	0.37	0.7	1
268.0859	0.35	0.9	1
293.0111	0.34	0.8	1
319.0754	0.32	0.8	1
346.1372	0.4	0.7	1
374.1965	0.39	0.7	1
403.2533	0.42	0.7	1
432.8826	0.61	0.4	1
463.3677	0.41	0.6	1
494.7086	0.45	0.6	1
527.1886	0.33	0.8	1
560.8077	0.33	0.8	1
595.5658999999999	0.32	0.8	1
631.6048999999999	0.33	0.9	1
668.358	0.43	0.5	1
706.2502	0.36	0.8	1
745.1398999999999	0.35	0.7	1
785.5936999999999	0.31	1.1	1
827.4699999999999	0.26	1.0	1
870.3437999999999	0.39	0.7	1
914.0733999999999	0.43	0.6	1
958.8004999999998	0.38	0.7	1
1004.5250999999998	0.4	0.7	1
1051.2471999999998	0.41	0.7	1
1099.2500999999997	0.36	0.9	1
1148.6754999999998	0.26	1.0	1
1199.5233999999998	0.3	1.0	1
1251.2270999999998	0.36	0.6	1
1304.0698999999997	0.36	0.8	1
1358.0517999999997	0.37	0.8	1
1413.3144999999997	0.36	0.9	1
1469.7162999999998	0.34	0.8	1
1527.2571999999998	0.34	0.8	1
1586.0788999999997	0.34	0.9	1
1645.8980999999997	0.38	0.7	1
1706.7147999999997	0.38	0.7	1
1768.5289999999998	0.3	0.7	1
1831.4822999999997	0.37	0.8	1
1895.2913999999996	0.39	0.6	1
1960.2395999999997	0.35	0.8	1
2026.7518999999998	0.28	1.1	1
2094.4033	0.33	0.8	1
2163.1938	0.38	0.8	1
2232.8401	0.42	0.6	1
2303.6255	0.32	0.8	1
2375.4084000000003	0.4	0.7	1
2447.0471000000002	0.5	0.6	1
2519.3999000000003	0.46	0.5	1
2592.4668	0.49	0.5	1
2666.2478	0.54	0.5	1
2741.3096	0.31	0.9	1
2817.5105	0.38	0.8	1
2894.2839	0.4	0.4	1
2972.0548	0.41	0.7	1
3051.1065	0.34	0.9	1
3131.1557	0.32	0.7	1
3211.919	0.47	0.5	1
3293.8214	0.35	0.8	1
3376.8628999999996	0.31	0.8	1
3460.7601999999997	0.5	0.6	1
3545.9383	0.36	0.9	1
3632.1139	0.42	0.7	1
3719.287	0.4	0.7	1
3807.4575999999997	0.4	0.7	1
3896.2007	0.53	0.4	1
3985.9413	0.41	0.7	1
4076.6794	0.4	0.7	1
4168.2733	0.39	0.6	1
4261.0063	0.37	0.8	1
4354.8784	0.38	0.8	1
4450.4563	0.28	1.2	1
4547.4567	0.31	1.0	1
4645.4546	0.36	0.7	1
4744.45	0.43	0.7	1
4844.3012	0.43	0.6	1
4945.0082	0.45	0.6	1
5046.571	0.44	0.6	1
5148.9896	0.46	0.6	1
5252.5473	0.34	0.8	1
5357.1025	0.4	0.7	1
5462.6552	0.39	0.7	1
5569.2054	0.37	0.7	1
5676.8947	0.33	0.8	1
5785.5815	0.39	0.7	1
5895.2658	0.4	0.7	1
6006.5142000000005	0.27	1.1	1
6118.7601	0.34	0.7	1
6232.145100000001	0.37	0.8	1
6346.3859	0.46	0.6	1
6461.4825	0.42	0.6	1
6577.5766	0.36	0.7	1
6694.6682	0.37	0.7	1
6812.7573	0.38	0.7	1
6932.2689	0.32	1.0	1
7052.778	0.31	0.7	1
7174.1429	0.49	0.6	1
7296.5053	0.36	0.7	1
7420.0068	0.38	0.8	1
7544.7891	0.35	0.9	1
7670.7105	0.36	0.8	1
7798.0544	0.32	1.0	1
7926.5374	0.38	0.8	1
8056.3012	0.29	0.9	1
8187.3458	0.36	0.9	1
8319.5295	0.34	0.8	1
8452.7107	0.35	0.7	1
8586.8894	0.39	0.7	1
8722.2072	0.38	0.8	1
8858.522500000001	0.38	0.7	1
8995.976900000001	0.36	0.8	1
9134.003800000002	0.61	0.4	1
9273.594800000003	0.3	1.1	1
9414.324900000003	0.37	0.8	1
9556.194100000002	0.39	0.8	1
9699.060800000003	0.44	0.7	1
9842.925000000003	0.42	0.7	1
9987.786700000002	0.35	0.7	1
10133.504200000003	0.47	0.6	1
10280.360800000002	0.39	0.8	1
10427.931500000002	0.49	0.5	1
10576.641300000003	0.39	0.8	1
10726.206900000003	0.45	0.6	1
10876.770000000002	0.36	0.7	1
11028.047200000003	0.5	0.5	1
11181.171900000003	0.26	1.3	1
11335.435700000004	0.37	0.8	1
11490.838600000003	0.38	0.8	1
11647.239000000003	0.39	0.7	1
11804.495200000003	0.44	0.6	1
11962.748900000002	0.42	0.7	1
12122.283400000002	0.3	0.9	1
12282.957000000002	0.35	0.8	1
12444.628100000002	0.38	0.7	1
12607.580000000002	0.34	0.9	1
12771.812700000002	0.37	0.9	1
12937.042900000002	0.4	0.7	1
13103.270600000002	0.37	0.7	1
13270.637400000001	0.37	0.8	1
13439.143300000002	0.35	0.8	1
13608.646700000001	0.33	0.7	1
13779.005900000002	0.44	0.6	1
13950.220900000002	0.44	0.6	1
14122.291700000002	0.37	0.6	1
14294.501600000001	0.32	0.8	1
14467.709	0.39	0.7	1
14642.1972	0.36	0.9	1
14817.8245	0.38	0.8	1
14994.732600000001	0.32	0.9	1
15172.638200000001	0.38	0.7	1
15351.824600000002	0.31	0.9	1
15532.2918	0.34	0.9	1
15713.756500000001	0.4	0.7	1
15896.785300000001	0.31	1.1	1
16081.236600000002	0.3	1.0	1
16266.685400000002	0.38	0.7	1
16453.2733	0.37	0.8	1
16640.717	0.4	0.6	1
16829.0165	0.39	0.6	1
17017.8885	0.51	0.4	1
17207.4746	0.5	0.5	1
17398.341500000002	0.3	0.9	1
17590.630900000004	0.33	1.0	1
17783.776100000003	0.43	0.6	1
17977.777100000003	0.42	0.6	1
18172.917200000004	0.35	0.8	1
18369.338100000004	0.39	0.9	1
18567.181500000006	0.3	1.0	1
18766.164000000004	0.36	0.8	1
18966.427300000003	0.36	0.9	1
19168.2547	0.29	1.1	1
19371.2212	0.35	0.8	1
19575.0435	0.44	0.6	1
19779.8633	0.42	0.7	1
19985.5389	0.37	0.6	1
20192.3536	0.36	0.8	1
20400.590799999998	0.33	1.0	1
20609.5421	0.45	0.5	1
20819.9159	0.33	1.0	1
21032.7038	0.24	1.7	1
21246.6308	0.36	0.8	1
21461.6969	0.35	0.8	1
21677.7605	0.41	0.7	1
21895.104900000002	0.33	0.9	1
22113.8718	0.32	1.0	1
22333.4945	0.41	0.6	1
22553.973	0.45	0.6	1
22775.449	0.4	0.7	1
22997.7808	0.39	0.6	1
23221.2517	0.38	0.8	1
23446.4284	0.27	1.2	1
23672.7442	0.35	0.8	1
23900.482500000002	0.31	1.0	1
24129.359900000003	0.36	0.8	1
24359.376400000005	0.36	0.8	1
24590.107000000004	0.54	0.5	1
24821.835100000004	0.35	0.7	1
25054.844000000005	0.33	0.9	1
25288.850400000003	0.38	0.7	1
25523.570900000002	0.47	0.5	1
25759.430500000002	0.41	0.8	1
25996.004200000003	0.39	0.5	1
26233.717000000004	0.29	0.8	1
26472.285600000003	0.33	0.6	1
26712.135000000002	0.35	0.9	1
26952.981900000002	0.37	0.7	1
27194.967900000003	0.4	0.8	1
27438.093000000004	0.35	0.8	1
27682.215600000003	0.34	0.7	1
27927.194000000003	0.49	0.6	1
28173.311500000003	0.48	0.8	1
28420.568100000004	0.36	0.8	1
28668.822200000002	0.36	0.7	1
28917.9321	0.5	0.6	1
29168.464500000002	0.36	1.0	1
29419.852700000003	0.42	0.6	1
29672.238400000002	0.41	0.7	1
29925.621600000002	0.38	0.7	1
30180.002300000004	0.4	0.7	1
30435.380500000003	0.33	0.7	1
30691.756200000003	0.38	0.7	1
30948.846000000005	0.6	0.5	1
31206.933300000004	0.36	0.7	1
31466.018100000005	0.34	0.7	1
31726.242000000006	0.35	0.8	1
31987.038400000005	0.55	0.4	1
32248.973900000005	0.41	0.8	1
32510.765200000005	0.36	0.6	1
32773.4123	0.49	0.6	1
33036.7735	0.48	0.5	1
33300.9905	0.41	0.6	1
33566.4883	0.32	0.9	1
33833.125199999995	0.39	0.8	1
34100.90119999999	0.3	0.8	1
34369.532999999996	0.4	0.6	1
34639.3039	0.36	0.8	1
34910.0723	0.41	0.7	1
35181.8382	0.42	0.7	1
35454.8849	0.32	0.9	1
35728.929099999994	0.41	0.7	1
36003.829099999995	0.44	0.6	1
36279.8682	0.35	0.8	1
36556.479799999994	0.47	0.4	1
36834.37219999999	0.35	0.9	1
37113.54539999999	0.31	0.9	1
37393.57439999999	0.44	0.6	1
37674.60089999999	0.43	0.7	1
37956.62489999999	0.41	0.7	1
38240.071399999986	0.33	1.0	1
38524.798699999985	0.36	0.9	1
38810.806799999984	0.35	0.9	1
39097.52899999998	0.46	0.5	1
39385.53199999998	0.36	0.9	1
39674.674099999975	0.39	0.8	1
39964.81369999998	0.38	0.7	1
40256.09239999998	0.37	0.8	1
40548.22689999998	0.46	0.6	1
40841.50049999998	0.34	0.8	1
41135.77159999998	0.44	0.7	1
41431.18179999998	0.38	0.8	1
41727.58949999998	0.43	0.7	1
42024.42799999998	0.68	0.3	1
42322.54729999998	0.33	0.9	1
42621.66409999998	0.35	0.7	1
42922.06169999998	0.28	0.9	1
43223.45679999998	0.34	0.7	1
43525.84939999998	0.37	0.7	1
43829.239499999974	0.4	0.7	1
44134.05209999997	0.35	1.0	1
44439.862199999974	0.4	0.7	1
44746.669799999974	0.43	0.7	1
45054.758199999975	0.35	0.9	1
45363.70239999997	0.4	0.6	1
45673.644099999976	0.39	0.7	1
45984.72489999998	0.35	0.8	1
46296.944799999976	0.34	0.8	1
46610.30379999997	0.39	0.8	1
46924.94359999997	0.34	0.9	1
47240.86419999997	0.3	0.9	1
47557.78229999997	0.39	0.7	1
47875.69789999997	0.46	0.7	1
48195.17759999997	0.31	1.1	1
48515.79639999997	0.36	0.8	1
48837.27099999997	0.37	0.6	1
49159.88469999997	0.37	0.8	1
49483.35419999997	0.42	0.6	1
49808.10449999997	0.33	0.9	1
50133.56889999997	0.45	0.5	1
50460.03079999997	0.35	0.7	1
50787.49019999997	0.39	0.7	1
51115.94709999997	0.36	0.7	1
51445.25979999997	0.4	0.6	1
51775.85329999997	0.36	0.9	1
52107.30259999997	0.47	0.6	1
52439.46599999997	0.49	0.5	1
52772.91019999997	0.28	0.9	1
53107.49349999997	0.36	0.8	1
53443.49929999997	0.33	1.0	1
53780.50259999996	0.39	0.7	1
54118.78669999996	0.34	0.9	1
54458.20989999996	0.41	0.8	1
54798.913899999956	0.37	0.9	1
55140.756999999954	0.33	0.8	1
55483.73919999995	0.4	0.8	1
55828.285499999954	0.29	1.1	1
56174.11259999996	0.35	0.9	1
56521.07879999996	0.41	0.8	1
56869.32579999996	0.37	0.9	1
57218.853599999966	0.34	0.9	1
57569.37889999997	0.43	0.7	1
57921.04329999997	0.35	0.8	1
58273.84679999997	0.39	0.8	1
58627.64779999997	0.41	0.7	1
58982.16289999997	0.43	0.5	1
59337.67549999997	0.37	0.7	1
59694.32719999997	0.35	0.8	1
60051.83469999997	0.38	0.6	1
60410.48129999997	0.36	0.8	1
60770.40869999997	0.34	0.9	1
61131.33359999997	0.39	0.7	1
61493.25599999997	0.39	0.7	1
61856.17589999997	0.42	0.7	1
62220.09329999997	0.36	0.7	1
62585.14979999997	0.37	0.8	1
62951.062099999974	0.52	0.6	1
63317.830199999975	0.39	0.6	1
63685.45409999997	0.41	0.6	1
64054.35879999997	0.33	0.9	1
64424.26099999997	0.39	0.7	1
64795.16069999997	0.4	0.7	1
65167.05789999997	0.4	0.7	1
65539.95259999998	0.46	0.7	1
65913.56139999998	0.5	0.5	1
66288.02599999998	0.49	0.6	1
66663.34639999998	0.47	0.6	1
67038.66429999997	0.45	0.7	1
67414.97969999998	0.38	0.7	1
67792.43419999999	0.37	0.8	1
68170.74449999999	0.39	0.6	1
68550.19389999998	0.39	0.8	1
68931.06579999998	0.32	1.0	1
69312.51019999998	0.54	0.4	1
69694.81039999997	0.41	0.6	1
70078.24969999997	0.34	0.8	1
70462.96979999998	0.35	0.9	1
70848.82899999998	0.37	0.8	1
71235.82729999999	0.36	0.8	1
71623.25639999998	0.8	0.3	1
72011.68299999999	0.4	0.7	1
72400.8237	0.53	0.5	1
72790.9619	0.39	0.7	1
73181.9559	0.37	0.6	1
73574.089	0.35	0.8	1
73966.79460000001	0.71	0.4	1
74360.4977	0.39	0.7	1
74754.7733	0.58	0.4	1
75149.9047	0.48	0.6	1
75546.0336	0.37	0.7	1
75942.735	0.54	0.4	1
76340.5755	0.36	0.8	1
76739.55510000001	0.39	0.8	1
77139.10720000001	0.59	0.4	1
77540.08180000001	0.34	1.0	1
77942.05390000001	0.35	0.7	1
78344.74010000001	0.43	0.5	1
78747.85710000001	0.47	0.3	1
79151.82990000001	0.43	0.6	1
79556.80020000001	0.42	0.7	1
79962.48460000001	0.34	0.5	1
80369.30810000001	0.4	0.8	1
80777.1291	0.41	0.7	1
81186.23090000001	0.34	0.9	1
81596.33020000001	0.41	0.7	1
82007.42700000001	0.4	0.7	1
82419.66290000001	0.41	0.8	1
82833.1796	0.35	0.9	1
83247.5521	0.42	0.6	1
83663.2054	0.35	0.9	1
84080.1395	0.32	0.9	1
84498.2127	0.36	0.8	1
84917.85	0.32	1.1	1
85338.90980000001	0.33	1.0	1
85761.10870000001	0.36	0.8	1
86184.58840000001	0.34	0.9	1
86608.92390000001	0.4	0.6	1
87034.25690000001	0.41	0.7	1
87461.15400000001	0.3	1.1	1
87889.3319	0.33	0.9	1
88319.4989	0.24	1.4	1
88750.80500000001	0.37	0.8	1
89182.6836	0.43	0.4	1
89615.84300000001	0.33	0.9	1
90050.70820000001	0.26	1.2	1
90487.13750000001	0.31	1.1	1
90924.56430000001	0.35	0.7	1
91363.2719	0.29	0.9	1
91802.8353	0.43	0.6	1
92243.25450000001	0.43	0.6	1
92685.09620000001	0.33	1.0	1
93128.07700000002	0.37	0.8	1
93571.91360000001	0.45	0.6	1
94016.46430000002	0.43	0.5	1
94461.58750000002	0.61	0.4	1
94907.70820000002	0.38	0.7	1
95354.68470000003	0.51	0.6	1
95802.80030000003	0.37	0.8	1
96251.77170000003	0.44	0.6	1
96701.88220000002	0.32	0.8	1
97153.55680000002	0.25	1.1	1
97606.22890000002	0.35	0.7	1
98059.61510000001	0.46	0.5	1
98513.57380000001	0.54	0.4	1
98968.53000000001	0.37	0.7	1
99424.767	0.36	0.9	1
99882.28480000001	0.35	0.9	1
100340.94170000001	0.42	0.8	1
100800.73770000001	0.41	0.8	1
101261.95620000002	0.32	1.0	1
101724.17220000002	0.4	0.7	1
102187.52730000002	0.35	0.8	1
