1.0725	0.38	0.8	1
3.0841000000000003	0.4	0.7	1
6.168200000000001	0.35	0.8	1
10.191400000000002	0.36	0.7	1
14.8871	0.49	0.5	1
20.1219	0.46	0.4	1
26.2958	0.34	0.7	1
33.5422	0.37	0.8	1
41.8611	0.35	0.8	1
51.1191	0.38	0.7	1
61.3162	0.34	0.7	1
72.3191	0.43	0.6	1
84.12780000000001	0.38	0.6	1
96.47560000000001	0.61	0.4	1
109.89590000000001	0.37	0.8	1
124.12200000000001	0.53	0.6	1
139.55390000000003	0.32	0.9	1
155.92490000000004	0.38	0.7	1
173.23500000000004	0.4	0.7	1
191.35090000000002	0.43	0.6	1
210.40590000000003	0.47	0.7	1
230.53340000000003	0.31	0.8	1
251.46670000000003	0.41	0.6	1
273.2058	0.39	0.6	1
295.7507	0.36	0.6	1
319.36809999999997	0.32	0.8	1
344.058	0.3	0.8	1
370.2204	0.27	1.1	1
397.0553	0.55	0.5	1
424.8293	0.38	0.7	1
453.5424	0.38	0.7	1
482.928	0.53	0.5	1
512.9861	0.46	0.5	1
543.9833	0.45	0.7	1
575.9196	0.41	0.7	1
608.9283999999999	0.37	0.8	1
642.8762999999999	0.41	0.7	1
677.7632999999998	0.38	0.7	1
713.5893999999998	0.41	0.7	1
750.7545999999999	0.28	1.0	1
788.8588999999998	0.41	0.7	1
827.9022999999999	0.35	0.7	1
867.4847999999998	0.62	0.4	1
908.0063999999999	0.36	0.7	1
949.4670999999998	0.39	0.7	1
991.8668999999999	0.39	0.7	1
1035.0724999999998	0.43	0.6	1
1079.4838999999997	0.35	0.9	1
1124.7010999999998	0.41	0.6	1
1171.1240999999998	0.34	0.9	1
1219.4195999999997	0.23	1.4	1
1268.6541999999997	0.45	0.7	1
1318.8278999999998	0.41	0.7	1
1370.2073999999998	0.31	0.9	1
1422.5259999999998	0.36	0.7	1
1475.7837	0.35	0.7	1
1529.9805	0.4	0.7	1
1584.8498	0.6	0.5	1
1640.7916	0.36	0.8	1
1697.2725	0.48	0.4	1
1754.8259	0.34	0.8	1
1813.3184	0.38	0.7	1
1872.75	0.4	0.7	1
1933.2541	0.38	0.8	1
1994.8307000000002	0.35	0.8	1
2057.3464000000004	0.39	0.7	1
2121.0679000000005	0.36	0.9	1
2185.8619000000003	0.36	0.8	1
2251.7284000000004	0.32	0.8	1
2318.5340000000006	0.4	0.7	1
2386.5454000000004	0.35	0.9	1
2456.2959000000005	0.25	1.3	1
2527.1189000000004	0.4	0.8	1
2599.0144000000005	0.34	0.8	1
2671.9824000000003	0.39	0.8	1
2745.8895	0.35	0.7	1
2820.6024	0.4	0.6	1
2896.3878000000004	0.33	0.8	1
2972.2457000000004	0.36	0.8	1
3049.1761000000006	0.37	0.8	1
3127.5790000000006	0.28	1.1	1
3207.1877000000004	0.34	0.9	1
3287.4689000000003	0.49	0.5	1
3368.2892	0.55	0.4	1
3449.9153	0.39	0.6	1
3532.4805	0.42	0.7	1
3616.1182000000003	0.34	0.8	1
3700.695	0.42	0.7	1
3786.2109	0.37	0.7	1
3872.7993	0.33	0.8	1
3960.3268000000003	0.43	0.7	1
4048.9268	0.39	0.8	1
4138.4659	0.41	0.7	1
4229.2108	0.33	0.9	1
4320.7615	0.55	0.6	1
4413.2513	0.41	0.7	1
4506.8135999999995	0.34	0.8	1
4601.448399999999	0.34	0.8	1
4697.0223	0.43	0.7	1
4793.5353	0.42	0.7	1
4891.1208	0.39	0.8	1
4989.7788	0.35	0.8	1
5089.2426000000005	0.48	0.6	1
5189.7789	0.36	0.8	1
5291.2543000000005	0.33	0.7	1
5393.9355000000005	0.33	0.9	1
5497.5558	0.32	0.7	1
5602.1152	0.38	0.7	1
5708.0137	0.31	1.0	1
5815.118	0.32	0.9	1
5923.4281	0.34	0.9	1
6032.8107	0.35	0.8	1
6142.8658	0.45	0.5	1
6254.1267	0.33	0.9	1
6366.1934	0.4	0.6	1
6478.7992	0.53	0.4	1
6592.4775	0.37	0.8	1
6706.9616	0.47	0.6	1
6822.251499999999	0.44	0.6	1
6938.2139	0.51	0.5	1
7055.3821	0.32	0.9	1
7173.6228	0.39	0.8	1
7292.6693000000005	0.43	0.6	1
7412.254900000001	0.56	0.4	1
7532.779600000001	0.43	0.7	1
7654.243400000001	0.39	0.7	1
7776.646300000001	0.39	0.7	1
7900.1217000000015	0.36	0.8	1
8024.402900000002	0.39	0.6	1
8149.623200000002	0.4	0.7	1
8275.649300000001	0.4	0.6	1
8402.614500000001	0.38	0.7	1
8530.652200000002	0.39	0.8	1
8659.495700000003	0.4	0.6	1
8789.545000000004	0.32	0.9	1
8920.666800000005	0.33	0.8	1
9052.594400000005	0.42	0.6	1
9185.327800000005	0.42	0.6	1
9319.000300000005	0.41	0.7	1
9453.611900000005	0.41	0.7	1
9589.429300000005	0.34	0.9	1
9726.185800000005	0.38	0.7	1
9863.881400000006	0.37	0.7	1
10003.316100000005	0.25	1.3	1
10143.689900000005	0.39	0.7	1
10285.136200000004	0.39	0.8	1
10427.788300000004	0.31	0.9	1
10571.379500000005	0.37	0.7	1
10716.176500000005	0.36	0.9	1
10862.312600000005	0.3	1.0	1
11009.387800000004	0.41	0.7	1
11157.668800000005	0.3	0.9	1
11307.422300000006	0.31	1.1	1
11458.114900000006	0.47	0.7	1
11609.880000000006	0.33	0.8	1
11762.584200000007	0.4	0.7	1
11916.227500000006	0.38	0.7	1
12070.809900000006	0.4	0.7	1
12226.731400000006	0.31	1.0	1
12383.858700000006	0.3	0.9	1
12541.925100000006	0.39	0.7	1
12701.064000000006	0.33	0.8	1
12861.008700000006	0.41	0.6	1
13021.759200000006	0.4	0.6	1
13183.048800000006	0.68	0.4	1
13345.410900000006	0.34	0.8	1
13508.445500000007	0.55	0.5	1
13672.685900000008	0.35	0.9	1
13838.132100000008	0.33	0.9	1
14004.250800000009	0.41	0.5	1
14171.175300000008	0.39	0.6	1
14339.038900000009	0.42	0.7	1
14507.97500000001	0.4	0.8	1
14678.38360000001	0.29	1.1	1
14849.864700000011	0.39	0.8	1
15022.284900000011	0.34	0.7	1
15195.644200000012	0.35	0.7	1
15369.942600000011	0.41	0.7	1
15545.046800000011	0.48	0.6	1
15719.95680000001	0.34	0.6	1
15895.80590000001	0.39	0.7	1
16072.72750000001	0.42	0.8	1
16250.58820000001	0.38	0.7	1
16429.25470000001	0.38	0.6	1
16608.72700000001	0.4	0.6	1
16789.40510000001	0.33	0.9	1
16971.15570000001	0.36	0.8	1
17154.11210000001	0.37	0.9	1
17337.87430000001	0.42	0.6	1
17522.84230000001	0.34	0.9	1
17708.61610000001	0.44	0.6	1
17895.32900000001	0.4	0.7	1
18082.981000000007	0.35	0.7	1
18271.705500000007	0.36	0.8	1
18461.369100000007	0.38	0.7	1
18651.83850000001	0.45	0.6	1
18842.84700000001	0.47	0.4	1
19034.928000000007	0.35	0.8	1
19227.94810000001	0.42	0.7	1
19421.77400000001	0.43	0.6	1
19616.672400000007	0.32	0.8	1
19812.77660000001	0.32	0.9	1
20009.68660000001	0.43	0.6	1
20207.802400000008	0.39	0.9	1
20406.99070000001	0.34	0.8	1
20607.25150000001	0.36	0.8	1
20808.45140000001	0.38	0.7	1
21010.72380000001	0.31	0.8	1
21214.202000000012	0.33	0.9	1
21418.752700000012	0.37	0.8	1
21624.375900000014	0.33	0.8	1
21830.804900000014	0.41	0.6	1
22038.039700000012	0.45	0.6	1
22246.080300000012	0.42	0.6	1
22455.060000000012	0.42	0.7	1
22665.24550000001	0.34	0.9	1
22876.63680000001	0.32	0.9	1
23088.833900000012	0.48	0.6	1
23301.70350000001	0.52	0.5	1
23515.91220000001	0.31	1.0	1
23731.19340000001	0.35	0.8	1
23947.28040000001	0.46	0.6	1
24164.173200000012	0.48	0.6	1
24382.005100000013	0.43	0.7	1
24600.909500000012	0.35	0.8	1
24820.886400000014	0.37	0.8	1
25041.535800000012	0.51	0.5	1
25263.524300000012	0.31	1.0	1
25486.318600000013	0.41	0.6	1
25710.318700000014	0.32	0.9	1
25935.257900000015	0.32	0.7	1
26160.869600000016	0.5	0.5	1
26387.420400000017	0.34	0.7	1
26615.043700000017	0.35	0.8	1
26843.606100000015	0.4	0.7	1
27073.107600000014	0.34	0.7	1
27303.681600000014	0.39	0.8	1
27535.194700000015	0.46	0.7	1
27767.380300000015	0.4	0.5	1
28001.171700000014	0.33	1.2	1
28236.302200000013	0.34	1.0	1
28472.105200000013	0.43	0.5	1
28708.847300000012	0.43	0.7	1
28946.128500000013	0.58	0.4	1
29184.348800000014	0.39	0.7	1
29423.508200000015	0.37	0.7	1
29663.873400000015	0.33	0.9	1
29905.311100000014	0.35	0.8	1
30147.954600000012	0.3	0.9	1
30391.537200000013	0.45	0.7	1
30636.192300000013	0.37	0.8	1
30882.053200000013	0.38	0.9	1
31128.986600000015	0.35	0.8	1
31376.725800000015	0.41	0.6	1
31625.537500000013	0.3	0.8	1
31875.155000000013	0.47	0.6	1
32125.845000000012	0.39	0.8	1
32377.47410000001	0.41	0.7	1
32630.309000000012	0.3	0.9	1
32884.21640000001	0.39	0.8	1
33138.52960000001	0.63	0.3	1
33394.04860000001	0.32	0.9	1
33650.50670000001	0.42	0.7	1
33907.77060000001	0.49	0.6	1
34166.24030000001	0.32	0.9	1
34425.64910000001	0.35	0.7	1
34685.99700000001	0.41	0.7	1
34947.41740000001	0.41	0.8	1
35210.17690000001	0.33	1.0	1
35474.14220000002	0.37	0.9	1
35739.313300000016	0.34	0.9	1
36005.42350000002	0.4	0.7	1
36272.33950000002	0.43	0.6	1
36540.328000000016	0.36	0.8	1
36809.38900000002	0.32	0.8	1
37079.52250000002	0.34	0.8	1
37350.99510000002	0.36	1.0	1
37623.67350000002	0.36	0.9	1
37897.29100000002	0.36	0.7	1
38171.84760000002	0.42	0.7	1
38447.87670000002	0.25	1.1	1
38725.51160000002	0.35	1.2	1
39003.95230000002	0.41	0.6	1
39283.46550000002	0.33	0.8	1
39563.05120000002	0.34	0.8	1
39843.57600000002	0.4	0.7	1
40124.906600000024	0.45	0.6	1
40406.77630000003	0.58	0.4	1
40689.05180000003	0.51	0.3	1
40972.26640000003	0.38	0.7	1
41256.42010000003	0.42	0.7	1
41541.64630000003	0.37	0.8	1
41828.07830000003	0.34	0.9	1
42115.31610000003	0.43	0.6	1
42403.62640000003	0.27	0.8	1
42692.74250000003	0.46	0.6	1
42982.93110000003	0.36	0.8	1
43273.925500000034	0.45	0.6	1
43566.12570000003	0.36	0.9	1
43859.398400000035	0.34	0.8	1
44153.74360000004	0.36	0.8	1
44449.29460000004	0.3	0.9	1
44745.65140000004	0.41	0.6	1
45042.68070000004	0.42	0.5	1
45340.64910000004	0.36	0.7	1
45639.55660000004	0.42	0.7	1
45940.06990000004	0.28	1.2	1
46241.65570000004	0.43	0.8	1
46544.180600000036	0.37	0.7	1
46847.911300000036	0.34	0.9	1
47152.58110000004	0.38	0.7	1
47458.19000000004	0.39	0.7	1
47764.87140000004	0.34	0.8	1
48072.49190000004	0.41	0.7	1
48381.18490000004	0.37	0.8	1
48690.81700000004	0.44	0.7	1
49001.52160000004	0.35	0.8	1
49313.298700000036	0.36	0.8	1
49626.01490000004	0.41	0.7	1
49939.67020000004	0.42	0.7	1
50254.26460000004	0.42	0.7	1
50569.931500000035	0.32	0.8	1
50886.13750000003	0.67	0.4	1
51203.68260000004	0.31	1.0	1
51522.433500000036	0.33	0.9	1
51841.99020000004	0.4	0.6	1
52162.35270000004	0.44	0.6	1
52483.65430000004	0.39	0.7	1
52805.76170000004	0.35	0.6	1
53128.808200000036	0.41	0.7	1
53452.793800000036	0.36	0.7	1
53777.85190000004	0.39	0.8	1
54104.115800000036	0.36	0.9	1
54431.71880000004	0.32	1.0	1
54760.394300000036	0.42	0.8	1
55090.27560000004	0.36	0.9	1
55421.096000000034	0.36	0.7	1
55752.45550000003	0.44	0.4	1
56084.48750000003	0.42	0.5	1
56417.458600000034	0.38	0.7	1
56751.36880000003	0.39	0.7	1
57086.484800000035	0.35	0.9	1
57422.53990000003	0.39	0.7	1
57759.53410000003	0.44	0.7	1
58097.33410000004	0.4	0.6	1
58436.073200000035	0.41	0.7	1
58776.28480000004	0.25	1.1	1
59117.568900000035	0.37	0.8	1
59459.658800000034	0.46	0.6	1
59803.08780000003	0.35	1.0	1
60147.18930000003	0.53	0.5	1
60492.363300000026	0.35	0.8	1
60838.34310000003	0.37	0.6	1
61185.262000000024	0.36	0.7	1
61532.98670000002	0.37	0.6	1
61881.650500000025	0.41	0.7	1
62231.25340000002	0.43	0.7	1
62581.52880000002	0.48	0.5	1
62933.010000000024	0.35	0.9	1
63285.83030000002	0.32	1.0	1
63639.456400000025	0.42	0.6	1
63994.28830000002	0.35	0.9	1
64350.05930000002	0.4	0.7	1
64706.636100000025	0.45	0.6	1
65064.152000000024	0.38	0.7	1
65422.34040000002	0.5	0.5	1
65781.46790000002	0.37	0.7	1
66141.53450000002	0.42	0.7	1
66502.67360000002	0.34	0.8	1
66864.88520000002	0.35	0.8	1
67228.03590000002	0.4	0.7	1
67592.12570000002	0.4	0.7	1
67957.42130000002	0.35	0.9	1
68323.65600000002	0.41	0.7	1
68690.82980000002	0.38	0.7	1
69058.94270000001	0.46	0.7	1
69427.99470000001	0.37	0.7	1
69798.25250000002	0.36	0.9	1
70169.44940000001	0.38	0.7	1
70541.58540000001	0.38	0.7	1
70914.7939	0.39	0.8	1
71289.0749	0.37	0.8	1
71664.02840000001	0.52	0.5	1
72039.92100000002	0.41	0.7	1
72416.61940000001	0.39	0.6	1
72794.1236	0.41	0.6	1
73172.83360000001	0.34	0.9	1
73552.48270000001	0.34	0.7	1
73932.53760000001	0.49	0.3	1
74313.53160000002	0.42	0.7	1
74695.46470000001	0.35	0.7	1
75078.73690000002	0.28	1.0	1
75462.61490000002	0.27	1.2	1
75847.43200000002	0.36	0.7	1
76232.78820000001	0.42	0.4	1
76618.9502	0.4	0.6	1
77006.18470000001	0.39	0.8	1
77394.225	0.41	0.6	1
77783.47110000001	0.34	0.9	1
78173.78970000001	0.37	0.8	1
78565.1808	0.34	0.8	1
78957.3777	0.44	0.6	1
79350.9137	0.31	1.0	1
79744.9888	0.54	0.4	1
80140.403	0.28	1.0	1
80536.4897	0.67	0.5	1
80933.7822	0.34	0.9	1
81332.1472	0.35	0.8	1
81731.5847	0.35	0.8	1
82131.96130000001	0.4	0.7	1
82533.67700000001	0.32	1.0	1
82936.86520000001	0.3	1.1	1
83340.72590000002	0.54	0.5	1
83745.52570000001	0.41	0.7	1
84151.26460000001	0.4	0.7	1
84558.07600000002	0.41	0.8	1
84966.09320000002	0.29	0.9	1
85375.31620000002	0.33	0.9	1
85785.87830000001	0.34	1.0	1
86197.11290000001	0.49	0.5	1
86609.2866	0.44	0.7	1
87022.5328	0.37	0.8	1
87436.8515	0.38	0.8	1
87852.2427	0.38	0.8	1
88268.8397	0.36	0.9	1
88686.5092	0.35	0.8	1
89105.3845	0.32	0.9	1
89525.1989	0.43	0.7	1
89945.95240000001	0.33	0.7	1
90367.5117	0.42	0.6	1
90789.8768	0.45	0.6	1
91213.0477	0.42	0.6	1
91636.8911	0.5	0.5	1
92061.807	0.45	0.8	1
92487.9287	0.41	0.9	1
92914.98950000001	0.41	0.7	1
93343.12280000001	0.37	0.8	1
93772.59520000001	0.3	1.0	1
94202.87340000001	0.46	0.6	1
94634.09070000002	0.38	0.7	1
95066.11380000002	0.41	0.6	1
95498.80940000003	0.48	0.5	1
95932.31080000002	0.41	0.6	1
96366.61800000002	0.45	0.6	1
96802.13100000002	0.36	0.9	1
97238.84980000003	0.4	0.9	1
97676.64110000002	0.38	0.8	1
98115.23820000002	0.44	0.6	1
98554.90780000002	0.39	0.8	1
98995.51650000001	0.37	0.7	1
99436.93100000001	0.36	0.6	1
99879.15130000001	0.39	0.6	1
100322.31070000002	0.4	0.7	1
100766.14260000002	0.48	0.5	1
101211.04700000002	0.4	0.8	1
101657.55720000002	0.25	1.2	1
102105.00650000002	0.39	0.7	1
102553.52830000002	0.38	0.8	1
103003.52260000003	0.32	1.1	1
103454.18940000003	0.48	0.5	1
103906.19530000004	0.32	1.0	1
104359.00700000004	0.46	0.6	1
104813.42450000004	0.28	1.2	1
105268.64780000004	0.47	0.6	1
105724.81020000004	0.37	0.7	1
106181.77840000004	0.48	0.6	1
106639.55240000004	0.44	0.6	1
107098.53220000005	0.35	0.9	1
107558.85110000004	0.33	1.0	1
108020.10910000005	0.38	0.7	1
108482.43960000004	0.35	0.8	1
108945.97590000005	0.35	0.9	1
109410.58470000005	0.36	0.8	1
109875.86600000005	0.5	0.5	1
110341.95310000006	0.41	0.6	1
110809.24600000006	0.37	0.9	1
111277.61140000005	0.41	0.8	1
111746.91590000005	0.39	0.7	1
112217.29290000004	0.37	0.8	1
