3.1538	0.32	0.9	1
8.4114	0.4	0.6	1
16.1228	0.37	0.7	1
26.288000000000004	0.32	0.7	1
38.907000000000004	0.4	0.7	1
52.9298	0.53	0.4	1
69.7564	0.35	0.8	1
88.3368	0.42	0.5	1
108.67099999999999	0.54	0.5	1
131.809	0.38	0.8	1
157.7508	0.41	0.8	1
186.4964	0.44	0.8	1
218.04579999999999	0.36	0.8	1
252.04899999999998	0.4	0.7	1
288.506	0.38	0.7	1
326.36679999999996	0.52	0.4	1
367.03139999999996	0.33	0.8	1
410.84979999999996	0.31	0.9	1
457.12199999999996	0.39	0.7	1
506.89799999999997	0.33	1.0	1
559.4778	0.35	0.8	1
614.1614	0.42	0.6	1
671.9988	0.34	0.9	1
732.29	0.4	0.7	1
794.685	0.49	0.6	1
859.5337999999999	0.44	0.7	1
926.8363999999999	0.47	0.7	1
996.2427999999999	0.45	0.6	1
1068.8029999999999	0.32	0.9	1
1143.4669999999999	0.4	0.6	1
1220.2348	0.46	0.6	1
1299.4564	0.36	0.7	1
1381.1318	0.45	0.7	1
1465.961	0.35	0.9	1
1552.544	0.44	0.5	1
1640.8808000000001	0.43	0.5	1
1731.6714000000002	0.38	0.7	1
1824.9158000000002	0.32	0.7	1
1920.2640000000001	0.42	0.6	1
2018.4160000000002	0.37	0.8	1
2119.7218000000003	0.33	0.9	1
2223.8314	0.3	0.8	1
2330.7448	0.33	0.8	1
2440.812	0.31	0.9	1
2553.333	0.39	0.7	1
2667.6078	0.47	0.5	1
2784.3364	0.3	0.7	1
2903.5188000000003	0.37	0.7	1
3025.505	0.35	0.8	1
3148.945	0.44	0.7	1
3274.8388	0.35	0.7	1
3402.8364	0.47	0.6	1
3533.6378	0.34	0.8	1
3665.843	0.58	0.4	1
3800.502	0.41	0.7	1
3937.9647999999997	0.32	0.8	1
4077.1814	0.42	0.5	1
4219.5518	0.38	0.9	1
4363.676	0.42	0.5	1
4510.604	0.36	0.8	1
4660.3358	0.36	0.8	1
4812.8714	0.35	0.8	1
4968.2108	0.35	0.8	1
5126.704	0.33	0.9	1
5288.351	0.38	0.9	1
5452.1017999999995	0.42	0.6	1
5616.9064	0.7	0.3	1
5784.1648	0.37	0.7	1
5954.227	0.34	0.8	1
6126.393	0.42	0.6	1
6301.3628	0.35	0.8	1
6478.7864	0.33	0.7	1
6658.6638	0.39	0.7	1
6840.645	0.42	0.6	1
7025.080000000001	0.31	0.7	1
7212.318800000001	0.37	0.8	1
7402.011400000001	0.41	0.7	1
7594.157800000001	0.36	0.7	1
7789.4580000000005	0.34	0.9	1
7986.512000000001	0.51	0.5	1
8186.019800000001	0.38	0.7	1
8387.9814	0.42	0.7	1
8592.7468	0.35	0.8	1
8799.966	0.32	0.7	1
9009.289	0.44	0.6	1
9221.0658	0.38	0.7	1
9435.296400000001	0.44	0.7	1
9652.330800000002	0.32	0.8	1
9874.269000000002	0.24	1.4	1
10098.661000000002	0.43	0.7	1
10325.856800000001	0.36	0.8	1
10555.506400000002	0.44	0.7	1
10787.259800000002	0.43	0.6	1
11021.817000000001	0.34	0.8	1
11258.478000000001	0.4	0.6	1
11497.242800000002	0.42	0.6	1
11738.461400000002	0.38	0.7	1
11981.783800000001	0.39	0.6	1
12228.61	0.29	1.0	1
12478.24	0.33	0.8	1
12730.3238	0.37	0.7	1
12985.5614	0.36	0.9	1
13243.2528	0.37	0.7	1
13503.048	0.43	0.6	1
13765.297	0.39	0.7	1
14030.0498	0.31	1.0	1
14297.2564	0.35	0.7	1
14566.9168	0.4	0.7	1
14839.031	0.4	0.7	1
15113.949	0.39	0.8	1
15392.0208	0.35	0.9	1
15671.4964	0.6	0.4	1
15953.4258	0.47	0.7	1
16237.809000000001	0.39	0.7	1
16524.996000000003	0.4	0.8	1
16814.986800000002	0.34	0.8	1
17106.731400000004	0.49	0.5	1
17400.579800000003	0.45	0.6	1
17696.882	0.43	0.7	1
17995.288	0.47	0.6	1
18296.8478	0.32	0.9	1
18600.5114	0.4	0.6	1
18906.2788	0.54	0.6	1
19214.85	0.35	0.8	1
19526.925	0.32	1.0	1
19841.4538	0.39	0.7	1
20158.7864	0.36	0.8	1
20478.9228	0.31	0.8	1
20802.913	0.32	1.1	1
21129.707000000002	0.38	0.8	1
21458.954800000003	0.41	0.7	1
21791.006400000002	0.38	0.8	1
22125.1618	0.4	0.6	1
22462.121000000003	0.35	0.8	1
22800.834000000003	0.42	0.5	1
23142.0008	0.35	0.7	1
23485.6214	0.33	0.7	1
23831.3458	0.4	0.6	1
24179.874	0.37	0.8	1
24530.506	0.44	0.6	1
24883.2418	0.44	0.6	1
25238.7814	0.41	0.8	1
25596.7748	0.41	0.7	1
25957.922	0.33	0.9	1
26321.173	0.45	0.6	1
26685.5278	0.44	0.6	1
27051.6364	0.55	0.5	1
27420.1988	0.4	0.7	1
27791.214999999997	0.43	0.7	1
28164.684999999998	0.39	0.7	1
28540.958799999997	0.38	0.8	1
28919.336399999997	0.48	0.6	1
29300.517799999998	0.4	0.8	1
29684.853	0.36	0.9	1
30071.642	0.39	0.7	1
30461.5848	0.36	0.9	1
30853.631400000002	0.41	0.6	1
31248.4818	0.35	0.8	1
31645.786	0.39	0.7	1
32045.894	0.33	0.8	1
32449.1558	0.34	0.9	1
32854.8714	0.35	0.7	1
33263.0408	0.42	0.7	1
33673.664000000004	0.37	0.7	1
34087.09100000001	0.38	0.8	1
34503.67180000001	0.35	0.9	1
34923.406400000014	0.29	0.9	1
35345.59480000001	0.33	0.7	1
35770.587000000014	0.4	0.8	1
36198.733000000015	0.34	0.9	1
36629.33280000002	0.41	0.7	1
37063.086400000015	0.39	0.9	1
37500.34380000002	0.32	1.0	1
37940.055000000015	0.38	0.7	1
38381.52000000001	0.44	0.5	1
38825.43880000001	0.43	0.7	1
39271.46140000001	0.47	0.6	1
39720.287800000006	0.39	0.8	1
40171.21800000001	0.4	0.6	1
40624.602000000006	0.41	0.7	1
41080.789800000006	0.35	0.8	1
41540.131400000006	0.37	0.9	1
42002.626800000005	0.33	0.9	1
42467.92600000001	0.37	0.8	1
42936.02900000001	0.33	0.8	1
43407.28580000001	0.31	0.9	1
43880.64640000001	0.42	0.6	1
44356.460800000015	0.4	0.7	1
44835.42900000002	0.36	0.9	1
45317.201000000015	0.37	0.8	1
45802.12680000001	0.32	0.9	1
46289.50640000001	0.42	0.7	1
46779.339800000016	0.38	0.7	1
47269.57700000002	0.56	0.4	1
47761.56800000002	0.56	0.5	1
48256.01280000002	0.35	0.7	1
48752.56140000002	0.46	0.6	1
49251.56380000002	0.37	0.7	1
49753.02000000002	0.43	0.7	1
50257.28000000002	0.36	0.8	1
50764.69380000002	0.31	0.9	1
51274.56140000002	0.36	0.7	1
51787.23280000002	0.33	0.8	1
52302.35800000002	0.41	0.7	1
52821.68700000002	0.3	1.2	1
53344.16980000002	0.35	0.9	1
53868.75640000002	0.36	0.6	1
54396.84680000002	0.32	1.0	1
54927.74100000002	0.34	0.8	1
55461.789000000026	0.37	0.9	1
55999.34080000003	0.32	1.0	1
56539.69640000003	0.4	0.8	1
57082.85580000003	0.38	0.8	1
57629.51900000003	0.29	1.0	1
58177.58600000003	0.6	0.4	1
58729.15680000003	0.36	1.0	1
59283.531400000036	0.34	0.8	1
59840.359800000035	0.41	0.7	1
60399.992000000035	0.35	0.8	1
60962.428000000036	0.33	0.8	1
61528.36780000004	0.3	1.0	1
62096.061400000035	0.44	0.5	1
62666.908800000034	0.3	0.9	1
63240.560000000034	0.39	0.8	1
