2.1067	0.35	0.7	1
6.9201	0.3	0.9	1
13.8402	0.33	0.7	1
23.167	0.4	0.8	1
33.700500000000005	0.53	0.4	1
46.0407	0.44	0.6	1
60.7876	0.4	0.8	1
78.5412	0.3	1.0	1
98.4015	0.36	0.7	1
120.6685	0.37	0.8	1
145.04219999999998	0.38	0.7	1
171.22259999999997	0.44	0.6	1
199.80969999999996	0.37	0.8	1
230.80349999999996	0.34	0.8	1
263.6039999999999	0.4	0.6	1
297.61119999999994	0.59	0.4	1
334.02509999999995	0.37	0.8	1
372.54569999999995	0.38	0.7	1
413.47299999999996	0.33	0.8	1
456.50699999999995	0.43	0.7	1
502.24769999999995	0.33	0.9	1
550.0951	0.39	0.7	1
599.4492	0.45	0.5	1
651.51	0.36	0.9	1
706.2775	0.35	0.9	1
762.8517	0.45	0.6	1
821.5326	0.38	0.7	1
882.6202	0.35	0.8	1
945.2144999999999	0.47	0.5	1
1009.3154999999999	0.45	0.5	1
1075.2232	0.35	0.6	1
1143.5375999999999	0.39	0.8	1
1213.9587	0.36	0.7	1
1286.4865	0.4	0.7	1
1361.121	0.39	0.7	1
1437.8622	0.32	0.7	1
1517.9101	0.31	1.1	1
1600.0647000000001	0.34	0.7	1
1684.6260000000002	0.32	0.8	1
1771.5940000000003	0.36	0.8	1
1860.9687000000004	0.39	0.8	1
1952.7501000000004	0.36	0.8	1
2046.6382000000003	0.37	0.7	1
2143.8330000000005	0.29	1.1	1
2242.8345000000004	0.49	0.6	1
2343.6427000000003	0.46	0.6	1
2447.4576	0.31	1.0	1
2553.6792	0.36	0.8	1
2663.2075	0.26	1.1	1
2776.3425	0.27	1.2	1
2891.2842	0.4	0.6	1
3007.0326	0.38	0.6	1
3123.6877	0.46	0.3	1
3242.7495	0.32	0.8	1
3364.518	0.31	0.9	1
3488.6932	0.31	0.8	1
3614.9751	0.39	0.7	1
3742.7637	0.41	0.5	1
3872.659	0.41	0.7	1
4004.661	0.36	0.7	1
4138.7697	0.37	0.7	1
4275.2851	0.37	0.8	1
4414.8072	0.34	1.0	1
4556.736	0.4	0.8	1
4701.0715	0.38	0.8	1
4847.5137	0.38	0.7	1
4996.0626	0.38	0.7	1
5146.7182	0.36	0.7	1
5300.6805	0.27	1.1	1
5456.449500000001	0.41	0.6	1
5614.6252	0.36	0.8	1
5774.6076	0.41	0.6	1
5936.996700000001	0.32	0.8	1
6101.7925000000005	0.34	0.8	1
6269.295	0.31	0.9	1
6438.9042	0.34	0.7	1
6610.3201	0.42	0.6	1
6783.8427	0.37	0.7	1
6959.772	0.36	0.8	1
7137.808	0.38	0.7	1
7317.6507	0.4	0.6	1
7499.600100000001	0.37	0.7	1
7683.9562000000005	0.37	0.8	1
7870.419000000001	0.38	0.7	1
8058.688500000001	0.44	0.6	1
8249.664700000001	0.42	0.9	1
8442.447600000001	0.44	0.6	1
8636.737200000001	0.44	0.5	1
8833.733500000002	0.33	0.9	1
9033.136500000002	0.37	0.8	1
9235.546200000003	0.33	1.0	1
9439.762600000002	0.41	0.6	1
9646.085700000001	0.39	0.7	1
9854.515500000001	0.39	0.7	1
10066.852	0.28	1.3	1
10280.995200000001	0.5	0.6	1
10497.545100000001	0.37	0.8	1
10716.5017	0.35	0.8	1
10937.565	0.38	0.7	1
11160.135	0.46	0.5	1
11385.1117	0.41	0.8	1
11613.095099999999	0.36	1.0	1
11843.785199999998	0.33	0.9	1
12076.881999999998	0.39	0.8	1
12312.685499999998	0.34	0.9	1
12551.495699999998	0.33	1.0	1
12792.712599999997	0.4	0.8	1
13035.736199999998	0.4	0.6	1
13281.166499999998	0.36	0.8	1
13529.303499999998	0.36	0.9	1
13779.847199999998	0.38	0.8	1
14032.797599999998	0.37	0.8	1
14287.254699999998	0.46	0.5	1
14544.118499999997	0.37	0.8	1
14802.788999999997	0.4	0.6	1
15062.666199999998	0.56	0.4	1
15324.650099999997	0.41	0.7	1
15589.040699999998	0.4	0.8	1
15856.137999999997	0.32	0.9	1
16125.041999999998	0.46	0.6	1
16395.352699999996	0.39	0.8	1
16667.770099999994	0.35	0.7	1
16941.994199999994	0.45	0.6	1
17218.324999999993	0.38	0.7	1
17496.762499999993	0.36	0.7	1
17777.006699999994	0.4	0.6	1
18059.057599999993	0.44	0.6	1
18342.915199999992	0.4	0.6	1
18628.279499999993	0.53	0.5	1
18916.050499999994	0.33	0.8	1
19206.228199999994	0.34	0.8	1
19499.412599999992	0.31	1.0	1
19793.503699999994	0.57	0.3	1
20090.301499999994	0.34	0.9	1
20389.505999999994	0.39	0.8	1
20690.517199999995	0.46	0.6	1
20993.935099999995	0.34	0.8	1
21299.459699999996	0.36	0.7	1
21607.390999999996	0.32	0.8	1
21917.428999999996	0.37	0.7	1
22229.273699999998	0.45	0.6	1
22542.925099999997	0.47	0.6	1
22858.383199999997	0.43	0.6	1
23176.247999999996	0.34	0.8	1
23496.219499999996	0.46	0.7	1
23818.297699999996	0.4	0.7	1
24142.182599999996	0.45	0.6	1
24468.174199999998	0.32	0.7	1
24795.972499999996	0.45	0.6	1
25125.877499999995	0.38	0.7	1
25458.189199999993	0.33	0.8	1
25792.607599999992	0.41	0.7	1
26129.13269999999	0.4	0.7	1
26467.76449999999	0.46	0.7	1
26808.20299999999	0.43	0.6	1
27149.44819999999	0.44	0.6	1
27493.40009999999	0.33	0.9	1
27838.858699999993	0.49	0.5	1
28186.123999999993	0.47	0.6	1
28536.095999999994	0.33	0.9	1
28888.174699999992	0.39	0.7	1
29243.86009999999	0.3	1.2	1
29602.55219999999	0.32	1.0	1
29963.65099999999	0.34	0.8	1
30327.756499999992	0.32	1.0	1
30693.66869999999	0.47	0.6	1
31062.287599999992	0.36	0.9	1
31433.613199999993	0.31	0.9	1
31807.64549999999	0.36	0.9	1
32183.48449999999	0.48	0.6	1
32561.43019999999	0.41	0.7	1
32941.48259999999	0.4	0.7	1
33323.94169999999	0.33	0.8	1
33708.80749999999	0.36	0.8	1
34095.77999999999	0.44	0.7	1
34485.75919999999	0.3	1.0	1
34878.145099999994	0.34	0.8	1
35272.937699999995	0.37	0.8	1
35669.83699999999	0.39	0.7	1
36069.14299999999	0.38	0.8	1
36470.55569999999	0.38	0.7	1
36874.67509999999	0.32	0.9	1
37280.90119999999	0.37	0.7	1
37689.23399999999	0.43	0.7	1
38100.27349999999	0.32	0.9	1
38513.41969999999	0.38	0.7	1
38928.07259999999	0.5	0.5	1
39345.13219999999	0.32	0.8	1
39764.59849999999	0.38	0.8	1
40185.871499999994	0.43	0.6	1
40609.25119999999	0.38	0.7	1
41035.637599999995	0.32	1.0	1
41464.130699999994	0.38	0.7	1
41895.03049999999	0.37	0.8	1
42327.736999999994	0.4	0.6	1
42762.55019999999	0.41	0.7	1
43200.67009999999	0.3	1.1	1
43640.29669999999	0.48	0.5	1
44082.92999999999	0.29	1.0	1
44527.26999999999	0.3	0.9	1
44973.41669999999	0.44	0.6	1
45421.67009999999	0.38	0.7	1
45872.630199999985	0.37	0.9	1
46325.99699999999	0.33	0.8	1
46782.07049999999	0.33	0.9	1
47240.550699999985	0.36	0.8	1
47700.837599999984	0.42	0.6	1
48165.331199999986	0.25	1.4	1
48632.23149999999	0.39	0.8	1
49101.53849999999	0.41	0.8	1
49573.85219999999	0.29	1.0	1
50047.67259999998	0.55	0.5	1
50523.29969999998	0.43	0.6	1
51001.03349999998	0.37	0.7	1
51481.173999999985	0.37	0.8	1
51963.721199999985	0.37	0.8	1
52448.37509999998	0.39	0.7	1
52934.83569999998	0.44	0.6	1
53423.402999999984	0.41	0.7	1
53914.67699999998	0.32	0.9	1
54407.75769999998	0.42	0.6	1
54903.84509999998	0.35	1.0	1
55401.739199999975	0.42	0.6	1
55901.739999999976	0.42	0.7	1
56403.847499999974	0.39	0.7	1
56908.36169999997	0.4	0.8	1
57415.28259999997	0.32	0.8	1
57924.01019999997	0.38	0.6	1
58434.54449999997	0.35	0.6	1
58947.18549999997	0.4	0.7	1
59462.53319999997	0.31	0.9	1
