1.6067	0.38	0.6	1
4.5534	0.43	0.5	1
9.3735	0.37	0.7	1
16.067	0.35	0.7	1
24.6339	0.4	0.7	1
35.074200000000005	0.42	0.7	1
47.1212	0.43	0.6	1
60.0416	0.4	0.7	1
74.5687	0.41	0.6	1
90.9692	0.4	0.7	1
109.2431	0.35	0.7	1
129.12369999999999	0.41	0.6	1
150.611	0.44	0.6	1
173.70499999999998	0.42	0.6	1
198.4057	0.38	0.6	1
224.7131	0.46	0.6	1
251.6272	0.39	0.6	1
280.14799999999997	0.46	0.6	1
310.5422	0.4	0.7	1
342.8098	0.44	0.7	1
376.9508	0.41	0.7	1
412.9652	0.42	0.7	1
450.5863	0.45	0.6	1
489.8141	0.48	0.6	1
530.9153	0.38	0.7	1
573.6232	0.45	0.6	1
618.2045	0.37	0.7	1
664.3925	0.46	0.6	1
711.9205000000001	0.48	0.5	1
760.7885000000001	0.44	0.5	1
811.5299000000001	0.38	0.7	1
863.8780000000002	0.4	0.6	1
917.8328000000001	0.38	0.6	1
973.1276000000001	0.46	0.5	1
1030.0291000000002	0.4	0.6	1
1088.804	0.44	0.7	1
1149.4523000000002	0.41	0.7	1
1211.7073	0.47	0.6	1
1275.3023	0.43	0.5	1
1340.7707	0.42	0.7	1
1408.1125	0.37	0.7	1
1476.7943	0.49	0.5	1
1546.8161	0.46	0.5	1
1618.7113	0.33	0.7	1
1692.2132	0.43	0.6	1
1767.3218	0.45	0.6	1
1844.3038	0.42	0.7	1
1922.8925	0.43	0.6	1
2003.0879	0.37	0.6	1
2084.89	0.44	0.6	1
2168.2988	0.44	0.6	1
2253.3143	0.41	0.6	1
2340.2032	0.43	0.7	1
2428.4321	0.46	0.5	1
2518.2677	0.45	0.6	1
2609.4433	0.5	0.5	1
2702.2255999999998	0.42	0.6	1
2796.8812999999996	0.43	0.7	1
2893.4103999999998	0.39	0.7	1
2991.5461999999998	0.45	0.6	1
3091.5553999999997	0.41	0.7	1
3193.1713	0.46	0.6	1
3296.1272	0.45	0.5	1
3400.6898	0.47	0.6	1
3506.8591	0.42	0.6	1
3614.9018	0.4	0.7	1
3724.2845	0.45	0.5	1
3835.2739	0.4	0.6	1
3948.1367	0.42	0.7	1
4062.6062	0.51	0.6	1
4178.9491	0.4	0.7	1
4297.1654	0.38	0.7	1
4417.2551	0.44	0.7	1
4538.9515	0.49	0.6	1
4662.5213	0.4	0.7	1
4787.9645	0.43	0.7	1
4915.2811	0.31	0.7	1
5044.2044000000005	0.45	0.6	1
5174.7344	0.45	0.6	1
5306.8711	0.44	0.6	1
5440.3478000000005	0.49	0.5	1
5575.431200000001	0.43	0.6	1
5712.388000000001	0.32	0.7	1
5850.951500000001	0.44	0.6	1
5991.388400000001	0.39	0.7	1
6133.165300000001	0.6	0.5	1
6276.815600000001	0.37	0.7	1
6422.339300000001	0.4	0.7	1
6569.736400000001	0.4	0.7	1
6719.0069	0.42	0.7	1
6870.1508	0.42	0.7	1
7022.901400000001	0.41	0.6	1
7177.5254	0.41	0.7	1
7333.4894	0.43	0.5	1
7491.060100000001	0.41	0.6	1
7650.2375	0.43	0.6	1
7811.2883	0.4	0.7	1
7974.212500000001	0.38	0.7	1
8139.0101	0.37	0.7	1
8305.6811	0.39	0.7	1
8473.9588	0.39	0.6	1
8644.1099	0.41	0.7	1
8814.867699999999	0.45	0.6	1
8987.232199999999	0.46	0.6	1
9161.203399999999	0.44	0.6	1
9337.047999999999	0.36	0.7	1
9514.4993	0.48	0.6	1
9693.823999999999	0.38	0.7	1
9874.488699999998	0.49	0.5	1
10056.493399999998	0.49	0.5	1
10240.371499999997	0.45	0.7	1
10425.856299999998	0.41	0.6	1
10613.214499999998	0.47	0.7	1
10802.446099999997	0.39	0.7	1
10993.284399999997	0.5	0.6	1
11185.996099999997	0.4	0.7	1
11380.581199999997	0.42	0.7	1
11577.039699999998	0.42	0.7	1
11775.104899999997	0.44	0.6	1
11975.043499999996	0.34	0.7	1
12176.855499999996	0.42	0.7	1
12380.540899999996	0.45	0.7	1
12586.099699999997	0.37	0.7	1
12792.998499999998	0.51	0.5	1
13001.237299999997	0.41	0.5	1
13211.349499999997	0.41	0.7	1
13423.068399999996	0.41	0.6	1
