1.6067	0.42	0.6	1
6.1533999999999995	0.31	1.1	1
12.0401	0.44	0.5	1
19.5335	0.39	0.6	1
28.3669	0.44	0.5	1
38.807	0.4	0.6	1
50.8538	0.42	0.6	1
64.774	0.36	0.7	1
80.5676	0.38	0.7	1
97.9679	0.38	0.6	1
117.2416	0.37	0.7	1
138.122	0.43	0.6	1
159.6091	0.46	0.6	1
182.4362	0.41	0.5	1
206.87	0.42	0.6	1
232.9105	0.46	0.6	1
260.5577	0.37	0.6	1
289.5449	0.52	0.5	1
320.40549999999996	0.39	0.7	1
352.8728	0.4	0.6	1
387.21349999999995	0.3	0.7	1
423.16089999999997	0.4	0.6	1
460.9817	0.38	0.7	1
500.67589999999996	0.4	0.7	1
542.2434999999999	0.42	0.7	1
585.1510999999999	0.48	0.5	1
629.6654	0.39	0.6	1
675.7864	0.48	0.6	1
723.2474	0.47	0.5	1
772.5817999999999	0.42	0.7	1
823.5228999999999	0.38	0.6	1
876.0707	0.42	0.6	1
929.2252	0.43	0.6	1
983.9864	0.45	0.6	1
1040.3543	0.41	0.6	1
1098.5955999999999	0.39	0.7	1
1158.7103	0.4	0.7	1
1220.4316999999999	0.49	0.6	1
1283.7597999999998	0.42	0.6	1
1348.9613	0.4	0.7	1
1415.7694999999999	0.4	0.6	1
1484.4510999999998	0.43	0.7	1
1554.7393999999997	0.37	0.6	1
1626.9010999999998	0.39	0.7	1
1700.6694999999997	0.4	0.6	1
1775.5112999999997	0.49	0.4	1
1851.9597999999996	0.37	0.6	1
1930.0149999999996	0.49	0.6	1
2009.6768999999997	0.46	0.6	1
2091.2122	0.44	0.7	1
2174.3541999999998	0.37	0.6	1
2259.3696	0.39	0.7	1
2345.9917	0.44	0.6	1
2434.2205	0.48	0.6	1
2524.056	0.42	0.6	1
2615.4982	0.42	0.6	1
2708.8138	0.41	0.7	1
2803.7361	0.39	0.6	1
2900.5318	0.4	0.7	1
2998.9342	0.4	0.6	1
3099.21	0.4	0.7	1
3201.0925	0.43	0.6	1
3304.315	0.48	0.5	1
3409.1442	0.43	0.6	1
3515.8468000000003	0.41	0.7	1
3624.1561	0.5	0.6	1
3734.0721000000003	0.43	0.6	1
3845.5948000000003	0.46	0.6	1
3958.9909000000002	0.41	0.7	1
4074.2604	0.38	0.7	1
4190.8699	0.49	0.5	1
4309.0860999999995	0.51	0.6	1
4428.909	0.45	0.6	1
4550.3386	0.42	0.6	1
4673.6416	0.33	0.7	1
4798.818	0.36	0.7	1
4925.6011	0.44	0.6	1
5054.2576	0.43	0.7	1
5184.5208	0.42	0.6	1
5316.6574	0.41	0.7	1
5450.6674	0.36	0.7	1
5586.017400000001	0.47	0.5	1
5722.7074	0.42	0.5	1
5860.7374	0.42	0.5	1
6000.6408	0.36	0.7	1
6142.150900000001	0.38	0.6	1
6285.2677	0.4	0.6	1
6429.9912	0.44	0.6	1
6576.588100000001	0.39	0.7	1
6725.058400000001	0.44	0.7	1
6875.135400000001	0.44	0.6	1
7026.819100000001	0.44	0.6	1
7180.1095000000005	0.4	0.6	1
7335.006600000001	0.44	0.6	1
7491.510400000001	0.47	0.6	1
7649.887600000001	0.37	0.7	1
7809.604800000001	0.45	0.5	1
7971.1954000000005	0.41	0.7	1
8134.3927	0.42	0.6	1
8299.1967	0.38	0.6	1
8465.8741	0.37	0.7	1
8633.891500000002	0.59	0.5	1
8803.7823	0.38	0.7	1
8975.2798	0.35	0.6	1
9148.6507	0.39	0.7	1
9323.895	0.42	0.7	1
9501.012700000001	0.37	0.7	1
9679.470400000002	0.55	0.5	1
9859.534800000001	0.45	0.6	1
10041.2059	0.4	0.6	1
10224.7504	0.38	0.7	1
10409.634900000001	0.44	0.5	1
10595.859400000001	0.46	0.5	1
10783.690600000002	0.4	0.6	1
10973.3952	0.36	0.7	1
11164.7065	0.42	0.6	1
11357.8912	0.38	0.7	1
11552.6826	0.43	0.6	1
11749.3474	0.41	0.7	1
11946.618900000001	0.47	0.6	1
12145.7638	0.38	0.7	1
12346.7821	0.42	0.7	1
12549.4071	0.43	0.6	1
12753.6388	0.46	0.6	1
12959.743900000001	0.42	0.7	1
13167.7224	0.37	0.7	1
13377.5743	0.38	0.7	1
13589.2996	0.38	0.7	1
13802.6316	0.51	0.6	1
14017.837000000001	0.36	0.7	1
14234.6491	0.46	0.6	1
14453.3346	0.39	0.7	1
14673.6268	0.49	0.6	1
14895.5257	0.42	0.6	1
15119.298	0.35	0.7	1
15344.410300000001	0.47	0.5	1
15571.1293	0.4	0.6	1
15799.455	0.41	0.6	1
16029.1207	0.45	0.5	1
