1.8667	0.38	0.7	1
5.0667	0.48	0.5	1
10.133400000000002	0.44	0.7	1
17.0668	0.38	0.7	1
25.6002	0.48	0.6	1
35.7336	0.47	0.6	1
47.7337	0.35	0.7	1
61.6005	0.34	0.7	1
77.334	0.4	0.7	1
94.6675	0.39	0.6	1
113.601	0.46	0.6	1
132.8678	0.48	0.5	1
153.7346	0.41	0.6	1
176.2014	0.42	0.6	1
200.5349	0.41	0.7	1
226.7351	0.36	0.7	1
254.2686	0.42	0.5	1
283.6688	0.34	0.7	1
314.9357	0.41	0.7	1
346.8026	0.45	0.6	1
380.2695	0.41	0.6	1
415.0697	0.43	0.5	1
451.4699	0.45	0.6	1
489.4701	0.5	0.6	1
528.8036	0.51	0.5	1
570.0038	0.39	0.7	1
612.804	0.44	0.6	1
657.2042	0.43	0.6	1
703.4711	0.39	0.7	1
751.6047	0.41	0.7	1
801.3383	0.48	0.6	1
852.4052	0.42	0.5	1
904.8054000000001	0.5	0.5	1
958.8056	0.41	0.6	1
1014.6725	0.39	0.7	1
1072.1394	0.46	0.6	1
1130.9396	0.45	0.5	1
1191.3398	0.48	0.6	1
1253.6067	0.41	0.7	1
1317.4736	0.39	0.6	1
1383.2072	0.39	0.7	1
1450.5408	0.43	0.6	1
1519.7411	0.41	0.7	1
1590.8081	0.42	0.7	1
1663.4750999999999	0.43	0.6	1
1737.7421	0.45	0.6	1
1813.6091	0.42	0.6	1
1891.0761	0.45	0.6	1
1970.1431	0.36	0.6	1
2050.5434	0.45	0.5	1
2132.5437	0.46	0.6	1
2216.1440000000002	0.44	0.6	1
2301.6110000000003	0.39	0.7	1
2388.4113	0.48	0.5	1
2476.8116	0.45	0.6	1
2566.5452	0.46	0.5	1
2657.6121	0.5	0.5	1
2750.5456999999997	0.34	0.7	1
2845.3459999999995	0.42	0.7	1
2942.0129999999995	0.44	0.7	1
3040.0132999999996	0.49	0.5	1
3139.8803	0.4	0.7	1
3241.614	0.38	0.7	1
3344.9477	0.46	0.6	1
3450.1481000000003	0.33	0.7	1
3556.9485000000004	0.42	0.6	1
3665.3489000000004	0.44	0.6	1
3775.6160000000004	0.36	0.7	1
3887.7498000000005	0.4	0.7	1
4001.7503000000006	0.33	0.7	1
4117.6175	0.38	0.7	1
4235.3514000000005	0.43	0.7	1
4354.952	0.44	0.7	1
4476.4193000000005	0.36	0.7	1
4599.2199	0.45	0.5	1
4723.8872	0.43	0.7	1
4849.8878	0.43	0.5	1
4977.7551	0.4	0.7	1
5107.489100000001	0.4	0.7	1
5238.8231000000005	0.42	0.6	1
5372.023800000001	0.39	0.7	1
5506.824500000001	0.4	0.6	1
5643.225200000001	0.45	0.6	1
5781.4926000000005	0.37	0.7	1
5921.626700000001	0.42	0.7	1
6063.3608	0.43	0.6	1
6206.6949	0.45	0.6	1
6351.8957	0.41	0.7	1
6498.4298	0.45	0.5	1
6646.8306	0.41	0.7	1
6796.5647	0.42	0.5	1
6947.8988	0.45	0.6	1
7100.5662	0.47	0.5	1
7255.1003	0.45	0.7	1
7411.5011	0.43	0.7	1
7569.5019	0.42	0.6	1
7729.1027	0.42	0.6	1
7890.3035	0.43	0.6	1
8053.1043	0.41	0.6	1
8217.5051	0.42	0.6	1
8382.5059	0.48	0.6	1
8549.1067	0.45	0.6	1
8717.574200000001	0.38	0.7	1
8887.6417	0.41	0.6	1
9059.3092	0.46	0.6	1
9232.8434	0.39	0.7	1
9408.2443	0.42	0.7	1
9585.5119	0.42	0.7	1
9764.3795	0.46	0.6	1
9944.580399999999	0.41	0.5	1
10126.648	0.39	0.7	1
10310.5823	0.44	0.7	1
10495.8499	0.49	0.5	1
10682.717499999999	0.4	0.6	1
10871.185099999999	0.37	0.6	1
