0.9391	0.35	0.7	1
3.0839999999999996	0.27	0.9	1
6.167999999999999	0.44	0.7	1
10.191099999999999	0.4	0.7	1
15.153299999999998	0.37	0.7	1
20.9213	0.51	0.6	1
27.6284	0.4	0.7	1
35.007999999999996	0.46	0.5	1
43.1934	0.45	0.6	1
51.451299999999996	0.35	0.8	1
61.315	0.27	1.2	1
71.9845	0.41	0.6	1
83.59309999999999	0.36	0.7	1
96.0075	0.44	0.6	1
109.4944	0.31	0.8	1
123.7871	0.38	0.6	1
138.88559999999998	0.42	0.6	1
153.65659999999997	0.5	0.5	1
169.23339999999996	0.4	0.6	1
185.61599999999996	0.36	0.6	1
202.67109999999997	0.47	0.5	1
220.53199999999995	0.48	0.6	1
239.19869999999995	0.45	0.6	1
258.80449999999996	0.39	0.7	1
279.08279999999996	0.54	0.5	1
300.43359999999996	0.39	0.8	1
322.5902	0.45	0.6	1
345.5526	0.42	0.6	1
369.4541	0.38	0.7	1
394.0281	0.5	0.5	1
419.4079	0.5	0.6	1
445.72679999999997	0.41	0.7	1
473.25149999999996	0.35	0.9	1
501.71529999999996	0.39	0.7	1
531.1182	0.44	0.7	1
561.4602	0.39	0.7	1
592.608	0.46	0.6	1
624.5616	0.38	0.6	1
657.1877	0.5	0.5	1
690.7529	0.37	0.7	1
725.1238999999999	0.43	0.6	1
760.1673999999999	0.44	0.5	1
796.55	0.3	1.0	1
834.0051	0.35	0.8	1
872.266	0.45	0.6	1
911.3326999999999	0.43	0.6	1
951.3385	0.42	0.7	1
992.1501	0.43	0.6	1
1034.1675	0.32	0.9	1
1076.9907	0.46	0.6	1
1120.6197	0.42	0.6	1
1165.0545	0.47	0.6	1
1210.4284	0.43	0.7	1
1256.7414	0.39	0.7	1
1303.8602	0.44	0.6	1
1352.1848	0.32	0.9	1
1401.5819	0.41	0.8	1
1451.9180999999999	0.4	0.7	1
1503.0601	0.41	0.6	1
1555.4079	0.33	0.9	1
1608.4281999999998	0.47	0.5	1
1662.2542999999998	0.48	0.6	1
1717.2861999999998	0.38	0.9	1
1773.3905999999997	0.35	0.8	1
1830.3007999999998	0.45	0.6	1
1887.8834999999997	0.47	0.5	1
1946.4052999999997	0.35	0.7	1
2005.7328999999997	0.42	0.6	1
2065.8662999999997	0.46	0.6	1
2126.9388	0.42	0.7	1
2188.9503999999997	0.41	0.7	1
2251.7677999999996	0.41	0.6	1
2315.2576999999997	0.54	0.5	1
2379.6866999999997	0.38	0.7	1
2444.9215	0.41	0.6	1
2510.8288	0.5	0.5	1
2577.4085999999998	0.47	0.5	1
2644.9275	0.42	0.7	1
2713.6522	0.36	0.9	1
2783.1827	0.52	0.6	1
2854.0523	0.34	1.0	1
2925.861	0.4	0.7	1
2998.7421999999997	0.38	0.8	1
3072.5624999999995	0.44	0.7	1
3147.3218999999995	0.39	0.7	1
3223.1537999999996	0.34	0.8	1
3300.0581999999995	0.4	0.8	1
3377.9016999999994	0.36	0.7	1
3456.5509999999995	0.41	0.6	1
3536.1393999999996	0.4	0.7	1
3616.5335999999998	0.48	0.6	1
3697.8668999999995	0.41	0.7	1
3780.0059999999994	0.45	0.6	1
3862.9508999999994	0.44	0.6	1
3946.8348999999994	0.45	0.7	1
4031.5246999999995	0.45	0.6	1
4117.1536	0.37	0.7	1
4204.3883	0.29	1.2	1
4292.4288	0.46	0.6	1
4381.141799999999	0.48	0.5	1
4471.0606	0.35	0.9	1
4561.7852	0.53	0.6	1
4653.4489	0.38	0.7	1
4746.185100000001	0.37	0.8	1
4839.727100000001	0.43	0.6	1
4934.474900000001	0.35	0.9	1
5030.161800000001	0.41	0.7	1
5126.921200000001	0.39	0.8	1
5224.619700000001	0.38	0.7	1
5323.124000000001	0.41	0.6	1
5422.834100000001	0.37	0.9	1
5523.483300000001	0.38	0.7	1
5624.938300000001	0.48	0.6	1
5727.199100000001	0.44	0.6	1
5830.399	0.43	0.7	1
5934.804700000001	0.33	0.9	1
6040.1495	0.38	0.7	1
6146.3001	0.42	0.6	1
6253.2565	0.44	0.6	1
6361.0187000000005	0.36	0.6	1
6469.586700000001	0.45	0.6	1
6579.360500000001	0.35	0.9	1
6689.940100000001	0.48	0.6	1
6801.4588	0.37	0.7	1
6913.05	0.38	0.8	1
7025.5803000000005	0.39	0.7	1
7138.916400000001	0.43	0.6	1
7253.325000000001	0.39	0.8	1
7368.672700000001	0.4	0.7	1
7484.692900000001	0.48	0.5	1
7601.652200000001	0.41	0.7	1
7719.950600000001	0.34	1.0	1
7839.188100000001	0.41	0.7	1
7959.364700000001	0.4	0.7	1
8080.347100000001	0.4	0.6	1
8201.868600000002	0.51	0.4	1
8324.4626	0.38	0.8	1
8448.262400000001	0.35	0.9	1
8573.001300000002	0.37	0.7	1
8698.679300000002	0.43	0.7	1
8825.163100000002	0.45	0.6	1
8952.586000000001	0.37	0.7	1
9080.948	0.34	0.7	1
9210.1158	0.44	0.6	1
9340.356099999999	0.38	0.8	1
9471.668899999999	0.39	0.8	1
9603.787499999999	0.4	0.6	1
9736.978599999999	0.36	0.8	1
9871.108799999998	0.37	0.7	1
10006.311499999998	0.36	0.8	1
10142.719999999998	0.38	0.9	1
