2.8038	0.37	0.8	1
7.7114	0.45	0.6	1
14.7228	0.43	0.6	1
22.488	0.43	0.5	1
32.407	0.35	0.9	1
44.779799999999994	0.42	0.7	1
59.606399999999994	0.47	0.7	1
76.18679999999999	0.47	0.5	1
95.571	0.37	0.8	1
117.059	0.38	0.6	1
141.0008	0.37	0.7	1
167.7464	0.4	0.8	1
196.9458	0.35	0.7	1
228.249	0.38	0.6	1
262.356	0.37	0.8	1
298.2168	0.51	0.5	1
336.1814	0.44	0.6	1
375.89979999999997	0.53	0.5	1
417.722	0.44	0.6	1
462.698	0.35	0.9	1
510.1278	0.37	0.7	1
560.3614	0.36	0.8	1
613.0488	0.32	0.7	1
668.19	0.38	0.7	1
724.0350000000001	0.47	0.2	1
781.9838000000001	0.51	0.6	1
842.3864000000001	0.4	0.7	1
905.9428	0.39	0.9	1
971.6030000000001	0.42	0.6	1
1039.3670000000002	0.48	0.6	1
1109.5848	0.38	0.7	1
1182.2564	0.41	0.7	1
1257.0318	0.47	0.6	1
1334.261	0.39	0.7	1
1413.594	0.43	0.6	1
1495.3808000000001	0.44	0.7	1
1579.9714000000001	0.39	0.8	1
1667.0158000000001	0.38	0.7	1
1755.864	0.38	0.8	1
1847.166	0.43	0.7	1
1941.6218	0.3	0.9	1
2038.8814	0.42	0.8	1
2139.2948	0.38	0.9	1
2241.812	0.44	0.6	1
