2.1037999999999997	0.44	0.7	1
5.311399999999999	0.37	0.7	1
10.322799999999999	0.52	0.6	1
17.438	0.43	0.7	1
26.957	0.41	0.8	1
38.8798	0.33	0.8	1
52.906400000000005	0.38	0.7	1
69.0368	0.42	0.7	1
87.571	0.37	0.8	1
108.809	0.38	0.9	1
132.4508	0.42	0.8	1
157.89639999999997	0.43	0.6	1
185.44579999999996	0.4	0.7	1
214.79899999999995	0.45	0.6	1
246.55599999999995	0.34	0.8	1
280.7168	0.35	0.8	1
316.6814	0.39	0.6	1
354.4498	0.39	0.6	1
394.022	0.38	0.6	1
435.398	0.4	0.6	1
477.9778	0.52	0.4	1
523.2614	0.35	0.9	1
570.6487999999999	0.43	0.7	1
620.14	0.39	0.7	1
671.435	0.45	0.6	1
724.5337999999999	0.48	0.6	1
779.7363999999999	0.41	0.7	1
837.0427999999999	0.43	0.7	1
896.1529999999999	0.48	0.6	1
957.367	0.37	0.7	1
1020.6848	0.4	0.7	1
1085.8064	0.41	0.6	1
1153.0318	0.44	0.7	1
1222.961	0.36	0.9	1
1294.694	0.44	0.6	1
1368.2308	0.43	0.6	1
1443.5714	0.45	0.6	1
1521.3158	0.38	0.8	1
1600.864	0.5	0.6	1
1682.516	0.37	0.7	1
1766.5718000000002	0.38	0.8	1
1852.1314000000002	0.48	0.5	1
1939.7948000000001	0.43	0.7	1
2029.5620000000001	0.41	0.7	1
2121.433	0.4	0.7	1
2214.4078	0.43	0.7	1
2309.7864	0.41	0.8	1
2406.9688	0.35	0.6	1
2506.5550000000003	0.33	0.8	1
2608.2450000000003	0.37	0.7	1
2712.0388000000003	0.37	0.7	1
2817.0364000000004	0.66	0.4	1
2924.1378000000004	0.45	0.7	1
3034.8430000000003	0.29	1.2	1
3147.3520000000003	0.41	0.6	1
3261.6648000000005	0.41	0.6	1
3378.9814000000006	0.3	1.0	1
