2.1037999999999997	0.34	0.7	1
5.6114	0.4	0.8	1
11.5228	0.39	0.8	1
20.138	0.35	0.9	1
30.257	0.56	0.5	1
42.1798	0.51	0.6	1
56.2064	0.42	0.7	1
71.7368	0.48	0.5	1
89.37100000000001	0.38	0.7	1
108.80900000000001	0.37	0.6	1
130.95080000000002	0.35	0.9	1
155.49640000000002	0.38	0.8	1
182.1458	0.35	0.7	1
209.99900000000002	0.53	0.4	1
239.65600000000003	0.48	0.6	1
271.4168	0.37	0.7	1
304.9814	0.42	0.6	1
340.0498	0.45	0.5	1
377.522	0.36	0.8	1
417.098	0.41	0.7	1
459.0778	0.38	0.8	1
502.8614	0.4	0.6	1
548.7488	0.36	0.7	1
596.4399999999999	0.38	0.6	1
645.935	0.43	0.6	1
697.8338	0.39	0.8	1
751.2364	0.49	0.5	1
806.4428	0.44	0.6	1
863.753	0.35	0.7	1
923.167	0.42	0.7	1
984.9848000000001	0.38	0.8	1
1048.3064000000002	0.45	0.5	1
1113.1318	0.46	0.5	1
1180.0610000000001	0.4	0.7	1
1248.4940000000001	0.48	0.5	1
1319.3308000000002	0.37	0.8	1
1391.9714000000001	0.48	0.6	1
1466.7158000000002	0.44	0.7	1
1543.564	0.41	0.7	1
1622.516	0.36	0.7	1
1703.2718	0.45	0.6	1
1787.0314	0.33	1.0	1
1871.8948	0.4	0.7	1
1958.5620000000001	0.44	0.6	1
2047.333	0.43	0.7	1
2138.2078	0.44	0.7	1
2231.1864	0.42	0.7	1
2325.9688	0.47	0.6	1
2422.5550000000003	0.44	0.6	1
2522.1450000000004	0.32	1.0	1
2622.9388000000004	0.54	0.4	1
2726.1364000000003	0.4	0.8	1
