2.4067	0.35	0.8	1
4.6201	0.42	0.6	1
8.6402	0.5	0.6	1
15.367	0.36	0.9	1
24.500500000000002	0.36	0.8	1
36.0407	0.42	0.8	1
49.6876	0.37	0.7	1
65.44120000000001	0.36	0.7	1
83.00150000000001	0.51	0.6	1
102.66850000000001	0.48	0.7	1
124.44220000000001	0.42	0.7	1
148.92260000000002	0.33	0.9	1
175.20970000000003	0.43	0.6	1
203.90350000000004	0.35	0.8	1
235.00400000000005	0.41	0.8	1
268.51120000000003	0.36	0.8	1
304.12510000000003	0.37	0.7	1
342.14570000000003	0.43	0.8	1
381.97300000000007	0.45	0.6	1
423.3070000000001	0.43	0.5	1
466.44770000000005	0.42	0.6	1
511.6951	0.37	0.7	1
559.3492	0.37	0.8	1
609.41	0.35	0.8	1
661.8774999999999	0.38	0.8	1
716.7516999999999	0.4	0.8	1
774.3326	0.34	0.9	1
833.7202	0.43	0.6	1
895.8145	0.36	0.9	1
960.0155	0.4	0.7	1
1025.7232	0.48	0.5	1
1093.8375999999998	0.37	0.8	1
1162.7586999999999	0.45	0.6	1
1233.4865	0.49	0.6	1
1306.621	0.36	0.8	1
1381.8622	0.43	0.7	1
1459.8101000000001	0.34	0.9	1
1539.2647000000002	0.41	0.5	1
1620.226	0.47	0.5	1
1702.9940000000001	0.44	0.6	1
1787.5687000000003	0.48	0.6	1
1874.2501000000002	0.43	0.7	1
1962.7382000000002	0.44	0.6	1
2053.333	0.38	0.7	1
2146.0345	0.39	0.7	1
