32.80672295714286	0.6	12.3	1
57.61344591428572	0.4	9.3	1
108.29355849523819	0.4	9.7	1
142.70028145238103	0.6	12.9	1
167.5070044095239	0.4	9.3	1
193.3803940333334	0.4	9.7	1
217.65378365714292	0.4	9.1	1
252.06050661428577	0.6	12.9	1
285.9338962380953	0.6	12.7	1
311.2739525285715	0.4	9.5	1
343.547342152381	0.6	12.1	1
368.3540651095239	0.4	9.3	1
400.6274547333334	0.6	12.1	1
434.50084435714297	0.6	12.7	1
458.2409006476191	0.4	8.9	1
482.51429027142865	0.4	9.1	1
531.5944028523811	0.4	9.3	1
566.001125809524	0.6	12.9	1
624.6812383904763	0.4	9.1	1
707.101407261905	0.4	8.9	1
814.8616324238096	0.4	9.5	1
956.4952472095238	0.6	12.7	1
989.3019701666666	0.6	12.3	1
1014.1086931238094	0.4	9.3	1
1071.1888057047613	0.6	12.1	1
1152.0089745761895	0.4	8.9	1
1256.5691997380936	0.4	8.9	1
1385.4028145238071	0.4	9.1	1
1439.5764855999969	0.4	9.5	1
1526.5568796333296	0.6	12.3	1
1638.877329957138	0.4	9.5	1
1784.5378365714228	0.6	12.5	1
1963.5383994761837	0.6	12.5	1
1989.4117890999933	0.4	9.7	1
2048.6252350142795	0.6	12.5	1
2131.578737219041	0.4	8.9	1
2248.405629047613	0.6	12.7	1
2390.572577166661	0.4	9.5	1
2415.9126334571374	0.4	9.5	1
2473.5260793714224	0.6	12.1	1
2554.8795815761837	0.4	8.9	1
2670.6398067380883	0.6	12.9	1
2810.140088190469	0.4	8.9	1
2883.51375926666	0.6	12.7	1
2980.627486633328	0.4	8.9	1
3103.0812702904723	0.4	9.5	1
3250.3417769047587	0.4	9.3	1
3421.342339809521	0.4	8.9	1
3526.7496256714267	0.6	12.9	1
3664.430301157142	0.6	12.1	1
3689.770357447618	0.4	9.5	1
3748.983803361903	0.6	12.7	1
3832.470638899998	0.4	9.1	1
3940.2308640619026	0.4	9.1	1
4073.3311455142834	0.4	9.5	1
4098.137868471426	0.4	9.3	1
4155.751314385711	0.6	12.3	1
4238.171483257139	0.4	9.3	1
4344.865041752376	0.4	9.1	1
4483.831989871423	0.6	12.1	1
4509.705379495232	0.4	9.7	1
4559.318825409518	0.4	8.9	1
4641.205660947614	0.6	12.1	1
4757.499219442853	0.6	12.9	1
