18.828026993650795	0.6	12.1	1
37.9671650984127	0.6	12.3	1
52.12852542539683	0.4	9.1	1
65.97877464126985	0.4	8.9	1
79.82902385714287	0.4	8.9	1
94.92371751746033	0.4	9.7	1
114.68507784444446	0.6	12.7	1
129.46866039365082	0.4	9.5	1
164.32471438095217	0.6	12.9	1
179.41940804126963	0.4	9.7	1
209.60879536190436	0.4	9.7	1
224.08126679999958	0.4	9.3	1
258.0039874539681	0.6	12.5	1
272.4764588920633	0.4	9.3	1
292.2378192190474	0.6	12.7	1
311.0658462126982	0.6	12.1	1
324.9160954285712	0.4	8.9	1
340.0107890888887	0.4	9.7	1
359.1499271936506	0.6	12.3	1
373.933509742857	0.4	9.5	1
394.00598118095223	0.6	12.9	1
428.2398129460313	0.4	9.1	1
476.6350050380947	0.4	9.1	1
490.7963653650788	0.4	9.1	1
510.55772569206295	0.6	12.7	1
525.0301971301582	0.4	9.3	1
539.5026685682534	0.4	9.3	1
558.3306955619042	0.6	12.1	1
578.0920558888884	0.6	12.7	1
597.2311939936502	0.6	12.3	1
611.0814432095232	0.4	8.9	1
631.1539146476184	0.6	12.9	1
645.9374971968248	0.4	9.5	1
674.8824400730145	0.4	9.1	1
688.7326892888875	0.4	8.9	1
703.5162718380939	0.4	9.5	1
718.6109654984114	0.4	9.7	1
732.4612147142843	0.4	8.9	1
760.7839353682527	0.4	9.3	1
779.6119623619036	0.6	12.1	1
794.0844337999988	0.4	9.3	1
813.8457941269829	0.6	12.7	1
828.6293766761893	0.4	9.5	1
848.0796258920623	0.6	12.5	1
886.9801243238088	0.6	12.5	1
902.0748179841263	0.4	9.7	1
916.5472894222215	0.4	9.3	1
930.7086497492056	0.4	9.1	1
949.5366767428565	0.6	12.1	1
963.3869259587294	0.4	8.9	1
982.8371751746024	0.6	12.5	1
1002.2874243904754	0.6	12.5	1
1040.8768117111108	0.6	12.3	1
1055.038172038095	0.4	9.1	1
1069.5106434761901	0.4	9.3	1
1083.6720038031742	0.4	9.1	1
1103.1222530190473	0.6	12.5	1
1117.5947244571425	0.4	9.3	1
1131.4449736730155	0.4	8.9	1
1150.5841117777775	0.6	12.3	1
1184.8179435428565	0.4	9.7	1
1204.8904149809516	0.6	12.9	1
1223.7184419746025	0.6	12.1	1
1256.7078292952378	0.4	9.1	1
1309.7696880539677	0.6	12.9	1
1328.5977150476185	0.6	12.1	1
1343.0701864857137	0.4	9.3	1
1357.542657923809	0.4	9.3	1
1392.0876007999977	0.6	12.9	1
1410.9156277936486	0.6	12.1	1
1449.193904003173	0.6	12.5	1
1469.266375441268	0.6	12.9	1
1488.7166246571412	0.6	12.5	1
1503.1890960952364	0.4	9.3	1
1517.3504564222205	0.4	9.1	1
1531.5118167492046	0.4	9.1	1
1551.5842881872998	0.6	12.9	1
1586.751453285713	0.4	9.7	1
1605.890591390475	0.6	12.3	1
1624.7186183841259	0.6	12.1	1
1643.8577564888878	0.6	12.3	1
1658.019116815872	0.4	9.1	1
1676.8471438095228	0.6	12.1	1
1696.608504136507	0.6	12.7	1
1730.8423359015878	0.4	9.3	1
1744.6925851174608	0.4	8.9	1
1764.765056555556	0.6	12.9	1
1784.5264168825402	0.6	12.7	1
1819.3824708698432	0.4	9.7	1
1874.3109962952417	0.6	12.9	1
1888.783467733337	0.4	9.3	1
1923.0172994984148	0.6	12.7	1
1937.48977093651	0.4	9.3	1
1957.5622423746051	0.6	12.9	1
1976.7013804793671	0.6	12.3	1
1990.8627408063512	0.4	9.1	1
2005.9574344666687	0.4	9.7	1
2021.0521281269862	0.4	9.7	1
2035.5245995650814	0.4	9.3	1
2055.5970710031766	0.6	12.9	1
2094.497569434923	0.6	12.1	1
2113.325596428574	0.6	12.1	1
2147.2483170825426	0.4	9.7	1
2200.6212869523847	0.6	12.5	1
2219.4493139460355	0.6	12.1	1
2253.372034600004	0.4	9.7	1
2301.1450044698463	0.4	8.9	1
2319.973031463497	0.6	12.1	1
2335.0677251238144	0.4	9.7	1
2348.9179743396876	0.4	8.9	1
2368.3682235555607	0.6	12.5	1
2406.6464997650833	0.6	12.1	1
2425.7856378698452	0.6	12.3	1
2464.686136301591	0.6	12.7	1
2478.8474966285753	0.4	9.1	1
2511.8368839492096	0.6	12.1	1
2525.6871331650827	0.4	8.9	1
2558.676520485718	0.6	12.3	1
2577.81565859048	0.6	12.3	1
2612.0494903555586	0.4	9.7	1
2626.210850682543	0.4	9.1	1
2659.200238003177	0.6	12.1	1
2674.2949316634945	0.4	9.7	1
2688.456291990479	0.4	9.1	1
2722.6901237555576	0.6	12.9	1
2737.4737063047637	0.4	9.5	1
2751.323955520637	0.4	8.9	1
2779.6466761746055	0.4	9.3	1
2798.7858142793675	0.6	12.3	1
2837.9974238222244	0.6	12.9	1
2857.7587841492086	0.6	12.7	1
2877.520144476193	0.6	12.7	1
2916.4206429079404	0.6	12.3	1
2974.4602794444495	0.6	12.3	1
2989.2438619936556	0.4	9.5	1
3008.0718889873065	0.6	12.1	1
3022.233249314291	0.4	9.1	1
3042.305720752386	0.6	12.9	1
3057.0893033015923	0.4	9.5	1
3086.656468400006	0.4	9.5	1
3101.440050949212	0.4	9.5	1
3135.9849938254038	0.6	12.7	1
3185.0024081396923	0.4	9.3	1
3198.8526573555655	0.4	8.9	1
3213.6362399047716	0.4	9.5	1
3228.4198224539778	0.4	9.5	1
3242.581182780962	0.4	9.1	1
3257.6758764412793	0.4	9.7	1
3271.8372367682637	0.4	9.1	1
3300.782179644453	0.4	9.5	1
3320.5435399714374	0.6	12.7	1
3340.616011409533	0.6	12.9	1
3355.399593958739	0.4	9.5	1
3384.3445368349308	0.4	9.1	1
3398.817008273026	0.4	9.3	1
3418.2672574888993	0.6	12.5	1
3457.7899781428664	0.6	12.9	1
3477.2402273587395	0.6	12.5	1
3497.312698796835	0.6	12.9	1
3531.8576416730225	0.4	9.3	1
3545.7078908888957	0.4	8.9	1
3560.802584549213	0.4	9.7	1
3590.3697496476225	0.4	9.3	1
3604.842221085718	0.4	9.3	1
3624.603581412702	0.6	12.7	1
3658.215190955561	0.4	8.9	1
3678.2876623936563	0.6	12.9	1
3698.3601338317517	0.6	12.9	1
3737.571743374606	0.6	12.3	1
3796.8558243555585	0.6	12.9	1
3815.9949624603205	0.6	12.3	1
3854.5843497809587	0.6	12.5	1
3873.4123767746096	0.6	12.1	1
3887.262625990483	0.4	8.9	1
3901.423986317467	0.4	9.1	1
3915.8964577555626	0.4	9.3	1
3945.4636228539734	0.4	9.7	1
3989.5032593904766	0.4	9.3	1
4009.575730828572	0.6	12.9	1
4029.337091155556	0.6	12.7	1
4043.1873403714294	0.4	8.9	1
4075.8656165809534	0.6	12.1	1
4123.638586450796	0.4	9.7	1
4138.111057888891	0.4	9.3	1
4157.561307104764	0.6	12.5	1
4176.700445209525	0.6	12.3	1
4215.600943641274	0.6	12.7	1
4229.451192857147	0.4	8.9	1
4262.129469066671	0.6	12.1	1
4282.201940504766	0.6	12.9	1
4301.6521897206385	0.6	12.5	1
4340.241577041272	0.6	12.3	1
