43.7538109	0.6	12.5	1
87.5076218	0.6	12.5	1
120.0614327	0.4	9.3	1
165.2152436	0.6	12.9	1
199.16905450000002	0.4	9.7	1
242.9228654	0.6	12.5	1
274.07667630000003	0.4	8.9	1
306.63048720000006	0.4	9.3	1
382.93810899999994	0.6	12.5	1
428.09191989999994	0.6	12.9	1
471.1457307999999	0.6	12.3	1
514.8995416999999	0.6	12.5	1
548.8533525999999	0.4	9.7	1
582.8071634999999	0.4	9.7	1
626.5609743999998	0.6	12.5	1
659.1147852999999	0.4	9.3	1
690.2685961999999	0.4	8.9	1
735.4224070999999	0.6	12.9	1
767.2762179999999	0.4	9.1	1
799.8300288999999	0.4	9.3	1
832.3838397999999	0.4	9.3	1
864.9376507	0.4	9.3	1
908.6914615999999	0.6	12.5	1
941.2452724999999	0.4	9.3	1
984.2990834	0.6	12.3	1
1029.4528943	0.6	12.9	1
1062.7067052	0.4	9.5	1
1095.9605161	0.4	9.5	1
1127.114327	0.4	8.9	1
1160.3681379	0.4	9.5	1
1202.7219488	0.6	12.1	1
1245.0757597000002	0.6	12.1	1
1276.9295706000003	0.4	9.1	1
1310.1833815000002	0.4	9.5	1
1352.5371924000003	0.6	12.1	1
1383.6910033000004	0.4	8.9	1
1414.8448142000004	0.4	8.9	1
1479.2524359999998	0.4	9.5	1
1511.8062468999997	0.4	9.3	1
1554.8600577999996	0.6	12.3	1
1629.0676796000005	0.4	8.9	1
1674.2214905000005	0.6	12.9	1
1706.7753014000004	0.4	9.3	1
