31.1538109	0.4	8.9	1
76.30762179999999	0.6	12.9	1
107.46143269999999	0.4	8.9	1
141.4152436	0.4	9.7	1
183.76905449999998	0.6	12.1	1
217.7228654	0.4	9.7	1
262.1766763	0.6	12.7	1
305.23048719999997	0.6	12.3	1
348.9842981	0.6	12.5	1
382.238109	0.4	9.5	1
414.0919199	0.4	9.1	1
456.4457308	0.6	12.1	1
500.8995417	0.6	12.7	1
546.0533525999999	0.6	12.9	1
588.4071634999999	0.6	12.1	1
632.1609743999999	0.6	12.5	1
675.2147852999999	0.6	12.3	1
718.2685961999999	0.6	12.3	1
750.1224070999999	0.4	9.1	1
793.8762179999999	0.6	12.5	1
836.2300288999999	0.6	12.1	1
867.3838397999999	0.4	8.9	1
909.7376506999999	0.6	12.1	1
940.8914616	0.4	8.9	1
972.0452725	0.4	8.9	1
1005.9990834	0.4	9.7	1
1039.9528943	0.4	9.7	1
1085.1067052	0.6	12.9	1
1119.0605161	0.4	9.7	1
1162.114327	0.6	12.3	1
1195.3681379	0.4	9.5	1
1227.9219487999999	0.4	9.3	1
1270.9757596999998	0.6	12.3	1
1314.0295705999997	0.6	12.3	1
1357.7833814999997	0.6	12.5	1
1390.3371923999996	0.4	9.3	1
1434.7910032999996	0.6	12.7	1
1479.2448141999996	0.6	12.7	1
1511.7986250999995	0.4	9.3	1
1542.9524359999996	0.4	8.9	1
1576.9062468999996	0.4	9.7	1
1610.8600577999996	0.4	9.7	1
1642.7138686999997	0.4	9.1	1
