26.70672295714286	0.4	8.9	1
65.41344591428572	0.6	12.9	1
132.02689182857137	0.4	9.3	1
170.13361478571423	0.6	12.7	1
207.0403377428571	0.6	12.3	1
243.94706069999995	0.6	12.3	1
273.0537836571428	0.4	9.7	1
311.76050661428565	0.6	12.9	1
378.97395252857154	0.4	9.5	1
406.8806754857144	0.4	9.3	1
435.9873984428572	0.4	9.7	1
462.6941214000001	0.4	8.9	1
500.20084435714296	0.6	12.5	1
575.214290271429	0.6	12.5	1
603.7210132285719	0.4	9.5	1
641.8277361857148	0.6	12.7	1
668.5344591428577	0.4	8.9	1
695.8411821000005	0.4	9.1	1
724.3479050571434	0.4	9.5	1
763.0546280142862	0.6	12.9	1
790.961350971429	0.4	9.3	1
820.068073928572	0.4	9.7	1
856.3747968857148	0.6	12.1	1
884.8815198428576	0.4	9.5	1
913.9882428000005	0.4	9.7	1
941.8949657571434	0.4	9.3	1
978.2016887142862	0.6	12.1	1
1006.7084116714291	0.4	9.5	1
1044.2151346285718	0.6	12.5	1
1082.3218575857147	0.6	12.7	1
1156.7353035000012	0.6	12.1	1
1194.242026457144	0.6	12.5	1
1232.9487494142868	0.6	12.9	1
1260.8554723714296	0.4	9.3	1
1297.1621953285726	0.6	12.1	1
1334.6689182857153	0.6	12.5	1
1401.2823642000014	0.4	9.7	1
1429.7890871571442	0.4	9.5	1
1467.295810114287	0.6	12.5	1
1495.2025330714298	0.4	9.3	1
1533.3092560285727	0.6	12.7	1
1570.8159789857154	0.6	12.5	1
1599.3227019428582	0.4	9.5	1
1638.029424900001	0.6	12.9	1
1715.4428708142877	0.6	12.9	1
1743.3495937714306	0.4	9.3	1
1799.163039685718	0.4	9.3	1
1882.8832085571503	0.4	9.3	1
1909.589931514293	0.4	8.9	1
1946.496654471436	0.6	12.3	1
1973.2033774285787	0.4	8.9	1
2011.9101003857215	0.6	12.9	1
2040.4168233428643	0.4	9.5	1
2096.8302692571506	0.4	9.3	1
