33.87338962380952	0.6	12.7	1
59.213445914285714	0.4	9.5	1
85.08683553809524	0.4	9.7	1
110.42689182857143	0.4	9.5	1
135.7669481190476	0.4	9.5	1
159.5070044095238	0.4	8.9	1
185.38039403333332	0.4	9.7	1
219.25378365714283	0.6	12.7	1
245.12717328095235	0.4	9.7	1
268.86722957142854	0.4	8.9	1
301.6739525285714	0.6	12.3	1
335.0140088190476	0.6	12.5	1
368.3540651095238	0.6	12.5	1
425.96751102380955	0.4	9.1	1
459.30756731428573	0.6	12.5	1
525.4543465619048	0.6	12.3	1
550.794402852381	0.4	9.5	1
575.6011258095239	0.4	9.3	1
599.3411821000001	0.4	8.9	1
631.6145717238096	0.6	12.1	1
665.4879613476191	0.6	12.7	1
699.894684304762	0.6	12.9	1
723.6347405952382	0.4	8.9	1
748.441463552381	0.4	9.3	1
773.7815198428573	0.4	9.5	1
806.0549094666668	0.6	12.1	1
863.6683553809527	0.4	9.5	1
888.4750783380955	0.4	9.3	1
921.8151346285717	0.6	12.5	1
946.0885242523813	0.4	9.1	1
979.4285805428575	0.6	12.5	1
1003.1686368333337	0.4	8.9	1
1026.9086931238098	0.4	8.9	1
1059.7154160809528	0.6	12.3	1
1093.055472371429	0.6	12.5	1
1125.3288619952386	0.6	12.1	1
1158.6689182857149	0.6	12.5	1
1182.9423079095245	0.4	9.1	1
1239.4890871571438	0.6	12.1	1
1264.2958101142867	0.4	9.3	1
1297.1025330714297	0.6	12.3	1
1321.9092560285726	0.4	9.3	1
1381.122701942858	0.6	12.9	1
1404.862758233334	0.4	8.9	1
1437.1361478571434	0.6	12.1	1
1471.5428708142863	0.6	12.9	1
1497.4162604380958	0.4	9.7	1
1531.8229833952387	0.6	12.9	1
1598.5030959761912	0.6	12.1	1
1622.2431522666673	0.4	8.9	1
1679.3232648476203	0.6	12.5	1
1711.5966544714297	0.6	12.1	1
1769.2101003857156	0.4	9.5	1
1794.0168233428585	0.4	9.3	1
1853.2302692571438	0.6	12.9	1
1885.5036588809535	0.6	12.1	1
1919.9103818380963	0.6	12.9	1
1954.3171047952392	0.6	12.9	1
1987.123827752382	0.6	12.3	1
2020.4638840428584	0.6	12.5	1
2053.8039403333346	0.6	12.5	1
2078.6106632904775	0.4	9.3	1
2104.484052914287	0.4	9.7	1
2138.89077587143	0.6	12.9	1
