258.3	0.6	12.3	1
558.1	0.6	11.5	1
991.0	0.6	11.1	1
1536.0	0.6	10.1	1
2309.9	0.6	10.9	1
3090.9	0.2	5.1	1
4186.9	0.8	15.0	1
5332.0	0.4	7.1	1
6308.6	0.2	1.5	1
7383.900000000001	0.2	4.7	1
9167.95	0.8	33.75	1
11005.300000000001	0.4	7.3	1
14338.900000000001	1.0	71.25	1
17813.2	0.4	6.7	1
21371.5	0.2	4.0	1
24966.3	0.4	6.5	1
30451.1	1.0	90.0	1
36060.6	0.6	10.7	1
41894.799999999996	0.6	10.7	1
47878.1	0.4	7.1	1
54111.299999999996	0.6	11.9	1
60522.99999999999	0.4	8.5	1
67072.0	0.6	11.3	1
73820.5	0.4	9.5	1
81671.5	1.0	52.5	1
90525.0	1.0	52.5	1
99531.8	0.4	7.3	1
108708.7	0.4	8.1	1
118127.09999999999	0.6	11.5	1
127761.79999999999	0.6	10.3	1
137566.59999999998	0.4	8.1	1
147524.69999999998	0.4	7.3	1
157649.49999999997	0.6	12.7	1
167969.59999999998	0.4	9.3	1
178347.44999999998	0.2	2.75	1
188836.59999999998	0.2	5.3	1
199471.44999999998	0.6	11.7	1
210335.19999999998	0.6	10.9	1
223088.94999999998	1.0	90.0	1
236088.4	0.6	11.7	1
249325.15	0.6	11.3	1
262595.0	0.6	11.1	1
275959.35	0.2	4.5	1
289485.39999999997	0.4	7.7	1
303143.74999999994	0.4	6.3	1
316926.79999999993	0.6	10.7	1
330767.5999999999	0.2	2.75	1
344602.8999999999	0.2	4.5	1
358625.0999999999	0.4	8.9	1
372771.1999999999	0.4	5.9	1
388807.2999999999	1.0	90.0	1
405063.89999999985	0.6	10.5	1
421524.19999999984	0.4	9.7	1
438234.39999999985	0.6	11.9	1
455010.4999999998	0.4	7.9	1
471981.89999999985	0.4	9.3	1
488956.19999999984	0.2	4.9	1
506163.59999999986	0.6	11.1	1
523478.89999999985	0.4	9.9	1
541010.4999999999	0.6	10.3	1
558804.5999999999	0.6	12.5	1
576647.7999999998	0.4	7.1	1
594669.4999999998	0.4	8.5	1
612522.6999999997	0.2	1.5	1
630512.3999999997	0.4	6.5	1
648747.7999999997	0.6	11.7	1
667233.0999999997	0.6	11.9	1
685964.0999999997	0.6	11.7	1
705697.5999999997	1.0	52.5	1
725685.1999999997	0.6	12.1	1
745880.6999999997	0.4	9.9	1
766275.6999999997	0.4	9.5	1
786794.5999999997	0.4	5.9	1
807554.9999999998	0.6	11.5	1
828561.0999999997	0.6	11.7	1
849645.6999999997	0.4	8.5	1
870896.1999999997	0.4	7.9	1
892375.5999999997	0.6	10.9	1
913875.4999999998	0.6	10.5	1
935269.8999999998	0.2	4.5	1
956905.7999999998	0.6	11.5	1
978573.1999999998	0.2	1.5	1
1000386.2999999998	0.6	11.7	1
1022908.1499999998	0.8	33.75	1
1045713.4999999998	0.6	13.5	1
1068602.8499999999	0.2	4.0	1
1091423.7	0.2	1.5	1
1114448.25	0.4	9.7	1
1137722.7	0.6	11.9	1
1161259.65	0.6	12.5	1
1184949.9	0.4	7.3	1
1208756.45	0.6	10.3	1
1232741.5	0.4	8.5	1
1258616.55	1.0	90.0	1
1284654.1	0.6	12.5	1
1310853.35	0.4	7.7	1
1337310.9000000001	0.6	12.3	1
1364039.35	0.6	12.9	1
1390866.5	0.2	4.7	1
1417851.95	0.6	12.3	1
1446333.65	1.0	71.25	1
1475035.8499999999	0.6	10.5	1
1503649.3499999999	0.2	5.3	1
1532300.15	0.6	11.3	1
1560982.45	0.2	1.5	1
1589839.05	0.4	8.3	1
1618828.75	0.6	11.1	1
1647917.15	0.2	4.7	1
1677075.65	0.4	8.1	1
1706265.65	0.2	1.5	1
1735617.3499999999	0.4	7.7	1
1766071.5499999998	1.0	52.5	1
1796642.0499999998	0.6	10.3	1
1827312.0499999998	0.4	9.5	1
1858168.9499999997	0.4	8.9	1
1889121.1499999997	0.4	9.3	1
1920172.0499999996	0.2	4.7	1
1951359.4499999995	0.4	6.5	1
1982830.3499999994	0.6	13.5	1
2014509.1499999994	0.4	9.9	1
2046337.0499999993	0.4	7.1	1
2077993.0499999993	0.4	6.1	1
2109669.5499999993	0.6	10.5	1
2141520.349999999	0.4	8.3	1
2173495.0499999993	0.4	5.9	1
2205556.6499999994	0.4	8.9	1
2237901.7499999995	0.6	13.5	1
2270484.1499999994	0.6	11.3	1
2302998.0499999993	0.2	1.5	1
2335640.0499999993	0.4	6.1	1
2368389.1499999994	0.2	5.1	1
2401195.9999999995	0.2	2.75	1
2434014.1499999994	0.2	5.3	1
2467044.3999999994	0.6	10.1	1
2500236.3499999996	0.4	7.7	1
2533631.9999999995	0.4	9.7	1
2566943.1499999994	0.2	5.5	1
2600763.0499999993	0.8	33.75	1
2634820.2499999995	0.6	11.3	1
2669060.1499999994	0.4	8.7	1
2703562.5499999993	0.6	12.5	1
2737968.6499999994	0.4	9.7	1
2772502.8499999996	0.4	6.1	1
2807191.1499999994	0.6	12.1	1
2842120.9499999993	0.6	11.5	1
2877317.4499999993	0.6	12.7	1
2912700.849999999	0.4	8.9	1
2948329.9499999993	0.6	11.7	1
2984108.1499999994	0.4	7.1	1
3020123.6499999994	0.6	11.3	1
3056309.2499999995	0.4	8.1	1
3092657.3499999996	0.6	12.5	1
3129183.9499999997	0.4	8.5	1
3165794.05	0.6	13.5	1
3204194.15	1.0	90.0	1
3242772.75	0.4	8.5	1
3281366.85	0.2	5.5	1
3320168.85	0.4	9.9	1
3359199.75	0.6	10.9	1
3398367.95	0.6	11.3	1
3437760.85	0.6	10.7	1
3477407.85	0.6	12.1	1
3517325.75	0.6	12.9	1
3557455.75	0.6	10.1	1
3597522.25	0.4	6.5	1
3637847.05	0.6	12.3	1
3678099.9499999997	0.4	6.1	1
3718468.3499999996	0.2	5.5	1
3759103.4499999997	0.6	12.7	1
3801234.8	1.0	71.25	1
3843373.25	0.2	5.1	1
3885543.2	0.2	1.5	1
3927942.0500000003	0.6	10.9	1
3970569.8000000003	0.6	10.9	1
4013313.0500000003	0.2	5.5	1
4056314.6	0.6	12.3	1
4099631.15	0.8	15.0	1
4144837.6999999997	1.0	90.0	1
4190259.2499999995	0.8	15.0	1
4235839.1	0.6	12.3	1
4281685.649999999	0.6	12.7	1
4327782.1	0.6	11.9	1
4375568.55	1.0	90.0	1
4423441.899999999	0.4	8.9	1
4471565.149999999	0.6	11.9	1
4519537.499999999	0.4	7.1	1
4567726.149999999	0.6	10.3	1
4616623.55	0.8	33.75	1
4665662.45	0.6	11.5	1
4714812.65	0.2	5.3	1
4764153.95	0.4	9.1	1
4813698.95	0.4	9.7	1
4863472.850000001	0.6	10.9	1
4913145.45	0.2	4.7	1
4962767.95	0.6	11.9	1
5012474.45	0.2	4.0	1
5062414.05	0.6	11.1	1
5112452.35	0.2	4.7	1
5162493.55	0.2	4.9	1
5212849.75	0.8	15.0	1
5263305.45	0.4	9.5	1
5313977.45	0.6	10.3	1
5364798.55	0.4	7.1	1
5415730.95	0.2	5.3	1
5466879.65	0.6	10.3	1
5518190.850000001	0.6	12.5	1
5569600.750000001	0.2	4.7	1
5621068.400000001	0.2	2.75	1
5672527.150000001	0.4	9.1	1
5724147.6000000015	0.4	7.7	1
5775862.550000002	0.2	4.5	1
5827693.000000002	0.2	5.5	1
5879381.200000002	0.2	2.75	1
5931180.700000002	0.2	5.3	1
5983004.100000002	0.4	5.9	1
6034926.200000002	0.2	4.7	1
6086959.600000002	0.2	5.3	1
6139146.300000003	0.4	7.3	1
6191599.700000003	0.6	12.7	1
6244311.400000003	0.6	12.3	1
6297264.600000003	0.6	11.5	1
6352007.800000004	1.0	90.0	1
6406988.300000004	0.6	11.3	1
6462677.550000004	0.8	33.75	1
6518515.900000003	0.4	7.1	1
6574608.350000003	0.6	12.1	1
6630971.700000003	0.6	12.9	1
6688831.300000003	1.0	71.25	1
6746636.600000002	0.6	11.7	1
6804607.800000003	0.4	7.9	1
6862681.900000002	0.2	4.9	1
6920854.700000002	0.2	4.7	1
6979155.600000002	0.4	6.1	1
7037714.800000003	0.6	12.3	1
7096323.100000002	0.4	7.1	1
7155039.300000003	0.4	9.9	1
7213838.200000003	0.4	8.7	1
7272668.600000003	0.2	1.5	1
7332995.250000004	1.0	71.25	1
7393504.600000003	0.4	8.7	1
7454175.650000003	0.4	7.7	1
7515088.200000003	0.6	11.5	1
7576099.450000003	0.2	4.7	1
7638113.200000003	1.0	52.5	1
7700297.050000003	0.4	8.1	1
7762705.600000002	0.6	10.7	1
7826216.650000002	1.0	52.5	1
7889769.200000002	0.6	11.5	1
7953538.050000002	0.6	10.3	1
8017301.400000001	0.2	4.5	1
8081318.8500000015	0.6	12.1	1
8145569.400000001	0.6	11.1	1
8209957.250000001	0.6	11.3	1
8274481.600000001	0.4	6.5	1
8339222.250000001	0.6	10.3	1
8404204.4	0.6	11.5	1
8469449.05	0.6	12.5	1
8534931.0	0.6	11.3	1
8600507.45	0.2	4.5	1
8666037.2	0.4	7.3	1
8732963.2	1.0	71.25	1
8800076.1	0.4	8.9	1
8867417.9	0.6	10.9	1
8935001.200000001	0.6	11.5	1
9002788.200000001	0.4	9.7	1
9070699.100000001	0.4	5.9	1
9138767.500000002	0.4	7.5	1
9207119.400000002	0.6	13.5	1
9276867.550000003	1.0	71.25	1
9346644.600000003	0.6	10.9	1
9416633.750000004	0.6	10.1	1
9486937.900000004	0.8	15.0	1
9557475.150000004	0.6	11.1	1
9628162.300000004	0.6	11.9	1
9699019.550000004	0.4	8.1	1
9770009.900000004	0.6	11.1	1
9841084.250000004	0.2	4.0	1
9912383.300000004	0.6	10.7	1
9983748.250000004	0.4	7.9	1
10055250.500000004	0.6	11.3	1
10126990.050000004	0.6	11.3	1
10199044.600000005	0.8	15.0	1
10271240.650000006	0.6	11.5	1
10343598.400000006	0.4	7.7	1
10415787.650000006	0.2	1.5	1
10488051.200000007	0.4	8.3	1
10560518.450000007	0.4	9.7	1
10633189.400000006	0.4	9.7	1
10705706.050000006	0.6	11.7	1
10778418.000000006	0.4	9.3	1
10851266.450000005	0.4	6.5	1
10924243.000000006	0.4	6.1	1
10997235.050000006	0.2	5.5	1
11070493.800000006	0.6	12.7	1
11143851.250000006	0.2	4.7	1
11217416.600000005	0.4	9.9	1
11291039.700000005	0.2	2.75	1
11364769.900000004	0.2	5.1	1
11438471.000000004	0.6	12.9	1
11514062.100000003	1.0	90.0	1
11589489.700000003	0.4	6.5	1
11666507.300000003	1.0	90.0	1
11743662.200000003	0.6	11.3	1
11822213.350000003	1.0	71.25	1
11900913.600000003	0.4	7.1	1
11979567.950000003	0.6	12.1	1
12058931.050000003	0.8	33.75	1
12138339.850000003	0.6	11.7	1
12217985.950000003	0.6	11.3	1
12297756.750000004	0.6	10.7	1
12377622.050000004	0.2	4.5	1
12457728.850000005	0.6	11.5	1
12537588.950000005	0.4	7.3	1
12617506.800000004	0.2	2.75	1
12697619.950000005	0.4	9.3	1
12777924.200000005	0.4	9.1	1
12859330.950000005	1.0	52.5	1
12940912.000000006	0.4	8.3	1
13022663.150000006	0.4	8.1	1
13104568.400000006	0.6	12.1	1
13186719.350000005	0.6	11.7	1
13269061.400000006	0.4	9.1	1
13351644.950000007	0.6	11.5	1
13434453.200000007	0.6	10.7	1
13517211.350000007	0.6	11.9	1
13600135.400000008	0.4	7.9	1
13683258.950000009	0.4	9.5	1
13766624.00000001	0.6	11.5	1
13849983.55000001	0.2	4.5	1
13933479.60000001	0.4	6.5	1
14016942.35000001	0.6	12.7	1
14100608.80000001	0.4	9.7	1
14184466.35000001	0.4	9.1	1
14268531.80000001	0.4	9.9	1
14352746.35000001	0.4	7.1	1
14438357.150000012	1.0	71.25	1
14524129.650000012	0.4	7.7	1
14610059.650000012	0.4	7.5	1
14696218.550000012	0.6	10.9	1
14782597.950000012	0.6	10.5	1
14869168.450000012	0.4	9.1	1
14956005.650000012	0.6	12.7	1
15043033.950000012	0.4	9.1	1
15130671.000000013	0.8	33.75	1
15218545.350000013	0.6	11.3	1
15306648.600000013	0.6	10.9	1
15394942.950000012	0.4	9.1	1
15483331.800000012	0.2	4.5	1
15571769.750000011	0.4	7.1	1
15660207.20000001	0.4	9.5	1
15748814.750000011	0.4	8.1	1
15837638.60000001	0.6	10.3	1
15926182.95000001	0.6	10.5	1
16014868.000000011	0.4	6.7	1
16103686.150000012	0.6	11.1	1
16192653.400000012	0.4	7.1	1
16281704.150000012	0.6	13.5	1
16370838.900000012	0.2	4.0	1
16460152.150000012	0.4	8.5	1
16549711.10000001	0.6	11.7	1
16639465.35000001	0.4	9.3	1
16729189.70000001	0.4	8.1	1
16818854.75000001	0.4	6.7	1
16908585.70000001	0.4	7.9	1
16998486.75000001	0.4	8.1	1
17088445.550000012	0.2	2.75	1
17178587.050000012	0.4	8.7	1
17268982.650000013	0.6	12.1	1
17359348.350000013	0.4	8.1	1
17449921.950000014	0.4	9.9	1
17542385.550000016	1.0	90.0	1
17635040.250000015	0.4	9.1	1
17727869.250000015	0.4	8.3	1
17820918.750000015	0.6	10.5	1
17914146.750000015	0.4	8.5	1
18007482.650000013	0.4	9.9	1
18100934.050000012	0.2	5.5	1
18194534.550000012	0.4	7.1	1
18288275.75000001	0.4	6.7	1
18382140.850000013	0.4	5.9	1
18475889.950000014	0.2	4.0	1
18569821.750000015	0.4	8.7	1
18663902.650000013	0.4	7.1	1
18757967.050000012	0.6	13.5	1
18852180.550000012	0.4	7.1	1
18946572.550000012	0.4	8.5	1
19041201.850000013	0.6	11.3	1
19136093.650000013	0.6	12.5	1
19231201.750000015	0.6	10.3	1
19326484.150000013	0.4	8.3	1
19421982.850000013	0.6	10.3	1
19517652.450000014	0.6	12.9	1
19613508.950000014	0.4	8.9	1
19709564.950000014	0.4	9.5	1
19805657.450000014	0.4	6.5	1
19901932.650000013	0.4	8.7	1
19998916.600000013	0.8	33.75	1
20096104.25000001	0.4	9.7	1
20193541.800000012	0.6	11.9	1
20290994.850000013	0.2	5.5	1
20388639.00000001	0.4	9.1	1
20486528.850000013	0.6	11.7	1
20584647.600000013	0.6	10.9	1
20682894.450000014	0.4	6.1	1
20781336.600000013	0.4	9.3	1
20879999.25000001	0.6	10.5	1
20978620.20000001	0.6	12.3	1
21077440.65000001	0.4	9.5	1
21176464.80000001	0.4	9.7	1
21275646.450000007	0.4	7.5	1
21375010.80000001	0.4	8.7	1
21474599.85000001	0.6	10.7	1
21574254.80000001	0.4	7.9	1
21674126.05000001	0.6	10.3	1
21774088.40000001	0.4	9.1	1
21874275.45000001	0.6	10.7	1
21974391.40000001	0.6	10.9	1
22075609.85000001	1.0	52.5	1
22177011.000000007	0.4	8.7	1
22278595.650000006	0.6	13.5	1
22380354.600000005	0.4	8.3	1
22482397.050000004	0.6	13.5	1
22584681.000000004	0.6	11.5	1
22687072.850000005	0.4	9.9	1
22789676.800000004	0.6	10.1	1
22892408.850000005	0.4	6.1	1
22995344.600000005	0.4	9.7	1
23098989.100000005	0.8	33.75	1
23202816.300000004	0.4	8.7	1
23306897.600000005	0.6	12.1	1
23411165.800000004	0.4	8.9	1
23515688.100000005	0.6	12.1	1
23620388.900000006	0.4	8.5	1
23725268.200000007	0.4	8.5	1
23831637.500000007	1.0	90.0	1
23938147.500000007	0.4	6.7	1
24044589.000000007	0.2	1.5	1
24151213.200000007	0.4	8.7	1
24258015.900000006	0.4	8.5	1
24365018.100000005	0.4	9.5	1
24472182.800000004	0.6	12.5	1
24579442.000000004	0.2	4.5	1
24686685.200000003	0.2	4.0	1
24794102.700000003	0.4	8.3	1
24901669.300000004	0.4	7.1	1
25009401.800000004	0.4	7.9	1
25117405.200000003	0.6	12.9	1
25225257.700000003	0.4	7.1	1
25333026.500000004	0.6	10.3	1
25440910.800000004	0.2	5.5	1
25548886.200000003	0.4	9.1	1
25657061.1	0.4	9.5	1
25766826.0	1.0	90.0	1
25877687.15	1.0	71.25	1
25988810.799999997	0.6	12.5	1
26100112.949999996	0.4	8.5	1
26211513.799999997	0.2	4.7	1
26323063.749999996	0.4	7.1	1
26434724.999999996	0.2	5.3	1
26546536.149999995	0.6	11.9	1
26658221.599999994	0.4	8.3	1
26770085.549999993	0.4	8.5	1
26882056.599999994	0.2	5.1	1
26994294.349999994	0.6	12.7	1
27106672.799999993	0.4	6.7	1
27219212.94999999	0.4	7.7	1
27331806.39999999	0.4	7.3	1
27444545.54999999	0.6	11.7	1
27557471.59999999	0.4	8.9	1
27670529.94999999	0.4	6.3	1
27783754.19999999	0.4	7.9	1
27897065.34999999	0.4	8.9	1
28012166.49999999	1.0	90.0	1
28127521.74999999	0.6	12.1	1
28242884.09999999	0.2	5.1	1
28358492.14999999	0.6	11.7	1
28474087.09999999	0.4	8.9	1
28589518.54999999	0.4	6.5	1
28705048.699999988	0.2	4.7	1
28820516.149999987	0.6	11.3	1
28936216.699999988	0.6	11.1	1
29052057.949999988	0.4	6.7	1
29167902.099999987	0.2	4.9	1
29283886.949999988	0.4	6.7	1
29399966.29999999	0.2	4.5	1
29516152.74999999	0.2	5.1	1
29632647.949999988	0.8	33.75	1
29749246.04999999	0.2	4.9	1
29866026.84999999	0.4	8.7	1
29983040.74999999	0.6	11.1	1
30100220.54999999	0.4	7.9	1
30217567.04999999	0.6	12.7	1
30335012.24999999	0.2	4.7	1
30452303.149999987	0.6	11.7	1
30569797.74999999	0.4	9.7	1
30687475.04999999	0.4	8.7	1
30805243.449999988	0.4	9.1	1
30923152.54999999	0.4	6.7	1
31041193.949999988	0.4	6.3	1
31159451.649999987	0.6	10.3	1
31277850.049999986	0.4	6.7	1
31396352.149999987	0.4	9.7	1
31515015.949999988	0.4	7.7	1
31633407.849999987	0.4	6.1	1
31751927.849999987	0.4	6.1	1
31870601.149999987	0.4	7.3	1
31989478.149999987	0.4	9.7	1
32108195.849999987	0.4	6.7	1
32227142.449999988	0.6	10.9	1
32346317.949999988	0.6	10.9	1
32465760.149999987	0.6	12.7	1
32585393.449999988	0.4	9.1	1
32705276.649999987	0.6	11.9	1
32825321.549999986	0.4	7.7	1
32945474.349999987	0.4	9.9	1
33065763.649999987	0.4	6.5	1
33186084.449999988	0.2	1.5	1
33306655.149999987	0.6	11.9	1
33427374.949999988	0.4	7.1	1
33549590.99999999	1.0	71.25	1
33671706.54999999	0.4	9.5	1
33793976.19999999	0.6	12.1	1
33916449.54999999	0.4	9.7	1
34038993.79999999	0.6	12.9	1
34161137.54999999	0.4	9.5	1
34283443.79999999	0.6	12.5	1
34405899.14999999	0.4	7.1	1
34528625.39999999	0.6	12.9	1
34651388.94999999	0.6	11.3	1
34774026.79999999	0.4	8.3	1
34896759.14999999	0.2	4.5	1
35019732.99999999	0.6	11.5	1
35142638.349999994	0.2	1.5	1
35265814.599999994	0.6	12.9	1
35389022.349999994	0.2	1.5	1
35512395.99999999	0.4	7.9	1
35635998.54999999	0.6	10.9	1
35759867.79999999	0.6	12.7	1
35883890.34999999	0.4	7.3	1
36009802.89999998	1.0	90.0	1
36136517.94999998	1.0	52.5	1
36263340.89999998	0.4	9.9	1
36390426.34999999	0.6	12.5	1
36517407.09999999	0.4	9.3	1
36644608.34999999	0.6	10.5	1
36771893.59999999	0.2	4.0	1
36899437.14999998	0.6	12.3	1
37026875.19999998	0.2	4.5	1
37154542.14999998	0.6	10.9	1
37282358.19999998	0.4	7.1	1
37412064.24999998	1.0	90.0	1
37542032.799999975	0.6	12.5	1
37672167.24999998	0.4	7.9	1
37802304.59999998	0.2	4.9	1
37932712.84999998	0.6	12.9	1
38063103.79999998	0.4	8.7	1
38193526.249999985	0.2	1.5	1
38324076.79999998	0.4	6.1	1
38454701.64999998	0.4	8.3	1
38585441.999999985	0.2	5.5	1
38718072.34999999	1.0	90.0	1
38850760.44999999	0.2	2.75	1
38985338.54999999	1.0	90.0	1
39120158.14999999	0.6	11.5	1
39255686.49999999	0.8	33.75	1
39392317.349999994	1.0	52.5	1
39528955.3	0.2	5.1	1
39665701.15	0.4	9.9	1
39802604.5	0.4	7.5	1
39939594.75	0.4	8.9	1
40076584.5	0.4	9.5	1
40213824.15	0.6	11.9	1
40351162.5	0.2	4.7	1
40488759.15	0.6	12.3	1
40626546.9	0.4	9.1	1
40764649.65	0.8	15.0	1
40902935.1	0.4	8.7	1
41041382.25	0.4	7.7	1
41179760.9	0.2	1.5	1
41317751.65	0.6	10.1	1
41455816.699999996	0.4	8.3	1
41594140.05	0.6	12.3	1
41732533.5	0.4	8.1	1
41871122.25	0.4	9.3	1
42009960.9	0.6	11.9	1
42149502.05	1.0	52.5	1
42289225.9	0.4	8.7	1
42430446.0	1.0	71.25	1
42571636.2	0.4	8.1	1
42712976.300000004	0.6	11.9	1
42854431.900000006	0.2	5.5	1
42996050.00000001	0.6	12.5	1
43137800.400000006	0.4	6.3	1
43279771.300000004	0.6	10.5	1
43421745.1	0.2	4.9	1
43563789.0	0.4	8.1	1
43705932.4	0.4	9.5	1
43848262.699999996	0.4	8.9	1
43990788.3	0.4	9.3	1
44133628.9	0.8	15.0	1
44276553.5	0.2	4.0	1
44419702.8	0.6	10.7	1
44562934.8	0.4	8.7	1
44706341.099999994	0.4	8.3	1
44849963.699999996	0.6	10.3	1
44993806.8	0.6	10.5	1
45137352.8	0.2	4.9	1
45281102.5	0.4	9.7	1
45424909.95	0.2	2.75	1
45568958.900000006	0.6	11.5	1
45712903.150000006	0.4	9.3	1
45857009.10000001	0.4	7.7	1
46001172.80000001	0.2	2.75	1
46145523.40000001	0.4	8.9	1
46290140.70000001	0.6	12.7	1
46435020.50000001	0.6	12.5	1
46580141.800000004	0.6	11.5	1
46725534.00000001	0.6	12.9	1
46871092.10000001	0.4	7.9	1
47016824.50000001	0.4	8.3	1
47162823.60000001	0.6	12.7	1
47308706.70000001	0.2	4.0	1
47454664.10000001	0.4	8.3	1
47600587.400000006	0.4	7.9	1
47747019.45	0.8	33.75	1
47893609.0	0.4	7.5	1
48040389.65	0.4	9.1	1
48186219.4	0.4	7.1	1
48331757.05	0.4	9.9	1
48477498.4	0.4	9.7	1
48623351.05	0.2	5.3	1
48769390.599999994	0.4	8.9	1
48915242.24999999	0.6	10.1	1
49060852.199999996	0.6	12.3	1
49206699.449999996	0.6	11.3	1
49352674.8	0.4	6.1	1
49498790.849999994	0.4	6.7	1
49645009.8	0.2	4.9	1
49791419.849999994	0.4	9.1	1
49937724.39999999	0.2	4.5	1
50083890.64999999	0.4	7.7	1
50230256.39999999	0.4	9.5	1
50376679.89999999	0.2	2.75	1
50523260.89999999	0.4	7.5	1
50669903.599999994	0.4	7.7	1
50816644.99999999	0.2	4.7	1
50963385.099999994	0.2	4.7	1
51110257.49999999	0.4	6.3	1
51257187.64999999	0.2	2.75	1
51404233.29999999	0.2	5.5	1
51551432.24999999	0.4	7.3	1
51698522.29999999	0.4	9.1	1
51846414.84999999	1.0	52.5	1
51994439.69999999	0.4	6.3	1
52142679.54999999	0.8	15.0	1
52291202.89999999	0.6	13.5	1
52439529.14999999	0.2	4.9	1
52588075.89999999	0.6	10.5	1
52736792.74999999	0.4	8.1	1
52885683.89999999	0.4	8.3	1
53034736.74999999	0.4	7.7	1
53183851.29999999	0.4	7.7	1
53332998.94999999	0.6	11.1	1
53482254.499999985	0.4	9.9	1
53631680.14999998	0.4	8.1	1
53781343.09999999	0.6	11.3	1
53931121.54999999	0.2	5.5	1
54080949.09999999	0.4	7.1	1
54230980.34999999	0.4	9.7	1
54381274.09999999	0.6	12.5	1
54531754.749999985	0.4	8.9	1
54682397.09999999	0.4	7.7	1
54833172.54999999	0.6	11.1	1
54984031.99999999	0.2	4.0	1
55134944.74999999	0.4	7.3	1
55285965.39999999	0.4	9.9	1
55437210.74999999	0.6	10.7	1
55587938.79999999	0.4	8.7	1
55738981.84999999	0.8	15.0	1
55890228.59999999	0.4	9.7	1
56041607.64999998	0.4	6.3	1
56193018.19999998	0.2	1.5	1
56344511.44999998	0.4	8.7	1
56496103.39999998	0.2	4.7	1
56647848.64999998	0.4	7.3	1
56799721.999999985	0.4	6.1	1
56951731.84999999	0.4	6.5	1
57103762.19999999	0.6	10.5	1
57256055.04999999	0.6	12.5	1
57408450.79999999	0.2	4.9	1
57560957.84999999	0.2	5.3	1
57713630.79999999	0.4	7.9	1
57867699.99999999	1.0	71.25	1
58021909.89999999	0.4	6.7	1
58176173.099999994	0.4	7.3	1
58330568.599999994	0.4	6.3	1
58484746.8	0.4	8.7	1
58639066.5	0.6	11.5	1
58793560.5	0.4	8.3	1
58948037.2	0.4	8.7	1
59102772.2	0.6	12.3	1
59257710.900000006	0.4	9.7	1
59412828.10000001	0.4	8.5	1
59568228.80000001	0.6	13.5	1
59723858.40000001	0.6	10.9	1
59879349.70000001	0.4	7.7	1
60034964.90000001	0.4	5.9	1
60190895.10000002	0.8	15.0	1
60346662.60000002	0.6	11.3	1
60502604.40000001	0.4	8.3	1
60659648.70000001	1.0	52.5	1
60816808.00000001	0.8	15.0	1
60974078.60000001	0.2	5.3	1
61131473.10000001	0.4	5.9	1
61289016.70000001	0.4	7.1	1
61446810.20000001	0.6	11.9	1
61604552.80000001	0.4	7.1	1
61762557.90000001	0.6	12.5	1
61920362.500000015	0.4	9.5	1
62077999.40000001	0.4	6.3	1
62235735.000000015	0.2	4.7	1
62393623.90000001	0.4	7.3	1
62552809.05000001	1.0	71.25	1
62712014.70000001	0.6	10.5	1
62871244.25000001	0.4	5.9	1
63030643.900000006	0.4	8.1	1
63190310.25000001	0.6	12.7	1
63350180.300000004	0.4	9.7	1
63510300.25000001	0.6	11.9	1
63670514.70000001	0.2	4.5	1
63830516.05000001	0.4	8.9	1
63990532.90000001	0.2	5.5	1
64150253.45000001	0.4	9.7	1
64309940.70000001	0.6	12.7	1
64469577.05000001	0.4	7.1	1
64629108.70000001	0.4	9.3	1
64788755.85000001	0.2	5.5	1
64948531.10000001	0.4	6.1	1
65107963.85000001	0.4	7.5	1
65267587.70000001	0.4	9.1	1
65426839.65000001	0.4	6.1	1
65586349.90000001	0.6	12.3	1
65746093.250000015	0.6	11.1	1
65905923.500000015	0.4	8.9	1
66065978.45000002	0.6	10.7	1
66226100.10000002	0.6	12.7	1
66386370.85000002	0.4	7.1	1
66546878.90000001	0.6	11.3	1
66707611.65000001	0.6	10.7	1
66868564.90000001	0.6	10.5	1
67029747.05000001	0.6	10.9	1
67191111.9	0.4	8.7	1
67351283.85000001	0.2	5.1	1
67511413.55000001	0.2	2.75	1
67671376.35000001	0.6	11.1	1
67831423.15	0.2	4.0	1
67991698.85000001	0.6	10.9	1
68152241.25000001	0.6	12.7	1
68312787.35000001	0.4	9.7	1
68473053.95	0.6	10.5	1
68633227.65	0.2	5.1	1
68793485.35000001	0.2	4.0	1
68953763.55000001	0.6	10.5	1
69114283.25000001	0.6	11.5	1
69274901.65000002	0.2	4.7	1
69435627.15000002	0.2	5.1	1
69596961.40000002	0.8	33.75	1
69758419.55000003	0.4	5.9	1
69920102.40000002	0.6	10.7	1
70081942.75000001	0.4	7.5	1
70243716.20000002	0.6	11.1	1
70405642.95000002	0.4	7.3	1
70567381.00000001	0.2	5.3	1
70729373.15000002	0.6	12.1	1
70891169.00000001	0.4	9.7	1
71053118.15000002	0.4	7.3	1
71215220.60000002	0.4	7.3	1
71377585.55000003	0.6	12.5	1
71539924.80000003	0.4	8.3	1
71701484.55000003	0.6	10.5	1
71863315.20000003	0.6	12.9	1
72025078.95000003	0.6	11.1	1
72186983.40000004	0.4	6.7	1
72348029.35000004	0.6	11.5	1
72509245.40000004	0.4	8.1	1
72670393.75000003	0.4	6.3	1
72832344.60000002	1.0	52.5	1
72994053.75000003	0.6	12.3	1
73155941.40000004	0.4	8.5	1
73317891.55000004	0.6	12.5	1
73478932.80000004	0.4	9.1	1
73640244.95000005	0.6	12.9	1
73801641.10000005	0.2	4.0	1
73962836.75000006	0.4	9.5	1
74124065.50000006	0.6	11.1	1
74286790.50000006	1.0	71.25	1
74449599.50000006	0.2	4.0	1
74612171.00000006	0.6	12.5	1
74774712.60000005	0.4	8.1	1
74936862.10000005	0.4	9.9	1
75099240.50000006	0.6	10.9	1
75261668.00000006	0.4	7.1	1
75424206.80000006	0.2	5.3	1
75586540.10000005	0.2	4.5	1
75749077.10000005	0.4	9.7	1
75911817.80000006	0.4	9.7	1
76074700.00000006	0.6	11.5	1
76237394.30000006	0.6	10.1	1
76399971.30000006	0.4	8.7	1
76562802.40000005	0.6	12.1	1
76725766.60000005	0.6	11.1	1
76888788.55000006	0.2	2.75	1
77051764.60000005	0.6	12.1	1
77214673.75000006	0.6	11.1	1
77377723.60000005	0.4	6.7	1
77540506.55000006	0.6	11.1	1
77703384.00000006	0.2	4.5	1
77866515.55000006	0.6	12.1	1
78029829.80000006	0.4	8.7	1
78193143.55000006	0.4	9.5	1
78356665.20000006	0.4	9.9	1
78520356.95000006	0.4	8.1	1
78683143.20000006	0.2	4.5	1
78845958.35000007	0.6	10.9	1
79008902.40000007	0.6	10.9	1
79172129.95000006	0.6	13.5	1
79333973.00000006	0.2	5.5	1
79495177.75000006	0.4	7.7	1
79656035.80000006	0.4	7.3	1
79817126.95000006	0.6	11.1	1
79978413.40000007	0.4	9.3	1
80139706.95000006	0.2	5.1	1
80301250.40000007	0.6	11.9	1
80462997.55000007	0.4	9.7	1
80624372.80000007	0.4	6.1	1
80785685.35000007	0.6	11.3	1
80947068.00000007	0.4	8.1	1
81108221.55000007	0.6	12.9	1
81268890.10000007	0.8	15.0	1
81430261.15000007	1.0	52.5	1
81591865.30000007	0.6	11.1	1
81753301.75000007	0.4	6.3	1
81914587.30000007	0.4	7.1	1
82076975.35000007	1.0	52.5	1
82239567.10000007	0.4	9.7	1
82402324.75000007	0.4	7.9	1
82565294.50000007	0.6	10.1	1
82728267.15000008	0.2	4.9	1
82891435.10000008	0.4	9.3	1
83054569.75000009	0.6	12.7	1
83219594.4000001	1.0	90.0	1
83384718.5500001	0.4	9.5	1
83549426.7000001	0.2	4.0	1
83713888.9500001	0.6	12.1	1
83879247.4500001	1.0	71.25	1
84044339.0500001	0.6	11.1	1
84209504.9500001	0.4	8.3	1
84374811.5500001	0.4	6.7	1
84539916.8500001	0.2	4.7	1
84704379.6500001	0.4	7.5	1
84868558.75000009	0.6	10.3	1
85032983.55000009	0.6	11.7	1
85197203.65000008	0.4	9.3	1
85361644.25000007	0.6	10.5	1
85526355.75000007	0.6	12.9	1
85691287.75000007	0.6	10.5	1
85854760.45000008	0.4	6.7	1
86018495.65000008	0.6	12.5	1
86181268.15000008	0.6	11.3	1
86344143.55000009	0.2	4.9	1
86507201.65000008	0.4	8.7	1
86670354.25000007	0.2	4.5	1
86833690.35000007	0.6	13.5	1
86997221.75000007	0.4	9.3	1
87159173.65000008	0.6	10.5	1
87321291.45000008	0.4	7.9	1
87483600.35000008	0.4	9.1	1
87645970.95000008	0.4	7.7	1
87808311.65000008	0.4	8.1	1
87970839.25000007	0.4	8.9	1
88132865.55000007	0.2	4.7	1
88295095.55000007	0.4	9.7	1
88457134.30000007	0.8	33.75	1
88619376.75000007	0.4	9.7	1
88781818.70000008	0.4	9.5	1
88944460.15000008	0.4	9.5	1
89107155.70000008	0.6	12.1	1
89269909.00000007	0.2	2.75	1
89432620.60000007	0.6	12.3	1
89595422.20000006	1.0	90.0	1
89755735.90000007	0.6	10.1	1
89915491.10000007	0.6	11.5	1
90075466.80000007	0.6	10.5	1
90234704.20000008	0.4	7.7	1
90393499.90000008	0.6	12.3	1
90552545.50000007	0.6	11.9	1
90711845.20000008	0.6	12.1	1
90870648.60000008	0.4	9.7	1
91030160.75000009	0.8	33.75	1
91188956.9000001	0.2	4.0	1
91347660.1500001	0.2	5.1	1
91505058.70000009	0.4	9.3	1
91662452.55000009	0.4	9.3	1
91819953.50000009	0.2	5.1	1
91976345.55000009	0.4	9.1	1
92132962.30000009	0.6	10.7	1
92289744.95000009	0.4	7.9	1
92445738.9000001	0.2	5.3	1
92601936.5500001	0.4	9.7	1
92758312.7000001	0.4	8.5	1
92914558.9500001	0.4	8.1	1
93070600.5000001	0.4	9.3	1
93226904.5500001	0.6	12.5	1
93383450.1000001	0.6	11.5	1
93540053.4000001	0.2	2.75	1
93696923.4000001	0.6	12.7	1
93853877.4000001	0.2	4.0	1
94011046.4000001	0.8	15.0	1
94168351.9000001	0.4	6.5	1
94325861.1000001	0.4	9.7	1
94483506.8000001	0.4	6.5	1
94640736.0000001	0.6	13.5	1
94798227.7000001	0.6	12.5	1
94956034.40000011	0.8	15.0	1
95113798.85000011	0.2	2.75	1
95271771.2000001	0.4	9.9	1
95429364.0500001	0.6	10.5	1
95587006.0000001	0.4	7.1	1
95742688.65000011	0.4	6.7	1
95898533.0000001	0.4	7.7	1
96053735.65000011	0.6	12.3	1
96209104.2000001	0.4	7.9	1
96364251.2500001	0.4	8.5	1
96519522.2000001	0.4	5.9	1
96674917.0500001	0.4	5.9	1
96830477.8000001	0.4	7.9	1
96986133.0500001	0.2	4.5	1
97140579.4000001	0.4	9.1	1
97291396.6500001	0.6	12.9	1
97442308.4000001	0.2	4.5	1
97591915.45000009	0.4	9.3	1
97740875.80000009	0.4	7.3	1
97889943.25000009	0.2	5.1	1
98039172.4000001	0.4	7.7	1
98188242.25000009	0.4	6.7	1
98337406.60000008	0.2	4.5	1
98484802.45000008	0.2	1.5	1
98630685.20000008	0.4	8.9	1
98776830.45000008	0.6	12.5	1
98924865.70000008	1.0	90.0	1
99073009.70000008	0.8	33.75	1
99220353.20000008	0.4	9.5	1
99367900.40000008	0.4	9.7	1
99515563.10000008	0.2	5.5	1
99663395.90000008	0.4	8.1	1
99811369.40000008	0.4	6.7	1
99959134.00000007	0.4	9.1	1
100107140.10000007	0.6	11.5	1
100250458.30000007	0.6	10.1	1
100393976.00000007	0.4	9.5	1
100537731.00000007	0.6	11.3	1
100682276.00000007	1.0	90.0	1
100825691.10000007	0.4	8.1	1
100969339.30000007	0.6	11.1	1
101111982.80000007	0.4	9.3	1
101254657.80000007	0.2	1.5	1
101397365.10000007	0.4	6.3	1
101540271.90000007	0.4	9.5	1
101683432.80000007	0.6	12.1	1
101826672.20000008	0.4	8.5	1
101967323.70000008	0.6	10.1	1
102108225.10000008	0.6	11.9	1
102248284.25000009	0.2	2.75	1
102388413.50000009	0.4	8.1	1
102528796.85000008	0.6	12.1	1
102669162.90000008	0.4	8.7	1
102806853.65000008	0.6	10.7	1
102944701.90000008	0.4	7.5	1
103082779.05000009	0.6	10.9	1
103219617.90000008	0.4	7.7	1
103356727.65000008	0.6	12.9	1
103493386.50000007	0.4	7.1	1
103630177.65000008	0.4	6.3	1
103767193.50000007	0.6	10.7	1
103904316.45000008	0.2	5.1	1
104042148.15000008	0.8	33.75	1
104179016.35000008	0.4	6.5	1
104316075.65000008	0.4	9.1	1
104452718.95000008	0.2	4.0	1
104589269.35000008	0.2	5.1	1
104726086.45000008	0.6	12.7	1
104863024.05000007	0.6	10.5	1
104998186.35000007	0.6	10.7	1
105133514.55000007	0.4	7.9	1
105269042.25000007	0.4	9.5	1
105404761.05000007	0.4	9.1	1
105537116.35000007	0.4	6.5	1
105667641.75000007	0.4	8.1	1
105798387.65000008	0.6	10.5	1
105929337.25000007	0.4	9.7	1
106060257.75000007	0.6	12.9	1
106191493.25000007	0.8	15.0	1
106322853.45000008	0.6	10.7	1
106454341.75000007	0.4	6.1	1
106585732.95000008	0.2	4.9	1
106717382.45000008	0.6	12.3	1
106849189.45000008	0.4	7.5	1
106980850.55000007	0.6	12.1	1
107113107.90000007	1.0	71.25	1
107245552.15000007	0.4	8.9	1
107379886.40000007	1.0	90.0	1
107514457.95000006	0.6	11.3	1
107649199.60000007	0.4	8.1	1
107784224.75000007	0.6	13.5	1
107917964.90000008	0.8	15.0	1
108050912.15000008	0.2	5.1	1
108184961.90000008	1.0	52.5	1
108319206.95000008	0.4	9.3	1
108452726.30000007	0.4	8.3	1
108584912.35000007	0.6	12.7	1
108716700.90000007	1.0	52.5	1
108846484.75000006	0.4	9.3	1
108975918.50000006	0.6	11.9	1
109105505.55000006	0.4	7.3	1
109235308.90000005	0.6	10.3	1
109364343.75000004	0.2	1.5	1
109495268.60000004	1.0	90.0	1
109627295.95000003	1.0	52.5	1
109759489.20000003	0.4	7.9	1
109891373.55000003	0.4	9.1	1
110023444.80000003	0.4	8.9	1
110155702.95000003	0.4	8.9	1
110282393.40000004	0.4	6.3	1
110408898.85000004	0.8	15.0	1
110535578.60000004	0.4	8.3	1
110662453.65000004	0.4	9.3	1
110784712.20000003	0.6	13.5	1
110907241.65000004	0.6	12.9	1
111029553.80000004	0.4	8.7	1
111151549.45000005	0.6	13.5	1
111273828.60000005	0.6	13.5	1
111396177.85000005	0.4	8.1	1
111518768.60000005	0.6	11.5	1
111641442.05000006	0.4	8.7	1
111764348.60000005	0.6	11.1	1
111887454.65000005	0.4	9.5	1
112010814.80000006	0.6	12.1	1
112134357.65000005	0.4	8.7	1
112258215.50000004	0.8	15.0	1
112382281.25000004	0.4	9.9	1
112506500.30000004	0.4	7.3	1
112630847.45000005	0.4	6.1	1
112755452.90000005	0.6	12.3	1
112880186.45000005	0.4	6.1	1
113005203.50000004	0.6	13.5	1
113130407.45000005	0.4	8.9	1
113255869.70000005	0.6	12.3	1
113381560.85000005	0.6	10.9	1
113507518.70000005	0.6	12.7	1
113633688.65000005	0.6	10.1	1
113760091.70000005	0.6	11.1	1
113886719.45000005	0.6	10.7	1
114013479.50000004	0.4	6.3	1
114140443.25000004	0.4	9.7	1
114267619.10000004	0.6	10.1	1
114395061.65000004	0.6	12.7	1
114522640.70000003	0.4	6.5	1
114650377.25000003	0.4	7.5	1
114778313.30000003	0.4	9.5	1
114906507.65000002	0.6	12.3	1
115034901.50000001	0.4	9.5	1
115163566.25000001	0.6	12.9	1
115292514.50000001	0.6	13.5	1
115421553.85000001	0.4	9.1	1
115550792.7	0.4	9.5	1
115680089.3	0.2	2.75	1
115809501.39999999	0.2	5.5	1
115939117.19999999	0.4	9.7	1
116068907.29999998	0.4	8.3	1
116198833.89999998	0.4	6.5	1
116329027.19999997	0.6	12.7	1
116459348.59999998	0.4	6.1	1
116589890.49999999	0.6	10.5	1
116720673.89999999	0.6	11.5	1
116851610.6	0.4	7.3	1
116982830.8	0.6	13.5	1
117114225.3	0.4	8.3	1
117245861.3	0.6	11.5	1
117377650.6	0.4	7.3	1
117509601.6	0.4	7.7	1
117641815.1	0.6	12.5	1
117774244.89999999	0.6	10.3	1
117906823.8	0.4	7.1	1
118039564.39999999	0.4	7.7	1
118172517.1	0.6	10.1	1
118305527.55	0.2	2.75	1
118438708.1	0.4	8.1	1
118572146.94999999	0.6	12.3	1
118705785.29999998	0.4	9.5	1
118839707.14999998	0.6	13.5	1
118973712.99999997	0.2	4.0	1
119107985.54999997	0.6	12.7	1
119242390.39999996	0.4	6.3	1
119376956.94999996	0.4	7.7	1
119511664.19999996	0.4	6.7	1
119646570.94999996	0.4	9.5	1
119781744.39999996	0.6	12.7	1
119917176.14999996	0.6	12.3	1
120052665.64999996	0.2	2.75	1
120188291.64999996	0.4	6.5	1
120324012.14999996	0.2	4.5	1
120459869.14999996	0.4	6.5	1
120595929.84999996	0.4	9.7	1
120732227.84999996	0.6	11.3	1
120868641.34999996	0.2	5.5	1
121005191.34999996	0.4	6.5	1
121141995.44999996	0.6	12.1	1
121279032.64999996	0.6	11.1	1
121416294.54999997	0.6	10.7	1
121553776.94999997	0.6	10.5	1
121691574.34999998	0.8	15.0	1
121829533.44999997	0.4	7.7	1
121967734.04999997	0.6	11.5	1
122106249.64999996	0.8	15.0	1
122244968.94999996	0.4	9.7	1
122383791.14999996	0.2	4.9	1
122522896.84999996	0.6	13.5	1
122662143.24999997	0.4	6.7	1
122801559.74999997	0.4	8.1	1
122941129.54999997	0.4	7.3	1
123080907.24999997	0.4	9.9	1
123220939.04999997	0.6	12.1	1
123361203.94999997	0.6	11.1	1
123501722.94999997	0.6	12.1	1
123642504.44999997	0.6	12.5	1
123783435.04999997	0.4	7.1	1
123924649.14999996	0.6	13.5	1
124065978.74999996	0.2	5.5	1
124207444.84999995	0.4	6.5	1
124349118.84999995	0.4	9.9	1
124491042.74999996	0.6	11.9	1
124633229.14999996	0.6	12.5	1
124775652.84999996	0.6	11.3	1
124918192.04999997	0.2	5.5	1
125060829.94999997	0.2	4.7	1
125203566.54999997	0.2	4.7	1
125346548.84999996	0.6	11.7	1
125489755.84999996	0.6	10.7	1
125633191.74999997	0.6	10.9	1
125776680.94999997	0.4	7.3	1
125920453.64999998	0.6	13.5	1
126064367.04999998	0.4	6.7	1
126208454.74999999	0.4	8.3	1
126352809.14999999	0.6	12.7	1
126497304.24999999	0.4	6.7	1
126642036.64999999	0.6	11.3	1
126786976.94999999	0.4	9.9	1
126932200.74999999	0.6	13.5	1
127077666.04999998	0.6	11.5	1
127223402.24999999	0.6	12.9	1
127369329.54999998	0.4	9.1	1
127515464.74999999	0.4	9.9	1
127661753.24999999	0.4	7.3	1
127808283.24999999	0.6	11.5	1
127955000.14999999	0.4	8.9	1
128101950.14999999	0.6	11.1	1
128249112.24999999	0.6	10.1	1
128396469.64999999	0.4	9.3	1
128544072.74999999	0.6	11.7	1
128691913.14999999	0.6	11.3	1
128839890.05	0.4	6.5	1
128988083.25	0.6	10.3	1
129136438.15	0.4	7.7	1
129284958.95	0.4	7.9	1
129433628.85000001	0.4	7.1	1
129582494.05000001	0.4	9.3	1
129731600.75000001	0.6	11.5	1
129880848.15000002	0.4	6.7	1
130030257.25000001	0.4	7.7	1
130179891.05000001	0.6	10.7	1
130329665.55000001	0.4	6.7	1
130479660.55000001	0.6	10.5	1
130629792.05000001	0.4	6.5	1
130780102.05000001	0.4	8.5	1
130930727.05000001	0.8	15.0	1
131081522.15	0.4	8.1	1
131232550.35000001	0.6	11.1	1
131383740.25000001	0.4	7.7	1
131535184.25000001	0.6	12.1	1
131686911.75000001	0.6	13.5	1
131838813.55000001	0.4	8.3	1
131990877.05000001	0.4	7.7	1
132143198.85000001	0.6	12.3	1
132295728.55000001	0.4	9.9	1
132448491.35000001	0.6	11.1	1
132601462.05000001	0.4	9.9	1
132754628.05000001	0.4	9.3	1
132908060.75000001	0.6	12.7	1
133061629.95000002	0.4	6.5	1
133215449.05000001	0.6	11.9	1
133369583.15	0.8	15.0	1
133523887.35000001	0.4	8.1	1
133678382.65	0.4	9.1	1
133833127.85000001	0.6	11.9	1
133988122.95	0.6	11.9	1
134143276.35000001	0.6	12.3	1
134298700.65	0.6	12.9	1
134454345.45000002	0.6	10.5	1
134610210.75000003	0.6	10.5	1
134766342.75000003	0.6	12.7	1
134922741.45000002	0.6	12.7	1
135079377.45000002	0.6	11.3	1
135236271.75000003	0.6	12.3	1
135393428.55000004	0.6	12.5	1
135550822.65000004	0.6	11.3	1
135708483.45000005	0.6	12.7	1
135866385.75000006	0.6	11.5	1
136024503.05000007	0.8	15.0	1
136181582.85000008	0.6	12.5	1
136338883.1500001	0.6	10.5	1
136496408.1500001	0.6	10.7	1
136654199.85000008	0.6	12.7	1
136812195.2500001	0.4	9.7	1
136970402.7500001	0.6	10.1	1
137128834.95000008	0.6	10.7	1
137287508.65000007	0.6	11.5	1
137446436.45000008	0.6	12.1	1
137605647.7500001	0.6	13.5	1
137765104.7500001	0.6	11.7	1
137924832.6500001	0.6	12.9	1
138084806.2500001	0.6	11.7	1
138245063.35000008	0.6	13.5	1
138405582.95000008	0.6	12.5	1
138566373.45000008	0.6	12.9	1
138727363.45000008	0.4	9.5	1
138888611.7500001	0.6	12.3	1
139050067.95000008	0.4	9.9	1
139211769.85000008	0.6	11.7	1
139373786.7500001	0.8	15.0	1
139536074.5500001	0.6	12.9	1
139698599.6500001	0.6	11.3	1
139861332.6500001	0.4	9.9	1
140024302.9500001	0.6	11.3	1
140187472.75000012	0.4	9.5	1
140350879.8500001	0.6	11.3	1
140514545.25000012	0.6	12.3	1
140678435.3500001	0.6	10.7	1
140842391.3500001	0.4	7.9	1
141006534.25000012	0.4	8.9	1
141170876.65000013	0.4	9.5	1
141335355.55000013	0.4	6.5	1
141500149.45000014	0.8	15.0	1
141665067.25000015	0.4	5.9	1
141830125.75000015	0.4	6.7	1
141995362.75000015	0.4	8.5	1
142160723.65000015	0.4	5.9	1
142326250.45000017	0.4	7.9	1
142491968.35000017	0.4	9.1	1
142657873.15000018	0.4	8.9	1
142823901.85000017	0.4	5.9	1
142990104.85000017	0.4	8.3	1
143156461.15000018	0.4	7.3	1
143323037.9500002	0.6	10.5	1
143489747.0500002	0.4	6.3	1
143656655.65000018	0.4	9.5	1
143823767.9500002	0.4	9.7	1
143991054.5500002	0.4	8.3	1
144158325.15000018	0.2	4.0	1
144325858.25000018	0.6	12.5	1
144493641.25000018	0.6	11.9	1
144661678.35000017	0.6	12.1	1
144829847.75000018	0.4	6.3	1
144998204.0500002	0.4	8.9	1
145166738.8500002	0.4	8.5	1
145335443.7500002	0.4	8.1	1
145504301.9500002	0.4	7.3	1
145673309.2500002	0.4	7.1	1
145842457.2500002	0.4	6.7	1
146011859.3500002	0.6	12.1	1
146181490.3500002	0.6	10.9	1
146351350.2500002	0.6	10.9	1
146521460.05000022	0.6	11.9	1
146691607.1500002	0.6	11.3	1
146861932.7500002	0.4	8.5	1
147032394.8500002	0.4	6.5	1
147203171.9500002	0.8	15.0	1
147374051.9500002	0.2	4.9	1
147545043.2500002	0.2	5.3	1
147716297.05000022	0.6	12.5	1
147887687.35000023	0.4	6.5	1
148059331.75000024	0.6	12.1	1
148231217.65000024	0.6	11.5	1
148403340.85000023	0.6	11.3	1
148575630.75000024	0.6	12.7	1
148748629.40000024	0.8	33.75	1
148921894.75000024	0.6	12.7	1
149095347.00000024	0.4	8.9	1
149269040.75000024	0.6	11.5	1
149442829.00000024	0.2	4.5	1
149616799.95000023	0.4	8.7	1
149790941.00000024	0.4	8.1	1
149965256.35000023	0.4	8.3	1
150139792.20000023	0.6	10.5	1
150314435.1500002	0.2	5.1	1
150489786.8500002	0.8	33.75	1
150665245.6500002	0.2	5.1	1
150840798.95000023	0.2	4.5	1
151016484.55000022	0.4	6.3	1
151192390.6500002	0.6	10.5	1
151368328.2500002	0.2	1.5	1
151544503.1500002	0.6	11.3	1
151720831.3500002	0.4	7.3	1
151897266.6500002	0.2	5.1	1
152073972.8500002	0.6	12.9	1
152250912.1500002	0.6	11.1	1
152427975.3500002	0.4	5.9	1
152605133.0500002	0.2	4.5	1
152782544.8500002	0.6	12.1	1
152960168.7500002	0.6	10.1	1
153137895.55000022	0.2	4.9	1
153315729.45000023	0.2	5.1	1
153493733.45000023	0.4	8.1	1
153671949.55000022	0.6	10.1	1
153850306.35000023	0.4	6.7	1
154028858.45000023	0.4	9.3	1
154207509.25000024	0.2	4.7	1
154386384.75000024	0.6	10.7	1
154565526.95000023	0.6	12.7	1
154744843.45000023	0.4	8.3	1
154924305.6500002	0.6	11.7	1
155104034.55000022	0.6	12.7	1
155283971.35000023	0.4	9.9	1
155464048.85000023	0.4	6.7	1
155644250.25000024	0.4	5.9	1
155824625.95000023	0.4	8.3	1
156005108.75000024	0.2	5.1	1
156185749.05000025	0.4	7.5	1
156366488.05000025	0.2	4.7	1
156547426.55000025	0.4	9.5	1
156728619.15000024	0.6	12.1	1
156910053.25000024	0.6	11.5	1
157091611.25000024	0.4	5.9	1
157273351.95000023	0.4	8.7	1
157455233.35000023	0.4	6.7	1
157637297.45000023	0.4	8.7	1
157819489.6500002	0.4	6.1	1
158001914.95000023	0.6	11.1	1
158184480.95000023	0.4	6.7	1
158367361.95000023	0.8	15.0	1
158550274.45000023	0.2	1.5	1
158733420.05000022	0.6	11.1	1
158916668.55000022	0.2	4.9	1
159100087.1500002	0.4	8.1	1
159283638.05000022	0.4	6.3	1
159467300.2500002	0.2	5.3	1
159651671.2000002	0.8	33.75	1
159836750.90000018	0.8	33.75	1
160022021.7000002	0.4	9.1	1
160207441.6000002	0.4	7.1	1
160393103.0000002	0.6	11.5	1
160578972.30000022	0.4	9.9	1
160764999.10000023	0.4	7.5	1
160951296.80000022	0.6	12.9	1
161137810.80000022	0.6	10.3	1
161324440.30000022	0.2	5.5	1
161511328.10000023	0.6	12.3	1
161698323.00000024	0.2	5.1	1
161885446.00000024	0.4	6.1	1
162072739.10000023	0.4	8.1	1
162260147.70000023	0.2	5.5	1
162447827.20000023	0.6	12.9	1
162635655.80000022	0.4	7.1	1
162823725.9000002	0.6	11.5	1
163011928.30000022	0.4	6.3	1
163200233.60000023	0.2	4.9	1
163388742.60000023	0.4	9.7	1
163577467.90000024	0.6	10.3	1
163766287.70000026	0.2	4.5	1
163955315.40000024	0.4	9.9	1
164145445.60000023	1.0	52.5	1
164335687.10000023	0.2	5.3	1
164526186.90000024	0.6	12.3	1
164716814.80000025	0.4	6.1	1
164907671.60000026	0.6	10.9	1
165098694.30000025	0.4	7.9	1
165289958.50000024	0.6	11.5	1
165481413.80000025	0.4	9.1	1
165672900.60000026	0.2	1.5	1
165864502.90000027	0.2	5.5	1
166056304.7000003	0.4	9.5	1
166248373.2000003	0.6	12.7	1
166440525.7000003	0.2	4.0	1
166632810.5000003	0.4	6.3	1
166825320.0000003	0.6	10.7	1
167017961.8000003	0.4	6.3	1
167210790.5000003	0.4	8.9	1
167403755.7000003	0.4	6.5	1
167596882.6000003	0.4	7.7	1
167790213.2000003	0.4	9.7	1
167983671.90000027	0.4	6.1	1
168177283.90000027	0.4	7.3	1
168371045.00000027	0.4	7.1	1
168564946.80000028	0.4	6.7	1
168759081.7000003	0.6	11.1	1
168953403.5000003	0.4	8.9	1
169147916.4000003	0.4	9.1	1
169342675.0000003	0.6	11.7	1
169537517.6000003	0.2	4.0	1
169732488.30000028	0.4	6.1	1
169927582.90000027	0.4	5.9	1
170122860.2000003	0.4	8.7	1
170318387.40000027	0.6	11.9	1
170514151.90000027	0.6	11.3	1
170710069.7000003	0.4	7.3	1
170906195.40000027	0.4	9.9	1
171102579.40000027	0.6	12.3	1
171299188.10000026	0.6	10.7	1
171496029.90000027	0.6	11.1	1
171693079.60000026	0.4	9.9	1
171890387.60000026	0.6	12.3	1
172087895.10000026	0.4	9.5	1
172285669.30000025	0.6	12.7	1
172483527.50000024	0.2	4.0	1
172681564.20000023	0.4	8.5	1
172880703.4000002	1.0	52.5	1
173080054.70000023	0.6	10.1	1
173279668.50000024	0.6	12.5	1
173479460.80000025	0.4	8.5	1
173679482.00000024	0.6	10.9	1
173879677.50000024	0.4	8.3	1
174080001.10000023	0.4	6.1	1
174280490.60000023	0.4	7.9	1
174481234.20000023	0.6	12.1	1
174682031.10000023	0.4	7.3	1
174882922.50000024	0.2	4.5	1
175083967.20000023	0.4	7.3	1
175285240.80000022	0.6	10.9	1
175486768.5000002	0.6	12.1	1
175688478.9000002	0.4	8.7	1
175890443.4000002	0.6	12.1	1
176092624.20000023	0.6	10.3	1
176294991.9000002	0.4	8.9	1
176497596.9000002	0.6	11.3	1
176701698.1500002	1.0	71.25	1
176906053.5000002	0.6	12.1	1
177110503.3500002	0.2	4.5	1
177315051.9000002	0.2	4.7	1
177519707.55000022	0.2	5.1	1
177724461.9000002	0.2	4.7	1
177929499.7500002	0.6	13.5	1
178134695.1000002	0.4	7.5	1
178340018.5500002	0.4	6.1	1
178546050.75000018	0.8	33.75	1
178752177.45000017	0.2	4.5	1
178958411.25000018	0.2	5.1	1
179164676.5500002	0.2	1.5	1
179371128.75000018	0.4	8.9	1
179577839.25000018	0.6	12.3	1
179784761.85000017	0.6	10.1	1
179991892.35000017	0.4	9.9	1
180199230.75000018	0.4	9.9	1
180406701.45000017	0.4	6.3	1
180614367.45000017	0.4	9.3	1
180822186.75000018	0.4	7.3	1
181030122.35000017	0.6	10.3	1
181238219.65000018	0.4	7.7	1
181446600.4500002	0.6	13.5	1
181655092.5500002	0.2	5.3	1
181863817.75000018	0.6	11.1	1
182072767.65000018	0.6	10.7	1
182281967.4500002	0.6	11.9	1
182491324.7500002	0.4	7.5	1
182700843.7500002	0.4	7.7	1
182910461.4500002	0.2	4.7	1
183120211.4500002	0.4	6.3	1
183330276.4500002	0.8	15.0	1
183541050.2000002	0.8	33.75	1
183752052.8500002	0.6	10.9	1
183963313.8000002	0.6	12.3	1
184174757.4500002	0.4	8.7	1
184386354.40000018	0.4	7.3	1
184598150.85000017	0.4	9.5	1
184810104.80000016	0.4	7.5	1
185022321.25000015	0.6	12.5	1
185234720.40000015	0.4	8.7	1
185447323.25000015	0.4	9.7	1
185660050.00000015	0.4	5.9	1
185872909.05000016	0.4	6.3	1
186086022.20000017	0.6	12.1	1
186300631.60000017	1.0	71.25	1
186515348.10000017	0.2	5.1	1
186730188.50000018	0.4	5.9	1
186945136.00000018	0.2	5.1	1
187160291.40000018	0.4	9.9	1
187375541.3000002	0.2	4.5	1
187590894.1000002	0.2	4.9	1
187806438.0000002	0.4	9.1	1
188022227.6000002	0.6	11.7	1
188238166.3000002	0.4	7.1	1
188454212.1000002	0.2	5.1	1
188670457.4000002	0.4	9.5	1
188888198.95000023	1.0	71.25	1
189105972.00000024	0.2	1.5	1
189323969.75000024	0.6	10.7	1
189542238.40000024	0.6	12.9	1
189760605.75000024	0.2	4.7	1
189979155.80000025	0.4	8.7	1
190197867.55000025	0.4	7.7	1
190416762.00000024	0.4	8.7	1
190635872.75000024	0.6	10.3	1
190855107.40000024	0.4	5.9	1
191074520.55000025	0.4	8.5	1
191294036.60000026	0.2	4.9	1
191513739.55000025	0.4	8.9	1
191733684.00000024	0.6	11.5	1
191953735.55000025	0.2	5.1	1
192174102.10000026	0.8	15.0	1
192394634.55000025	0.4	7.9	1
192615345.50000024	0.4	8.5	1
192836197.15000024	0.4	6.7	1
193057202.10000023	0.4	7.3	1
193278402.35000023	0.4	9.3	1
193500705.10000023	1.0	52.5	1
193723261.95000023	0.6	12.1	1
193945967.9000002	0.4	7.1	1
194170170.1000002	1.0	71.25	1
194394534.0000002	0.4	7.7	1
194619047.0000002	0.4	7.1	1
194843738.5000002	0.4	8.5	1
195068625.30000022	0.4	9.3	1
195293623.4000002	0.2	5.3	1
195518753.80000022	0.4	6.3	1
195744050.10000023	0.4	7.9	1
195969453.50000024	0.2	5.1	1
196195056.40000024	0.4	9.5	1
196420795.80000025	0.4	6.5	1
196646650.70000026	0.2	5.5	1
196872776.50000027	0.6	12.9	1
197098934.60000026	0.4	6.3	1
197325304.80000025	0.6	10.1	1
197551845.10000026	0.4	8.1	1
197778416.90000027	0.2	1.5	1
198005205.00000027	0.6	10.3	1
198232701.85000026	0.8	33.75	1
198460273.00000027	0.4	8.3	1
198687968.05000028	0.4	5.9	1
198915866.80000028	0.4	9.7	1
199143931.4500003	0.4	7.9	1
199372204.0000003	0.4	9.9	1
199600743.2500003	0.6	12.7	1
199829597.5000003	0.8	15.0	1
200058647.0500003	0.4	9.3	1
200287925.5000003	0.6	10.9	1
200517336.2500003	0.4	6.3	1
200746870.9000003	0.4	5.9	1
200976638.6500003	0.6	11.1	1
201206555.5000003	0.4	7.1	1
201436659.2500003	0.4	8.9	1
201666941.5000003	0.4	8.5	1
201897435.8500003	0.6	10.1	1
202128037.30000028	0.2	5.1	1
202358696.50000027	0.2	2.75	1
202589639.20000026	0.6	13.5	1
202820823.40000024	0.6	11.5	1
203052215.50000024	0.4	9.9	1
203283861.70000023	0.6	12.1	1
203515678.00000024	0.4	8.1	1
203747643.40000024	0.4	7.1	1
203979846.10000023	0.6	11.3	1
204212172.70000023	0.4	5.9	1
204444614.80000022	0.2	5.5	1
204677227.0000002	0.4	8.1	1
204910068.1000002	0.6	10.9	1
205143159.1000002	0.6	11.9	1
205376411.8000002	0.4	7.7	1
205609838.8000002	0.4	8.3	1
205843507.3000002	0.6	11.5	1
206077333.3000002	0.4	7.5	1
206311426.00000018	0.6	12.7	1
206545739.20000017	0.6	10.5	1
206780230.90000015	0.4	8.5	1
207014913.70000017	0.4	9.1	1
207249880.00000018	0.6	13.5	1
207485104.60000017	0.6	12.3	1
207720444.70000017	0.2	5.5	1
207955959.10000017	0.4	8.3	1
208191610.00000018	0.4	6.5	1
208427447.8000002	0.4	8.9	1
208663493.50000018	0.4	9.9	1
208899609.3000002	0.4	8.1	1
209135987.6000002	0.6	12.5	1
209373074.6500002	0.8	33.75	1
209610257.0000002	0.4	9.3	1
209847470.8500002	0.2	1.5	1
210084867.4000002	0.4	8.7	1
210322366.8500002	0.2	4.9	1
210560128.8000002	0.6	12.5	1
210798157.4500002	0.6	12.7	1
211036436.0000002	0.6	11.9	1
211274838.4500002	0.4	5.9	1
211513377.40000018	0.4	6.5	1
211752149.4500002	0.6	11.1	1
211991175.6000002	0.6	12.1	1
212230376.0500002	0.4	8.3	1
212469792.8000002	0.6	10.3	1
212709383.8500002	0.4	8.3	1
212949208.0000002	0.6	11.1	1
213189219.05000022	0.4	8.9	1
213429459.0000002	0.6	10.9	1
213669856.4500002	0.4	7.5	1
213910499.6000002	0.6	11.7	1
214151409.4500002	0.6	12.7	1
214392523.0000002	0.4	9.7	1
214633869.6500002	0.6	11.1	1
214875378.0000002	0.4	7.7	1
215117035.4500002	0.4	7.1	1
215358804.2000002	0.2	5.3	1
215600705.2500002	0.4	6.3	1
215842805.80000022	0.4	9.5	1
216085615.10000023	0.8	33.75	1
216328695.30000022	0.6	12.9	1
216571837.20000023	0.4	7.7	1
216815090.4000002	0.2	5.3	1
217058442.30000022	0.2	4.7	1
217301968.5000002	0.4	8.3	1
217545681.6000002	0.4	8.9	1
217789543.8000002	0.4	7.1	1
218033542.50000018	0.4	6.5	1
218277652.50000018	0.2	5.3	1
218521878.00000018	0.2	5.5	1
218766418.50000018	0.8	15.0	1
219011120.70000017	0.4	7.7	1
219256077.00000018	0.6	12.1	1
219501136.20000017	0.2	4.9	1
219746478.90000015	0.6	13.5	1
219992033.70000017	0.6	10.1	1
220237720.80000016	0.4	6.3	1
220483624.20000017	0.6	10.3	1
220729735.50000018	0.4	9.9	1
220975970.70000017	0.4	5.9	1
221222422.20000017	0.6	10.3	1
221468989.20000017	0.2	5.5	1
221715806.10000017	0.6	11.9	1
221962746.90000018	0.4	5.9	1
222209929.2000002	0.6	11.5	1
222457395.0000002	0.6	13.5	1
222705077.1000002	0.6	10.3	1
222953009.1000002	0.6	11.9	1
223201132.2000002	0.4	9.1	1
223449333.8000002	0.4	8.5	1
223697776.90000018	0.6	11.5	1
223946465.7000002	0.6	11.7	1
224195379.2000002	0.6	10.7	1
224444559.40000018	0.6	12.7	1
224693930.7000002	0.4	9.1	1
224943526.7000002	0.6	10.7	1
225190476.0000002	0.4	7.3	1
225437612.2000002	0.4	8.9	1
225684943.7000002	0.4	9.3	1
225932457.90000018	0.4	8.7	1
226180188.40000018	0.6	10.3	1
226428156.2000002	0.6	11.3	1
226676289.90000018	0.4	7.9	1
226924648.3000002	0.6	10.7	1
227173197.8000002	0.4	9.1	1
227421925.8000002	0.4	8.5	1
227670802.90000018	0.4	7.1	1
227919841.7000002	0.4	7.7	1
228169113.6000002	0.6	11.1	1
228418543.0000002	0.4	7.5	1
228668176.1000002	0.4	9.7	1
228917983.5000002	0.4	8.3	1
229168019.80000022	0.6	10.9	1
229418293.4000002	0.6	11.3	1
229668753.9000002	0.4	8.9	1
229919392.9000002	0.4	8.5	1
230170260.80000022	0.6	10.9	1
230421290.4000002	0.4	7.7	1
230672502.70000023	0.4	8.7	1
230923927.10000023	0.6	10.1	1
231175572.00000024	0.6	10.5	1
231427429.00000024	0.6	10.1	1
231679464.50000024	0.4	8.5	1
231931665.90000024	0.4	7.9	1
232184066.80000025	0.4	9.5	1
232436621.00000024	0.4	7.3	1
232689387.30000025	0.6	10.1	1
232942332.10000026	0.4	8.5	1
233195434.40000027	0.4	7.5	1
233448694.2000003	0.4	7.5	1
233702174.5000003	0.6	10.5	1
233955824.9000003	0.4	8.1	1
234209679.0000003	0.4	9.7	1
234463774.6000003	0.6	11.5	1
234718044.5000003	0.4	8.3	1
234972505.5000003	0.4	9.1	1
235227145.0000003	0.4	8.5	1
235481963.0000003	0.4	8.5	1
235737014.1000003	0.6	11.1	1
235992285.7000003	0.6	10.5	1
236247614.80000028	0.4	7.5	1
236502975.40000027	0.2	1.5	1
236758451.50000027	0.2	5.5	1
237014034.70000026	0.2	5.1	1
237269825.80000025	0.4	9.9	1
237525900.40000024	0.6	13.5	1
237782224.90000024	0.6	11.9	1
238038799.30000025	0.6	11.9	1
238295564.80000025	0.4	9.1	1
238552454.20000026	0.4	5.9	1
238809534.70000026	0.4	9.1	1
239066881.90000024	0.6	12.7	1
239324336.20000026	0.2	5.1	1
239582040.40000024	0.6	11.9	1
239840011.30000025	0.6	12.7	1
240098139.70000026	0.4	7.5	1
240356383.60000026	0.2	5.5	1
240614785.00000027	0.4	7.5	1
240873217.90000027	0.2	1.5	1
241131846.10000026	0.4	9.3	1
241390532.05000025	0.2	2.75	1
241649425.90000024	0.4	9.9	1
241908473.05000025	0.4	7.3	1
242167728.10000026	0.4	9.9	1
242427170.05000025	0.4	8.9	1
242686643.50000024	0.2	1.5	1
242946295.45000023	0.4	8.5	1
243206209.9000002	0.6	12.5	1
243466218.8500002	0.2	4.5	1
243726368.5000002	0.4	6.7	1
243986730.2500002	0.6	10.1	1
244247199.1000002	0.2	5.1	1
244507766.6500002	0.2	4.7	1
244768584.1000002	0.6	11.9	1
245029508.6500002	0.2	5.1	1
245290603.30000022	0.4	8.1	1
245551943.6500002	0.6	11.7	1
245813420.5000002	0.4	6.5	1
246075004.4500002	0.2	5.1	1
246336734.1000002	0.6	11.7	1
246598596.0500002	0.4	6.3	1
246860716.3000002	0.6	12.3	1
247122935.25000018	0.2	4.7	1
247385315.90000018	0.4	7.7	1
247647933.85000017	0.6	11.3	1
247910776.50000018	0.6	10.7	1
248173722.0500002	0.2	4.9	1
248436888.1000002	0.6	10.5	1
248700291.4500002	0.6	11.3	1
248963806.1000002	0.2	5.3	1
249227478.2500002	0.4	7.5	1
249491370.9000002	0.6	10.5	1
249755442.05000022	0.4	8.5	1
250019624.5000002	0.2	5.3	1
250284027.4500002	0.6	10.5	1
250548663.5000002	0.6	11.1	1
250813423.4500002	0.4	5.9	1
251078433.3000002	0.6	11.9	1
251343558.65000018	0.2	5.5	1
251608967.50000018	0.6	13.5	1
251874659.85000017	0.6	13.5	1
252140555.90000018	0.4	9.7	1
252406535.9500002	0.2	4.0	1
252672686.1000002	0.4	8.1	1
252939102.9500002	0.6	12.7	1
253205752.90000018	0.6	11.1	1
253472581.35000017	0.4	8.5	1
253739613.50000018	0.4	9.7	1
254006929.15000018	0.6	13.5	1
254274398.10000017	0.4	7.3	1
254542079.15000018	0.6	10.1	1
254809930.3000002	0.4	8.1	1
255078031.3500002	0.6	11.9	1
255346244.5000002	0.6	10.1	1
255614678.1500002	0.6	10.5	1
255883248.30000022	0.4	6.5	1
256152089.35000023	0.6	12.9	1
256421142.50000024	0.6	10.1	1
256690374.15000024	0.4	8.5	1
256959826.30000025	0.6	10.5	1
257229519.95000026	0.6	11.5	1
257499329.10000026	0.2	5.5	1
257769287.35000026	0.4	7.1	1
258039440.90000027	0.4	9.3	1
258309877.9500003	0.6	13.5	1
258580535.5000003	0.6	10.5	1
258851409.3500003	0.6	10.3	1
259122491.1000003	0.4	9.9	1
259393721.9500003	0.4	7.1	1
259665110.30000028	0.4	7.5	1
259936635.15000027	0.4	6.5	1
260208342.7000003	0.4	8.7	1
260480216.15000027	0.4	7.9	1
260752331.10000026	0.6	11.5	1
261024477.55000025	0.2	1.5	1
261296939.00000024	0.8	15.0	1
261569549.55000025	0.4	7.1	1
261842334.40000024	0.4	8.3	1
262115381.75000024	0.6	12.5	1
262388628.60000023	0.4	9.5	1
262661959.45000023	0.2	4.0	1
262935468.80000022	0.4	8.5	1
263209081.05000022	0.2	4.9	1
263482842.4000002	0.4	7.1	1
263756811.6500002	0.4	9.9	1
264030967.80000022	0.4	8.9	1
264305357.05000022	0.6	11.1	1
264579777.80000022	0.2	1.5	1
264854513.55000022	0.8	15.0	1
265129503.4000002	0.6	12.1	1
265404600.3500002	0.2	5.1	1
265679800.2000002	0.2	4.9	1
265955174.3500002	0.4	8.3	1
266230710.2000002	0.4	7.7	1
266506458.15000018	0.6	10.1	1
266782443.40000018	0.6	11.3	1
267058460.15000018	0.2	1.5	1
267334710.00000018	0.6	11.1	1
267611188.75000018	0.6	10.9	1
267888376.25000018	0.8	33.75	1
268165742.25000018	0.4	8.5	1
268443366.5500002	0.6	12.3	1
268721089.5500002	0.2	4.7	1
268998970.0500002	0.4	7.5	1
269277062.6500002	0.6	10.1	1
269555308.5500002	0.4	7.3	1
269833662.3500002	0.4	9.9	1
270112331.1500002	0.8	15.0	1
270391262.4500002	0.6	12.5	1
270670359.6500002	0.4	7.9	1
270949563.9500002	0.2	5.1	1
271228883.75000024	0.2	5.5	1
271508287.55000025	0.2	4.0	1
271787962.25000024	0.6	12.9	1
272067735.6500002	0.2	4.7	1
272347670.75000024	0.4	7.7	1
272627920.85000026	0.8	15.0	1
272908324.25000024	0.4	7.3	1
273188952.35000026	0.6	10.7	1
273469611.9500003	0.2	1.5	1
273750420.6500003	0.4	7.1	1
274031361.6500003	0.4	6.3	1
274312401.35000026	0.2	4.7	1
274593606.9500003	0.4	7.9	1
274874844.0500003	0.2	1.5	1
275156331.0500003	0.6	11.9	1
275437912.5500003	0.2	4.5	1
275719525.5500003	0.2	1.5	1
276001350.65000033	0.6	10.1	1
276283490.75000036	0.8	15.0	1
276566633.3500004	1.0	52.5	1
276849946.05000037	0.4	8.1	1
277133967.50000036	0.8	33.75	1
277418046.70000035	0.2	2.75	1
277702329.6000003	0.4	9.7	1
277986824.6000003	0.6	10.1	1
278272028.3500003	0.8	33.75	1
278557452.6000003	0.6	10.5	1
278842934.6000003	0.2	2.75	1
279128582.5000003	0.4	7.9	1
279414329.1000003	0.2	4.7	1
279701178.20000035	1.0	52.5	1
279988189.00000036	0.4	7.7	1
280275466.50000036	0.6	12.7	1
280562918.30000037	0.4	8.3	1
280850599.00000036	0.6	10.9	1
281138466.6000004	0.4	8.9	1
281426418.2000004	0.2	4.0	1
281714510.5000004	0.4	6.7	1
282002806.5000004	0.4	9.7	1
282291318.8000004	0.6	10.3	1
282579980.2000004	0.4	7.1	1
282868673.1000004	0.2	1.5	1
283157582.30000037	0.6	10.3	1
283446632.20000035	0.4	6.7	1
283735940.40000033	0.6	12.3	1
284025364.1000003	0.2	5.5	1
284314882.3000003	0.2	4.5	1
284604532.8000003	0.4	6.3	1
284894378.6000003	0.4	9.3	1
285184282.15000033	0.2	2.75	1
285474414.6000003	0.6	10.9	1
285764704.5500003	0.4	7.5	1
286055194.0000003	0.4	9.5	1
286345945.9500003	0.6	12.5	1
286636868.0000003	0.4	8.1	1
286928023.1500003	0.6	11.1	1
287219314.80000025	0.4	6.5	1
287510784.9500002	0.4	8.5	1
287802429.4000002	0.4	8.3	1
288094332.1500002	0.6	12.3	1
288386266.4000002	0.2	1.5	1
288678379.1500002	0.4	8.5	1
288970549.6500002	0.2	2.75	1
289262936.4500002	0.6	10.3	1
289555434.55000025	0.2	5.3	1
289848115.35000026	0.4	8.7	1
290140911.6500003	0.2	5.5	1
290433932.6500003	0.6	10.7	1
290727077.55000025	0.4	5.9	1
291020400.9500002	0.4	8.5	1
291313865.05000025	0.4	6.7	1
291607562.25000024	0.6	11.1	1
291901496.75000024	0.6	11.3	1
292195693.75000024	0.6	12.5	1
292490136.4500002	0.6	11.7	1
292784778.6500002	0.4	9.5	1
293080129.6000002	0.8	33.75	1
293375751.4500002	0.6	12.9	1
293671522.4000002	0.4	7.1	1
293967455.0500002	0.4	7.7	1
294263583.0000002	0.4	9.3	1
294559906.2500002	0.4	9.3	1
294856328.20000017	0.2	4.7	1
295153016.85000014	0.6	12.7	1
295449934.40000015	0.6	10.9	1
295747047.2500002	0.4	9.3	1
296044309.20000017	0.4	7.1	1
296341703.45000017	0.4	6.3	1
296639196.40000015	0.2	4.7	1
296936804.85000014	0.2	5.5	1
297234621.20000017	0.4	9.9	1
297532603.45000017	0.4	7.9	1
297830739.0000002	0.4	7.3	1
298129090.8500002	0.6	10.3	1
298427374.2000002	0.2	1.5	1
298725773.05000025	0.2	5.5	1
299024405.00000024	0.6	11.1	1
299323286.85000026	0.6	11.9	1
299622368.2000003	0.4	9.5	1
299921670.0500003	0.6	10.5	1
300221209.2000003	0.6	11.3	1
300520922.6500003	0.4	8.3	1
300820835.60000026	0.4	9.5	1
301120960.6500003	0.6	10.1	1
301421201.2000003	0.2	5.5	1
301721620.2500003	0.4	8.5	1
302023141.8000003	1.0	52.5	1
302324946.8500003	0.6	13.5	1
302626997.6000003	0.6	11.7	1
302929315.0500003	0.6	12.7	1
303231853.0000003	0.6	10.5	1
303534573.6500003	0.4	8.7	1
303837426.60000026	0.4	6.3	1
304140390.85000026	0.2	5.3	1
304443638.60000026	0.6	13.5	1
304747094.25000024	0.4	9.9	1
305050757.80000025	0.4	9.9	1
305354654.4500002	0.6	11.1	1
305658750.6000002	0.4	9.5	1
305962983.2500002	0.4	6.5	1
306267323.0000002	0.2	5.1	1
306571879.0500002	0.6	10.3	1
306876750.1000002	0.8	15.0	1
307181883.6500002	0.6	12.5	1
307487199.9000002	0.4	8.7	1
307792766.0500002	0.6	11.9	1
308098594.70000017	0.6	12.5	1
308404639.65000015	0.6	10.3	1
308710863.10000014	0.4	8.5	1
309017298.65000015	0.6	10.1	1
309323963.10000014	0.6	10.9	1
309630768.2500001	0.4	6.7	1
309937739.30000013	0.4	7.9	1
310244947.65000015	0.6	11.3	1
310552305.10000014	0.4	7.1	1
310859883.05000013	0.6	10.5	1
311167610.10000014	0.4	7.1	1
311475515.65000015	0.4	8.5	1
311783557.70000017	0.4	6.5	1
312091820.2500002	0.6	10.5	1
312400198.3000002	0.2	5.5	1
312708738.0500002	0.4	7.7	1
313017452.1000002	0.4	8.3	1
313326319.4500002	0.4	7.3	1
313635470.30000025	0.6	13.5	1
313944816.4500002	0.4	9.3	1
314254324.30000025	0.4	7.7	1
314563930.85000026	0.2	4.7	1
314873631.9000003	0.2	4.5	1
315183482.05000025	0.4	7.1	1
315493456.10000026	0.4	5.9	1
315803745.1500003	0.8	15.0	1
316114216.9000003	0.4	8.7	1
316424712.55000025	0.4	5.9	1
316735292.2000002	0.2	4.0	1
317045929.6000002	0.2	2.75	1
317356682.5000002	0.2	5.5	1
317667664.3000002	0.6	10.9	1
317978875.0000002	0.6	10.9	1
318290310.40000015	0.6	10.7	1
318601978.90000015	0.6	11.1	1
318913834.30000013	0.4	8.9	1
319225956.40000015	0.6	12.7	1
319538194.0000002	0.2	5.5	1
319850668.90000015	0.6	11.3	1
320163238.30000013	0.2	4.5	1
320476024.0000001	0.6	10.3	1
320789068.0000001	0.6	12.3	1
321102298.9000001	0.4	8.9	1
321415788.1000001	0.6	12.3	1
321729460.00000006	0.4	8.7	1
322043331.40000004	0.4	9.5	1
322357364.50000006	0.4	7.7	1
322671681.1000001	0.6	13.5	1
322986256.00000006	0.6	12.3	1
323301005.20000005	0.4	8.3	1
323615987.50000006	0.6	11.1	1
323931207.1000001	0.6	11.3	1
324246638.8000001	0.6	10.1	1
324562173.4000001	0.2	4.9	1
324877794.9000001	0.4	8.9	1
325193594.9000001	0.4	8.5	1
325509602.8000001	0.4	9.9	1
325825827.00000006	0.6	10.3	1
326142166.70000005	0.2	5.5	1
326458710.1	0.4	9.7	1
326775381.6	0.4	6.1	1
327092336.6	0.6	13.5	1
327409444.90000004	0.4	7.3	1
327726803.1	0.6	11.9	1
328044272.6	0.2	5.3	1
328361954.20000005	0.6	10.1	1
328679805.90000004	0.4	8.1	1
328997848.70000005	0.4	9.1	1
329316078.40000004	0.4	8.9	1
329634469.8	0.4	7.7	1
329953031.3	0.4	8.1	1
330271851.1	0.6	12.3	1
330590862.0	0.4	9.1	1
330910009.4	0.4	6.5	1
331229214.54999995	0.2	2.75	1
331548635.99999994	0.6	10.3	1
331868193.9499999	0.4	6.5	1
332187809.6499999	0.2	2.75	1
332507578.6499999	0.4	7.3	1
332827513.5499999	0.4	7.9	1
333147715.1499999	0.6	12.7	1
333468158.24999994	0.6	11.5	1
333788775.6499999	0.4	8.3	1
334109450.7999999	0.2	2.75	1
334430317.0499999	0.4	9.1	1
334751311.3999999	0.4	6.1	1
335072433.8499999	0.4	6.1	1
335393705.3999999	0.4	7.1	1
335715197.4499999	0.6	10.5	1
336036876.3999999	0.4	8.9	1
336358767.4499999	0.6	10.1	1
336680883.1999999	0.6	10.7	1
337003101.8499999	0.2	4.9	1
337325449.3999999	0.6	10.9	1
337647971.24999994	0.4	8.3	1
337970717.79999995	0.6	10.7	1
338293634.4499999	0.4	8.1	1
338616754.79999995	0.4	9.7	1
338939999.04999995	0.4	5.9	1
339263274.79999995	0.2	1.5	1
339586682.84999996	0.4	6.3	1
339910174.9	0.2	4.0	1
340233790.84999996	0.4	5.9	1
340557665.09999996	0.6	12.3	1
340882248.09999996	0.8	33.75	1
341207013.79999995	0.4	8.7	1
341532012.59999996	0.6	11.1	1
341857282.29999995	0.6	12.9	1
342182789.29999995	0.6	11.3	1
342508474.79999995	0.4	8.5	1
342834410.1999999	0.6	11.9	1
343160528.29999995	0.4	8.7	1
343486829.09999996	0.4	8.7	1
343813388.2	0.6	12.3	1
344140188.8	0.6	11.5	1
344467167.90000004	0.4	8.5	1
344794350.70000005	0.4	9.7	1
345121695.20000005	0.4	7.7	1
345449247.6	0.4	9.9	1
345777062.5	0.6	12.5	1
346105085.3	0.4	9.9	1
346433248.8	0.4	6.7	1
346761670.6	0.6	12.3	1
347090359.1	0.6	12.7	1
347419310.1	0.6	12.5	1
347748393.40000004	0.4	6.3	1
348077684.6	0.4	9.9	1
348407171.1	0.4	9.3	1
348736924.3	0.6	12.7	1
349066709.0	0.2	1.5	1
349396718.4	0.6	10.7	1
349726944.09999996	0.6	10.3	1
350057276.9	0.2	5.1	1
350388318.45	0.8	33.75	1
350719417.75	0.2	2.75	1
351050632.55	0.2	5.5	1
351381878.85	0.2	1.5	1
351713299.45000005	0.4	8.3	1
352044982.5500001	0.6	12.5	1
352376894.5500001	0.6	10.9	1
352708947.25000006	0.4	6.7	1
353041708.70000005	0.8	33.75	1
353374652.85	0.4	8.7	1
353707855.3	0.6	12.3	1
354041169.05	0.2	5.3	1
354374703.3	0.6	10.5	1
354708428.65000004	0.4	9.1	1
355042336.70000005	0.4	8.7	1
355376461.0500001	0.6	10.3	1
355710696.70000005	0.2	5.3	1
356045127.65000004	0.4	9.3	1
356379800.1	0.6	11.5	1
356714718.25	0.6	11.7	1
357049877.9	0.6	11.5	1
357385321.04999995	0.6	13.5	1
357720984.6999999	0.6	10.5	1
358056919.24999994	0.6	12.9	1
358393112.09999996	0.6	12.3	1
358729483.45	0.4	8.5	1
359065886.3	0.2	1.5	1
359402480.25	0.4	9.1	1
359739290.5	0.6	10.3	1
360076333.85	0.6	11.1	1
360413492.70000005	0.2	5.5	1
360750880.45000005	0.6	10.9	1
361088325.95000005	0.2	2.75	1
361425954.95000005	0.6	13.5	1
361763850.65000004	0.6	12.7	1
362101983.65000004	0.6	11.3	1
362440370.75000006	0.6	12.1	1
362778978.3500001	0.6	10.5	1
363117856.8500001	0.6	12.9	1
363457002.0500001	0.6	12.7	1
363796388.75000006	0.6	11.5	1
364136046.3500001	0.6	12.9	1
364475932.8500001	0.6	10.9	1
364816077.6500001	0.6	12.3	1
365154592.5500001	0.4	8.1	1
365493178.3500001	0.6	12.9	1
365831959.4500001	0.4	9.3	1
366170910.6500001	0.4	8.1	1
366509168.9500001	0.2	5.1	1
366847555.3500001	0.4	6.1	1
367186132.8500001	0.4	9.1	1
367524677.0500001	0.6	12.7	1
367858366.95000005	0.6	11.7	1
368193159.35	1.0	52.5	1
368526705.85	0.6	12.1	1
368860119.05	0.6	12.7	1
369193643.55	0.2	5.3	1
