29.6067	0.6	11.1	1
72.8201	0.2	5.1	1
86.4268	0.2	5.1	1
126.43350000000001	0.8	15.0	1
199.2469	0.6	12.3	1
228.3203	0.6	10.9	1
273.1337	0.4	5.9	1
332.6205	0.2	5.5	1
345.1605	0.2	4.7	1
386.2405	0.6	10.7	1
399.3139	0.2	4.9	1
439.8607	0.6	10.3	1
495.0809	0.2	5.5	1
579.9078	0.6	11.1	1
680.4747	0.4	5.9	1
708.515	0.6	10.3	1
721.5884	0.2	4.9	1
765.8684999999999	0.6	11.7	1
900.1552999999999	0.8	33.75	1
968.3154999999999	0.6	12.7	1
1052.7491	0.4	6.1	1
1151.3227	0.2	5.3	1
1271.503	0.4	8.1	1
1422.3566999999998	0.6	11.5	1
1487.8837999999998	0.2	5.5	1
1572.8843	0.4	7.3	1
1688.5582	0.6	11.5	1
1844.2387999999999	0.8	15.0	1
2030.0593999999999	0.6	11.3	1
2229.4867	0.2	5.1	1
2361.1874	0.6	12.1	1
2632.8948	1.0	52.5	1
3094.6089	1.0	71.25	1
3481.1297	0.4	9.3	1
3891.3905	0.4	8.9	1
4328.058	0.4	9.9	1
4796.4655	0.6	11.9	1
5290.7464	0.4	9.7	1
5817.3007	0.6	12.1	1
6369.7284	0.4	9.7	1
6856.0295	0.6	12.7	1
7382.337299999999	0.8	15.0	1
7725.985099999999	0.4	6.5	1
8093.372899999999	0.4	8.9	1
8486.100699999999	0.4	9.5	1
8895.1019	0.4	6.1	1
9318.7765	0.2	5.5	1
9732.4578	0.8	33.75	1
10176.2791	0.6	11.3	1
10630.773799999999	0.2	4.0	1
11225.275199999998	1.0	90.0	1
11846.716599999998	0.6	10.1	1
12490.831399999997	0.4	8.5	1
13049.086199999998	0.2	5.3	1
13621.480999999998	0.2	5.3	1
14224.549199999998	0.6	11.5	1
14759.890799999997	0.6	12.1	1
15323.239099999997	0.6	10.5	1
15909.260799999996	0.4	8.5	1
16529.689199999997	0.6	12.9	1
17164.257599999997	0.2	5.3	1
17733.232699999997	0.6	12.9	1
18320.081199999997	0.4	6.7	1
18933.336399999997	0.4	9.9	1
19574.064999999995	0.6	10.3	1
20142.800299999995	0.6	10.5	1
20737.408999999996	0.4	9.7	1
21339.357699999997	0.2	2.75	1
21955.446399999997	0.2	5.3	1
22402.208499999997	0.6	11.5	1
22879.643999999997	0.6	11.5	1
23289.886199999997	0.6	12.3	1
23729.2018	0.6	10.9	1
24183.1908	0.2	5.5	1
24662.519800000002	0.4	9.5	1
25158.1222	0.4	6.1	1
25893.731300000003	1.0	90.0	1
26460.013800000004	0.6	11.5	1
26752.169700000006	0.4	9.7	1
27058.999000000007	0.2	5.5	1
27397.035000000007	0.6	11.7	1
27765.744400000007	0.6	11.5	1
28062.993800000007	0.6	10.7	1
28396.249900000006	0.6	13.5	1
28646.312700000006	0.4	6.3	1
28908.915500000006	0.2	4.7	1
29178.858300000007	0.2	2.75	1
29482.67450000001	0.6	12.7	1
29806.497400000007	0.4	7.5	1
30220.32700000001	0.8	33.75	1
30550.430000000008	0.4	6.1	1
30913.873000000007	0.6	12.5	1
31302.656000000006	0.4	9.5	1
31615.179000000007	0.4	8.9	1
32067.708700000007	1.0	52.5	1
32537.578400000006	0.4	6.5	1
33014.788100000005	0.2	2.75	1
33521.60450000001	0.6	11.1	1
34032.42760000001	0.2	1.5	1
34556.32410000001	0.2	4.9	1
35000.22730000001	0.4	7.5	1
35384.13720000001	0.8	15.0	1
35692.85380000001	0.4	9.3	1
36025.31040000001	0.4	8.9	1
36597.77370000001	1.0	90.0	1
37180.910400000015	0.2	4.0	1
37571.387100000014	0.2	2.75	1
37884.00380000001	0.4	8.3	1
38228.36050000001	0.6	11.9	1
38502.85720000001	0.6	11.3	1
38803.760600000016	0.4	9.9	1
39136.93740000002	0.6	12.1	1
39510.120900000016	0.8	15.0	1
39897.977800000015	0.2	5.5	1
40220.24140000001	0.6	12.9	1
40474.24500000001	0.6	11.9	1
40753.05530000001	0.4	9.3	1
40962.539000000004	0.6	11.5	1
41204.29610000001	0.6	12.1	1
41469.259900000005	0.4	8.7	1
41924.23040000001	1.0	71.25	1
42309.34090000001	0.6	11.3	1
42727.79140000001	0.6	12.5	1
43169.44860000001	0.4	8.7	1
43625.24580000001	0.2	5.3	1
44093.58300000001	0.2	4.7	1
44487.79360000001	0.4	9.7	1
44895.610900000014	0.2	5.1	1
45220.23490000002	0.4	6.3	1
45461.13230000002	0.4	6.1	1
45842.03640000002	1.0	90.0	1
46255.74720000002	0.6	12.3	1
46680.13140000002	0.2	4.0	1
47036.78900000002	0.6	12.1	1
47418.78660000002	0.4	9.5	1
47833.590900000025	0.6	12.3	1
48252.401900000026	0.2	1.5	1
48595.486300000026	0.4	9.1	1
48971.91070000003	0.6	12.5	1
49376.34180000003	0.6	10.5	1
49797.04630000003	0.4	6.1	1
50228.42420000003	0.2	4.0	1
50583.54210000003	0.4	8.9	1
50849.333400000025	0.2	4.0	1
51131.39810000003	0.4	6.1	1
51236.13620000003	0.4	8.5	1
51253.41430000003	0.2	4.7	1
51460.699100000034	1.0	71.25	1
51688.52390000004	0.4	7.7	1
51941.15540000004	0.4	9.3	1
52221.26030000004	0.6	10.3	1
52317.638600000035	0.4	6.1	1
52333.91200000003	0.4	6.1	1
52369.12540000003	0.4	7.1	1
52397.13210000003	0.6	10.5	1
52453.67880000003	0.6	10.7	1
52524.36550000003	0.2	5.3	1
52621.99220000003	0.6	10.1	1
52731.62560000003	0.2	4.5	1
53031.265700000025	1.0	71.25	1
53250.379200000025	0.4	7.3	1
53496.43270000003	0.6	10.1	1
53757.15960000003	0.2	5.5	1
54032.02650000003	0.2	5.3	1
54235.96680000003	0.6	10.9	1
54475.91380000003	0.6	13.5	1
54738.00080000003	0.4	8.3	1
54932.36120000003	0.6	12.1	1
54966.234600000025	0.6	12.7	1
55029.18140000002	0.6	10.9	1
55114.26820000002	0.4	8.3	1
55439.36170000002	1.0	90.0	1
55795.66190000002	0.6	11.7	1
56183.702100000024	0.6	11.9	1
56582.41570000003	0.2	4.0	1
56997.40270000003	0.4	6.1	1
57431.86310000003	0.4	7.3	1
57779.39690000003	0.2	4.9	1
58160.27070000003	0.6	12.5	1
58473.41790000003	0.6	12.1	1
58876.57180000003	0.8	33.75	1
59206.66570000003	0.6	10.1	1
59549.83300000003	0.2	4.9	1
60083.00700000003	1.0	71.25	1
60547.921000000024	0.6	11.9	1
60946.175000000025	0.6	12.5	1
61264.96900000003	0.4	7.7	1
61723.769700000026	1.0	52.5	1
62195.11040000003	0.2	4.7	1
62679.52450000003	0.2	4.9	1
63171.27860000003	0.2	2.75	1
63696.37270000003	0.6	12.5	1
64238.80680000003	0.4	6.5	1
64806.58090000003	0.4	9.5	1
65298.62840000003	0.4	9.1	1
65980.68260000003	1.0	71.25	1
66595.01020000003	0.6	12.1	1
67349.34450000004	1.0	52.5	1
68143.68550000004	0.8	15.0	1
68962.83320000004	0.4	9.3	1
69571.98760000004	0.8	33.75	1
69903.81540000004	0.4	8.5	1
70266.31660000003	0.6	11.5	1
70641.35780000004	0.2	4.7	1
70935.33900000004	0.4	7.1	1
71241.86020000004	0.2	4.7	1
71567.85480000004	0.4	7.3	1
71924.52280000005	0.6	11.5	1
72307.59750000005	0.4	9.9	1
72706.41220000005	0.4	5.9	1
73134.83360000006	0.6	11.1	1
73483.79500000006	0.4	7.7	1
73754.36310000006	0.4	8.1	1
74054.00460000006	0.6	10.9	1
74076.14460000006	0.4	8.3	1
74130.02460000006	0.6	11.9	1
74216.17800000006	0.6	12.1	1
74392.33810000005	0.8	33.75	1
74604.50490000006	0.6	13.5	1
74824.01170000006	0.2	2.75	1
75070.45850000007	0.6	10.1	1
75245.44530000006	0.6	10.7	1
75337.23880000006	0.4	6.3	1
75445.83900000007	0.4	6.3	1
75568.57920000007	0.2	5.3	1
75781.32610000006	1.0	71.25	1
76034.07970000006	0.8	15.0	1
76302.57330000006	0.4	5.9	1
76594.80690000007	0.4	8.9	1
76917.71390000008	0.6	11.5	1
77162.22760000007	0.4	8.1	1
77441.14800000007	0.6	12.9	1
77736.34180000007	0.4	6.1	1
78049.40900000007	0.4	6.7	1
78380.34960000007	0.4	6.7	1
78403.02300000007	0.4	8.5	1
78448.90310000007	0.4	8.7	1
78525.98990000007	0.6	11.7	1
78623.08340000008	0.4	7.5	1
78750.31690000008	0.6	11.3	1
78799.69040000008	0.4	8.3	1
78870.13730000007	0.4	7.9	1
78947.92420000008	0.2	2.75	1
79050.51780000007	0.4	9.3	1
79183.78480000008	0.6	11.5	1
79200.05820000009	0.4	6.1	1
79228.33830000009	0.2	4.5	1
79286.7584000001	0.6	11.3	1
79367.3185000001	0.4	8.3	1
79399.0585000001	0.6	11.9	1
79414.7985000001	0.4	5.9	1
79451.0785000001	0.4	7.7	1
79515.3652000001	0.6	10.5	1
79532.7052000001	0.4	6.5	1
79575.38520000009	0.4	9.5	1
79632.2052000001	0.2	5.3	1
79929.0319000001	1.0	90.0	1
80058.66530000011	0.6	12.3	1
80217.37210000011	0.6	10.9	1
80389.1523000001	0.2	4.9	1
80587.8725000001	0.6	10.1	1
80713.5327000001	0.6	10.1	1
80868.7996000001	0.6	11.1	1
81054.7399000001	0.6	11.5	1
81257.4869000001	0.4	6.3	1
81480.2406000001	0.4	7.5	1
81720.8677000001	0.4	6.7	1
81965.5015000001	0.2	1.5	1
82122.1420000001	0.2	4.5	1
82309.45590000009	0.6	11.5	1
82517.30980000009	0.4	7.7	1
82748.9037000001	0.4	8.9	1
82782.7771000001	0.6	12.7	1
82802.2505000001	0.4	7.3	1
82829.7239000001	0.6	10.3	1
82849.1973000001	0.4	7.3	1
82902.5441000001	0.6	12.7	1
82983.8976000001	0.6	10.5	1
83079.9245000001	0.2	5.5	1
83206.09140000009	0.6	11.3	1
83344.7983000001	0.2	4.7	1
83500.3119000001	0.4	6.3	1
83519.2519000001	0.4	7.1	1
83548.8653000001	0.2	4.0	1
83594.21870000011	0.4	5.9	1
83616.89210000011	0.4	8.5	1
83672.37220000011	0.6	12.3	1
83762.25900000011	0.6	12.9	1
83776.9324000001	0.2	5.5	1
83818.54580000011	0.6	10.1	1
83892.4326000001	0.6	12.1	1
83988.99280000011	0.4	8.5	1
84110.89300000011	0.4	9.5	1
84263.46660000012	0.6	11.5	1
84449.91360000012	0.6	12.7	1
84626.36730000011	0.8	33.75	1
84824.42770000012	0.4	8.1	1
85045.69480000011	0.4	8.7	1
85191.23530000012	0.4	9.1	1
85476.78250000012	1.0	52.5	1
85794.60310000012	0.6	12.1	1
86046.83040000012	0.6	12.9	1
86323.86440000012	0.4	9.3	1
86623.03840000012	0.4	8.3	1
86935.28580000011	0.2	4.9	1
86967.00660000011	0.4	7.3	1
86974.3466000001	0.2	2.75	1
86996.4866000001	0.4	8.3	1
87015.42660000011	0.4	7.1	1
87060.2400000001	0.4	9.7	1
87079.18000000011	0.4	7.1	1
87121.8600000001	0.4	8.9	1
87145.60000000011	0.4	8.9	1
87195.21340000011	0.4	9.7	1
87224.82010000011	0.6	11.1	1
87267.50020000011	0.2	4.9	1
87332.85370000011	0.4	8.5	1
87417.14720000011	0.4	7.1	1
87436.62060000011	0.4	7.3	1
87476.63400000011	0.4	7.7	1
87540.92080000011	0.4	9.1	1
87634.81430000011	0.6	11.1	1
87760.98120000011	0.6	12.1	1
87903.95480000011	0.4	6.3	1
88077.0684000001	0.6	11.3	1
88271.7887000001	0.4	8.1	1
88496.6490000001	0.6	11.3	1
88655.91600000011	0.6	12.9	1
88847.98970000011	0.6	12.3	1
88875.9964000001	0.6	10.5	1
88922.9431000001	0.4	7.1	1
88942.41650000011	0.4	7.3	1
88997.89660000011	0.6	13.5	1
89065.38340000011	0.2	4.5	1
89161.41020000011	0.6	10.7	1
89264.77700000012	0.2	2.75	1
89285.85040000011	0.4	7.9	1
89346.93050000012	0.8	15.0	1
89362.67050000012	0.4	5.9	1
89410.15050000012	0.6	11.9	1
89432.82390000012	0.4	8.5	1
89477.63730000012	0.4	8.3	1
89543.52410000011	0.4	7.9	1
89629.95090000011	0.4	7.7	1
89723.71770000011	0.2	2.75	1
89755.45770000012	0.6	11.9	1
89977.20440000012	1.0	71.25	1
90023.22450000011	0.4	9.1	1
90092.45130000012	0.4	8.7	1
90187.01810000012	0.4	9.5	1
90203.29150000012	0.4	6.1	1
90250.23830000013	0.6	11.5	1
90329.99180000013	0.6	12.3	1
90435.61870000014	0.4	9.7	1
90554.85230000014	0.2	5.1	1
90693.02590000014	0.4	7.1	1
90867.20620000013	0.6	13.5	1
91068.32650000013	0.6	10.1	1
91287.32020000013	0.4	6.7	1
91440.18730000014	0.6	12.7	1
91618.39440000014	0.4	9.5	1
91831.00820000014	0.6	12.9	1
91864.69540000014	0.4	7.9	1
91914.65600000015	0.4	6.1	1
91979.29000000015	0.2	5.5	1
92083.93070000016	0.8	15.0	1
92108.73740000016	0.4	9.3	1
92138.34410000016	0.6	11.1	1
92161.01750000016	0.4	8.5	1
92214.89760000016	0.6	11.7	1
92243.43760000015	0.6	10.7	1
92282.65100000014	0.2	4.0	1
92472.65770000014	1.0	71.25	1
92676.27110000014	0.2	5.1	1
92895.62450000015	0.4	5.9	1
93118.98460000016	0.2	1.5	1
93365.01810000016	0.4	8.5	1
93525.19160000017	0.2	5.3	1
93721.37180000017	0.6	13.5	1
94107.55870000017	1.0	71.25	1
94521.75230000017	0.6	10.5	1
94971.95260000016	0.6	13.5	1
95449.09290000016	0.6	10.1	1
95760.63990000017	0.6	12.9	1
96088.46030000017	0.4	6.1	1
96438.95410000016	0.4	8.5	1
96810.52130000017	0.4	7.9	1
97012.22850000017	0.6	11.3	1
97232.87570000018	0.4	7.1	1
97385.26290000018	0.6	11.9	1
97568.85680000018	0.6	11.7	1
97777.79070000019	0.4	9.5	1
98017.93130000019	0.6	11.7	1
98290.34530000019	0.6	12.1	1
98590.2327000002	0.6	10.3	1
98811.1935000002	0.4	7.9	1
99051.6277000002	0.4	7.3	1
99324.3353000002	0.6	12.1	1
99523.98290000019	0.6	10.1	1
99648.97050000018	0.4	9.5	1
99813.96480000019	0.8	15.0	1
100004.8325000002	0.4	9.7	1
100216.24020000019	0.4	7.7	1
100463.65460000018	0.6	13.5	1
100741.20900000018	0.6	11.3	1
100767.61570000018	0.4	9.9	1
100822.56240000018	0.6	10.7	1
100894.84910000018	0.4	6.5	1
100997.80920000018	0.6	11.5	1
101133.04270000018	0.6	12.1	1
101287.74960000018	0.4	7.3	1
101532.46320000019	0.8	33.75	1
101581.18350000019	0.2	1.5	1
101615.5902000002	0.6	12.9	1
101662.5369000002	0.2	4.7	1
101696.41030000019	0.6	12.7	1
101752.42370000019	0.4	8.3	1
101998.44380000018	1.0	71.25	1
102177.27060000018	0.6	12.3	1
102385.70410000018	0.6	11.1	1
102618.94430000018	0.4	9.3	1
102884.45790000018	0.6	12.1	1
103181.17820000018	0.6	11.7	1
103511.23850000018	0.6	12.5	1
103857.03880000018	0.4	5.9	1
104236.17910000018	0.6	12.5	1
104268.98580000018	0.6	12.3	1
104319.13250000018	0.4	6.5	1
104390.88590000018	0.4	8.1	1
104425.29260000019	0.6	12.9	1
104485.5727000002	0.4	9.7	1
104565.3262000002	0.4	7.3	1
104672.0197000002	0.6	10.1	1
104808.31990000019	0.6	11.1	1
104860.8935000002	0.4	6.1	1
104939.3405000002	0.4	9.7	1
105038.86090000019	0.4	7.9	1
105166.3880000002	0.6	10.5	1
105324.0551000002	0.6	11.3	1
105571.7289000002	1.0	71.25	1
105836.7427000002	0.4	6.5	1
106134.02990000021	0.6	12.1	1
106464.65710000021	0.6	12.5	1
106829.69100000021	0.6	12.9	1
107224.8649000002	0.6	11.3	1
107810.04550000021	1.0	71.25	1
108435.23280000022	1.0	90.0	1
108772.42680000022	0.2	4.5	1
109023.76080000022	0.2	5.3	1
109308.96820000022	0.6	12.7	1
109516.84900000022	0.4	8.5	1
109744.73650000022	0.4	7.5	1
109767.40990000022	0.4	8.5	1
109797.54990000022	0.6	11.3	1
109843.42990000022	0.4	5.9	1
109908.78330000023	0.4	7.3	1
110003.21010000023	0.6	10.9	1
110193.21680000023	1.0	71.25	1
110408.56350000022	0.4	9.5	1
110647.65020000022	0.4	8.9	1
110899.81030000022	0.2	4.9	1
111176.24380000021	0.4	9.1	1
111387.08400000022	0.6	12.9	1
111624.33090000022	0.4	9.9	1
111645.40430000021	0.4	7.9	1
111785.41100000021	1.0	52.5	1
111959.2911000002	0.6	12.7	1
112373.1779000002	1.0	90.0	1
112717.7381000002	0.6	11.5	1
113152.30500000021	0.8	33.75	1
113606.87860000021	0.4	7.5	1
114086.25890000022	0.4	9.3	1
114572.97920000022	0.2	2.75	1
115090.90620000022	0.6	11.7	1
115421.37320000022	0.2	4.7	1
115776.64690000023	0.4	9.3	1
115811.05360000023	0.6	12.9	1
115824.12700000023	0.2	4.9	1
115855.07380000023	0.4	6.7	1
115899.62730000023	0.2	5.1	1
115927.10070000023	0.6	10.3	1
115979.91410000023	0.4	9.5	1
116055.40090000023	0.4	8.5	1
116068.47430000022	0.2	4.9	1
116102.62110000022	0.4	7.9	1
116292.62780000022	1.0	71.25	1
116396.77450000022	0.2	5.3	1
116526.26120000021	0.4	9.5	1
116680.02130000021	0.4	9.1	1
116873.78810000021	1.0	52.5	1
117157.5616000002	0.8	33.75	1
117467.20850000021	0.4	9.7	1
117803.26210000021	0.4	9.9	1
117824.86880000021	0.4	8.1	1
117870.21550000021	0.4	8.9	1
118005.56890000022	0.8	33.75	1
118012.90890000021	0.2	2.75	1
118035.98890000021	0.4	5.9	1
118083.34230000022	0.4	9.1	1
118150.16910000022	0.4	7.3	1
118240.73590000022	0.4	8.9	1
118360.37610000021	0.6	10.9	1
118507.48970000021	0.6	10.3	1
118540.8297000002	0.6	12.5	1
118574.1697000002	0.6	12.5	1
118636.5831000002	0.6	10.9	1
118729.13650000021	0.6	11.3	1
119011.69660000021	1.0	71.25	1
119207.86340000022	0.2	5.1	1
119438.43690000022	0.6	12.9	1
119464.84360000023	0.4	9.9	1
119510.19030000022	0.4	7.1	1
119523.26370000021	0.2	4.9	1
119763.27040000021	1.0	90.0	1
120029.68380000022	0.4	9.9	1
120325.70390000021	0.6	11.1	1
120350.51060000021	0.4	9.3	1
120400.12400000021	0.4	9.3	1
120466.01080000021	0.4	6.1	1
120606.0175000002	1.0	52.5	1
120669.2309000002	0.4	8.7	1
120694.5709000002	0.4	9.5	1
120727.25090000019	0.2	2.75	1
120776.20430000019	0.4	6.1	1
120848.36440000018	0.4	8.7	1
120927.86450000019	0.2	2.75	1
121024.17130000019	0.4	6.3	1
121154.88480000019	0.6	12.9	1
121318.93830000018	0.6	12.5	1
121347.47830000018	0.6	10.7	1
121406.69170000017	0.6	11.5	1
121489.11180000017	0.4	8.7	1
121601.13860000018	0.6	11.1	1
121744.37210000018	0.6	11.7	1
121900.14560000018	0.2	4.7	1
122088.19250000018	0.6	12.1	1
122309.04610000018	0.6	12.3	1
122441.90640000018	0.2	4.5	1
122604.37340000019	0.6	11.1	1
122694.38010000018	0.8	33.75	1
122707.45350000018	0.2	4.9	1
122735.20030000017	0.2	5.5	1
122782.42050000017	0.4	7.3	1
122852.31410000016	0.4	8.5	1
122878.18750000016	0.4	9.7	1
122904.06090000016	0.4	9.7	1
122934.20090000016	0.6	11.3	1
122994.48090000016	0.6	11.3	1
123084.36760000016	0.6	11.1	1
123096.37430000016	0.2	4.5	1
123140.65440000016	0.6	12.1	1
123202.80790000016	0.4	6.7	1
123231.88130000015	0.6	10.9	1
123235.88800000015	0.2	1.5	1
123256.96140000015	0.4	7.9	1
123288.70820000014	0.2	4.0	1
123348.99500000014	0.6	10.7	1
123441.55520000015	0.6	12.1	1
123463.69520000015	0.4	8.3	1
123502.64190000015	0.4	6.3	1
123561.06200000015	0.4	7.3	1
123633.62210000015	0.2	5.3	1
123716.85560000016	0.2	4.0	1
123745.92900000015	0.6	10.9	1
123780.33570000016	0.6	12.9	1
123831.54910000015	0.4	6.3	1
123859.02250000015	0.6	10.3	1
123901.16930000015	0.2	5.5	1
123963.32280000015	0.4	7.5	1
124039.61630000015	0.2	5.3	1
124064.95630000015	0.4	9.5	1
124097.63630000014	0.2	2.75	1
124122.44300000014	0.4	9.3	1
124387.25640000014	1.0	90.0	1
124662.74320000014	0.2	4.0	1
124969.97000000015	0.6	11.9	1
125196.67020000015	0.4	7.3	1
125440.71040000016	0.4	6.5	1
125696.75730000016	0.2	4.5	1
125985.07760000016	0.6	12.1	1
126292.87130000016	0.4	7.3	1
126532.40500000016	0.6	11.9	1
126552.41170000016	0.4	7.5	1
126605.75840000015	0.6	12.5	1
126684.97850000016	0.4	9.7	1
126702.85190000015	0.4	6.7	1
126740.73200000015	0.4	7.5	1
126810.35210000015	0.6	11.9	1
126910.64560000015	0.6	11.5	1
127026.67910000015	0.4	5.9	1
127055.75250000015	0.6	10.9	1
127101.63260000014	0.4	6.3	1
127123.77260000014	0.4	8.3	1
127153.25260000014	0.2	2.75	1
127174.32600000013	0.4	7.9	1
127208.73270000014	0.6	12.9	1
127236.20610000014	0.6	10.3	1
127299.68620000014	0.6	13.5	1
127379.97300000014	0.4	6.3	1
127494.13320000014	0.6	12.7	1
127628.30010000014	0.4	7.5	1
127775.54040000014	0.2	4.9	1
127940.65410000015	0.4	6.7	1
128034.30780000014	0.6	10.7	1
128224.31450000014	1.0	71.25	1
128437.52790000013	0.4	8.7	1
128527.53460000013	0.8	33.75	1
128555.00800000013	0.6	10.3	1
128606.22140000013	0.4	8.9	1
128797.44150000013	1.0	52.5	1
128900.66830000014	0.2	4.5	1
128931.87500000013	0.6	11.7	1
128988.42170000014	0.4	9.5	1
129067.64180000014	0.4	8.5	1
129176.46860000014	0.6	11.1	1
129266.47530000014	0.8	33.75	1
129369.55540000014	0.2	4.9	1
129494.24220000014	0.4	8.1	1
129640.00240000014	0.4	7.9	1
129875.76930000015	0.8	33.75	1
129934.20960000015	0.4	8.5	1
130023.85660000014	0.6	11.7	1
130120.84360000014	0.2	2.75	1
130251.70400000014	0.6	12.7	1
130396.70440000015	0.2	5.3	1
130416.17780000015	0.4	7.3	1
130466.85790000015	0.6	11.7	1
130546.61140000015	0.6	10.9	1
130645.83830000015	0.4	7.3	1
130659.97830000015	0.2	5.3	1
130688.79170000015	0.2	5.5	1
130928.79840000015	1.0	90.0	1
131186.14510000014	0.4	6.5	1
131458.16520000013	0.2	5.5	1
131474.43860000014	0.4	6.1	1
131520.85200000013	0.6	11.3	1
131586.20540000012	0.4	7.1	1
131683.29880000014	0.6	11.9	1
131701.17220000015	0.4	6.7	1
131722.77890000015	0.4	8.1	1
131769.19230000014	0.4	9.3	1
131834.54570000013	0.4	7.1	1
131854.01910000012	0.4	7.3	1
131892.4325000001	0.4	7.1	1
131904.97250000012	0.2	4.7	1
131930.58590000012	0.2	4.9	1
131982.07270000014	0.4	9.7	1
132273.56620000015	1.0	90.0	1
132295.17290000015	0.4	8.1	1
132556.78630000015	1.0	90.0	1
132836.27310000017	0.4	6.7	1
133142.16660000017	0.4	9.9	1
133470.73350000018	0.4	8.5	1
133709.97380000018	0.2	4.0	1
133976.68750000017	0.6	10.3	1
134276.74120000016	0.6	12.5	1
134606.40160000016	0.6	11.1	1
134968.86870000017	0.6	12.3	1
135257.74250000017	0.4	9.9	1
135573.02300000016	0.4	9.9	1
135907.24350000016	0.4	7.1	1
136265.20400000014	0.4	8.9	1
136663.17120000016	1.0	52.5	1
137092.34510000015	0.6	11.7	1
137346.32570000016	0.4	9.3	1
137365.26570000016	0.4	7.1	1
137418.07910000018	0.6	12.7	1
137498.36590000018	0.6	10.3	1
137592.79270000017	0.2	5.3	1
137610.13270000016	0.4	6.5	1
137644.81270000016	0.4	6.5	1
137700.56610000014	0.4	7.9	1
137768.32620000016	0.2	4.5	1
137870.49300000016	0.6	12.9	1
137996.93320000017	0.4	9.1	1
138157.78010000018	0.6	12.9	1
138508.63370000018	1.0	71.25	1
138699.49400000018	0.8	15.0	1
138919.42770000017	0.6	10.9	1
138939.96770000018	0.4	7.7	1
138989.58110000018	0.6	10.9	1
139179.20120000019	1.0	52.5	1
139394.6947000002	0.4	9.7	1
139531.2616000002	0.4	7.9	1
139689.9685000002	0.4	8.3	1
139762.8154000002	0.2	5.3	1
139862.0690000002	0.4	9.9	1
139979.1960000002	0.4	6.7	1
140021.6630000002	0.4	9.5	1
140098.0034000002	0.6	12.7	1
140200.2172000002	0.4	9.7	1
140222.3572000002	0.4	8.3	1
140273.5706000002	0.6	10.9	1
140289.3106000002	0.4	5.9	1
140317.5906000002	0.2	4.7	1
140360.5440000002	0.2	5.5	1
140373.6174000002	0.2	4.9	1
140420.5642000002	0.6	12.7	1
140480.0510000002	0.2	4.7	1
140560.61120000022	0.4	7.9	1
140674.51140000022	0.6	12.5	1
140689.18480000022	0.2	5.5	1
140779.19150000022	0.8	33.75	1
140900.40490000023	0.6	11.7	1
141048.02500000023	0.4	9.9	1
141082.43170000022	0.6	12.9	1
141156.8451000002	0.8	15.0	1
141263.5319000002	0.6	12.1	1
141392.8921000002	0.4	8.5	1
141547.0590000002	0.4	9.3	1
141734.56590000022	0.6	12.5	1
141947.9462000002	0.4	9.7	1
142174.39990000022	0.2	4.9	1
142419.7936000002	0.4	7.1	1
142492.1273000002	0.6	10.1	1
142598.8677000002	0.6	12.9	1
142722.4148000002	0.4	6.3	1
142853.3019000002	0.2	2.75	1
142999.9290000002	0.4	5.9	1
143164.4295000002	0.4	6.7	1
143354.2700000002	0.4	9.5	1
143580.11720000018	0.6	13.5	1
143626.50440000018	0.4	7.7	1
143704.0983000002	0.6	11.7	1
143724.10500000019	0.4	7.5	1
143757.18510000018	0.2	4.9	1
143761.19180000018	0.2	1.5	1
143782.0052000002	0.4	6.3	1
143837.2253000002	0.6	12.9	1
143871.0987000002	0.6	12.7	1
143907.1054000002	0.6	13.5	1
143966.8521000002	0.4	8.9	1
144062.60550000018	0.6	13.5	1
144098.61220000018	0.6	13.5	1
144102.61890000018	0.2	1.5	1
144142.63230000017	0.6	13.5	1
144169.57230000017	0.6	10.1	1
144226.11900000018	0.6	11.1	1
144258.3924000002	0.6	12.1	1
144326.6725000002	0.6	13.5	1
144413.8926000002	0.4	7.1	1
144446.1660000002	0.6	12.1	1
144509.1128000002	0.6	11.5	1
144604.33300000022	0.6	12.1	1
144711.55990000023	0.2	4.5	1
144838.79350000023	0.4	7.5	1
145106.03380000024	1.0	52.5	1
145137.77380000023	0.6	11.9	1
145162.58050000021	0.4	9.3	1
145199.9272000002	0.2	4.7	1
145263.14730000022	0.4	9.7	1
145350.1074000002	0.4	8.9	1
145627.0742000002	1.0	71.25	1
145829.9144000002	0.4	9.7	1
146049.5613000002	0.4	6.3	1
146305.2149000002	0.6	13.5	1
146573.4085000002	0.2	4.7	1
146872.8088000002	0.6	11.7	1
147185.81580000021	0.2	5.1	1
147521.49620000023	0.4	8.5	1
147893.18330000024	0.6	13.5	1
148294.47710000025	0.6	11.1	1
148613.11090000026	0.4	6.5	1
148852.28470000025	0.4	7.7	1
149114.13190000024	0.4	8.5	1
149397.58580000023	0.4	8.1	1
149711.71310000023	0.6	11.5	1
150049.58040000024	0.4	8.9	1
150418.65440000023	0.6	11.7	1
150705.06840000022	0.4	6.5	1
151020.55580000023	0.6	10.9	1
151049.62920000023	0.6	10.9	1
151109.90930000023	0.6	11.7	1
151189.12940000024	0.4	7.1	1
151219.80280000024	0.6	11.5	1
151277.41620000024	0.6	10.1	1
151361.96960000024	0.6	10.1	1
151473.99640000024	0.6	10.3	1
151607.62990000023	0.4	8.1	1
151754.87010000023	0.2	5.1	1
151927.98370000024	0.4	9.7	1
152117.99040000024	1.0	71.25	1
152329.07050000023	0.4	7.9	1
152566.02400000024	0.4	9.7	1
153042.98420000024	1.0	90.0	1
153759.95110000024	1.0	90.0	1
154507.05800000025	0.6	11.3	1
155283.23830000026	0.6	10.9	1
156091.15860000026	0.6	11.9	1
156925.48560000025	0.4	9.9	1
157793.15260000023	0.6	12.5	1
158673.89300000024	0.2	4.9	1
159471.44010000024	0.4	6.3	1
160294.86060000025	0.4	9.7	1
161146.28780000025	0.6	10.5	1
161922.52170000024	0.4	9.3	1
162888.76230000023	1.0	71.25	1
163887.80960000024	0.6	12.3	1
164920.73030000023	0.6	12.7	1
165967.25770000022	0.2	5.1	1
166653.7918000002	1.0	52.5	1
167353.9326000002	0.2	5.1	1
168084.2134000002	0.6	11.3	1
168643.5676000002	0.6	10.9	1
169232.52850000022	0.6	11.1	1
169850.02940000023	0.6	10.7	1
170490.20370000025	0.4	8.5	1
171142.91800000024	0.2	4.7	1
171812.43900000025	0.4	6.3	1
172501.43340000024	0.4	7.3	1
173212.56780000025	0.4	8.3	1
173955.44220000025	0.6	11.9	1
174888.32330000025	1.0	71.25	1
175850.81110000025	0.6	11.1	1
176840.23890000026	0.6	10.1	1
177852.87340000024	0.4	8.7	1
178896.18130000026	0.6	11.5	1
179950.16260000027	0.2	4.0	1
181016.15060000028	0.2	4.5	1
182107.4786000003	0.4	9.5	1
183218.2800000003	0.4	7.3	1
184569.08810000028	1.0	90.0	1
185923.90290000028	0.2	1.5	1
187291.25770000028	0.2	4.7	1
188665.95250000028	0.2	2.75	1
189853.18730000028	0.2	4.7	1
191063.0955000003	0.4	8.5	1
192306.3437000003	0.6	12.5	1
193570.1319000003	0.4	7.7	1
194854.4601000003	0.4	7.7	1
196164.12830000027	0.4	9.5	1
197504.4699000003	0.6	11.5	1
198855.4849000003	0.2	4.0	1
200127.0399000003	0.4	7.7	1
201419.1349000003	0.4	7.7	1
202129.1033000003	0.4	6.7	1
202859.07840000032	0.4	7.5	1
203605.3269000003	0.4	6.1	1
204370.5154000003	0.4	7.1	1
204746.37730000028	0.2	4.0	1
205146.51260000028	0.4	9.1	1
205571.98790000027	0.4	9.5	1
206018.00320000027	0.4	7.7	1
206497.89190000028	0.6	12.7	1
207000.4540000003	0.4	8.5	1
207329.4228000003	0.4	9.9	1
207352.6295000003	0.4	8.7	1
207385.4362000003	0.6	12.3	1
207575.4429000003	1.0	71.25	1
207781.18960000027	0.4	5.9	1
207800.66300000026	0.4	7.3	1
207847.07640000025	0.6	10.1	1
207863.88310000024	0.4	6.3	1
207953.88980000024	0.8	33.75	1
208043.89650000024	0.8	33.75	1
208169.90990000023	0.6	13.5	1
208319.66330000022	0.4	8.9	1
208493.6901000002	0.4	9.1	1
208523.83010000022	0.6	11.3	1
208586.24350000022	0.6	12.1	1
208674.53030000022	0.4	9.7	1
208705.73700000023	0.6	11.7	1
208760.15040000022	0.4	8.7	1
208818.5705000002	0.2	1.5	1
208899.6640000002	0.4	8.5	1
209005.5642000002	0.4	9.3	1
209115.4711000002	0.2	1.5	1
209365.3847000002	1.0	52.5	1
209705.3050000002	0.8	33.75	1
210065.2320000002	0.4	7.5	1
210455.2990000002	0.6	11.3	1
210868.0394000002	0.4	8.5	1
210891.7794000002	0.4	8.9	1
210943.5261000002	0.6	10.5	1
211023.27950000018	0.6	10.5	1
211119.83960000018	0.4	6.3	1
211136.1130000002	0.4	6.1	1
211178.79310000018	0.4	9.9	1
211240.94660000017	0.4	7.3	1
211332.70680000016	0.6	11.1	1
211452.47370000015	0.6	10.5	1
211601.84730000014	0.6	11.1	1
211764.82760000014	0.2	5.1	1
212117.81460000013	1.0	71.25	1
212141.02130000014	0.4	8.7	1
212194.36800000013	0.6	11.3	1
212274.12140000012	0.4	9.9	1
212364.12810000012	0.8	33.75	1
212474.1415000001	0.4	7.5	1
212824.1616000001	1.0	90.0	1
213194.7217000001	0.4	7.7	1
213595.4218000001	0.6	11.3	1
214020.9286000001	0.4	9.3	1
214461.1088000001	0.2	5.5	1
214928.7624000001	0.6	10.3	1
215426.0227000001	0.6	11.1	1
215935.8230000001	0.2	4.7	1
216585.6300000001	1.0	52.5	1
217247.9770000001	0.2	4.7	1
217927.1307000001	0.4	6.3	1
218010.2911000001	0.2	1.5	1
218110.79150000008	0.4	6.5	1
218239.83190000008	0.6	10.7	1
218608.87900000007	1.0	90.0	1
219002.19950000008	0.4	9.1	1
219585.52670000007	1.0	71.25	1
220187.79390000008	0.4	7.1	1
220709.53450000007	0.4	7.3	1
220835.28180000006	0.2	1.5	1
220973.56910000005	0.2	4.7	1
221146.26310000004	0.6	12.9	1
221333.63050000003	0.2	5.5	1
221356.30390000003	0.4	8.5	1
221390.17730000004	0.6	12.7	1
221614.05740000005	1.0	71.25	1
221868.61090000006	0.6	11.5	1
222044.23780000006	0.4	7.9	1
222067.44450000007	0.4	8.7	1
222106.39120000007	0.4	5.9	1
222179.74460000006	0.6	12.9	1
222200.81800000006	0.4	7.9	1
222236.03140000007	0.2	5.3	1
222461.25150000007	1.0	71.25	1
222487.12490000008	0.4	9.7	1
222537.27170000007	0.4	9.1	1
222604.22520000007	0.4	6.3	1
222704.51870000007	0.6	12.5	1
222837.08560000008	0.6	12.1	1
222991.2592000001	0.4	8.1	1
223185.4395000001	0.8	15.0	1
223214.5129000001	0.6	10.9	1
223483.59300000008	1.0	90.0	1
223892.67980000007	1.0	90.0	1
224326.04000000007	0.4	9.1	1
224786.34020000006	0.6	10.1	1
225263.44710000008	0.4	6.3	1
225551.2274000001	0.2	4.0	1
225870.21440000008	0.6	11.7	1
226101.7414000001	0.2	4.7	1
226130.2814000001	0.6	10.7	1
226176.1614000001	0.4	6.5	1
226236.7148000001	0.2	5.5	1
226317.80820000012	0.4	7.7	1
226438.90830000013	0.8	15.0	1
226590.14840000012	0.6	11.3	1
226757.66190000012	0.4	6.1	1
226791.53530000013	0.6	12.7	1
226852.34870000015	0.6	10.1	1
226933.70210000014	0.4	7.7	1
227037.19550000015	0.4	8.3	1
227159.62890000016	0.4	7.1	1
227296.73570000016	0.2	5.5	1
227463.44920000018	0.6	11.1	1
227495.18920000017	0.6	11.9	1
227551.20260000016	0.4	9.1	1
227635.22270000016	0.6	10.5	1
227747.78280000016	0.6	10.7	1
227873.94960000017	0.2	5.1	1
227887.02300000016	0.2	4.9	1
227916.62970000017	0.6	11.1	1
227979.04310000016	0.6	12.3	1
228070.52990000017	0.6	10.9	1
228194.29010000016	0.6	12.1	1
228346.59030000016	0.6	10.7	1
228638.89720000015	1.0	90.0	1
228948.54410000014	0.4	6.5	1
229272.86440000014	0.2	5.5	1
229610.79140000013	0.2	5.1	1
229962.32510000013	0.2	5.1	1
230503.86550000013	1.0	71.25	1
231063.27930000014	0.4	6.7	1
231086.48600000015	0.4	8.7	1
231120.36610000016	0.2	4.0	1
231188.65290000016	0.6	12.9	1
231428.65960000016	1.0	90.0	1
231700.93970000016	0.6	12.1	1
232004.95980000016	0.6	11.9	1
232021.23320000016	0.4	6.1	1
232064.44660000017	0.6	10.1	1
232121.26670000018	0.2	5.1	1
232208.22680000018	0.6	11.3	1
232248.23350000018	0.8	15.0	1
232313.0469000002	0.4	9.3	1
232344.2536000002	0.6	11.7	1
232408.2670000002	0.6	12.3	1
232488.5538000002	0.4	6.1	1
232520.8272000002	0.6	12.1	1
232548.8339000002	0.6	10.5	1
232593.1140000002	0.4	6.1	1
232777.4008000002	1.0	52.5	1
232795.27420000022	0.4	6.7	1
232825.15430000023	0.2	4.5	1
232876.64110000024	0.4	8.1	1
232941.73460000023	0.2	5.1	1
233022.56810000024	0.4	5.9	1
233049.50810000024	0.6	10.1	1
233097.52150000024	0.4	7.9	1
233170.34160000025	0.4	9.3	1
233410.34830000025	1.0	90.0	1
233677.82840000023	0.6	10.3	1
233961.58190000022	0.4	6.1	1
234278.14210000023	0.6	12.3	1
234620.57570000022	0.4	9.7	1
234683.0160000002	0.4	7.5	1
234885.4630000002	1.0	52.5	1
235100.9834000002	0.2	4.9	1
235348.2438000002	0.6	11.9	1
235611.7776000002	0.4	6.1	1
235901.1848000002	0.4	9.7	1
236218.0654000002	0.6	10.3	1
236560.81940000018	0.4	9.7	1
236933.71340000018	0.6	11.3	1
237335.68080000018	0.6	10.9	1
237659.78820000018	0.4	8.3	1
238014.5690000002	0.6	11.5	1
238396.8232000002	0.6	10.3	1
238506.0174000002	0.6	10.1	1
238628.28500000018	0.2	4.9	1
238773.22600000017	0.4	8.5	1
238954.17370000016	0.6	13.5	1
239069.52810000017	0.6	12.9	1
239197.42250000016	0.2	4.7	1
239353.85690000016	0.6	10.7	1
239600.29800000016	0.8	33.75	1
239880.07910000015	0.6	12.5	1
240167.20020000014	0.2	2.75	1
240484.99470000013	0.6	11.5	1
240515.13470000014	0.6	11.3	1
240555.94810000015	0.2	4.0	1
240585.02150000015	0.6	10.9	1
240637.83490000016	0.4	8.9	1
240726.65500000017	0.6	13.5	1
240845.61510000017	0.6	11.3	1
240998.44860000018	0.6	12.7	1
241029.12200000018	0.6	11.5	1
241219.12870000018	1.0	71.25	1
241241.2687000002	0.4	8.3	1
241283.4154000002	0.4	7.5	1
241303.9554000002	0.4	7.7	1
241346.6354000002	0.4	8.3	1
241411.9888000002	0.4	8.5	1
241500.0156000002	0.4	8.5	1
241512.5556000002	0.2	4.7	1
241544.5690000002	0.4	7.3	1
241601.3891000002	0.4	9.3	1
241681.9492000002	0.4	8.9	1
241773.1827000002	0.2	4.0	1
241797.4561000002	0.4	9.1	1
241853.4695000002	0.6	11.9	1
241925.2229000002	0.4	5.9	1
242019.64970000018	0.4	8.5	1
242150.0832000002	0.6	13.5	1
242284.5234000002	0.2	1.5	1
242296.5301000002	0.2	4.5	1
242332.2768000002	0.4	8.9	1
242389.0969000002	0.4	7.9	1
242476.0570000002	0.6	11.3	1
242575.5571000002	0.2	4.7	1
242711.0639000002	0.6	13.5	1
242741.7373000002	0.6	11.5	1
242776.4174000002	0.2	1.5	1
242837.5042000002	0.4	9.9	1
242922.3310000002	0.4	8.9	1
243031.9645000002	0.4	9.3	1
243176.0047000002	0.6	12.9	1
243346.98490000019	0.6	10.1	1
243521.97180000017	0.2	1.5	1
243708.96540000016	0.2	4.5	1
243910.63240000015	0.2	5.5	1
244134.97280000013	0.4	8.5	1
244161.37950000013	0.4	9.9	1
244200.8596000001	0.2	4.9	1
244251.0131000001	0.2	4.0	1
244311.84000000008	0.2	4.0	1
244376.6736000001	0.2	1.5	1
244466.8472000001	0.4	9.5	1
244490.5872000001	0.4	8.9	1
244545.5339000001	0.6	11.7	1
244620.4873000001	0.4	7.5	1
244712.7807000001	0.4	6.5	1
244837.8808000001	0.6	12.3	1
244855.2208000001	0.4	6.5	1
244896.30080000008	0.4	8.9	1
244956.8542000001	0.4	7.3	1
245042.21430000008	0.4	9.3	1
245144.91440000007	0.4	6.5	1
245280.95450000008	0.6	12.5	1
245421.0013000001	0.2	1.5	1
245575.1881000001	0.2	5.3	1
245752.04830000008	0.4	8.5	1
245855.84850000008	0.6	10.1	1
245867.85520000008	0.2	4.5	1
245887.20190000007	0.2	2.75	1
245931.35530000008	0.4	9.3	1
246015.5154000001	0.8	15.0	1
246115.4155000001	0.4	5.9	1
246242.78900000008	0.6	10.3	1
246406.1692000001	0.6	13.5	1
246605.5561000001	0.6	13.5	1
246727.61640000012	0.4	8.5	1
246881.9501000001	0.6	12.1	1
247065.35720000011	0.6	10.9	1
247267.70430000013	0.4	7.1	1
247489.52480000013	0.4	7.3	1
247542.01870000013	0.6	11.5	1
247556.69210000013	0.2	5.5	1
247582.03890000013	0.2	4.0	1
247623.12570000012	0.4	5.9	1
247704.2192000001	0.8	15.0	1
247804.7861000001	0.4	7.3	1
247919.4930000001	0.2	5.3	1
247949.63300000012	0.6	11.3	1
247966.4397000001	0.4	6.3	1
248004.8531000001	0.4	8.1	1
248083.27320000008	0.8	15.0	1
248188.63330000007	0.6	10.1	1
248313.46680000008	0.4	7.3	1
248345.7402000001	0.6	12.1	1
248406.0203000001	0.6	10.5	1
248494.8404000001	0.6	10.7	1
248524.98040000012	0.6	11.3	1
248580.46040000013	0.4	9.5	1
248652.2138000001	0.4	6.1	1
248756.2406000001	0.6	12.1	1
248770.38060000012	0.2	5.3	1
248797.59400000013	0.2	4.9	1
248826.13400000014	0.6	10.7	1
248851.47400000013	0.4	9.5	1
248908.02070000014	0.6	11.7	1
248928.56070000015	0.4	7.7	1
248965.37410000016	0.4	6.1	1
248980.04750000016	0.2	5.5	1
249022.19430000015	0.6	10.3	1
249085.41450000016	0.4	7.9	1
249155.97470000017	0.2	2.75	1
249251.87490000017	0.4	9.5	1
249277.21490000017	0.4	9.5	1
249324.69490000018	0.4	8.3	1
249353.23490000019	0.6	10.7	1
249414.0483000002	0.6	12.1	1
249564.8684000002	0.8	33.75	1
249592.3418000002	0.6	10.3	1
249640.3552000002	0.4	7.7	1
249711.5753000002	0.4	8.7	1
249796.9354000002	0.2	5.3	1
249820.1421000002	0.4	8.7	1
249850.6888000002	0.2	2.75	1
249903.3755000002	0.4	8.3	1
249937.7822000002	0.6	12.9	1
249964.18890000018	0.4	9.9	1
250011.13560000018	0.4	7.7	1
250087.6890000002	0.6	11.1	1
250194.38240000018	0.6	11.3	1
250234.38910000017	0.8	15.0	1
250305.06920000017	0.6	11.5	1
250565.75600000017	1.0	71.25	1
250840.04950000017	0.2	5.1	1
251145.01640000017	0.6	11.5	1
251466.25670000017	0.4	6.1	1
251810.70370000016	0.4	8.7	1
252181.55740000017	0.4	9.9	1
252205.29740000016	0.4	8.9	1
252242.11080000017	0.2	4.9	1
252307.46420000016	0.6	10.7	1
252398.69100000017	0.4	9.7	1
252411.76440000016	0.2	4.9	1
252451.77780000016	0.6	10.1	1
252506.46460000015	0.2	5.5	1
252597.15810000015	0.6	13.5	1
252714.79160000014	0.6	10.1	1
252740.66500000015	0.4	9.7	1
252756.93840000016	0.4	6.1	1
252790.55180000016	0.4	6.5	1
252831.50520000016	0.2	2.75	1
252903.66530000017	0.6	11.7	1
253093.67200000017	1.0	71.25	1
253306.88540000017	0.4	8.7	1
253536.3722000002	0.4	6.1	1
253782.13240000018	0.4	6.1	1
254047.36600000018	0.4	7.3	1
254343.2730000002	0.6	11.5	1
254559.72000000018	0.4	7.7	1
255016.1737000002	1.0	90.0	1
255262.6341000002	0.8	33.75	1
255535.5012000002	0.4	9.9	1
255839.0417000002	0.6	11.5	1
256061.5222000002	0.4	7.1	1
256317.3427000002	0.6	12.5	1
256595.3032000002	0.4	8.3	1
257013.2704000002	1.0	90.0	1
257451.24430000022	0.4	7.5	1
257909.22490000023	0.4	7.5	1
258389.34550000023	0.4	8.3	1
258401.88550000024	0.2	4.7	1
258436.29220000023	0.6	12.9	1
258494.43890000024	0.4	8.9	1
258511.77890000024	0.4	6.5	1
258550.72560000024	0.4	8.1	1
258597.01230000023	0.2	2.75	1
258671.30570000023	0.6	10.5	1
258749.60580000022	0.2	1.5	1
258779.74580000024	0.6	11.3	1
258826.15920000023	0.4	6.1	1
258888.84600000022	0.4	6.1	1
258915.78600000023	0.6	10.1	1
258971.79940000022	0.6	10.9	1
259040.35280000023	0.2	4.7	1
259140.64620000022	0.6	11.9	1
259264.6796000002	0.4	8.9	1
259276.6863000002	0.2	4.5	1
259302.83300000022	0.2	5.3	1
259418.98640000023	0.8	33.75	1
259571.14650000024	0.6	13.5	1
259751.31330000024	0.6	10.5	1
259946.15350000025	0.2	5.5	1
260175.40040000025	0.6	12.9	1
260434.78730000026	0.6	11.3	1
260466.52730000025	0.6	11.9	1
260538.27400000024	0.8	15.0	1
260632.69410000023	0.4	8.5	1
260756.72090000022	0.6	11.1	1
261020.7544000002	1.0	52.5	1
261310.1279000002	0.4	9.5	1
261341.3346000002	0.6	11.7	1
261395.7480000002	0.4	8.7	1
261475.50140000018	0.4	9.5	1
261575.2615000002	0.4	7.5	1
261607.5349000002	0.6	12.1	1
261669.9483000002	0.6	11.3	1
261753.4351000002	0.4	7.9	1
261870.7953000002	0.6	12.7	1
261895.6020000002	0.4	9.3	1
261941.4821000002	0.4	7.9	1
262000.4356000002	0.2	4.9	1
262081.5291000002	0.4	8.3	1
262092.2025000002	0.2	4.0	1
262116.4826000002	0.2	5.1	1
262173.5694000002	0.6	12.3	1
262204.24280000024	0.6	11.5	1
262267.1896000002	0.6	12.1	1
262344.2764000002	0.2	5.3	1
262450.4366000002	0.6	10.9	1
262457.7766000002	0.2	2.75	1
262491.52330000023	0.4	9.9	1
262553.81000000023	0.6	10.7	1
262576.48340000026	0.4	8.5	1
262622.36350000027	0.4	8.7	1
262858.25030000025	1.0	71.25	1
262870.2570000003	0.2	4.5	1
262912.40370000026	0.6	11.3	1
262974.55710000027	0.4	7.5	1
263068.45050000027	0.6	11.9	1
263086.32390000025	0.4	6.7	1
263294.20400000026	1.0	71.25	1
263515.15750000026	0.2	4.9	1
263757.71770000027	0.4	8.1	1
264040.28460000025	0.8	15.0	1
264341.7915000002	0.4	7.1	1
264656.3718000002	0.2	4.9	1
264680.1118000002	0.4	8.9	1
264717.4585000002	0.2	5.1	1
264739.0652000002	0.4	8.1	1
264777.4786000002	0.4	6.3	1
264834.8320000002	0.4	7.1	1
264912.1921000002	0.4	7.5	1
265005.2922000002	0.4	5.9	1
265124.7990000002	0.4	9.9	1
265263.24580000015	0.4	7.1	1
265294.45250000013	0.6	11.7	1
265348.86590000015	0.4	8.7	1
265434.48600000015	0.6	11.7	1
265674.4927000002	1.0	90.0	1
265925.1728000002	0.2	4.0	1
266206.5263000002	0.6	11.5	1
266513.7532000002	0.4	9.7	1
266526.8266000002	0.2	4.9	1
266550.5734000002	0.2	4.0	1
266561.24680000026	0.2	4.0	1
266584.46020000026	0.2	4.7	1
266621.2803000003	0.2	5.1	1
266668.77380000026	0.2	4.0	1
266730.40730000025	0.2	5.3	1
266807.78080000024	0.4	5.9	1
266900.8943000002	0.4	5.9	1
267007.0812000002	0.2	4.9	1
267025.2748000002	0.2	4.5	1
267056.00840000017	0.2	4.7	1
267103.01540000015	0.4	6.1	1
267164.16240000015	0.2	5.3	1
267237.8494000001	0.2	4.7	1
267322.2098000001	0.2	4.0	1
267329.54980000015	0.2	2.75	1
267351.56320000015	0.2	5.5	1
267390.38330000016	0.4	6.3	1
267442.8101000002	0.2	5.1	1
267508.8436000002	0.2	5.1	1
267589.0171000002	0.2	5.3	1
267685.99730000016	0.4	6.3	1
267800.3175000002	0.4	6.5	1
267930.9111000002	0.4	6.1	1
268068.8447000002	0.2	2.75	1
268224.1183000002	0.4	6.5	1
268391.9319000002	0.2	4.7	1
268571.7522000002	0.2	4.5	1
268762.2459000002	0.2	4.0	1
268968.4796000002	0.4	5.9	1
269187.2533000002	0.2	4.7	1
269323.3670000002	0.4	6.5	1
269471.4874000002	0.2	4.5	1
269626.9478000002	0.2	2.75	1
269796.0149000002	0.2	5.1	1
269979.2220000002	0.2	5.3	1
270176.5691000002	0.2	5.3	1
270385.9229000002	0.2	4.5	1
270611.01670000015	0.4	5.9	1
270851.8505000002	0.4	5.9	1
271103.35770000017	0.2	4.0	1
271369.0049000002	0.2	5.3	1
271651.99210000015	0.4	6.5	1
271951.78600000014	0.4	6.3	1
272268.38660000014	0.4	6.3	1
272502.3272000001	0.4	6.5	1
272750.9412000001	0.2	5.5	1
272911.56190000015	0.2	4.5	1
273091.65600000013	0.4	7.3	1
273282.42350000015	0.2	4.0	1
273488.93100000016	0.4	5.9	1
273702.77850000013	0.2	2.75	1
273927.29940000013	0.2	4.0	1
274162.4937000001	0.2	4.0	1
274415.5614000001	0.4	6.7	1
274687.56910000014	0.4	7.1	1
274966.9168000001	0.2	2.75	1
275259.3379000001	0.2	4.9	1
275567.4990000001	0.4	5.9	1
275891.40010000014	0.4	5.9	1
276235.30790000013	0.4	7.5	1
276593.88910000015	0.2	5.5	1
276971.9437000001	0.4	7.3	1
277366.2717000001	0.4	6.1	1
277781.1397000001	0.4	7.7	1
278200.0144000001	0.2	1.5	1
278631.4291000001	0.2	4.7	1
278974.8505000001	0.2	4.5	1
279332.94530000014	0.2	5.5	1
279701.7135000001	0.2	4.0	1
280084.62170000013	0.2	5.3	1
280484.33660000016	0.4	6.3	1
280800.85820000013	0.4	6.3	1
281129.91980000015	0.2	4.7	1
281476.32140000013	0.4	6.5	1
281836.3297000001	0.2	5.1	1
282207.01140000013	0.2	4.0	1
282593.96650000016	0.4	6.1	1
283000.39500000014	0.4	7.3	1
283420.4302000001	0.2	5.1	1
283857.8054000001	0.4	6.5	1
284311.45400000014	0.4	6.1	1
284779.2426000002	0.2	5.3	1
285266.50460000016	0.4	7.3	1
285773.7733000002	0.4	7.5	1
286294.6487000002	0.2	5.1	1
286829.66410000017	0.2	5.3	1
287368.6862000002	0.2	1.5	1
287921.8483000002	0.2	5.3	1
288479.0171000002	0.2	1.5	1
289050.32590000017	0.2	5.3	1
289634.17470000015	0.2	4.7	1
290230.03020000015	0.2	4.5	1
290838.42570000014	0.2	4.7	1
291457.49460000015	0.2	4.0	1
292095.50350000017	0.4	7.1	1
292647.65240000014	0.2	5.3	1
293220.34130000015	0.4	7.7	1
293812.5036000002	0.4	7.3	1
294421.47260000015	0.4	6.3	1
295046.71500000014	0.4	6.1	1
295691.43080000015	0.4	7.3	1
296352.95330000017	0.4	6.3	1
297021.81580000016	0.2	2.75	1
297602.6850000002	0.2	4.5	1
298200.36090000015	0.4	6.3	1
298814.3102000001	0.4	6.1	1
299445.5995000001	0.4	6.5	1
300090.49550000014	0.2	5.1	1
300749.53150000016	0.2	5.3	1
301426.44090000016	0.4	6.7	1
302118.02370000014	0.2	5.5	1
302826.4132000001	0.4	6.3	1
303542.14270000014	0.2	2.75	1
304277.8789000001	0.4	7.5	1
305031.48850000015	0.4	6.7	1
305801.90480000013	0.4	6.3	1
306485.3945000001	0.2	4.9	1
307185.1576000001	0.4	6.1	1
307897.4607000001	0.2	4.7	1
308626.5705000001	0.4	6.3	1
309371.4203000001	0.4	5.9	1
310129.34350000013	0.2	4.9	1
310897.9401000001	0.2	4.0	1
311682.8101000001	0.4	6.1	1
312480.2201000001	0.2	4.7	1
313292.3035000001	0.2	5.5	1
314018.5269000001	0.2	5.3	1
314760.4903000001	0.4	5.9	1
315516.06040000013	0.2	5.1	1
316286.3039000001	0.2	5.5	1
317070.6874000001	0.2	5.3	1
317869.74430000014	0.2	5.5	1
318682.9412000001	0.2	5.3	1
319510.2781000001	0.2	5.3	1
320353.3550000001	0.4	5.9	1
321210.0386000001	0.2	5.1	1
321700.0622000001	0.6	12.5	1
322212.22580000013	0.4	8.3	1
322964.3961000001	1.0	90.0	1
323041.37310000014	0.4	9.3	1
323137.8235000001	0.4	7.3	1
323157.83020000014	0.4	7.5	1
323213.84360000014	0.6	13.5	1
323286.66370000015	0.4	6.3	1
323380.02380000014	0.4	7.7	1
323507.2573000001	0.6	12.7	1
323511.26400000014	0.2	1.5	1
323547.27070000017	0.6	13.5	1
323595.28410000016	0.2	4.5	1
323669.70420000015	0.4	9.9	1
323884.13100000017	1.0	52.5	1
324002.56450000015	0.2	1.5	1
324025.00470000017	0.2	1.5	1
324051.45160000015	0.2	1.5	1
324081.90520000015	0.2	1.5	1
324116.36550000013	0.2	1.5	1
324144.9055000001	0.6	10.7	1
324171.8455000001	0.6	10.1	1
324228.9255000001	0.6	11.3	1
324319.3455000001	0.6	12.5	1
324334.01890000014	0.2	5.5	1
324349.75890000013	0.4	5.9	1
324396.17230000015	0.6	11.5	1
324409.24570000015	0.2	4.9	1
324458.32580000017	0.6	13.5	1
324534.87930000015	0.6	10.3	1
324635.1728000002	0.4	8.9	1
324762.93970000016	0.6	10.3	1
324916.0466000002	0.4	9.5	1
324928.0533000002	0.2	4.5	1
324965.9334000002	0.4	9.7	1
325015.8202000002	0.2	4.5	1
325032.0936000002	0.4	6.1	1
325288.3737000002	1.0	90.0	1
325565.7272000002	0.4	7.9	1
325868.4207000002	0.4	9.5	1
325994.32090000017	0.4	8.7	1
326154.0945000002	0.6	12.7	1
326348.2748000002	0.6	12.9	1
326561.9285000002	0.4	7.3	1
326815.5889000002	0.8	15.0	1
327102.0560000002	0.6	12.3	1
327412.2631000002	0.4	8.9	1
327744.0769000002	0.4	8.1	1
328102.8307000002	0.6	10.1	1
328494.39120000025	0.6	12.3	1
328918.7584000002	0.6	12.3	1
328948.3651000002	0.6	11.1	1
329001.7118000002	0.4	8.9	1
329077.19850000023	0.4	8.3	1
329176.42520000023	0.4	8.9	1
329307.3919000002	0.6	11.9	1
329336.9986000002	0.6	11.1	1
329361.27200000023	0.4	9.1	1
329386.07870000025	0.4	9.3	1
329441.55880000023	0.6	11.5	1
329511.17890000023	0.2	5.3	1
329592.80570000026	0.2	4.5	1
329596.8124000003	0.2	1.5	1
329600.8191000003	0.2	1.5	1
329608.8325000003	0.2	1.5	1
329612.83920000034	0.2	1.5	1
329628.5792000003	0.4	5.9	1
329641.1192000003	0.2	4.7	1
329665.6659000003	0.2	4.5	1
329716.0860000003	0.4	9.7	1
329748.3594000003	0.6	12.1	1
329799.5728000003	0.4	7.1	1
329872.3929000003	0.4	8.1	1
329972.15300000034	0.6	10.1	1
330085.51980000036	0.2	5.1	1
330288.89330000035	0.8	33.75	1
330514.94020000036	0.4	8.5	1
330548.81360000034	0.6	12.7	1
330603.22700000036	0.4	7.7	1
330661.64710000035	0.2	1.5	1
330737.40720000037	0.4	6.5	1
330827.3073000004	0.2	5.3	1
330941.48080000037	0.4	9.1	1
330952.1542000004	0.2	4.0	1
330992.9676000004	0.6	11.3	1
331056.4544000004	0.4	8.5	1
331147.41460000037	0.6	10.3	1
331187.4213000004	0.8	15.0	1
331231.4347000004	0.2	1.5	1
331297.5881000004	0.4	8.3	1
331385.3482000004	0.4	8.1	1
331500.04830000043	0.6	10.1	1
331645.4218000004	0.6	11.5	1
331823.6020000004	0.6	12.3	1
332035.6556000004	0.6	12.7	1
332487.7159000004	1.0	90.0	1
332667.24960000045	0.6	10.3	1
332872.65670000046	0.4	9.7	1
333111.93720000045	0.6	12.7	1
333279.7577000004	0.6	10.7	1
333454.9182000004	0.2	2.75	1
333661.2854000004	0.6	11.7	1
333688.7260000004	0.4	7.9	1
333729.77330000035	0.2	5.1	1
333783.8940000004	0.2	4.9	1
333842.0214000004	0.2	1.5	1
333867.89480000036	0.4	9.7	1
333926.04160000035	0.6	12.1	1
334005.2618000003	0.4	7.9	1
334174.48870000034	0.8	33.75	1
334364.78900000034	0.4	7.9	1
334588.42930000037	0.6	12.5	1
334839.00960000034	0.6	10.1	1
335115.99660000036	0.4	9.9	1
335130.6700000004	0.2	5.5	1
335146.4100000004	0.4	5.9	1
335175.7567000004	0.2	5.1	1
335218.17680000036	0.2	4.9	1
335276.33690000034	0.4	5.9	1
335347.5704000003	0.2	4.9	1
335430.8106000003	0.2	4.5	1
335527.6575000003	0.2	5.1	1
335637.5778000003	0.2	4.9	1
335761.63810000033	0.2	5.3	1
335898.77180000034	0.2	4.9	1
336048.97890000034	0.2	4.9	1
336213.85940000036	0.2	5.5	1
336292.87990000035	0.2	5.3	1
336386.04040000035	0.2	5.3	1
336491.7409000003	0.2	4.7	1
336613.18140000035	0.4	5.9	1
336748.76190000033	0.2	5.3	1
336895.01580000034	0.2	4.0	1
337054.87640000036	0.2	5.1	1
337130.47700000036	0.4	5.9	1
337220.75100000034	0.2	5.5	1
337321.69840000034	0.2	4.0	1
337436.78580000036	0.2	5.3	1
337566.01320000034	0.2	5.3	1
337709.91400000034	0.2	5.5	1
337867.42150000035	0.2	5.1	1
338038.00240000035	0.2	4.9	1
338224.32330000034	0.4	5.9	1
338425.31760000036	0.2	5.5	1
338642.05190000037	0.4	5.9	1
338869.45960000035	0.2	4.0	1
339112.6073000003	0.4	5.9	1
339369.8950000003	0.2	5.3	1
339640.7894000003	0.2	5.1	1
339924.2238000003	0.2	4.7	1
340218.3316000003	0.2	4.0	1
340438.3128000003	0.4	9.7	1
340670.8340000003	0.2	4.7	1
340919.09520000033	0.4	5.9	1
341171.3631000003	0.2	1.5	1
341441.5044000003	0.4	6.7	1
341739.1191000003	0.6	10.3	1
342050.3405000003	0.2	5.1	1
342072.2353000003	0.2	4.0	1
342106.13680000027	0.2	4.5	1
342150.7117000003	0.2	4.0	1
342207.29330000025	0.2	4.5	1
342217.9667000003	0.2	4.0	1
342232.6468000003	0.2	1.5	1
342236.6535000003	0.2	1.5	1
342251.3336000003	0.2	4.0	1
342273.3537000003	0.2	2.75	1
342280.69370000035	0.2	2.75	1
342288.0337000004	0.2	2.75	1
342299.3804000004	0.2	1.5	1
342303.3871000004	0.2	1.5	1
342311.4005000004	0.2	1.5	1
342315.4072000004	0.2	1.5	1
342319.41390000045	0.2	1.5	1
342327.42730000045	0.2	1.5	1
342331.4340000005	0.2	1.5	1
342339.44740000047	0.2	1.5	1
342355.18740000046	0.4	5.9	1
342396.80080000043	0.4	9.7	1
342417.3408000004	0.4	7.7	1
342453.62080000044	0.4	5.9	1
342693.62750000047	1.0	90.0	1
342957.90760000044	0.4	9.1	1
343237.92770000047	0.4	5.9	1
343539.0212000005	0.4	7.9	1
343564.3612000005	0.4	9.5	1
343619.3079000005	0.6	11.1	1
343859.3146000005	1.0	90.0	1
344117.1947000005	0.4	6.7	1
344409.4815000005	0.6	12.9	1
344432.6882000005	0.4	8.7	1
344486.5683000005	0.6	11.5	1
344518.3083000005	0.6	11.9	1
344574.3217000005	0.4	9.1	1
344594.8617000005	0.4	7.7	1
344623.40170000045	0.6	10.7	1
344674.61510000046	0.4	8.5	1
344742.1019000005	0.4	6.1	1
344758.3753000005	0.4	6.1	1
344808.52210000047	0.6	12.7	1
344866.0089000005	0.2	2.75	1
344944.0357000005	0.4	7.7	1
345046.8692000005	0.4	9.3	1
345173.4427000005	0.4	8.9	1
345198.7827000005	0.4	9.5	1
345226.78940000053	0.6	10.5	1
345279.0695000005	0.4	9.1	1
345351.8896000005	0.4	7.7	1
345383.0963000005	0.6	11.7	1
345435.3764000005	0.4	7.9	1
345447.91640000045	0.2	4.7	1
345488.99640000047	0.6	10.7	1
345496.3364000005	0.2	2.75	1
345536.4831000005	0.6	12.3	1
345776.4898000005	1.0	90.0	1
346256.5032000005	1.0	90.0	1
346290.3766000005	0.6	12.7	1
346349.5900000005	0.4	9.5	1
346426.6768000005	0.4	6.7	1
346517.3703000005	0.2	5.1	1
346535.24370000046	0.4	6.7	1
346743.12380000047	1.0	71.25	1
346763.1305000005	0.4	7.5	1
346799.9439000005	0.4	6.3	1
346869.5640000005	0.6	12.3	1
346892.2374000005	0.4	8.5	1
346937.0508000005	0.4	8.3	1
347015.7376000005	0.6	12.7	1
347122.9644000005	0.6	10.7	1
347362.97110000055	1.0	90.0	1
347842.98450000054	1.0	90.0	1
348563.00460000057	1.0	90.0	1
349523.03140000056	1.0	90.0	1
350723.0649000006	1.0	90.0	1
351863.10510000057	1.0	90.0	1
352432.75200000056	0.6	11.1	1
353192.4056000006	1.0	71.25	1
353974.19920000056	0.4	8.3	1
354495.99950000056	1.0	90.0	1
355107.80650000053	1.0	71.25	1
355649.7535000005	0.6	11.3	1
356231.7072000005	1.0	90.0	1
356953.6676000005	1.0	52.5	1
357865.6347000005	1.0	71.25	1
358967.6085000005	1.0	71.25	1
360159.5890000005	1.0	71.25	1
361541.5762000005	1.0	71.25	1
363163.5701000005	1.0	90.0	1
365025.5707000005	1.0	90.0	1
367077.5780000005	1.0	71.25	1
369369.5920000005	1.0	90.0	1
371901.6127000005	1.0	90.0	1
374473.64010000054	1.0	90.0	1
377285.67420000053	1.0	90.0	1
380337.71500000055	1.0	90.0	1
383429.76250000054	1.0	90.0	1
386445.01670000056	0.4	8.7	1
389491.47760000057	0.6	11.7	1
392562.7452000006	0.4	9.3	1
395661.48620000057	0.6	10.3	1
398900.2339000006	1.0	90.0	1
402278.98830000055	1.0	90.0	1
405897.74940000055	1.0	90.0	1
408141.3172000006	0.4	9.3	1
410399.55840000056	0.2	5.5	1
410421.16510000057	0.4	8.1	1
410459.0452000006	0.4	6.1	1
410522.79870000057	0.4	9.7	1
410605.49220000056	0.4	7.1	1
410700.1924000006	0.2	4.5	1
410815.4326000006	0.4	7.7	1
410952.8128000006	0.4	8.3	1
411102.7330000006	0.2	4.7	1
411268.9266000006	0.4	6.1	1
411448.1936000006	0.2	4.9	1
411644.2673000006	0.4	6.3	1
411858.2144000006	0.4	6.7	1
412079.5015000006	0.2	2.75	1
412321.3286000006	0.4	7.7	1
412587.4291000006	0.4	9.1	1
412867.1363000006	0.2	5.1	1
413168.4502000006	0.4	8.1	1
413484.4375000006	0.2	5.5	1
413734.83150000055	0.6	12.9	1
414004.69890000054	0.4	7.3	1
414302.03970000055	0.6	10.3	1
414630.0539000005	0.6	11.5	1
414979.14150000055	0.4	7.9	1
415164.23580000055	0.6	13.5	1
415362.40350000054	0.2	4.9	1
415583.7779000005	0.4	8.7	1
415841.1590000005	0.6	13.5	1
416121.7468000005	0.4	8.7	1
416417.0080000005	0.2	5.5	1
416739.7426000005	0.6	10.3	1
417079.8172000005	0.4	6.5	1
417454.2985000005	0.6	12.9	1
417848.7865000005	0.4	7.5	1
418260.08120000054	0.4	6.3	1
418686.04930000054	0.2	5.5	1
419139.49080000055	0.6	10.3	1
419606.5390000006	0.2	5.1	1
420105.8606000006	0.6	12.1	1
420629.9889000006	0.4	9.3	1
421170.9239000006	0.4	6.3	1
421715.8656000006	0.2	1.5	1
422287.2140000006	0.4	9.9	1
422894.5691000006	0.6	13.5	1
423531.5309000006	0.6	11.1	1
424175.8327000006	0.2	2.75	1
424849.74120000063	0.6	11.1	1
425545.7897000006	0.4	8.3	1
426271.9782000006	0.6	11.3	1
427029.9067000006	0.6	11.9	1
427820.10860000056	0.6	12.1	1
428643.6505000006	0.6	12.5	1
429485.06580000056	0.4	6.7	1
430357.1545000006	0.6	11.5	1
431233.2499000006	0.2	1.5	1
432135.21870000055	0.4	9.7	1
433068.9275000006	0.6	11.9	1
434037.0430000006	0.6	12.9	1
435022.49850000057	0.4	6.5	1
436027.9607000006	0.4	7.5	1
437047.5629000006	0.2	5.3	1
438091.9718000006	0.4	9.3	1
439165.98740000057	0.6	11.1	1
440259.47640000057	0.4	7.3	1
441369.7721000006	0.4	6.3	1
442508.6078000006	0.6	10.7	1
443670.1169000006	0.4	8.5	1
444843.6327000006	0.2	4.5	1
446036.6219000006	0.4	7.3	1
447247.4845000006	0.4	6.7	1
448476.2205000006	0.4	6.7	1
449716.9632000006	0.2	4.5	1
450971.8459000006	0.2	5.3	1
452260.6020000006	0.6	12.7	1
453574.6981000006	0.4	9.5	1
454904.53420000063	0.4	5.9	1
456241.7103000006	0.2	2.75	1
457599.9598000006	0.4	7.9	1
458989.9493000006	0.6	11.9	1
460397.2788000006	0.4	6.5	1
461833.1483000006	0.6	10.7	1
463279.6912000006	0.2	4.0	1
464758.5075000006	0.6	12.1	1
466261.0638000006	0.4	8.9	1
467798.0268000006	0.6	12.9	1
469366.1965000006	0.6	11.7	1
470946.9062000006	0.2	4.7	1
472543.3559000006	0.4	5.9	1
474157.6790000006	0.4	6.7	1
475808.0088000006	0.6	13.5	1
477489.01200000057	0.6	11.5	1
479191.08860000054	0.4	7.9	1
480927.57190000056	0.6	12.9	1
482695.7952000006	0.6	11.9	1
484489.89190000057	0.4	9.7	1
486304.52860000054	0.4	7.7	1
488138.63870000053	0.4	7.3	1
489984.75550000055	0.2	4.5	1
491841.54570000054	0.2	4.0	1
493711.4093000005	0.2	4.9	1
495605.5463000005	0.4	9.1	1
497522.89000000054	0.4	8.7	1
499468.24040000053	0.6	10.5	1
501427.73080000054	0.2	5.3	1
503416.29460000055	0.6	10.9	1
505435.5318000005	0.6	11.5	1
507368.3757000005	0.2	5.1	1
509332.9596000005	0.6	11.9	1
511312.2169000005	0.2	5.5	1
513312.0142000005	0.4	7.7	1
515327.5515000005	0.4	5.9	1
517363.62880000053	0.4	7.7	1
519430.3795000005	0.6	11.5	1
521510.20360000053	0.2	4.9	1
523605.76770000055	0.4	5.9	1
525713.3385000005	0.2	4.5	1
527834.5160000005	0.2	5.1	1
529971.9669000006	0.4	6.1	1
532132.0912000006	0.4	8.5	1
534321.2889000006	0.6	10.9	1
536533.6933000006	0.4	8.7	1
538771.9711000007	0.4	9.7	1
541040.9223000007	0.6	11.5	1
543337.3469000007	0.6	10.3	1
545659.6449000007	0.4	9.7	1
548010.4829000006	0.6	10.7	1
550393.0609000006	0.6	11.9	1
552802.0456000007	0.4	9.9	1
555241.7037000007	0.6	11.5	1
557708.8352000007	0.6	10.3	1
560190.6401000007	0.2	5.5	1
562698.3184000007	0.4	9.7	1
565223.8701000006	0.4	6.7	1
567768.3618000007	0.4	7.1	1
570333.3935000007	0.4	7.7	1
572916.2986000007	0.4	6.7	1
575521.8771000006	0.4	8.5	1
578143.1956000007	0.4	5.9	1
580791.4541000007	0.6	10.1	1
583454.3860000006	0.2	5.5	1
586139.4579000006	0.4	8.3	1
588852.0032000006	0.6	10.3	1
591578.1552000006	0.2	5.1	1
594326.4472000006	0.4	8.3	1
597097.9459000006	0.4	8.7	1
599897.9846000007	0.6	10.7	1
602724.9633000006	0.6	10.1	1
605562.6154000006	0.2	4.0	1
608432.5409000006	0.6	12.1	1
611330.4731000006	0.6	10.5	1
614248.9453000006	0.4	7.7	1
617184.2242000006	0.4	6.3	1
620145.9098000006	0.4	9.9	1
623138.8021000006	0.6	11.7	1
626056.5011000006	0.4	9.3	1
628994.7401000005	0.4	7.7	1
631955.6525000005	0.4	8.5	1
634930.7049000006	0.2	5.3	1
637929.4973000006	0.4	8.9	1
640932.2964000006	0.2	1.5	1
643947.1022000005	0.2	4.5	1
646984.5814000005	0.4	8.5	1
650043.6673000004	0.4	8.1	1
653124.3599000004	0.4	8.1	1
656222.9259000004	0.4	6.7	1
659340.4319000004	0.4	7.1	1
662479.5446000005	0.4	8.1	1
665634.3973000005	0.4	5.9	1
668793.2567000005	0.2	1.5	1
671972.6561000005	0.4	7.7	1
675170.9955000005	0.4	7.1	1
678388.8083000005	0.4	7.3	1
681629.2945000005	0.4	8.5	1
684882.3207000005	0.2	4.7	1
688160.1536000005	0.4	9.3	1
691451.5932000006	0.2	5.1	1
694762.5062000006	0.4	7.3	1
698085.9592000006	0.2	4.7	1
701422.4856000006	0.2	4.9	1
704776.8854000006	0.4	6.7	1
708149.1586000007	0.4	6.7	1
711528.7718000007	0.2	2.75	1
714931.0584000007	0.4	8.5	1
718346.4184000007	0.2	4.9	1
721783.9184000007	0.4	8.3	1
725245.6918000006	0.4	9.1	1
728721.0719000006	0.2	5.1	1
732210.0587000005	0.2	5.1	1
735720.1189000005	0.4	7.9	1
739234.1858000004	0.2	1.5	1
742760.2594000004	0.2	4.5	1
746306.8730000005	0.4	7.7	1
749875.0933000005	0.4	8.1	1
753462.2536000005	0.4	7.1	1
757069.9539000005	0.4	7.7	1
760693.3942000006	0.4	5.9	1
764336.3079000006	0.4	7.3	1
767991.2283000005	0.2	4.5	1
771666.1554000005	0.4	7.5	1
775365.3559000005	0.4	9.1	1
779078.6964000006	0.2	5.3	1
782815.7769000006	0.4	8.9	1
786576.5974000007	0.4	8.9	1
790359.5579000007	0.4	8.3	1
794159.3251000007	0.4	6.3	1
797983.3657000007	0.4	9.1	1
801823.6797000007	0.4	6.1	1
805676.0004000007	0.2	4.5	1
809542.4611000008	0.2	5.3	1
813425.7285000008	0.4	6.3	1
817329.0026000008	0.4	7.5	1
821254.9501000008	0.4	8.5	1
825197.7043000008	0.4	6.3	1
829152.4652000008	0.2	4.5	1
833126.6995000008	0.4	7.3	1
837115.0738000008	0.2	5.3	1
841128.2548000008	0.4	9.3	1
845148.7758000008	0.2	2.75	1
849185.5702000008	0.4	6.1	1
853243.4380000008	0.4	7.9	1
857321.3125000008	0.4	7.5	1
861413.8604000008	0.2	5.5	1
865529.6150000008	0.4	8.7	1
869660.0430000008	0.2	5.5	1
873814.2110000007	0.4	8.9	1
877880.9190000007	0.2	4.7	1
881963.3670000007	0.4	5.9	1
886058.3550000007	0.2	4.7	1
890169.6164000006	0.4	6.1	1
894293.9512000006	0.2	4.9	1
898334.5594000006	0.4	6.1	1
902393.0410000007	0.4	6.7	1
906468.3293000007	0.4	6.3	1
910554.2910000007	0.2	4.0	1
914657.0594000006	0.4	6.3	1
918770.5012000006	0.2	4.0	1
922900.2164000006	0.4	6.1	1
927046.2050000007	0.4	6.1	1
931206.8670000007	0.2	5.5	1
935281.1357000007	0.2	5.1	1
939362.7444000007	0.2	2.75	1
943457.9598000007	0.2	5.1	1
946585.4486000007	0.6	12.1	1
949739.3441000007	0.4	9.9	1
952921.7796000007	0.6	10.7	1
956121.5551000007	0.4	6.5	1
959154.1373000006	0.6	12.3	1
962194.0595000007	0.2	2.75	1
965265.7217000007	0.6	11.9	1
968369.1239000007	0.6	11.9	1
970697.3328000007	0.4	9.3	1
973050.3484000007	0.4	9.3	1
975431.3707000007	0.6	10.5	1
977542.5330000006	0.6	11.3	1
978580.6353000007	0.6	10.1	1
978610.7753000007	0.6	11.3	1
978660.3887000007	0.4	7.3	1
978680.3954000007	0.4	7.5	1
978714.5421000008	0.2	5.3	1
978744.6821000008	0.6	11.3	1
978808.6955000008	0.6	12.7	1
978888.9823000008	0.4	6.1	1
978981.2758000009	0.2	4.5	1
979104.7760000009	0.6	11.7	1
979344.7827000009	1.0	90.0	1
979724.796100001	1.0	90.0	1
980344.8162000009	1.0	90.0	1
981104.8430000009	1.0	90.0	1
981798.2098000009	0.6	12.5	1
982504.6500000008	0.2	4.9	1
983351.0969000008	1.0	90.0	1
984387.5505000008	1.0	71.25	1
985614.0108000009	1.0	71.25	1
987030.4778000008	1.0	71.25	1
988686.9515000008	1.0	90.0	1
990483.4319000008	1.0	90.0	1
992469.9190000008	1.0	71.25	1
994546.4128000009	1.0	71.25	1
996862.9133000008	1.0	90.0	1
999369.4205000008	1.0	71.25	1
1002065.9344000008	1.0	71.25	1
1005002.4550000009	1.0	90.0	1
1008128.9823000008	1.0	71.25	1
1011180.8496000009	0.4	9.5	1
1014261.7903000009	0.6	10.9	1
1017482.7377000009	1.0	90.0	1
1020843.6918000008	1.0	90.0	1
1024444.6526000008	1.0	90.0	1
1027949.6201000009	0.2	1.5	1
1031458.5943000009	0.2	1.5	1
