11.916699999999999	0.4	6.5	1
36.6667	0.6	13.5	1
56.2834	0.6	10.7	1
78.65010000000001	0.2	1.5	1
111.83350000000002	0.4	5.9	1
127.05020000000002	0.4	8.3	1
148.86690000000002	0.6	11.9	1
188.83360000000002	0.4	9.9	1
239.98360000000002	0.4	6.1	1
305.9836	0.4	8.1	1
386.10030000000006	0.4	7.7	1
400.58360000000005	0.4	7.9	1
423.50030000000004	0.6	12.5	1
432.85030000000006	0.2	5.1	1
460.71700000000004	0.6	10.1	1
502.3337	0.4	7.5	1
563.9337	0.6	10.9	1
637.4504000000001	0.4	6.5	1
726.9171000000001	0.4	8.7	1
836.3671000000002	0.6	10.9	1
961.0338000000002	0.4	8.3	1
1104.9505000000001	0.6	10.5	1
1263.3505000000002	0.4	7.9	1
1342.1005000000002	0.6	11.1	1
1350.3505000000002	0.2	4.5	1
1371.9838000000002	0.4	7.3	1
1404.8004000000003	0.4	6.1	1
1461.2670000000003	0.6	12.9	1
1486.0170000000003	0.6	13.5	1
1531.4837000000002	0.6	11.3	1
1589.2337000000002	0.4	6.7	1
1591.9837000000002	0.2	1.5	1
1616.5504000000003	0.6	11.9	1
1657.4338000000002	0.4	8.9	1
1710.6005000000002	0.4	6.7	1
1784.1172000000001	0.6	11.1	1
1871.7506	0.4	7.7	1
1881.4673	0.2	5.3	1
1905.3007	0.4	7.7	1
1937.7508	0.2	4.7	1
1985.7842	0.4	8.5	1
2042.4343000000001	0.2	4.7	1
2122.3677000000002	0.6	12.7	1
2225.5844	0.6	12.7	1
2348.0511	0.6	10.5	1
2493.8011	0.6	12.7	1
2804.5511	1.0	90.0	1
3133.8178000000003	0.6	10.1	1
3485.2678000000005	0.6	12.1	1
3858.5345000000007	0.6	11.9	1
4141.517900000001	0.2	5.3	1
4436.418000000001	0.4	6.5	1
4553.501400000001	0.6	12.1	1
4593.134800000001	0.6	12.3	1
4607.984800000001	0.4	8.1	1
4634.751500000001	0.4	6.5	1
4637.501500000001	0.2	1.5	1
4656.934800000001	0.4	9.1	1
4692.684800000001	0.4	8.9	1
4735.768100000001	0.2	4.0	1
4798.468100000001	0.6	10.7	1
4894.718100000001	1.0	52.5	1
5059.718100000001	1.0	90.0	1
5232.968100000001	0.2	4.5	1
5421.801400000001	0.4	8.5	1
5625.851400000001	0.4	8.3	1
5849.518100000001	0.6	10.7	1
6093.168100000001	0.6	10.9	1
6433.0681	1.0	52.5	1
6689.651400000001	0.4	9.1	1
6955.5847	0.2	5.1	1
7241.5013	0.6	10.9	1
7538.2346	0.4	5.9	1
7652.0179	0.4	9.3	1
7896.4262	1.0	71.25	1
8162.2845	0.6	11.7	1
8437.4928	0.2	5.1	1
8722.4178	0.2	5.3	1
8912.3845	0.2	2.75	1
9116.8345	0.4	7.9	1
9329.534500000002	0.2	4.5	1
9564.784500000002	0.6	12.3	1
9818.184500000001	0.4	9.9	1
9983.5012	0.4	6.5	1
10166.601200000001	0.4	9.7	1
10228.476200000001	0.8	33.75	1
10306.6679	0.4	8.9	1
10404.8429	0.6	10.9	1
10599.267899999999	1.0	52.5	1
10705.6096	0.4	6.5	1
10830.8346	0.6	10.3	1
11121.0596	1.0	90.0	1
11332.367900000001	0.6	11.5	1
11552.2929	0.2	4.7	1
11902.8429	1.0	71.25	1
12167.876199999999	0.4	7.9	1
12444.459499999999	0.4	6.3	1
12728.3761	0.2	4.0	1
12927.876	0.4	8.5	1
13142.2259	0.4	8.1	1
13367.3925	0.4	5.9	1
13611.4424	0.6	10.3	1
13769.2423	0.4	7.5	1
13935.6589	0.2	4.7	1
14123.158800000001	0.6	11.5	1
14219.408800000001	1.0	52.5	1
14230.9588	0.4	6.3	1
14245.4421	0.4	7.9	1
14281.7421	0.6	11.9	1
14293.6588	0.4	6.5	1
14314.1922	0.2	4.7	1
14349.942299999999	0.4	8.3	1
14405.675699999998	0.6	10.9	1
14482.859099999998	0.6	11.7	1
14580.025799999998	0.6	10.9	1
14587.359099999998	0.2	4.0	1
14605.875699999999	0.4	6.1	1
14626.225699999999	0.6	11.1	1
14663.9924	0.4	9.5	1
14680.309099999999	0.4	8.9	1
14705.242499999998	0.2	4.7	1
14750.8926	0.6	11.3	1
14927.1677	1.0	71.25	1
15013.1595	0.2	5.3	1
15026.9095	0.4	7.5	1
15052.209499999999	0.4	6.3	1
15093.8262	0.4	8.9	1
15149.9262	0.4	7.9	1
15228.209499999999	0.6	12.1	1
15324.6428	0.4	9.9	1
15551.7011	1.0	71.25	1
15698.0094	0.6	10.5	1
15863.201000000001	0.6	10.3	1
16047.642600000001	0.6	10.5	1
16058.4593	0.4	5.9	1
16073.3093	0.4	8.1	1
16106.676000000001	0.6	10.1	1
16153.426000000001	0.4	7.3	1
16220.892700000002	0.6	11.3	1
16306.142700000002	0.4	9.7	1
16318.059400000002	0.4	6.5	1
16336.942700000001	0.6	10.3	1
16350.692700000001	0.4	7.5	1
16373.792700000002	0.2	5.1	1
16458.7677	0.8	33.75	1
16605.6177	0.8	33.75	1
16774.650999999998	0.6	12.1	1
16964.400999999998	0.6	11.3	1
17171.200999999997	0.4	9.3	1
17392.484299999996	0.4	7.9	1
17407.334299999995	0.4	8.1	1
17438.867599999994	0.4	9.1	1
17601.025899999993	1.0	71.25	1
17674.73419999999	0.4	6.3	1
17762.559199999992	0.4	7.7	1
17775.575899999993	0.4	7.1	1
17795.92589999999	0.2	4.0	1
17828.19259999999	0.4	6.5	1
17843.409299999992	0.4	8.3	1
17859.359299999993	0.4	8.7	1
17937.184299999994	0.8	33.75	1
18026.192599999995	0.4	6.1	1
18117.950899999996	0.2	1.5	1
18218.692499999997	0.2	4.9	1
18450.0591	1.0	71.25	1
18699.575699999998	0.4	9.9	1
18957.709	0.2	4.7	1
19236.558999999997	0.6	11.3	1
19518.158999999996	0.2	1.5	1
19808.742299999994	0.2	4.9	1
20018.575599999993	0.6	10.5	1
20249.492199999993	0.6	11.5	1
20502.958799999993	0.6	12.3	1
20770.54209999999	0.4	7.7	1
21051.50869999999	0.4	7.3	1
21344.391999999993	0.4	6.5	1
21451.391999999993	0.4	7.7	1
21654.641999999993	1.0	52.5	1
21868.708699999992	0.4	5.9	1
22096.52539999999	0.4	7.5	1
22345.425399999993	0.6	11.5	1
22509.54209999999	0.4	8.3	1
22692.54209999999	0.6	10.3	1
22709.225399999992	0.4	9.1	1
22745.158699999993	0.6	10.5	1
22794.47529999999	0.4	7.3	1
22867.075199999992	0.6	12.7	1
22872.116899999994	0.2	2.75	1
22968.366899999994	1.0	52.5	1
23082.400199999993	0.4	9.7	1
23099.083499999993	0.4	9.1	1
23195.333499999993	1.0	52.5	1
23299.833499999993	0.2	4.5	1
23423.216799999995	0.6	10.3	1
23444.666799999995	0.6	11.7	1
23466.116799999996	0.6	11.7	1
23498.383499999996	0.4	5.9	1
23544.033499999998	0.4	7.3	1
23640.283499999998	1.0	52.5	1
23755.783499999998	0.6	10.5	1
23775.033499999998	0.6	10.5	1
23811.333499999997	0.4	9.3	1
23862.4835	0.4	8.1	1
23931.050199999998	0.4	9.5	1
24021.800199999998	0.6	12.1	1
24129.2335	0.4	9.1	1
24259.9501	0.6	12.7	1
24271.8668	0.4	6.5	1
24298.2668	0.4	7.9	1
24347.950100000002	0.6	12.7	1
24366.466800000002	0.6	10.1	1
24404.6002	0.6	10.7	1
24456.4836	0.4	7.5	1
24477.9336	0.6	11.7	1
24511.6669	0.4	6.7	1
24523.5836	0.4	6.5	1
24585.4586	0.8	33.75	1
24664.016900000002	0.4	9.1	1
24765.4919	0.6	12.5	1
24889.1502	0.6	12.1	1
25040.3085	0.8	15.0	1
25112.9168	0.6	11.7	1
25193.7751	0.2	4.5	1
25286.183399999998	0.4	6.3	1
25401.141699999996	0.6	12.3	1
25528.016699999996	0.4	6.5	1
25664.974999999995	0.2	5.5	1
25932.558299999993	1.0	71.25	1
26265.14159999999	1.0	90.0	1
26612.20819999999	0.4	7.9	1
26972.65809999999	0.4	7.3	1
27349.42469999999	0.4	8.9	1
27443.60799999999	0.4	9.5	1
27545.12459999999	0.2	4.0	1
27659.657899999987	0.4	7.1	1
27782.80789999999	0.2	4.7	1
27923.74119999999	0.4	9.7	1
28067.42449999999	0.2	1.5	1
28227.05779999999	0.4	8.7	1
28405.941099999993	0.6	10.5	1
28493.441099999993	0.2	4.7	1
28599.824399999994	0.6	10.3	1
28630.957699999995	0.6	13.5	1
28683.174299999995	0.6	11.5	1
28698.757599999994	0.4	8.5	1
28719.382599999994	0.2	2.75	1
28748.624299999992	0.2	4.7	1
28786.11599999999	0.2	4.5	1
28842.12439999999	0.6	10.1	1
28860.27439999999	0.4	9.9	1
28900.974399999992	0.6	12.3	1
28952.491099999992	0.4	5.9	1
29015.191099999993	0.4	6.1	1
29035.174399999993	0.6	10.9	1
29077.340999999993	0.6	12.1	1
29140.957599999994	0.6	11.7	1
29214.657499999994	0.2	5.5	1
29231.707499999993	0.4	9.3	1
29260.674199999994	0.4	6.5	1
29306.690899999994	0.4	9.3	1
29374.524299999994	0.6	11.9	1
29452.074399999994	0.2	5.3	1
29544.841199999995	0.4	8.3	1
29647.691299999995	0.2	5.5	1
29767.224699999995	0.4	9.1	1
29795.374799999994	0.2	4.7	1
29954.149899999993	1.0	71.25	1
30132.908299999992	0.6	10.9	1
30319.91669999999	0.2	4.5	1
30381.79169999999	0.8	33.75	1
30452.64999999999	0.2	4.9	1
30540.924999999992	0.4	9.5	1
30559.441699999992	0.6	10.1	1
30599.77509999999	0.6	11.9	1
30623.425099999993	0.6	12.9	1
30643.408399999993	0.6	10.9	1
30677.874999999993	0.4	7.9	1
30692.358299999993	0.4	7.9	1
30729.758299999994	0.6	12.5	1
30784.941599999995	0.4	9.7	1
30806.391599999995	0.6	11.7	1
30837.558299999997	0.2	5.3	1
30859.374999999996	0.6	11.9	1
30882.291699999998	0.6	12.5	1
30917.125099999997	0.4	6.5	1
30971.941799999997	0.6	10.9	1
31157.383499999996	1.0	71.25	1
31364.641899999995	0.6	11.9	1
31702.525299999994	1.0	71.25	1
31767.908699999993	0.8	15.0	1
31895.16709999999	0.8	33.75	1
32118.67549999999	1.0	52.5	1
32249.30049999999	1.0	71.25	1
32397.70879999999	0.4	9.7	1
32551.15879999999	0.2	2.75	1
32722.02549999999	0.4	9.5	1
32912.14219999999	0.6	10.5	1
33124.07559999999	0.6	11.9	1
33352.32569999999	0.4	8.9	1
33603.492499999986	0.6	12.5	1
33877.57599999999	0.6	12.5	1
34079.15949999999	0.8	15.0	1
34293.75969999999	0.4	7.1	1
34424.309899999986	0.4	8.7	1
34577.776799999985	0.6	12.5	1
34651.59369999998	0.6	11.1	1
34737.32729999998	0.4	6.5	1
34841.210899999984	0.4	9.9	1
34968.011199999986	0.6	12.5	1
34991.66119999999	0.6	12.9	1
35024.29449999999	0.2	4.9	1
35046.477799999986	0.6	12.1	1
35085.711099999986	0.4	9.3	1
35141.99439999999	0.4	9.3	1
35214.22769999999	0.4	8.7	1
35232.37769999999	0.4	9.9	1
35265.01099999999	0.4	7.9	1
35305.89429999999	0.2	4.5	1
35370.427599999995	0.6	12.9	1
35378.677599999995	0.2	4.5	1
35395.544299999994	0.2	4.7	1
35424.694299999996	0.4	6.7	1
35473.0943	0.6	10.5	1
35528.8276	0.2	4.0	1
35603.8109	0.6	10.5	1
35620.8609	0.4	9.3	1
35647.9942	0.2	5.5	1
35698.777500000004	0.6	12.9	1
35845.81080000001	1.0	52.5	1
36004.760800000004	0.4	6.5	1
36013.3775	0.2	4.7	1
36039.4109	0.4	9.5	1
36082.861000000004	0.4	9.5	1
36137.4944	0.4	6.1	1
36357.1278	1.0	90.0	1
36495.2779	0.6	10.1	1
36650.111300000004	0.4	9.1	1
36823.0947	0.4	9.9	1
37005.0614	0.2	4.9	1
37202.2448	0.4	8.3	1
37418.3115	0.6	10.3	1
37654.361500000006	0.6	10.9	1
37902.3282	0.4	6.5	1
38070.64490000001	0.6	11.1	1
38261.511600000005	0.6	12.3	1
38392.136600000005	1.0	71.25	1
38544.2116	0.6	11.7	1
38758.1616	0.8	33.75	1
38986.9616	0.4	8.1	1
39227.6783	0.4	6.5	1
39480.3117	0.4	6.5	1
39642.6618	0.2	5.3	1
39814.3619	0.2	5.1	1
40000.545300000005	0.4	7.9	1
40196.078700000005	0.2	5.1	1
40208.36200000001	0.4	6.7	1
40239.16200000001	0.6	10.1	1
40287.37870000001	0.4	9.5	1
40297.095400000006	0.2	5.3	1
40325.695400000004	0.6	10.3	1
40339.445400000004	0.4	7.5	1
40371.345400000006	0.4	9.9	1
40430.74540000001	0.8	15.0	1
40502.428700000004	0.4	6.7	1
40590.062000000005	0.4	8.7	1
40689.9786	0.4	6.7	1
40801.0785	0.4	6.1	1
40822.9951	0.4	5.9	1
40861.9617	0.4	9.3	1
40918.7116	0.4	9.7	1
40980.5866	0.8	33.75	1
41000.5699	0.6	10.9	1
41041.6365	0.6	11.5	1
41096.4531	0.4	7.5	1
41171.253	0.6	10.9	1
41180.2363	0.2	4.9	1
41206.6363	0.4	9.5	1
41248.6196	0.4	8.5	1
41308.7529	0.4	9.9	1
41473.7529	1.0	90.0	1
41659.4696	0.6	11.3	1
41864.436299999994	0.6	10.5	1
42079.4863	0.2	5.5	1
42312.686299999994	0.4	9.9	1
42566.2363	0.6	11.1	1
42834.2696	0.4	7.9	1
43105.0529	0.2	1.5	1
43388.852900000005	0.4	7.1	1
43481.26960000001	0.2	4.7	1
43494.65290000001	0.4	7.3	1
43673.03620000001	1.0	90.0	1
43854.16950000001	0.2	1.5	1
43958.952800000014	0.6	12.9	1
44194.36110000002	1.0	71.25	1
44438.75270000002	0.2	4.9	1
44510.64430000002	0.8	15.0	1
44598.85260000002	0.4	8.9	1
44707.04420000002	0.6	10.9	1
44839.98580000002	0.6	13.5	1
44983.01070000001	0.2	5.5	1
45146.385600000016	0.6	11.1	1
45332.310500000014	0.6	12.3	1
45531.98540000001	0.4	7.5	1
45647.24360000001	0.4	8.5	1
45779.18510000001	0.4	9.1	1
45930.37660000001	0.6	10.5	1
46098.98480000001	0.4	9.5	1
46295.093000000015	0.8	15.0	1
46499.45120000002	0.2	4.5	1
46634.43440000002	1.0	71.25	1
46790.86760000002	0.6	11.7	1
47009.17580000002	0.8	33.75	1
47236.83400000002	0.2	5.1	1
47483.008900000015	0.6	10.1	1
47737.80050000001	0.2	4.7	1
48005.60880000001	0.4	7.1	1
48292.667100000006	0.6	10.5	1
48544.7254	1.0	90.0	1
48709.067	0.4	6.7	1
48897.058600000004	0.6	12.9	1
49107.96690000001	0.6	12.5	1
49380.75020000001	0.8	33.75	1
49715.40850000001	0.8	33.75	1
50061.98350000001	0.4	6.5	1
50321.94180000001	0.4	7.3	1
50600.416800000006	0.6	10.1	1
50897.408500000005	0.6	10.1	1
51118.050200000005	0.6	12.9	1
51349.8752	0.4	6.1	1
51586.7419	0.2	2.75	1
51848.3586	0.6	13.5	1
52019.692	0.2	5.3	1
52206.2421	0.4	8.3	1
52414.9755	0.6	12.1	1
52426.1588	0.4	6.1	1
52460.258799999996	0.6	12.5	1
52480.242099999996	0.6	10.9	1
52509.208699999996	0.2	4.9	1
52552.658599999995	0.4	7.9	1
52604.358499999995	0.2	4.5	1
52615.54179999999	0.4	6.1	1
52643.04179999999	0.8	15.0	1
52664.12509999999	0.6	11.5	1
52709.95839999999	0.6	13.5	1
52768.80839999999	0.4	7.1	1
52850.57509999999	0.6	12.5	1
52953.791799999985	0.6	11.7	1
53065.99179999998	0.2	4.9	1
53196.70849999998	0.6	10.1	1
53217.425199999976	0.6	11.3	1
53236.30849999998	0.6	10.3	1
53385.81679999998	1.0	71.25	1
53443.57509999998	0.2	4.5	1
53516.55009999998	0.4	8.3	1
53596.858399999976	0.2	4.0	1
53693.84999999998	0.4	9.1	1
53858.84999999998	1.0	90.0	1
54044.199999999975	0.6	11.1	1
54250.26669999998	0.6	11.3	1
54474.483399999976	0.4	9.9	1
54626.20009999997	0.8	15.0	1
54786.16679999997	0.2	4.5	1
54967.21679999997	0.6	11.5	1
55169.350099999974	0.6	11.5	1
55380.466699999975	0.2	4.9	1
55653.45829999998	0.8	33.75	1
55940.19989999998	0.4	7.5	1
56047.658199999976	0.6	11.3	1
56174.366499999975	0.6	10.5	1
56219.59149999997	0.6	10.1	1
56276.73319999997	0.4	6.5	1
56342.49159999997	0.2	4.7	1
56573.24999999997	1.0	90.0	1
56617.75839999997	0.4	7.5	1
56677.48349999997	0.4	8.3	1
56739.35849999997	0.8	33.75	1
56758.241799999974	0.6	10.3	1
56793.07509999997	0.4	8.7	1
56832.95009999997	0.2	2.75	1
56891.34179999997	0.6	10.1	1
56959.08349999997	0.2	5.1	1
57050.47519999997	0.6	12.9	1
57165.150199999975	0.6	12.7	1
57295.775199999975	0.4	8.7	1
57344.916899999975	0.6	10.1	1
57403.041899999975	0.2	4.9	1
57463.916899999975	0.2	1.5	1
57479.86689999997	0.4	8.7	1
57498.56689999997	0.2	1.5	1
57520.750199999966	0.6	12.1	1
57551.18349999996	0.2	4.5	1
57562.733499999966	0.4	6.3	1
57584.000199999966	0.2	5.3	1
57617.55019999997	0.4	6.7	1
57663.38349999997	0.4	6.7	1
57725.16679999997	0.4	8.7	1
57745.51679999997	0.6	11.1	1
57780.716799999966	0.4	8.1	1
57830.40009999996	0.4	7.9	1
57843.783399999964	0.4	7.3	1
57878.98339999996	0.6	11.9	1
57927.93339999996	0.4	7.5	1
57990.633399999955	0.4	7.5	1
58006.58339999995	0.4	8.7	1
58153.15839999995	1.0	71.25	1
58316.05009999995	0.4	8.9	1
58491.95849999995	0.4	7.1	1
58590.05019999995	0.6	12.1	1
58693.183599999946	0.2	2.75	1
58811.16699999994	0.4	8.1	1
58940.70039999994	0.4	6.3	1
58957.750399999946	0.4	9.3	1
58972.96709999994	0.4	8.3	1
59009.26709999995	0.6	11.5	1
59105.51709999995	1.0	52.5	1
59117.06709999995	0.4	6.3	1
59139.43379999995	0.4	5.9	1
59258.05049999995	1.0	52.5	1
59388.67549999995	1.0	71.25	1
59541.11719999995	0.6	11.9	1
59710.60889999995	0.4	9.3	1
59899.717299999946	0.6	10.7	1
60012.475699999944	0.6	12.9	1
60134.58409999994	0.2	5.1	1
60267.87579999994	0.4	6.1	1
60285.292499999945	0.4	9.5	1
60315.72589999995	0.4	7.1	1
60357.709299999944	0.4	6.3	1
60424.44269999994	0.6	13.5	1
60435.62599999994	0.4	6.1	1
60459.27599999994	0.6	12.9	1
60505.47599999994	0.6	12.3	1
60567.62599999994	0.4	8.7	1
60698.25099999994	1.0	71.25	1
60845.559299999935	0.4	9.1	1
61002.95089999994	0.2	5.5	1
61081.05919999994	0.6	11.3	1
61182.45079999994	0.6	12.7	1
61295.39239999994	0.4	6.3	1
61319.04239999994	0.6	12.9	1
61338.29239999994	0.6	10.5	1
61373.49239999994	0.4	8.7	1
61423.54239999994	0.4	8.1	1
61485.14239999994	0.4	6.3	1
61566.359099999936	0.6	10.7	1
61575.709099999935	0.2	5.1	1
61594.40909999993	0.2	5.1	1
61624.65909999993	0.4	6.3	1
61819.90909999993	1.0	90.0	1
62034.77579999993	0.6	10.7	1
62259.72579999993	0.2	5.5	1
62273.47579999993	0.4	7.5	1
62303.909099999924	0.4	9.1	1
62342.95909999993	0.2	4.7	1
62394.292399999926	0.4	6.7	1
62416.47569999992	0.6	12.1	1
62424.72569999992	0.2	4.5	1
62443.792399999926	0.4	5.9	1
62465.60909999993	0.6	11.9	1
62504.10909999993	0.4	9.1	1
62511.44239999993	0.2	4.0	1
62542.05899999993	0.6	12.7	1
62551.775699999926	0.2	5.3	1
62571.758999999925	0.6	10.9	1
62593.20899999992	0.6	11.7	1
62625.47569999992	0.4	5.9	1
62646.19239999992	0.6	11.3	1
62657.74239999992	0.4	6.3	1
62690.375699999924	0.6	11.5	1
62739.69229999992	0.4	9.1	1
62803.12559999992	0.4	7.7	1
62885.07559999992	0.6	10.1	1
62897.35889999992	0.4	6.7	1
62927.42549999992	0.4	9.7	1
62969.40879999992	0.4	6.5	1
63024.77539999992	0.4	7.3	1
63103.79199999992	0.6	12.9	1
63119.00869999992	0.4	8.3	1
63154.57539999992	0.6	11.1	1
63182.07539999992	0.8	15.0	1
63374.57539999992	1.0	90.0	1
63591.82539999992	0.6	13.5	1
63717.69209999992	0.2	4.7	1
63839.80879999992	1.0	52.5	1
63860.89209999992	0.6	11.5	1
63896.092099999914	0.4	7.7	1
63949.80879999991	0.6	10.1	1
64018.00879999991	0.4	7.9	1
64106.92549999991	0.6	11.3	1
64237.55049999991	1.0	71.25	1
64276.42549999991	0.2	4.5	1
64325.38379999991	0.2	5.5	1
64345.36709999991	0.6	10.9	1
64372.68369999991	0.2	4.0	1
64422.18359999991	0.6	12.1	1
64494.96679999991	0.6	12.7	1
64584.06669999991	0.4	8.9	1
64696.08329999991	0.6	12.5	1
64817.44989999991	0.2	5.1	1
64956.233199999915	0.4	9.5	1
65116.466499999915	0.6	11.7	1
65133.51649999992	0.4	9.3	1
65166.51649999992	0.4	8.7	1
65188.699799999915	0.6	12.1	1
65230.13309999991	0.6	10.5	1
65283.84969999991	0.4	6.7	1
65448.84969999991	1.0	90.0	1
65628.33299999991	0.4	7.9	1
65817.89959999992	0.2	5.5	1
65917.54949999992	0.2	5.5	1
65940.09949999992	0.6	12.3	1
65965.39949999993	0.2	1.5	1
66002.98279999993	0.4	6.7	1
66020.76609999992	0.4	9.7	1
66052.29939999992	0.4	7.5	1
66069.34939999992	0.4	9.3	1
66106.74939999991	0.6	11.1	1
66126.73269999992	0.6	10.9	1
66169.63269999991	0.6	12.5	1
66234.34939999992	0.6	11.9	1
66255.06609999992	0.6	11.3	1
66285.49949999992	0.2	5.3	1
66334.81619999991	0.6	10.3	1
66403.74959999991	0.6	10.7	1
66426.29959999991	0.6	12.3	1
66465.53289999992	0.4	9.1	1
66526.58289999992	0.6	11.9	1
66611.28289999992	0.6	12.9	1
66634.93289999991	0.6	12.9	1
66680.39959999992	0.6	11.9	1
66730.90799999992	0.2	2.75	1
66743.19129999992	0.4	6.7	1
66766.10799999992	0.6	12.5	1
66804.97469999992	0.4	8.7	1
66852.09139999992	0.2	4.5	1
66910.39139999992	0.4	6.1	1
66932.57469999992	0.6	12.1	1
66953.65799999992	0.6	11.5	1
66979.78299999992	0.2	2.75	1
67041.65799999992	0.8	33.75	1
67051.74129999992	0.2	5.5	1
67089.32459999992	0.8	15.0	1
67147.62459999992	0.6	11.3	1
67225.17459999993	0.6	10.5	1
67311.34129999993	0.2	4.7	1
67421.15799999992	0.6	12.9	1
67558.47469999992	0.8	15.0	1
67575.52469999992	0.4	9.3	1
67607.42469999992	0.4	8.1	1
67629.24139999991	0.6	11.9	1
67658.3913999999	0.2	4.0	1
67696.5246999999	0.2	4.9	1
67701.56639999991	0.2	2.75	1
67724.48309999991	0.6	12.5	1
67745.19979999991	0.6	11.3	1
67786.26649999991	0.6	11.1	1
67835.9498999999	0.2	4.7	1
67858.13319999991	0.6	12.1	1
67873.34989999991	0.4	8.3	1
67884.89989999992	0.4	6.3	1
67910.19989999992	0.4	7.5	1
68031.74989999992	1.0	52.5	1
68175.48319999993	0.6	12.1	1
68333.33319999994	0.4	7.7	1
68341.58319999994	0.2	4.5	1
68371.64989999993	0.6	11.9	1
68410.69989999993	0.2	4.9	1
68457.99989999994	0.2	4.5	1
68530.04989999994	0.6	13.5	1
68541.59989999994	0.4	6.3	1
68706.59989999994	1.0	90.0	1
68887.18319999994	0.4	8.5	1
69085.18319999994	0.4	9.5	1
69202.43319999994	0.6	10.5	1
69338.93319999994	0.6	10.5	1
69488.44989999993	0.4	7.1	1
69547.68329999993	0.2	5.3	1
69622.49999999993	0.4	8.5	1
69708.86669999993	0.4	6.3	1
69807.15009999993	0.4	6.5	1
69922.48349999993	0.4	9.3	1
70168.44189999993	1.0	71.25	1
70323.38359999993	0.2	4.9	1
70494.27529999992	0.4	8.7	1
70688.45029999992	0.6	12.7	1
70907.37529999993	0.6	13.5	1
71033.63359999993	0.2	4.0	1
71167.22519999993	0.2	4.0	1
71189.04189999992	0.6	11.9	1
71375.85859999992	1.0	90.0	1
71582.29199999991	0.6	10.7	1
71701.74209999992	0.4	7.1	1
71717.32539999991	0.4	8.5	1
71752.89199999992	0.6	10.9	1
71796.70859999993	0.2	4.5	1
71858.30849999993	0.4	9.7	1
72016.15839999993	1.0	52.5	1
72082.25829999993	0.2	4.5	1
72164.30819999993	0.4	8.7	1
72261.57479999993	0.4	8.3	1
72272.75809999993	0.4	6.1	1
72305.02469999994	0.6	11.5	1
72352.14129999993	0.4	8.1	1
72362.95799999993	0.4	5.9	1
72459.20799999993	1.0	52.5	1
72464.24969999993	0.2	2.75	1
72474.33309999993	0.2	2.75	1
72604.95809999993	1.0	71.25	1
72617.24139999993	0.4	6.7	1
72641.44139999992	0.4	6.5	1
72681.59139999992	0.4	8.7	1
72736.22469999992	0.4	7.9	1
72815.60799999992	0.6	13.5	1
72826.79129999992	0.4	6.1	1
72853.55789999993	0.4	8.5	1
72895.90779999993	0.4	8.5	1
72908.92449999992	0.4	7.1	1
72944.49119999992	0.6	12.3	1
72991.97459999991	0.4	6.5	1
73059.44129999992	0.6	10.9	1
73150.55799999992	0.6	12.9	1
73249.00799999991	0.2	4.0	1
73269.72469999992	0.6	11.3	1
73303.45809999992	0.4	7.1	1
73354.97479999991	0.4	9.7	1
73426.10819999992	0.6	10.7	1
73510.62489999991	0.4	7.3	1
73603.75829999991	0.2	4.7	1
73713.20839999992	0.4	8.9	1
73831.64179999991	0.2	4.9	1
73866.39189999992	0.4	8.9	1
73886.00859999991	0.6	10.7	1
73900.49189999992	0.4	7.9	1
73923.95849999992	0.2	4.9	1
73959.34179999992	0.4	6.5	1
73973.09179999992	0.4	7.5	1
73989.04179999992	0.4	8.7	1
74027.90849999992	0.6	12.5	1
74037.99179999992	0.2	5.5	1
74062.92509999992	0.4	8.1	1
74096.47509999992	0.2	4.7	1
74112.42509999992	0.4	8.7	1
74131.12509999992	0.2	1.5	1
74165.40839999991	0.4	8.5	1
74208.3083999999	0.2	4.7	1
74228.29169999991	0.6	10.9	1
74262.02499999992	0.4	7.5	1
74312.44159999992	0.4	9.1	1
74378.07489999992	0.4	8.3	1
74448.74989999992	0.2	2.75	1
74535.74159999992	0.4	8.9	1
74552.42489999993	0.4	9.1	1
74586.15819999993	0.4	9.3	1
74631.07479999993	0.4	6.1	1
74694.14139999993	0.4	9.9	1
74769.12469999994	0.4	6.5	1
74785.44139999994	0.4	8.9	1
74819.54139999994	0.4	9.7	1
74868.49139999994	0.4	8.1	1
74931.92469999995	0.4	7.9	1
75011.67469999995	0.4	8.9	1
75106.27469999995	0.4	8.1	1
75217.19139999995	0.4	8.9	1
75234.97469999995	0.4	9.7	1
75267.24129999995	0.4	7.9	1
75315.45789999995	0.4	8.7	1
75371.00779999995	0.2	4.0	1
75437.74099999995	0.4	6.1	1
75511.80749999995	0.2	4.0	1
75594.49069999995	0.2	4.7	1
75696.05719999995	0.6	10.3	1
75718.34039999996	0.6	11.3	1
75750.70689999996	0.2	5.5	1
75800.85669999996	0.4	9.7	1
75867.32319999996	0.4	8.9	1
75955.23969999996	0.6	11.7	1
75977.42299999997	0.6	12.1	1
76015.92299999997	0.4	8.9	1
76034.80629999997	0.6	10.3	1
76073.30629999997	0.6	10.7	1
76133.98959999997	0.6	12.1	1
76215.75619999997	0.6	11.5	1
76314.93949999998	0.4	9.5	1
76432.63949999998	0.6	10.1	1
76568.48949999998	0.4	9.9	1
76726.15619999998	0.6	11.9	1
76902.33959999998	0.6	10.1	1
77089.33969999998	0.4	5.9	1
77097.95639999998	0.2	4.7	1
77113.90639999998	0.2	4.0	1
77150.93969999997	0.6	11.5	1
77171.28969999998	0.6	11.1	1
77202.82299999997	0.4	6.1	1
77256.53959999997	0.6	12.1	1
77318.87289999997	0.2	4.7	1
77390.18949999998	0.2	4.9	1
77472.68939999997	0.4	6.1	1
77578.83929999998	0.6	12.9	1
77695.07249999998	0.2	5.5	1
77716.88919999998	0.6	11.9	1
77753.92259999998	0.4	8.3	1
77793.70599999998	0.2	1.5	1
77836.23939999998	0.2	1.5	1
77896.18949999998	0.4	9.5	1
77907.73949999998	0.4	6.3	1
77937.43949999998	0.4	9.9	1
77988.22279999997	0.6	11.5	1
78062.65609999998	0.6	12.9	1
78151.93939999997	0.4	8.1	1
78263.03939999998	0.6	11.9	1
78390.45609999998	0.4	8.9	1
78540.05609999999	0.6	12.1	1
78704.13939999999	0.4	7.9	1
78886.37269999999	0.4	9.9	1
78987.856	0.6	10.5	1
79094.381	0.2	2.75	1
79216.4893	0.4	8.5	1
79235.3726	0.6	10.3	1
79265.0726	0.4	5.9	1
79270.1143	0.2	2.75	1
79298.0727	0.6	12.5	1
79337.2144	0.4	6.1	1
79386.0728	0.2	5.3	1
79455.6479	0.6	11.3	1
79534.57299999999	0.2	5.1	1
79622.1148	0.2	4.7	1
79729.2733	0.6	10.7	1
79851.2818	0.4	8.1	1
79994.37359999999	0.6	11.5	1
80158.18209999999	0.6	11.3	1
80172.6654	0.4	7.9	1
80210.432	0.6	12.7	1
80257.91530000001	0.2	5.3	1
80314.01530000001	0.2	4.7	1
80380.93200000002	0.4	5.9	1
80464.89870000002	0.4	9.3	1
80570.68210000002	0.6	11.9	1
80693.14880000002	0.4	9.1	1
80838.53220000003	0.6	12.5	1
81003.53230000004	0.6	10.7	1
81189.61570000004	0.6	11.5	1
81393.48240000004	0.4	9.7	1
81511.83240000004	0.4	7.9	1
81523.38240000005	0.4	6.3	1
81542.26570000005	0.2	4.0	1
81578.56570000005	0.4	9.5	1
81631.54900000006	0.4	9.1	1
81693.51560000006	0.2	4.9	1
81703.23230000006	0.2	5.3	1
81734.76570000006	0.6	11.9	1
81784.81580000005	0.6	10.1	1
81847.88260000006	0.4	7.1	1
81935.69940000006	0.6	13.5	1
82045.69950000006	0.6	12.1	1
82173.48290000006	0.4	9.7	1
82314.64960000006	0.4	7.3	1
82328.76630000006	0.4	7.7	1
82363.96630000006	0.6	11.5	1
82411.44960000007	0.4	6.7	1
82482.21620000007	0.6	12.7	1
82501.46620000007	0.6	10.5	1
82532.99950000006	0.4	6.7	1
82585.98280000007	0.6	11.7	1
82650.14940000007	0.4	6.1	1
82658.39940000007	0.2	4.5	1
82685.16610000006	0.6	10.1	1
82694.51610000007	0.2	5.1	1
82716.14940000007	0.4	6.7	1
82746.03270000007	0.2	4.5	1
82800.66600000007	0.6	13.5	1
82863.91600000007	0.2	4.7	1
82935.78270000007	0.2	4.7	1
83017.73270000007	0.2	5.5	1
83037.71600000007	0.6	10.9	1
83072.54930000007	0.4	8.1	1
83132.13260000007	0.6	13.5	1
83206.19920000008	0.4	7.9	1
83302.08250000008	0.6	11.9	1
83313.63250000008	0.4	6.3	1
83339.29920000008	0.4	7.7	1
83382.38260000008	0.4	9.5	1
83435.18270000008	0.2	5.3	1
83510.16610000007	0.6	12.1	1
83598.53280000007	0.4	7.3	1
83701.74950000008	0.4	8.1	1
83716.23280000009	0.4	7.9	1
83744.09940000008	0.4	7.3	1
83790.84930000007	0.6	10.3	1
83856.48250000007	0.6	10.3	1
83943.56570000006	0.6	11.7	1
83966.11570000007	0.6	12.3	1
83977.29900000007	0.4	6.1	1
84000.76560000007	0.4	6.7	1
84017.08230000007	0.4	8.9	1
84046.41570000007	0.4	7.1	1
84089.13240000007	0.4	7.3	1
84152.93240000008	0.6	11.5	1
84239.28240000008	0.6	12.3	1
84340.48240000008	0.4	8.1	1
84364.23240000008	0.6	12.3	1
84409.06570000008	0.6	11.5	1
84430.14900000008	0.6	11.5	1
84472.31560000007	0.6	11.5	1
84525.66550000008	0.4	6.1	1
84600.83210000007	0.6	11.9	1
84691.21540000007	0.4	8.3	1
84714.49870000007	0.6	12.7	1
84747.86530000006	0.2	5.5	1
84796.44860000006	0.4	8.3	1
84813.49860000006	0.4	9.3	1
84849.79860000007	0.6	10.5	1
84910.84860000007	0.6	13.5	1
84995.18190000007	0.6	12.7	1
85102.79850000006	0.6	12.7	1
85125.34850000007	0.6	12.3	1
85166.04850000006	0.4	9.9	1
85222.33180000006	0.4	8.5	1
85294.19840000005	0.4	8.5	1
85314.54840000006	0.6	11.1	1
85351.58170000005	0.4	9.1	1
85398.69830000005	0.2	5.5	1
85420.51500000004	0.6	11.9	1
85455.34840000005	0.4	7.1	1
85506.49850000005	0.4	8.9	1
85569.56530000005	0.4	6.5	1
85644.18210000005	0.4	6.3	1
85739.88220000005	0.6	11.5	1
85857.03230000005	0.6	11.7	1
85872.24900000005	0.4	8.3	1
85902.31570000005	0.4	8.1	1
85935.13240000005	0.2	1.5	1
85977.66580000005	0.2	5.3	1
86043.11590000005	0.6	12.5	1
86116.81600000005	0.2	4.5	1
86212.69940000006	0.6	12.1	1
86234.51610000005	0.6	11.9	1
86277.41610000005	0.6	11.5	1
86333.33280000005	0.4	7.1	1
86404.83280000005	0.4	8.5	1
86494.11610000004	0.4	9.7	1
86599.71610000005	0.4	8.9	1
86714.66610000005	0.2	5.1	1
86725.48280000004	0.4	5.9	1
86752.61620000005	0.4	8.9	1
86793.86630000005	0.4	7.7	1
86851.43310000005	0.4	8.9	1
86932.64990000005	0.6	12.9	1
86950.06660000005	0.4	9.5	1
86977.20000000006	0.2	5.3	1
86988.38330000006	0.4	6.1	1
87010.38330000006	0.4	5.9	1
87050.16660000006	0.4	9.7	1
87062.08330000006	0.4	6.5	1
87095.08330000006	0.6	11.5	1
87140.36660000005	0.4	6.7	1
87192.98320000005	0.2	4.0	1
87264.48310000004	0.6	10.3	1
87354.13300000005	0.4	9.9	1
87462.66620000005	0.6	10.3	1
87472.01620000006	0.2	5.1	1
87494.74950000006	0.4	7.3	1
87527.19950000006	0.2	5.3	1
87542.04950000007	0.4	8.1	1
87574.68280000007	0.4	9.7	1
87597.23280000007	0.6	12.3	1
87633.16610000007	0.4	7.3	1
87689.81610000007	0.6	11.3	1
87756.18280000007	0.2	5.3	1
87845.09950000007	0.6	12.3	1
87864.71620000007	0.6	10.7	1
87907.98290000006	0.6	12.9	1
87930.53290000006	0.6	12.3	1
87960.41620000007	0.2	4.0	1
88009.91620000007	0.6	10.7	1
88073.53290000006	0.4	7.7	1
88153.09960000006	0.4	8.7	1
88169.04960000006	0.4	8.7	1
88193.79960000006	0.6	13.5	1
88234.13290000006	0.4	8.5	1
88252.64960000005	0.6	10.1	1
88280.51630000005	0.2	5.1	1
88317.73300000005	0.2	5.1	1
88364.66640000005	0.2	5.3	1
88420.21650000004	0.2	4.7	1
88492.81660000003	0.4	9.3	1
88583.93340000004	0.6	10.1	1
88691.36690000004	0.4	8.9	1
88706.58360000004	0.4	8.3	1
88731.51700000004	0.2	5.3	1
88767.63370000003	0.4	6.1	1
88825.56710000003	0.6	11.9	1
88897.25050000002	0.4	7.5	1
88987.45060000003	0.6	10.1	1
89098.00070000002	0.6	11.1	1
89225.60080000001	0.4	9.3	1
89366.58420000001	0.4	7.3	1
89386.93420000002	0.6	11.1	1
89432.03420000002	0.6	13.5	1
89494.91750000003	0.4	9.7	1
89566.78410000002	0.2	4.9	1
89661.93400000002	0.6	12.7	1
89680.81730000002	0.6	10.3	1
89709.78390000002	0.2	5.5	1
89723.90060000002	0.4	7.7	1
89747.00060000003	0.2	4.9	1
89779.45060000003	0.2	5.1	1
89794.66730000003	0.4	8.3	1
89828.40070000003	0.6	10.1	1
89872.95080000002	0.4	5.9	1
89924.83420000003	0.2	4.0	1
89987.90090000002	0.4	6.1	1
90070.21760000002	0.6	10.5	1
90175.45100000002	0.6	12.5	1
90301.03440000002	0.6	11.1	1
90437.80110000001	0.4	6.1	1
90597.85110000001	0.6	12.7	1
90666.15110000002	0.2	4.5	1
90750.03440000002	0.4	8.5	1
90852.06770000001	0.4	9.9	1
90974.08430000002	0.6	10.9	1
91115.71760000002	0.6	10.7	1
91268.16760000002	0.4	5.9	1
91285.21760000002	0.4	9.3	1
91311.61760000001	0.2	5.1	1
91331.23430000001	0.6	10.7	1
91372.301	0.6	11.7	1
91390.0843	0.4	9.7	1
91405.6676	0.4	8.5	1
91435.0009	0.4	7.5	1
91478.4509	0.4	7.7	1
91541.1509	0.6	10.5	1
91563.3342	0.6	12.1	1
91606.6008	0.6	11.5	1
91669.8507	0.6	10.9	1
91750.8839	0.4	9.7	1
91847.8671	0.4	8.7	1
91953.467	0.2	4.7	1
91976.7503	0.6	12.7	1
92002.7836	0.2	1.5	1
92037.43359999999	0.2	4.7	1
92083.63359999999	0.4	6.3	1
92152.01689999999	0.6	12.1	1
92241.1169	0.6	11.3	1
92345.06689999999	0.4	8.1	1
92471.56689999999	0.6	12.3	1
92487.15019999999	0.4	8.5	1
92510.06679999999	0.2	4.0	1
92547.83339999999	0.4	8.1	1
92563.78339999999	0.4	8.7	1
92604.48339999998	0.6	13.5	1
92664.06669999998	0.6	10.3	1
92745.83329999998	0.6	12.1	1
92836.21659999999	0.2	4.7	1
92949.88319999998	0.6	12.7	1
92960.69989999998	0.4	5.9	1
92970.78319999998	0.2	5.5	1
92988.93319999997	0.4	9.9	1
93016.43319999997	0.2	5.1	1
93055.11649999997	0.4	6.1	1
93108.64979999997	0.4	8.1	1
93182.16639999997	0.6	10.9	1
93273.46629999997	0.4	9.7	1
93295.64959999998	0.6	12.1	1
93329.01619999997	0.4	6.1	1
93369.71609999998	0.2	4.0	1
93433.69929999998	0.6	12.7	1
93442.31599999998	0.2	4.7	1
93459.91599999998	0.2	4.9	1
93496.76599999999	0.6	10.5	1
93540.9493	0.2	4.0	1
93604.3826	0.6	10.5	1
93687.4326	0.6	10.7	1
93791.9326	0.6	11.7	1
93899.1826	0.2	1.5	1
94017.2493	0.4	5.9	1
94153.8327	0.6	10.1	1
94167.5827	0.4	7.5	1
94197.2827	0.4	8.7	1
94249.166	0.6	12.1	1
94320.666	0.6	10.7	1
94412.8827	0.6	11.3	1
94514.0827	0.2	4.9	1
94624.6327	0.2	5.1	1
94649.666	0.4	7.9	1
94689.1826	0.4	7.9	1
94736.9492	0.2	4.5	1
94795.89910000001	0.4	6.1	1
94878.49900000001	0.6	12.9	1
94966.14060000001	0.2	2.75	1
94976.95730000001	0.4	5.9	1
95009.224	0.6	11.7	1
95027.0073	0.4	9.7	1
95054.5073	0.2	5.3	1
95101.2573	0.6	10.5	1
95159.5573	0.4	6.3	1
95229.04060000001	0.4	6.1	1
95320.7072	0.6	12.1	1
95415.1238	0.2	1.5	1
95530.2571	0.6	11.3	1
95662.8071	0.4	9.5	1
95808.74040000001	0.4	7.3	1
95968.79040000001	0.4	7.7	1
96133.88210000002	0.2	2.75	1
96155.33210000001	0.6	11.7	1
96191.26540000002	0.4	7.9	1
96250.11540000002	0.6	12.5	1
96326.01540000002	0.4	9.3	1
96420.06540000002	0.4	9.9	1
96432.34870000002	0.4	6.7	1
96454.34870000002	0.2	5.3	1
96494.86540000001	0.6	10.1	1
96549.1321	0.4	7.5	1
96572.0488	0.6	12.5	1
96593.8655	0.6	11.9	1
96637.4989	0.6	11.9	1
96695.9823	0.4	8.1	1
96763.44900000001	0.2	4.9	1
96844.29900000001	0.4	7.3	1
96935.96570000002	0.4	5.9	1
96951.91570000001	0.4	8.7	1
96963.09900000002	0.4	6.1	1
96994.99900000001	0.6	11.3	1
97010.94900000001	0.4	8.7	1
97048.7157	0.6	11.9	1
97110.1324	0.6	12.9	1
97129.7491	0.6	10.7	1
97148.6324	0.6	10.3	1
97178.3324	0.4	5.9	1
97229.4824	0.6	11.7	1
97302.0824	0.6	11.7	1
97382.9324	0.2	4.5	1
97473.86570000001	0.2	5.5	1
97574.149	0.2	5.1	1
97688.91560000001	0.4	7.9	1
97824.39890000001	0.6	11.3	1
97839.98220000001	0.4	8.5	1
97872.61550000001	0.4	9.3	1
97916.06550000001	0.4	5.9	1
97934.2155	0.4	9.9	1
97964.64880000001	0.4	6.7	1
98017.2654	0.6	12.1	1
98081.0653	0.4	6.1	1
98102.882	0.6	11.9	1
98142.8487	0.4	9.9	1
98199.4987	0.4	9.1	1
98277.5987	0.6	11.7	1
98376.4154	0.6	11.3	1
98493.7488	0.6	10.1	1
98634.7322	0.6	12.9	1
98797.8989	0.6	12.1	1
98812.7489	0.4	8.1	1
98835.84890000001	0.2	4.5	1
98869.03220000002	0.2	5.5	1
98915.23220000001	0.4	7.1	1
98981.78220000002	0.6	11.1	1
99059.14890000001	0.4	5.9	1
99157.96560000001	0.6	11.7	1
99274.19900000001	0.4	9.5	1
99401.61570000001	0.4	6.1	1
99538.3824	0.2	5.1	1
99591.8324	0.4	9.1	1
99657.1991	0.4	6.5	1
99736.6825	0.4	7.7	1
99837.61589999999	0.6	11.7	1
99943.59099999999	0.2	2.75	1
100062.94939999998	0.4	7.3	1
100195.69109999998	0.4	7.3	1
100337.78279999999	0.2	5.1	1
100495.45779999999	0.4	8.5	1
100513.97449999998	0.6	10.1	1
100546.60789999999	0.4	7.7	1
100599.22459999999	0.6	10.9	1
100673.65799999998	0.6	11.9	1
100760.00809999998	0.4	6.5	1
100855.70819999998	0.2	5.1	1
100970.65829999998	0.6	10.5	1
101094.59169999998	0.2	4.9	1
101240.34179999998	0.6	11.9	1
101300.57519999998	0.4	7.9	1
101315.42519999998	0.4	8.1	1
101352.45849999998	0.6	12.1	1
101408.00849999998	0.6	10.1	1
101479.14179999998	0.4	8.5	1
101501.69179999999	0.6	12.3	1
101542.02509999998	0.4	9.7	1
101596.84169999999	0.4	7.9	1
101617.5584	0.6	11.3	1
101660.45839999999	0.6	12.1	1
101683.00839999999	0.6	12.3	1
101716.37509999999	0.4	5.9	1
101763.85849999999	0.4	7.7	1
101833.52519999999	0.6	12.1	1
101920.2419	0.4	9.3	1
102018.50859999999	0.4	6.3	1
102133.45859999998	0.4	9.1	1
102262.52529999998	0.4	7.7	1
102400.57529999998	0.2	4.9	1
102541.37529999999	0.2	1.5	1
102597.02529999998	0.4	8.1	1
102617.37529999999	0.6	11.1	1
102652.57529999998	0.4	8.1	1
102708.49199999998	0.6	11.3	1
102779.62539999999	0.4	8.3	1
102865.60879999999	0.4	8.1	1
102958.92549999998	0.2	4.0	1
102973.40879999999	0.4	7.9	1
103001.27539999998	0.4	7.3	1
103038.12529999999	0.2	4.9	1
103050.40859999998	0.4	6.7	1
103079.74189999998	0.4	9.3	1
103123.92519999998	0.4	8.1	1
103140.24189999998	0.4	8.9	1
103179.84189999998	0.6	12.7	1
103239.42519999998	0.6	10.9	1
103321.19179999999	0.6	12.1	1
103413.77509999998	0.4	5.9	1
103524.50839999999	0.4	9.9	1
103650.09169999999	0.4	8.1	1
103693.09169999999	0.4	9.5	1
103702.075	0.2	4.9	1
103718.3916	0.2	4.0	1
103729.9416	0.4	6.3	1
103750.1083	0.2	4.7	1
103759.45830000001	0.2	5.1	1
103779.62500000001	0.4	5.9	1
103800.34170000002	0.6	11.3	1
103842.50840000002	0.6	11.7	1
103855.52510000001	0.4	7.1	1
103871.2918	0.2	1.5	1
103898.2418	0.4	6.1	1
103942.6085	0.4	9.5	1
103964.4252	0.6	11.9	1
104006.2252	0.6	10.9	1
104070.5752	0.6	12.3	1
104154.17520000001	0.6	10.5	1
104173.42520000001	0.6	10.5	1
104200.00850000001	0.2	4.0	1
104236.67510000001	0.2	5.5	1
104296.62500000001	0.6	12.7	1
104365.92490000001	0.2	5.1	1
104458.87480000002	0.6	12.9	1
104572.17470000002	0.6	11.1	1
104586.29140000002	0.4	7.7	1
104612.69140000001	0.4	6.7	1
104655.77470000001	0.4	9.1	1
104712.60800000001	0.4	7.5	1
104732.95800000001	0.6	11.1	1
104764.49130000001	0.4	6.1	1
104817.84130000001	0.6	11.9	1
104884.94130000002	0.4	7.5	1
104971.29130000003	0.6	10.5	1
105077.62460000002	0.6	10.9	1
105087.70790000002	0.2	5.5	1
105110.80790000003	0.4	7.1	1
105154.25790000003	0.6	11.1	1
105164.34120000002	0.2	5.5	1
105188.54120000002	0.4	7.7	1
105207.42450000002	0.6	10.3	1
105246.65780000003	0.6	11.1	1
105298.90780000003	0.4	7.1	1
105318.15780000003	0.6	10.5	1
105348.95780000003	0.4	6.3	1
105387.09110000003	0.2	4.0	1
105436.04110000003	0.4	5.9	1
105500.20780000003	0.4	8.3	1
105572.99120000003	0.2	4.7	1
105660.25790000003	0.4	7.9	1
105767.14130000003	0.6	10.7	1
105780.15800000002	0.4	7.1	1
105802.52470000002	0.2	5.1	1
105843.77470000002	0.6	10.3	1
105905.00800000003	0.6	10.9	1
105976.32460000004	0.2	5.5	1
105992.27460000003	0.4	8.7	1
106017.20790000004	0.2	4.9	1
106059.19120000004	0.4	9.3	1
106122.99120000005	0.6	11.9	1
106205.67450000005	0.6	10.3	1
106305.77450000006	0.4	9.5	1
106429.15780000006	0.6	12.7	1
106445.10780000006	0.4	8.7	1
106480.30780000005	0.6	10.5	1
106526.32450000005	0.4	5.9	1
106595.25790000004	0.6	12.5	1
106681.60800000004	0.4	9.5	1
106788.30810000004	0.6	11.1	1
106804.62480000003	0.4	8.9	1
106845.69150000003	0.6	13.5	1
106855.40820000003	0.2	5.3	1
106885.84160000003	0.6	11.3	1
106939.19170000002	0.6	12.5	1
107013.99180000002	0.6	11.7	1
107097.77520000002	0.2	4.9	1
107199.70860000001	0.4	9.9	1
107310.2587	0.2	4.7	1
107443.3588	0.6	12.3	1
107463.70880000001	0.6	11.1	1
107496.34210000001	0.4	6.7	1
107551.52540000001	0.6	12.3	1
107620.09200000002	0.4	7.3	1
107704.97530000002	0.4	8.9	1
107723.12530000001	0.4	9.9	1
107760.892	0.6	10.7	1
107780.87530000001	0.6	10.9	1
107821.20860000001	0.6	11.1	1
107885.19190000002	0.6	12.9	1
107972.45850000002	0.6	12.7	1
108080.07510000002	0.6	11.1	1
108105.84170000002	0.4	9.9	1
108143.52500000002	0.4	6.5	1
108199.35830000002	0.4	9.9	1
108267.10830000002	0.4	6.5	1
108346.40830000002	0.4	6.3	1
108349.15830000002	0.2	1.5	1
108375.55830000002	0.6	12.9	1
108389.30830000002	0.4	7.5	1
108422.67500000002	0.6	10.7	1
108465.75840000002	0.2	5.3	1
108520.02510000001	0.4	6.1	1
108542.94180000002	0.6	12.5	1
108589.50850000001	0.6	12.9	1
108647.99190000001	0.4	6.5	1
108723.15860000001	0.4	9.1	1
108741.3086	0.4	9.9	1
108782.0086	0.6	12.3	1
108842.3253	0.6	10.7	1
108915.6587	0.4	7.1	1
109008.9754	0.6	10.9	1
109107.3338	0.2	2.75	1
109114.66709999999	0.2	4.0	1
109125.48379999999	0.4	5.9	1
109155.91719999998	0.6	10.7	1
109206.70059999998	0.6	11.1	1
109272.33399999999	0.4	8.1	1
109346.2174	0.2	4.5	1
109430.9175	0.4	5.9	1
109535.2343	0.6	10.7	1
109548.9843	0.4	7.5	1
109574.651	0.4	6.5	1
109610.401	0.2	5.5	1
109669.80099999999	0.6	12.9	1
109749.91769999999	0.6	11.3	1
109840.85109999999	0.4	5.9	1
109955.43449999999	0.6	12.9	1
110084.13459999999	0.4	7.7	1
110097.51789999999	0.4	7.3	1
110124.6512	0.4	7.5	1
110161.86779999999	0.2	5.5	1
110222.73439999999	0.6	12.9	1
110240.88439999998	0.4	9.9	1
110283.78439999997	0.6	13.5	1
110347.76769999998	0.6	11.5	1
110435.03429999998	0.6	12.7	1
110449.88429999999	0.4	8.1	1
110481.78429999998	0.4	9.3	1
110521.93429999998	0.2	4.5	1
110536.41759999999	0.4	7.9	1
110563.18419999999	0.4	6.7	1
110599.30079999998	0.2	5.1	1
110658.33409999998	0.6	12.5	1
110681.61739999997	0.6	12.7	1
110724.88399999998	0.6	10.9	1
110785.56729999998	0.4	9.5	1
110857.80059999999	0.4	6.3	1
110939.01719999999	0.2	4.9	1
111042.05049999998	0.6	11.9	1
111051.03379999999	0.2	4.9	1
111082.56709999999	0.6	12.3	1
111137.01709999998	0.6	12.5	1
111203.38379999998	0.4	6.5	1
111279.10049999999	0.2	5.1	1
111371.86719999998	0.4	9.3	1
111478.01719999997	0.4	7.3	1
111493.60049999997	0.4	8.5	1
111510.65049999997	0.4	9.3	1
111539.25049999998	0.4	6.3	1
111560.70049999998	0.6	11.7	1
111602.86719999998	0.6	11.3	1
111665.01719999997	0.6	10.9	1
111742.01719999997	0.4	8.1	1
111842.30049999997	0.6	12.7	1
111965.13379999997	0.6	12.3	1
111978.51709999997	0.4	7.3	1
112006.01709999997	0.4	7.7	1
112048.00039999998	0.4	7.9	1
112105.93369999998	0.4	8.7	1
112127.38369999998	0.6	11.7	1
112153.87539999998	0.2	2.75	1
112199.25039999998	0.6	10.3	1
112252.87539999998	0.2	4.5	1
112270.65869999997	0.4	9.7	1
112303.29199999997	0.4	8.1	1
112350.40859999997	0.4	7.9	1
112418.97519999997	0.6	11.7	1
112498.35849999997	0.4	5.9	1
112601.02509999997	0.6	12.7	1
112627.34169999998	0.6	12.9	1
112675.47499999998	0.6	11.9	1
112732.59159999997	0.2	4.9	1
112804.19149999997	0.4	7.9	1
112823.80819999997	0.6	10.7	1
112852.04159999997	0.2	4.7	1
112896.95829999997	0.4	9.1	1
112957.45829999997	0.4	8.5	1
113027.67499999997	0.2	5.3	1
113110.17499999997	0.4	6.7	1
113206.05829999998	0.4	7.3	1
113315.32489999998	0.4	7.3	1
113447.50819999998	0.6	12.5	1
113456.85819999999	0.2	5.1	1
113473.54149999999	0.4	9.1	1
113511.6748	0.6	11.7	1
113572.7248	0.6	12.5	1
113642.0248	0.2	4.5	1
113730.9415	0.6	10.7	1
113831.0415	0.4	6.1	1
113947.45820000001	0.4	8.9	1
113950.20820000001	0.2	1.5	1
113975.50820000001	0.6	12.3	1
113992.19150000002	0.4	9.1	1
114001.90820000002	0.2	5.3	1
114025.00820000003	0.4	7.3	1
114065.52490000002	0.4	9.5	1
114121.62490000002	0.4	8.5	1
114187.44160000002	0.2	5.3	1
114276.54160000003	0.6	12.7	1
114279.29160000003	0.2	1.5	1
114301.29160000003	0.6	10.5	1
114308.62490000002	0.2	4.0	1
114327.14150000003	0.4	6.1	1
114362.70810000003	0.4	9.3	1
114382.69140000004	0.6	10.9	1
114410.92470000005	0.2	4.5	1
114433.84140000005	0.6	12.5	1
114481.50810000005	0.6	13.5	1
114499.65810000004	0.4	9.9	1
114530.09140000005	0.4	6.7	1
114574.27470000005	0.4	7.5	1
114625.79130000006	0.2	4.0	1
114637.70800000006	0.4	6.5	1
114658.42470000006	0.6	11.3	1
114702.42470000006	0.6	12.7	1
114707.46640000006	0.2	2.75	1
114721.12480000006	0.2	4.7	1
114744.04150000006	0.6	12.5	1
114777.77490000006	0.4	5.9	1
114825.25830000006	0.4	7.5	1
114847.44160000006	0.6	12.1	1
114881.54160000007	0.4	6.5	1
114936.35830000007	0.6	11.3	1
115011.52500000007	0.6	11.1	1
115101.17500000006	0.4	7.9	1
115212.27500000007	0.6	11.7	1
115234.82500000007	0.6	12.3	1
115272.22500000006	0.4	8.1	1
115319.70830000007	0.2	5.5	1
115324.75000000007	0.2	2.75	1
115332.54170000007	0.2	1.5	1
115354.08340000008	0.4	7.5	1
115385.34180000008	0.2	5.3	1
115400.55850000009	0.4	8.3	1
115438.69190000009	0.6	12.5	1
115490.9420000001	0.4	7.7	1
115556.2088000001	0.4	7.1	1
115563.5421000001	0.2	4.0	1
115584.62540000009	0.6	11.5	1
115619.82540000009	0.4	7.7	1
115630.64210000008	0.4	5.9	1
115661.80880000009	0.6	11.1	1
115678.49210000009	0.4	9.1	1
115697.9254000001	0.2	1.5	1
115727.4420000001	0.2	5.5	1
115750.3587000001	0.6	12.5	1
115792.5254000001	0.6	10.5	1
115803.7087000001	0.4	6.1	1
115838.5420000001	0.6	12.9	1
115876.1253000001	0.2	1.5	1
115934.0586000001	0.6	11.1	1
116013.4419000001	0.6	11.7	1
116018.48360000011	0.2	2.75	1
116030.40030000011	0.4	6.5	1
116057.90030000011	0.4	8.5	1
116094.75030000012	0.2	5.1	1
116140.58360000011	0.2	4.9	1
116197.23360000011	0.4	5.9	1
116217.95030000011	0.6	11.3	1
116252.05030000012	0.4	7.3	1
116294.76700000012	0.2	4.7	1
116356.00040000012	0.6	10.1	1
116425.85050000012	0.2	4.7	1
116514.58390000011	0.6	10.3	1
116526.86720000011	0.4	6.7	1
116559.13380000011	0.6	10.9	1
116602.58370000012	0.4	6.1	1
116664.55030000012	0.6	10.1	1
116742.46690000012	0.4	8.7	1
116835.60020000012	0.4	8.3	1
116949.81680000012	0.6	11.5	1
117086.95010000012	0.6	12.5	1
117234.90010000012	0.4	5.9	1
117403.20010000012	0.6	11.1	1
117587.08340000012	0.4	8.5	1
117791.31670000013	0.6	11.1	1
118006.36670000013	0.4	5.9	1
118025.25000000013	0.6	10.3	1
118058.61660000012	0.4	7.9	1
118112.69990000012	0.6	11.3	1
118180.16650000012	0.4	7.3	1
118258.44980000012	0.4	5.9	1
118271.46650000011	0.4	7.1	1
118289.9832000001	0.6	10.1	1
118329.2166000001	0.6	11.3	1
118380.0000000001	0.4	6.3	1
118450.4001000001	0.6	10.7	1
118537.4835000001	0.4	9.1	1
118641.2502000001	0.4	9.1	1
118758.76690000009	0.4	7.5	1
118899.56690000009	0.6	12.7	1
119061.08360000009	0.6	11.3	1
119235.98360000008	0.4	7.3	1
119433.80030000008	0.6	12.5	1
119647.20030000007	0.4	8.5	1
119880.95030000007	0.6	11.1	1
119888.28360000007	0.2	4.0	1
119914.50020000007	0.6	10.3	1
119954.46680000007	0.4	7.5	1
120005.98340000007	0.4	6.3	1
120062.54170000007	0.2	2.75	1
120128.08330000007	0.2	4.9	1
120133.12500000007	0.2	2.75	1
120145.50000000007	0.2	4.0	1
120171.99170000007	0.4	7.7	1
120222.13340000006	0.6	12.9	1
120280.89180000007	0.2	4.7	1
120304.54180000006	0.6	12.9	1
120344.50850000007	0.4	8.9	1
120404.82520000006	0.6	11.1	1
120486.22520000006	0.6	11.5	1
120575.87520000005	0.2	4.5	1
120680.37520000005	0.4	8.1	1
120793.49190000005	0.2	4.7	1
120813.10860000005	0.6	10.7	1
120842.44200000005	0.2	5.3	1
120883.69210000006	0.4	6.5	1
120944.55890000006	0.6	10.7	1
121014.04240000006	0.2	4.7	1
121104.24260000007	0.6	11.3	1
121215.15950000007	0.6	11.3	1
121229.64280000007	0.4	7.9	1
121267.40940000008	0.6	12.7	1
121317.45930000008	0.4	6.7	1
121389.32590000007	0.6	11.9	1
121478.24250000007	0.4	9.3	1
121583.10910000006	0.4	8.7	1
121708.69240000006	0.6	11.3	1
121855.35900000005	0.6	11.5	1
121858.10900000005	0.2	1.5	1
121880.65900000006	0.6	12.3	1
121922.45900000006	0.6	10.5	1
121977.64230000007	0.4	7.3	1
122043.64230000007	0.4	5.9	1
122046.39230000007	0.2	1.5	1
122049.14230000007	0.2	1.5	1
122054.64230000007	0.2	1.5	1
122059.68400000007	0.2	2.75	1
122067.47570000007	0.2	1.5	1
122070.22570000007	0.2	1.5	1
122075.26740000007	0.2	2.75	1
122080.30910000007	0.2	2.75	1
122095.52580000008	0.4	8.3	1
122124.12580000008	0.4	7.3	1
122170.50910000008	0.4	9.7	1
122225.87570000008	0.2	4.9	1
122292.79230000007	0.4	6.3	1
122300.12560000007	0.2	4.0	1
122314.79220000007	0.2	4.0	1
122336.79210000006	0.2	4.0	1
122345.04210000006	0.2	4.5	1
122358.33380000007	0.2	2.75	1
122376.66720000007	0.2	2.75	1
122403.25060000007	0.2	4.5	1
122412.60060000008	0.2	5.1	1
122429.28390000008	0.2	4.0	1
122455.68390000008	0.2	5.3	1
122484.83390000007	0.2	1.5	1
122516.73390000006	0.2	1.5	1
122551.38390000006	0.2	1.5	1
122560.00060000006	0.2	4.7	1
122573.65900000006	0.2	2.75	1
122597.03410000006	0.2	5.3	1
122628.65920000007	0.2	4.5	1
122665.32600000007	0.2	2.75	1
122709.32610000008	0.2	4.0	1
122756.07620000008	0.2	1.5	1
122811.80960000008	0.2	4.9	1
122821.89290000008	0.2	5.5	1
122842.79290000007	0.4	5.9	1
122866.44290000007	0.2	1.5	1
122899.80960000007	0.2	5.3	1
122942.52630000007	0.2	5.1	1
122994.95970000006	0.2	5.3	1
123057.47640000006	0.2	5.5	1
123130.07640000006	0.2	5.5	1
123213.49310000007	0.4	5.9	1
123306.25980000006	0.2	5.1	1
123406.35980000006	0.2	4.0	1
123511.50150000006	0.2	2.75	1
123628.19320000005	0.4	6.3	1
123755.70160000006	0.4	5.9	1
123895.12670000005	0.4	6.5	1
123945.36850000006	0.4	5.9	1
124008.62700000005	0.4	7.1	1
124081.96880000005	0.2	5.5	1
124167.59390000005	0.4	6.7	1
124264.76900000004	0.4	6.3	1
124375.32740000004	0.4	7.3	1
124498.16910000004	0.4	6.7	1
124632.92750000005	0.4	6.5	1
124779.60260000004	0.4	6.5	1
124931.31940000004	0.2	2.75	1
125093.85290000004	0.4	5.9	1
125267.20310000004	0.4	5.9	1
125453.57000000004	0.4	7.1	1
125551.85360000003	0.4	6.5	1
125565.23690000003	0.4	7.3	1
125591.63690000003	0.4	7.1	1
125610.15360000002	0.6	10.1	1
125638.75360000003	0.2	5.5	1
125648.83690000002	0.2	5.5	1
125661.67020000002	0.2	1.5	1
125683.12020000002	0.2	4.7	1
125707.32020000002	0.2	1.5	1
125734.27020000001	0.2	1.5	1
125771.30350000001	0.2	5.5	1
125819.88680000001	0.4	6.3	1
125875.8034	0.2	4.0	1
125941.07	0.2	5.1	1
126013.66990000001	0.2	4.0	1
126100.01980000001	0.4	7.5	1
126195.353	0.2	4.9	1
126295.7279	0.2	2.75	1
126405.0861	0.2	4.9	1
126525.6276	0.4	6.1	1
126659.1858	0.4	7.1	1
126807.59400000001	0.4	8.1	1
126964.98550000001	0.2	4.9	1
127133.92700000001	0.4	6.3	1
127314.78520000001	0.4	6.5	1
127510.12670000001	0.4	7.9	1
127719.95150000001	0.4	7.9	1
127944.2596	0.4	7.9	1
128180.4844	0.4	6.5	1
128430.4592	0.4	7.5	1
128690.51729999999	0.2	5.5	1
128961.3921	0.4	5.9	1
129241.98359999999	0.2	5.3	1
129535.95839999999	0.4	7.3	1
129840.01649999998	0.2	5.5	1
130156.35789999999	0.4	6.7	1
130475.4493	0.2	1.5	1
130803.52399999999	0.2	4.9	1
131142.78199999998	0.4	6.1	1
131496.52329999997	0.4	7.9	1
131858.51459999997	0.2	4.5	1
132230.22259999998	0.2	5.3	1
132609.2639	0.2	4.0	1
132999.1219	0.4	5.9	1
133300.8966	0.4	6.5	1
133513.85460000002	0.4	6.1	1
133737.9959	0.4	6.1	1
133975.1539	0.4	7.1	1
134221.6619	0.2	5.1	1
134480.0866	0.4	6.5	1
134750.0613	0.4	6.3	1
135033.786	0.4	7.5	1
135326.8607	0.2	5.1	1
135634.7854	0.4	8.1	1
135956.82679999998	0.4	7.7	1
136281.61819999997	0.2	1.5	1
136618.69289999997	0.4	6.7	1
136964.75089999996	0.2	4.9	1
137323.09219999996	0.4	6.7	1
137691.15019999995	0.2	5.3	1
138069.29149999993	0.2	5.5	1
138462.28279999993	0.4	8.1	1
138869.02409999992	0.4	7.5	1
139289.14869999993	0.4	7.3	1
139722.28999999992	0.4	7.1	1
140164.04799999992	0.2	4.7	1
140619.9226999999	0.4	7.7	1
141087.3473999999	0.4	6.3	1
141565.95539999992	0.4	6.1	1
142053.54669999992	0.2	4.9	1
142551.22129999992	0.2	5.5	1
143053.93759999992	0.2	2.75	1
143563.98719999992	0.2	4.0	1
144087.7867999999	0.4	7.5	1
144614.3363999999	0.2	1.5	1
145153.90269999992	0.4	7.1	1
145703.1856999999	0.2	5.3	1
146263.2853999999	0.4	5.9	1
146828.4267999999	0.2	2.75	1
147309.1514999999	0.4	8.5	1
147801.0594999999	0.4	6.1	1
148304.1507999999	0.4	6.1	1
148816.22539999988	0.2	4.9	1
149344.24999999988	0.4	8.7	1
149881.99129999988	0.2	5.3	1
150429.4492999999	0.2	5.3	1
150985.8905999999	0.2	4.9	1
151554.2485999999	0.4	6.5	1
152132.3232999999	0.2	5.3	1
152721.5812999999	0.4	6.1	1
153327.1559999999	0.4	8.9	1
153937.7723999999	0.2	2.75	1
154563.9720999999	0.4	8.5	1
155097.5050999999	0.2	4.0	1
155644.4213999999	0.4	7.3	1
156203.6209999999	0.4	6.7	1
156775.8372999999	0.4	7.1	1
157359.2368999999	0.4	6.1	1
157952.3531999999	0.2	5.3	1
158550.5111999999	0.2	2.75	1
159161.6858999999	0.4	7.1	1
159775.6105999999	0.2	1.5	1
160403.2852999999	0.4	7.5	1
161042.8766999999	0.4	6.5	1
161692.5513999999	0.2	5.5	1
162349.5593999999	0.2	4.0	1
163015.91739999992	0.2	5.1	1
163690.8920999999	0.2	4.7	1
164377.7834999999	0.4	6.5	1
165067.4248999999	0.2	1.5	1
165770.8162999999	0.4	7.5	1
166484.29099999988	0.2	5.5	1
167106.7489999999	0.2	4.9	1
167740.39029999988	0.4	6.1	1
168388.14829999988	0.4	7.7	1
169045.62299999988	0.2	5.3	1
169717.21439999988	0.4	7.7	1
170397.0557999999	0.2	4.5	1
171085.88049999988	0.2	4.9	1
171786.62189999988	0.4	6.5	1
172499.27999999988	0.4	6.5	1
173220.18809999988	0.2	4.5	1
173950.4461999999	0.2	5.1	1
174683.4542999999	0.2	1.5	1
175425.0790999999	0.2	4.7	1
176180.0871999999	0.4	7.3	1
176944.0785999999	0.2	4.9	1
177718.1532999999	0.2	5.5	1
178501.21129999988	0.2	4.9	1
179291.60259999987	0.2	4.0	1
180090.24389999986	0.2	4.5	1
180902.26849999986	0.4	7.3	1
181723.64309999987	0.2	5.1	1
182556.93439999988	0.4	6.5	1
183405.07569999987	0.4	8.1	1
184263.30029999986	0.2	5.5	1
185134.90819999986	0.4	7.3	1
186014.76609999986	0.2	4.5	1
186908.74069999985	0.4	7.7	1
187814.63199999984	0.4	6.5	1
188727.85659999982	0.2	4.0	1
189652.63119999983	0.4	6.3	1
190591.15579999983	0.4	7.5	1
191540.86369999984	0.4	6.1	1
192504.32159999985	0.4	7.5	1
193378.59619999985	0.4	5.9	1
194262.58749999985	0.2	5.3	1
195158.12879999986	0.4	6.3	1
195965.58679999987	0.4	6.5	1
196782.76149999988	0.2	5.3	1
197509.65289999987	0.2	5.3	1
198241.58599999986	0.2	2.75	1
198976.26909999986	0.2	1.5	1
199721.03549999985	0.2	5.5	1
200474.05189999985	0.2	4.5	1
201236.05159999983	0.2	4.9	1
202007.40129999982	0.2	5.1	1
202788.10099999982	0.2	5.1	1
203577.41739999983	0.2	4.7	1
204378.28379999983	0.4	6.3	1
205189.96689999982	0.4	5.9	1
206012.83329999982	0.4	6.1	1
206843.03299999982	0.2	4.0	1
207675.98269999982	0.2	1.5	1
208516.2656999998	0.2	4.0	1
209267.7319999998	0.4	6.1	1
210030.7482999998	0.4	6.3	1
210804.9478999998	0.4	6.1	1
211588.1307999998	0.2	4.9	1
212382.4969999998	0.4	6.1	1
213186.9464999998	0.2	5.5	1
214000.3792999998	0.2	4.9	1
214823.16209999978	0.2	5.1	1
215657.4948999998	0.4	6.3	1
216494.5776999998	0.2	1.5	1
217341.0104999998	0.2	5.1	1
218196.7932999998	0.2	5.1	1
219061.1927999998	0.2	4.7	1
219930.6339999998	0.2	2.75	1
220809.79189999978	0.2	5.3	1
221700.13309999977	0.4	6.1	1
222599.45759999976	0.2	4.9	1
223506.11539999975	0.2	4.0	1
224423.58989999976	0.4	5.9	1
225348.39769999977	0.2	4.0	1
226281.45549999978	0.2	4.5	1
227219.5549999998	0.2	2.75	1
228167.7377999998	0.2	5.5	1
229024.9038999998	0.2	4.9	1
229891.7866999998	0.2	5.3	1
230763.7111999998	0.2	2.75	1
231643.88569999978	0.2	4.5	1
232529.10189999978	0.2	2.75	1
233421.65139999977	0.2	4.0	1
234323.18419999976	0.2	4.9	1
235232.05029999977	0.2	4.0	1
236145.95809999976	0.2	2.75	1
237064.90759999974	0.2	2.75	1
237891.19039999973	0.2	4.0	1
238724.80649999974	0.2	4.0	1
239567.03929999974	0.2	4.7	1
240024.48879999973	0.4	8.3	1
240503.02159999972	0.6	11.5	1
240522.63829999973	0.6	10.7	1
240554.53829999972	0.4	6.7	1
240600.55499999973	0.4	7.7	1
240665.82169999974	0.6	10.5	1
240745.93839999975	0.4	8.1	1
240846.77179999975	0.6	11.3	1
240969.78849999976	0.6	12.1	1
241109.85519999976	0.4	9.3	1
241270.27189999976	0.6	11.1	1
241293.18859999976	0.6	12.5	1
241334.98859999975	0.6	10.3	1
241392.73859999975	0.4	8.7	1
241462.77189999976	0.4	6.7	1
241476.52189999976	0.4	7.5	1
241515.02189999976	0.6	13.5	1
241568.73859999975	0.4	8.3	1
241631.07199999975	0.2	4.7	1
241653.98869999975	0.6	12.5	1
241690.65539999976	0.4	7.5	1
241740.33879999976	0.4	7.1	1
241800.83889999977	0.4	5.9	1
241815.32219999976	0.4	7.9	1
241850.52219999977	0.6	11.3	1
241907.90549999976	0.6	12.1	1
241979.40549999976	0.4	7.7	1
242073.08879999976	0.6	12.1	1
242088.30549999975	0.4	8.3	1
242127.17219999977	0.6	12.9	1
242184.55559999976	0.6	10.1	1
242256.42229999977	0.4	7.9	1
242338.37229999978	0.2	5.5	1
242348.45559999978	0.2	5.5	1
242369.17229999977	0.6	11.3	1
242374.21399999977	0.2	2.75	1
242394.10569999978	0.4	8.1	1
242414.82239999977	0.6	11.3	1
242458.82239999977	0.6	12.7	1
242472.93909999978	0.4	7.7	1
242511.8057999998	0.6	13.5	1
242530.3224999998	0.6	10.1	1
242568.0891999998	0.6	10.5	1
242591.37249999982	0.6	12.7	1
242637.57249999983	0.6	12.5	1
242693.85579999984	0.2	5.5	1
242765.72239999985	0.4	8.5	1
242856.47229999985	0.6	10.3	1
242872.78899999984	0.4	8.9	1
242891.85569999984	0.2	1.5	1
242896.89739999984	0.2	2.75	1
242918.25579999984	0.4	8.9	1
242941.17249999984	0.6	12.5	1
242986.27249999985	0.6	12.1	1
243036.41419999985	0.2	2.75	1
243095.53919999985	0.2	4.9	1
243163.28089999987	0.2	4.7	1
243251.37259999986	0.6	11.1	1
243274.65589999987	0.6	12.7	1
243320.48919999987	0.6	12.3	1
243374.57249999986	0.2	4.5	1
243439.83909999987	0.4	6.1	1
243514.45569999987	0.2	5.1	1
243612.72229999988	0.6	12.9	1
243631.97229999988	0.6	10.5	1
243674.5055999999	0.6	12.7	1
243736.2888999999	0.6	10.5	1
243813.2888999999	0.4	8.3	1
243898.5388999999	0.2	4.5	1
243907.8888999999	0.2	5.1	1
243932.8221999999	0.4	8.5	1
243975.9054999999	0.4	9.9	1
244040.0720999999	0.6	11.5	1
244116.1553999999	0.4	6.5	1
244246.7803999999	1.0	71.25	1
244408.0303999999	1.0	71.25	1
244474.3220999999	0.2	2.75	1
244554.3637999999	0.4	7.5	1
244648.8887999999	0.4	7.9	1
244750.7470999999	0.2	4.0	1
244865.9886999999	0.4	7.3	1
244996.0802999999	0.4	8.1	1
245138.4551999999	0.4	6.7	1
245202.6467999999	0.6	11.9	1
245287.9216999999	0.6	11.5	1
245393.54659999989	0.6	11.1	1
245522.82149999987	0.6	12.9	1
245660.34639999986	0.2	4.5	1
245894.12129999985	1.0	52.5	1
246141.27949999986	0.4	7.3	1
246553.43769999986	1.0	90.0	1
246975.67919999987	0.2	5.5	1
247412.77069999988	0.4	8.1	1
247877.3621999999	0.8	15.0	1
248346.9953999999	0.2	2.75	1
248838.4452999999	0.6	11.9	1
249345.4784999999	0.4	8.5	1
249859.8449999999	0.2	4.0	1
250385.39479999992	0.4	6.1	1
250922.12789999993	0.4	6.1	1
251483.61099999995	0.6	13.5	1
252063.97739999995	0.6	10.3	1
252661.39379999993	0.4	9.3	1
253276.59349999993	0.4	9.7	1
253915.44319999992	0.6	12.9	1
254570.24289999992	0.4	8.7	1
255241.35929999992	0.4	8.9	1
255827.32569999993	0.4	8.1	1
256431.0753999999	0.4	9.7	1
257058.47509999992	0.6	12.9	1
257690.91649999993	0.2	2.75	1
258339.30789999993	0.4	8.7	1
258997.04929999993	0.2	5.1	1
259672.20739999993	0.4	9.5	1
260365.14879999994	0.4	9.7	1
261069.64019999994	0.4	6.3	1
261796.31489999994	0.6	12.1	1
262536.00629999995	0.4	7.1	1
263297.5143999999	0.6	11.9	1
264072.03919999994	0.4	7.1	1
264859.58069999993	0.4	7.1	1
265662.7054999999	0.4	8.5	1
266486.5469999999	0.6	11.3	1
267328.5384999999	0.4	9.9	1
268185.7466999999	0.4	8.3	1
269055.2381999999	0.4	6.7	1
269941.4129999999	0.4	9.1	1
270846.1044999999	0.6	10.1	1
271771.1459999999	0.6	11.1	1
272715.4374999999	0.6	10.5	1
273679.7122999999	0.6	10.9	1
274740.2370999999	1.0	52.5	1
275825.5118999999	0.6	13.5	1
276932.9699999999	0.6	12.1	1
278064.0780999999	0.6	12.9	1
279210.0361999999	0.4	8.1	1
280369.01099999994	0.4	7.1	1
281538.06909999996	0.2	5.5	1
282716.47719999996	0.2	5.1	1
283903.8686	0.2	4.9	1
285107.5767	0.4	8.9	1
286331.6348	0.6	11.1	1
287577.1429	0.6	11.7	1
288831.26769999997	0.2	4.7	1
290108.30919999996	0.6	12.5	1
291447.22569999995	0.8	33.75	1
292796.22549999994	0.2	5.5	1
294275.85029999993	1.0	71.25	1
295851.7250999999	1.0	52.5	1
297446.8498999999	0.6	10.5	1
299055.7246999999	0.4	7.5	1
300675.7827999999	0.4	6.1	1
302460.84089999995	1.0	90.0	1
304266.24899999995	0.6	11.1	1
306086.87379999994	0.4	8.3	1
307823.81529999996	0.4	8.9	1
309571.94009999995	0.4	6.1	1
311322.81489999994	0.2	1.5	1
313094.7729999999	0.6	11.5	1
314884.5143999999	0.4	9.7	1
316686.53909999994	0.4	6.7	1
318511.84709999996	0.6	12.7	1
320346.87179999996	0.2	5.3	1
322202.24649999995	0.6	11.1	1
324076.87119999994	0.6	10.5	1
325962.31259999995	0.4	5.9	1
327865.17069999996	0.4	9.5	1
329788.74549999996	0.6	11.3	1
331729.73699999996	0.4	9.5	1
333684.8452	0.4	7.7	1
335654.8034	0.4	8.1	1
337636.67829999997	0.4	6.5	1
339621.30319999997	0.2	1.5	1
341619.31139999995	0.4	7.3	1
343639.50289999996	0.6	12.1	1
345674.17769999994	0.4	7.9	1
347722.96919999993	0.4	7.7	1
349795.04399999994	0.6	12.7	1
351880.1354999999	0.4	7.1	1
353973.4769999999	0.2	4.5	1
356080.5684999999	0.4	7.5	1
358200.6766999999	0.4	7.1	1
360330.1348999999	0.2	5.1	1
362482.14309999987	0.6	12.3	1
364644.9679999999	0.4	5.9	1
366817.5095999999	0.2	5.3	1
369010.40119999985	0.6	11.1	1
371224.3760999998	0.6	11.5	1
373455.7676999998	0.4	9.5	1
375708.6092999998	0.6	11.7	1
377984.36759999976	0.6	12.5	1
380356.37589999975	1.0	52.5	1
382745.0674999998	0.4	9.1	1
385148.9757999998	0.4	8.3	1
387562.9673999998	0.2	5.5	1
389885.2089999998	0.2	4.5	1
392224.5005999998	0.4	9.3	1
394586.3421999998	0.6	12.3	1
396961.56709999975	0.4	7.3	1
399501.7919999997	1.0	90.0	1
401956.86689999973	0.4	8.1	1
404428.9917999997	0.4	9.3	1
406913.0333999997	0.4	6.5	1
409418.1582999997	0.6	11.5	1
411942.5331999997	0.6	10.5	1
414483.9580999997	0.4	9.3	1
417033.9996999997	0.2	4.7	1
419603.2912999997	0.6	10.5	1
422196.2328999997	0.6	12.9	1
424807.6911999997	0.6	10.1	1
427433.2661999997	0.4	7.7	1
430077.3578999997	0.6	10.1	1
432748.9495999997	0.8	15.0	1
435585.5412999997	1.0	90.0	1
438441.7496999997	0.6	10.7	1
441306.9413999997	0.2	4.9	1
444195.7830999997	0.6	12.9	1
447107.1747999997	0.6	12.3	1
450031.9497999997	0.4	7.3	1
452973.7747999997	0.4	9.3	1
455937.04979999975	0.6	11.7	1
458908.57479999977	0.2	4.5	1
461893.4830999998	0.4	7.3	1
464895.07469999976	0.4	9.1	1
467921.41629999975	0.6	13.5	1
470959.3078999997	0.4	6.3	1
474016.08279999974	0.6	10.3	1
477088.44099999976	0.4	8.5	1
480173.81589999975	0.4	7.1	1
483281.74079999974	0.6	12.3	1
486407.0823999997	0.4	9.5	1
489545.8072999997	0.4	7.3	1
492704.1488999997	0.6	10.7	1
495874.40719999967	0.4	6.5	1
499068.3154999997	0.6	12.9	1
502278.90709999966	0.4	9.1	1
505502.88199999963	0.4	7.3	1
508891.8568999996	1.0	90.0	1
512294.9484999996	0.4	7.7	1
515720.9567999996	0.6	12.5	1
519165.1150999996	0.4	9.9	1
522623.0233999996	0.4	7.5	1
526094.3149999996	0.4	7.3	1
529581.1898999996	0.4	8.5	1
533081.4480999997	0.4	7.3	1
536593.6229999997	0.4	6.5	1
540115.8811999997	0.2	5.5	1
543658.8560999997	0.6	11.3	1
547213.7476999997	0.4	6.5	1
550780.9225999997	0.4	6.7	1
554367.7141999997	0.6	10.7	1
557974.8557999997	0.6	11.1	1
561600.1473999997	0.4	9.9	1
565252.9389999997	0.8	15.0	1
568917.2805999997	0.4	6.3	1
572600.8721999998	0.6	10.5	1
576291.7970999997	0.2	4.0	1
579993.9052999998	0.4	6.1	1
583711.5967999997	0.4	8.5	1
587447.0715999997	0.4	9.7	1
591194.0963999997	0.4	6.3	1
594965.8711999997	0.6	13.5	1
598753.9626999997	0.4	8.9	1
602560.5708999997	0.6	10.1	1
606378.7290999996	0.4	6.3	1
609420.5372999996	0.6	12.9	1
612470.9621999996	0.2	4.7	1
615537.3370999997	0.4	8.7	1
617506.4619999997	0.2	1.5	1
619492.6368999997	0.4	9.3	1
621495.1284999996	0.4	8.9	1
623507.3367999997	0.2	5.3	1
625532.9283999997	0.4	7.3	1
627568.6032999997	0.2	5.5	1
629623.1614999997	0.6	10.3	1
631689.2696999997	0.4	6.3	1
633773.1611999997	0.4	9.7	1
635876.6693999998	0.6	10.7	1
637988.4275999998	0.2	4.5	1
640112.4690999999	0.4	6.7	1
642256.1272999998	0.6	10.7	1
644415.3687999998	0.4	8.5	1
646592.7602999998	0.4	9.9	1
648785.3684999999	0.4	8.3	1
650992.8266999999	0.4	8.1	1
653212.2015999999	0.4	6.5	1
655450.8265	0.6	10.5	1
657696.7847	0.2	4.0	1
659961.2596	0.6	10.1	1
662235.4512	0.2	5.3	1
664523.7595	0.4	7.7	1
666821.7845000001	0.2	5.3	1
669130.9928000001	0.4	6.1	1
671456.8844000001	0.4	9.1	1
673800.5593000001	0.4	9.7	1
676162.0175000001	0.4	9.7	1
678540.8924000001	0.4	9.5	1
680933.8840000001	0.4	7.7	1
683340.2589000001	0.4	7.3	1
685749.3838000002	0.2	1.5	1
688174.8254000002	0.4	8.9	1
690612.5503000002	0.4	6.7	1
693065.8585000002	0.4	8.5	1
695537.6834000002	0.6	10.1	1
698025.8250000002	0.4	8.9	1
700525.1499000002	0.4	6.1	1
703029.5165000001	0.2	2.75	1
705552.7664000002	0.6	10.3	1
708087.9330000002	0.4	6.5	1
710638.3163000002	0.4	8.3	1
713202.4496000002	0.4	7.5	1
715780.6996000002	0.4	7.7	1
718274.5329000002	0.4	8.5	1
720780.2829000002	0.4	6.5	1
723301.6162000003	0.4	8.5	1
725736.6995000003	0.4	7.5	1
728183.6995000003	0.4	6.5	1
730642.9828000003	0.4	6.7	1
733117.1161000003	0.4	8.1	1
735600.2327000003	0.2	4.9	1
738099.2993000003	0.4	8.7	1
740601.1159000003	0.2	1.5	1
743117.7825000003	0.4	8.1	1
745651.8658000004	0.4	9.5	1
748195.6658000004	0.2	5.3	1
750748.8158000004	0.2	5.1	1
753320.8491000005	0.6	10.3	1
755905.1657000005	0.4	6.7	1
758504.6990000005	0.4	8.3	1
761106.9823000005	0.2	1.5	1
763725.2156000005	0.4	8.7	1
766360.4989000005	0.4	9.3	1
769004.3989000005	0.2	4.7	1
771655.6322000005	0.2	4.0	1
774317.6822000005	0.4	5.9	1
776987.9822000006	0.2	4.5	1
779670.1989000005	0.4	6.5	1
782370.9323000006	0.6	10.1	1
785087.6157000005	0.4	8.7	1
787809.3408000006	0.2	2.75	1
790547.3826000006	0.4	8.9	1
793299.1744000006	0.4	7.5	1
796061.0495000005	0.2	5.5	1
798837.4079000006	0.4	7.9	1
801632.2830000005	0.6	10.1	1
804438.7081000005	0.4	6.3	1
807257.4165000005	0.4	6.7	1
810093.1749000006	0.4	9.3	1
812933.9750000006	0.2	2.75	1
815789.6251000005	0.4	8.1	1
818653.8919000005	0.2	4.7	1
821526.4087000005	0.2	4.5	1
824407.5422000005	0.2	4.7	1
827305.7257000005	0.4	9.3	1
830212.5259000006	0.2	4.7	1
833136.3761000006	0.4	9.3	1
836074.3430000006	0.4	7.7	1
839027.8932000006	0.4	8.5	1
842001.4267000007	0.6	10.9	1
844983.9435000006	0.2	4.9	1
847982.4103000007	0.4	8.7	1
850990.5938000007	0.2	5.3	1
854012.1606000008	0.4	7.3	1
857049.6774000007	0.4	8.7	1
860100.9442000007	0.4	7.5	1
863165.5943000007	0.4	7.3	1
866232.9944000007	0.2	1.5	1
869315.6112000006	0.4	8.3	1
872414.5447000007	0.4	8.9	1
875522.0949000007	0.2	4.7	1
878648.8951000008	0.6	10.5	1
881783.0286000008	0.2	4.0	1
884930.5454000008	0.4	7.3	1
888090.3455000008	0.4	6.7	1
891264.6289000007	0.4	7.9	1
894448.2623000008	0.2	5.1	1
897647.4790000007	0.4	8.5	1
900861.1790000007	0.4	7.9	1
904093.0290000007	0.4	9.9	1
907327.6290000007	0.2	1.5	1
910472.3123000007	0.2	5.5	1
913622.0373000007	0.2	2.75	1
916786.9790000006	0.4	8.3	1
919964.9374000006	0.4	7.1	1
923157.3791000006	0.4	7.9	1
926352.5708000006	0.2	1.5	1
929563.7125000006	0.4	8.7	1
932788.9709000007	0.4	7.7	1
936033.4793000007	0.6	10.5	1
939293.5710000007	0.4	8.5	1
942572.5460000007	0.6	10.3	1
945860.8710000006	0.2	5.1	1
949159.2793000006	0.2	5.5	1
952466.3043000007	0.2	4.7	1
955792.2126000007	0.6	10.3	1
959127.8376000007	0.2	5.3	1
962473.5459000007	0.2	5.5	1
965834.8375000007	0.4	8.5	1
969212.8124000008	0.4	9.1	1
972599.4040000008	0.2	4.7	1
975894.6123000009	0.2	4.7	1
979198.8039000009	0.2	4.9	1
982511.6122000009	0.2	4.7	1
985827.1705000009	0.2	1.5	1
989152.8121000009	0.2	5.5	1
992487.437000001	0.2	4.9	1
995831.045200001	0.2	4.9	1
999186.570100001	0.4	6.5	1
1002551.8117000009	0.2	5.3	1
1005929.3366000009	0.4	6.7	1
1009319.1448000008	0.4	6.7	1
1012719.7697000009	0.4	5.9	1
1016129.3779000009	0.2	4.9	1
1019550.9028000009	0.4	6.5	1
1022977.4694000009	0.2	2.75	1
1026416.3193000009	0.4	6.7	1
1029860.2109000009	0.2	2.75	1
1033314.1858000009	0.2	5.5	1
1036777.8774000009	0.2	5.3	1
1040249.819000001	0.2	4.5	1
1043731.8439000009	0.2	5.5	1
1046037.5188000009	0.6	12.9	1
1048357.3104000009	0.4	7.7	1
1049088.652000001	0.4	6.3	1
1049829.7103000009	0.2	5.3	1
1050375.810300001	0.2	2.75	1
1050932.727000001	0.4	5.9	1
1051492.3937000008	0.2	1.5	1
1052071.677100001	0.6	10.7	1
1052663.243800001	0.4	6.7	1
1053275.527200001	0.6	11.3	1
1053291.110500001	0.4	8.5	1
1053324.110500001	0.4	9.5	1
1053368.293800001	0.4	6.1	1
1053422.560400001	0.2	5.5	1
1053492.777000001	0.4	8.7	1
1053577.110300001	0.4	7.7	1
1053677.393600001	0.4	8.7	1
1053687.476900001	0.2	5.5	1
1053710.943500001	0.4	7.3	1
1053759.160100001	0.6	13.5	1
1053817.0934000008	0.2	5.3	1
1053896.8434000008	0.6	11.9	1
1053999.1434000009	0.6	12.3	1
1054115.926700001	0.4	7.9	1
1054127.8434000008	0.4	6.5	1
1054153.5101000008	0.4	7.5	1
1054201.7268000008	0.6	12.3	1
1054209.0601000008	0.2	4.0	1
1054219.1434000009	0.2	1.5	1
1054231.976700001	0.2	1.5	1
1054247.560000001	0.2	1.5	1
1054265.893300001	0.2	1.5	1
1054268.643300001	0.2	1.5	1
1054279.643300001	0.2	4.5	1
1054297.976600001	0.2	4.0	1
1054324.926600001	0.2	4.7	1
1054354.626600001	0.2	1.5	1
1054387.076600001	0.2	1.5	1
1054428.143300001	0.2	4.7	1
1054436.760000001	0.2	4.7	1
1054452.710000001	0.2	4.0	1
1054461.6933000009	0.2	4.9	1
1054483.6933000009	0.4	7.1	1
1054517.9766000009	0.4	6.7	1
1054557.3016000008	0.2	2.75	1
1054610.0099000009	0.4	7.3	1
1054672.0682000008	0.2	5.1	1
1054736.8765000007	0.2	1.5	1
1054804.4348000006	0.2	1.5	1
1054883.5431000006	0.4	6.3	1
1054971.6347000005	0.2	4.9	1
1055067.9763000004	0.2	4.5	1
1055175.1346000005	0.4	5.9	1
1055292.0096000005	0.2	5.3	1
1055418.2346000005	0.2	5.1	1
1055557.4763000004	0.4	7.1	1
1055705.3347000005	0.2	4.7	1
1055866.2098000005	0.4	7.1	1
1056036.4349000005	0.2	5.1	1
1056213.9933000004	0.2	4.0	1
1056400.1684000005	0.2	4.7	1
1056597.1602000005	0.4	5.9	1
1056806.4353000005	0.4	6.7	1
1057028.7271000005	0.4	7.1	1
1057163.3022000005	0.4	6.7	1
1057307.9606000006	0.2	5.5	1
1057461.6023000006	0.2	4.9	1
1057617.9940000006	0.2	1.5	1
1057783.3690000006	0.2	4.9	1
1057860.6607000006	0.4	6.5	1
1057946.5691000007	0.2	4.7	1
1058041.8275000006	0.2	5.1	1
1058149.0026000007	0.4	6.5	1
1058264.7944000007	0.2	4.7	1
1058389.5695000007	0.2	4.9	1
1058523.6946000007	0.2	5.1	1
1058669.3697000009	0.4	6.3	1
1058825.1281000008	0.2	5.5	1
1058991.7032000008	0.4	5.9	1
1059165.6116000009	0.2	4.0	1
1059350.3367000008	0.4	5.9	1
1059446.2451000009	0.4	6.1	1
1059551.136800001	0.2	4.9	1
1059565.3785000008	0.2	5.1	1
1059588.2369000008	0.2	4.7	1
1059619.3453000009	0.2	4.5	1
1059653.203700001	0.2	1.5	1
1059695.312100001	0.2	4.5	1
1059742.4622000009	0.2	2.75	1
1059798.962300001	0.2	5.1	1
1059801.712300001	0.2	1.5	1
1059812.529000001	0.4	5.9	1
1059826.095700001	0.2	1.5	1
1059850.479100001	0.4	5.9	1
1059885.679200001	0.4	5.9	1
1059930.2293000012	0.2	5.1	1
1059982.112700001	0.2	4.0	1
1060042.246100001	0.2	4.5	1
1060113.5628000011	0.4	6.1	1
1060193.1295000012	0.2	4.5	1
1060283.8795000012	0.4	6.1	1
1060385.8128000011	0.4	6.1	1
1060498.9294000012	0.4	6.1	1
1060623.2293000012	0.4	6.1	1
1060759.0792000012	0.4	6.3	1
1060902.2624000013	0.2	4.0	1
1061054.7956000012	0.2	5.1	1
1061218.1455000013	0.4	5.9	1
1061390.1121000012	0.2	4.7	1
1061564.8287000011	0.2	1.5	1
1061751.095300001	0.4	6.3	1
1061948.545200001	0.4	6.1	1
1062157.545100001	0.4	6.3	1
1062377.728300001	0.4	6.1	1
1062600.661500001	0.2	1.5	1
1062735.5114000011	0.4	6.5	1
1062873.1113000012	0.2	1.5	1
1063015.7529000011	0.2	2.75	1
1063169.9445000011	0.4	6.3	1
1063334.9528000013	0.4	5.9	1
1063502.7111000014	0.2	1.5	1
1063675.5111000014	0.2	2.75	1
1063858.3944000015	0.2	5.5	1
1064050.2610000016	0.2	4.9	1
1064254.0443000016	0.4	6.5	1
1064466.4443000015	0.2	4.7	1
1064687.0943000014	0.2	4.5	1
1064917.0943000014	0.2	5.1	1
1065156.0776000014	0.2	4.9	1
1065400.1026000013	0.2	2.75	1
1065653.8443000012	0.2	5.3	1
1065919.5027000012	0.4	6.5	1
1066196.7111000011	0.4	6.3	1
1066485.1028000012	0.4	6.1	1
1066782.4778000012	0.2	4.9	1
1067091.036100001	0.4	6.1	1
1067409.677700001	0.2	5.5	1
1067737.302600001	0.2	4.9	1
1068073.910800001	0.2	4.9	1
1068419.8690000009	0.2	5.1	1
1068775.177200001	0.2	5.1	1
1069133.235400001	0.2	1.5	1
1069500.643600001	0.2	5.1	1
1069879.235100001	0.4	6.1	1
1070265.159900001	0.2	4.0	1
1070553.834700001	0.2	1.5	1
1070845.2595000009	0.2	1.5	1
1071146.7676000008	0.2	5.5	1
1071459.4590000007	0.4	6.1	1
1071782.2337000007	0.2	5.5	1
1072113.2584000006	0.2	4.5	1
1072452.5331000006	0.2	4.5	1
1072799.1411000006	0.2	4.0	1
1073150.7908000005	0.2	2.75	1
1073511.7905000006	0.2	5.1	1
1073875.5402000006	0.2	1.5	1
1074247.5399000007	0.2	4.5	1
1074630.3563000006	0.4	5.9	1
1075024.3560000006	0.4	6.1	1
1075428.4390000007	0.2	5.5	1
1075844.0720000006	0.4	6.3	1
1076262.4550000005	0.2	1.5	1
1076692.7547000006	0.4	6.5	1
1077131.3044000007	0.2	4.5	1
1077581.4041000006	0.4	6.3	1
1078041.5871000006	0.2	5.5	1
1078510.0201000005	0.2	4.5	1
1078989.6364000007	0.4	6.1	1
1079478.9694000008	0.2	5.3	1
1079971.0524000009	0.2	1.5	1
1080471.7521000009	0.2	4.7	1
1080981.801800001	0.2	5.1	1
1081503.034800001	0.4	6.1	1
1081931.601100001	0.2	4.0	1
1082367.500700001	0.2	4.0	1
1082814.583600001	0.4	6.1	1
1083271.749800001	0.2	5.5	1
1083737.532700001	0.2	4.7	1
1084214.865600001	0.4	6.3	1
1084703.381800001	0.4	6.1	1
1085196.939700001	0.2	2.75	1
1085702.0476000009	0.4	6.3	1
1086216.505500001	0.2	5.1	1
1086742.513400001	0.4	6.3	1
1087279.338000001	0.4	5.9	1
1087825.8793000008	0.2	5.3	1
1088380.6706000008	0.2	4.5	1
1088946.6452000008	0.4	6.1	1
1089520.869800001	0.2	4.5	1
1090103.711100001	0.2	4.7	1
1090697.369100001	0.4	5.9	1
1091302.943800001	0.4	6.5	1
1091915.851800001	0.2	4.0	1
1092531.509800001	0.2	1.5	1
1093157.2511000012	0.2	5.5	1
1093696.3757000011	0.4	7.3	1
1094248.8836000012	0.4	7.3	1
1094812.5748000012	0.4	6.1	1
1095389.2827000013	0.4	7.1	1
1095976.8073000011	0.4	5.9	1
1096573.3152000012	0.2	4.9	1
1097178.4398000012	0.2	4.7	1
1097790.8977000013	0.2	4.0	1
1098414.9056000013	0.4	6.3	1
1099049.7302000013	0.4	5.9	1
1099689.5965000014	0.2	2.75	1
1100342.8461000014	0.4	7.3	1
1101009.4790000014	0.4	7.3	1
1101688.0286000015	0.4	6.5	1
1102371.6199000014	0.2	2.75	1
1102968.9612000014	0.4	7.5	1
1103578.5858000014	0.4	6.7	1
1104197.1937000013	0.2	4.9	1
1104829.1849000014	0.4	7.3	1
1105473.0928000014	0.4	6.5	1
1106130.3840000015	0.4	7.3	1
1106801.0585000014	0.4	7.3	1
1107484.0163000014	0.4	6.7	1
1108180.3574000015	0.4	7.3	1
1108888.9818000016	0.4	6.7	1
1109608.4229000015	0.4	5.9	1
1110336.8473000014	0.2	4.9	1
1111076.4550000015	0.4	6.1	1
1111827.2460000014	0.4	6.1	1
1112591.7870000014	0.4	7.5	1
1113370.4447000015	0.4	7.7	1
1114154.1441000015	0.2	2.75	1
1114950.8602000016	0.4	7.1	1
1115759.1263000015	0.4	6.3	1
1116578.5757000016	0.4	6.1	1
1117406.2751000016	0.2	4.5	1
1118246.9912000017	0.4	7.1	1
1119001.8240000017	0.4	7.7	1
1119766.0068000017	0.2	5.1	1
1120441.0063000016	0.4	5.9	1
1121129.0225000016	0.4	7.1	1
1121826.0220000015	0.2	4.9	1
1122531.2715000014	0.2	4.5	1
1123248.8043000014	0.4	6.7	1
1123980.4538000014	0.4	7.7	1
1124725.8533000015	0.4	7.5	1
1125481.3361000016	0.2	5.5	1
1126251.3022000017	0.4	7.9	1
1127035.3850000016	0.4	7.7	1
1127832.8511000017	0.4	7.3	1
1128635.3589000017	0.2	2.75	1
1129446.1167000018	0.2	4.5	1
1130269.1578000018	0.4	6.7	1
1131103.7489000019	0.4	6.3	1
1131953.556700002	0.4	8.3	1
1132816.7478000019	0.4	7.3	1
1133690.0222000019	0.2	5.5	1
1134571.5466000019	0.2	4.5	1
1135467.921000002	0.4	8.1	1
1136367.045400002	0.2	1.5	1
1137268.9198000021	0.2	1.5	1
1138173.5442000022	0.2	1.5	1
1139089.3519000022	0.4	6.1	1
1140017.0763000022	0.4	6.5	1
1140958.9174000022	0.4	7.7	1
1141908.0918000021	0.2	4.0	1
1142864.599500002	0.2	4.0	1
1143834.123900002	0.4	7.1	1
1144808.690000002	0.2	2.75	1
1145788.2978000022	0.2	2.75	1
1146776.5223000022	0.2	4.7	1
1147774.8301000022	0.2	5.5	1
1148782.8546000023	0.2	5.3	1
1149804.2624000022	0.4	7.3	1
1150840.5202000022	0.4	8.1	1
1151881.8197000022	0.2	2.75	1
1152933.2025000022	0.2	5.5	1
1153995.7686000022	0.4	6.1	1
1155067.6847000022	0.2	5.1	1
1156154.8175000022	0.4	8.3	1
1157252.7670000023	0.4	5.9	1
1158359.3332000023	0.2	4.7	1
1159480.0161000022	0.4	7.7	1
1160610.0490000022	0.2	5.1	1
1161755.2986000022	0.4	8.3	1
1162911.731500002	0.4	6.1	1
1164070.914400002	0.2	1.5	1
1165240.180600002	0.2	5.5	1
1166423.563500002	0.4	7.7	1
1167609.696400002	0.2	1.5	1
1168807.012600002	0.4	6.1	1
1170009.370500002	0.2	2.75	1
1171222.545100002	0.4	5.9	1
1172445.436400002	0.2	5.3	1
1173681.711000002	0.4	7.3	1
1174933.202300002	0.4	8.3	1
1176199.543600002	0.4	8.1	1
1177476.7016000021	0.4	5.9	1
1178768.709600002	0.4	8.1	1
1180072.6343000021	0.4	6.5	1
1181389.942300002	0.4	7.3	1
1182721.733600002	0.4	7.9	1
1184062.141600002	0.2	4.7	1
1185412.266300002	0.2	5.3	1
1186776.1410000022	0.4	7.5	1
1188153.399000002	0.4	7.3	1
1189544.040300002	0.4	7.3	1
1190949.898300002	0.4	8.3	1
1192365.8396000022	0.2	5.5	1
1193694.7976000023	0.4	7.1	1
1195037.1389000022	0.4	7.3	1
1196389.1969000022	0.2	5.3	1
1197754.2716000022	0.4	7.1	1
1199131.6296000022	0.4	6.7	1
1200522.3709000023	0.4	7.3	1
1201927.2289000023	0.4	7.7	1
1203339.4202000024	0.2	4.0	1
1204766.4615000023	0.4	8.1	1
1206207.2528000022	0.4	7.5	1
1207662.8941000022	0.4	8.1	1
1209130.8187000023	0.4	6.7	1
1210601.4933000023	0.2	1.5	1
1211985.9179000023	0.4	7.5	1
1213380.4258000024	0.2	5.5	1
1214789.0504000024	0.4	7.7	1
1216117.2917000025	0.6	10.7	1
1217461.8497000025	0.4	8.9	1
1218819.7910000025	0.4	7.3	1
1220080.4823000026	0.2	1.5	1
1221349.4236000027	0.2	4.5	1
1222526.6149000027	0.2	4.5	1
1223708.8479000027	0.2	2.75	1
1224901.8976000028	0.4	5.9	1
1226097.697300003	0.2	1.5	1
1227209.8137000029	0.4	8.9	1
1228338.2468000029	0.4	8.9	1
1229469.429900003	0.2	1.5	1
1230619.863000003	0.6	10.5	1
1231779.6461000028	0.2	5.1	1
1232954.645900003	0.4	8.3	1
1234136.9790000028	0.2	4.0	1
1235226.6454000028	0.2	4.0	1
1236327.8618000029	0.4	6.3	1
1237442.094900003	0.4	7.1	1
1238564.578000003	0.2	4.5	1
1239697.144400003	0.2	5.5	1
1240839.060800003	0.2	5.1	1
1241991.060500003	0.2	5.5	1
1243145.810200003	0.2	1.5	1
1244312.843200003	0.4	6.7	1
1245493.259500003	0.4	7.3	1
1246681.009100003	0.2	4.0	1
1247877.7420000029	0.2	4.9	1
1249087.4916000029	0.4	7.1	1
1250309.1579000028	0.4	6.5	1
1251540.1742000028	0.2	5.1	1
1252773.9405000028	0.2	1.5	1
1254015.040100003	0.2	4.0	1
1255267.6897000028	0.4	6.3	1
1256527.6726000027	0.2	4.0	1
1257797.7388000027	0.2	5.5	1
1259080.0883000027	0.4	6.7	1
1260373.9878000028	0.4	6.3	1
1261577.6040000028	0.2	5.3	1
1262789.470200003	0.2	4.5	1
1264004.086400003	0.2	1.5	1
1265226.952600003	0.2	4.5	1
1266460.635500003	0.4	5.9	1
1267704.0351000028	0.2	5.3	1
1268959.7180000027	0.4	6.7	1
1270225.1176000026	0.2	5.3	1
1271497.8505000025	0.2	4.0	1
1272780.3001000024	0.2	5.3	1
1274074.2997000024	0.4	6.3	1
1275378.3826000025	0.2	5.5	1
1276695.8488000024	0.4	7.3	1
1278024.4983000024	0.4	6.1	1
1279362.8645000025	0.2	5.3	1
1280706.2724000025	0.2	2.75	1
1282061.9636000025	0.4	6.7	1
1283431.0381000026	0.4	7.3	1
1284813.1293000025	0.4	7.1	1
1286208.6038000025	0.4	7.3	1
1287612.3283000025	0.2	4.5	1
1289029.0695000025	0.4	7.1	1
1290458.0940000026	0.4	6.7	1
1291899.0352000026	0.4	6.5	1
1293350.7931000027	0.4	5.9	1
1294815.5677000026	0.4	7.1	1
1296294.0923000025	0.4	7.5	1
1297780.8669000024	0.2	4.5	1
1299175.8915000022	0.2	4.5	1
1300575.9578000023	0.2	2.75	1
1301881.0658000023	0.2	2.75	1
1303196.9905000024	0.4	5.9	1
1304521.5319000024	0.2	4.7	1
1305856.1566000024	0.2	5.5	1
1307200.1313000023	0.2	5.1	1
1308549.1477000024	0.2	2.75	1
1309908.2474000023	0.2	5.5	1
1311278.1638000023	0.4	5.9	1
1312658.1635000024	0.2	5.5	1
1314046.7799000023	0.2	4.7	1
1315438.1463000022	0.2	1.5	1
1316837.7627000022	0.2	4.5	1
1318245.629100002	0.2	4.5	1
1319663.578800002	0.2	5.5	1
1321092.3452000022	0.4	5.9	1
1322426.1533000022	0.2	2.75	1
1323762.7114000022	0.2	1.5	1
1325104.3112000022	0.2	2.75	1
1326448.6610000022	0.2	1.5	1
1327798.052500002	0.2	2.75	1
1329052.4857000022	0.2	2.75	1
1329315.1689000023	0.2	4.5	1
1329594.1688000022	0.4	8.9	1
1329892.0520000022	0.6	10.3	1
1330194.9769000022	0.2	2.75	1
1330518.6185000022	0.6	11.3	1
