249.9	0.6	11.9	1
653.1	0.4	7.3	1
1087.8	0.2	1.5	1
1592.6	0.4	8.1	1
2226.3	0.6	10.9	1
3046.9	0.4	8.9	1
4151.0	0.6	13.5	1
5408.4	0.4	7.3	1
6693.9	0.4	6.1	1
8049.5	0.4	8.1	1
9534.0	0.6	10.9	1
11333.5	0.8	15.0	1
13378.7	0.6	11.7	1
15577.2	0.4	7.3	1
17912.2	0.4	6.5	1
20387.9	0.4	6.7	1
23033.7	0.4	8.1	1
25690.800000000003	0.2	5.3	1
28418.800000000003	0.6	12.9	1
31371.500000000004	0.6	10.7	1
34448.100000000006	0.4	5.9	1
38920.950000000004	1.0	71.25	1
43451.55	0.2	2.75	1
48093.450000000004	0.2	5.3	1
53444.100000000006	0.8	33.75	1
59065.65000000001	0.6	12.9	1
64945.50000000001	0.6	12.3	1
70957.65000000001	0.4	6.3	1
77128.1	0.6	12.3	1
83531.65000000001	0.6	11.1	1
90206.1	0.6	12.9	1
96879.25	0.2	4.7	1
103655.3	0.2	4.9	1
110542.65000000001	0.2	5.3	1
117692.50000000001	0.6	12.5	1
125013.25000000001	0.6	12.9	1
132617.5	0.6	13.5	1
140224.65	0.2	4.9	1
148069.1	0.6	11.3	1
156129.85	0.6	10.3	1
164360.7	0.4	8.1	1
172807.85	0.6	10.3	1
181412.5	0.4	7.5	1
190048.65	0.2	1.5	1
198788.5	0.4	9.7	1
207622.85	0.2	4.5	1
216665.1	0.4	9.9	1
225877.45	0.4	8.1	1
235226.30000000002	0.4	6.5	1
244812.45	0.6	11.3	1
254652.7	0.6	12.1	1
264604.25	0.2	5.3	1
274709.1	0.4	7.3	1
284984.05	0.4	8.1	1
295387.1	0.4	6.1	1
305874.14999999997	0.2	4.0	1
316292.69999999995	0.2	1.5	1
326622.54999999993	0.2	5.3	1
337105.69999999995	0.4	7.3	1
347805.14999999997	0.6	10.3	1
358720.89999999997	0.6	10.3	1
369857.14999999997	0.6	10.5	1
381239.1	0.6	11.7	1
392820.55	0.4	9.5	1
405010.75	0.8	33.75	1
417367.65	0.6	12.7	1
429940.85000000003	0.6	10.3	1
442608.55000000005	0.2	4.5	1
455517.75000000006	0.6	11.5	1
468672.6500000001	0.6	11.7	1
481938.8500000001	0.2	5.3	1
495379.3500000001	0.4	8.3	1
509040.3500000001	0.6	10.5	1
522809.2500000001	0.4	9.9	1
536702.0500000002	0.4	5.9	1
550593.5500000002	0.2	4.7	1
564709.7500000001	0.6	10.7	1
578938.0500000002	0.6	10.1	1
593336.4500000002	0.4	8.1	1
607867.1500000001	0.4	6.3	1
622472.1500000001	0.4	8.3	1
637310.2500000001	0.6	11.1	1
652206.6500000001	0.6	12.3	1
667319.3500000001	0.6	10.3	1
682497.9500000001	0.4	7.9	1
697825.65	0.4	7.1	1
713357.05	0.4	9.7	1
729045.9500000001	0.4	7.5	1
744938.55	0.4	9.7	1
760972.65	0.6	11.5	1
777515.5	0.8	33.75	1
794053.65	0.4	9.3	1
810757.7000000001	0.4	7.9	1
827445.7500000001	0.2	4.0	1
844316.5000000001	0.4	8.7	1
861236.3500000001	0.4	7.1	1
878368.3	0.6	10.1	1
895754.3500000001	0.6	12.1	1
913423.9000000001	0.6	13.5	1
931271.9500000002	0.4	8.5	1
949227.1000000002	0.2	5.1	1
967332.1500000003	0.6	11.9	1
985666.1000000002	0.6	10.9	1
1004136.5500000002	0.4	6.5	1
1022790.5000000001	0.6	13.5	1
1041669.1500000001	0.6	10.7	1
1060734.7000000002	0.4	8.9	1
1080083.7500000002	0.6	13.5	1
1099644.9000000001	0.6	10.1	1
1119330.7500000002	0.6	10.7	1
1139157.3000000003	0.4	6.7	1
1158878.3500000003	0.2	4.5	1
1178640.9000000004	0.6	11.5	1
1198686.9500000004	0.6	13.5	1
1218940.9000000004	0.4	9.9	1
1239285.9500000004	0.4	9.1	1
1259730.5000000005	0.4	9.5	1
1280403.9500000004	0.6	10.9	1
1301248.3000000005	0.6	12.9	1
1322224.9500000004	0.4	6.3	1
1343367.5000000005	0.4	7.9	1
1364394.0500000005	0.2	4.0	1
1385573.9000000006	0.4	7.3	1
1406940.6500000006	0.4	8.9	1
1428548.9000000006	0.6	11.5	1
1450188.6500000006	0.2	1.5	1
1471932.1000000006	0.4	9.7	1
1493829.6500000006	0.6	12.1	1
1515560.3000000005	0.6	11.1	1
1537507.2500000005	0.6	10.3	1
1559561.3000000005	0.2	5.1	1
1581668.6500000006	0.4	7.3	1
1604091.0000000007	0.8	15.0	1
1626608.6500000006	0.4	9.3	1
1649146.8000000005	0.6	10.5	1
1671888.6500000006	0.4	9.7	1
1694667.8000000005	0.6	11.3	1
1717642.2500000005	0.4	9.3	1
1740795.2000000004	0.4	8.5	1
1764063.6500000004	0.2	5.5	1
1788628.3500000003	1.0	71.25	1
1813284.1500000004	0.4	9.1	1
1838042.8500000003	0.2	4.9	1
1862933.8500000003	0.4	6.3	1
1888139.8500000003	0.8	15.0	1
1913386.5500000003	0.4	6.7	1
1938815.9500000002	0.4	8.7	1
1964465.85	0.6	10.5	1
1990282.4500000002	0.6	12.7	1
2016227.1500000001	0.4	6.1	1
2042287.35	0.2	5.5	1
2068563.85	0.6	10.3	1
2094797.85	0.4	7.5	1
2121281.75	0.6	11.9	1
2147911.35	0.6	11.7	1
2174665.65	0.6	10.7	1
2201477.6999999997	0.2	2.75	1
2228373.7499999995	0.2	4.0	1
2255540.6999999997	0.6	12.9	1
2282810.55	0.2	4.9	1
2310233.6999999997	0.4	7.3	1
2337843.7499999995	0.4	8.9	1
2365565.0999999996	0.2	5.3	1
2393348.1499999994	0.4	7.7	1
2421297.0999999996	0.4	7.9	1
2449954.8	0.8	33.75	1
2478745.5999999996	0.6	11.1	1
2507669.4999999995	0.6	11.1	1
2536734.0999999996	0.4	6.7	1
2566019.1999999997	0.6	10.5	1
2595587.8	0.6	13.5	1
2625188.6999999997	0.4	6.3	1
2654892.4999999995	0.2	4.9	1
2684729.3999999994	0.6	11.1	1
2714669.1999999993	0.2	4.9	1
2744616.099999999	0.2	5.1	1
2774766.6999999993	0.4	9.7	1
2805129.3999999994	0.6	10.1	1
2835549.8499999996	0.2	2.75	1
2866085.8	0.2	5.5	1
2896720.4499999997	0.2	4.7	1
2927670.0999999996	0.8	15.0	1
2958652.8499999996	0.6	11.1	1
2989763.6999999997	0.4	6.1	1
3021061.4499999997	0.4	8.9	1
3054249.1999999997	1.0	90.0	1
3087548.2499999995	0.2	5.3	1
3121088.7999999993	0.6	11.5	1
3154812.0499999993	0.4	8.7	1
3189831.5499999993	1.0	71.25	1
3224912.7499999995	0.4	7.7	1
3260243.8499999996	0.6	11.9	1
3295599.6499999994	0.6	10.7	1
3330886.9499999993	0.2	1.5	1
3366373.749999999	0.4	9.5	1
3401993.649999999	0.6	11.1	1
3437775.249999999	0.4	7.7	1
3473710.149999999	0.4	7.3	1
3509815.149999999	0.4	8.1	1
3546103.649999999	0.6	13.5	1
3582200.049999999	0.4	9.9	1
3618466.549999999	0.4	8.1	1
3656229.299999999	1.0	71.25	1
3694191.549999999	0.4	9.5	1
3732211.549999999	0.2	2.75	1
3770410.049999999	0.4	8.5	1
3808854.249999999	0.6	11.7	1
3847560.9499999993	0.6	12.5	1
3886429.349999999	0.4	7.7	1
3926300.249999999	1.0	52.5	1
3968061.149999999	1.0	90.0	1
4010050.949999999	0.6	10.9	1
4052123.449999999	0.4	8.7	1
4094328.2499999986	0.4	6.3	1
4136778.7499999986	0.6	11.7	1
4179437.1499999985	0.4	9.9	1
4223198.049999999	1.0	52.5	1
4267070.249999999	0.2	5.3	1
4311175.549999999	0.6	11.1	1
4355429.949999999	0.4	7.1	1
4399900.649999999	0.6	10.3	1
4444454.85	0.6	13.5	1
4489107.75	0.2	4.7	1
4535156.9	1.0	71.25	1
4581090.050000001	0.2	4.0	1
4627243.700000001	0.6	10.5	1
4674106.1000000015	0.8	33.75	1
4721114.200000001	0.6	11.7	1
4768258.800000001	0.4	6.5	1
4815531.500000001	0.4	6.1	1
4864200.450000001	1.0	71.25	1
4913031.1000000015	0.4	7.7	1
4962270.500000002	0.8	33.75	1
5011759.800000002	0.6	11.9	1
5061511.6000000015	0.6	12.5	1
5111525.900000001	0.6	12.5	1
5161647.300000002	0.2	5.1	1
5211775.800000002	0.2	5.1	1
5262003.800000002	0.4	9.5	1
5312327.1000000015	0.4	9.3	1
5362837.300000002	0.4	8.9	1
5413488.200000002	0.4	6.7	1
5464347.000000002	0.4	9.9	1
5515359.900000002	0.6	12.1	1
5566439.500000002	0.6	12.7	1
5617760.6000000015	0.6	11.5	1
5669289.6000000015	0.4	9.9	1
5722608.6000000015	1.0	90.0	1
5776190.1000000015	0.6	12.5	1
5829929.1000000015	0.4	7.5	1
5884670.6000000015	1.0	52.5	1
5939615.800000002	0.4	9.7	1
5994827.700000002	0.6	12.7	1
6050255.900000002	0.6	10.3	1
6105741.850000002	0.2	2.75	1
6161368.500000003	0.4	6.7	1
6216952.650000003	0.4	7.5	1
6272569.100000003	0.4	6.3	1
6328334.650000003	0.4	7.1	1
6384261.900000003	0.4	7.7	1
6441291.650000003	1.0	52.5	1
6498504.100000003	0.4	8.7	1
6555979.050000004	0.6	12.5	1
6613416.500000004	0.6	12.5	1
6671053.450000004	0.4	9.5	1
6728910.900000004	0.6	10.5	1
6786983.350000004	0.8	15.0	1
6845142.700000004	0.4	8.9	1
6903400.750000004	0.2	4.7	1
6961896.100000003	0.6	11.3	1
7021887.700000003	1.0	71.25	1
7083275.550000003	1.0	71.25	1
7144812.500000003	0.4	7.1	1
7206415.350000002	0.4	7.9	1
7268163.900000002	0.6	11.7	1
7331802.450000002	1.0	90.0	1
7395615.300000002	0.4	8.3	1
7459743.150000001	0.8	15.0	1
7523694.900000001	0.4	5.9	1
7587241.150000001	0.2	4.5	1
7650890.300000002	0.2	4.9	1
7714854.450000002	0.8	15.0	1
7778992.900000002	0.4	8.3	1
7843335.050000003	0.4	9.7	1
7907708.700000003	0.2	1.5	1
7973578.600000003	1.0	71.25	1
8039732.000000004	0.6	13.5	1
8106068.100000003	0.4	8.7	1
8172619.200000003	0.8	15.0	1
8239311.800000003	0.6	11.5	1
8306170.300000003	0.4	7.9	1
8373194.700000003	0.4	7.9	1
8440485.800000003	0.6	12.7	1
8507875.600000003	0.2	4.7	1
8575490.100000003	0.6	10.7	1
8643220.900000004	0.6	10.3	1
8711168.000000004	0.6	10.3	1
8779281.000000004	0.4	7.9	1
8847576.700000003	0.4	8.7	1
8915956.400000002	0.2	4.0	1
8983864.200000003	0.4	6.1	1
9051984.100000003	0.6	10.1	1
9120358.100000003	0.6	12.1	1
9188923.200000003	0.4	9.1	1
9257591.200000003	0.2	4.9	1
9326441.900000002	0.4	8.7	1
9395416.500000002	0.4	5.9	1
9464603.200000001	0.6	10.1	1
9534052.4	0.6	12.5	1
9603433.9	0.4	6.3	1
9672956.1	0.4	6.7	1
9742509.799999999	0.2	1.5	1
9812296.6	0.6	11.1	1
9881982.9	0.4	9.5	1
9951906.5	0.6	11.3	1
10021987.6	0.4	7.5	1
10092477.45	0.8	33.75	1
10164457.299999999	1.0	90.0	1
10236661.85	0.6	10.7	1
10309128.9	0.6	12.5	1
10382698.450000001	1.0	52.5	1
10456467.500000002	0.4	9.5	1
10530394.850000001	0.6	12.3	1
10604433.500000002	0.2	5.3	1
10678575.050000003	0.2	4.9	1
10752911.900000002	0.4	9.3	1
10827456.650000002	0.4	9.9	1
10902059.150000002	0.2	2.75	1
10976719.400000002	0.2	2.75	1
11051403.550000003	0.4	5.9	1
11126194.800000003	0.2	5.1	1
11200870.050000003	0.2	4.0	1
11275728.800000003	0.6	13.5	1
11350778.650000002	0.4	9.1	1
11425744.800000003	0.6	10.3	1
11502600.950000003	1.0	90.0	1
11579631.400000002	0.4	8.3	1
11656798.350000001	0.4	6.5	1
11734072.400000002	0.2	5.1	1
11811561.450000003	0.8	15.0	1
11889283.600000003	0.6	11.1	1
11967222.050000003	0.6	10.3	1
12045276.800000003	0.6	10.3	1
12123594.050000003	0.6	12.5	1
12202136.000000002	0.6	10.7	1
12280785.050000003	0.2	5.1	1
12359495.800000003	0.4	7.7	1
12438439.650000002	0.6	11.1	1
12517341.000000002	0.4	7.5	1
12596057.350000001	0.8	15.0	1
12674923.600000001	0.6	11.9	1
12753926.350000001	0.4	6.5	1
12833012.600000001	0.6	13.5	1
12912382.350000001	0.6	13.5	1
12991850.8	0.2	4.7	1
13071455.75	0.4	6.5	1
13151272.8	0.6	10.1	1
13231135.55	0.6	11.7	1
13312294.55	1.0	71.25	1
13394556.05	1.0	52.5	1
13477000.25	0.4	8.7	1
13559685.95	0.6	11.5	1
13642266.95	0.4	9.3	1
13725068.45	0.6	10.5	1
13807998.049999999	0.4	6.1	1
13891152.35	0.6	10.7	1
13974468.35	0.4	7.7	1
14057799.85	0.2	5.5	1
14141368.65	0.6	11.3	1
14224848.75	0.2	5.3	1
14308477.95	0.4	7.1	1
14392118.45	0.2	5.3	1
14475887.049999999	0.4	6.1	1
14559704.749999998	0.4	7.1	1
14643646.349999998	0.4	5.9	1
14728590.449999997	1.0	52.5	1
14813650.049999997	0.2	5.5	1
14898875.549999997	0.4	7.9	1
14984416.049999997	0.8	15.0	1
15070055.249999996	0.2	4.7	1
15155722.549999997	0.4	6.1	1
15241473.849999998	0.2	4.0	1
15327378.449999997	0.4	7.3	1
15413566.549999997	0.6	13.5	1
15499786.149999997	0.2	1.5	1
15586164.049999997	0.6	12.3	1
15672825.449999997	0.6	13.5	1
15759745.149999997	0.6	12.3	1
15846785.349999996	0.6	10.5	1
15934041.849999996	0.6	10.3	1
16021548.249999996	0.6	11.9	1
16109203.749999996	0.4	7.1	1
16197020.949999996	0.4	7.7	1
16284775.449999996	0.6	11.3	1
16372725.249999996	0.4	9.3	1
16460941.749999996	0.6	12.7	1
16549307.349999996	0.4	7.1	1
16637767.449999996	0.2	4.5	1
16726477.449999996	0.6	11.9	1
16815181.949999996	0.2	4.5	1
16904077.549999997	0.4	9.1	1
16993144.049999997	0.6	12.9	1
17083800.549999997	1.0	90.0	1
17174715.349999998	0.6	12.3	1
17265733.849999998	0.4	9.7	1
17356981.249999996	0.6	10.9	1
17448352.549999997	0.4	5.9	1
17539806.549999997	0.4	8.7	1
17631502.049999997	0.6	11.5	1
17723363.449999996	0.4	7.9	1
17815407.549999997	0.4	8.7	1
17907418.349999998	0.6	12.7	1
18000431.65	1.0	52.5	1
18093690.65	0.6	11.7	1
18187082.75	0.6	11.1	1
18280737.35	0.6	12.5	1
18374520.05	0.4	6.1	1
18468544.25	0.6	11.5	1
18562700.75	0.4	6.3	1
18656888.75	0.2	1.5	1
18751109.05	0.4	6.3	1
18847219.35	1.0	90.0	1
18943332.55	0.2	4.9	1
19039678.85	0.6	11.1	1
19136149.05	0.4	5.9	1
19232677.0	0.2	2.75	1
19329100.25	0.4	9.3	1
19425455.8	0.4	6.3	1
19522036.05	0.6	10.7	1
19618710.8	0.2	4.5	1
19715639.650000002	0.6	12.1	1
19812710.000000004	0.6	11.5	1
19909937.850000005	0.4	7.5	1
20007149.700000007	0.2	4.0	1
20104569.450000007	0.4	9.9	1
20202209.700000007	0.6	10.5	1
20299995.650000006	0.6	11.7	1
20397813.100000005	0.2	1.5	1
20495783.850000005	0.4	7.3	1
20594069.600000005	0.8	15.0	1
20691983.450000007	0.4	6.1	1
20789980.000000007	0.4	8.7	1
20888108.85000001	0.4	6.3	1
20986374.20000001	0.4	6.5	1
21084750.85000001	0.2	5.3	1
21183251.40000001	0.4	5.9	1
21282022.85000001	0.6	12.9	1
21380956.000000007	0.4	7.7	1
21479973.150000006	0.2	4.0	1
21579005.800000004	0.2	5.5	1
21677971.550000004	0.6	11.1	1
21777195.600000005	0.6	12.3	1
21876530.950000007	0.2	5.3	1
21976049.000000007	0.4	8.7	1
22075590.950000007	0.4	5.9	1
22175198.80000001	0.4	7.9	1
22274921.65000001	0.8	15.0	1
22374676.00000001	0.2	1.5	1
22474445.850000013	0.2	5.5	1
22574373.200000014	0.4	7.5	1
22674324.450000014	0.4	5.9	1
22774525.600000013	0.6	11.9	1
22874729.650000013	0.2	4.9	1
22974508.000000015	0.4	8.3	1
23074310.250000015	0.4	5.9	1
23174261.600000016	0.4	7.1	1
23274353.650000017	0.4	6.7	1
23374653.600000016	0.4	9.9	1
23474664.850000016	0.2	5.3	1
23574942.800000016	0.6	12.7	1
23675474.850000016	0.6	12.1	1
23776261.000000015	0.6	12.1	1
23877150.050000016	0.2	4.9	1
23978268.000000015	0.6	10.9	1
24079560.250000015	0.4	8.3	1
24181136.000000015	0.6	13.5	1
24282818.850000016	0.2	5.1	1
24384496.200000018	0.2	4.5	1
24486343.650000017	0.4	8.1	1
24588441.00000002	0.6	11.9	1
24690329.450000018	0.4	9.1	1
24792341.80000002	0.4	5.9	1
24894438.15000002	0.2	4.0	1
24996700.40000002	0.4	7.9	1
25099074.750000022	0.6	10.1	1
25201703.20000002	0.6	12.1	1
25304518.550000023	0.4	8.9	1
25407942.650000025	0.8	33.75	1
25511675.500000026	0.8	33.75	1
25615519.650000025	0.2	5.3	1
25719550.700000025	0.4	8.9	1
25823760.250000026	0.4	8.5	1
25927860.900000025	0.4	9.1	1
26032127.450000025	0.4	7.9	1
26136425.500000026	0.2	1.5	1
26240851.650000025	0.4	6.1	1
26345502.500000026	0.6	10.7	1
26450185.650000025	0.4	6.3	1
26554900.300000023	0.2	1.5	1
26659646.45000002	0.2	1.5	1
26764592.10000002	0.4	9.5	1
26869344.85000002	0.2	5.1	1
26974234.10000002	0.4	6.5	1
27079081.10000002	0.2	2.75	1
27184178.00000002	0.6	11.9	1
27289512.200000018	0.6	11.3	1
27395050.100000016	0.4	9.7	1
27502378.000000015	1.0	90.0	1
27609926.400000013	0.6	10.5	1
27717041.500000015	0.6	12.7	1
27824339.300000016	0.4	8.7	1
27931952.100000016	0.8	15.0	1
28039688.800000016	0.4	5.9	1
28148528.000000015	1.0	52.5	1
28257500.300000016	0.6	11.1	1
28366472.100000016	0.4	9.5	1
28475347.600000016	0.4	9.7	1
28584393.200000018	0.4	8.1	1
28693470.30000002	0.2	1.5	1
28802862.40000002	0.8	15.0	1
28913650.750000022	1.0	71.25	1
29024550.40000002	0.2	5.3	1
29135557.15000002	0.2	5.1	1
29246734.000000022	0.4	8.1	1
29358127.15000002	0.6	10.3	1
29469686.20000002	0.4	7.9	1
29581198.550000023	0.4	7.3	1
29694500.900000025	1.0	90.0	1
29807644.750000026	0.6	11.5	1
29920950.300000027	0.4	7.7	1
30034518.350000028	0.6	12.5	1
30148357.300000027	0.6	12.9	1
30262357.950000025	0.4	7.7	1
30376532.900000025	0.4	8.3	1
30490819.150000025	0.2	5.3	1
30605334.300000023	0.6	10.9	1
30719964.45000002	0.8	15.0	1
30834785.70000002	0.4	9.1	1
30949710.65000002	0.4	9.7	1
31064605.70000002	0.4	8.1	1
31179558.500000022	0.2	2.75	1
31294723.40000002	0.6	10.1	1
31409971.000000022	0.4	8.7	1
31525413.90000002	0.4	9.3	1
31641119.30000002	0.6	12.5	1
31757091.40000002	0.6	12.7	1
31873146.20000002	0.4	8.7	1
31989154.300000023	0.4	7.3	1
32105349.300000023	0.4	8.9	1
32221722.800000023	0.4	8.5	1
32338121.000000022	0.6	10.7	1
32454722.90000002	0.4	9.7	1
32571419.30000002	0.2	4.5	1
32688369.80000002	0.6	12.1	1
32805494.60000002	0.4	8.3	1
32922248.30000002	0.6	10.9	1
33039122.50000002	0.6	10.5	1
33156028.200000018	0.2	1.5	1
33273050.200000018	0.6	10.3	1
33390301.100000016	0.6	10.9	1
33507583.500000015	0.2	1.5	1
33624952.80000001	0.4	8.9	1
33742593.000000015	0.6	12.9	1
33860264.70000002	0.2	1.5	1
33978173.70000002	0.6	11.3	1
34095798.20000002	0.2	5.5	1
34213597.000000015	0.4	8.3	1
34331662.500000015	0.6	12.7	1
34451418.000000015	1.0	90.0	1
34571176.40000001	0.2	4.9	1
34691193.10000002	0.6	12.3	1
34811351.30000002	0.6	11.5	1
34931734.20000002	0.6	10.7	1
35052432.10000002	0.8	15.0	1
35173388.30000002	0.6	12.3	1
35294276.80000002	0.4	6.3	1
35417055.30000002	1.0	90.0	1
35540045.90000002	0.6	10.1	1
35663251.50000002	0.8	15.0	1
35786673.40000002	0.6	10.3	1
35910336.80000002	0.6	11.5	1
36034195.50000002	0.4	9.3	1
36158203.30000002	0.4	7.1	1
36282414.80000002	0.4	9.7	1
36407628.80000002	1.0	52.5	1
36534339.05000002	1.0	71.25	1
36661215.20000002	0.4	7.9	1
36787775.35000002	0.2	4.0	1
36914484.60000002	0.4	7.1	1
37041314.35000002	0.6	10.5	1
37168198.20000002	0.6	12.1	1
37295193.35000002	0.2	5.3	1
37422287.20000002	0.2	4.7	1
37549480.55000002	0.4	9.5	1
37676806.20000002	0.4	6.3	1
37804398.55000002	0.6	12.7	1
37932993.40000002	1.0	52.5	1
38061846.55000002	0.6	12.3	1
38190869.80000002	0.4	8.1	1
38320100.95000002	0.4	9.9	1
38449439.20000002	0.2	5.1	1
38578914.750000015	0.6	11.3	1
38708489.000000015	0.2	4.7	1
38838071.15000001	0.4	9.9	1
38967861.20000001	0.4	9.9	1
39097829.75000001	0.4	8.5	1
39227951.60000001	0.4	7.3	1
39358251.95000001	0.4	8.5	1
39488726.60000001	0.4	8.3	1
39619217.55000001	0.6	10.3	1
39749324.000000015	0.2	5.5	1
39880232.95000002	1.0	52.5	1
40011358.20000002	0.6	10.3	1
40142307.35000002	0.4	5.9	1
40273364.40000001	0.4	9.9	1
40404479.20000001	0.2	2.75	1
40535477.50000001	0.6	13.5	1
40666654.300000004	0.4	8.5	1
40798034.800000004	0.4	9.7	1
40929298.800000004	0.6	13.5	1
41060787.50000001	0.6	10.7	1
41191929.50000001	0.4	7.3	1
41323108.800000004	0.6	11.3	1
41454158.2	0.4	8.1	1
41585398.7	0.4	9.1	1
41716813.5	0.4	8.3	1
41850018.3	1.0	90.0	1
41984225.599999994	1.0	52.5	1
42118628.199999996	0.4	9.3	1
42253276.49999999	0.6	11.7	1
42388019.29999999	0.2	4.5	1
42522885.99999999	0.4	5.9	1
42657563.99999999	0.2	5.3	1
42792233.099999994	0.4	9.1	1
42926973.099999994	0.6	12.9	1
43061950.39999999	0.6	11.3	1
43197110.39999999	0.4	8.7	1
43332157.29999999	0.4	8.9	1
43467344.89999999	0.4	6.7	1
43602731.99999999	0.4	9.5	1
43738310.199999996	0.4	9.1	1
43873829.9	0.6	11.5	1
44009444.1	0.2	4.5	1
44145320.800000004	0.6	12.5	1
44281418.00000001	0.6	10.5	1
44417686.10000001	0.6	12.9	1
44554141.10000001	0.4	8.9	1
44690653.60000001	0.4	7.5	1
44827264.80000001	0.2	4.7	1
44964484.750000015	0.8	33.75	1
45101846.20000002	0.6	11.5	1
45239306.35000002	0.2	4.7	1
45376857.60000002	0.4	9.1	1
45513740.35000002	0.2	1.5	1
45650839.40000001	0.6	10.3	1
45788154.750000015	0.6	10.3	1
45925273.000000015	0.2	4.9	1
46062573.95000002	0.4	8.7	1
46200053.40000002	0.4	8.5	1
46337565.95000002	0.6	11.1	1
46475136.250000015	0.2	2.75	1
46612485.05000001	0.4	8.5	1
46750033.35000001	0.4	9.5	1
46887823.150000006	0.6	11.5	1
47027502.95	1.0	90.0	1
47167177.25	0.2	4.5	1
47307046.85	0.4	9.3	1
47447011.75	0.4	9.3	1
47587055.15	0.4	8.5	1
47728988.55	1.0	90.0	1
47871630.699999996	0.8	33.75	1
48014371.55	0.2	4.7	1
48157244.699999996	0.4	6.3	1
48300224.949999996	0.2	5.1	1
48443289.199999996	0.2	4.0	1
48586477.349999994	0.4	5.9	1
48729932.199999996	0.6	12.7	1
48873489.949999996	0.2	4.9	1
49016380.8	0.6	11.1	1
49159329.4	0.2	2.75	1
49304168.0	1.0	90.0	1
49449090.6	0.2	4.0	1
49595509.45	1.0	71.25	1
49741974.0	0.6	11.7	1
