26.2538	0.4	7.5	1
58.8076	0.4	9.3	1
143.86520000000002	0.8	15.0	1
261.994	0.8	33.75	1
301.4766	0.4	6.1	1
372.813	0.4	9.1	1
491.40319999999997	0.6	13.5	1
640.4472	0.4	8.7	1
799.12	0.2	2.75	1
893.1466	0.6	10.1	1
1015.527	0.4	8.1	1
1070.4612	0.4	9.3	1
1150.2492	0.4	7.1	1
1268.891	0.6	11.1	1
1415.1866	0.4	7.9	1
1603.836	0.6	12.1	1
1815.9392	0.4	6.7	1
1947.2962	0.2	5.5	1
2095.107	0.2	4.7	1
2160.0715999999998	0.2	4.9	1
2475.0753999999997	1.0	90.0	1
2720.533	0.4	8.7	1
2885.2444	0.2	5.5	1
3067.8096	0.2	5.1	1
3294.1286	0.6	12.5	1
3454.4014	0.4	9.7	1
3559.828	0.6	12.9	1
3674.8834	0.2	2.75	1
3824.5926	0.4	9.9	1
3899.8556	0.4	7.3	1
3984.7473999999997	0.2	2.75	1
3994.3761999999997	0.2	2.75	1
4024.6587999999997	0.4	5.9	1
4078.3951999999995	0.4	6.7	1
4159.0854	0.4	7.7	1
4474.0892	1.0	90.0	1
4836.3468	0.6	13.5	1
5024.858200000001	0.4	7.5	1
5249.423400000001	0.6	10.3	1
5657.742400000001	1.0	52.5	1
6097.215200000001	0.4	8.9	1
6577.6418	0.6	11.7	1
6995.5222	0.6	10.7	1
7452.2564	0.6	11.1	1
7850.6444	0.6	11.9	1
8285.7862	0.6	10.5	1
8755.5818	0.4	9.9	1
9247.431199999999	0.4	6.3	1
9662.034399999999	0.4	6.5	1
10081.891399999999	0.2	1.5	1
10415.752199999999	0.2	4.0	1
10780.066799999999	0.4	8.7	1
11069.2352	0.4	7.1	1
11542.1574	1.0	52.5	1
12164.4584	1.0	71.25	1
12827.0132	0.6	11.5	1
13327.021799999999	0.6	10.7	1
13867.284199999998	0.6	11.5	1
14525.675399999998	0.8	33.75	1
15115.920399999999	0.4	9.1	1
15749.2192	0.6	12.3	1
16415.7718	0.4	9.5	1
17101.5782	0.2	5.5	1
17305.2384	0.2	5.1	1
17542.8524	0.4	9.7	1
17799.7202	0.2	5.5	1
17977.2418	0.4	5.9	1
18184.5172	0.4	8.5	1
18409.646399999998	0.2	5.1	1
18818.5294	1.0	52.5	1
19164.8662	0.6	10.7	1
19547.2568	0.6	10.3	1
19958.7012	0.4	8.3	1
20414.5994	0.6	12.7	1
20895.3514	0.4	7.1	1
21319.157199999998	0.6	12.3	1
21785.316799999997	0.6	12.1	1
22170.030199999997	0.2	5.3	1
22607.247399999997	0.8	15.0	1
23054.093399999998	0.2	2.75	1
23518.0932	0.2	4.9	1
23924.446799999998	0.6	12.1	1
24347.2542	0.2	4.7	1
24596.3154	0.4	7.5	1
24678.6304	0.4	9.5	1
24766.1992	0.2	1.5	1
24863.3968	0.2	2.75	1
24984.048199999997	0.4	6.7	1
25140.053399999997	0.6	10.1	1
25210.062399999995	0.2	4.0	1
25328.191199999994	0.8	33.75	1
25467.673799999993	0.4	6.1	1
25645.310199999993	0.6	10.9	1
25839.40039999999	0.2	4.7	1
26061.84439999999	0.4	8.1	1
26200.042199999993	0.2	4.5	1
26354.693799999994	0.2	4.7	1
26438.399199999993	0.4	8.3	1
26542.75839999999	0.4	5.9	1
26561.121399999993	0.2	4.0	1
26602.238199999993	0.4	6.5	1
26671.708799999993	0.4	8.1	1
26779.333199999994	0.6	10.9	1
26909.011399999992	0.4	6.3	1
27064.243399999992	0.4	7.3	1
27261.129199999992	0.6	11.9	1
27463.26879999999	0.2	1.5	1
27695.16219999999	0.4	8.5	1
27957.50939999999	0.4	8.7	1
28165.010399999992	0.6	12.9	1
28400.865199999993	0.4	8.1	1
28474.873799999994	0.6	10.9	1
28562.886199999994	0.2	4.0	1
28668.052399999993	0.2	4.9	1
28712.072399999994	0.6	11.1	1
28792.146199999992	0.6	10.3	1
28827.499999999993	0.6	10.1	1
28861.453799999992	0.4	9.7	1
29210.411399999994	1.0	90.0	1
29588.422799999993	0.4	8.3	1
29984.987999999994	0.2	5.3	1
30409.906999999996	0.4	8.1	1
30775.079799999996	0.6	11.5	1
31065.806399999998	0.4	7.3	1
31605.911799999998	1.0	71.25	1
31951.270999999997	0.2	1.5	1
32221.483999999997	0.4	7.1	1
32436.150799999996	0.6	12.7	1
32673.571399999997	0.4	6.5	1
32928.1458	0.2	4.9	1
33211.074	0.4	8.1	1
33346.506	0.8	15.0	1
33418.6918	0.6	10.5	1
33543.3814	0.8	15.0	1
33573.324799999995	0.2	1.5	1
33625.32199999999	0.4	6.3	1
33721.772999999994	0.6	12.7	1
33859.17779999999	0.6	11.7	1
34041.03639999999	0.6	12.7	1
34472.27379999999	1.0	71.25	1
34838.164999999986	0.4	9.9	1
35226.80999999998	0.4	6.5	1
35647.308799999984	0.4	9.1	1
36251.561399999984	1.0	52.5	1
36791.867799999985	0.6	10.3	1
37346.177999999985	0.2	4.0	1
37610.116999999984	0.2	2.75	1
37896.109799999984	0.4	6.3	1
38208.35639999998	0.4	7.5	1
38550.35679999998	0.4	8.5	1
38936.81099999998	0.6	12.7	1
39257.91899999998	0.4	9.9	1
39617.18079999998	0.6	10.9	1
40009.69639999998	0.4	9.5	1
40428.465799999976	0.4	7.5	1
40888.888999999974	0.6	11.9	1
41598.69099999998	1.0	71.25	1
42260.99679999998	0.8	15.0	1
42970.55639999998	0.6	13.5	1
43606.36979999998	0.4	7.5	1
44271.23699999998	0.4	8.3	1
44951.85799999998	0.2	4.5	1
45565.732799999976	0.4	9.5	1
46195.36139999998	0.2	4.5	1
46768.74379999998	0.6	12.5	1
47368.37999999998	0.4	7.5	1
47901.96999999998	0.4	9.7	1
48468.81379999998	0.4	9.5	1
49065.41139999998	0.4	8.5	1
49695.26279999998	0.4	9.5	1
50253.46799999998	0.4	8.1	1
50840.72699999998	0.4	8.3	1
51366.139799999975	0.6	10.9	1
51901.18139999997	0.2	2.75	1
52377.87679999997	0.6	11.9	1
52789.225999999966	0.4	9.9	1
53117.028999999966	0.2	4.7	1
53168.28579999997	0.4	6.7	1
53252.79639999997	0.4	9.5	1
53369.86079999997	0.4	9.3	1
53410.37899999997	0.4	6.7	1
53475.750999999975	0.4	7.1	1
53577.876799999976	0.6	10.5	1
53707.65639999998	0.4	7.9	1
54021.18979999998	1.0	52.5	1
54360.97699999998	0.4	7.5	1
54620.017999999975	0.2	5.5	1
54813.71279999997	0.4	9.9	1
54842.76659999997	0.4	8.3	1
54888.974199999975	0.2	4.9	1
54964.935599999975	0.4	8.5	1
55046.150799999974	0.2	1.5	1
55152.919799999974	0.4	7.3	1
55509.06759999997	1.0	71.25	1
55805.46919999997	0.6	11.5	1
56011.499599999974	0.2	2.75	1
56254.98379999997	0.6	10.7	1
56538.02179999997	0.6	11.3	1
56860.613599999975	0.6	11.3	1
57224.15919999997	0.6	11.7	1
57626.558599999975	0.6	11.1	1
57960.811799999974	0.4	9.1	1
58217.81879999997	0.4	6.5	1
58380.07959999997	0.2	1.5	1
58570.69419999997	0.4	8.1	1
58599.047999999966	0.4	8.1	1
58659.955599999965	0.4	9.3	1
58761.816999999966	0.6	11.7	1
58810.93219999997	0.6	13.5	1
58876.50119999997	0.2	4.7	1
58980.22399999997	0.6	10.9	1
59121.40059999997	0.6	10.7	1
59207.03099999997	0.6	12.7	1
59310.51519999997	0.2	5.1	1
59338.16899999997	0.4	7.9	1
59407.47659999997	0.6	11.9	1
59517.03799999997	0.6	11.5	1
59654.25319999997	0.4	7.9	1
59809.32219999997	0.2	5.1	1
60006.04499999998	0.6	11.9	1
60229.02159999998	0.4	7.5	1
60601.37699999998	1.0	71.25	1
60800.68619999998	0.4	7.7	1
61047.249199999984	0.6	13.5	1
61335.465999999986	0.6	11.9	1
61639.436599999986	0.2	4.5	1
62192.785999999986	1.0	71.25	1
62776.58919999999	0.4	8.7	1
63286.64619999999	0.4	7.5	1
63836.95699999999	0.6	11.5	1
64208.621599999984	0.4	6.1	1
64895.289999999986	1.0	90.0	1
65600.08719999998	0.8	33.75	1
66346.53819999998	0.6	11.9	1
67120.64299999998	0.4	7.9	1
67923.10159999998	0.4	8.1	1
68763.71399999998	0.6	10.9	1
69631.98019999998	0.4	7.9	1
70539.80019999998	0.6	11.3	1
71696.99899999998	1.0	71.25	1
72876.25159999999	0.4	6.3	1
74083.858	0.4	8.1	1
75233.1182	0.6	11.9	1
76403.0322	0.4	5.9	1
77611.8	0.6	11.1	1
78767.8216	0.6	13.5	1
79829.097	0.2	1.5	1
80833.42619999999	0.6	12.3	1
81858.4092	0.4	5.9	1
82915.246	0.4	9.1	1
83994.1366	0.4	6.3	1
85078.281	0.2	1.5	1
86280.5542	0.8	33.75	1
87512.5812	0.4	8.5	1
88761.762	0.2	4.9	1
89934.39660000001	0.4	6.7	1
90929.785	0.4	6.5	1
91950.0272	0.4	7.1	1
92897.92319999999	0.4	7.9	1
93872.77299999999	0.4	7.7	1
94874.57659999999	0.4	7.7	1
96091.38399999999	1.0	90.0	1
97491.94519999999	1.0	52.5	1
98931.36019999998	0.6	11.1	1
100291.42899999997	0.4	5.9	1
101684.05159999998	0.4	9.3	1
102916.22799999997	0.6	11.3	1
104193.55819999997	0.6	12.9	1
105494.34219999997	0.4	6.7	1
106822.07999999997	0.4	7.7	1
107878.17159999997	0.4	8.1	1
108963.31699999997	0.4	8.3	1
110232.21619999997	1.0	52.5	1
111148.36919999997	0.6	13.5	1
112095.67599999998	0.4	8.9	1
113061.11159999997	0.8	33.75	1
114049.30099999998	0.4	6.5	1
115058.14419999998	0.4	5.9	1
116092.54119999998	0.4	7.3	1
117045.49199999998	0.2	5.3	1
118025.39659999998	0.4	7.7	1
118842.05499999998	0.6	10.5	1
119674.46719999998	0.2	4.5	1
120541.53319999999	0.4	9.9	1
121127.85299999999	0.2	5.5	1
121754.42659999999	0.6	11.5	1
122126.154	0.6	12.9	1
122345.13519999999	0.6	13.5	1
122608.57019999999	0.6	12.7	1
123121.38399999999	1.0	71.25	1
123364.6516	0.4	8.7	1
123650.973	0.6	12.3	1
123960.7482	0.4	6.7	1
124289.0772	0.2	5.3	1
124459.76	0.6	12.1	1
124664.3966	0.4	9.7	1
124807.18699999999	0.6	10.9	1
124976.93119999999	0.4	7.7	1
125182.02919999999	0.6	10.1	1
125430.181	0.6	12.3	1
125452.9348	0.4	6.5	1
125470.0886	0.2	4.9	1
125505.0962	0.2	5.1	1
125567.0576	0.4	7.7	1
125650.3728	0.4	6.1	1
125666.8266	0.2	4.7	1
125704.2804	0.6	10.7	1
125770.788	0.4	8.3	1
125872.6494	0.6	10.1	1
125906.3646	0.4	9.1	1
125956.5336	0.2	4.7	1
125986.9874	0.4	8.7	1
126061.895	0.6	12.7	1
126086.7488	0.4	7.1	1
126125.6064	0.2	4.0	1
126209.6178	0.6	12.9	1
126319.883	0.4	7.5	1
126356.402	0.4	7.5	1
126428.9748	0.6	10.3	1
126546.70139999999	0.6	12.9	1
126696.9818	0.4	9.3	1
126877.01599999999	0.4	8.5	1
127075.60399999999	0.2	5.3	1
127208.8458	0.4	9.9	1
127382.34139999999	0.6	11.5	1
127480.6908	0.4	7.1	1
127522.3446	0.6	11.9	1
127581.8522	0.2	5.1	1
127683.71359999999	0.6	12.1	1
127727.4674	0.6	12.5	1
127766.32119999999	0.6	11.1	1
127823.02879999999	0.2	5.1	1
127862.58259999998	0.6	11.3	1
127920.69019999998	0.2	5.3	1
127992.80159999998	0.2	4.0	1
128104.46679999998	0.6	11.3	1
128247.98579999998	0.4	9.1	1
128430.35859999998	0.6	11.1	1
128652.28519999998	0.6	11.3	1
128696.96559999998	0.4	6.5	1
128731.61939999998	0.4	9.9	1
129015.65199999999	1.0	71.25	1
129321.03839999999	0.4	6.1	1
129631.67859999998	0.2	1.5	1
129970.67259999999	0.4	8.1	1
130337.3204	0.4	7.9	1
130648.42199999999	0.6	12.7	1
130995.5774	0.6	10.3	1
131395.2366	0.8	15.0	1
131635.1496	0.6	11.5	1
131927.5664	0.8	15.0	1
132247.63700000002	0.4	7.9	1
132605.86140000002	0.6	10.9	1
133001.53960000002	0.6	10.7	1
133417.8716	0.4	5.9	1
133778.65740000003	0.6	12.7	1
134167.09700000004	0.4	7.9	1
134573.39040000003	0.2	5.1	1
134822.73760000002	0.6	12.3	1
135255.83860000002	1.0	52.5	1
136003.94340000002	1.0	90.0	1
136669.20200000002	0.2	4.9	1
137286.96440000003	0.8	15.0	1
137833.08060000002	0.4	8.1	1
138414.55060000002	0.6	10.1	1
139038.37440000003	0.6	12.1	1
139606.65200000003	0.6	12.7	1
140188.93340000004	0.2	4.0	1
140812.16860000003	0.6	11.7	1
141460.95760000002	0.4	7.3	1
142043.70040000003	0.4	9.7	1
142642.19700000004	0.2	4.5	1
143273.94740000003	0.4	9.5	1
143923.55160000004	0.2	5.1	1
144601.50960000005	0.4	8.1	1
145213.42140000005	0.4	9.7	1
146140.33700000006	1.0	90.0	1
147097.00640000007	0.4	8.5	1
148092.52960000007	0.6	11.1	1
149106.60660000006	0.2	5.3	1
150304.43740000005	1.0	52.5	1
151520.12200000006	0.2	5.1	1
152773.96040000007	0.6	10.9	1
154054.75260000007	0.4	7.7	1
155070.19860000006	0.4	9.9	1
156090.89840000006	0.2	1.5	1
157154.65200000006	0.6	12.3	1
158247.45940000005	0.4	8.3	1
159365.82060000006	0.4	7.3	1
160500.63560000007	0.2	4.7	1
161565.20440000008	0.4	8.5	1
162657.42700000008	0.4	7.9	1
163684.3034000001	0.4	9.9	1
164456.3336000001	0.6	12.9	1
165158.1176000001	0.4	8.5	1
165812.4054000001	0.8	15.0	1
166195.0470000001	0.4	8.1	1
166506.04240000012	0.4	8.1	1
166835.1666000001	0.8	33.75	1
167191.24460000012	0.4	7.7	1
167731.07640000014	1.0	52.5	1
168216.06200000015	0.6	12.9	1
168819.17640000014	0.8	33.75	1
169358.34460000013	0.6	10.3	1
169923.06660000014	0.4	7.3	1
170505.64240000013	0.2	5.1	1
171115.17200000014	0.4	7.7	1
171560.05540000013	0.6	10.1	1
171945.89260000014	0.6	11.7	1
172358.68360000013	0.4	7.7	1
172790.02840000013	0.2	5.3	1
173031.00200000012	0.2	2.75	1
173308.02940000012	0.6	10.3	1
173515.51060000013	0.4	8.7	1
173657.64560000013	0.4	9.9	1
173720.43440000014	0.4	5.9	1
173738.98820000014	0.2	5.3	1
173791.49200000014	0.8	15.0	1
174158.99960000016	1.0	90.0	1
174551.36100000015	0.4	7.1	1
174869.97620000015	0.4	7.5	1
175211.34520000016	0.4	6.5	1
175605.21800000017	0.8	15.0	1
175644.07180000018	0.6	11.1	1
175866.67940000017	1.0	52.5	1
176105.04080000016	0.2	4.5	1
176387.85600000017	0.6	12.7	1
176699.02500000017	0.4	8.1	1
176933.64780000018	0.4	6.7	1
177093.12440000018	0.4	7.1	1
177134.77820000018	0.6	11.9	1
177179.93200000018	0.6	12.9	1
177195.68580000018	0.2	4.5	1
177229.29340000017	0.2	5.1	1
177300.35480000018	0.6	10.7	1
177398.37000000017	0.4	7.7	1
177426.72380000018	0.4	8.1	1
177471.17760000017	0.6	12.7	1
177536.28520000016	0.4	5.9	1
177566.73900000015	0.4	8.7	1
177626.94660000014	0.4	8.5	1
177663.00040000014	0.6	10.3	1
177743.50800000015	0.6	12.7	1
177992.88680000015	1.0	71.25	1
178276.21940000015	0.4	9.7	1
178612.05580000015	0.8	15.0	1
178881.14600000015	0.4	9.5	1
179167.39000000016	0.2	4.9	1
179469.38780000017	0.2	4.5	1
179785.38940000016	0.2	4.0	1
180133.94480000017	0.4	9.3	1
180383.32360000018	1.0	71.25	1
180651.9562000002	0.2	5.5	1
180973.09260000018	0.8	15.0	1
181308.23280000017	0.2	4.0	1
181668.22680000018	0.4	7.1	1
182037.8496000002	0.2	2.75	1
182434.4262000002	0.4	7.7	1
182867.05660000019	0.6	10.3	1
183234.34080000018	0.4	9.9	1
183644.67880000017	0.6	12.3	1
183791.77060000016	0.6	10.5	1
183961.61620000016	0.4	6.5	1
184050.71560000017	0.2	5.5	1
184184.96880000018	0.6	12.9	1
184363.67580000017	0.6	12.7	1
184586.83660000018	0.6	12.7	1
184745.35120000018	0.6	10.1	1
184922.41960000017	0.2	5.3	1
184947.97340000016	0.4	7.3	1
185008.18100000016	0.4	9.9	1
185097.44240000015	0.4	8.3	1
185205.95760000014	0.2	5.5	1
185255.42660000015	0.6	11.7	1
185331.84940000015	0.4	7.7	1
185435.92600000015	0.4	7.9	1
185461.47980000015	0.4	7.3	1
185520.98740000016	0.4	9.7	1
185546.54120000015	0.4	7.3	1
185602.54880000016	0.4	8.7	1
185679.91020000016	0.4	6.1	1
185789.82540000015	0.4	9.3	1
185925.29440000016	0.4	7.3	1
186008.01720000015	0.6	13.5	1
186115.59380000015	0.4	7.1	1
186142.54760000014	0.4	7.7	1
186189.80140000014	0.6	13.5	1
186420.80900000015	1.0	52.5	1
186682.27040000015	0.4	8.7	1
186974.18560000014	0.4	8.7	1
187105.65460000015	0.6	11.3	1
187255.67740000016	0.2	5.3	1
187436.85400000017	0.4	8.9	1
187653.38440000016	0.6	10.1	1
187902.76320000016	1.0	71.25	1
188196.59580000016	0.6	12.7	1
188518.78220000016	0.4	8.1	1
188784.72240000017	0.6	12.5	1
189076.21640000018	0.4	7.3	1
189391.22020000019	1.0	90.0	1
189531.07780000017	0.4	7.1	1
189697.18920000017	0.4	7.5	1
189895.85440000016	0.4	9.3	1
190127.07340000017	0.4	9.3	1
190381.04620000016	0.4	6.5	1
190401.70000000016	0.4	5.9	1
190445.10760000016	0.4	6.5	1
190519.66900000017	0.4	8.9	1
190623.28420000017	0.4	8.3	1
190757.35320000016	0.4	8.7	1
190796.67600000015	0.2	1.5	1
190862.25260000015	0.4	7.5	1
190944.28300000014	0.2	4.7	1
191063.76720000015	0.6	10.7	1
191211.60520000014	0.4	8.1	1
191282.89700000014	0.4	6.7	1
191393.74260000014	0.6	11.3	1
191544.14200000014	0.6	11.3	1
191615.89520000014	0.4	6.1	1
191704.80220000015	0.2	4.9	1
191832.56300000014	0.6	11.1	1
191987.27760000015	0.4	7.7	1
192185.04600000015	0.6	12.3	1
192418.86820000014	0.6	10.3	1
192694.34420000014	0.6	11.9	1
192699.59800000014	0.2	1.5	1
192739.50560000015	0.4	9.9	1
192818.96700000015	0.6	11.3	1
192940.08220000015	0.6	11.9	1
192971.23600000015	0.4	8.9	1
193186.14360000016	1.0	52.5	1
193428.70500000016	0.4	7.9	1
193697.52020000017	0.4	7.5	1
193998.18920000017	0.4	9.1	1
194334.21200000017	0.6	10.1	1
194706.28860000017	0.6	10.3	1
195099.7190000002	0.4	6.1	1
195511.7032000002	0.2	5.3	1
195863.2412000002	0.6	11.3	1
196249.4330000002	0.4	9.9	1
196568.1786000002	0.4	9.3	1
196813.8780000002	0.4	7.7	1
197100.5312000002	0.6	11.7	1
197328.8382000002	0.6	11.9	1
197591.7990000002	0.4	9.9	1
197871.2136000002	0.2	4.7	1
198197.8820000002	0.6	13.5	1
198541.0042000002	0.2	4.7	1
198811.0802000002	0.4	7.7	1
199100.4100000002	0.2	5.5	1
199408.2936000002	0.2	5.3	1
199422.2974000002	0.2	4.0	1
199475.8550000002	0.6	11.3	1
199572.4664000002	0.6	12.3	1
199691.8316000002	0.4	6.5	1
199729.05060000022	0.2	5.1	1
199798.82340000023	0.4	9.3	1
199812.82720000023	0.2	4.0	1
199853.08480000024	0.4	7.5	1
199927.29620000024	0.4	9.7	1
200034.06140000024	0.4	9.3	1
200183.18040000024	0.6	12.1	1
200346.30320000026	0.2	4.0	1
200693.17980000025	1.0	52.5	1
200969.81020000024	0.4	8.5	1
201281.79440000025	0.6	10.1	1
201624.93240000025	0.4	8.9	1
201885.92420000024	0.2	5.1	1
201909.37800000023	0.4	6.7	1
201953.48560000022	0.4	5.9	1
202037.14700000023	0.6	11.3	1
202137.26220000023	0.2	4.7	1
202272.73120000024	0.6	10.1	1
202435.15400000024	0.4	7.7	1
202639.23060000024	0.6	11.9	1
202863.96100000024	0.4	5.9	1
203119.84520000024	0.4	8.9	1
203222.98320000025	0.6	13.5	1
203348.17500000025	0.4	6.3	1
203495.42060000025	0.4	6.3	1
203547.92440000025	0.8	15.0	1
203637.18200000026	0.6	10.5	1
203655.73580000026	0.2	5.3	1
203718.74340000027	0.6	12.7	1
203823.40480000028	0.6	11.9	1
203860.1586000003	0.6	10.5	1
203932.26620000027	0.6	10.1	1
203984.77000000028	0.8	15.0	1
204042.5276000003	0.2	1.5	1
204123.7390000003	0.4	6.7	1
204220.7042000003	0.2	4.5	1
204357.9232000003	0.6	11.5	1
204388.3770000003	0.4	8.7	1
204447.1846000003	0.4	8.1	1
204532.2460000003	0.4	7.5	1
204626.93620000032	0.2	2.75	1
204749.28020000033	0.4	7.9	1
204793.03400000033	0.6	12.5	1
204877.04160000035	0.6	11.5	1
204997.80300000033	0.6	10.5	1
205137.81820000033	0.2	5.5	1
205311.78720000034	0.4	9.7	1
205331.04100000035	0.2	5.5	1
205387.04860000036	0.6	10.5	1
205406.30240000036	0.2	5.5	1
205452.51000000036	0.4	7.7	1
205524.27140000035	0.4	7.3	1
205611.78660000034	0.2	4.5	1
205715.05560000034	0.2	4.5	1
205834.07840000035	0.2	4.5	1
206000.35500000036	0.6	13.5	1
206092.18540000037	0.4	7.3	1
206220.06960000037	0.6	10.3	1
206431.70760000037	1.0	52.5	1
206676.59940000038	0.4	9.5	1
206965.94500000039	0.6	12.7	1
207281.5444000004	0.4	7.5	1
207621.99760000038	0.4	7.1	1
207692.20460000038	0.4	8.5	1
207787.96540000036	0.4	7.3	1
207906.48000000036	0.4	6.5	1
208068.74840000036	0.6	12.5	1
208251.67060000036	0.4	5.9	1
208444.22160000037	0.2	2.75	1
208466.27540000036	0.4	6.3	1
208503.02920000037	0.6	10.5	1
208517.03300000037	0.2	4.0	1
208558.69060000038	0.4	7.9	1
208605.9444000004	0.6	13.5	1
208671.05200000037	0.2	5.1	1
208762.41340000037	0.4	7.5	1
208887.02860000037	0.4	9.5	1
209033.69760000036	0.4	6.3	1
209208.72040000037	0.4	8.1	1
209402.99700000038	0.2	5.5	1
209535.4274000004	0.6	10.9	1
209587.9312000004	0.8	15.0	1
209645.6888000004	0.2	1.5	1
209729.7002000004	0.4	7.5	1
209848.3654000004	0.4	9.9	1
209905.18440000038	0.6	10.9	1
209978.45720000038	0.2	4.7	1
210094.08380000037	0.6	12.1	1
210327.83920000037	0.8	33.75	1
210603.24840000036	0.6	11.9	1
210802.11140000037	0.4	6.7	1
211030.02820000038	0.4	8.3	1
211283.49880000038	0.4	7.3	1
211577.92320000037	0.6	11.7	1
211904.20140000037	0.4	9.1	1
212270.03340000036	0.6	11.3	1
212659.31920000038	0.4	6.7	1
213087.45880000037	0.6	11.1	1
213446.05220000038	0.4	8.7	1
213857.14940000037	0.8	15.0	1
214205.00040000037	0.6	10.5	1
214583.30520000038	0.4	8.7	1
214975.61380000037	0.2	4.0	1
215290.61760000038	1.0	90.0	1
215920.6252000004	1.0	90.0	1
216569.88660000038	0.2	5.5	1
217156.60180000038	0.6	10.7	1
217752.9458000004	0.2	2.75	1
218374.8436000004	0.4	7.3	1
219030.6952000004	0.4	9.7	1
219712.10060000038	0.4	7.3	1
220221.85980000038	0.4	8.1	1
220745.6228000004	0.2	4.0	1
221301.9396000004	0.4	9.3	1
221903.4102000004	0.6	12.9	1
222543.0346000004	0.6	10.9	1
223212.4128000004	0.4	8.5	1
223923.4448000004	0.6	11.9	1
224560.73060000042	0.4	7.5	1
225232.67020000043	0.4	9.9	1
225922.46360000042	0.2	5.1	1
226649.71080000044	0.6	10.7	1
227401.81180000043	0.4	7.1	1
227775.26660000044	0.4	6.1	1
228165.17520000043	0.2	4.7	1
228481.33760000044	0.4	7.5	1
228818.85380000045	0.4	6.1	1
229181.22380000044	0.4	7.1	1
229569.84760000044	0.4	7.5	1
229994.52520000044	0.6	10.3	1
230339.85660000044	0.4	5.9	1
230690.44180000044	0.2	1.5	1
231356.03080000044	1.0	90.0	1
232059.77360000045	0.6	10.9	1
232799.57020000045	0.6	10.3	1
233448.99560000046	0.2	2.75	1
234134.47480000046	0.6	10.3	1
234763.70780000047	0.6	12.5	1
235425.49460000047	0.4	9.3	1
235472.74840000048	0.6	13.5	1
235553.95600000047	0.4	9.7	1
235585.80980000048	0.4	9.1	1
235636.91740000047	0.2	5.5	1
235657.57120000047	0.4	5.9	1
235972.57500000048	1.0	90.0	1
236310.3326000005	0.4	6.5	1
236670.1440000005	0.4	6.3	1
236866.7092000005	0.6	10.5	1
237102.1282000005	0.6	11.1	1
237374.3010000005	0.6	10.5	1
237665.0276000005	0.2	5.3	1
237979.2080000005	0.4	6.7	1
238322.4422000005	0.4	8.3	1
238584.23020000051	0.2	5.3	1
238882.0720000005	0.6	10.3	1
239218.76760000052	0.6	11.1	1
239565.09200000053	0.2	2.75	1
239947.47020000053	0.6	10.3	1
239991.92400000052	0.6	12.7	1
240075.93160000053	0.6	11.3	1
240181.99300000054	0.4	6.3	1
240215.24680000055	0.4	9.5	1
240270.55440000055	0.4	6.3	1
240308.00820000053	0.6	10.7	1
240382.91580000054	0.6	10.7	1
240483.37720000054	0.4	7.3	1
240527.13100000055	0.6	12.5	1
240536.75980000055	0.2	2.75	1
240580.34240000055	0.4	9.7	1
240667.67880000055	0.6	12.5	1
241070.01900000055	1.0	90.0	1
241385.02280000056	1.0	90.0	1
241520.68040000056	0.4	5.9	1
241683.99180000057	0.4	7.9	1
241887.55700000058	0.6	11.5	1
242109.6760000006	0.2	5.3	1
242368.5488000006	0.6	10.5	1
242397.6026000006	0.4	8.3	1
242450.1064000006	0.8	15.0	1
242459.7352000006	0.2	2.75	1
242512.4178000006	0.6	12.3	1
242610.2542000006	0.6	12.9	1
242737.8444000006	0.4	8.5	1
242888.18840000062	0.4	6.5	1
243052.5362000006	0.2	4.0	1
243259.2378000006	0.6	12.1	1
243497.79320000063	0.4	9.1	1
243767.50240000064	0.4	8.9	1
243811.95620000063	0.6	12.7	1
243882.66380000062	0.4	7.5	1
243927.1176000006	0.6	12.7	1
243988.02520000061	0.2	4.7	1
244076.58660000062	0.4	7.9	1
244113.34040000063	0.6	10.5	1
244166.54800000062	0.2	4.7	1
244185.80180000063	0.2	5.5	1
244205.05560000063	0.2	5.5	1
244240.06320000064	0.2	4.5	1
244298.52460000064	0.4	6.7	1
244386.73980000065	0.4	8.5	1
244431.89360000065	0.6	12.9	1
244681.27240000066	1.0	71.25	1
244961.10500000065	0.4	8.7	1
244983.15880000064	0.4	6.3	1
245023.76640000063	0.2	5.3	1
245076.27020000064	0.8	15.0	1
245163.42780000065	0.4	9.9	1
245285.93920000063	0.6	10.1	1
245324.09300000063	0.6	10.9	1
245351.74680000063	0.4	7.9	1
245420.35440000062	0.6	11.7	1
245425.60820000063	0.2	1.5	1
245430.86200000063	0.2	1.5	1
245480.56960000063	0.6	12.7	1
245514.52340000062	0.4	9.7	1
245585.2310000006	0.6	10.5	1
245619.1848000006	0.4	9.7	1
245771.2674000006	0.8	33.75	1
245815.0212000006	0.6	12.5	1
245897.6288000006	0.6	11.1	1
246005.0902000006	0.4	7.1	1
246140.9054000006	0.4	8.1	1
246179.7592000006	0.6	11.1	1
246265.8668000006	0.6	13.5	1
246305.4206000006	0.6	11.3	1
246381.02820000058	0.6	10.3	1
246500.38960000058	0.6	12.5	1
246653.7048000006	0.4	9.7	1
246695.3586000006	0.6	11.9	1
246780.7662000006	0.6	12.5	1
246909.9276000006	0.6	12.5	1
247086.3428000006	0.6	13.5	1
247315.2618000006	0.8	15.0	1
247549.4346000006	0.2	1.5	1
247625.9612000006	0.6	12.1	1
247741.3416000006	0.6	11.1	1
247879.4758000006	0.4	6.5	1
247912.0296000006	0.4	9.3	1
247977.8372000006	0.4	9.5	1
247999.89100000059	0.4	6.3	1
248048.19860000059	0.4	7.5	1
248079.3524000006	0.4	8.9	1
248109.80620000057	0.4	8.7	1
248130.46000000057	0.4	5.9	1
248163.71380000058	0.4	9.5	1
248206.0676000006	0.6	12.1	1
248277.4752000006	0.4	8.3	1
248461.2290000006	1.0	52.5	1
248690.1366000006	0.6	12.9	1
248943.8980000006	0.4	7.1	1
249219.0132000006	0.4	6.1	1
249521.7822000006	0.4	7.9	1
250008.3050000006	1.0	52.5	1
250425.2816000006	0.4	8.7	1
250879.7120000006	0.6	10.7	1
250919.2658000006	0.6	11.3	1
250986.4734000006	0.4	7.9	1
251094.6348000006	0.6	11.7	1
251228.35000000062	0.4	7.3	1
251246.9038000006	0.2	5.3	1
251301.5114000006	0.6	10.3	1
251399.1728000006	0.6	12.3	1
251539.88800000062	0.6	12.3	1
251568.9418000006	0.4	8.3	1
251621.44560000062	0.8	15.0	1
251696.00320000062	0.4	6.3	1
251730.65700000062	0.4	9.9	1
251790.8646000006	0.4	7.3	1
251887.1260000006	0.6	10.3	1
251916.1798000006	0.4	8.3	1
252099.9336000006	1.0	52.5	1
252323.2412000006	0.6	11.3	1
252479.1026000006	0.4	9.3	1
252648.9678000006	0.2	4.0	1
252675.2216000006	0.4	7.5	1
252724.2292000006	0.4	6.5	1
252817.6906000006	0.6	12.7	1
253029.28080000062	0.8	33.75	1
253490.24980000063	1.0	71.25	1
253522.80360000063	0.4	9.3	1
253582.31120000064	0.4	7.7	1
253663.87260000064	0.4	6.3	1
253759.43780000065	0.2	4.0	1
253777.99160000065	0.2	5.3	1
253800.04540000064	0.4	6.3	1
253844.49920000063	0.6	12.7	1
253930.60680000062	0.6	11.9	1
254042.26820000063	0.4	7.3	1
254180.18340000062	0.4	7.5	1
254327.72740000061	0.2	2.75	1
254659.02520000061	1.0	52.5	1
255015.17680000063	0.4	7.1	1
255389.18220000062	0.2	5.1	1
255777.19140000062	0.2	4.0	1
256210.35440000062	0.6	12.9	1
256231.70820000063	0.4	6.1	1
256262.69080000062	0.2	2.75	1
256477.42720000062	1.0	52.5	1
256728.2174000006	0.6	10.3	1
257000.3614000006	0.4	6.1	1
257302.9592000006	0.4	8.7	1
257329.2130000006	0.4	7.5	1
257354.0668000006	0.4	7.1	1
257472.19560000062	0.8	33.75	1
257905.32820000063	1.0	90.0	1
258361.91460000063	0.4	6.7	1
258862.25480000064	0.6	12.5	1
259677.59880000065	1.0	90.0	1
260521.99660000065	0.4	8.3	1
261404.54820000066	0.6	10.9	1
262309.8536000007	0.4	6.5	1
263136.51280000067	0.4	6.1	1
263998.52580000064	0.6	10.1	1
264899.39260000066	0.6	11.1	1
265840.5132000007	0.6	11.5	1
266805.08760000067	0.4	6.7	1
267805.0158000007	0.6	10.1	1
268144.4978000007	0.6	11.3	1
268507.4336000007	0.4	6.7	1
268914.8232000007	0.6	12.7	1
269342.8666000007	0.4	5.9	1
270020.2888000007	1.0	71.25	1
270737.96480000066	0.6	11.5	1
271374.1946000006	0.2	5.3	1
272037.3782000006	0.4	7.7	1
272735.21560000064	0.4	9.9	1
272854.40680000064	0.4	6.1	1
273008.9518000006	0.6	10.1	1
273096.7506000006	0.4	9.5	1
273113.2044000006	0.2	4.7	1
273143.65820000065	0.4	8.7	1
273198.96580000065	0.4	7.1	1
273289.6272000006	0.6	10.1	1
273407.2424000006	0.4	7.7	1
273642.98640000063	0.8	33.75	1
273914.78420000063	0.6	10.3	1
274239.08580000064	0.8	15.0	1
274422.83960000065	1.0	52.5	1
274460.29340000066	0.6	10.7	1
274480.94720000064	0.4	5.9	1
274536.95480000065	0.6	10.1	1
274631.81620000064	0.6	11.1	1
274731.93140000064	0.2	1.5	1
274848.50040000066	0.2	4.7	1
275214.4482000007	1.0	71.25	1
275613.64980000065	0.4	9.5	1
276030.00520000065	0.2	4.9	1
276489.41440000065	0.6	12.3	1
276989.07740000065	0.6	11.5	1
277506.59420000063	0.2	5.1	1
277748.96480000066	0.4	7.1	1
278025.98920000065	0.4	9.9	1
278070.44300000067	0.6	12.7	1
278135.55060000066	0.4	5.9	1
278234.61200000066	0.4	9.7	1
278517.4272000007	1.0	52.5	1
278834.19620000065	0.4	9.7	1
278848.20000000065	0.2	4.0	1
278880.05760000064	0.2	5.1	1
278927.66900000063	0.2	4.5	1
278991.03420000063	0.2	4.5	1
279068.40320000064	0.2	4.0	1
279162.22600000066	0.2	4.7	1
279273.90260000067	0.2	5.1	1
279302.0330000007	0.2	4.7	1
279335.41720000067	0.2	1.5	1
279385.25520000065	0.2	4.7	1
279440.34700000065	0.2	1.5	1
279511.19260000065	0.2	4.5	1
279597.79200000066	0.2	4.5	1
279689.64520000067	0.2	1.5	1
279791.1272000007	0.2	2.75	1
279809.7630000007	0.2	4.9	1
279844.8526000007	0.2	4.7	1
279889.5710000007	0.2	2.75	1
279939.5432000007	0.2	1.5	1
279986.7970000007	0.6	13.5	1
280051.9046000007	0.2	5.1	1
280065.9084000007	0.2	4.0	1
280096.36600000074	0.2	4.7	1
280140.8274000007	0.2	4.0	1
280201.0426000007	0.2	4.5	1
280221.69640000066	0.4	5.9	1
280261.25020000065	0.6	11.3	1
280320.05780000065	0.2	5.5	1
280400.91920000064	0.4	6.3	1
280524.83440000063	0.6	12.3	1
280569.9882000006	0.6	12.9	1
280637.1958000006	0.4	6.3	1
280748.1572000006	0.6	12.5	1
280782.5724000006	0.4	6.7	1
280834.84140000056	0.2	5.1	1
280852.69520000054	0.2	5.1	1
281119.9278000005	1.0	71.25	1
281140.5816000005	0.4	5.9	1
281178.3892000005	0.2	4.9	1
281244.5506000005	0.4	8.1	1
281337.6658000005	0.4	7.7	1
281436.0348000005	0.2	1.5	1
281578.8576000005	0.6	12.7	1
281596.7114000005	0.2	5.1	1
281612.4652000005	0.2	4.5	1
281629.6190000005	0.2	4.9	1
281677.9266000005	0.4	8.9	1
281723.08040000044	0.6	12.9	1
281782.2380000004	0.2	4.0	1
281885.1494000004	0.6	12.5	1
281921.9032000004	0.6	10.5	1
281950.2570000004	0.4	8.1	1
282018.16460000037	0.6	11.3	1
282044.4184000004	0.4	7.5	1
282113.02600000036	0.6	12.1	1
282218.38740000036	0.6	10.5	1
282359.80260000034	0.6	10.3	1
282376.25640000036	0.2	4.7	1
282408.4640000004	0.2	4.5	1
282457.12540000037	0.2	4.7	1
282519.79060000036	0.2	4.0	1
282598.20960000035	0.2	4.5	1
282612.21340000036	0.2	4.0	1
282626.21720000036	0.2	4.0	1
282657.37480000034	0.2	4.9	1
282704.98620000033	0.2	4.7	1
282714.61500000034	0.2	2.75	1
282732.4688000003	0.2	5.1	1
282766.0764000003	0.2	4.5	1
282813.6878000003	0.2	4.0	1
282877.0530000003	0.2	4.5	1
282950.0470000003	0.2	2.75	1
283038.7948000003	0.2	4.5	1
283145.3964000003	0.2	5.1	1
283169.8518000003	0.2	5.1	1
283213.5610000003	0.2	5.5	1
283273.02400000027	0.2	4.5	1
283349.6408000003	0.2	4.9	1
283431.5114000003	0.2	1.5	1
283529.8358000003	0.2	4.7	1
283647.4140000003	0.2	5.5	1
283783.54600000026	0.2	5.3	1
283936.8318000003	0.2	4.9	1
284099.7464000003	0.2	2.75	1
284280.5148000003	0.2	5.1	1
284478.43700000027	0.2	4.9	1
284694.9130000003	0.2	5.3	1
284930.64280000026	0.2	5.5	1
285180.37640000024	0.2	4.0	1
285446.56380000024	0.2	4.7	1
285731.3050000002	0.2	5.3	1
286025.6750000002	0.2	2.75	1
286238.5988000002	0.2	5.3	1
286467.9764000002	0.2	4.7	1
286602.60780000023	0.2	1.5	1
286746.86800000025	0.2	2.75	1
286906.8820000003	0.2	4.5	1
287084.04980000027	0.2	4.9	1
287279.07140000025	0.2	5.1	1
287394.74680000026	0.4	5.9	1
287527.57600000023	0.2	4.9	1
287679.6590000002	0.2	5.5	1
287836.9958000002	0.2	1.5	1
288014.9864000002	0.4	5.9	1
288211.53080000024	0.2	5.3	1
288417.70400000026	0.2	2.75	1
288642.4310000003	0.2	5.3	1
288883.61180000025	0.2	4.7	1
289146.14640000026	0.4	6.1	1
289162.6002000003	0.2	4.7	1
289193.0578000003	0.2	4.0	1
289237.5192000003	0.2	4.0	1
289298.43440000026	0.2	4.7	1
289376.5034000003	0.2	4.9	1
289468.5762000003	0.2	4.0	1
289574.6528000003	0.2	4.0	1
289697.18320000026	0.2	4.7	1
289835.46740000026	0.2	4.5	1
289889.50540000026	0.2	4.5	1
289962.79720000026	0.2	5.5	1
290055.3428000003	0.2	5.5	1
290164.34220000025	0.2	4.7	1
290289.0954000002	0.2	4.5	1
290427.8524000002	0.2	4.0	1
290487.96320000023	0.4	6.1	1
290570.12780000025	0.4	6.3	1
290670.84620000026	0.2	5.3	1
290790.11840000027	0.2	5.3	1
290930.04440000025	0.4	5.9	1
291085.72420000023	0.2	4.5	1
291155.4078000002	0.2	4.0	1
291240.8452000002	0.2	4.5	1
291349.0364000002	0.4	6.5	1
291474.3814000002	0.2	4.9	1
291617.5802000002	0.2	5.1	1
291784.2328000002	0.4	6.7	1
291966.63920000015	0.2	4.5	1
292172.49940000015	0.4	6.7	1
292392.36340000015	0.2	4.0	1
292634.98120000015	0.4	6.5	1
292894.75280000013	0.2	4.9	1
293168.5282000001	0.2	4.0	1
293459.45740000013	0.2	4.9	1
293772.44040000014	0.4	6.3	1
294106.0772000001	0.4	5.9	1
294455.4678000001	0.2	4.5	1
294827.6122000001	0.4	6.5	1
295216.2104000001	0.2	4.7	1
295621.2624000001	0.2	4.7	1
295945.5682000001	0.2	5.5	1
296294.7278000001	0.4	7.1	1
296664.5412000001	0.4	5.9	1
297052.9084000001	0.2	5.3	1
297466.1294000001	0.4	7.1	1
297895.1042000001	0.2	4.5	1
298348.9328000001	0.4	7.1	1
298812.39020000014	0.2	2.75	1
299297.20140000014	0.4	6.1	1
299787.26640000014	0.2	1.5	1
300299.38520000014	0.4	6.3	1
300816.75780000014	0.2	1.5	1
301361.08420000016	0.4	7.7	1
301828.86440000014	0.4	6.7	1
302321.49840000016	0.4	7.1	1
302819.3862000002	0.2	1.5	1
303344.22780000017	0.4	7.7	1
303874.32320000016	0.2	1.5	1
304418.42240000016	0.2	4.0	1
304993.6754000002	0.4	8.9	1
305578.55720000016	0.2	2.75	1
306188.29280000017	0.4	7.1	1
306820.7822000002	0.4	6.5	1
307480.22540000017	0.4	7.7	1
308164.5224000002	0.4	7.1	1
308873.6732000002	0.4	7.1	1
309599.97780000017	0.2	4.9	1
310356.03620000015	0.4	8.5	1
311128.54840000015	0.2	4.7	1
311920.31440000015	0.2	5.5	1
312734.13420000015	0.4	6.3	1
313557.58280000015	0.2	2.75	1
314403.78520000016	0.4	6.5	1
315281.14140000014	0.4	8.9	1
316185.45140000014	0.4	7.7	1
317095.01520000014	0.2	1.5	1
318023.13280000014	0.2	5.3	1
318960.87920000014	0.2	2.75	1
319917.17940000014	0.2	5.3	1
320890.63340000017	0.2	4.9	1
321882.6412000002	0.2	5.3	1
322898.10280000017	0.4	6.7	1
323937.01820000017	0.4	6.7	1
325000.78740000015	0.4	7.1	1
326081.01040000014	0.2	4.7	1
327177.68720000016	0.2	4.7	1
328301.31780000014	0.4	7.7	1
329442.80220000015	0.2	5.1	1
330615.44040000014	0.4	8.9	1
331702.08240000013	0.2	4.0	1
332807.2782000001	0.2	5.3	1
333941.5278000001	0.4	8.3	1
335091.5312000001	0.2	4.5	1
336260.7884000001	0.2	5.5	1
337450.6994000001	0.4	5.9	1
338669.6642000001	0.4	8.3	1
339902.63280000014	0.2	4.0	1
341152.0552000001	0.2	4.7	1
342427.7314000001	0.4	7.5	1
343721.26140000013	0.2	5.1	1
345024.4202000001	0.2	2.75	1
346355.2328000001	0.4	7.9	1
347710.8992000001	0.4	7.1	1
349087.91940000013	0.4	6.1	1
350487.6934000001	0.4	6.5	1
351904.6212000001	0.2	4.9	1
353347.8028000001	0.4	7.5	1
354813.73820000014	0.4	6.5	1
356303.1274000001	0.4	6.7	1
357718.7704000001	0.4	7.5	1
359167.6672000001	0.4	9.5	1
360640.0178000001	0.4	6.7	1
362145.6222000001	0.4	9.5	1
363673.2804000001	0.4	6.3	1
365226.4924000001	0.4	7.3	1
366812.9582000001	0.4	9.5	1
368420.7778000001	0.4	6.1	1
370061.8512000001	0.4	9.5	1
371731.27840000007	0.4	8.1	1
373418.5594000001	0.2	5.1	1
375129.29420000006	0.4	6.7	1
376865.5828000001	0.4	7.3	1
378621.12520000007	0.2	5.5	1
380399.42140000005	0.4	6.5	1
382206.7714	0.4	8.3	1
383936.1752	0.4	6.3	1
385700.2328	0.4	9.9	1
387487.0442	0.4	6.5	1
389303.6094	0.4	8.5	1
391156.2284	0.6	10.3	1
393040.7012	0.4	9.1	1
394956.3278	0.4	8.9	1
396893.3082	0.4	6.1	1
398862.8424	0.4	9.3	1
400850.9304	0.2	5.3	1
402861.7722	0.4	6.5	1
404889.0678	0.2	4.7	1
406949.61720000004	0.4	9.5	1
409026.6204	0.2	4.7	1
411138.97740000003	0.6	10.1	1
413282.4882	0.4	8.9	1
415445.2528	0.2	5.5	1
417642.67120000004	0.4	9.9	1
419873.3434	0.4	9.5	1
422135.1694	0.4	8.9	1
424421.8492	0.4	7.1	1
426741.0828	0.4	9.3	1
429094.9702	0.4	9.9	1
431484.2114	0.6	10.1	1
433912.30639999994	0.6	11.1	1
436358.25519999996	0.2	5.1	1
438840.25779999996	0.6	10.3	1
441357.61419999995	0.6	10.1	1
443906.8243999999	0.4	9.1	1
446471.7883999999	0.2	4.5	1
449042.0061999999	0.2	1.5	1
451626.2277999999	0.2	4.0	1
454224.4531999999	0.2	4.0	1
456840.53239999985	0.2	5.1	1
459492.6653999998	0.6	10.3	1
462176.65219999984	0.4	9.1	1
464891.7927999998	0.4	8.9	1
467642.9871999998	0.6	10.3	1
470429.5353999998	0.6	10.1	1
473242.33739999984	0.4	7.5	1
476089.0931999998	0.4	9.7	1
478956.50279999984	0.4	5.9	1
481851.5661999998	0.4	7.9	1
484765.8833999998	0.2	5.5	1
487705.7543999998	0.4	7.3	1
490685.1791999998	0.6	11.3	1
493704.15779999975	0.6	11.3	1
496760.59019999974	0.6	10.7	1
499846.77639999974	0.4	8.5	1
502942.59139999974	0.2	2.75	1
506061.16019999975	0.4	6.5	1
509195.48279999977	0.2	4.5	1
512355.3591999998	0.4	7.3	1
515554.7893999998	0.6	11.3	1
518686.7733999998	0.4	9.3	1
521845.0111999998	0.4	7.5	1
525026.0027999998	0.4	6.5	1
528226.2481999998	0.2	5.5	1
531463.9473999998	0.6	10.7	1
534741.2003999999	0.6	11.3	1
538053.8071999998	0.6	10.1	1
541398.2677999998	0.4	9.1	1
544778.7821999998	0.6	10.3	1
548186.9503999997	0.4	7.9	1
551628.3723999998	0.4	9.5	1
555100.9481999998	0.4	8.9	1
558583.1527999998	0.2	2.75	1
562091.6111999998	0.4	7.5	1
565622.8233999998	0.4	6.5	1
569181.6893999998	0.4	7.9	1
572773.8091999998	0.4	9.5	1
576385.1827999998	0.2	5.5	1
580013.0101999998	0.2	4.7	1
583676.8913999997	0.6	10.3	1
587367.0263999997	0.4	7.5	1
591082.7151999997	0.4	7.3	1
594812.4077999997	0.2	4.0	1
598558.5541999997	0.2	4.7	1
602320.4543999997	0.2	4.5	1
606103.0083999997	0.4	5.9	1
609912.5161999997	0.4	7.7	1
613758.0777999997	0.6	10.3	1
617624.2931999997	0.4	5.9	1
621521.6623999997	0.4	8.9	1
625434.7853999997	0.2	4.5	1
629372.7621999996	0.4	7.1	1
633341.8927999997	0.4	8.9	1
637328.8771999996	0.2	5.1	1
641331.6153999997	0.2	4.5	1
645357.1073999996	0.4	6.5	1
649392.2281999997	0.2	2.75	1
653461.3027999997	0.4	9.7	1
657562.2311999997	0.4	9.1	1
661703.4133999997	0.6	11.5	1
665870.8493999997	0.4	7.5	1
670075.0391999998	0.6	10.5	1
674307.5827999997	0.4	8.1	1
678576.8801999998	0.6	10.5	1
682878.0313999997	0.4	9.1	1
687194.9363999998	0.2	4.5	1
691541.5951999997	0.4	8.5	1
695927.1077999998	0.6	11.1	1
700351.4741999998	0.6	11.1	1
704810.4943999999	0.4	9.9	1
709292.9683999999	0.4	6.7	1
713805.8961999998	0.4	8.7	1
718335.9777999999	0.2	4.9	1
722900.7131999999	0.4	9.9	1
727488.9023999999	0.4	6.7	1
732022.2453999999	0.6	12.9	1
736472.7421999999	0.2	4.9	1
740948.7927999998	0.4	7.3	1
745445.4971999999	0.4	5.9	1
749981.7553999999	0.6	11.3	1
754561.0673999999	0.6	12.3	1
759169.4332	0.4	8.3	1
763798.4528	0.4	5.9	1
768448.8262	0.4	6.1	1
773130.3534	0.4	8.9	1
777831.1344	0.2	5.5	1
782551.1692	0.2	5.5	1
787290.4578	0.2	5.5	1
792054.6002	0.4	7.1	1
796863.1964	0.6	12.7	1
801707.1464	0.6	10.1	1
806556.3502	0.2	1.5	1
811437.4077999999	0.4	9.1	1
816355.9191999999	0.6	10.7	1
821301.3843999999	0.4	7.7	1
826272.4033999998	0.4	7.3	1
831257.4261999999	0.2	4.0	1
836281.3027999998	0.6	11.1	1
841341.2331999998	0.6	10.3	1
846433.0173999998	0.4	9.1	1
851564.3553999998	0.6	11.3	1
856726.8471999997	0.4	8.9	1
861915.5927999998	0.4	7.5	1
867145.9921999997	0.6	11.9	1
872392.8453999998	0.2	4.7	1
877653.7023999997	0.2	4.0	1
882936.6131999997	0.4	6.3	1
888238.0777999996	0.2	5.3	1
893558.0961999996	0.2	5.3	1
898900.1683999996	0.4	6.3	1
904276.1943999996	0.4	9.7	1
909697.3741999996	0.6	12.9	1
915162.3077999996	0.6	12.5	1
920664.6951999996	0.6	10.7	1
926105.9363999997	0.6	11.1	1
931585.3313999997	0.6	10.9	1
937091.6801999997	0.4	7.7	1
942613.7827999997	0.2	4.5	1
948160.7391999997	0.4	7.1	1
953730.4493999997	0.4	6.5	1
959309.7883999997	0.2	2.75	1
964917.4811999997	0.4	8.1	1
970561.2277999996	0.6	10.3	1
976228.4281999996	0.4	6.7	1
981942.8823999997	0.6	13.5	1
987675.1903999996	0.2	5.1	1
993451.2521999996	0.6	12.5	1
999246.5677999996	0.2	5.5	1
1005070.9371999996	0.4	8.3	1
1010939.7603999996	0.6	12.7	1
1016839.0373999996	0.4	8.7	1
1022760.3681999996	0.4	6.3	1
1028702.3527999995	0.4	5.9	1
1034684.5911999996	0.6	11.5	1
1040672.0833999995	0.2	1.5	1
1046706.8293999996	0.6	13.5	1
1052781.8291999996	0.6	11.5	1
1058880.2827999995	0.4	6.7	1
1065006.3901999996	0.4	7.9	1
1071148.2513999995	0.2	4.5	1
1077324.7663999994	0.4	9.9	1
1083546.4351999995	0.6	12.9	1
1089792.9577999995	0.4	7.1	1
1096060.1341999995	0.4	5.9	1
1102379.8143999996	0.8	15.0	1
1108727.8483999996	0.4	8.1	1
1115092.3361999996	0.2	4.7	1
1121487.2777999996	0.4	8.7	1
1127898.6731999996	0.2	4.7	1
1134340.5223999997	0.4	8.7	1
1140800.2253999996	0.2	5.1	1
1147303.6821999997	0.6	12.5	1
1153834.0927999998	0.4	7.7	1
1160387.2571999996	0.4	6.5	1
1166980.6753999996	0.6	11.5	1
1173626.5973999996	0.8	15.0	1
1180291.0731999995	0.2	5.3	1
1186974.1027999995	0.2	5.3	1
1193684.0861999996	0.4	7.7	1
1200437.8233999996	0.6	12.5	1
1207244.0643999996	0.8	15.0	1
1214066.7591999995	0.2	4.7	1
1220917.8077999996	0.4	8.1	1
1227807.0101999997	0.6	10.9	1
1234712.6663999998	0.2	4.7	1
1241652.9763999998	0.4	9.9	1
1248634.9401999998	0.6	11.9	1
1255669.4078	0.8	15.0	1
1262732.9292	0.4	8.3	1
1269833.9043999999	0.6	10.7	1
1276950.6334	0.2	4.5	1
1284107.6162	0.6	11.5	1
1291286.6528	0.4	6.3	1
1298500.3432	0.4	9.9	1
1305759.1874	0.6	12.9	1
1313044.9854	0.4	7.7	1
1320347.2371999999	0.2	4.7	1
1327665.2428	0.2	4.5	1
1335018.6021999998	0.6	10.1	1
1342309.4153999998	0.6	10.7	1
1349522.2824	0.4	6.3	1
1356660.7031999999	0.4	7.3	1
1363813.1278	0.2	4.0	1
1370998.8062	0.4	9.5	1
1378205.1384	0.4	5.9	1
1385443.3244	0.4	9.1	1
1392709.8642	0.4	8.1	1
1400010.3577999999	0.4	9.7	1
1407329.4052	0.2	5.3	1
1414683.8064	0.6	10.1	1
1422070.0613999998	0.4	9.1	1
1429465.9451999997	0.2	2.75	1
1436890.1827999998	0.4	8.1	1
1444331.5742	0.2	4.9	1
1451804.1194	0.4	8.9	1
1459309.9184	0.4	9.5	1
1466834.2712	0.2	5.3	1
1474375.7778	0.2	4.9	1
1481949.8382	0.4	9.3	1
1489539.6524	0.2	4.5	1
1497134.7204	0.2	1.5	1
1504762.3422	0.4	9.3	1
1512421.1178000001	0.4	8.9	1
1520105.4472	0.4	7.3	1
1527814.6304000001	0.4	7.1	1
1535546.5674	0.4	6.5	1
1543295.6582	0.2	4.9	1
1551073.8028	0.4	8.3	1
1558885.9012	0.4	9.7	1
1566719.3534	0.4	6.1	1
1574586.0594	0.4	9.5	1
1582474.8191999998	0.4	6.3	1
1590386.3327999997	0.4	6.5	1
1598334.6001999998	0.6	10.5	1
1606314.0213999997	0.4	8.9	1
1614303.0713999998	0.2	2.75	1
1622314.1751999997	0.4	6.3	1
1630357.1327999998	0.4	9.1	1
1638432.6441999997	0.4	9.3	1
1646537.2093999998	0.4	8.3	1
1654677.1283999998	0.6	10.1	1
1662841.9011999997	0.4	7.1	1
1671029.4277999997	0.4	6.5	1
1679146.7081999998	0.4	8.5	1
1687292.3423999997	0.4	8.1	1
1695366.3303999996	0.4	8.1	1
1703458.1721999997	0.2	5.1	1
1711582.5677999996	0.4	9.3	1
1719733.9171999996	0.4	7.7	1
1727919.2203999995	0.4	9.7	1
1736122.3773999994	0.2	5.1	1
1744341.9881999993	0.2	4.7	1
1752594.1527999993	0.4	9.3	1
1760879.5711999994	0.4	9.5	1
1769196.8433999994	0.4	9.1	1
1777523.7443999995	0.2	2.75	1
1785869.8991999994	0.2	5.5	1
1794243.0077999993	0.4	7.7	1
1802636.7701999992	0.4	5.9	1
1811060.2863999992	0.4	8.5	1
1819512.8563999992	0.4	8.3	1
1827993.7801999992	0.4	8.1	1
1836484.3327999993	0.2	2.75	1
1844992.7391999993	0.2	5.1	1
1853430.8993999993	0.4	8.5	1
1861883.0633999994	0.2	4.0	1
1870360.7811999994	0.4	7.3	1
1878857.7527999994	0.2	5.5	1
1887375.3781999995	0.4	5.9	1
1895908.7573999995	0.2	4.5	1
1904471.1903999995	0.4	8.3	1
1913062.6771999996	0.4	8.3	1
1921679.7177999995	0.4	7.3	1
1930326.5121999995	0.4	8.5	1
1939003.0603999996	0.4	8.5	1
1947693.6123999995	0.2	4.0	1
1956403.4181999995	0.2	5.5	1
1965132.4777999995	0.2	5.5	1
1973882.1911999995	0.4	5.9	1
1982660.9583999994	0.4	8.3	1
1991468.7793999994	0.4	8.3	1
2000299.3541999995	0.4	6.5	1
2009150.5827999995	0.4	5.9	1
2018015.8151999996	0.2	4.0	1
2026897.5013999997	0.2	4.7	1
2035804.7413999997	0.4	7.3	1
2044728.4351999997	0.2	4.7	1
2053673.4827999996	0.4	6.1	1
2062646.8841999997	0.4	8.1	1
2071646.5393999997	0.4	7.5	1
2080672.4483999996	0.4	7.5	1
2089721.1111999997	0.4	6.5	1
2098796.7277999995	0.4	7.7	1
2107890.1981999995	0.2	5.1	1
2117010.6223999993	0.4	7.7	1
2126157.300399999	0.4	7.5	1
2135329.5321999993	0.4	7.3	1
2144522.4177999995	0.4	5.9	1
2153731.7571999994	0.2	4.7	1
2162961.7503999993	0.4	5.9	1
2172216.5973999994	0.4	7.1	1
2181498.3981999992	0.4	7.7	1
2190697.352799999	0.2	4.9	1
2199926.061199999	0.4	8.5	1
2209175.423399999	0.4	5.9	1
2218443.339399999	0.2	5.3	1
2227737.509199999	0.4	7.5	1
2237058.632799999	0.4	7.7	1
2246406.010199999	0.4	7.5	1
2255783.141399999	0.4	8.5	1
2265187.9263999993	0.4	7.9	1
2274613.3651999994	0.4	5.9	1
2284055.9577999995	0.2	4.9	1
2293527.6041999995	0.4	8.3	1
2303018.5043999995	0.2	5.5	1
2312527.2583999997	0.2	5.1	1
2322053.1662	0.2	4.9	1
2331606.0278	0.4	7.7	1
2341177.4431999996	0.2	5.3	1
2350777.2123999996	0.4	8.1	1
2360392.7353999997	0.2	4.5	1
2370028.9121999997	0.4	5.9	1
2379692.0427999995	0.4	7.7	1
2389380.0271999994	0.4	7.1	1
2399086.5653999993	0.2	5.3	1
2408808.857399999	0.2	4.5	1
2418460.903199999	0.4	8.5	1
2428029.4027999993	0.2	4.7	1
2437616.4561999994	0.2	5.3	1
2447219.2633999996	0.2	4.5	1
2456840.6243999996	0.2	5.3	1
2466484.7391999997	0.4	6.5	1
2476150.9077999997	0.4	6.3	1
2485833.5302	0.2	4.7	1
2495534.7064	0.2	5.3	1
2505257.2364	0.4	6.1	1
2514996.2202	0.2	4.7	1
2524757.9578	0.4	6.5	1
2534537.5492	0.2	5.1	1
2544238.4943999997	0.4	6.1	1
2553960.0933999997	0.4	5.9	1
2563703.0461999997	0.4	6.1	1
2573466.6528	0.4	5.9	1
2583251.6132	0.4	6.1	1
2593057.9274	0.4	6.1	1
2602885.5954	0.4	6.1	1
2612631.8172	0.2	5.3	1
2622398.6928	0.4	5.9	1
2632188.3222	0.4	6.5	1
2642000.7054	0.4	6.5	1
2651831.6424	0.2	5.3	1
2661683.2331999997	0.4	5.9	1
2671557.5777999996	0.4	6.5	1
2681453.9761999995	0.4	6.3	1
2691269.6283999993	0.2	5.5	1
2700622.0343999993	0.6	10.5	1
2706603.494199999	0.4	8.3	1
2706617.497999999	0.2	4.0	1
2706633.2517999993	0.2	4.5	1
2706664.7593999994	0.2	4.5	1
2706712.7207999993	0.2	4.7	1
2706729.174599999	0.2	4.7	1
2706759.632199999	0.2	4.0	1
2706804.093599999	0.2	4.0	1
2706872.008799999	0.4	6.7	1
2706958.477799999	0.2	5.3	1
2707054.575599999	0.2	2.75	1
2707174.127199999	0.4	6.7	1
2707317.132599999	0.4	6.7	1
2707483.591799999	0.4	6.7	1
2707666.5047999993	0.2	4.7	1
2707867.271599999	0.2	5.1	1
2708090.792199999	0.4	6.5	1
2708132.166599999	0.2	5.1	1
2708187.5447999993	0.2	4.0	1
2708256.9267999995	0.2	4.0	1
2708274.0805999995	0.2	4.9	1
2708305.2381999996	0.2	4.0	1
2708352.8495999994	0.2	4.7	1
2708418.3147999994	0.2	5.1	1
2708499.5337999994	0.2	4.5	1
2708590.3815999995	0.2	2.75	1
2708695.2331999997	0.2	4.0	1
2708809.7135999994	0.2	2.75	1
2708938.1977999993	0.2	4.0	1
2709083.835799999	0.2	4.9	1
2709145.927599999	0.2	4.7	1
2709225.173199999	0.2	4.9	1
2709320.1725999992	0.2	4.5	1
2709431.625799999	0.2	4.7	1
2709559.532799999	0.2	4.7	1
2709701.4435999994	0.2	4.0	1
2709859.8081999994	0.2	4.7	1
2710033.9265999994	0.2	4.5	1
2710225.1987999994	0.2	4.9	1
2710432.924799999	0.2	4.7	1
2710557.1045999993	0.2	4.7	1
2710698.4381999993	0.2	4.9	1
2710857.6255999994	0.2	5.1	1
2711032.566799999	0.2	4.5	1
2711221.511799999	0.2	4.0	1
2711427.610599999	0.2	4.9	1
2711650.163199999	0.2	4.7	1
2711886.719599999	0.2	4.0	1
2712141.129799999	0.2	5.1	1
2712411.993799999	0.2	4.7	1
2712698.611599999	0.2	4.5	1
2713013.615399999	1.0	90.0	1
2713050.672999999	0.4	6.3	1
2713119.584399999	0.4	9.1	1
2713224.549599999	0.6	10.3	1
2713544.518599999	1.0	90.0	1
2714179.4913999992	1.0	90.0	1
2714866.9679999994	0.8	15.0	1
2715869.448399999	1.0	90.0	1
2716924.432599999	0.8	15.0	1
2717926.670599999	0.6	13.5	1
2718974.062399999	0.6	12.9	1
2720336.4579999987	1.0	90.0	1
2721751.3573999987	0.8	15.0	1
2723211.4105999987	0.6	12.9	1
2724716.6175999986	0.6	12.9	1
2726166.278399999	0.6	12.7	1
2727560.3929999988	0.6	12.7	1
2729203.886399999	1.0	71.25	1
2730882.033599999	0.4	9.9	1
2732599.034599999	0.6	11.1	1
2734355.589399999	0.6	11.3	1
2736146.797999999	0.4	9.9	1
2737973.360399999	0.6	10.1	1
2739835.9765999992	0.6	10.3	1
2741743.7465999993	0.6	12.9	1
2743686.1703999992	0.4	9.9	1
2745877.9729999993	1.0	71.25	1
2748006.5293999994	0.6	10.5	1
2750155.7395999995	0.4	5.9	1
2752246.6035999996	0.6	11.9	1
2754368.6213999996	0.4	8.9	1
2756518.993	0.4	8.1	1
2758709.6183999996	0.6	11.5	1
2760939.7975999997	0.6	11.3	1
2763213.0305999997	0.6	12.3	1
2765513.9173999997	0.4	7.9	1
2767843.158	0.4	8.1	1
2770203.5524	0.4	8.9	1
2772505.6006	0.6	11.9	1
2774849.3026	0.6	11.9	1
2777232.5584	0.6	11.3	1
2779659.568	0.6	12.5	1
2782128.2314	0.6	11.9	1
2784649.3986	0.8	15.0	1
2787213.6196	0.6	12.3	1
2789825.0944	0.6	13.5	1
2792476.1229999997	0.6	11.3	1
2795168.1054	0.6	11.7	1
2797903.8416	0.6	12.5	1
2800684.0316	0.6	12.7	1
2803509.3754	0.6	12.9	1
2806374.9729999998	0.6	11.5	1
2809489.9494	1.0	71.25	1
2812649.3795999996	0.6	12.7	1
2815850.4635999994	0.6	11.9	1
2819098.8013999993	0.6	13.5	1
2822386.6929999995	0.6	11.3	1
2825714.8383999993	0.6	11.5	1
2829292.362599999	1.0	71.25	1
2832910.8405999993	0.6	11.7	1
2836576.5723999995	0.6	13.5	1
2840189.5579999993	0.6	13.5	1
2843844.1973999995	0.6	11.9	1
2847813.8405999993	1.0	90.0	1
2851828.637599999	0.6	12.9	1
2855890.688399999	0.6	13.5	1
2859995.092999999	0.6	12.1	1
2864142.551399999	0.6	12.3	1
2868334.463599999	0.6	12.7	1
2872570.829599999	0.6	12.7	1
2877056.574399999	1.0	71.25	1
2881587.472999999	0.6	12.9	1
2886161.4253999987	0.6	12.3	1
2890779.1315999986	0.6	12.5	1
2895441.9915999984	0.6	12.9	1
2900146.5053999983	0.6	11.9	1
2904894.0729999985	0.6	12.3	1
2909682.5943999984	0.6	11.7	1
2914512.0695999986	0.6	11.7	1
2919385.9985999987	0.6	12.7	1
2924303.6813999987	0.6	12.5	1
2929262.3179999986	0.6	11.7	1
2934262.6083999984	0.6	11.9	1
2939310.1525999983	0.6	13.5	1
2944401.4505999982	0.6	12.5	1
2949536.5023999983	0.6	12.5	1
2954920.9329999983	1.0	71.25	1
2960350.5173999984	0.6	12.9	1
2965821.055599998	0.6	11.7	1
2971440.972599998	1.0	71.25	1
2977113.393399998	0.8	15.0	1
2982833.067999998	0.6	13.5	1
2988802.121399998	1.0	71.25	1
2995020.5535999984	1.0	71.25	1
3001284.1395999985	0.6	12.9	1
3007600.2293999987	0.8	15.0	1
3013959.3729999987	0.6	12.3	1
3020361.5703999987	0.6	12.3	1
3026811.0215999987	0.6	13.5	1
3033302.826599999	0.6	12.1	1
3039541.885399999	0.6	13.5	1
3046095.947999999	1.0	90.0	1
3052899.389399999	1.0	71.25	1
3059750.084599999	0.6	13.5	1
3066850.158599999	1.0	71.25	1
3073997.486399999	0.6	13.5	1
3081359.817999999	1.0	90.0	1
3088971.5283999993	1.0	71.25	1
3096832.617599999	1.0	71.25	1
3104708.710599999	1.0	90.0	1
3109299.807399999	1.0	90.0	1
3114205.907999999	1.0	90.0	1
3118937.562399999	0.4	7.3	1
3123703.170599999	0.4	9.7	1
3128403.432599999	0.4	9.9	1
3133126.448399999	0.4	6.5	1
3137881.317999999	0.4	9.1	1
3142663.841399999	0.4	7.9	1
3147481.0185999987	0.4	9.9	1
3152325.1495999987	0.4	7.7	1
3157199.7343999986	0.4	8.7	1
3162106.8729999987	0.4	9.3	1
3167039.565399999	0.4	7.3	1
3171992.911599999	0.4	5.9	1
3176968.3115999987	0.4	6.3	1
3181972.7653999985	0.4	8.3	1
3187004.1729999986	0.4	7.7	1
3192054.8343999987	0.2	5.5	1
3197139.4495999985	0.4	9.7	1
3202158.7185999984	0.4	9.9	1
3207197.2413999983	0.2	5.5	1
3212257.817999998	0.4	6.3	1
3217336.248399998	0.2	5.1	1
3222433.932599998	0.2	5.5	1
3227541.245599998	0.2	2.75	1
3232666.412399998	0.2	5.1	1
3237796.832999998	0.2	1.5	1
3242959.1073999978	0.4	9.1	1
3248144.8355999975	0.4	6.7	1
3253335.8175999974	0.2	1.5	1
3258561.453399997	0.4	9.9	1
3263814.0429999973	0.4	7.7	1
3269096.3863999974	0.4	8.5	1
3274415.4835999976	0.6	10.5	1
3279771.3345999974	0.6	10.5	1
3285161.1393999974	0.4	9.7	1
3290571.5979999974	0.4	5.9	1
3296003.4103999976	0.4	6.1	1
3301460.7765999977	0.4	7.3	1
3306954.1965999976	0.6	10.3	1
3312480.1703999974	0.4	9.3	1
3318042.1979999975	0.6	10.3	1
3323637.4793999977	0.4	9.5	1
3329242.3895999976	0.2	2.75	1
3334881.9535999973	0.4	9.9	1
3340542.8713999973	0.4	6.1	1
3346232.1429999974	0.4	8.1	1
3351944.8683999972	0.4	6.7	1
3357671.597599997	0.2	4.0	1
3363425.2805999974	0.4	7.7	1
3369201.717399997	0.4	6.5	1
3375007.2079999973	0.4	8.3	1
3380843.152399997	0.4	8.7	1
3386701.150599997	0.4	6.3	1
3392580.502599997	0.4	6.1	1
3398488.208399997	0.4	8.1	1
3404411.6679999973	0.2	4.5	1
3410354.381399997	0.2	5.5	1
3416318.448599997	0.4	6.1	1
3422313.669599997	0.4	8.9	1
3428226.0443999968	0.2	4.9	1
3434166.0729999966	0.4	7.9	1
3440128.8553999965	0.4	6.5	1
3446110.1915999963	0.2	5.3	1
3452096.781599996	0.2	1.5	1
3458104.025399996	0.4	5.9	1
3464143.822999996	0.4	9.3	1
3470217.574399996	0.4	9.7	1
3476323.179599996	0.4	9.1	1
3482438.4135999964	0.2	2.75	1
3488581.3013999965	0.4	7.9	1
3494750.4429999967	0.4	7.5	1
3500946.5383999967	0.4	7.7	1
3507164.6875999966	0.4	6.3	1
3513219.5905999965	0.6	10.5	1
3519307.0473999963	0.4	9.3	1
3525434.0579999965	0.6	11.3	1
3531602.0223999964	0.6	11.7	1
3537806.040599996	0.6	10.3	1
3544028.6125999964	0.2	5.3	1
3550566.1883999966	1.0	90.0	1
3557120.917999997	0.2	4.9	1
3563715.201399997	0.6	11.3	1
3570252.538599997	0.6	12.3	1
3577039.254599997	1.0	71.25	1
3583864.824399997	0.6	11.1	1
3590723.647999997	0.4	9.5	1
3597603.8253999967	0.4	6.1	1
3604733.3815999967	1.0	71.25	1
3611903.8915999965	0.6	11.7	1
3619115.3553999965	0.6	11.7	1
3626363.5729999966	0.6	10.5	1
3633631.0443999968	0.2	5.5	1
3640931.769599997	0.4	9.5	1
3648255.948599997	0.4	6.7	1
3655612.681399997	0.4	9.3	1
3662986.5679999967	0.2	4.9	1
3670376.908399997	0.2	4.7	1
3677783.7025999967	0.2	4.7	1
3685233.550599997	0.6	12.3	1
3692716.6523999968	0.4	9.5	1
3700237.9079999966	0.6	10.9	1
3707787.5173999965	0.4	8.1	1
3715373.1805999964	0.6	10.3	1
3723208.2225999963	1.0	71.25	1
3731072.318399996	0.4	8.3	1
3738975.267999996	0.6	11.1	1
3746909.371399996	0.4	8.9	1
3755092.853599996	1.0	71.25	1
3763297.689599996	0.4	6.1	1
3771539.279399996	0.6	10.5	1
3779799.422999996	0.2	5.3	1
3788092.120399996	0.4	9.3	1
3796405.471599996	0.4	5.9	1
3804743.676599996	0.4	7.1	1
3813110.935399996	0.4	8.3	1
3821517.047999996	0.6	11.1	1
3829961.3143999963	0.6	10.9	1
3838433.934599996	0.4	8.1	1
3846947.508599996	0.6	11.7	1
3855478.236399996	0.2	4.9	1
3864042.217999996	0.4	9.5	1
3872646.4533999963	0.6	11.5	1
3881292.3425999964	0.6	11.9	1
3889979.8855999964	0.6	11.9	1
3898690.1823999966	0.4	6.5	1
3907418.3329999964	0.2	5.1	1
3916056.1123999963	0.2	2.75	1
3924722.2455999963	0.4	8.1	1
3933423.7325999965	0.6	10.1	1
3942170.3733999967	0.6	12.9	1
3950958.667999997	0.6	11.9	1
3959787.9163999967	0.6	11.7	1
3968649.018599997	0.4	9.1	1
3977546.874599997	0.6	10.5	1
3986478.684399997	0.4	9.7	1
3995429.0479999967	0.2	5.3	1
4004389.0403999966	0.2	2.75	1
4013598.4115999965	1.0	71.25	1
4022845.9365999964	0.6	10.9	1
4032107.4653999964	0.2	4.0	1
4041389.6479999963	0.4	5.9	1
4050687.5843999963	0.2	4.5	1
4060300.5245999964	1.0	90.0	1
4069930.6185999964	0.2	4.9	1
4079598.8663999964	0.6	10.9	1
4089282.8679999965	0.2	4.5	1
4098997.3233999964	0.4	8.7	1
4108749.932599996	0.6	10.9	1
4118543.4955999963	0.6	11.7	1
4128358.412399996	0.4	6.1	1
4138214.282999996	0.6	11.7	1
4148079.782399996	0.2	2.75	1
4157977.835599996	0.4	9.3	1
4167904.942599996	0.4	8.3	1
4177854.103399996	0.4	6.3	1
4187840.017999996	0.6	10.5	1
4197861.286399996	0.6	10.1	1
4207922.808599995	0.6	11.5	1
4218019.684599996	0.6	10.1	1
4228153.314399996	0.6	10.5	1
4238331.397999995	0.6	12.7	1
4248532.935399995	0.4	6.7	1
4259049.476599995	1.0	90.0	1
4269602.771599995	0.6	10.5	1
4280200.520399995	0.6	12.7	1
4290833.622999995	0.6	10.1	1
4301501.379399995	0.4	9.9	1
4312192.589599995	0.4	6.7	1
4323133.178599995	1.0	71.25	1
4334113.321399994	0.6	11.3	1
4345114.817999994	0.4	6.1	1
4356134.868399994	0.2	5.3	1
4367197.272599994	0.6	12.1	1
4378277.530599995	0.2	5.1	1
4389398.742399994	0.6	11.7	1
4400557.407999994	0.6	10.7	1
4411733.227399995	0.2	4.9	1
4422940.2005999945	0.4	8.9	1
4434182.527599994	0.6	10.1	1
4445444.108399994	0.2	5.5	1
4456726.342999994	0.4	5.9	1
4468049.531399994	0.6	11.7	1
4479397.573599994	0.4	7.1	1
4490778.869599994	0.4	9.5	1
4502178.019399994	0.2	5.1	1
4513595.722999994	0.2	5.3	1
4525045.280399994	0.4	9.1	1
4536513.391599994	0.2	5.3	1
4548004.956599995	0.4	6.7	1
4559526.975399994	0.4	8.7	1
4571065.447999994	0.2	4.7	1
4582540.674399994	0.6	10.5	1
4594059.654599994	0.6	12.5	1
4605603.488599994	0.4	7.1	1
4617184.776399994	0.6	10.7	1
4628783.217999994	0.2	4.9	1
4640408.613399994	0.4	7.7	1
4652057.462599994	0.4	6.7	1
4663738.865599994	0.4	9.3	1
4675459.122399993	0.6	11.1	1
4687218.2329999935	0.6	11.1	1
4698994.497399993	0.2	4.9	1
4710784.765599993	0.2	4.0	1
4722618.787599993	0.6	12.5	1
4734469.963399993	0.2	4.9	1
4746336.892999994	0.2	4.5	1
4758228.676399994	0.4	7.1	1
4770160.713599994	0.6	11.5	1
4782130.204599994	0.6	10.7	1
4794128.049399994	0.4	8.1	1
4806166.147999994	0.6	11.5	1
4818227.000399995	0.4	6.5	1
4830304.306599995	0.2	4.7	1
4842407.166599995	0.4	7.3	1
4854552.3803999955	0.6	12.1	1
4866730.147999995	0.4	9.3	1
4878942.569399996	0.4	9.9	1
4891181.244599996	0.4	7.5	1
4903439.173599996	0.2	5.5	1
4915727.556399995	0.4	8.7	1
4928054.092999996	0.6	10.9	1
4940413.183399996	0.4	9.3	1
4953087.277599996	1.0	90.0	1
4965777.125599996	0.2	4.5	1
4978472.2273999965	0.2	1.5	1
4991211.782999996	0.6	12.7	1
5003970.592399996	0.2	5.5	1
5016768.955599995	0.6	11.3	1
5029882.322599995	1.0	90.0	1
5043011.443399995	0.2	4.5	1
5056159.117999994	0.2	5.3	1
5069327.446399994	0.4	5.9	1
5082540.928599995	0.6	12.9	1
5095782.764599995	0.4	8.1	1
5109050.854399995	0.4	7.5	1
5122328.572999995	0.2	2.75	1
5135638.145399995	0.4	9.1	1
5148974.671599995	0.4	7.7	1
5162333.251599995	0.4	6.3	1
5175727.185399995	0.6	10.1	1
5189166.272999995	0.6	12.9	1
5202854.739399996	1.0	71.25	1
5216561.059599996	0.2	5.1	1
5230295.033599996	0.4	7.9	1
5244068.561399996	0.6	11.3	1
5257885.842999997	0.6	12.5	1
5271733.578399996	0.4	8.7	1
5285586.567599996	0.2	1.5	1
5299483.310599996	0.6	12.5	1
5313407.007399996	0.4	7.7	1
5327580.082999996	1.0	71.25	1
5341798.3123999955	0.6	12.9	1
5356054.695599996	0.6	10.9	1
5370560.457599996	1.0	71.25	1
5385107.173399996	0.6	11.7	1
5399690.642999996	0.6	10.5	1
5414307.366399996	0.4	9.5	1
5428940.543599996	0.2	4.7	1
5443611.174599996	0.6	10.7	1
5458319.959399995	0.6	10.9	1
5473054.297999996	0.4	7.3	1
5487825.390399996	0.6	10.5	1
5502641.636599996	0.6	12.9	1
5517476.436599996	0.2	5.3	1
5532329.790399996	0.2	5.3	1
5547197.147999995	0.2	4.0	1
5562081.659399996	0.2	4.9	1
5576903.624599996	0.6	10.7	1
5591746.943599996	0.4	6.1	1
5606622.816399996	0.4	9.3	1
5621524.242999996	0.4	7.3	1
5636472.923399996	0.6	13.5	1
5651449.257599996	0.4	7.9	1
5666470.045599996	0.6	12.7	1
5681528.287399996	0.6	10.7	1
5696609.982999996	0.4	6.7	1
5711712.332399996	0.4	5.9	1
5726854.935599996	0.6	11.5	1
5741920.292599996	0.4	6.5	1
5757010.503399996	0.4	7.1	1
5772105.967999996	0.2	1.5	1
5787240.286399996	0.6	11.1	1
5802407.858599996	0.4	9.5	1
5817613.584599996	0.6	10.9	1
5832840.664399996	0.4	6.1	1
5848108.697999996	0.6	11.7	1
5863691.735399996	1.0	90.0	1
5879299.626599996	0.4	7.1	1
5895222.521599996	1.0	90.0	1
5911185.6703999955	0.6	11.5	1
5927189.072999995	0.6	11.5	1
5943218.029399995	0.4	7.3	1
5959264.839599995	0.2	5.1	1
5975335.103599995	0.4	6.7	1
5991447.7213999955	0.6	12.1	1
6007809.717999996	1.0	71.25	1
6024421.093399996	1.0	71.25	1
6041059.4225999955	0.4	7.7	1
6057713.505599995	0.2	4.5	1
6074616.967399995	1.0	71.25	1
6091552.982999994	0.4	9.3	1
6108527.152399994	0.6	10.9	1
6125542.975599995	0.6	11.9	1
6142598.352599995	0.6	11.3	1
6159689.783399995	0.6	10.3	1
6176818.667999996	0.6	10.7	1
6193991.306399995	0.6	12.5	1
6211195.798599996	0.4	9.1	1
6228437.044599996	0.6	10.5	1
6245697.544399996	0.2	5.5	1
6262996.197999996	0.6	10.9	1
6280221.105399996	0.4	7.5	1
6297360.016599996	0.2	4.0	1
6314514.681599996	0.2	4.5	1
6331918.725399996	1.0	71.25	1
6349341.322999996	0.2	5.3	1
6367078.924399996	1.0	90.0	1
6384833.679599996	0.2	4.9	1
6402903.438599995	1.0	90.0	1
6420992.451399995	0.2	5.5	1
6439230.842999995	1.0	71.25	1
6457718.613399995	1.0	71.25	1
6476421.387599994	1.0	90.0	1
6495439.165599994	1.0	90.0	1
6514706.322399994	1.0	71.25	1
6534288.482999994	1.0	90.0	1
6554120.022399995	1.0	71.25	1
6574266.565599995	1.0	90.0	1
6591832.362599995	0.2	5.5	1
6609440.513399995	0.6	12.1	1
6627066.517999995	0.2	5.1	1
6644714.576399995	0.4	6.3	1
6662386.088599995	0.4	6.7	1
6680090.854599995	0.4	9.5	1
6696214.8743999945	0.2	5.5	1
6712365.147999994	0.4	7.5	1
6728559.1753999945	0.6	12.5	1
6739489.256599994	0.6	10.3	1
6750154.691599994	0.6	10.1	1
6760863.880399994	0.6	12.5	1
6771609.822999993	0.6	10.5	1
6775794.619399994	0.6	11.1	1
6779611.269599994	0.4	9.1	1
6783480.423599994	0.8	15.0	1
