8.2567	0.2	2.75	1
42.6201	0.4	8.7	1
59.1268	0.2	5.5	1
111.9402	0.6	12.1	1
202.2603	0.6	12.5	1
324.08709999999996	0.6	10.5	1
467.82059999999996	0.4	7.3	1
539.4608	0.4	9.3	1
627.0076999999999	0.2	5.3	1
641.7143999999998	0.2	4.9	1
675.0210999999998	0.6	11.1	1
724.2344999999998	0.2	5.3	1
751.5411999999998	0.4	9.1	1
817.5545999999998	0.6	12.9	1
911.4746999999998	0.4	9.3	1
1027.3014999999998	0.4	7.3	1
1159.6349999999998	0.2	5.5	1
1328.2751999999998	0.6	12.1	1
1510.4220999999998	0.2	4.5	1
1718.0756999999999	0.4	8.5	1
1851.8359999999998	0.4	8.7	1
2004.5029999999997	0.4	6.3	1
2170.6766999999995	0.2	4.5	1
2377.3570999999997	0.6	13.5	1
2613.7441999999996	0.4	9.9	1
2675.0379999999996	0.4	8.3	1
2715.5446999999995	0.6	13.5	1
2782.1580999999996	0.4	8.7	1
2878.4781999999996	0.4	9.9	1
3015.3049999999994	0.6	13.5	1
3080.038499999999	0.4	9.3	1
3099.545199999999	0.4	6.5	1
3149.958599999999	0.6	10.3	1
3245.378699999999	0.8	15.0	1
3374.1054999999988	0.6	11.1	1
3540.3389999999986	0.6	12.5	1
3727.8791999999985	0.4	7.1	1
3834.3260999999984	0.4	6.3	1
3877.6796999999983	0.6	12.3	1
3939.3399999999983	0.4	6.1	1
4031.3069999999984	0.6	10.1	1
4047.8136999999983	0.2	5.5	1
4094.6270999999983	0.6	10.1	1
4166.347199999998	0.4	8.3	1
4256.373999999998	0.4	6.1	1
4365.9074999999975	0.4	6.5	1
4512.3476999999975	0.6	12.3	1
4586.094599999998	0.4	9.1	1
4695.548199999997	0.6	11.9	1
4827.508499999997	0.4	7.5	1
4853.6151999999975	0.4	8.7	1
4894.4285999999975	0.2	4.9	1
5205.248699999997	1.0	90.0	1
5549.975499999998	0.6	11.3	1
5902.958999999998	0.2	2.75	1
6282.649199999998	0.4	8.9	1
6589.646099999998	0.4	9.1	1
6937.149699999998	0.6	13.5	1
7198.759999999998	0.2	4.7	1
7478.076999999998	0.4	5.9	1
7784.7006999999985	0.4	9.1	1
8119.8310999999985	0.4	9.5	1
8485.268199999999	0.6	10.1	1
8869.011999999999	0.4	6.1	1
9171.662499999999	0.4	6.3	1
9490.819699999998	0.2	5.5	1
9840.883599999997	0.6	10.3	1
10210.454199999996	0.4	6.5	1
10518.731499999996	0.6	12.9	1
11097.015499999996	1.0	90.0	1
11594.206199999995	0.4	6.3	1
12117.503599999995	0.4	8.7	1
12668.107699999995	0.4	9.1	1
13234.618499999995	0.2	5.3	1
13709.385999999995	0.2	2.75	1
14207.260199999995	0.4	7.7	1
14522.841099999996	0.4	5.9	1
14869.328699999996	0.6	10.3	1
15235.922999999997	0.4	6.7	1
15627.423999999997	0.4	8.3	1
16044.431699999997	0.4	8.5	1
16476.146099999998	0.2	4.9	1
17065.367199999997	1.0	52.5	1
17573.494999999995	0.4	6.3	1
18118.529499999997	0.6	12.3	1
18697.470699999998	0.6	11.3	1
19294.118599999998	0.4	5.9	1
19420.473199999997	0.4	9.9	1
19568.734499999995	0.4	7.3	1
19741.302499999994	0.4	8.1	1
19945.377199999995	0.6	10.5	1
20177.958599999994	0.4	9.5	1
20443.246699999996	0.6	10.9	1
20623.841499999995	0.2	5.1	1
20830.542999999994	0.4	8.7	1
21050.751199999995	0.2	4.5	1
21372.216099999994	0.8	33.75	1
21730.587699999993	0.6	12.3	1
22027.06599999999	0.6	12.7	1
22338.85099999999	0.2	5.1	1
22586.942699999992	0.6	12.1	1
22853.941099999993	0.4	6.3	1
23157.846199999993	0.6	12.3	1
23389.057999999994	0.4	9.1	1
23638.576499999992	0.4	6.1	1
23817.801699999993	0.4	9.9	1
23837.308399999994	0.4	6.5	1
23890.121799999994	0.6	11.1	1
23967.241899999994	0.4	8.1	1
24081.86869999999	0.6	12.5	1
24297.75219999999	0.8	33.75	1
24533.742399999992	0.4	6.7	1
24585.039299999993	0.2	5.1	1
24855.045999999995	1.0	90.0	1
25058.359399999994	0.6	11.1	1
25306.679499999995	0.8	15.0	1
25573.306299999997	0.4	6.1	1
25862.439799999996	0.4	7.5	1
26252.829999999998	0.8	33.75	1
26673.526899999997	0.6	10.1	1
27016.730499999998	0.4	7.5	1
27398.0408	0.6	12.7	1
27706.657799999997	0.4	9.1	1
27940.1815	0.4	8.3	1
28212.4119	0.6	12.9	1
28513.148999999998	0.4	9.5	1
28837.5928	0.4	7.9	1
29002.543299999998	0.6	13.5	1
29212.5005	0.8	15.0	1
29338.964399999997	0.2	5.5	1
29481.334999999995	0.2	5.3	1
29652.212299999996	0.4	9.5	1
29761.196299999996	0.6	12.7	1
29927.686999999994	1.0	52.5	1
30126.284399999993	0.6	10.7	1
30247.388499999994	0.4	7.5	1
30404.199299999993	0.6	11.9	1
30774.766799999994	1.0	71.25	1
31049.840999999993	0.2	1.5	1
31349.82189999999	0.4	8.3	1
31663.90949999999	0.2	4.7	1
31992.703799999992	0.2	4.9	1
32335.604799999994	0.2	4.7	1
32407.012499999993	0.4	9.5	1
32422.919199999993	0.2	5.3	1
32443.332599999994	0.2	1.5	1
32502.452699999994	0.6	12.9	1
32524.959399999996	0.4	7.5	1
32580.772799999995	0.6	11.1	1
32658.492899999994	0.4	7.3	1
33006.219699999994	1.0	90.0	1
33083.053199999995	0.4	9.7	1
33106.7599	0.4	7.9	1
33154.7733	0.4	8.1	1
33228.8934	0.4	8.7	1
33319.5202	0.2	5.5	1
33438.6537	0.4	9.5	1
33594.693900000006	0.6	12.3	1
33908.24080000001	1.0	52.5	1
34323.044400000006	0.8	33.75	1
34765.15470000001	0.4	9.1	1
35120.771700000005	0.2	4.5	1
35500.095400000006	0.4	7.9	1
35692.925800000005	0.2	4.5	1
35715.4325	0.4	7.5	1
35782.945900000006	0.8	15.0	1
35890.96600000001	0.6	13.5	1
36013.092800000006	0.2	4.7	1
36167.92630000001	0.6	10.9	1
36339.266500000005	0.2	5.5	1
36536.1134	0.4	8.5	1
36752.467000000004	0.4	6.5	1
37004.5273	0.6	11.9	1
37295.2943	0.6	12.9	1
37624.768000000004	0.6	12.9	1
37979.148400000005	0.4	8.3	1
38351.2355	0.4	5.9	1
38627.829300000005	0.2	1.5	1
38939.529800000004	0.6	11.7	1
39291.737	0.6	13.5	1
39701.4509	1.0	52.5	1
40127.671500000004	0.2	5.5	1
40587.798800000004	0.6	11.3	1
41076.4328	0.4	9.5	1
41486.3735	0.4	7.1	1
41920.6209	0.4	8.1	1
42393.575000000004	0.6	12.9	1
42880.635800000004	0.2	4.7	1
43390.80330000001	0.4	7.7	1
43929.47750000001	0.4	9.5	1
44506.258400000006	0.6	12.7	1
45016.946	0.6	11.3	1
45541.740300000005	0.2	4.7	1
46099.2413	0.6	10.9	1
46488.849	0.6	10.7	1
46901.5634	0.4	7.7	1
47335.5845	0.4	7.1	1
47788.512299999995	0.4	6.3	1
48257.34679999999	0.2	5.3	1
48744.48799999999	0.4	6.1	1
49145.135899999994	0.2	4.5	1
49583.890499999994	0.6	12.7	1
49944.551799999994	0.4	7.3	1
50327.11979999999	0.4	7.3	1
50739.99449999999	0.6	10.1	1
51187.97589999999	0.6	11.7	1
51668.06399999999	0.6	10.7	1
52176.05879999999	0.4	9.3	1
52410.760299999994	0.4	8.9	1
52675.76849999999	0.6	10.1	1
53042.03339999999	0.8	33.75	1
53238.604999999996	0.6	10.1	1
53439.6833	0.2	1.5	1
53568.0683	0.4	9.1	1
53612.36	0.2	5.3	1
53661.1584	0.2	1.5	1
53725.8635	0.2	5.3	1
53812.4753	0.4	7.3	1
53835.581999999995	0.4	7.7	1
53854.488699999994	0.4	6.3	1
53900.1021	0.4	8.9	1
53981.42219999999	0.6	11.9	1
54090.04899999999	0.4	9.1	1
54215.182499999995	0.2	5.5	1
54368.8227	0.4	9.5	1
54553.9696	0.6	10.5	1
54766.4232	0.4	9.1	1
54898.983499999995	0.4	6.7	1
54972.0505	0.6	13.5	1
55071.824199999995	0.4	8.9	1
55198.904599999994	0.4	9.1	1
55495.99169999999	1.0	90.0	1
55823.38549999999	0.6	10.1	1
56308.28599999999	1.0	52.5	1
56825.89319999999	0.6	10.9	1
57164.80709999999	0.4	7.1	1
57717.47769999999	1.0	71.25	1
58293.25499999999	0.4	7.7	1
58900.53899999999	0.6	10.5	1
59316.07969999999	0.2	2.75	1
59758.32709999999	0.4	8.9	1
60220.681199999985	0.4	6.7	1
60612.141999999985	0.4	9.7	1
61019.509499999986	0.2	5.3	1
61457.18369999999	0.6	10.1	1
61931.76459999999	0.6	12.3	1
62421.05219999999	0.2	4.9	1
62936.44649999999	0.4	8.7	1
63488.74749999999	0.6	12.3	1
63981.55519999999	0.6	13.5	1
64493.269599999985	0.4	6.3	1
65162.49069999999	1.0	52.5	1
65856.01849999999	0.4	8.1	1
66594.55299999999	0.8	15.0	1
67066.99419999999	0.6	11.3	1
67809.44209999999	1.0	90.0	1
68571.39669999998	0.4	6.5	1
69358.25799999999	0.4	8.3	1
70167.02599999998	0.4	7.3	1
71014.50069999999	0.6	12.9	1
71893.4821	0.6	10.5	1
72795.57019999999	0.4	7.7	1
73620.165	0.4	7.5	1
74463.0665	0.4	6.1	1
75350.9747	0.8	15.0	1
76277.5896	0.6	12.9	1
77228.51120000001	0.4	8.1	1
78112.73950000001	0.6	11.1	1
78915.8745	0.4	6.3	1
79752.3162	0.6	11.1	1
80604.6646	0.2	5.3	1
81492.11970000001	0.6	11.7	1
82417.6815	0.6	12.7	1
83368.75	0.4	8.5	1
84364.8252	0.8	15.0	1
85288.8071	0.4	9.3	1
86221.0457	0.2	2.75	1
87179.99100000001	0.4	8.9	1
87975.84300000001	0.6	12.3	1
88794.2017	0.4	7.5	1
89631.46710000001	0.4	6.3	1
90405.6392	0.6	12.3	1
91201.118	0.4	7.1	1
92026.9035	0.6	10.1	1
92881.1957	0.4	9.5	1
93769.3946	0.6	11.3	1
94686.1002	0.4	9.5	1
95772.8125	1.0	90.0	1
96871.5315	0.2	4.0	1
97993.9572	0.4	7.9	1
99156.88960000001	0.6	13.5	1
100589.82870000001	1.0	90.0	1
101957.87450000002	0.6	11.7	1
103249.62700000002	0.4	7.9	1
104453.38620000002	0.2	4.0	1
105686.25210000003	0.4	9.7	1
106944.62470000003	0.4	8.5	1
107917.70400000003	0.2	4.9	1
108804.89000000003	0.2	4.7	1
109630.78270000003	0.6	12.9	1
110390.58210000003	0.6	11.3	1
111183.08820000003	0.6	10.9	1
111912.50100000003	0.6	12.3	1
112575.82050000003	0.6	11.3	1
113284.14670000003	0.8	15.0	1
114000.72960000002	0.2	2.75	1
114730.81920000003	0.2	4.5	1
115469.16550000003	0.2	2.75	1
116024.01850000003	0.2	5.5	1
116516.37820000004	0.6	12.5	1
116725.24460000003	0.2	5.5	1
116851.81770000003	0.4	5.9	1
116990.39750000004	0.2	4.0	1
117186.48400000004	1.0	52.5	1
117411.67720000003	0.4	9.7	1
117659.37710000004	0.4	7.5	1
117937.98370000004	0.6	10.3	1
118232.49700000005	0.2	5.3	1
118554.31700000005	0.4	9.1	1
118892.64370000006	0.2	5.5	1
119255.27710000006	0.4	8.1	1
119631.41720000007	0.2	4.5	1
119952.56400000007	0.8	15.0	1
120308.81750000008	0.6	11.7	1
120687.57770000008	0.4	7.5	1
121005.04460000008	0.6	12.9	1
121256.41820000009	0.6	11.3	1
121609.04850000009	0.8	33.75	1
122231.6855000001	1.0	90.0	1
122889.4292000001	0.6	11.7	1
123279.8796000001	0.6	10.9	1
123527.8367000001	1.0	52.5	1
123789.9005000001	0.2	4.7	1
124080.4710000001	0.4	9.5	1
124272.2982000001	0.8	33.75	1
124498.6321000001	0.6	11.5	1
124746.2727000001	0.4	7.1	1
124772.3794000001	0.4	8.7	1
124817.3928000001	0.4	6.3	1
124887.3129000001	0.4	8.3	1
124975.53970000011	0.4	6.1	1
125079.6732000001	0.2	5.3	1
125218.3134000001	0.6	11.5	1
125254.6201000001	0.6	12.1	1
125328.4335000001	0.6	12.5	1
125341.9402000001	0.2	4.5	1
125387.5536000001	0.6	10.7	1
125468.8737000001	0.6	11.9	1
125484.7804000001	0.2	5.3	1
125520.19380000011	0.4	6.5	1
125575.11390000011	0.4	6.5	1
125659.74070000011	0.4	9.9	1
125762.0742000001	0.4	5.9	1
125809.41440000011	0.8	15.0	1
125868.76130000011	0.2	4.0	1
125905.06800000012	0.6	12.1	1
125928.77470000011	0.4	7.9	1
125974.38810000011	0.4	7.3	1
126046.10820000012	0.4	8.7	1
126073.41490000012	0.4	9.1	1
126094.72160000012	0.4	7.1	1
126132.53500000012	0.2	5.5	1
126194.05510000011	0.4	7.9	1
126278.08190000012	0.4	7.5	1
126393.61540000013	0.6	10.5	1
126430.45560000013	0.4	7.1	1
126501.20250000013	0.6	11.3	1
126608.25610000013	0.6	12.1	1
126743.21640000014	0.4	9.3	1
126893.48340000014	0.2	5.1	1
127059.05710000014	0.2	5.1	1
127169.63750000014	0.8	15.0	1
127192.22460000015	0.2	4.0	1
127236.11840000015	0.4	7.1	1
127393.62510000015	1.0	52.5	1
127409.53180000016	0.2	5.3	1
127447.34520000016	0.4	7.3	1
127510.06530000016	0.4	8.3	1
127546.37200000016	0.6	12.1	1
127574.27870000017	0.4	9.3	1
127633.69210000017	0.6	10.5	1
127648.39880000017	0.2	4.9	1
127677.50550000017	0.4	9.7	1
127718.61890000018	0.2	4.0	1
127932.37560000017	1.0	71.25	1
128177.03900000018	0.6	10.3	1
128333.70910000018	0.2	4.0	1
128505.68590000019	0.2	5.1	1
128697.16940000019	0.4	6.5	1
128918.95960000019	0.6	10.1	1
128977.65650000019	0.6	12.3	1
129056.46010000019	0.4	6.7	1
129164.37040000019	0.4	9.7	1
129296.5874000002	0.4	8.1	1
129466.91110000019	0.6	12.7	1
129574.7415000002	0.6	12.5	1
129696.67860000019	0.2	4.7	1
129844.12240000018	0.4	8.5	1
130011.67290000018	0.4	6.7	1
130210.13010000018	0.6	10.3	1
130238.63680000018	0.4	9.5	1
130299.85020000018	0.6	10.9	1
130375.17030000017	0.2	4.7	1
130588.92700000017	1.0	71.25	1
130738.39040000016	0.6	11.9	1
130907.96050000016	0.4	6.7	1
130992.23730000017	0.2	4.9	1
131109.82080000016	0.6	11.1	1
131249.91100000017	0.4	7.5	1
131404.70790000015	0.2	4.9	1
131575.41150000016	0.2	5.3	1
131683.62180000017	0.6	12.5	1
131716.13880000016	0.4	8.1	1
131782.56250000017	0.6	11.3	1
131879.89290000018	0.6	10.3	1
132008.13000000018	0.6	10.3	1
132171.47380000018	0.6	11.7	1
132257.9243000002	0.4	7.7	1
132389.3815000002	0.8	15.0	1
132545.7454000002	0.4	8.3	1
132723.4160000002	0.4	7.1	1
132916.3933000002	0.2	5.1	1
133135.4773000002	0.4	8.7	1
133369.26800000021	0.2	4.9	1
133390.5747000002	0.4	7.1	1
133433.7881000002	0.4	7.3	1
133491.10820000022	0.2	4.7	1
133506.4149000002	0.2	5.1	1
133559.22830000022	0.6	12.5	1
133584.73500000022	0.4	8.5	1
133641.74840000022	0.6	10.5	1
133726.6685000002	0.4	9.3	1
133759.9752000002	0.6	11.1	1
133818.1886000002	0.4	8.3	1
133894.7087000002	0.4	6.1	1
134001.5355000002	0.6	10.1	1
134133.2690000002	0.4	8.3	1
134186.9092000002	0.4	7.3	1
134257.0561000002	0.2	5.5	1
134484.70970000018	1.0	52.5	1
134749.2700000002	0.6	12.3	1
135050.1370000002	0.6	12.1	1
135374.7107000002	0.4	7.9	1
135422.3911000002	0.4	7.7	1
135491.3782000002	0.4	7.1	1
135509.6849000002	0.4	6.1	1
135543.2983000002	0.2	5.1	1
135734.4184000002	1.0	52.5	1
135954.6452000002	0.4	9.7	1
136088.3787000002	0.2	4.5	1
136242.2189000002	0.4	6.7	1
136416.16580000022	0.4	6.7	1
136691.36940000023	0.8	33.75	1
137180.32970000023	1.0	71.25	1
137699.59670000023	0.6	10.1	1
138150.37040000022	0.6	10.5	1
138814.9008000002	1.0	71.25	1
139506.1379000002	0.4	8.9	1
140221.0817000002	0.4	7.9	1
140659.13220000023	0.4	7.7	1
141028.08940000023	0.6	10.3	1
141423.75330000024	0.4	8.9	1
141453.46000000025	0.4	9.9	1
141521.87340000024	0.6	12.9	1
141544.98010000025	0.4	7.7	1
141606.19350000026	0.6	12.7	1
141621.50020000024	0.2	5.1	1
141644.60690000025	0.4	7.7	1
141696.82030000025	0.4	9.7	1
141770.34040000025	0.4	7.1	1
141785.04710000026	0.2	4.9	1
141838.46050000025	0.6	12.9	1
141923.98060000024	0.6	10.7	1
142027.80740000025	0.4	6.1	1
142157.74090000027	0.4	8.7	1
142313.18110000028	0.4	8.5	1
142492.32800000027	0.4	7.9	1
142707.78160000028	0.6	12.1	1
142863.74190000028	0.6	13.5	1
142885.04860000027	0.4	7.1	1
142914.61200000028	0.2	2.75	1
142972.6821000003	0.4	9.5	1
143044.85890000028	0.2	4.7	1
143138.9424000003	0.4	7.3	1
143158.4491000003	0.4	6.5	1
143218.46250000029	0.6	13.5	1
143247.5692000003	0.4	9.7	1
143314.7826000003	0.6	12.7	1
143399.70270000029	0.4	5.9	1
143510.12950000027	0.4	8.5	1
143667.63620000027	1.0	52.5	1
143858.44960000028	0.6	11.1	1
143971.1697000003	0.4	7.3	1
144128.6764000003	1.0	52.5	1
144321.2898000003	0.6	11.7	1
144547.20990000028	0.6	11.1	1
144796.23670000027	0.4	7.7	1
145080.37020000027	0.6	11.7	1
145384.01040000026	0.4	6.5	1
145720.35730000027	0.6	10.9	1
145973.21090000027	0.2	5.5	1
146256.37120000026	0.6	10.1	1
146275.87790000025	0.4	6.5	1
146307.39130000025	0.2	4.0	1
146608.91140000024	1.0	90.0	1
146840.73820000025	0.6	10.1	1
146871.64490000025	0.6	10.3	1
146906.15160000024	0.6	11.5	1
146968.56500000024	0.4	9.3	1
147054.08510000023	0.4	7.7	1
147147.86190000022	0.2	2.75	1
147273.74540000022	0.6	10.7	1
147440.1356000002	0.6	13.5	1
147539.83250000022	0.6	11.1	1
147647.78610000023	0.2	2.75	1
147783.04640000022	0.4	9.1	1
147938.41340000022	0.4	6.7	1
148115.6871000002	0.4	7.3	1
148331.6675000002	0.6	12.9	1
148345.77420000022	0.2	4.7	1
148387.1876000002	0.4	9.1	1
148642.3577000002	1.0	71.25	1
148929.6345000002	0.6	10.7	1
149145.41800000018	0.4	9.5	1
149391.5082000002	0.6	10.1	1
149545.8551000002	0.2	2.75	1
149559.3618000002	0.2	4.5	1
149588.77520000018	0.2	5.3	1
149654.49530000018	0.6	12.1	1
149933.9721000002	1.0	71.25	1
150234.75560000018	0.4	7.1	1
150574.24580000018	0.6	12.9	1
150825.74270000018	0.2	4.0	1
151114.74630000017	0.6	12.5	1
151230.45660000018	0.4	8.9	1
151372.87360000017	0.4	8.9	1
151548.59730000017	0.6	11.1	1
151745.62770000016	0.4	7.1	1
151779.53440000015	0.6	11.3	1
151835.94780000014	0.4	7.5	1
151919.06790000014	0.4	8.9	1
151957.77460000015	0.6	12.9	1
152031.58800000016	0.6	11.7	1
152123.70810000016	0.4	6.1	1
152135.71480000016	0.2	4.0	1
152172.62150000015	0.6	12.3	1
152207.12820000015	0.6	11.5	1
152268.34160000016	0.4	8.9	1
152334.06170000017	0.2	1.5	1
152408.03850000017	0.2	2.75	1
152522.52200000017	0.6	13.5	1
152664.91220000017	0.4	9.3	1
152843.00910000017	0.6	11.9	1
152866.71580000018	0.4	7.9	1
152906.32920000018	0.2	5.3	1
153120.08590000018	1.0	71.25	1
153158.1493000002	0.4	8.1	1
153216.31940000018	0.4	6.7	1
153297.59620000017	0.4	7.7	1
153324.90290000016	0.4	9.1	1
153383.71630000017	0.6	10.5	1
153470.43640000018	0.4	9.3	1
153499.54310000018	0.4	9.7	1
153557.7565000002	0.4	9.7	1
153629.4766000002	0.2	4.5	1
153663.9833000002	0.6	11.5	1
153722.7967000002	0.4	8.1	1
153811.9168000002	0.6	10.1	1
153920.5436000002	0.4	6.5	1
154045.6771000002	0.2	5.5	1
154197.5173000002	0.4	8.9	1
154224.22400000022	0.4	8.9	1
154286.6374000002	0.6	11.9	1
154387.8941000002	0.8	33.75	1
154527.2575000002	0.6	12.7	1
154936.6276000002	1.0	90.0	1
155378.70440000022	0.6	10.9	1
156034.53790000023	1.0	71.25	1
156616.47810000024	0.4	8.7	1
157123.32500000024	0.4	8.3	1
157331.42860000025	0.8	33.75	1
157555.43890000024	0.2	5.3	1
158049.45590000023	1.0	90.0	1
158557.57960000023	0.2	4.7	1
158966.96000000022	0.8	33.75	1
159390.44710000022	0.2	4.7	1
159749.04090000023	0.6	11.7	1
160129.54140000022	0.4	7.3	1
160537.9486000002	0.4	9.3	1
160966.4625000002	0.4	6.7	1
161399.4831000002	0.2	1.5	1
161844.51040000017	0.2	4.0	1
162313.24440000017	0.4	7.9	1
162811.68510000018	0.4	9.9	1
163580.13250000018	1.0	90.0	1
164271.08660000018	0.4	7.5	1
165175.79740000019	1.0	71.25	1
166017.41490000018	0.6	12.3	1
166891.13910000017	0.6	10.7	1
167696.37000000017	0.6	10.5	1
168524.10760000016	0.4	7.5	1
169276.15190000017	0.4	8.1	1
170062.10290000017	0.6	11.3	1
171118.06060000017	1.0	90.0	1
172192.92500000016	0.4	6.3	1
173537.79610000015	1.0	90.0	1
174914.77390000015	0.6	10.7	1
176210.05840000015	0.4	6.1	1
177532.64960000015	0.4	9.1	1
178488.54750000016	0.6	11.1	1
179448.95210000017	0.2	1.5	1
180435.46340000018	0.4	8.7	1
181423.2314000002	0.8	33.75	1
182441.3061000002	0.6	10.1	1
183474.6875000002	0.2	5.1	1
184544.9756000002	0.6	12.3	1
185651.5704000002	0.6	12.1	1
186798.6719000002	0.6	13.5	1
187773.6801000002	0.4	9.3	1
188770.5950000002	0.4	7.3	1
189792.4166000002	0.4	8.3	1
190854.7449000002	0.6	13.5	1
191844.3799000002	0.4	9.1	1
192866.12160000022	0.6	10.7	1
193906.77000000022	0.4	6.3	1
194983.7251000002	0.6	12.1	1
195990.98690000022	0.6	10.1	1
197028.55540000022	0.6	10.1	1
197980.2306000002	0.2	4.7	1
198736.4125000002	0.2	1.5	1
199533.1011000002	0.6	13.5	1
200343.8964000002	0.2	4.7	1
201424.6984000002	1.0	90.0	1
202520.8071000002	0.2	5.1	1
203633.42250000022	0.2	5.5	1
204564.34460000021	0.4	6.1	1
205510.57340000023	0.2	5.1	1
205974.50890000022	0.4	5.9	1
206460.9511000002	0.4	7.5	1
206681.9000000002	0.6	11.5	1
206705.0067000002	0.4	7.7	1
206758.4201000002	0.6	10.1	1
206782.72680000018	0.4	8.1	1
206817.83350000018	0.6	11.7	1
206852.34020000018	0.6	11.5	1
206895.10360000018	0.2	2.75	1
206957.37370000017	0.4	6.5	1
207177.15050000016	1.0	52.5	1
207430.23400000017	0.6	11.1	1
207696.82420000018	0.2	4.5	1
208177.17110000018	1.0	71.25	1
208477.6247000002	0.4	6.7	1
208818.5850000002	0.6	13.5	1
208864.0520000002	0.2	1.5	1
208934.4257000002	0.4	8.3	1
209162.3061000002	1.0	52.5	1
209424.69320000018	0.6	11.5	1
209702.9870000002	0.2	5.3	1
210004.3875000002	0.4	7.7	1
210139.0947000002	0.6	11.1	1
210291.5086000002	0.4	5.9	1
210322.4153000002	0.6	10.3	1
210365.3287000002	0.2	4.0	1
210437.34880000018	0.4	9.7	1
210463.4555000002	0.4	8.7	1
210493.76220000017	0.6	10.1	1
210560.97560000018	0.6	12.3	1
210594.88230000017	0.6	11.3	1
210650.6957000002	0.4	7.3	1
210720.61580000017	0.2	4.7	1
210806.44260000018	0.2	5.3	1
210910.57610000018	0.4	6.1	1
211038.4163000002	0.4	7.9	1
211183.96320000017	0.4	5.9	1
211207.66990000018	0.4	7.9	1
211246.68330000018	0.2	5.1	1
211283.59000000017	0.6	12.3	1
211356.20340000017	0.6	11.9	1
211444.12350000016	0.2	5.1	1
211559.35030000017	0.4	9.1	1
211699.48380000016	0.4	8.3	1
211864.52400000015	0.4	8.3	1
211955.07090000014	0.4	8.5	1
212083.12450000015	0.6	12.5	1
212230.68480000016	0.4	6.5	1
212401.95180000016	0.4	7.9	1
212591.52550000016	0.4	6.1	1
212804.20590000018	0.4	7.7	1
212954.99300000016	0.6	12.7	1
213142.08680000016	0.6	12.1	1
213367.88730000018	0.6	12.9	1
213619.1945000002	0.4	8.5	1
213903.80840000018	0.6	11.1	1
214121.7290000002	0.6	11.1	1
214375.9563000002	0.6	12.1	1
214668.2903000002	0.6	12.7	1
214892.7310000002	0.6	10.7	1
215152.8784000002	0.6	11.9	1
215168.18510000018	0.2	5.1	1
215212.59850000017	0.4	9.7	1
215283.11860000016	0.4	8.7	1
215297.82530000017	0.2	4.9	1
215320.78870000018	0.2	2.75	1
215334.89540000018	0.2	4.7	1
215378.7088000002	0.4	9.9	1
215451.0289000002	0.4	9.5	1
215550.6557000002	0.4	9.1	1
215651.9124000002	0.8	33.75	1
215781.0758000002	0.4	9.3	1
215941.1459000002	0.6	10.3	1
216146.22270000022	0.8	15.0	1
216359.55620000022	0.2	2.75	1
216379.66290000023	0.4	6.7	1
216422.87630000024	0.4	7.7	1
216438.78300000023	0.2	5.3	1
216475.99640000024	0.4	7.1	1
216545.31650000025	0.6	10.7	1
216638.94330000025	0.4	8.1	1
216674.05000000025	0.6	11.7	1
216747.26340000026	0.6	12.7	1
216850.78350000025	0.6	10.1	1
216962.56030000024	0.2	2.75	1
217105.84380000024	0.6	10.5	1
217268.63400000022	0.4	6.5	1
217449.13090000022	0.4	5.9	1
217647.93450000024	0.4	6.1	1
217904.24480000025	1.0	52.5	1
218188.46180000025	0.4	9.3	1
218405.38550000027	0.6	10.9	1
218648.41590000025	0.4	8.7	1
218925.95300000024	0.6	11.5	1
219224.79680000024	0.4	7.1	1
219553.94730000023	0.6	10.1	1
220096.85450000022	1.0	71.25	1
220378.46840000022	0.6	12.9	1
220681.38900000023	0.4	7.1	1
220712.89570000023	0.6	10.5	1
220776.50910000023	0.6	10.7	1
220781.01580000023	0.2	1.5	1
220808.92250000022	0.4	9.3	1
220861.13590000023	0.4	8.1	1
220937.65600000022	0.4	8.1	1
221038.48280000023	0.4	8.1	1
221164.81630000024	0.4	8.5	1
221317.85650000023	0.4	8.9	1
221495.20340000023	0.4	8.1	1
221700.45700000023	0.4	9.3	1
221932.41730000023	0.4	8.9	1
222189.88430000024	0.4	8.5	1
222474.65800000023	0.4	9.1	1
222786.13840000023	0.4	8.9	1
223122.52550000022	0.4	8.3	1
223374.21930000023	0.2	5.1	1
223658.61980000022	0.6	10.9	1
223970.32700000022	0.4	9.1	1
224317.14090000023	0.6	11.7	1
224688.86150000023	0.4	8.3	1
225161.83880000023	0.8	33.75	1
225464.52280000024	0.4	9.9	1
225771.71350000025	0.2	1.5	1
226116.41090000025	0.6	12.5	1
226486.01500000025	0.4	8.3	1
226790.12580000024	0.6	11.5	1
226802.13250000024	0.2	4.0	1
226831.84590000025	0.4	5.9	1
226863.95260000025	0.6	10.7	1
226893.65930000026	0.4	9.9	1
226947.07270000025	0.4	7.9	1
227018.79280000026	0.4	6.1	1
227027.04950000026	0.2	2.75	1
227075.81290000025	0.6	13.5	1
227112.11960000024	0.6	12.1	1
227129.82630000025	0.4	5.9	1
227176.63970000026	0.4	9.7	1
227190.74640000027	0.2	4.7	1
227242.35980000027	0.6	12.5	1
227334.47990000027	0.6	13.5	1
227449.70670000027	0.4	7.7	1
227465.61340000026	0.2	5.3	1
227490.52010000026	0.4	8.3	1
227729.18350000025	1.0	71.25	1
228012.85360000024	0.8	15.0	1
228310.03040000022	0.2	4.5	1
228632.11390000023	0.4	8.3	1
228991.10410000023	0.6	12.3	1
229368.40100000022	0.4	6.1	1
229396.9077000002	0.4	9.5	1
229455.12110000022	0.4	9.9	1
229549.0412000002	0.6	11.9	1
229576.3479000002	0.4	9.1	1
229630.3613000002	0.4	8.9	1
229706.8814000002	0.4	7.5	1
229741.3881000002	0.6	11.5	1
229803.2015000002	0.4	9.1	1
229891.7216000002	0.4	8.9	1
230015.9484000002	0.6	11.9	1
230034.8551000002	0.4	6.3	1
230323.76850000018	1.0	90.0	1
230351.07520000017	0.4	9.1	1
230393.08860000016	0.2	4.9	1
230429.99530000016	0.6	12.3	1
230467.50200000015	0.6	12.5	1
230501.40870000015	0.6	11.3	1
230692.82210000014	1.0	52.5	1
230918.14220000015	0.6	11.3	1
231180.96900000016	0.6	12.5	1
231461.50250000015	0.4	5.9	1
231675.94270000016	0.6	11.3	1
231713.44940000016	0.6	12.5	1
231789.66280000017	0.6	12.9	1
231830.16950000016	0.6	13.5	1
231906.98290000018	0.6	12.1	1
232197.5530000002	1.0	71.25	1
232522.6298000002	0.6	11.5	1
232873.8133000002	0.4	8.7	1
233046.90350000022	0.4	7.3	1
233246.7004000002	0.4	8.9	1
233660.25400000022	1.0	71.25	1
233690.5607000002	0.6	10.1	1
233748.1741000002	0.4	9.1	1
233825.8942000002	0.4	6.7	1
233931.5210000002	0.4	9.3	1
233947.4277000002	0.2	5.3	1
233977.4411000002	0.2	4.7	1
233990.9478000002	0.2	4.5	1
234274.4612000002	1.0	90.0	1
234431.9679000002	1.0	52.5	1
234859.4813000002	1.0	90.0	1
235295.25140000018	0.2	2.75	1
235569.12820000018	0.6	12.7	1
235870.91170000017	0.4	9.3	1
235900.61840000018	0.4	9.9	1
235975.3318000002	0.8	15.0	1
236005.0385000002	0.4	9.9	1
236060.2519000002	0.4	8.5	1
236095.95860000022	0.6	11.9	1
236131.06530000022	0.6	11.7	1
236149.9720000002	0.4	6.3	1
236203.9854000002	0.6	11.7	1
236283.5055000002	0.4	8.5	1
236317.4122000002	0.6	11.3	1
236370.2256000002	0.4	6.3	1
236405.3323000002	0.6	11.7	1
236430.2390000002	0.4	8.3	1
236465.3457000002	0.6	11.7	1
236522.9591000002	0.4	7.5	1
236556.2658000002	0.6	11.1	1
236582.3725000002	0.4	8.7	1
236590.6292000002	0.2	2.75	1
236626.1926000002	0.4	9.1	1
236683.0627000002	0.4	7.1	1
236704.9694000002	0.4	7.3	1
236740.67610000022	0.6	11.9	1
236778.1828000002	0.6	12.5	1
236860.6962000002	0.8	15.0	1
236892.2029000002	0.6	10.5	1
236962.41630000022	0.6	12.9	1
236994.52300000022	0.6	10.7	1
237052.13640000022	0.4	8.5	1
237137.0565000002	0.4	9.1	1
237157.1632000002	0.4	6.7	1
237212.37660000022	0.6	11.7	1
237304.49670000022	0.6	12.3	1
237415.5235000002	0.4	6.3	1
237550.85700000022	0.4	8.1	1
237690.69720000023	0.2	1.5	1
237716.80390000023	0.4	8.7	1
237770.21730000022	0.4	9.1	1
237846.73740000022	0.4	7.7	1
237878.84410000022	0.6	10.7	1
237940.05750000023	0.4	9.7	1
237956.56420000023	0.2	5.5	1
238006.37760000024	0.6	11.1	1
238079.89770000023	0.4	7.9	1
238175.92450000023	0.4	7.5	1
238287.85800000024	0.2	5.3	1
238444.79820000025	0.8	15.0	1
238639.84510000024	0.6	12.7	1
238839.39870000025	0.2	1.5	1
239079.45900000026	0.6	13.5	1
239339.02600000027	0.4	6.5	1
239367.53270000027	0.4	9.5	1
239666.04610000027	1.0	90.0	1
239993.66620000027	0.4	9.7	1
240535.04300000027	1.0	71.25	1
240550.94970000026	0.2	5.3	1
240586.65640000027	0.6	11.9	1
240687.91310000027	0.8	33.75	1
240946.67650000026	1.0	52.5	1
241362.94660000026	1.0	52.5	1
241808.92340000026	0.4	9.9	1
242277.40690000026	0.4	7.5	1
242673.19710000025	0.4	9.1	1
243073.49400000024	0.2	1.5	1
243489.09760000024	0.2	5.1	1
243945.20790000024	0.6	13.5	1
243980.31460000025	0.6	11.7	1
244229.17800000025	1.0	71.25	1
244386.29810000025	0.2	2.75	1
244561.72490000023	0.4	6.1	1
244753.05840000024	0.2	5.3	1
244958.49860000025	0.2	4.7	1
245193.64550000025	0.4	9.9	1
245455.49910000025	0.4	8.9	1
245496.00580000025	0.6	13.5	1
245572.81920000026	0.6	12.1	1
245592.32590000026	0.4	6.5	1
245630.73930000025	0.4	6.3	1
245656.84600000025	0.4	8.7	1
245952.95940000025	1.0	90.0	1
245974.26610000024	0.4	7.1	1
245991.97280000025	0.4	5.9	1
246050.18620000026	0.6	13.5	1
246123.10630000025	0.2	4.9	1
246161.21300000025	0.6	12.7	1
246198.71970000025	0.6	12.5	1
246255.73310000025	0.4	6.5	1
246279.43980000025	0.4	7.9	1
246329.25320000027	0.4	8.7	1
246363.15990000026	0.6	11.3	1
246422.57330000025	0.4	8.5	1
246505.09340000025	0.4	7.7	1
246623.92020000026	0.6	12.1	1
246762.85370000027	0.4	6.7	1
246933.89390000026	0.6	10.7	1
247145.44080000024	0.6	13.5	1
247361.49440000026	0.2	1.5	1
247602.45470000026	0.4	8.3	1
247873.72170000026	0.6	10.1	1
247892.62840000025	0.4	6.3	1
247925.04180000024	0.2	4.5	1
248195.04850000024	1.0	90.0	1
248735.06190000023	1.0	90.0	1
249545.08200000023	1.0	90.0	1
250625.10880000022	1.0	90.0	1
250653.61550000022	0.4	9.5	1
250698.6289000002	0.2	5.5	1
250755.6490000002	0.2	4.0	1
250830.3758000002	0.4	5.9	1
250924.60930000021	0.4	6.5	1
251056.94950000022	0.6	12.7	1
251217.19640000022	0.4	9.3	1
251401.15000000023	0.4	7.9	1
251607.01030000023	0.4	7.3	1
251853.37730000023	0.6	13.5	1
251875.88400000022	0.4	7.5	1
252145.89070000022	1.0	90.0	1
252685.90410000022	1.0	90.0	1
252746.02420000022	0.4	6.7	1
253016.03090000022	1.0	90.0	1
253286.0376000002	1.0	90.0	1
253726.0510000002	1.0	90.0	1
254279.8211000002	1.0	71.25	1
255103.5979000002	1.0	90.0	1
256197.3814000002	1.0	90.0	1
257461.17160000018	1.0	90.0	1
258994.96850000016	1.0	90.0	1
260798.77210000018	1.0	90.0	1
262772.5824000002	1.0	90.0	1
265016.39940000017	1.0	90.0	1
267330.2231000002	1.0	90.0	1
269914.05350000015	1.0	90.0	1
272434.7906000002	0.6	12.3	1
274994.2344000002	0.6	12.9	1
277582.7849000002	0.4	9.7	1
280189.0421000002	0.4	5.9	1
282819.00600000017	0.4	7.9	1
285486.47660000017	0.6	12.5	1
288169.85390000016	0.2	5.3	1
290966.9879000002	1.0	71.25	1
293977.8786000002	1.0	71.25	1
297158.7760000002	1.0	90.0	1
300509.6801000002	1.0	90.0	1
304074.3409000002	1.0	71.25	1
307909.00840000017	1.0	90.0	1
311857.4326000002	1.0	71.25	1
316075.86350000015	1.0	90.0	1
320464.30110000016	1.0	90.0	1
325066.49540000013	1.0	71.25	1
329938.69640000013	1.0	90.0	1
335080.90410000016	1.0	90.0	1
340336.86850000016	1.0	71.25	1
345806.5896000002	1.0	71.25	1
351546.3174000002	1.0	90.0	1
357556.0519000002	1.0	90.0	1
363779.5431000002	1.0	71.25	1
370216.7910000002	1.0	71.25	1
376867.7956000002	1.0	71.25	1
383732.5569000002	1.0	71.25	1
390867.3249000002	1.0	90.0	1
398272.0996000002	1.0	90.0	1
405946.88100000017	1.0	90.0	1
413791.6691000002	1.0	90.0	1
421850.21390000015	1.0	71.25	1
430022.51540000015	1.0	71.25	1
438464.8236000001	1.0	90.0	1
447077.1385000001	1.0	90.0	1
455728.1601000001	0.6	12.9	1
464387.4384000001	0.2	2.75	1
473062.6234000001	0.2	5.3	1
481759.1151000001	0.4	7.1	1
490370.3135000001	0.2	4.9	1
498995.0186000001	0.2	4.5	1
507652.4304000001	0.6	10.9	1
516332.3489000001	0.4	7.5	1
525042.5741000001	0.6	10.1	1
533797.8060000001	0.8	15.0	1
542723.0446000001	1.0	90.0	1
551918.2899000001	1.0	90.0	1
561383.5419000001	1.0	90.0	1
570767.7006000001	0.4	6.3	1
580421.8660000002	1.0	90.0	1
590105.1381000001	0.4	9.7	1
599813.9169000001	0.4	8.5	1
609555.4024	0.6	10.9	1
619325.3946	0.4	9.5	1
629129.8935	0.6	11.5	1
639104.3991	1.0	90.0	1
649248.9114	1.0	90.0	1
659463.4304	1.0	90.0	1
667947.9561	1.0	90.0	1
676502.4885	1.0	90.0	1
685327.0276	1.0	90.0	1
693896.5734	0.8	15.0	1
702504.8258999999	0.6	12.9	1
711183.0850999999	1.0	90.0	1
720131.3509999999	1.0	90.0	1
729349.6235999999	1.0	90.0	1
738837.9029	1.0	90.0	1
748496.1889	1.0	90.0	1
758424.4815999999	1.0	90.0	1
768422.781	1.0	90.0	1
778166.0871	0.8	15.0	1
787422.8999	0.2	4.5	1
796837.2194	1.0	52.5	1
805652.7956	0.8	33.75	1
812891.4785	0.4	7.7	1
820159.2681	0.4	9.7	1
827250.1644	0.4	7.7	1
834363.5674	0.4	7.5	1
841400.0771000001	0.4	7.7	1
848474.6935	0.6	12.7	1
855561.3166	0.2	4.0	1
862671.6464	0.4	7.9	1
869805.6829	0.4	7.9	1
871540.9761	0.8	33.75	1
871581.4828	0.6	13.5	1
871658.2962	0.6	12.1	1
871764.2163	0.4	9.7	1
871794.5229999999	0.6	10.1	1
871808.0297	0.2	4.5	1
871839.5364	0.6	10.5	1
871862.0431	0.4	7.5	1
871912.4565	0.4	9.3	1
871985.3766	0.4	7.5	1
872084.4034	0.4	8.7	1
872118.9101	0.6	11.5	1
872187.9235	0.6	11.5	1
872232.9302000001	0.8	15.0	1
872305.8436	0.4	9.3	1
872404.2637	0.4	8.5	1
872519.1905	0.2	5.5	1
872551.8972	0.6	10.9	1
872572.0039	0.4	6.7	1
872626.6173	0.6	11.5	1
872662.924	0.6	12.1	1
872724.7374	0.4	8.5	1
872813.2575	0.4	8.9	1
872928.4842999999	0.4	8.9	1
873077.6177999999	0.6	11.3	1
873112.7244999999	0.6	11.7	1
873138.8311999999	0.4	8.7	1
873197.6445999999	0.6	10.9	1
873217.1512999999	0.4	6.5	1
873244.4579999999	0.4	9.1	1
873300.8713999998	0.4	9.7	1
873319.7780999999	0.4	6.3	1
873350.0847999998	0.6	10.1	1
873364.1914999998	0.2	4.7	1
873535.8048999999	1.0	52.5	1
873570.3115999999	0.6	11.5	1
873620.1249999999	0.2	5.1	1
