16.5333	0.9	6.2	1
78.9333	0.02	17.2	1
180.8	0.94	14.8	1
329.06669999999997	0.03	17.4	1
523.7334	0.03	17.4	1
764.5334	0.04	17.3	1
1048.0001	0.99	16.0	1
1377.0668	0.02	17.1	1
1731.2002	0.96	9.4	1
2130.9336	0.02	17.1	1
2552.267	0.98	8.1	1
3019.2003999999997	0.01	17.1	1
3533.3337999999994	0.06	17.7	1
4093.0671999999995	0.02	17.1	1
4699.467299999999	0.03	17.5	1
5351.7341	0.02	17.2	1
6051.7342	0.06	17.9	1
6773.601	0.86	8.2	1
7518.667799999999	0.9	8.7	1
8286.1346	0.89	8.4	1
9100.2681	0.04	17.5	1
9934.6683	0.93	7.6	1
10810.4018	0.96	15.5	1
11729.335299999999	0.89	16.2	1
12674.9355	0.91	10.0	1
13636.0024	0.93	5.8	1
14642.936	0.02	17.2	1
15695.4696	0.03	17.1	1
16793.6032	0.02	17.1	1
17935.2035	0.9	16.3	1
19122.6705	0.02	17.2	1
20334.4042	0.99	9.1	1
21592.0046	0.03	17.2	1
22896.005	0.02	17.4	1
24220.005400000002	0.96	7.5	1
25589.8725	0.03	17.2	1
26979.7396	0.9	7.5	1
28391.206700000002	0.96	8.1	1
29824.273800000003	0.97	8.1	1
31303.2076	0.03	17.2	1
32803.2081	0.9	7.9	1
34326.941900000005	0.95	8.9	1
35896.542400000006	0.03	17.2	1
37512.009600000005	0.02	17.2	1
39166.67680000001	0.89	14.7	1
40862.41070000001	0.93	15.4	1
42604.27790000001	0.04	17.3	1
44392.01180000001	0.03	17.2	1
46221.345700000005	0.93	15.6	1
48096.27960000001	0.01	17.1	1
50017.61350000001	0.02	17.4	1
