0.9391	0.51	0.7	1
23.8782	0.02	17.2	1
66.82310000000001	0.86	15.0	1
132.70710000000003	0.02	17.2	1
221.66360000000003	0.03	17.3	1
333.42590000000007	0.03	17.1	1
458.7940000000001	0.95	10.2	1
606.9679000000001	0.02	17.1	1
778.0809000000002	0.02	17.2	1
972.1330000000002	0.02	17.2	1
1189.1242000000002	0.02	17.2	1
1429.1879000000001	0.02	17.3	1
1692.1907	0.03	17.2	1
1978.1326000000001	0.02	17.2	1
2287.4136000000003	0.11	17.5	1
2619.5004000000004	0.01	17.1	1
2974.5263000000004	0.01	17.2	1
3352.6247000000003	0.03	17.3	1
3754.1956000000005	0.04	17.6	1
4178.9723	0.03	17.4	1
4626.6881	0.07	17.2	1
5097.343000000001	0.03	17.2	1
5590.937000000001	0.02	17.2	1
6107.336800000001	0.01	17.1	1
6646.675700000001	0.01	17.2	1
7197.4871	0.89	8.6	1
7771.371	0.03	17.3	1
8354.8607	0.96	7.2	1
8961.289499999999	0.01	17.2	1
9580.657399999998	0.94	9.7	1
10222.964399999999	0.03	17.2	1
10885.410499999998	0.89	15.1	1
11556.929099999998	0.94	6.8	1
12248.586799999997	0.98	15.1	1
12963.050299999997	0.03	17.1	1
13700.452899999997	0.02	17.2	1
14458.794599999997	0.94	15.7	1
15240.075399999998	0.03	17.2	1
16044.828699999998	0.05	17.6	1
16872.387799999997	0.03	17.1	1
17723.019399999997	0.01	17.3	1
18596.456799999996	0.01	17.1	1
19492.833299999995	0.02	17.2	1
20412.148899999993	0.01	17.2	1
21355.070299999992	0.04	17.7	1
22320.797499999993	0.02	17.1	1
23309.730499999994	0.02	17.4	1
24321.469299999993	0.02	17.1	1
25356.147199999992	0.02	17.2	1
26413.630899999993	0.08	17.1	1
27493.92039999999	0.01	17.1	1
28597.41569999999	0.02	17.4	1
29723.85009999999	0.02	17.2	1
30873.22359999999	0.03	17.2	1
32045.53619999999	0.03	17.2	1
33240.78789999999	0.02	17.2	1
34458.978699999985	0.04	17.2	1
35699.975299999984	0.02	17.1	1
36964.044399999984	0.03	17.3	1
38250.91929999999	0.02	17.1	1
39560.999999999985	0.02	17.4	1
40893.886499999986	0.01	17.1	1
42247.045499999986	0.95	15.2	1
43620.476999999984	0.89	15.2	1
45017.24759999999	0.03	17.5	1
46434.823999999986	0.93	15.6	1
47875.206199999986	0.02	17.1	1
49338.66089999999	0.03	17.3	1
50824.921399999985	0.03	17.1	1
52334.120999999985	0.04	17.2	1
53866.12639999999	0.03	17.1	1
55420.93759999999	0.02	17.1	1
56998.82129999999	0.02	17.3	1
58599.64409999999	0.09	17.2	1
60223.27269999999	0.01	17.1	1
61869.84039999999	0.02	17.2	1
63536.547199999986	0.95	15.1	1
