2.1	0.57	0.1	1
6.300000000000001	0.48	0.1	1
14.700000000000001	0.57	0.2	1
29.400000000000002	0.45	0.3	1
48.3	0.47	0.2	1
71.39999999999999	0.4	0.2	1
96.6	0.7	0.1	1
126.0	0.5	0.2	1
161.7	0.5	0.3	1
201.6	0.48	0.2	1
245.7	0.56	0.2	1
294.0	0.47	0.2	1
346.5	0.56	0.2	1
403.2	0.46	0.2	1
464.1	0.69	0.2	1
529.2	0.52	0.2	1
600.6	0.42	0.3	1
676.2	0.53	0.2	1
756.0	0.52	0.2	1
840.0	0.58	0.2	1
928.2	0.39	0.2	1
1018.5	0.68	0.1	1
1110.9	0.57	0.1	1
1207.5	0.44	0.2	1
1308.3	0.44	0.2	1
1413.3	0.43	0.2	1
1522.5	0.54	0.2	1
1633.8	0.69	0.1	1
1747.2	0.63	0.1	1
1864.8	0.51	0.2	1
1986.6	0.53	0.2	1
2110.5	0.66	0.1	1
2236.5	0.54	0.1	1
2366.7	0.64	0.2	1
2499.0	0.63	0.1	1
2635.5	0.52	0.2	1
2776.2	0.42	0.2	1
2921.1	0.69	0.2	1
3070.2	0.57	0.2	1
3223.5	0.41	0.2	1
3378.9	0.54	0.1	1
3540.6	0.51	0.3	1
3704.4	0.72	0.1	1
3872.4	0.65	0.2	1
4044.6	0.46	0.2	1
4223.1	0.47	0.3	1
4403.700000000001	0.56	0.1	1
4586.400000000001	0.52	0.1	1
4771.200000000001	0.62	0.1	1
4960.200000000001	0.54	0.2	1
5151.300000000001	0.58	0.1	1
5344.500000000001	0.53	0.1	1
5546.100000000001	0.33	0.4	1
5751.9000000000015	0.48	0.2	1
5961.9000000000015	0.59	0.2	1
6174.000000000002	0.62	0.1	1
6388.200000000002	0.69	0.1	1
6606.600000000001	0.55	0.2	1
6829.200000000002	0.59	0.2	1
7053.9000000000015	0.64	0.1	1
7282.800000000001	0.52	0.2	1
7515.9000000000015	0.56	0.2	1
7753.200000000002	0.53	0.2	1
7994.700000000002	0.58	0.2	1
8238.300000000001	0.65	0.1	1
8486.1	0.52	0.2	1
8736.0	0.5	0.1	1
8990.1	0.44	0.2	1
9248.4	0.65	0.2	1
9510.9	0.61	0.2	1
9777.6	0.56	0.2	1
10046.4	0.6	0.1	1
10321.5	0.42	0.3	1
10600.8	0.48	0.2	1
10884.3	0.58	0.2	1
11172.0	0.49	0.2	1
11463.9	0.42	0.2	1
11760.0	0.48	0.2	1
12060.3	0.49	0.2	1
12364.8	0.58	0.2	1
12671.4	0.54	0.1	1
12984.3	0.49	0.3	1
13301.4	0.51	0.2	1
13622.699999999999	0.5	0.2	1
13948.199999999999	0.53	0.2	1
14275.8	0.67	0.1	1
14605.5	0.6	0.1	1
14937.3	0.75	0.1	1
15273.3	0.53	0.2	1
15615.599999999999	0.48	0.3	1
15962.099999999999	0.48	0.2	1
16312.8	0.51	0.2	1
16665.6	0.76	0.1	1
17020.5	0.66	0.1	1
17379.6	0.45	0.2	1
17742.899999999998	0.49	0.2	1
18110.399999999998	0.55	0.2	1
18479.999999999996	0.53	0.1	1
18853.799999999996	0.68	0.2	1
19229.699999999997	0.75	0.1	1
19609.799999999996	0.51	0.2	1
19991.999999999996	0.52	0.1	1
20376.299999999996	0.58	0.1	1
20764.799999999996	0.69	0.2	1
21159.599999999995	0.48	0.3	1
21558.599999999995	0.62	0.2	1
21959.699999999993	0.53	0.1	1
22367.099999999995	0.27	0.3	1
22778.699999999993	0.64	0.2	1
23194.499999999993	0.6	0.2	1
23614.499999999993	0.5	0.2	1
24038.699999999993	0.58	0.2	1
24464.999999999993	0.75	0.1	1
24894.499999999993	0.41	0.2	1
25326.09999999999	0.56	0.1	1
25763.999999999993	0.48	0.3	1
26206.09999999999	0.48	0.2	1
26654.499999999993	0.43	0.3	1
27107.09999999999	0.55	0.2	1
27565.999999999993	0.38	0.3	1
28029.09999999999	0.55	0.2	1
28496.39999999999	0.56	0.2	1
28967.89999999999	0.53	0.2	1
29443.59999999999	0.45	0.2	1
29923.499999999993	0.5	0.2	1
30407.59999999999	0.59	0.2	1
30897.999999999993	0.41	0.3	1
31394.699999999993	0.54	0.3	1
31895.599999999995	0.63	0.2	1
32400.699999999993	0.55	0.2	1
32909.99999999999	0.46	0.2	1
33423.49999999999	0.74	0.2	1
33941.19999999999	0.56	0.2	1
34460.99999999999	0.6	0.1	1
34984.99999999999	0.46	0.2	1
35515.299999999996	0.36	0.3	1
36049.799999999996	0.48	0.2	1
36588.49999999999	0.53	0.2	1
37129.299999999996	0.54	0.1	1
37674.299999999996	0.43	0.2	1
38223.49999999999	0.52	0.2	1
38774.799999999996	0.7	0.1	1
39330.299999999996	0.49	0.2	1
39889.99999999999	0.53	0.2	1
40451.799999999996	0.69	0.1	1
41015.7	0.66	0.1	1
41581.7	0.68	0.1	1
42151.899999999994	0.46	0.2	1
42728.399999999994	0.52	0.3	1
43306.99999999999	0.52	0.1	1
43889.799999999996	0.55	0.2	1
44474.7	0.68	0.1	1
45063.799999999996	0.49	0.2	1
45657.1	0.6	0.2	1
46254.6	0.55	0.2	1
46854.2	0.57	0.1	1
47458.0	0.63	0.2	1
48066.0	0.68	0.2	1
48678.2	0.52	0.2	1
49296.7	0.45	0.3	1
49919.399999999994	0.57	0.2	1
50545.299999999996	0.57	0.2	1
51173.299999999996	0.59	0.1	1
51805.49999999999	0.42	0.2	1
52439.799999999996	0.68	0.1	1
53078.299999999996	0.47	0.2	1
53718.899999999994	0.66	0.1	1
54363.7	0.58	0.2	1
55012.7	0.57	0.2	1
55665.899999999994	0.39	0.2	1
56321.2	0.59	0.1	1
56978.6	0.61	0.1	1
57640.2	0.44	0.2	1
58303.899999999994	0.61	0.1	1
58969.7	0.59	0.1	1
59637.6	0.65	0.1	1
60309.7	0.59	0.2	1
60983.899999999994	0.62	0.1	1
61662.299999999996	0.45	0.2	1
62344.899999999994	0.48	0.2	1
63029.59999999999	0.61	0.1	1
63716.399999999994	0.54	0.1	1
64407.399999999994	0.54	0.2	1
65102.59999999999	0.5	0.2	1
65801.99999999999	0.43	0.2	1
66505.59999999999	0.6	0.2	1
67213.4	0.54	0.2	1
67923.29999999999	0.56	0.1	1
68635.29999999999	0.55	0.1	1
69353.59999999999	0.39	0.3	1
70076.09999999999	0.57	0.2	1
70800.7	0.7	0.1	1
71529.5	0.55	0.2	1
72260.4	0.6	0.1	1
72995.5	0.57	0.2	1
73734.8	0.61	0.2	1
74478.3	0.53	0.2	1
75226.0	0.57	0.2	1
75976.0	0.49	0.3	1
76730.2	0.56	0.2	1
77490.7	0.51	0.3	1
78257.5	0.59	0.3	1
79030.6	0.46	0.3	1
