0.3667	0.58	0.2	1
1.1000999999999999	0.57	0.2	1
2.2001999999999997	0.45	0.2	1
3.4836	0.66	0.1	1
5.1337	0.54	0.2	1
6.9671	0.61	0.1	1
9.167200000000001	0.55	0.2	1
11.917300000000001	0.44	0.3	1
15.217400000000001	0.44	0.3	1
19.067500000000003	0.43	0.3	1
23.2843	0.47	0.2	1
27.867800000000003	0.54	0.2	1
32.818000000000005	0.63	0.2	1
37.9515	0.64	0.1	1
43.4517	0.52	0.2	1
49.501900000000006	0.46	0.3	1
55.735400000000006	0.57	0.1	1
62.33560000000001	0.5	0.2	1
69.30250000000001	0.5	0.2	1
76.63610000000001	0.53	0.2	1
84.33640000000001	0.48	0.2	1
92.22000000000001	0.57	0.1	1
100.47030000000001	0.48	0.2	1
109.08730000000001	0.64	0.2	1
118.07100000000001	0.61	0.2	1
127.60470000000001	0.41	0.3	1
137.5051	0.6	0.2	1
147.5888	0.56	0.1	1
157.8558	0.79	0.1	1
168.3061	0.48	0.1	1
179.1231	0.51	0.2	1
190.30679999999998	0.59	0.2	1
201.85719999999998	0.53	0.2	1
213.77429999999998	0.56	0.2	1
225.8747	0.71	0.1	1
238.34179999999998	0.42	0.2	1
251.17559999999997	0.49	0.2	1
264.37609999999995	0.47	0.2	1
277.94329999999997	0.62	0.2	1
291.69379999999995	0.53	0.1	1
305.811	0.64	0.2	1
320.1115	0.71	0.1	1
334.77869999999996	0.49	0.2	1
349.99589999999995	0.4	0.3	1
365.5798	0.42	0.2	1
381.5304	0.52	0.2	1
397.66429999999997	0.6	0.1	1
414.1649	0.54	0.2	1
430.8488	0.66	0.1	1
447.89939999999996	0.67	0.2	1
465.13329999999996	0.69	0.1	1
482.73389999999995	0.65	0.2	1
500.7012	0.7	0.2	1
519.0351999999999	0.52	0.2	1
537.5524999999999	0.62	0.1	1
556.2530999999999	0.55	0.1	1
575.3204	0.47	0.2	1
594.7543999999999	0.5	0.2	1
614.3716999999999	0.71	0.1	1
634.1723	0.56	0.1	1
654.3395999999999	0.55	0.2	1
674.6901999999999	0.65	0.1	1
695.4074999999999	0.48	0.2	1
716.3081	0.64	0.1	1
737.3919999999999	0.68	0.1	1
758.8426	0.73	0.2	1
780.4765	0.58	0.1	1
802.2937	0.71	0.1	1
824.4775999999999	0.5	0.2	1
847.2114999999999	0.44	0.3	1
870.3120999999999	0.71	0.2	1
893.5959999999999	0.67	0.1	1
917.2466	0.56	0.2	1
941.0804999999999	0.51	0.1	1
965.4644	0.44	0.3	1
990.2149999999999	0.6	0.2	1
1015.3322999999999	0.66	0.2	1
1040.8163	0.41	0.2	1
1066.667	0.47	0.2	1
1092.8844	0.5	0.2	1
1119.2850999999998	0.54	0.1	1
1146.0524999999998	0.6	0.2	1
1173.1865999999998	0.47	0.2	1
1200.6873999999998	0.47	0.2	1
1228.5548999999999	0.44	0.2	1
1256.9723999999999	0.38	0.3	1
1284.7566	0.57	0.2	1
1312.9075	0.62	0.2	1
1341.4251	0.52	0.2	1
1370.3093999999999	0.56	0.2	1
1399.377	0.85	0.1	1
1428.6279	0.71	0.1	1
1458.2455	0.51	0.2	1
1488.2298	0.48	0.2	1
1518.3974	0.52	0.1	1
1548.9317	0.58	0.2	1
1579.8327000000002	0.72	0.2	1
1611.1004000000003	0.41	0.2	1
1642.7348000000002	0.51	0.2	1
1674.5525000000002	0.62	0.1	1
1706.7369000000003	0.6	0.2	1
1739.1046000000003	0.56	0.1	1
1771.8390000000004	0.53	0.2	1
1805.1234000000004	0.39	0.3	1
1838.7745000000004	0.52	0.2	1
1872.6089000000004	0.76	0.1	1
1906.9933000000003	0.44	0.3	1
1941.5610000000004	0.58	0.1	1
1976.4954000000005	0.52	0.2	1
2011.7965000000004	0.37	0.2	1
2047.2809000000004	0.71	0.1	1
2083.1320000000005	0.64	0.2	1
2119.5331000000006	0.48	0.3	1
2156.484200000001	0.49	0.3	1
2193.8020000000006	0.57	0.2	1
2231.4865000000004	0.5	0.2	1
2269.5377000000003	0.71	0.2	1
2308.1389000000004	0.43	0.3	1
2346.9234000000006	0.58	0.1	1
2386.0746000000004	0.59	0.2	1
2425.4091000000003	0.61	0.1	1
2465.2936000000004	0.4	0.3	1
2505.5448000000006	0.6	0.2	1
2546.3460000000005	0.44	0.3	1
2587.5139000000004	0.64	0.2	1
2629.2318000000005	0.56	0.3	1
2671.3164000000006	0.59	0.2	1
2713.767700000001	0.48	0.2	1
2756.4023000000007	0.61	0.1	1
2799.4036000000006	0.58	0.2	1
2842.7716000000005	0.52	0.2	1
2886.5063000000005	0.54	0.2	1
2930.6077000000005	0.5	0.2	1
2975.2591000000007	0.45	0.3	1
3019.0938000000006	0.55	0.1	1
3063.4785000000006	0.43	0.3	1
3108.2299000000007	0.34	0.2	1
3153.1646000000005	0.7	0.1	1
3198.6493000000005	0.36	0.3	1
3244.3173000000006	0.65	0.1	1
3290.1686000000004	0.59	0.1	1
3336.2032000000004	0.62	0.1	1
3382.4211000000005	0.6	0.1	1
3429.0057000000006	0.59	0.2	1
3476.1403000000005	0.44	0.3	1
3523.4582000000005	0.58	0.1	1
3570.9594000000006	0.65	0.1	1
3618.6439000000005	0.54	0.1	1
3666.6951000000004	0.47	0.2	1
3714.9296000000004	0.55	0.1	1
3763.3474000000006	0.54	0.1	1
3812.1319000000008	0.57	0.2	1
3868.616400000001	0.03	4.2	1
3925.284200000001	0.73	0.1	1
3982.318700000001	0.48	0.2	1
4039.719900000001	0.42	0.2	1
4097.487800000001	0.46	0.2	1
4155.622400000001	0.46	0.2	1
4214.123700000001	0.49	0.2	1
4272.808300000001	0.59	0.1	1
4331.676200000001	0.53	0.1	1
4391.094100000001	0.39	0.3	1
4450.695300000001	0.68	0.1	1
4510.479800000001	0.69	0.1	1
4570.447600000001	0.55	0.1	1
4630.598700000001	0.5	0.1	1
4687.299800000002	0.51	0.3	1
4744.367600000001	0.65	0.2	1
4801.985400000001	0.55	0.3	1
4859.969900000001	0.67	0.2	1
