0.3169	0.39	0.2	1
1.1063	0.31	0.3	1
2.2126	0.58	0.2	1
3.6358	0.53	0.2	1
5.2204	0.65	0.1	1
7.2775	0.4	0.3	1
9.496	0.52	0.1	1
12.031400000000001	0.57	0.2	1
14.883700000000001	0.59	0.2	1
17.8974	0.67	0.1	1
21.228	0.55	0.2	1
24.875500000000002	0.55	0.2	1
28.839900000000004	0.51	0.2	1
33.1212	0.46	0.2	1
37.875	0.46	0.3	1
43.1013	0.4	0.3	1
48.6445	0.61	0.2	1
54.3491	0.62	0.1	1
60.5262	0.53	0.3	1
66.8647	0.56	0.1	1
73.5201	0.54	0.2	1
80.648	0.35	0.3	1
88.0928	0.53	0.2	1
95.8545	0.49	0.2	1
103.9331	0.5	0.2	1
112.17309999999999	0.53	0.1	1
120.57449999999999	0.7	0.1	1
129.2928	0.52	0.2	1
138.328	0.67	0.2	1
147.6801	0.47	0.2	1
157.34910000000002	0.46	0.2	1
167.49060000000003	0.57	0.3	1
177.94900000000004	0.52	0.2	1
188.56880000000004	0.6	0.1	1
199.35000000000005	0.52	0.1	1
210.44810000000004	0.6	0.2	1
221.70760000000004	0.7	0.1	1
233.43960000000004	0.4	0.3	1
245.48850000000004	0.53	0.2	1
257.8543	0.42	0.2	1
270.53700000000003	0.62	0.2	1
283.5366	0.57	0.2	1
297.00870000000003	0.5	0.3	1
310.7977	0.5	0.2	1
324.90360000000004	0.53	0.2	1
339.32640000000004	0.45	0.2	1
354.06610000000006	0.49	0.2	1
369.12270000000007	0.46	0.2	1
384.49620000000004	0.44	0.2	1
400.03110000000004	0.63	0.1	1
416.03850000000006	0.38	0.3	1
432.51840000000004	0.41	0.3	1
449.15970000000004	0.63	0.1	1
466.1179	0.63	0.2	1
483.2375	0.64	0.1	1
500.5185	0.62	0.1	1
518.272	0.36	0.3	1
536.498	0.38	0.3	1
555.1965	0.49	0.3	1
574.2119	0.53	0.2	1
593.6998	0.45	0.3	1
613.8157	0.21	0.4	1
634.093	0.64	0.1	1
654.6872	0.53	0.2	1
675.5983	0.54	0.2	1
696.8263	0.57	0.2	1
718.3711999999999	0.55	0.2	1
740.3885999999999	0.46	0.3	1
762.8784999999999	0.41	0.3	1
785.8408999999999	0.43	0.3	1
808.9646999999999	0.6	0.1	1
832.4053999999999	0.7	0.2	1
856.0074999999998	0.48	0.1	1
880.0820999999999	0.42	0.3	1
904.3180999999998	0.7	0.1	1
928.7154999999998	0.57	0.1	1
953.2742999999998	0.64	0.1	1
978.1499999999999	0.7	0.2	1
1003.3425999999998	0.5	0.2	1
1028.8520999999998	0.62	0.2	1
1054.523	0.58	0.1	1
1080.5108	0.39	0.2	1
1106.8155	0.57	0.2	1
1133.4370999999999	0.6	0.2	1
1160.3755999999998	0.48	0.2	1
1187.6309999999999	0.65	0.2	1
1215.0477999999998	0.58	0.1	1
1242.7814999999998	0.6	0.2	1
1270.9877	0.27	0.3	1
1299.3553	0.47	0.1	1
1328.1953999999998	0.42	0.3	1
1357.5079999999998	0.42	0.3	1
1387.1374999999998	0.5	0.2	1
1417.0838999999999	0.48	0.2	1
1447.3472	0.47	0.2	1
1477.7719	0.73	0.1	1
1508.6691	0.39	0.3	1
1540.0388	0.43	0.3	1
1571.7254	0.44	0.2	1
1603.8845000000001	0.4	0.3	1
1636.2050000000002	0.61	0.1	1
1668.8424000000002	0.52	0.2	1
1701.7967000000003	0.45	0.2	1
1735.0679000000002	0.56	0.2	1
1768.5005000000003	0.55	0.1	1
1802.0945000000004	0.65	0.1	1
1836.1610000000003	0.37	0.3	1
1870.5444000000002	0.52	0.2	1
1905.2447000000002	0.6	0.2	1
1940.4175000000002	0.43	0.3	1
1976.2183000000002	0.31	0.4	1
2012.3360000000002	0.5	0.2	1
2048.7706000000003	0.5	0.2	1
2085.5221	0.59	0.2	1
2122.5905000000002	0.36	0.2	1
2158.8203000000003	0.76	0.1	1
2195.367	0.62	0.2	1
2232.2306000000003	0.57	0.2	1
2269.2556000000004	0.64	0.1	1
2306.4420000000005	0.63	0.1	1
2343.9453000000003	0.53	0.2	1
2381.7655000000004	0.46	0.2	1
2419.9026000000003	0.55	0.2	1
2458.3566000000005	0.48	0.2	1
2497.1275000000005	0.51	0.2	1
2536.5264000000006	0.36	0.4	1
2576.2422000000006	0.5	0.2	1
2616.274900000001	0.52	0.2	1
2656.469000000001	0.69	0.1	1
2696.980000000001	0.44	0.2	1
2737.652400000001	0.56	0.1	1
2778.641700000001	0.58	0.2	1
2819.792400000001	0.62	0.1	1
2861.1045000000013	0.54	0.1	1
2902.733500000001	0.6	0.2	1
2944.8350000000014	0.43	0.3	1
2987.2534000000014	0.61	0.2	1
3029.9887000000012	0.48	0.2	1
3073.0409000000013	0.5	0.2	1
3116.410000000001	0.46	0.2	1
3160.0960000000014	0.56	0.2	1
3204.0989000000013	0.43	0.2	1
3248.2632000000012	0.82	0.1	1
3292.7444000000014	0.59	0.2	1
3337.5425000000014	0.59	0.2	1
3382.657500000001	0.52	0.2	1
3428.089400000001	0.53	0.2	1
3473.682700000001	0.65	0.1	1
3519.437400000001	0.75	0.1	1
3565.5090000000014	0.69	0.2	1
3611.7420000000016	0.61	0.1	1
3658.2919000000015	0.52	0.2	1
3705.0032000000015	0.7	0.1	1
3752.0314000000017	0.52	0.2	1
3799.221000000002	0.58	0.1	1
3846.727500000002	0.66	0.2	1
3894.3954000000017	0.62	0.1	1
3942.380200000002	0.52	0.2	1
3990.681900000002	0.54	0.2	1
4039.4561000000017	0.56	0.3	1
4088.547200000002	0.51	0.2	1
4136.955200000002	0.55	0.2	1
4185.5246000000025	0.64	0.1	1
4234.410900000003	0.43	0.2	1
4283.6141000000025	0.49	0.2	1
4333.134200000002	0.6	0.2	1
4382.815700000002	0.57	0.1	1
4432.814100000002	0.47	0.2	1
4483.1294000000025	0.52	0.2	1
4533.7616000000025	0.51	0.2	1
4584.5552000000025	0.55	0.1	1
4635.665700000002	0.51	0.2	1
4686.937600000002	0.56	0.1	1
4738.370900000002	0.67	0.1	1
4790.121100000002	0.67	0.2	1
4842.0327000000025	0.63	0.1	1
4894.105700000003	0.68	0.1	1
4946.651200000003	0.43	0.3	1
4999.358100000003	0.65	0.1	1
5052.226400000003	0.7	0.1	1
5105.411600000003	0.58	0.2	1
5158.758200000003	0.7	0.1	1
5212.266200000003	0.63	0.1	1
5265.9356000000025	0.6	0.1	1
5319.766400000002	0.75	0.1	1
5373.758600000002	0.69	0.1	1
5427.912200000002	0.69	0.1	1
5482.382700000002	0.55	0.2	1
5537.014600000002	0.6	0.1	1
5591.8079000000025	0.61	0.1	1
5646.918100000003	0.42	0.2	1
5702.3452000000025	0.5	0.2	1
5757.933700000002	0.77	0.1	1
5809.839100000002	0.64	0.2	1
5862.217000000002	0.44	0.3	1
5914.911800000003	0.53	0.2	1
5967.923500000003	0.59	0.2	1
