0.2725	0.39	0.2	1
0.8175000000000001	0.43	0.2	1
1.5016000000000003	0.55	0.1	1
2.3248	0.66	0.1	1
3.4205000000000005	0.62	0.2	1
4.7887	0.74	0.2	1
6.296000000000001	0.63	0.1	1
8.075800000000001	0.49	0.2	1
10.128100000000002	0.48	0.2	1
12.319500000000001	0.61	0.1	1
14.650000000000002	0.56	0.1	1
17.119600000000002	0.55	0.1	1
19.995	0.39	0.3	1
23.1429	0.44	0.2	1
26.5633	0.52	0.2	1
30.2562	0.53	0.2	1
34.2216	0.5	0.2	1
38.459500000000006	0.54	0.2	1
42.9699	0.6	0.2	1
47.6194	0.55	0.1	1
52.541399999999996	0.59	0.2	1
57.735899999999994	0.53	0.2	1
63.20289999999999	0.44	0.2	1
69.0757	0.44	0.3	1
75.0876	0.69	0.1	1
81.23859999999999	0.65	0.1	1
87.52869999999999	0.71	0.1	1
94.09129999999999	0.54	0.2	1
100.79299999999999	0.48	0.1	1
107.76719999999999	0.63	0.2	1
115.41389999999998	0.23	0.5	1
123.33309999999999	0.46	0.2	1
131.5248	0.58	0.2	1
139.989	0.56	0.2	1
148.72570000000002	0.48	0.2	1
157.7349	0.55	0.2	1
167.0166	0.56	0.2	1
176.7041	0.44	0.3	1
186.66410000000002	0.48	0.2	1
197.02990000000003	0.4	0.3	1
207.6682	0.56	0.2	1
218.7123	0.39	0.3	1
230.0289	0.41	0.2	1
241.7513	0.45	0.3	1
253.87949999999998	0.46	0.3	1
266.2802	0.59	0.2	1
278.9534	0.44	0.2	1
291.8991	0.58	0.2	1
305.1173	0.52	0.2	1
318.4746	0.68	0.1	1
331.971	0.72	0.1	1
345.7399	0.46	0.2	1
359.6479	0.64	0.1	1
373.695	0.59	0.1	1
387.8812	0.58	0.1	1
402.3399	0.56	0.2	1
417.0711	0.47	0.2	1
432.2081	0.42	0.3	1
447.4842	0.63	0.1	1
463.0328	0.52	0.2	1
478.98720000000003	0.38	0.3	1
495.08070000000004	0.65	0.1	1
511.4467	0.52	0.2	1
527.9518	0.56	0.1	1
544.7294	0.44	0.2	1
561.9128000000001	0.46	0.3	1
579.2353	0.6	0.1	1
596.8303000000001	0.62	0.2	1
614.8311000000001	0.46	0.3	1
633.1044	0.56	0.2	1
651.6502	0.52	0.2	1
670.6018	0.39	0.3	1
689.6925	0.69	0.1	1
709.0557	0.55	0.2	1
728.558	0.6	0.1	1
748.1994	0.56	0.1	1
768.2466	0.42	0.3	1
788.5663	0.51	0.2	1
809.2918	0.41	0.3	1
830.2898	0.56	0.2	1
851.4269	0.55	0.1	1
872.8365	0.53	0.2	1
894.5186	0.5	0.2	1
916.3398	0.46	0.1	1
938.3000999999999	0.69	0.1	1
960.5328999999999	0.44	0.2	1
983.0382	0.64	0.2	1
1005.8159999999999	0.45	0.2	1
1028.9995999999999	0.44	0.3	1
1052.4557	0.52	0.2	1
1076.1843	0.52	0.2	1
1100.3186999999998	0.42	0.3	1
1124.8588999999997	0.35	0.3	1
1149.5381999999997	0.58	0.1	1
1174.4899999999998	0.6	0.2	1
1199.7142999999999	0.56	0.2	1
1225.2110999999998	0.54	0.2	1
1250.8469999999998	0.63	0.1	1
1276.7553999999998	0.59	0.2	1
1302.8028999999997	0.59	0.1	1
1329.1228999999996	0.44	0.2	1
1355.5819999999997	0.58	0.1	1
1382.3135999999997	0.48	0.2	1
1409.1842999999997	0.44	0.1	1
1435.1940999999997	0.63	0.1	1
1461.4763999999998	0.61	0.2	1
1488.0312	0.5	0.2	1
1514.8584999999998	0.63	0.2	1
1541.8248999999998	0.86	0.1	1
1568.9303999999997	0.63	0.1	1
1596.3083999999997	0.52	0.2	1
1623.9588999999996	0.51	0.2	1
1651.8818999999996	0.6	0.2	1
1680.0773999999997	0.5	0.2	1
1708.4119999999996	0.64	0.1	1
1736.8856999999996	0.6	0.1	1
1765.6318999999996	0.62	0.2	1
1794.7838999999997	0.41	0.3	1
1824.2083999999998	0.59	0.2	1
1853.9053999999996	0.68	0.2	1
1883.7414999999996	0.68	0.1	1
1913.7166999999997	0.6	0.1	1
1943.9643999999996	0.51	0.2	1
1974.3511999999996	0.61	0.1	1
2004.8770999999997	0.66	0.1	1
2035.6754999999996	0.47	0.2	1
2066.6129999999994	0.52	0.1	1
2097.6895999999992	0.68	0.1	1
2129.038699999999	0.38	0.2	1
2160.660299999999	0.44	0.2	1
2192.554399999999	0.66	0.2	1
2224.720999999999	0.49	0.2	1
2257.160099999999	0.44	0.2	1
2289.738299999999	0.71	0.1	1
2322.455599999999	0.61	0.1	1
2355.4453999999987	0.57	0.2	1
2388.574299999999	0.53	0.1	1
2421.842299999999	0.81	0.1	1
2455.249399999999	0.5	0.1	1
2488.7955999999986	0.63	0.1	1
2522.747599999999	0.46	0.3	1
2556.9720999999986	0.43	0.2	1
2591.3356999999987	0.5	0.1	1
2625.8383999999987	0.54	0.1	1
2660.8801999999987	0.35	0.4	1
2696.1944999999987	0.63	0.2	1
2731.7812999999987	0.55	0.2	1
2767.640599999999	0.56	0.2	1
2803.772399999999	0.54	0.2	1
2840.176699999999	0.62	0.2	1
2876.720099999999	0.65	0.1	1
2913.535999999999	0.48	0.2	1
2950.6243999999992	0.5	0.2	1
2987.9852999999994	0.69	0.2	1
3025.4852999999994	0.59	0.1	1
3063.2577999999994	0.54	0.2	1
3101.3027999999995	0.56	0.2	1
3139.6202999999996	0.49	0.2	1
3178.0768999999996	0.71	0.1	1
3216.9392999999995	0.4	0.3	1
3255.9407999999994	0.47	0.1	1
3295.0813999999996	0.54	0.1	1
3333.4945	0.54	0.2	1
3372.0467	0.56	0.1	1
3410.8714	0.49	0.2	1
3449.9686	0.46	0.2	1
3489.3383000000003	0.43	0.2	1
3528.8471000000004	0.71	0.1	1
3568.4950000000003	0.69	0.1	1
3608.5487000000003	0.4	0.3	1
3648.8749000000003	0.6	0.2	1
3689.3402	0.53	0.1	1
3729.9446000000003	0.5	0.1	1
3770.6881000000003	0.54	0.1	1
3811.7041000000004	0.5	0.2	1
3852.9926000000005	0.46	0.2	1
3894.6869000000006	0.38	0.3	1
3936.5203000000006	0.64	0.1	1
3978.6262000000006	0.52	0.2	1
4021.0046000000007	0.44	0.2	1
4063.6555000000008	0.57	0.2	1
4106.5789	0.5	0.2	1
4149.6414	0.6	0.1	1
4192.843000000001	0.55	0.1	1
4236.1837000000005	0.55	0.1	1
4279.663500000001	0.6	0.1	1
4323.415800000001	0.46	0.2	1
4367.440600000001	0.48	0.2	1
4411.6045	0.58	0.1	1
4456.1742	0.34	0.3	1
4500.883000000001	0.65	0.1	1
4545.7309000000005	0.61	0.1	1
4590.717900000001	0.67	0.1	1
4635.844000000001	0.6	0.1	1
4681.109200000001	0.53	0.1	1
4722.646900000001	0.63	0.2	1
4764.4571000000005	0.68	0.2	1
4806.8064	0.34	0.4	1
4849.4282	0.52	0.2	1
