0.2725	0.48	0.2	1
0.8175000000000001	0.53	0.2	1
1.5016000000000003	0.59	0.1	1
2.4582	0.5	0.2	1
3.5539000000000005	0.69	0.1	1
4.9221	0.57	0.2	1
6.5628	0.61	0.2	1
8.342600000000001	0.79	0.1	1
10.394900000000002	0.56	0.2	1
12.586300000000001	0.7	0.1	1
14.916800000000002	0.53	0.1	1
17.519800000000004	0.35	0.2	1
20.395300000000002	0.57	0.2	1
23.543300000000002	0.56	0.2	1
26.8304	0.64	0.1	1
30.256600000000002	0.63	0.1	1
33.9553	0.47	0.2	1
37.7931	0.57	0.1	1
42.0367	0.5	0.3	1
46.552800000000005	0.54	0.2	1
51.208000000000006	0.7	0.1	1
56.13570000000001	0.45	0.2	1
61.33590000000001	0.52	0.2	1
66.80860000000001	0.56	0.2	1
72.42040000000001	0.63	0.1	1
78.30470000000001	0.59	0.2	1
84.46150000000002	0.45	0.2	1
90.89080000000001	0.49	0.2	1
97.45920000000001	0.55	0.1	1
104.4334	0.36	0.3	1
111.5467	0.52	0.1	1
118.7991	0.65	0.1	1
126.324	0.53	0.2	1
133.988	0.68	0.1	1
141.9245	0.61	0.2	1
150.0001	0.66	0.1	1
158.2148	0.6	0.1	1
166.702	0.48	0.2	1
175.595	0.51	0.3	1
184.6271	0.62	0.1	1
193.9317	0.48	0.2	1
203.5088	0.54	0.2	1
213.4917	0.46	0.3	1
223.61370000000002	0.67	0.1	1
234.00820000000002	0.65	0.2	1
244.67520000000002	0.64	0.2	1
255.74800000000002	0.55	0.3	1
267.0933	0.45	0.2	1
278.8444	0.52	0.3	1
290.7346	0.56	0.1	1
302.7639	0.6	0.1	1
315.0657	0.55	0.2	1
327.64	0.5	0.2	1
340.48679999999996	0.4	0.2	1
353.60609999999997	0.52	0.2	1
366.99789999999996	0.45	0.2	1
380.52879999999993	0.57	0.1	1
394.33219999999994	0.5	0.2	1
408.40809999999993	0.57	0.2	1
422.6230999999999	0.65	0.1	1
436.9771999999999	0.74	0.1	1
451.4703999999999	0.79	0.1	1
466.1026999999999	0.7	0.1	1
481.1407999999999	0.51	0.3	1
496.3179999999999	0.57	0.1	1
511.76769999999993	0.6	0.2	1
527.6231999999999	0.44	0.3	1
543.7511999999999	0.47	0.2	1
560.1516999999999	0.62	0.2	1
576.6912999999998	0.65	0.1	1
593.3699999999999	0.62	0.1	1
610.3211999999999	0.53	0.2	1
627.5448999999999	0.48	0.2	1
644.9076999999999	0.65	0.1	1
662.4095999999998	0.49	0.1	1
680.4505999999999	0.85	0.4	1
698.6306999999999	0.58	0.1	1
716.9499	0.58	0.1	1
735.5415999999999	0.51	0.2	1
754.4057999999999	0.62	0.2	1
773.6757999999999	0.41	0.3	1
793.2182999999999	0.48	0.2	1
813.0332999999999	0.47	0.2	1
833.1207999999999	0.65	0.2	1
853.3473999999999	0.69	0.1	1
873.7130999999998	0.68	0.1	1
894.2178999999999	0.69	0.1	1
914.9951999999998	0.54	0.2	1
935.9115999999998	0.52	0.1	1
957.1004999999998	0.43	0.2	1
978.6951999999998	0.42	0.3	1
1000.5623999999998	0.42	0.2	1
1022.7020999999997	0.53	0.2	1
1044.9808999999998	0.63	0.1	1
1067.5321999999999	0.4	0.2	1
1090.2225999999998	0.64	0.1	1
1113.0520999999999	0.6	0.1	1
1136.2874	0.35	0.3	1
1159.7952	0.61	0.2	1
1183.4421	0.63	0.1	1
1207.2281	0.59	0.1	1
1231.2866000000001	0.68	0.2	1
1255.7509000000002	0.42	0.3	1
1280.4877000000001	0.56	0.2	1
1305.3636000000001	0.67	0.1	1
1330.3786000000002	0.59	0.1	1
1355.5327000000002	0.5	0.1	1
1380.9593000000002	0.49	0.2	1
1406.5250000000003	0.54	0.1	1
1431.3632000000002	0.52	0.2	1
1456.3405000000002	0.5	0.1	1
1481.5903000000003	0.5	0.2	1
1507.1126000000004	0.54	0.2	1
1532.7740000000003	0.52	0.1	1
1558.7079000000003	0.56	0.2	1
1584.9143000000004	0.48	0.2	1
1611.5265000000004	0.4	0.3	1
1638.2778000000003	0.67	0.1	1
1665.1682000000003	0.68	0.1	1
1692.1977000000004	0.6	0.1	1
1719.4997000000003	0.6	0.2	1
1746.9408000000003	0.68	0.1	1
1774.6544000000004	0.49	0.2	1
1802.7738000000004	0.44	0.3	1
1831.2990000000004	0.43	0.3	1
1860.0967000000005	0.58	0.2	1
1889.0335000000005	0.68	0.1	1
1918.1094000000005	0.62	0.1	1
1947.4578000000006	0.53	0.2	1
1977.0787000000005	0.52	0.2	1
2006.8387000000005	0.54	0.1	1
2036.8712000000005	0.6	0.2	1
2067.1762000000003	0.54	0.2	1
2097.7537	0.68	0.2	1
2128.6037	0.48	0.2	1
2159.7262	0.5	0.2	1
2191.1212	0.5	0.2	1
2222.7887	0.53	0.2	1
2254.7287	0.45	0.2	1
2286.9412	0.64	0.2	1
2319.4262000000003	0.44	0.2	1
2352.3170000000005	0.47	0.3	1
2385.3469000000005	0.77	0.1	1
2418.6493000000005	0.49	0.2	1
2452.0908000000004	0.61	0.1	1
2485.6714	0.5	0.1	1
2519.5245	0.5	0.2	1
2553.6501	0.54	0.2	1
2588.0481999999997	0.5	0.2	1
2622.8520999999996	0.57	0.3	1
2657.9284999999995	0.48	0.2	1
2693.2773999999995	0.6	0.2	1
2728.8987999999995	0.56	0.2	1
2764.6592999999993	0.64	0.1	1
2800.825599999999	0.42	0.3	1
2837.264399999999	0.53	0.2	1
2873.8422999999993	0.58	0.1	1
2910.825999999999	0.46	0.3	1
2947.948799999999	0.53	0.1	1
2984.210699999999	0.68	0.1	1
3020.745099999999	0.46	0.2	1
3057.418599999999	0.6	0.1	1
3094.364599999999	0.56	0.2	1
3131.583099999999	0.49	0.2	1
3169.074099999999	0.43	0.2	1
3206.970899999999	0.42	0.3	1
3245.0067999999987	0.77	0.1	1
3283.3151999999986	0.51	0.2	1
3321.8960999999986	0.48	0.2	1
3360.7494999999985	0.58	0.2	1
3399.8753999999985	0.43	0.2	1
3439.1403999999984	0.7	0.1	1
3478.6778999999983	0.57	0.2	1
3518.4878999999983	0.59	0.2	1
3558.5703999999982	0.47	0.2	1
3598.791999999998	0.52	0.1	1
3639.1526999999983	0.62	0.1	1
3680.0524999999984	0.27	0.4	1
3721.2247999999986	0.53	0.2	1
3762.5361999999986	0.66	0.1	1
3803.9866999999986	0.67	0.1	1
3845.5762999999984	0.53	0.1	1
3887.438399999998	0.52	0.2	1
3929.572999999998	0.5	0.2	1
3971.8466999999982	0.65	0.1	1
4014.392899999998	0.53	0.2	1
4057.3448999999982	0.41	0.3	1
4100.5693999999985	0.52	0.2	1
4143.932999999998	0.58	0.1	1
4187.435699999998	0.63	0.1	1
4231.210899999998	0.46	0.2	1
4275.125199999999	0.62	0.1	1
4319.311999999999	0.37	0.2	1
4363.771299999999	0.54	0.2	1
4408.503099999999	0.51	0.2	1
4449.507399999999	0.52	0.2	1
4490.917499999999	0.43	0.3	1
