1.1	0.57	0.1	1
3.3000000000000003	0.62	0.1	1
6.6000000000000005	0.63	0.1	1
11.0	0.57	0.1	1
16.5	0.68	0.1	1
23.1	0.57	0.1	1
30.8	0.62	0.1	1
39.6	0.68	0.1	1
49.5	0.72	0.1	1
60.5	0.66	0.1	1
72.6	0.58	0.1	1
85.8	0.64	0.1	1
100.1	0.65	0.1	1
115.5	0.54	0.1	1
132.0	0.52	0.1	1
149.6	0.49	0.1	1
168.3	0.66	0.1	1
188.10000000000002	0.59	0.1	1
209.00000000000003	0.63	0.1	1
231.00000000000003	0.56	0.1	1
254.10000000000002	0.71	0.1	1
278.3	0.48	0.1	1
303.6	0.72	0.1	1
330.0	0.62	0.1	1
357.5	0.66	0.1	1
386.1	0.52	0.1	1
415.8	0.58	0.1	1
446.6	0.66	0.1	1
478.5	0.7	0.1	1
511.5	0.54	0.1	1
545.6	0.71	0.1	1
580.8000000000001	0.6	0.1	1
617.1	0.62	0.1	1
654.5	0.55	0.1	1
693.0	0.53	0.1	1
732.6	0.61	0.1	1
773.3000000000001	0.67	0.1	1
815.1	0.69	0.1	1
858.0	0.57	0.1	1
902.0	0.68	0.1	1
947.1	0.58	0.1	1
993.3000000000001	0.6	0.1	1
1040.6000000000001	0.96	0.1	1
1089.0000000000002	0.58	0.1	1
1138.5000000000002	0.63	0.1	1
1189.1000000000001	0.66	0.1	1
1240.8000000000002	0.54	0.1	1
1293.6000000000001	0.64	0.1	1
1347.5000000000002	0.67	0.1	1
1402.5000000000002	0.61	0.1	1
1458.6000000000001	0.65	0.1	1
1515.8000000000002	0.56	0.1	1
1574.1000000000001	0.63	0.1	1
1633.5000000000002	0.5	0.1	1
1694.0000000000002	0.69	0.1	1
1755.6000000000001	0.56	0.1	1
1818.3000000000002	0.55	0.1	1
1882.1000000000001	0.64	0.1	1
1947.0000000000002	0.63	0.1	1
2013.0000000000002	0.6	0.1	1
2080.1000000000004	0.68	0.1	1
2148.3	0.57	0.1	1
2217.6000000000004	0.66	0.1	1
2288.0000000000005	0.65	0.1	1
2359.5000000000005	0.57	0.1	1
2432.1000000000004	0.54	0.1	1
2505.8	0.61	0.1	1
2580.6000000000004	0.67	0.1	1
2656.5000000000005	0.58	0.1	1
2733.5000000000005	0.62	0.1	1
2811.6000000000004	0.61	0.1	1
2890.8	0.69	0.1	1
2971.1000000000004	0.58	0.1	1
3052.5000000000005	0.63	0.1	1
3135.0000000000005	0.61	0.1	1
3218.6000000000004	0.71	0.1	1
3303.3	0.58	0.1	1
3389.1000000000004	0.6	0.1	1
3476.0000000000005	0.65	0.1	1
3564.0000000000005	0.6	0.1	1
3653.1000000000004	0.68	0.1	1
3743.3	0.78	0.1	1
3834.6000000000004	0.68	0.1	1
3927.0000000000005	0.54	0.1	1
4020.5000000000005	0.53	0.1	1
4115.1	0.76	0.1	1
4210.8	0.53	0.1	1
4307.6	0.56	0.1	1
4405.5	0.74	0.1	1
4504.5	0.59	0.1	1
4604.6	0.45	0.1	1
4705.8	0.59	0.1	1
4808.1	0.73	0.1	1
4911.5	0.66	0.1	1
5016.0	0.6	0.1	1
5121.6	0.68	0.1	1
5228.3	0.64	0.1	1
5336.1	0.67	0.1	1
5445.0	0.8	0.1	1
5555.0	0.6	0.1	1
5666.1	0.66	0.1	1
5778.3	0.58	0.1	1
5891.6	0.61	0.1	1
6006.0	0.58	0.1	1
6121.5	0.7	0.1	1
6238.1	0.63	0.1	1
6355.8	0.49	0.1	1
6474.6	0.84	0.1	1
6594.5	0.64	0.1	1
6715.5	0.67	0.1	1
6837.6	0.74	0.1	1
6960.8	0.64	0.1	1
7085.1	0.67	0.1	1
7210.5	0.57	0.1	1
7337.0	0.53	0.1	1
7464.6	0.65	0.1	1
7593.3	0.62	0.1	1
7723.1	0.73	0.1	1
7854.0	0.6	0.1	1
7986.0	0.55	0.1	1
8119.1	0.63	0.1	1
8253.300000000001	0.65	0.1	1
8388.6	0.63	0.1	1
8525.0	0.5	0.1	1
8662.5	0.63	0.1	1
8801.1	0.81	0.1	1
8940.800000000001	0.58	0.1	1
9081.6	0.7	0.1	1
9223.5	0.68	0.1	1
9366.5	0.66	0.1	1
9510.6	0.68	0.1	1
9655.800000000001	0.6	0.1	1
9802.1	0.81	0.1	1
9949.5	0.55	0.1	1
10098.0	0.6	0.1	1
10247.6	0.57	0.1	1
10398.300000000001	0.76	0.1	1
10549.1	0.73	0.1	1
10701.0	0.51	0.1	1
10854.0	0.55	0.1	1
11008.1	0.57	0.1	1
11163.300000000001	0.68	0.1	1
11319.6	0.53	0.1	1
11477.0	0.57	0.1	1
11635.5	0.6	0.1	1
11795.1	0.53	0.1	1
11955.800000000001	0.56	0.1	1
12117.6	0.55	0.1	1
12280.5	0.67	0.1	1
12444.5	0.58	0.1	1
12609.6	0.59	0.1	1
12775.800000000001	0.66	0.1	1
12943.1	0.74	0.1	1
13111.5	0.75	0.1	1
13281.0	0.7	0.1	1
13451.6	0.73	0.1	1
13623.300000000001	0.55	0.1	1
13796.1	0.69	0.1	1
13970.0	0.65	0.1	1
14145.0	0.71	0.1	1
14321.1	0.57	0.1	1
14498.300000000001	0.62	0.1	1
14676.6	0.65	0.1	1
14856.0	0.51	0.1	1
15036.5	0.7	0.1	1
15218.1	0.51	0.1	1
15400.800000000001	0.63	0.1	1
15584.6	0.71	0.1	1
15769.5	0.52	0.1	1
15955.5	0.6	0.1	1
16142.6	0.75	0.1	1
16330.800000000001	0.55	0.1	1
16520.100000000002	0.79	0.1	1
16710.500000000004	0.63	0.1	1
16902.000000000004	0.65	0.1	1
17094.600000000002	0.53	0.1	1
17288.300000000003	0.82	0.1	1
17483.100000000002	0.57	0.1	1
17679.000000000004	0.66	0.1	1
17876.000000000004	0.54	0.1	1
18074.100000000002	0.7	0.1	1
18273.300000000003	0.65	0.1	1
18473.600000000002	0.59	0.1	1
18675.000000000004	0.49	0.1	1
18877.500000000004	0.86	0.1	1
19081.100000000002	0.55	0.1	1
19285.800000000003	0.77	0.1	1
19491.600000000002	0.67	0.1	1
19698.500000000004	0.58	0.1	1
19906.500000000004	0.67	0.1	1
20115.600000000002	0.52	0.1	1
20325.800000000003	0.5	0.1	1
20537.100000000002	0.63	0.1	1
20749.500000000004	0.65	0.1	1
20963.000000000004	0.6	0.1	1
21177.600000000002	0.54	0.1	1
21393.300000000003	0.68	0.1	1
21610.100000000002	0.69	0.1	1
21828.000000000004	0.77	0.1	1
22047.000000000004	0.66	0.1	1
22266.100000000002	0.56	0.1	1
22486.300000000003	0.58	0.1	1
22707.600000000002	0.52	0.1	1
22930.000000000004	0.46	0.1	1
23153.500000000004	0.51	0.1	1
23378.100000000002	0.63	0.1	1
23603.800000000003	0.62	0.1	1
23830.600000000002	0.63	0.1	1
24058.500000000004	0.64	0.1	1
24287.500000000004	0.82	0.1	1
24517.600000000002	0.54	0.1	1
24748.800000000003	0.55	0.1	1
24981.100000000002	0.78	0.1	1
25214.500000000004	0.56	0.1	1
25449.000000000004	0.64	0.1	1
25684.600000000002	0.49	0.1	1
25921.300000000003	0.64	0.1	1
26159.100000000002	0.55	0.1	1
26398.000000000004	0.61	0.1	1
26638.000000000004	0.63	0.1	1
26879.100000000002	0.57	0.1	1
27121.300000000003	0.69	0.1	1
27364.600000000002	0.57	0.1	1
27609.000000000004	0.64	0.1	1
27854.500000000004	0.5	0.1	1
28101.100000000002	0.6	0.1	1
28348.800000000003	0.58	0.1	1
28597.600000000002	0.56	0.1	1
28847.500000000004	0.62	0.1	1
29098.500000000004	0.52	0.1	1
29350.600000000002	0.57	0.1	1
29603.800000000003	0.61	0.1	1
29858.100000000002	0.7	0.1	1
30113.500000000004	0.59	0.1	1
30370.000000000004	0.6	0.1	1
30627.600000000002	0.72	0.1	1
30886.300000000003	0.63	0.1	1
31146.100000000002	0.65	0.1	1
31407.000000000004	0.72	0.1	1
31669.000000000004	0.65	0.1	1
31932.100000000002	0.6	0.1	1
32196.300000000003	0.6	0.1	1
32461.600000000002	0.62	0.1	1
32728.000000000004	0.51	0.1	1
32995.5	0.67	0.1	1
33264.1	0.66	0.1	1
33533.799999999996	0.49	0.1	1
33804.6	0.56	0.1	1
34076.5	0.66	0.1	1
34349.5	0.55	0.1	1
34623.6	0.56	0.1	1
34898.799999999996	0.64	0.1	1
35175.1	0.59	0.1	1
35452.5	0.6	0.1	1
35731.0	0.59	0.1	1
36010.6	0.58	0.1	1
36291.299999999996	0.48	0.1	1
36573.1	0.54	0.1	1
36856.0	0.62	0.1	1
37140.0	0.56	0.1	1
37425.1	0.74	0.1	1
37711.299999999996	0.51	0.1	1
37998.6	0.63	0.1	1
38287.0	0.74	0.1	1
38576.5	0.51	0.1	1
38867.1	0.51	0.1	1
