1.1	0.55	0.1	1
3.3000000000000003	0.6	0.1	1
6.6000000000000005	0.58	0.1	1
11.0	0.58	0.1	1
16.5	0.66	0.1	1
23.1	0.69	0.1	1
30.8	0.5	0.1	1
39.6	0.75	0.1	1
49.5	0.75	0.1	1
60.5	0.47	0.1	1
72.6	0.71	0.1	1
85.8	0.61	0.1	1
100.1	0.58	0.1	1
115.5	0.43	0.1	1
132.0	0.8	0.1	1
149.6	0.58	0.1	1
168.3	0.54	0.1	1
188.10000000000002	0.68	0.1	1
209.00000000000003	0.66	0.1	1
231.00000000000003	0.67	0.1	1
254.10000000000002	0.66	0.1	1
278.3	0.6	0.1	1
303.6	0.52	0.1	1
330.0	0.63	0.1	1
357.5	0.7	0.1	1
386.1	0.54	0.1	1
415.8	0.61	0.1	1
446.6	0.6	0.1	1
478.5	0.6	0.1	1
511.5	0.77	0.1	1
545.6	0.75	0.1	1
580.8000000000001	0.69	0.1	1
617.1	0.48	0.1	1
654.5	0.57	0.1	1
693.0	0.58	0.1	1
732.6	0.76	0.1	1
773.3000000000001	0.52	0.1	1
815.1	0.77	0.1	1
858.0	0.76	0.1	1
902.0	0.71	0.1	1
947.1	0.63	0.1	1
993.3000000000001	0.55	0.1	1
1040.6000000000001	0.61	0.1	1
1089.0000000000002	0.76	0.1	1
1138.5000000000002	0.62	0.1	1
1189.1000000000001	0.64	0.1	1
1240.8000000000002	0.63	0.1	1
1293.6000000000001	0.52	0.1	1
1347.5000000000002	0.69	0.1	1
1402.5000000000002	0.6	0.1	1
1458.6000000000001	0.57	0.1	1
1515.8000000000002	0.7	0.1	1
1574.1000000000001	0.48	0.1	1
1633.5000000000002	0.67	0.1	1
1694.0000000000002	0.6	0.1	1
1755.6000000000001	0.57	0.1	1
1818.3000000000002	0.61	0.1	1
1882.1000000000001	0.71	0.1	1
1947.0000000000002	0.56	0.1	1
2013.0000000000002	0.61	0.1	1
2080.1000000000004	0.68	0.1	1
2148.3	0.57	0.1	1
2217.6000000000004	0.63	0.1	1
2288.0000000000005	0.51	0.1	1
2359.5000000000005	0.63	0.1	1
2432.1000000000004	0.64	0.1	1
2505.8	0.66	0.1	1
2580.6000000000004	0.63	0.1	1
2656.5000000000005	0.87	0.1	1
2733.5000000000005	0.7	0.1	1
2811.6000000000004	0.7	0.1	1
2890.8	0.58	0.1	1
2971.1000000000004	0.65	0.1	1
3052.5000000000005	0.59	0.1	1
3135.0000000000005	0.68	0.1	1
3218.6000000000004	0.72	0.1	1
3303.3	0.51	0.1	1
3389.1000000000004	0.74	0.1	1
3476.0000000000005	0.73	0.1	1
3564.0000000000005	0.78	0.1	1
3653.1000000000004	0.57	0.1	1
3743.3	0.64	0.1	1
3834.6000000000004	0.52	0.1	1
3927.0000000000005	0.58	0.1	1
4020.5000000000005	0.75	0.1	1
4115.1	0.55	0.1	1
4210.8	0.62	0.1	1
4307.6	0.64	0.1	1
4405.5	0.66	0.1	1
4504.5	0.57	0.1	1
4604.6	0.79	0.1	1
4705.8	0.69	0.1	1
4808.1	0.6	0.1	1
4911.5	0.62	0.1	1
5016.0	0.6	0.1	1
5121.6	0.49	0.1	1
5228.3	0.81	0.1	1
5336.1	0.67	0.1	1
5445.0	0.69	0.1	1
5555.0	0.65	0.1	1
5666.1	0.51	0.1	1
5778.3	0.56	0.1	1
5891.6	0.73	0.1	1
6006.0	0.62	0.1	1
6121.5	0.76	0.1	1
6238.1	0.69	0.1	1
6355.8	0.53	0.1	1
6474.6	0.57	0.1	1
6594.5	0.65	0.1	1
6715.5	0.72	0.1	1
6837.6	0.59	0.1	1
6960.8	0.66	0.1	1
7085.1	0.62	0.1	1
7210.5	0.56	0.1	1
7337.0	0.63	0.1	1
7464.6	0.55	0.1	1
7593.3	0.6	0.1	1
7723.1	0.72	0.1	1
7854.0	0.53	0.1	1
7986.0	0.58	0.1	1
8119.1	0.6	0.1	1
8253.300000000001	0.75	0.1	1
8388.6	0.65	0.1	1
8525.0	0.61	0.1	1
8662.5	0.54	0.1	1
8801.1	0.59	0.1	1
8940.800000000001	0.66	0.1	1
9081.6	0.72	0.1	1
9223.5	0.63	0.1	1
9366.5	0.64	0.1	1
9510.6	0.59	0.1	1
9654.800000000001	0.62	0.1	1
9800.1	0.58	0.1	1
9946.5	0.73	0.1	1
10094.0	0.86	0.1	1
10242.6	0.51	0.1	1
10392.300000000001	0.55	0.1	1
10543.1	0.69	0.1	1
10695.0	0.6	0.1	1
10848.0	0.75	0.1	1
11002.1	0.62	0.1	1
11157.300000000001	0.57	0.1	1
11313.6	0.61	0.1	1
11471.0	0.75	0.1	1
11629.5	0.62	0.1	1
11789.1	0.71	0.1	1
11949.800000000001	0.71	0.1	1
12111.6	0.59	0.1	1
12274.5	0.69	0.1	1
12438.5	0.69	0.1	1
12603.6	0.65	0.1	1
12769.800000000001	0.63	0.1	1
12937.1	0.72	0.1	1
13105.5	0.72	0.1	1
13275.0	0.6	0.1	1
13445.6	0.62	0.1	1
13617.300000000001	0.7	0.1	1
13790.1	0.65	0.1	1
13964.0	0.6	0.1	1
14139.0	0.67	0.1	1
14315.1	0.77	0.1	1
14492.300000000001	0.73	0.1	1
14670.6	0.54	0.1	1
14850.0	0.84	0.1	1
15030.5	0.78	0.1	1
15212.1	0.59	0.1	1
15394.800000000001	0.84	0.1	1
15578.6	0.73	0.1	1
15763.5	0.54	0.1	1
15949.5	0.53	0.1	1
16136.6	0.64	0.1	1
16324.800000000001	0.72	0.1	1
16514.100000000002	0.49	0.1	1
16704.500000000004	0.64	0.1	1
16896.000000000004	0.67	0.1	1
17088.600000000002	0.65	0.1	1
17282.300000000003	0.7	0.1	1
17477.100000000002	0.54	0.1	1
17673.000000000004	0.73	0.1	1
17870.000000000004	0.53	0.1	1
18068.100000000002	0.67	0.1	1
18267.300000000003	0.53	0.1	1
18466.600000000002	0.55	0.1	1
18667.000000000004	0.63	0.1	1
18868.500000000004	0.6	0.1	1
19071.100000000002	0.53	0.1	1
19274.800000000003	0.74	0.1	1
19479.600000000002	0.59	0.1	1
19685.500000000004	0.55	0.1	1
19892.500000000004	0.73	0.1	1
20100.600000000002	0.65	0.1	1
20309.800000000003	0.45	0.1	1
20520.100000000002	0.63	0.1	1
20731.500000000004	0.58	0.1	1
20944.000000000004	0.65	0.1	1
21157.600000000002	0.63	0.1	1
21372.300000000003	0.57	0.1	1
21588.100000000002	0.68	0.1	1
21805.000000000004	0.54	0.1	1
22023.000000000004	0.73	0.1	1
22242.100000000002	0.83	0.1	1
22462.300000000003	0.64	0.1	1
22683.600000000002	0.61	0.1	1
22906.000000000004	0.56	0.1	1
23129.500000000004	0.52	0.1	1
23354.100000000002	0.63	0.1	1
23579.800000000003	0.69	0.1	1
23806.600000000002	0.73	0.1	1
24034.500000000004	0.55	0.1	1
24263.500000000004	0.63	0.1	1
24493.600000000002	0.67	0.1	1
24724.800000000003	0.6	0.1	1
24957.100000000002	0.61	0.1	1
25190.500000000004	0.51	0.1	1
25425.000000000004	0.6	0.1	1
25660.600000000002	0.64	0.1	1
25897.300000000003	0.65	0.1	1
26135.100000000002	0.56	0.1	1
26374.000000000004	0.64	0.1	1
26614.000000000004	0.54	0.1	1
26855.100000000002	0.47	0.1	1
27097.300000000003	0.58	0.1	1
27340.600000000002	0.67	0.1	1
27585.000000000004	0.68	0.1	1
27830.500000000004	0.71	0.1	1
28077.100000000002	0.64	0.1	1
28324.800000000003	0.53	0.1	1
28573.600000000002	0.53	0.1	1
28823.500000000004	0.62	0.1	1
29074.500000000004	0.64	0.1	1
29326.600000000002	0.52	0.1	1
29579.800000000003	0.7	0.1	1
29834.100000000002	0.61	0.1	1
30089.500000000004	0.61	0.1	1
30346.000000000004	0.66	0.1	1
30603.600000000002	0.63	0.1	1
30862.300000000003	0.53	0.1	1
31122.100000000002	0.67	0.1	1
31383.000000000004	0.71	0.1	1
31645.000000000004	0.58	0.1	1
31908.100000000002	0.58	0.1	1
32172.300000000003	0.56	0.1	1
32437.600000000002	0.55	0.1	1
32704.000000000004	0.71	0.1	1
32971.5	0.69	0.1	1
33240.1	0.72	0.1	1
33509.799999999996	0.55	0.1	1
33780.6	0.61	0.1	1
34052.5	0.66	0.1	1
34325.5	0.52	0.1	1
34599.6	0.58	0.1	1
34874.799999999996	0.71	0.1	1
35151.1	0.67	0.1	1
35428.5	0.52	0.1	1
35707.0	0.71	0.1	1
35986.6	0.57	0.1	1
36267.299999999996	0.48	0.1	1
36549.1	0.59	0.1	1
36832.0	0.54	0.1	1
37116.0	0.61	0.1	1
37401.1	0.6	0.1	1
37687.299999999996	0.61	0.1	1
37974.6	0.68	0.1	1
38263.0	0.55	0.1	1
38552.5	0.76	0.1	1
38843.1	0.55	0.1	1
39134.799999999996	0.57	0.1	1
39427.6	0.55	0.1	1
39721.5	0.76	0.1	1
