0.7038	0.5	0.2	1
2.4614000000000003	0.45	0.3	1
4.9228000000000005	0.56	0.2	1
8.438	0.52	0.3	1
12.657	0.55	0.2	1
17.9298	0.46	0.3	1
24.2564	0.39	0.3	1
31.2868	0.54	0.2	1
39.021	0.51	0.2	1
47.459	0.49	0.2	1
56.60080000000001	0.65	0.2	1
66.44640000000001	0.54	0.2	1
76.9958	0.43	0.2	1
88.249	0.54	0.2	1
100.20599999999999	0.51	0.2	1
112.86679999999998	0.55	0.2	1
126.23139999999998	0.56	0.2	1
140.29979999999998	0.54	0.2	1
155.07199999999997	0.45	0.2	1
170.54799999999997	0.51	0.2	1
186.72779999999997	0.49	0.2	1
203.61139999999997	0.54	0.2	1
221.19879999999998	0.55	0.2	1
239.48999999999998	0.53	0.2	1
258.48499999999996	0.44	0.2	1
278.18379999999996	0.52	0.2	1
298.58639999999997	0.58	0.2	1
319.6928	0.61	0.2	1
341.85299999999995	0.46	0.3	1
364.7169999999999	0.48	0.2	1
388.2847999999999	0.67	0.2	1
412.5563999999999	0.55	0.2	1
437.53179999999986	0.57	0.2	1
463.21099999999984	0.54	0.2	1
489.5939999999998	0.53	0.2	1
516.6807999999999	0.53	0.2	1
544.4713999999999	0.6	0.2	1
572.9658	0.46	0.2	1
602.5139999999999	0.39	0.3	1
632.7659999999998	0.44	0.2	1
663.7217999999998	0.47	0.2	1
695.3813999999998	0.55	0.2	1
727.7447999999997	0.46	0.2	1
760.8119999999997	0.42	0.2	1
794.5829999999996	0.48	0.2	1
829.0577999999996	0.51	0.2	1
864.2363999999995	0.53	0.2	1
900.4687999999995	0.41	0.3	1
937.4049999999995	0.66	0.2	1
975.0449999999995	0.49	0.2	1
1013.3887999999995	0.58	0.2	1
1052.4363999999996	0.39	0.2	1
1092.1877999999997	0.53	0.2	1
1132.6429999999998	0.61	0.2	1
1173.802	0.52	0.2	1
1215.6648	0.54	0.2	1
1258.2314000000001	0.62	0.2	1
1301.5018000000002	0.5	0.2	1
1345.4760000000003	0.61	0.2	1
1390.1540000000005	0.53	0.2	1
1435.8858000000005	0.46	0.3	1
1482.3214000000005	0.5	0.2	1
1529.4608000000005	0.62	0.2	1
1577.3040000000005	0.59	0.2	1
1625.8510000000006	0.53	0.2	1
1675.1018000000006	0.5	0.2	1
1725.0564000000006	0.43	0.2	1
1775.7148000000007	0.54	0.2	1
1827.0770000000007	0.47	0.2	1
1879.1430000000007	0.54	0.2	1
1931.9128000000007	0.5	0.2	1
1985.3864000000008	0.6	0.2	1
2039.5638000000008	0.47	0.2	1
2094.4450000000006	0.65	0.2	1
2150.0300000000007	0.45	0.2	1
2206.668800000001	0.43	0.3	1
2264.011400000001	0.5	0.2	1
2322.407800000001	0.32	0.3	1
2381.5080000000007	0.65	0.2	1
2441.312000000001	0.5	0.2	1
2502.169800000001	0.43	0.3	1
2563.731400000001	0.74	0.2	1
2625.996800000001	0.43	0.2	1
2689.3160000000007	0.52	0.3	1
2753.6890000000008	0.42	0.3	1
2818.7658000000006	0.66	0.2	1
2884.5464000000006	0.55	0.2	1
2951.0308000000005	0.48	0.2	1
3018.5690000000004	0.46	0.3	1
3086.8110000000006	0.52	0.2	1
3155.7568000000006	0.53	0.2	1
3225.4064000000008	0.54	0.2	1
3295.7598000000007	0.52	0.2	1
3366.817000000001	0.59	0.2	1
3438.578000000001	0.68	0.2	1
3511.042800000001	0.56	0.2	1
3584.211400000001	0.55	0.2	1
3658.433800000001	0.43	0.3	1
3733.360000000001	0.5	0.2	1
3808.990000000001	0.5	0.2	1
3885.323800000001	0.51	0.2	1
3962.361400000001	0.37	0.2	1
4040.102800000001	0.55	0.2	1
4118.548000000001	0.51	0.2	1
4197.697000000001	0.47	0.2	1
4277.549800000001	0.51	0.2	1
4358.106400000001	0.62	0.2	1
4439.366800000001	0.35	0.2	1
4521.331000000001	0.67	0.2	1
4603.999000000001	0.54	0.2	1
4687.370800000001	0.56	0.2	1
4771.446400000001	0.56	0.2	1
4856.225800000001	0.41	0.2	1
4941.709000000001	0.61	0.2	1
5027.896000000001	0.4	0.2	1
5114.786800000001	0.58	0.2	1
5202.381400000001	0.5	0.2	1
5290.679800000001	0.54	0.2	1
5379.682000000001	0.53	0.2	1
5469.388000000001	0.52	0.2	1
5559.797800000001	0.57	0.2	1
5651.261400000001	0.48	0.3	1
5742.4288000000015	0.61	0.2	1
5834.300000000001	0.5	0.2	1
5926.875000000001	0.54	0.2	1
6020.153800000001	0.45	0.2	1
6114.136400000001	0.47	0.2	1
6208.822800000001	0.62	0.2	1
6304.213000000001	0.51	0.2	1
6400.307000000001	0.5	0.2	1
6497.104800000001	0.52	0.2	1
6594.606400000001	0.46	0.2	1
6692.8118	0.53	0.2	1
6791.7210000000005	0.61	0.2	1
6891.334000000001	0.51	0.2	1
6991.6508	0.78	0.2	1
7093.0214000000005	0.5	0.3	1
7195.095800000001	0.54	0.2	1
7297.874000000001	0.58	0.2	1
7401.706000000001	0.33	0.3	1
7506.241800000001	0.57	0.2	1
7611.831400000001	0.44	0.3	1
7718.474800000001	0.4	0.3	1
7825.822000000001	0.64	0.2	1
7933.873000000001	0.6	0.2	1
8042.627800000001	0.47	0.2	1
8152.436400000001	0.54	0.3	1
8262.948800000002	0.47	0.2	1
8374.165000000003	0.56	0.2	1
8486.085000000003	0.64	0.2	1
8598.708800000002	0.6	0.2	1
8712.036400000003	0.6	0.2	1
8826.417800000003	0.48	0.3	1
8941.503000000002	0.48	0.2	1
9057.292000000003	0.49	0.2	1
9173.784800000003	0.59	0.2	1
9291.331400000003	0.5	0.3	1
9409.931800000002	0.43	0.3	1
9529.236000000003	0.49	0.2	1
9649.244000000002	0.57	0.2	1
9769.955800000002	0.68	0.2	1
9891.371400000002	0.59	0.2	1
10013.490800000001	0.76	0.2	1
10136.314000000002	0.45	0.2	1
10259.841000000002	0.44	0.2	1
10384.071800000002	0.41	0.2	1
10509.006400000002	0.58	0.2	1
10634.994800000002	0.4	0.3	1
10761.687000000002	0.48	0.2	1
10889.083000000002	0.47	0.2	1
11017.182800000002	0.46	0.2	1
11145.986400000002	0.64	0.2	1
11275.493800000002	0.55	0.2	1
11405.705000000002	0.52	0.2	1
11536.620000000003	0.52	0.2	1
11668.238800000003	0.51	0.2	1
11800.911400000003	0.53	0.3	1
11934.287800000002	0.6	0.2	1
12068.368000000002	0.57	0.2	1
12203.152000000002	0.5	0.2	1
12338.989800000001	0.37	0.3	1
12475.531400000002	0.5	0.2	1
12612.776800000001	0.45	0.2	1
12750.726	0.56	0.2	1
12889.379	0.51	0.2	1
13028.7358	0.59	0.2	1
13168.796400000001	0.52	0.2	1
13309.560800000001	0.68	0.2	1
13451.029	0.59	0.2	1
13593.201000000001	0.62	0.2	1
13736.0768	0.5	0.2	1
13879.6564	0.62	0.2	1
14023.9398	0.53	0.2	1
14168.927	0.46	0.2	1
14313.618	0.47	0.2	1
14459.0128	0.45	0.2	1
14605.1114	0.53	0.2	1
14751.9138	0.52	0.2	1
14899.42	0.5	0.2	1
15047.98	0.45	0.3	1
15197.2438	0.39	0.2	1
15347.2114	0.48	0.2	1
15497.8828	0.45	0.2	1
15649.258	0.49	0.2	1
15801.337	0.58	0.2	1
15954.1198	0.56	0.2	1
16107.6064	0.45	0.2	1
16261.7968	0.53	0.2	1
16417.041	0.43	0.3	1
16572.989	0.48	0.2	1
16729.6408	0.44	0.2	1
16886.9964	0.49	0.2	1
17045.0558	0.44	0.2	1
17203.819	0.7	0.2	1
17363.286	0.55	0.2	1
17523.4568	0.62	0.2	1
17684.6814	0.45	0.3	1
17846.9598	0.43	0.3	1
18009.942	0.44	0.2	1
18173.628	0.36	0.2	1
18338.0178	0.53	0.2	1
18503.4614	0.44	0.3	1
18669.6088	0.52	0.2	1
18836.460000000003	0.43	0.2	1
19004.015000000003	0.54	0.2	1
19172.273800000003	0.62	0.2	1
19341.2364	0.48	0.2	1
19510.9028	0.57	0.2	1
19681.273	0.55	0.2	1
19852.347	0.52	0.2	1
20024.1248	0.6	0.2	1
20192.6064	0.55	0.2	1
20361.7918	0.56	0.2	1
20531.681	0.53	0.2	1
20702.274	0.51	0.2	1
20873.5708	0.66	0.2	1
21045.921400000003	0.54	0.3	1
21219.325800000002	0.39	0.3	1
21393.434	0.67	0.2	1
21568.246000000003	0.58	0.2	1
21743.761800000004	0.59	0.2	1
21920.331400000003	0.47	0.3	1
