0.6038	0.55	0.2	1
1.8114	0.59	0.2	1
3.9228	0.43	0.3	1
6.638	0.56	0.2	1
9.957	0.49	0.2	1
14.1798	0.54	0.3	1
19.0064	0.48	0.2	1
24.436799999999998	0.46	0.2	1
30.770999999999997	0.4	0.3	1
37.708999999999996	0.51	0.2	1
45.2508	0.52	0.2	1
53.6964	0.45	0.3	1
62.745799999999996	0.46	0.2	1
72.399	0.58	0.2	1
82.956	0.43	0.3	1
94.1168	0.62	0.2	1
105.8814	0.49	0.2	1
118.2498	0.6	0.2	1
131.522	0.51	0.3	1
145.398	0.53	0.2	1
159.8778	0.49	0.2	1
174.9614	0.55	0.2	1
190.6488	0.48	0.2	1
206.94	0.61	0.2	1
223.835	0.39	0.2	1
241.3338	0.52	0.2	1
259.4364	0.44	0.2	1
278.14279999999997	0.58	0.2	1
297.453	0.59	0.2	1
317.36699999999996	0.69	0.2	1
337.8848	0.59	0.2	1
359.0064	0.44	0.2	1
380.73179999999996	0.46	0.2	1
403.061	0.52	0.2	1
425.99399999999997	0.57	0.2	1
449.5308	0.47	0.2	1
473.6714	0.44	0.2	1
498.4158	0.56	0.2	1
523.764	0.57	0.2	1
549.716	0.58	0.2	1
576.5718	0.52	0.3	1
604.0314000000001	0.64	0.2	1
632.0948000000001	0.52	0.2	1
660.7620000000001	0.53	0.2	1
690.3330000000001	0.46	0.3	1
720.8078	0.44	0.3	1
751.8864000000001	0.7	0.2	1
783.5688000000001	0.54	0.2	1
816.1550000000001	0.27	0.3	1
849.345	0.6	0.2	1
883.1388000000001	0.51	0.2	1
917.5364000000001	0.57	0.2	1
952.5378000000001	0.56	0.2	1
988.4430000000001	0.36	0.3	1
1024.952	0.63	0.2	1
1062.0648	0.45	0.2	1
1099.7814	0.55	0.2	1
1138.1018000000001	0.6	0.2	1
1177.026	0.47	0.2	1
1216.554	0.5	0.2	1
1256.6858000000002	0.47	0.2	1
1297.4214000000002	0.51	0.2	1
1338.7608000000002	0.51	0.2	1
1380.7040000000002	0.54	0.2	1
1423.5510000000002	0.41	0.3	1
1467.0018000000002	0.45	0.2	1
1511.0564000000002	0.48	0.2	1
1555.7148000000002	0.44	0.2	1
1600.977	0.6	0.2	1
1646.843	0.49	0.2	1
1693.3128000000002	0.57	0.2	1
1740.6864	0.42	0.3	1
1788.6638	0.49	0.2	1
1837.2450000000001	0.43	0.2	1
1886.73	0.46	0.3	1
1937.1188	0.49	0.3	1
1988.1114	0.58	0.2	1
2039.7078	0.64	0.2	1
2091.908	0.61	0.2	1
2145.0119999999997	0.47	0.3	1
2198.7198	0.55	0.2	1
2253.0314	0.6	0.2	1
2307.9467999999997	0.47	0.2	1
2363.466	0.58	0.2	1
2419.589	0.52	0.2	1
2476.3158	0.56	0.2	1
2533.9464	0.45	0.3	1
2592.1807999999996	0.45	0.2	1
2651.019	0.58	0.2	1
2710.761	0.45	0.3	1
2771.1068	0.48	0.2	1
2832.0564	0.58	0.2	1
2893.6097999999997	0.59	0.2	1
2956.0669999999996	0.43	0.3	1
3019.1279999999997	0.58	0.2	1
3083.0928	0.49	0.3	1
3147.9613999999997	0.5	0.3	1
3213.4338	0.47	0.2	1
3279.5099999999998	0.48	0.2	1
3346.1899999999996	0.53	0.2	1
3413.4737999999998	0.49	0.2	1
3481.3614	0.47	0.2	1
3549.8527999999997	0.44	0.2	1
3618.948	0.61	0.2	1
3688.647	0.48	0.2	1
3758.9498	0.55	0.2	1
3829.8563999999997	0.43	0.2	1
3901.6667999999995	0.42	0.3	1
3974.3809999999994	0.47	0.3	1
4047.6989999999996	0.5	0.2	1
4121.9208	0.41	0.3	1
4196.7464	0.62	0.2	1
4272.1758	0.47	0.2	1
4348.209	0.54	0.2	1
4424.846	0.55	0.2	1
4502.086799999999	0.58	0.2	1
4579.9313999999995	0.5	0.2	1
4658.3798	0.52	0.2	1
4737.432	0.57	0.2	1
4817.088	0.61	0.2	1
4897.3478	0.5	0.2	1
4978.511399999999	0.42	0.3	1
5060.278799999999	0.57	0.2	1
5142.649999999999	0.55	0.2	1
5225.924999999998	0.37	0.3	1
5309.803799999999	0.43	0.2	1
5394.286399999999	0.5	0.2	1
5479.672799999999	0.47	0.3	1
5565.663	0.62	0.2	1
5652.257	0.65	0.2	1
5739.4547999999995	0.53	0.2	1
5827.256399999999	0.54	0.2	1
5915.661799999999	0.47	0.2	1
6004.970999999999	0.49	0.3	1
6094.883999999998	0.53	0.2	1
6185.4007999999985	0.58	0.2	1
6276.821399999999	0.53	0.3	1
6368.845799999999	0.45	0.2	1
6461.473999999999	0.51	0.2	1
6554.005999999999	0.4	0.3	1
6647.4418	0.47	0.3	1
6741.4814	0.51	0.2	1
6836.1248	0.56	0.2	1
6931.672	0.45	0.3	1
7027.822999999999	0.54	0.2	1
7124.577799999999	0.68	0.2	1
7221.936399999999	0.5	0.2	1
7319.898799999999	0.65	0.2	1
7418.764999999999	0.4	0.3	1
7518.535	0.52	0.3	1
7619.208799999999	0.52	0.3	1
7720.786399999999	0.6	0.3	1
7822.967799999999	0.61	0.2	1
7926.053	0.56	0.3	1
8030.0419999999995	0.46	0.3	1
8134.6348	0.44	0.2	1
8239.8314	0.47	0.2	1
8345.6318	0.66	0.2	1
8452.036	0.57	0.2	1
8559.344000000001	0.5	0.3	1
8667.2558	0.42	0.2	1
8775.771400000001	0.54	0.2	1
8884.890800000001	0.52	0.2	1
8994.614000000001	0.54	0.2	1
9104.941	0.56	0.2	1
9215.8718	0.65	0.2	1
9327.406400000002	0.62	0.2	1
9439.8448	0.48	0.3	1
9552.887	0.53	0.2	1
9666.533000000001	0.57	0.2	1
9780.7828	0.53	0.2	1
9895.636400000001	0.55	0.2	1
10011.0938	0.57	0.2	1
10127.155	0.42	0.2	1
10243.820000000002	0.64	0.2	1
10361.088800000001	0.59	0.2	1
10478.961400000002	0.6	0.2	1
10597.437800000002	0.49	0.2	1
10716.818000000001	0.46	0.3	1
10836.802000000001	0.55	0.2	1
10957.689800000002	0.53	0.3	1
11079.481400000002	0.49	0.3	1
11201.876800000002	0.58	0.2	1
11324.876000000002	0.78	0.2	1
11448.779000000002	0.42	0.3	1
11573.285800000001	0.55	0.2	1
11698.396400000001	0.62	0.2	1
11824.110800000002	0.44	0.2	1
11950.429000000002	0.57	0.2	1
12077.351000000002	0.57	0.2	1
12204.876800000002	0.58	0.2	1
12333.006400000002	0.58	0.2	1
12461.739800000001	0.51	0.2	1
12591.377	0.42	0.3	1
12721.618	0.5	0.2	1
12852.462800000001	0.59	0.2	1
12983.9114	0.52	0.2	1
13115.963800000001	0.5	0.2	1
13248.62	0.55	0.2	1
13382.18	0.54	0.3	1
13515.3438	0.49	0.2	1
13649.1114	0.49	0.2	1
13783.782799999999	0.43	0.3	1
13919.057999999999	0.32	0.2	1
14054.937	0.54	0.2	1
14191.4198	0.52	0.2	1
14328.5064	0.61	0.2	1
14466.1968	0.43	0.2	1
14604.491	0.53	0.2	1
14743.389	0.51	0.2	1
14883.190799999998	0.34	0.3	1
15023.596399999999	0.52	0.2	1
15164.6058	0.57	0.2	1
15306.219	0.55	0.2	1
15448.436	0.52	0.2	1
15591.2568	0.47	0.2	1
15734.6814	0.5	0.2	1
15878.709799999999	0.53	0.2	1
16023.641999999998	0.4	0.3	1
16169.177999999998	0.45	0.2	1
16315.317799999999	0.55	0.2	1
16462.0614	0.52	0.2	1
16609.408799999997	0.47	0.2	1
16757.359999999997	0.47	0.2	1
16905.914999999997	0.6	0.2	1
17055.0738	0.52	0.2	1
17204.8364	0.48	0.2	1
17355.2028	0.47	0.2	1
17506.173	0.47	0.2	1
17657.747	0.59	0.2	1
17809.9248	0.61	0.2	1
17962.7064	0.54	0.2	1
18116.0918	0.55	0.2	1
18270.081	0.46	0.2	1
18424.674	0.53	0.2	1
18579.8708	0.38	0.2	1
18735.6714	0.59	0.2	1
18892.0758	0.55	0.2	1
19049.084	0.52	0.2	1
19206.696	0.51	0.2	1
19361.2118	0.47	0.3	1
19516.631400000002	0.42	0.3	1
19672.954800000003	0.45	0.3	1
19830.182000000004	0.56	0.3	1
19988.013000000003	0.61	0.2	1
20146.4478	0.57	0.2	1
20305.7864	0.46	0.3	1
