0.6038	0.51	0.2	1
1.8114	0.63	0.2	1
3.6228	0.57	0.2	1
6.038	0.66	0.2	1
9.357	0.38	0.3	1
13.2798	0.47	0.2	1
18.1064	0.45	0.3	1
23.5368	0.4	0.2	1
29.570999999999998	0.5	0.2	1
36.208999999999996	0.43	0.2	1
43.7508	0.52	0.3	1
51.8964	0.57	0.2	1
60.9458	0.51	0.3	1
70.599	0.63	0.2	1
80.85600000000001	0.36	0.2	1
91.7168	0.52	0.2	1
103.18140000000001	0.47	0.2	1
115.24980000000001	0.54	0.2	1
127.92200000000001	0.6	0.2	1
141.198	0.56	0.2	1
155.0778	0.57	0.2	1
169.5614	0.51	0.2	1
184.6488	0.42	0.2	1
200.34	0.66	0.2	1
216.635	0.52	0.2	1
233.53379999999999	0.5	0.2	1
251.0364	0.7	0.2	1
269.14279999999997	0.57	0.2	1
287.85299999999995	0.51	0.2	1
307.167	0.69	0.2	1
327.0848	0.6	0.2	1
347.60639999999995	0.54	0.2	1
368.73179999999996	0.53	0.2	1
390.76099999999997	0.42	0.3	1
413.69399999999996	0.35	0.3	1
437.53079999999994	0.34	0.3	1
461.97139999999996	0.54	0.2	1
487.01579999999996	0.57	0.2	1
512.664	0.56	0.2	1
538.9159999999999	0.61	0.2	1
565.7718	0.48	0.2	1
593.2314	0.66	0.2	1
621.2948	0.64	0.2	1
649.962	0.66	0.2	1
679.233	0.53	0.2	1
709.1078	0.38	0.2	1
739.5864	0.63	0.2	1
770.6688	0.55	0.2	1
802.355	0.54	0.2	1
834.645	0.53	0.2	1
867.5388	0.54	0.2	1
901.0364000000001	0.51	0.2	1
935.1378000000001	0.53	0.2	1
969.8430000000001	0.42	0.2	1
1005.152	0.55	0.2	1
1041.0648	0.51	0.2	1
1077.5814	0.43	0.2	1
1115.0018	0.5	0.3	1
1153.026	0.56	0.2	1
1191.9540000000002	0.4	0.3	1
1231.4858000000002	0.54	0.2	1
1271.6214000000002	0.59	0.2	1
1312.3608000000002	0.57	0.2	1
1353.7040000000002	0.48	0.2	1
1395.6510000000003	0.51	0.2	1
1438.2018000000003	0.62	0.2	1
1481.3564000000003	0.52	0.2	1
1525.1148000000003	0.53	0.2	1
1569.4770000000003	0.43	0.2	1
1614.4430000000002	0.6	0.2	1
1660.3128000000002	0.36	0.3	1
1706.7864000000002	0.48	0.2	1
1753.8638	0.55	0.2	1
1801.545	0.6	0.2	1
1849.8300000000002	0.49	0.2	1
1898.7188	0.55	0.2	1
1948.5114	0.51	0.3	1
1998.9078000000002	0.61	0.2	1
2049.9080000000004	0.58	0.2	1
2101.512	0.54	0.2	1
2153.7198000000003	0.55	0.2	1
2206.5314000000003	0.55	0.2	1
2259.9468	0.39	0.2	1
2313.9660000000003	0.55	0.2	1
2368.5890000000004	0.53	0.2	1
2423.8158000000003	0.54	0.2	1
2479.9464000000003	0.54	0.3	1
2536.6808	0.55	0.2	1
2594.0190000000002	0.44	0.2	1
2651.9610000000002	0.5	0.2	1
2710.5068	0.66	0.2	1
2769.6564000000003	0.57	0.2	1
2829.4098000000004	0.5	0.2	1
2889.7670000000003	0.55	0.2	1
2950.728	0.55	0.2	1
3012.2928	0.54	0.2	1
3074.4614	0.64	0.2	1
3137.2338	0.46	0.2	1
3200.91	0.4	0.3	1
3265.19	0.61	0.2	1
3330.0738	0.53	0.2	1
3395.5614	0.73	0.2	1
3461.6528	0.48	0.2	1
3528.348	0.55	0.2	1
3595.647	0.54	0.2	1
3663.8498	0.4	0.3	1
3732.6564	0.65	0.2	1
3802.3668	0.43	0.3	1
3872.9809999999998	0.5	0.3	1
3944.1989999999996	0.49	0.2	1
4016.0208	0.59	0.2	1
4088.4464	0.61	0.2	1
4161.4758	0.55	0.2	1
4235.109	0.55	0.2	1
4309.3460000000005	0.53	0.2	1
4384.1868	0.57	0.2	1
4459.6314	0.6	0.2	1
4535.6798	0.43	0.2	1
4612.332	0.51	0.2	1
4689.588000000001	0.57	0.2	1
4767.447800000001	0.56	0.2	1
4845.911400000001	0.55	0.2	1
4924.978800000001	0.55	0.2	1
5004.650000000001	0.49	0.2	1
5085.225	0.4	0.3	1
5166.4038	0.52	0.2	1
5248.1864000000005	0.53	0.2	1
5330.572800000001	0.57	0.2	1
5413.563000000001	0.58	0.2	1
5497.157000000001	0.5	0.2	1
5581.354800000001	0.58	0.2	1
5666.156400000001	0.52	0.2	1
5751.5618	0.51	0.2	1
5837.571000000001	0.6	0.2	1
5924.484	0.45	0.3	1
6012.000800000001	0.66	0.2	1
6100.121400000001	0.54	0.2	1
6189.145800000001	0.48	0.3	1
6279.074000000001	0.41	0.3	1
6368.606000000002	0.6	0.2	1
6458.741800000002	0.43	0.2	1
6549.4814000000015	0.54	0.2	1
6640.824800000001	0.61	0.2	1
6732.772000000001	0.48	0.2	1
6825.323000000001	0.66	0.2	1
6918.4778000000015	0.46	0.2	1
7012.236400000002	0.48	0.2	1
7106.598800000002	0.56	0.2	1
7201.565000000001	0.57	0.2	1
7297.135000000001	0.7	0.2	1
7393.608800000001	0.43	0.3	1
7490.6864000000005	0.73	0.2	1
7588.367800000001	0.6	0.2	1
7686.653000000001	0.65	0.2	1
7785.542000000001	0.47	0.2	1
7885.034800000001	0.62	0.2	1
7985.431400000001	0.48	0.3	1
8086.431800000001	0.64	0.2	1
8188.336000000001	0.36	0.3	1
8290.844000000001	0.5	0.2	1
8393.955800000002	0.42	0.2	1
8497.971400000002	0.51	0.3	1
8602.590800000002	0.54	0.2	1
8707.814000000002	0.65	0.2	1
8813.641000000001	0.63	0.2	1
8920.071800000002	0.59	0.2	1
9027.406400000002	0.44	0.3	1
9135.644800000002	0.46	0.3	1
9244.487000000001	0.51	0.2	1
9353.933	0.74	0.2	1
9463.982800000002	0.57	0.2	1
9574.636400000001	0.55	0.2	1
9686.193800000001	0.45	0.3	1
9798.355000000001	0.53	0.2	1
9911.420000000002	0.52	0.3	1
10025.088800000001	0.34	0.2	1
10139.6614	0.47	0.3	1
10254.837800000001	0.64	0.2	1
10370.618	0.47	0.2	1
10487.002	0.54	0.2	1
10603.989800000001	0.46	0.2	1
10721.581400000001	0.56	0.2	1
10839.776800000001	0.62	0.2	1
10958.876000000002	0.41	0.3	1
11078.879000000003	0.37	0.3	1
11199.785800000003	0.58	0.3	1
11321.596400000004	0.43	0.3	1
11444.310800000005	0.38	0.3	1
11567.629000000004	0.49	0.2	1
11691.551000000005	0.46	0.2	1
11816.376800000005	0.46	0.3	1
11941.806400000005	0.53	0.2	1
12067.839800000005	0.42	0.2	1
12194.477000000004	0.58	0.2	1
12321.718000000004	0.61	0.2	1
12449.562800000005	0.44	0.2	1
12578.011400000005	0.46	0.2	1
12707.063800000005	0.54	0.2	1
12836.720000000005	0.47	0.2	1
12966.980000000005	0.57	0.2	1
13097.843800000004	0.65	0.2	1
13229.311400000004	0.54	0.2	1
13361.382800000005	0.53	0.2	1
13494.358000000006	0.46	0.3	1
13627.937000000005	0.56	0.2	1
13762.119800000006	0.5	0.2	1
13896.906400000005	0.5	0.2	1
14032.296800000006	0.66	0.2	1
14168.291000000005	0.52	0.2	1
14304.889000000005	0.61	0.2	1
14442.390800000005	0.49	0.3	1
14580.796400000005	0.53	0.3	1
14718.805800000006	0.62	0.2	1
14857.419000000005	0.46	0.2	1
14996.636000000006	0.48	0.2	1
15136.456800000005	0.58	0.2	1
15276.881400000006	0.6	0.2	1
15417.909800000005	0.49	0.2	1
15559.542000000005	0.53	0.2	1
15701.778000000006	0.61	0.2	1
15844.617800000005	0.51	0.2	1
15988.061400000006	0.53	0.2	1
16132.108800000005	0.49	0.2	1
16276.760000000006	0.57	0.2	1
16422.015000000007	0.48	0.2	1
16567.87380000001	0.53	0.2	1
16714.336400000007	0.49	0.2	1
16861.402800000007	0.57	0.2	1
17009.073000000008	0.44	0.2	1
17157.34700000001	0.48	0.2	1
17306.224800000007	0.46	0.2	1
17455.706400000006	0.52	0.2	1
17605.791800000006	0.58	0.2	1
17756.481000000007	0.48	0.2	1
17908.074000000008	0.41	0.3	1
18060.27080000001	0.64	0.2	1
18213.071400000008	0.6	0.2	1
18366.475800000007	0.46	0.2	1
18520.484000000008	0.46	0.2	1
18675.09600000001	0.49	0.2	1
18830.31180000001	0.45	0.2	1
18986.13140000001	0.55	0.2	1
19142.55480000001	0.51	0.2	1
19299.88200000001	0.44	0.3	1
19457.81300000001	0.57	0.2	1
19616.34780000001	0.58	0.2	1
19775.48640000001	0.42	0.2	1
19935.228800000008	0.57	0.2	1
20095.575000000008	0.56	0.2	1
20252.825000000008	0.5	0.3	1
20410.67880000001	0.61	0.2	1
20569.43640000001	0.43	0.3	1
20729.09780000001	0.53	0.3	1
20889.363000000012	0.48	0.2	1
21050.23200000001	0.54	0.2	1
21211.70480000001	0.6	0.2	1
21374.08140000001	0.5	0.3	1
21537.36180000001	0.38	0.3	1
