1479	18	150.00580477142856	0	26.282590412111013	176.28839518353956
1480	17	337.5058047714286	0	60.955786736020805	398.4615915074494
1481	10	150.00672295714287	0	34.51131971286581	184.5180426700087
1482	16	525.0058047714285	0	80.53382420616659	605.5396289775952
1483	13	525.0000220035714	0	89.02831948448363	614.028341488055
1484	9	150.00672295714287	0	37.955465587044536	187.9621885441874
1485	2	712.5	0	236.55378486055776	949.0537848605577
1486	14	900.0000220035714	0	152.38740264138164	1052.3874246449532
1487	7	150.0038109	0	44.781466443754475	194.78527734375447
1488	0	712.5	0	361.3083164300203	1073.8083164300203
1489	17	337.5058047714286	389.4615915074494	60.955786736020805	787.9231830148988
1490	4	900.0038109	0	248.55012427506213	1148.5539351750622
1491	17	337.5058047714286	785.9231830148988	60.955786736020805	1184.3847745223482
1492	11	525.0067229571429	0	95.26401741970604	620.270740376849
1493	9	525.0067229571429	178.96218854418748	106.2753036437247	810.244215145055
1494	4	525.0038109	1144.5539351750622	144.98757249378625	1814.5453185688484
1495	16	900.0058047714285	592.5396289775954	138.05798435342845	1630.6034181024525
1496	15	525.0000220035714	0	82.63812372107665	607.6381457246481
1497	18	150.00580477142856	158.28839518353948	26.282590412111013	334.576790367079
1498	11	337.50672295714287	614.2707403768491	76.55144256940663	1028.3289059033987
1499	13	337.5000220035714	598.028341488055	71.54061387146005	1007.0689773630866
1500	0	900.0	1061.8083164300206	456.3894523326572	2418.1977687626777
1501	5	525.0038109	0	139.7019691325173	664.7057800325173
1502	18	150.00580477142856	329.57679036707896	26.282590412111013	505.8651855506185
1503	0	337.5	2415.1977687626777	213.93255578093306	2966.6303245436106
1504	12	900.0000220035714	0	159.3484419263456	1059.348463929917
1505	6	900.0038109	0	233.9485313231089	1133.9523422231089
1506	10	712.5067229571429	159.51804267000875	131.1430149088901	1003.1677805360417
1507	0	712.5	2962.63032454361	361.3083164300203	4036.4386409736303
1508	19	150.00580477142856	0	22.42018414444577	172.4259889158743
1509	0	525.0	4034.4386409736308	266.2271805273834	4825.665821501014
1510	10	337.50672295714287	999.1677805360418	77.65046935394808	1414.3249728471326
1511	0	525.0	4823.665821501014	266.2271805273834	5614.893002028397
1512	15	900.0000220035714	591.638145724648	141.66535495041714	1633.3035226786365
1513	10	525.0067229571429	1411.3249728471328	96.6316951960243	2032.9633910003
1514	14	525.0000220035714	1024.3874246449532	88.89265154080596	1638.2800981893304
1515	1	525.0	0	226.58610271903322	751.5861027190332
1516	10	337.50672295714287	2029.9633910003	77.65046935394808	2445.120583311391
1517	7	337.5038109	164.7852773437544	100.75829949844757	603.047387742202
1518	4	712.5038109	1790.5453185688484	196.7688483844242	2699.817977853272
1519	4	712.5038109	2698.817977853272	196.7688483844242	3608.090637137696
1520	4	900.0038109	3607.090637137696	248.55012427506213	4755.644572312758
1521	17	525.0058047714285	1154.3847745223484	75.85609016038144	1755.2466694541583
1522	6	525.0038109	1116.9523422231086	136.46997660514685	1778.4261297282555
1523	4	900.0038109	4752.644572312758	248.55012427506213	5901.19850748782
1524	15	150.00002200357142	1621.3035226786365	29.513615614670233	1800.817160296878
1525	7	900.0038109	595.0473877422019	214.9510389300215	1710.0022375722233
1526	13	525.0000220035714	980.0689773630866	89.02831948448363	1594.0973188511416
1527	0	712.5	5598.893002028397	361.3083164300203	6672.7013184584175
1528	14	712.5000220035714	1624.2800981893306	120.6400270910938	2457.420147283996
1529	7	712.5038109	1706.0022375722233	170.16957248626701	2588.6756209584905
1530	0	525.0	6669.7013184584175	266.2271805273834	7460.928498985801
1531	13	712.5000220035714	1589.0973188511416	120.82414787179923	2422.421488726512
1532	0	712.5	7458.928498985801	361.3083164300203	8532.736815415821
1533	13	337.5000220035714	2420.421488726512	71.54061387146005	2829.4621246015436
1534	13	337.5000220035714	2828.462124601543	71.54061387146005	3237.5027604765746
1535	1	900.0	731.5861027190331	388.4333189469141	2020.0194216659472
1536	17	712.5058047714285	1740.246669454158	102.94755093194625	2555.7000251575328
1537	0	525.0	8527.736815415821	266.2271805273834	9318.963995943204
1538	4	900.0038109	5886.19850748782	248.55012427506213	7034.7524426628825
1539	11	525.0067229571429	987.3289059033987	95.26401741970604	1607.5996462802475
1540	0	525.0	9315.963995943204	266.2271805273834	10107.191176470587
1541	18	337.5058047714286	466.86518555061843	59.135828427249784	863.5068187492967
1542	15	900.0000220035714	1782.8171602968778	141.66535495041714	2824.4825372508662
1543	15	900.0000220035714	2823.482537250866	141.66535495041714	3865.1479142048543
1544	0	712.5	10103.191176470587	361.3083164300203	11176.999492900608
1545	0	337.5	11175.999492900608	213.93255578093306	11727.432048681541
1546	11	525.0067229571429	1600.5996462802477	95.26401741970604	2220.8703866570963
1547	4	525.0038109	7025.7524426628825	144.98757249378625	7695.743826056669
1548	2	150.0	886.0537848605577	62.25099601593626	1098.3047808764939
1549	6	337.5038109	1751.4261297282555	109.66337405770729	2198.593314685963
1550	13	525.0000220035714	3221.5027604765746	89.02831948448363	3835.5311019646297
1551	5	712.5038109	614.7057800325174	189.59552953698775	1516.805120469505
1552	0	712.5	11720.432048681541	361.3083164300203	12794.240365111562
1553	0	712.5	12793.240365111562	361.3083164300203	13867.048681541582
1554	0	525.0	13866.048681541582	266.2271805273834	14657.275862068966
1555	9	525.0067229571429	748.244215145055	106.2753036437247	1379.5262417459226
1556	15	900.0000220035714	3852.147914204854	141.66535495041714	4893.813291158843
1557	14	712.5000220035714	2428.420147283996	120.6400270910938	3261.560196378661
1558	18	712.5058047714285	846.5068187492966	99.87384356602186	1658.886467086747
1559	0	525.0	14652.275862068966	266.2271805273834	15443.503042596349
1560	4	900.0038109	7682.743826056669	248.55012427506213	8831.29776123173
1561	0	525.0	15441.503042596349	266.2271805273834	16232.730223123732
1562	19	525.0058047714285	118.42598891587431	62.776515604448164	706.208309291751
1563	4	712.5038109	8828.29776123173	196.7688483844242	9737.570420516155
1564	14	150.00002200357142	3254.560196378661	31.747375550287842	3436.3075939325204
1565	0	900.0	16228.730223123734	456.3894523326572	17585.11967545639
1566	17	337.5058047714286	2525.7000251575328	60.955786736020805	2924.1616166649824
1567	10	150.00672295714287	2394.120583311391	34.51131971286581	2578.6386259813994
1568	4	900.0038109	9732.570420516155	248.55012427506213	10881.124355691216
1569	12	900.0000220035714	994.3484639299168	159.3484419263456	2053.6969278598335
1570	4	900.0038109	10879.124355691216	248.55012427506213	12027.678290866277
1571	8	150.00672295714287	0	43.33256297665819	193.33928593380105
1572	7	900.0038109	2545.675620958491	214.9510389300215	3660.6304707885124
1573	7	337.5038109	3659.630470788512	100.75829949844757	4097.892581186959
1574	17	712.5058047714285	2916.161616664982	102.94755093194625	3731.6149723683566
1575	18	150.00580477142856	1641.886467086747	26.282590412111013	1818.1748622702864
1576	1	150.0	1979.0194216659474	80.92360811394043	2209.943029779888
1577	7	337.5038109	4093.8925811869594	100.75829949844757	4532.154691585407
1578	8	525.0067229571429	186.33928593380097	121.33117633464293	832.6771852255868
1579	13	337.5000220035714	3806.5311019646297	71.54061387146005	4215.571737839661
1580	3	150.0	0	59.44831959416613	209.44831959416612
1581	15	900.0000220035714	4868.813291158843	141.66535495041714	5910.478668112832
1582	14	712.5000220035714	3418.307593932521	120.6400270910938	4251.447643027186
1583	17	337.5058047714286	3722.6149723683566	60.955786736020805	4121.076563875806
1584	10	150.00672295714287	2561.638625981399	34.51131971286581	2746.1566686514075
1585	8	900.0067229571429	825.677185225587	207.99630228795934	1933.680210470689
1586	13	900.0000220035714	4208.571737839661	152.6199762591148	5261.191736102348
1587	13	337.5000220035714	5260.191736102348	71.54061387146005	5669.232371977379
1588	12	712.5000220035714	2034.6969278598335	126.15084985835693	2873.347799721762
1589	4	900.0038109	12008.678290866277	248.55012427506213	13157.232226041338
1590	0	712.5	17560.11967545639	361.3083164300203	18633.92799188641
1591	7	900.0038109	4518.154691585407	214.9510389300215	5633.109541415428
1592	4	150.0038109	13154.232226041338	51.78127589063794	13356.017312831977
1593	17	150.00580477142856	4111.076563875806	27.0914607715648	4288.173829418799
1594	0	525.0	18629.92799188641	266.2271805273834	19421.155172413793
1595	17	337.5058047714286	4286.173829418799	60.955786736020805	4684.635420926248
1596	0	525.0	19419.155172413793	266.2271805273834	20210.38235294118
1597	0	525.0	20209.38235294118	266.2271805273834	21000.609533468563
1598	4	900.0038109	13350.017312831977	248.55012427506213	14498.571248007038
1599	11	900.0067229571429	2167.8703866570963	163.3097441480675	3231.186853762307
1600	6	337.5038109	2147.593314685963	109.66337405770729	2594.7604996436703
1601	0	712.5	20996.609533468563	361.3083164300203	22070.417849898582
1602	10	150.00672295714287	2728.156668651407	34.51131971286581	2912.6747113214155
1603	9	337.50672295714287	1331.5262417459226	85.3997975708502	1754.4327622739156
1604	2	337.5	1042.304780876494	140.06474103585657	1519.8695219123506
1605	14	525.0000220035714	4228.447643027186	88.89265154080596	4842.340316571564
1606	0	900.0	22065.417849898582	456.3894523326572	23421.80730223124
