33.6	0.87	1.6	1
105.0	0.04	1.8	1
235.2	0.08	2.8	1
399.0	0.82	1.6	1
604.8	0.07	2.0	1
873.5999999999999	0.04	3.0	1
1170.8	0.87	1.4	1
1518.3999999999999	0.58	2.4	1
1916.3999999999999	0.58	2.4	1
2360.6	0.09	2.2	1
2834.2	0.81	1.4	1
3326.7	0.79	0.9	1
3844.3999999999996	0.65	1.2	1
4395.7	0.78	1.6	1
4976.4	0.06	1.4	1
5592.799999999999	0.08	1.7	1
6263.799999999999	0.09	2.6	1
6976.799999999999	0.1	2.0	1
7714.999999999999	0.06	1.2	1
8486.8	0.91	1.6	1
9277.5	0.82	0.9	1
10114.4	0.09	2.2	1
11005.9	0.57	2.6	1
11933.1	0.89	1.7	1
12889.7	0.86	1.4	1
13882.0	0.89	1.7	1
14899.5	0.59	1.2	1
15935.9	0.8	0.9	1
17018.5	0.09	2.2	1
18130.5	0.89	1.4	1
19330.7	0.04	4.2	1
20562.4	0.84	1.5	1
21815.100000000002	0.7	1.0	1
23105.600000000002	0.77	1.8	1
24427.600000000002	0.83	1.5	1
25802.100000000002	0.09	2.5	1
27206.000000000004	0.81	1.4	1
28654.000000000004	0.69	2.1	1
30131.400000000005	0.06	1.4	1
31650.800000000007	0.1	2.0	1
33203.8	0.92	1.6	1
34773.600000000006	0.9	0.8	1
36374.90000000001	0.77	1.5	1
38032.90000000001	0.09	2.7	1
39737.100000000006	0.09	2.2	1
41458.100000000006	0.87	0.8	1
43221.100000000006	0.1	2.0	1
45038.700000000004	0.09	2.6	1
46986.50000000001	0.03	6.2	1
48980.50000000001	0.09	2.2	1
50999.700000000004	0.06	1.2	1
53050.4	0.94	1.5	1
55119.0	0.79	0.9	1
57229.6	0.07	2.0	1
59378.0	0.07	1.8	1
61581.0	0.09	2.6	1
63842.8	0.08	2.8	1
66176.0	0.07	3.4	1
68563.8	0.56	2.6	1
70993.6	0.73	2.0	1
73486.40000000001	0.05	3.0	1
76042.20000000001	0.08	3.0	1
78652.6	0.59	2.6	1
81317.6	0.09	2.6	1
84037.20000000001	0.09	2.6	1
86807.20000000001	0.1	2.4	1
89629.70000000001	0.09	2.5	1
92515.20000000001	0.08	3.0	1
95459.50000000001	0.08	2.8	1
98462.60000000002	0.55	2.8	1
101558.10000000002	0.06	4.4	1
104708.20000000003	0.09	2.6	1
107912.90000000002	0.09	2.6	1
