3.6667	0.07	2.0	1
12.833400000000001	0.04	3.0	1
27.1334	0.04	2.8	1
46.933400000000006	0.07	3.0	1
71.86670000000001	0.04	2.8	1
102.48330000000001	0.04	3.1	1
135.84990000000002	0.86	1.5	1
171.96650000000002	0.86	1.5	1
213.21640000000002	0.04	2.8	1
257.3996	0.04	1.6	1
307.26610000000005	0.04	3.1	1
362.6326	0.04	3.0	1
422.5824	0.07	2.5	1
484.6489	0.77	1.7	1
551.1154	0.8	2.4	1
620.3319	0.95	1.5	1
692.4817	0.82	1.6	1
769.0315	0.09	2.4	1
847.4146000000001	0.73	1.0	1
928.5477000000001	0.82	1.5	1
1012.2475000000001	0.87	1.4	1
1098.3306	0.6	1.3	1
1187.347	0.91	1.6	1
1277.8301	0.77	0.8	1
1373.8131999999998	0.69	3.0	1
1473.6462999999999	0.65	2.1	1
1577.3293999999999	0.68	2.1	1
1683.9457999999997	0.78	1.6	1
1793.4954999999998	0.82	1.6	1
1906.7118999999998	0.78	2.0	1
2023.2282999999998	0.83	1.8	1
2142.8614	0.87	1.7	1
2266.8945	0.6	2.4	1
2395.3276	0.09	2.4	1
2529.444	0.69	3.1	1
2667.9604	0.08	2.4	1
2809.4101	0.08	1.6	1
2952.3265	0.89	0.8	1
3098.5429000000004	0.07	1.8	1
3248.7926	0.1	2.2	1
3402.3423000000003	0.08	1.8	1
3558.4587	0.08	1.4	1
3718.4251	0.91	2.1	1
3881.5081999999998	0.05	1.7	1
4047.7079999999996	0.78	1.7	1
4218.3078	0.09	2.4	1
4391.6576	0.79	1.5	1
4567.7573999999995	0.97	1.5	1
4746.973899999999	0.07	1.7	1
4929.490399999999	0.07	1.8	1
5113.473599999998	0.81	0.8	1
5300.206799999998	0.84	1.5	1
5490.056699999998	0.9	1.7	1
5683.573299999998	0.1	2.0	1
5881.123199999998	0.1	2.2	1
6081.2397999999985	0.88	1.4	1
6289.423099999998	0.05	4.4	1
6502.189699999998	0.77	2.5	1
6717.889599999998	0.79	1.6	1
6938.172799999998	0.73	2.5	1
7161.572699999998	0.75	1.7	1
7388.455899999998	0.72	1.9	1
7618.455799999998	0.76	1.7	1
7849.922399999998	0.84	0.8	1
8084.138999999997	0.83	1.5	1
8320.922299999997	0.07	1.4	1
8560.638899999996	0.76	1.6	1
8802.922199999995	0.85	1.4	1
9047.955499999995	0.81	1.5	1
9296.288799999995	0.72	1.8	1
9548.472099999995	0.68	2.1	1
9803.222099999995	0.87	1.4	1
10059.438799999996	0.85	0.8	1
10317.122199999996	0.81	0.8	1
10578.838899999997	0.69	2.2	1
10844.955599999998	0.82	2.4	1
11119.138999999997	0.04	4.4	1
11396.989099999997	0.7	2.0	1
11678.872499999998	0.64	2.2	1
11964.422599999998	0.1	2.0	1
12254.189399999997	0.62	2.3	1
12545.972899999997	0.89	1.1	1
12840.323099999998	0.89	1.4	1
13138.706599999998	0.66	2.2	1
13440.023399999998	0.79	1.6	1
13744.090199999999	0.86	1.5	1
14051.090299999998	0.82	1.6	1
14361.207099999998	0.77	1.7	1
14674.257199999998	0.83	1.6	1
14990.790599999998	0.75	1.9	1
15310.073999999999	0.91	1.5	1
15632.2907	0.81	1.6	1
15957.2574	0.82	1.5	1
16284.974100000001	0.98	1.5	1
16617.4575	0.1	2.6	1
16953.6076	0.68	2.0	1
17292.691	0.8	1.6	1
17634.5244	0.8	1.5	1
17979.841099999998	0.71	1.9	1
18329.5578	0.77	2.4	1
18683.124499999998	0.07	2.1	1
19040.724499999997	0.06	2.2	1
19402.907799999997	0.06	2.5	1
19767.841099999998	0.82	1.5	1
20136.441099999996	0.78	2.0	1
20510.724399999996	0.08	3.1	1
20889.407699999996	0.1	2.4	1
21272.124299999996	0.1	2.2	1
21658.874199999995	0.1	2.2	1
22048.924099999997	0.87	1.8	1
22441.723999999995	0.54	1.5	1
22837.273899999993	0.95	1.5	1
23237.407099999993	0.09	2.5	1
23639.740299999994	0.07	1.2	1
24046.106799999994	0.07	2.2	1
24459.623299999996	0.05	3.9	1
24876.439799999996	0.07	1.8	1
25297.289599999996	0.1	2.2	1
25721.072699999997	0.93	1.6	1
26149.255799999995	0.09	2.4	1
26580.188899999994	0.9	1.5	1
27015.155299999995	0.09	2.2	1
27452.321699999993	0.06	1.2	1
27892.054799999994	0.98	1.4	1
28335.821199999995	0.09	2.2	1
28783.620899999994	0.1	2.2	1
29233.620599999995	0.09	1.2	1
29686.920299999994	0.83	1.8	1
30143.336699999993	0.05	1.7	1
30610.386399999992	0.04	5.8	1
31080.18609999999	0.93	1.5	1
31552.73579999999	0.99	1.5	1
32028.03549999999	0.94	1.5	1
32507.55189999999	0.79	2.3	1
32990.00159999999	0.08	1.6	1
33475.01799999999	0.08	1.4	1
33964.61769999999	0.09	2.5	1
34457.15069999999	0.9	1.6	1
34952.61699999999	0.05	1.6	1
35452.84999999999	0.09	2.6	1
35957.84969999999	0.08	2.6	1
36465.96609999999	0.77	1.7	1
36976.83249999999	0.93	1.5	1
37491.91559999999	0.04	2.3	1
38016.89869999999	0.03	5.4	1
38544.44849999999	0.08	1.4	1
39075.298299999995	0.86	1.8	1
39608.714799999994	0.98	1.4	1
40145.4313	0.85	1.8	1
40686.54779999999	0.1	2.4	1
41230.23099999999	0.07	1.4	1
41776.480899999995	0.06	1.4	1
42325.4808	0.95	1.5	1
42878.147399999994	0.11	2.0	1
43434.030699999996	0.68	2.3	1
43995.0473	0.08	2.8	1
44564.3139	0.05	4.5	1
45138.347200000004	0.09	2.6	1
45717.5138	0.08	2.8	1
46299.7971	0.87	1.7	1
46885.930400000005	0.67	2.1	1
47475.73040000001	0.07	2.0	1
48069.930400000005	0.09	2.4	1
48669.2637	0.08	2.8	1
49274.4637	0.08	3.2	1
49881.497	0.74	1.0	1
50492.9303	0.1	2.4	1
51110.2303	0.07	3.2	1
51733.030300000006	0.08	3.0	1
52359.863600000004	0.06	2.2	1
52991.830200000004	0.08	2.8	1
53627.2801	0.07	1.9	1
54266.396700000005	0.06	2.0	1
54911.013300000006	0.08	3.0	1
55560.39660000001	0.09	2.6	1
56213.26320000001	0.06	1.9	1
56869.61310000001	0.79	1.9	1
57531.09630000001	0.08	2.8	1
58195.69620000001	0.06	1.7	1
58865.429400000015	0.08	2.8	1
59540.29590000001	0.08	2.8	1
60221.029100000014	0.07	3.2	1
60905.42900000001	0.76	2.0	1
61594.04560000001	0.09	2.3	1
62285.96220000001	0.07	1.8	1
62983.378800000006	0.08	3.0	1
63685.37870000001	0.08	2.5	1
64390.67860000001	0.07	1.8	1
65097.628500000006	0.77	0.9	1
65809.3451	0.08	2.6	1
66526.195	0.08	2.8	1
67248.54490000001	0.08	3.0	1
67975.6615	0.08	2.6	1
68708.64480000001	0.07	3.2	1
69444.9281	0.06	1.8	1
70185.97810000001	0.09	2.6	1
70932.16140000001	0.08	2.8	1
71683.11140000001	0.09	2.6	1
72436.99470000001	0.91	1.6	1
73196.01130000001	0.08	2.8	1
73957.41120000002	0.07	1.3	1
74722.84440000002	0.06	2.2	1
75491.21090000002	0.08	1.6	1
76264.71070000003	0.08	2.8	1
77041.69380000002	0.8	1.9	1
77825.09360000002	0.07	3.5	1
78614.17670000003	0.08	3.1	1
79406.00980000003	0.93	1.5	1
80200.77620000002	0.91	1.6	1
81001.59260000002	0.07	3.3	1
81804.05900000002	0.82	0.9	1
82610.37540000002	0.75	2.1	1
83423.65850000002	0.06	3.8	1
84240.97490000002	0.06	2.2	1
85062.69130000002	0.09	2.4	1
85887.15770000003	0.97	1.5	1
86714.19080000003	0.09	1.4	1
87546.35720000003	0.08	2.8	1
88383.65690000003	0.08	2.8	1
89224.62330000004	0.07	2.0	1
90068.52300000003	0.08	1.6	1
90917.92270000002	0.08	3.0	1
91768.97240000003	0.76	0.9	1
92625.52210000003	0.08	3.0	1
93486.83850000003	0.08	2.6	1
94353.28820000002	0.08	2.8	1
95223.22120000003	0.8	1.9	1
96098.65420000003	0.08	3.0	1
96978.85390000003	0.09	2.6	1
