2.7625	0.85	1.7	1
9.2625	0.85	2.3	1
19.987499999999997	0.07	2.6	1
33.637499999999996	0.03	1.8	1
50.537499999999994	0.04	2.0	1
70.0375	0.04	1.6	1
94.57499999999999	0.06	3.1	1
122.0375	0.04	1.8	1
154.05	0.04	2.8	1
188.66250000000002	0.04	1.6	1
228.31250000000003	0.04	3.1	1
270.88750000000005	0.04	1.8	1
316.38750000000005	0.04	1.8	1
366.43750000000006	0.04	2.8	1
420.38750000000005	0.81	2.4	1
477.58750000000003	0.07	2.0	1
536.225	0.85	1.5	1
598.1125000000001	0.7	2.0	1
662.6000000000001	0.79	1.6	1
730.9875000000002	0.09	2.4	1
802.1375000000002	0.8	1.7	1
875.7250000000001	0.85	1.5	1
951.5875000000001	0.9	1.4	1
1028.75	0.83	0.8	1
1108.025	0.86	1.3	1
1189.7375000000002	0.83	1.5	1
1274.0500000000002	0.8	1.6	1
1360.9625	0.79	1.6	1
1450.3125	0.87	1.5	1
1541.9375	0.08	1.4	1
1637.4625	0.09	2.4	1
1735.4250000000002	0.83	1.5	1
1835.9875000000002	0.9	1.6	1
1939.6375000000003	0.72	1.9	1
2045.8875000000003	0.92	1.6	1
2155.7125	0.09	2.2	1
2267.8125	0.08	1.4	1
2383.8125	0.09	2.4	1
2502.575	0.86	1.7	1
2624.2625	0.82	1.8	1
2747.25	0.79	0.8	1
2873.0	0.92	1.7	1
3002.65	0.09	2.4	1
3137.175	0.08	3.0	1
3273.1625000000004	0.84	0.9	1
3411.9125000000004	0.87	1.7	1
3551.9625000000005	0.9	0.8	1
3693.3125000000005	0.79	0.8	1
3837.4250000000006	0.81	1.7	1
3983.4875000000006	0.08	1.2	1
4130.85	0.82	0.8	1
4280.650000000001	0.94	1.5	1
4434.025000000001	0.09	2.2	1
4589.675	0.85	1.4	1
4749.55	0.08	2.6	1
4912.837500000001	0.68	2.1	1
5079.700000000001	0.09	2.2	1
5249.487500000001	0.84	1.8	1
5420.575000000001	0.77	0.8	1
5595.400000000001	0.63	2.3	1
5772.9875	0.79	1.7	1
5953.5	0.76	1.8	1
6136.45	0.84	1.5	1
6322.0	0.78	1.6	1
6509.9875	0.82	1.5	1
6701.225	0.07	2.0	1
6896.200000000001	0.82	2.3	1
7093.612500000001	0.84	1.5	1
7294.112500000001	0.72	1.9	1
7498.675000000001	0.6	2.5	1
7706.325000000001	0.72	1.9	1
7917.387500000001	0.68	2.1	1
8130.725	0.89	1.4	1
8346.6625	0.8	1.6	1
8566.3375	0.8	2.3	1
8789.425	0.04	2.1	1
9014.787499999999	0.88	1.4	1
9242.587499999998	0.87	1.5	1
9475.099999999999	0.08	2.9	1
9709.887499999999	0.87	1.4	1
9947.437499999998	0.75	1.7	1
10186.449999999999	0.77	0.9	1
10428.7125	0.68	2.0	1
10673.574999999999	0.82	1.6	1
10920.874999999998	0.82	1.5	1
11170.774999999998	0.79	1.6	1
11422.949999999997	0.85	1.4	1
11677.887499999997	0.76	1.7	1
11935.587499999998	0.78	1.7	1
12196.049999999997	0.04	1.7	1
12460.737499999997	0.08	2.6	1
12727.699999999997	0.87	1.4	1
12997.912499999997	0.68	2.0	1
13270.724999999997	0.78	1.6	1
13545.162499999997	0.72	1.0	1
13822.362499999997	0.81	1.7	1
14102.162499999997	0.81	1.6	1
14385.537499999997	0.88	2.2	1
14671.187499999996	0.86	1.4	1
14960.574999999997	0.61	2.3	1
15253.537499999997	0.63	2.2	1
15548.774999999996	0.85	1.4	1
15846.449999999995	0.84	1.5	1
16146.887499999995	0.77	1.7	1
16449.924999999996	0.8	1.6	1
16756.699999999997	0.66	2.3	1
17066.562499999996	0.06	1.9	1
17383.737499999996	0.03	4.5	1
17704.487499999996	0.8	2.2	1
18027.837499999994	0.78	1.6	1
18354.437499999993	0.7	2.0	1
18683.637499999993	0.8	1.6	1
19016.249999999993	0.66	2.1	1
19352.112499999992	0.69	2.0	1
19689.27499999999	0.83	0.8	1
20029.19999999999	0.82	1.7	1
20370.42499999999	0.84	0.8	1
20714.24999999999	0.91	1.6	1
21061.64999999999	0.09	2.2	1
21412.78749999999	0.83	2.3	1
21768.14999999999	0.1	2.6	1
22125.46249999999	0.07	1.2	1
22485.049999999992	0.91	1.4	1
22847.074999999993	0.95	1.5	1
23211.537499999995	0.82	1.5	1
23577.787499999995	0.67	1.1	1
23946.637499999993	0.8	1.6	1
24318.737499999992	0.7	2.0	1
24694.41249999999	0.09	2.2	1
25072.84999999999	0.92	1.7	1
25454.374999999993	0.07	1.9	1
25838.499999999993	0.89	1.6	1
26225.22499999999	0.8	1.6	1
26614.874999999993	0.85	1.8	1
27007.774999999994	0.1	2.0	1
27403.274999999994	0.97	1.6	1
27802.349999999995	0.09	2.2	1
28203.212499999994	0.92	1.1	1
28606.674999999996	0.8	1.6	1
29012.737499999996	0.82	1.6	1
29420.749999999996	0.07	1.2	1
29831.037499999995	0.06	1.4	1
30245.224999999995	0.09	2.4	1
30662.174999999996	0.88	1.7	1
31082.699999999997	0.09	2.2	1
31506.312499999996	0.82	1.9	1
31934.149999999998	0.09	2.6	1
32364.425	0.97	1.5	1
32797.625	0.82	1.8	1
33240.0875	0.04	5.7	1
33684.9875	0.94	1.5	1
34132.325000000004	0.87	1.5	1
34582.5875	0.71	1.8	1
35035.450000000004	0.07	1.6	1
35491.887500000004	0.1	2.2	1
35950.600000000006	0.08	1.4	1
36411.75000000001	0.99	1.5	1
36875.17500000001	0.08	1.4	1
37342.17500000001	0.1	2.2	1
37811.93750000001	0.73	1.7	1
38283.975000000006	0.06	1.4	1
38757.31250000001	0.86	0.8	1
39239.100000000006	0.03	5.2	1
39724.787500000006	0.1	2.4	1
40212.75000000001	0.88	1.4	1
40704.287500000006	0.09	2.2	1
41199.05	0.09	2.6	1
41697.0625	0.79	2.0	1
42200.4375	0.07	3.3	1
42707.875	0.06	2.5	1
43219.8625	0.08	2.8	1
43734.9375	0.78	1.9	1
44254.5625	0.08	2.8	1
44779.875	0.07	3.5	1
45309.0875	0.1	2.4	1
45842.0375	0.7	2.3	1
46377.5875	0.08	1.6	1
46916.55	0.74	2.1	1
47460.387500000004	0.08	3.0	1
48008.775	0.08	2.8	1
48559.762500000004	0.9	1.6	1
49114.975000000006	0.09	2.6	1
49672.787500000006	0.08	1.6	1
50235.475000000006	0.08	3.0	1
50804.175	0.07	3.7	1
51375.475000000006	0.07	1.6	1
51949.700000000004	0.82	1.8	1
52529.12500000001	0.08	3.2	1
53111.96250000001	0.74	2.1	1
53699.350000000006	0.08	2.8	1
54288.200000000004	0.79	0.9	1
54884.525	0.06	4.6	1
55483.9375	0.73	1.9	1
56087.25	0.09	2.4	1
56694.3	0.04	2.3	1
57305.7375	0.05	2.7	1
57921.4	0.09	2.6	1
58541.2875	0.09	2.6	1
59166.049999999996	0.08	3.0	1
59795.362499999996	0.08	2.8	1
60429.87499999999	0.07	3.2	1
61066.987499999996	0.08	1.6	1
61708.975	0.08	3.0	1
62355.5125	0.08	2.8	1
63006.274999999994	0.62	2.6	1
63660.93749999999	0.67	2.4	1
64319.82499999999	0.09	2.6	1
64983.91249999999	0.08	3.2	1
65652.22499999999	0.09	2.6	1
66323.78749999999	0.77	2.0	1
66999.24999999999	0.09	2.4	1
67680.88749999998	0.06	3.8	1
68366.09999999998	0.06	2.2	1
69053.58749999998	0.07	1.4	1
69742.69999999998	0.79	1.0	1
70436.03749999998	0.09	2.6	1
71133.27499999998	0.09	2.4	1
71835.38749999998	0.08	3.0	1
72542.21249999998	0.07	2.9	1
73253.26249999998	0.09	2.6	1
73968.53749999998	0.09	2.6	1
74687.38749999998	0.72	2.2	1
75409.48749999999	0.07	2.0	1
76134.8375	0.77	2.0	1
76862.4625	0.08	1.4	1
77591.875	0.73	1.1	1
78325.8375	0.09	2.8	1
79064.025	0.09	2.6	1
79806.7625	0.09	2.8	1
80553.2375	0.69	2.3	1
81303.9375	0.09	2.6	1
82059.5125	0.08	3.0	1
82817.6875	0.08	1.6	1
83579.4375	0.72	2.2	1
84344.275	0.77	1.9	1
85111.875	0.85	1.7	1
85883.375	0.1	2.4	1
86658.6125	0.09	2.3	1
87438.40000000001	0.08	2.8	1
88221.1125	0.07	1.8	1
89007.075	0.07	2.0	1
