3.5836	0.86	2.3	1
9.973	0.04	1.8	1
18.857100000000003	0.04	1.6	1
30.547000000000004	0.04	1.8	1
45.0427	0.04	1.8	1
63.899800000000006	0.04	2.8	1
87.4294	0.04	3.0	1
113.4537	0.04	1.6	1
142.28379999999999	0.04	1.8	1
176.40859999999998	0.04	3.4	1
214.89479999999998	0.04	2.8	1
258.0535	0.04	3.0	1
305.7291	0.04	2.9	1
353.6549	0.8	0.8	1
404.8532	0.66	2.1	1
458.5462	0.79	1.6	1
514.5783	0.8	1.5	1
574.3495	0.09	2.4	1
636.9265	0.72	1.8	1
700.7537	0.86	0.8	1
765.8311	0.74	0.8	1
834.4920999999999	0.64	2.3	1
905.4921999999999	0.8	1.5	1
978.987	0.82	1.6	1
1054.1987	0.67	1.1	1
1131.5939999999998	0.85	1.4	1
1213.3506999999997	0.7	2.8	1
1298.6909999999998	0.64	2.3	1
1388.0814999999998	0.77	2.6	1
1483.3888999999997	0.55	3.8	1
1580.1020999999996	0.79	0.9	1
1679.3099999999997	0.81	1.6	1
1780.7014999999997	0.08	1.4	1
1885.6765999999998	0.86	2.3	1
1992.8352999999997	0.07	1.4	1
2103.7331	0.08	2.4	1
2217.1256	0.06	1.6	1
2332.8572	0.93	1.5	1
2451.8613	0.68	2.1	1
2573.3601	0.08	1.6	1
2696.7313999999997	0.09	1.2	1
2824.7751999999996	0.08	3.0	1
2955.1580999999996	0.96	1.5	1
3088.0356999999995	0.96	1.6	1
3224.3412999999996	0.1	2.2	1
3362.9859999999994	0.95	1.5	1
3509.7253999999994	0.04	5.2	1
3659.1149999999993	0.05	1.7	1
3812.2436999999995	0.09	2.4	1
3967.5559999999996	0.07	1.4	1
4125.362999999999	0.91	1.6	1
4285.664699999999	0.91	1.6	1
4448.15	0.97	1.4	1
4614.3744	0.09	2.4	1
4783.4046	0.08	1.8	1
4961.4628	0.03	5.8	1
5148.8601	0.03	6.0	1
5340.3076	0.09	2.6	1
5534.0942000000005	0.87	1.5	1
5731.308800000001	0.1	2.2	1
5931.018100000001	0.87	1.6	1
6132.911000000001	0.88	1.4	1
6336.054100000001	0.83	0.8	1
6542.0030000000015	0.72	1.8	1
6750.291000000001	0.85	1.5	1
6962.318100000001	0.63	2.4	1
7176.528800000001	0.85	1.4	1
7393.389700000001	0.76	1.7	1
7611.967500000001	0.9	1.1	1
7834.2844000000005	0.6	2.4	1
8060.651500000001	0.56	2.6	1
8291.5355	0.51	2.9	1
8525.692	0.64	2.1	1
8762.498699999998	0.74	1.7	1
9002.422299999998	0.7	2.0	1
9247.173899999998	0.68	3.1	1
9494.420199999999	0.76	1.6	1
9744.005599999999	0.84	1.5	1
9995.930099999998	0.83	1.5	1
10250.193699999998	0.77	1.5	1
10508.818699999998	0.73	2.8	1
10769.782799999997	0.81	1.5	1
11033.085999999998	0.77	1.5	1
11300.128299999997	0.75	2.4	1
11569.665299999997	0.78	1.6	1
11842.008099999997	0.72	1.8	1
12117.778899999998	0.68	2.2	1
12395.733299999998	0.86	1.4	1
12677.115699999998	0.66	2.2	1
12960.370599999998	0.06	1.2	1
13250.320199999998	0.45	4.3	1
13542.608899999997	0.83	1.5	1
13838.014499999997	0.7	2.0	1
14136.070299999998	0.77	1.7	1
14436.620799999997	0.83	1.6	1
14739.510399999997	0.9	1.5	1
15046.450199999997	0.09	2.6	1
15354.640199999998	0.9	0.8	1
15665.635999999999	0.76	1.8	1
15980.059799999999	0.84	2.2	1
16297.445	0.7	1.9	1
16616.3916	0.72	1.0	1
16937.5218	0.88	1.4	1
17262.391099999997	0.59	2.4	1
17589.910599999996	0.8	1.7	1
17919.769199999995	0.84	1.5	1
18251.966899999996	0.82	1.5	1
18586.659299999996	0.77	1.6	1
18922.601899999994	0.83	0.8	1
19260.728099999993	0.87	1.4	1
19601.193399999993	0.85	1.5	1
19943.22009999999	0.78	1.0	1
20288.36369999999	0.69	2.0	1
20636.93529999999	0.85	2.2	1
20989.245999999992	0.09	2.4	1
21344.984699999994	0.83	2.2	1
21702.906999999992	0.08	1.4	1
22064.412899999992	0.75	2.3	1
22428.568999999992	0.06	1.7	1
22795.686499999993	0.67	1.9	1
23166.076499999992	0.69	2.1	1
23538.96119999999	0.79	1.6	1
23915.27389999999	0.09	2.2	1
24294.08129999999	0.81	1.6	1
24675.850099999992	0.82	1.9	1
25060.891399999993	0.68	2.1	1
25448.427399999993	0.81	1.6	1
25838.458099999993	0.94	1.6	1
26231.605699999993	0.7	2.0	1
26627.092399999994	0.84	1.5	1
27026.007099999995	0.1	2.2	1
27427.260899999994	0.94	1.5	1
27830.853799999993	0.85	1.5	1
28236.785799999994	0.83	1.5	1
28645.834699999996	0.06	2.0	1
29057.222699999995	0.09	1.5	1
29470.794299999994	0.06	1.4	1
29887.016099999993	0.77	1.7	1
30305.888099999993	0.87	1.7	1
30728.188099999992	0.09	2.2	1
31155.004999999994	0.08	2.9	1
31583.072099999994	0.88	0.8	1
32015.500599999992	0.08	2.8	1
32449.179299999993	0.9	0.8	1
32885.04159999999	0.05	1.4	1
33324.33189999999	0.09	2.2	1
33767.82799999999	0.09	2.7	1
34215.37429999999	0.08	2.6	1
34666.03749999999	0.1	2.0	1
35120.43979999999	0.67	2.4	1
35578.270099999994	0.07	2.2	1
36038.59509999999	0.08	1.6	1
36500.32589999999	0.8	0.9	1
36965.17359999999	0.06	2.0	1
37439.67149999999	0.03	6.2	1
37917.28629999999	0.7	2.0	1
38398.329099999995	0.06	2.2	1
38882.48879999999	0.78	2.0	1
39370.69869999999	0.09	2.6	1
39861.09219999999	0.09	1.4	1
40353.824799999995	0.78	1.5	1
40847.80759999999	0.86	0.8	1
41345.21839999999	0.1	2.2	1
41844.96829999999	0.96	1.5	1
42348.457299999995	0.77	2.4	1
42855.685399999995	0.09	2.4	1
43365.4082	0.08	1.6	1
43877.0035	0.07	1.2	1
44390.4713	0.06	1.2	1
44906.900499999996	0.07	1.9	1
45425.5133	0.97	1.4	1
45948.954099999995	0.08	3.1	1
46476.911799999994	0.08	2.9	1
47006.275299999994	0.79	0.9	1
47538.755699999994	0.1	2.0	1
48075.28629999999	0.09	2.6	1
48615.55599999999	0.09	2.4	1
49165.16479999999	0.03	6.0	1
49717.11269999999	0.99	1.5	1
50272.48859999999	0.1	2.2	1
50830.35919999999	0.77	1.6	1
51390.346699999995	0.76	2.0	1
51953.45109999999	0.67	2.0	1
52519.98349999999	0.06	2.2	1
53091.188399999985	0.53	3.0	1
53665.19909999998	0.07	1.8	1
54244.50449999998	0.07	3.4	1
54827.08239999998	0.71	2.1	1
55413.39939999998	0.1	2.4	1
56009.67779999998	0.03	6.4	1
56608.917599999986	0.77	1.9	1
57211.58539999999	0.06	2.2	1
57817.21459999999	0.78	1.9	1
58425.64959999999	0.07	1.8	1
59038.44599999999	0.09	2.8	1
59655.292599999986	0.05	2.6	1
60275.56719999998	0.69	2.2	1
60899.891999999985	0.09	2.6	1
61526.71149999998	0.07	1.6	1
62157.736799999984	0.08	2.7	1
62791.723499999986	0.81	1.9	1
63428.82709999999	0.07	2.0	1
64070.292099999984	0.09	2.8	1
64716.11849999998	0.08	2.8	1
65365.995099999986	0.09	2.6	1
66020.38859999999	0.08	2.9	1
66679.76569999999	0.07	3.2	1
67342.72639999999	0.7	2.3	1
68009.73729999998	0.09	2.6	1
68681.42069999997	0.08	3.0	1
69357.77659999997	0.08	3.0	1
70036.93829999997	0.83	1.8	1
70719.68359999996	0.09	2.3	1
71405.54579999996	0.07	2.0	1
72095.45819999996	0.09	2.6	1
72788.17639999997	0.79	1.8	1
73485.56709999997	0.08	3.0	1
74187.63029999998	0.08	3.0	1
74898.25489999997	0.03	5.5	1
75613.24089999998	0.08	2.8	1
76331.96599999997	0.09	2.4	1
77053.65249999997	0.06	1.9	1
77778.45589999997	0.06	2.0	1
78506.37619999997	0.07	2.0	1
79238.65789999998	0.57	2.8	1
79973.90099999998	0.79	1.9	1
80712.57209999999	0.06	2.2	1
81457.00459999999	0.07	3.7	1
82205.48729999998	0.09	2.6	1
82957.08689999998	0.07	2.0	1
83712.73669999998	0.08	2.6	1
84470.25899999998	0.06	1.2	1
85232.45379999997	0.08	3.0	1
85998.38769999998	0.1	2.4	1
86765.88299999997	0.77	1.0	1
87536.02849999997	0.86	1.7	1
88310.53539999996	0.08	2.8	1
89087.84809999996	0.79	1.8	1
89870.14439999996	0.08	3.2	1
90653.84649999996	0.77	0.9	1
91441.90999999996	0.08	2.8	1
92234.33489999996	0.08	2.8	1
93028.78779999996	0.08	1.3	1
93826.82429999996	0.7	2.3	1
94629.22219999996	0.09	2.8	1
95436.29259999996	0.08	3.0	1
96248.34659999996	0.08	3.2	1
97064.45079999996	0.09	2.6	1
97884.29409999996	0.1	2.4	1
98707.87649999995	0.1	2.4	1
99536.90909999996	0.07	3.5	1
100369.05859999996	0.76	2.0	1
101204.32499999995	0.77	2.0	1
102042.39719999995	0.83	1.8	1
102887.16409999995	0.06	4.3	1
103735.98119999995	0.09	2.6	1
104588.22629999995	0.71	2.2	1
105443.12159999995	0.87	1.7	1
106301.13379999995	0.07	2.0	1
107164.59619999996	0.07	3.5	1
108031.17549999995	0.75	2.0	1
108902.42729999995	0.08	3.0	1
109778.35159999995	0.08	3.0	1
110655.83729999996	0.7	1.0	1
