4.0058	0.04	3.0	1
12.017399999999999	0.04	3.0	1
23.768099999999997	0.04	2.8	1
37.79129999999999	0.81	1.7	1
54.620299999999986	0.98	2.1	1
73.72179999999999	0.04	1.7	1
96.69579999999999	0.04	2.9	1
123.67559999999999	0.04	3.0	1
152.59449999999998	0.62	2.2	1
183.51919999999998	0.82	1.5	1
217.2497	0.67	2.1	1
253.9193	0.82	2.2	1
292.5947	0.86	1.5	1
333.1426	0.89	1.4	1
376.4963	0.67	2.1	1
421.85580000000004	0.85	1.5	1
470.02110000000005	0.66	2.1	1
520.4589000000001	0.76	1.7	1
572.7692000000001	0.84	1.4	1
626.0186000000001	0.99	0.7	1
683.4071000000001	0.75	3.1	1
743.0681000000002	0.73	1.7	1
805.9349000000002	0.09	2.4	1
869.8742000000002	0.87	0.8	1
936.2193000000002	0.86	1.8	1
1005.2369000000002	0.1	2.0	1
1076.1270000000002	0.08	1.4	1
1149.8229000000001	0.66	2.1	1
1225.3913000000002	0.98	1.4	1
1303.4988000000003	0.8	1.9	1
1384.5454000000002	0.1	2.2	1
1467.4645000000003	0.98	1.4	1
1552.7894000000003	0.07	1.8	1
1640.1201000000003	0.93	1.5	1
1729.4566000000002	0.96	1.5	1
1821.5989000000002	0.1	2.1	1
1919.8803000000003	0.04	4.6	1
2020.1675000000002	0.95	1.5	1
2122.8605000000002	0.85	1.8	1
2229.2926	0.08	2.8	1
2337.8638	0.96	1.6	1
2447.6408	0.8	0.9	1
2560.0903000000003	0.1	2.0	1
2678.1456000000003	0.04	4.2	1
2798.2067	0.83	1.5	1
2919.2069	0.9	0.7	1
3042.7462	0.89	1.9	1
3168.158	0.87	1.4	1
3295.7089	0.89	1.6	1
3425.9323	0.7	2.0	1
3558.4282	0.74	1.7	1
3692.9298999999996	0.82	1.5	1
3828.5040999999997	0.81	0.8	1
3966.0840999999996	0.83	1.5	1
4106.0698999999995	0.72	1.8	1
4248.5948	0.68	1.9	1
4394.3255	0.62	2.4	1
4542.9953	0.83	2.2	1
4693.5376	0.82	1.4	1
4847.285699999999	0.61	2.4	1
5003.4396	0.75	1.8	1
5163.199299999999	0.72	2.7	1
5325.898099999999	0.6	2.2	1
5491.002699999999	0.71	1.8	1
5657.979799999999	0.86	1.4	1
5827.362699999999	0.73	1.8	1
5999.684699999999	0.87	2.2	1
6174.812499999999	0.66	2.1	1
6352.079399999999	0.78	1.6	1
6531.352099999998	0.81	1.5	1
6712.497299999998	0.08	1.4	1
6895.914999999998	0.79	1.7	1
7082.271799999999	0.83	2.2	1
7271.701099999998	0.8	2.3	1
7465.002899999999	0.69	2.9	1
7661.377199999999	0.64	2.3	1
7858.957299999999	0.76	0.9	1
8057.876499999999	0.69	1.0	1
8260.8015	0.02	3.0	1
8465.7323	0.82	1.5	1
8672.6689	0.76	1.5	1
8881.6113	0.81	1.5	1
9092.826200000001	0.77	1.7	1
9306.4469	0.75	1.8	1
9522.2067	0.8	1.6	1
9740.1056	0.81	1.6	1
9960.677000000001	0.66	2.0	1
10183.254200000001	0.83	1.5	1
10408.637200000001	0.66	2.1	1
10636.159300000001	0.74	1.6	1
10866.753900000002	0.62	2.3	1
11100.287600000001	0.8	2.2	1
11336.093800000002	0.73	1.7	1
11573.905800000002	0.8	1.5	1
11814.390300000003	0.69	2.0	1
12057.147300000002	0.78	1.7	1
12301.910100000003	0.94	1.5	1
12547.612000000003	0.87	0.7	1
12795.719700000003	0.74	1.8	1
13046.099900000003	0.73	1.7	1
13298.619200000003	0.82	1.6	1
13553.144300000004	0.84	1.5	1
13809.008500000004	0.7	1.0	1
14066.745200000003	0.83	1.4	1
14326.887700000003	0.76	1.8	1
14593.169300000003	0.04	4.6	1
14861.590000000004	0.78	1.6	1
15132.016500000003	0.83	1.5	1
15403.648800000003	0.81	0.9	1
15678.086900000002	0.64	2.1	1
15957.730800000001	0.06	3.9	1
16240.0472	0.69	2.0	1
16523.436100000003	0.89	0.8	1
16808.1641	0.72	1.0	1
17095.8312	0.09	2.2	1
17385.6374	0.83	1.6	1
17677.8494	0.76	1.8	1
17972.4672	0.75	1.8	1
18269.4908	0.05	1.8	1
18568.3869	0.87	1.4	1
18870.222100000003	0.1	2.2	1
19174.063100000003	0.83	1.5	1
19481.376600000003	0.09	2.6	1
19791.4959	0.76	2.1	1
20103.4877	0.08	1.4	1
20417.085300000002	0.06	1.2	1
20732.688700000002	0.84	1.5	1
21051.764600000002	0.09	2.6	1
21373.913	0.7	2.3	1
21699.000500000002	0.09	2.2	1
22026.093800000002	0.06	1.5	1
22355.059600000004	0.08	1.4	1
22686.697900000003	0.1	2.0	1
23026.075300000004	0.03	5.8	1
23366.391800000005	0.97	0.7	1
23710.314100000003	0.09	2.7	1
24056.375500000002	0.82	1.6	1
24404.8427	0.86	1.8	1
24755.449	0.08	1.6	1
25109.9278	0.08	2.9	1
25466.6791	0.79	1.7	1
25824.9029	0.06	1.1	1
26187.1325	0.08	3.0	1
26552.301199999998	0.09	2.2	1
26919.342399999998	0.08	1.4	1
27288.389399999996	0.96	1.5	1
27659.442199999998	0.96	1.5	1
28038.767499999998	0.03	6.2	1
28421.4319	0.09	2.5	1
28807.7021	0.09	2.7	1
29195.5781	0.08	1.2	1
29584.526599999997	0.84	0.8	1
29976.947599999996	0.09	2.6	1
30372.574399999998	0.09	2.4	1
30769.273699999998	0.9	0.8	1
31167.8455	0.08	1.4	1
31568.9564	0.61	1.9	1
31972.4731	0.73	1.8	1
32377.8623	0.09	1.4	1
32784.324	0.85	0.8	1
33193.4582	0.05	2.0	1
33604.4649	0.98	1.4	1
34019.0774	0.09	2.7	1
34436.8957	0.09	2.4	1
34857.6531	0.09	2.2	1
35282.283	0.08	2.9	1
35713.452000000005	0.05	4.9	1
36147.16010000001	0.82	1.9	1
36582.87400000001	0.96	1.5	1
37022.46040000001	0.08	2.9	1
37465.31930000001	0.08	3.2	1
37912.18400000001	0.08	3.0	1
38363.72120000001	0.07	3.5	1
38818.06420000001	0.72	2.1	1
39276.14630000001	0.08	2.8	1
39736.36750000001	0.08	1.6	1
40200.461200000005	0.08	2.9	1
40668.5607	0.08	3.0	1
41139.466	0.74	2.1	1
41615.0438	0.07	3.5	1
42093.960699999996	0.65	2.5	1
42577.55009999999	0.07	3.5	1
43065.412	0.07	3.2	1
43556.746399999996	0.09	2.6	1
44051.819899999995	0.08	2.8	1
44551.699199999995	0.07	3.6	1
45055.584299999995	0.08	3.0	1
45562.9419	0.09	2.6	1
46073.5053	0.08	2.4	1
46586.7412	0.06	2.0	1
47104.1162	0.08	3.1	1
47624.9637	0.09	2.6	1
48150.617	0.07	3.6	1
48680.8094	0.07	3.4	1
49214.0743	0.6	2.3	1
49749.745	0.85	1.8	1
50289.2882	0.08	2.9	1
50830.9705	0.07	1.6	1
51376.3919	0.08	2.8	1
51924.752400000005	0.06	2.2	1
52476.852000000006	0.09	2.8	1
53031.75740000001	0.09	2.1	1
53589.335300000006	0.06	2.0	1
54150.119000000006	0.09	2.4	1
54714.2418	0.05	2.5	1
55279.837100000004	0.73	1.1	1
55849.171500000004	0.08	2.8	1
56422.245	0.08	2.8	1
56998.791000000005	0.09	2.6	1
57578.1428	0.09	2.1	1
58164.1671	0.05	5.0	1
58753.9305	0.08	2.8	1
59347.1664	0.09	2.6	1
59943.0748	0.73	2.0	1
60541.922300000006	0.09	2.2	1
61143.3089	0.78	1.9	1
61747.5013	0.71	2.1	1
62355.4328	0.08	2.8	1
62966.836800000005	0.09	2.6	1
63582.513300000006	0.08	3.2	1
64203.3956	0.06	3.9	1
64827.217000000004	0.06	2.2	1
65454.11090000001	0.09	2.3	1
66084.7439	0.08	2.8	1
66719.3827	0.08	3.0	1
67358.0273	0.07	3.0	1
68000.41100000001	0.08	2.8	1
68645.33380000001	0.79	1.9	1
69292.39570000001	0.08	1.6	1
69943.9967	0.07	3.4	1
70596.93680000001	0.72	1.0	1
71253.08270000001	0.09	2.4	1
71911.63440000001	0.83	1.8	1
72574.1919	0.08	3.0	1
73239.28850000001	0.07	1.9	1
73907.8576	0.09	2.6	1
74580.43250000001	0.08	3.0	1
75257.01320000002	0.08	3.0	1
75937.33300000001	0.08	2.8	1
76621.65860000001	0.08	3.0	1
77310.52330000002	0.07	3.4	1
78000.72710000002	0.74	1.0	1
78694.80340000002	0.08	2.9	1
79392.61880000003	0.09	2.8	1
80094.17330000002	0.08	2.8	1
80799.46690000003	0.09	2.8	1
81507.96630000003	0.09	2.4	1
82219.93820000003	0.09	2.6	1
82936.44920000003	0.07	3.4	1
83656.69930000004	0.48	2.8	1
84378.15520000004	0.82	0.9	1
85102.55020000004	0.1	2.2	1
85831.21770000004	0.08	3.2	1
86563.89100000003	0.08	3.0	1
87299.90340000004	0.63	2.5	1
88040.45490000004	0.07	3.4	1
88784.47890000005	0.09	2.6	1
89532.24200000004	0.08	2.8	1
90282.01090000004	0.07	1.5	1
91033.91890000003	0.08	1.6	1
91789.83270000003	0.08	3.0	1
92551.08560000003	0.06	4.0	1
93314.81100000003	0.6	2.6	1
94069.47550000003	0.92	0.7	1
