2.6725	0.07	2.0	1
9.3508	0.05	3.0	1
18.1682	0.75	1.6	1
30.058099999999996	0.03	2.3	1
45.6871	0.04	2.8	1
63.455200000000005	0.04	1.6	1
85.2291	0.04	3.0	1
108.2088	0.82	0.9	1
133.5943	0.04	1.8	1
162.0523	0.07	2.3	1
192.7161	0.09	2.4	1
226.1857	0.65	2.1	1
262.86109999999996	0.55	2.4	1
301.9423	0.7	1.8	1
342.096	0.8	0.8	1
384.3888	0.8	1.6	1
428.8207	0.78	1.6	1
474.19169999999997	0.94	0.7	1
522.5018	0.65	2.2	1
572.6844	0.83	1.4	1
625.1395	0.78	1.7	1
679.6004	0.94	1.5	1
737.2671	0.06	2.4	1
797.0729	0.8	1.6	1
859.1512	0.77	1.7	1
924.4353	0.79	2.4	1
992.1252	0.86	1.8	1
1062.0875999999998	0.87	1.7	1
1137.6557999999998	0.04	4.2	1
1219.3630999999998	0.04	4.6	1
1304.0095	0.1	2.2	1
1391.5949999999998	0.06	2.2	1
1481.0529999999999	0.08	1.4	1
1572.9168	0.86	1.8	1
1667.0530999999999	0.08	1.7	1
1763.5951999999997	0.86	1.8	1
1861.4763999999998	0.07	1.0	1
1961.6300999999999	0.88	1.7	1
2064.9896	0.09	2.4	1
2170.2216	0.08	1.4	1
2277.3260999999998	0.99	1.4	1
2386.3030999999996	0.07	1.4	1
2497.6858999999995	0.84	1.8	1
2611.2077999999997	0.06	1.6	1
2729.0022	0.07	3.2	1
2849.2024	0.07	1.8	1
2971.2751000000003	0.87	1.4	1
3096.0203	0.66	2.0	1
3222.7713000000003	0.86	1.5	1
3353.3948000000005	0.08	2.9	1
3486.0241000000005	0.97	1.5	1
3621.5925000000007	0.09	2.2	1
3758.2334000000005	0.77	0.8	1
3898.0801000000006	0.08	2.4	1
4040.0659000000005	0.82	1.6	1
4183.9242	0.98	1.4	1
4330.188300000001	0.72	1.8	1
4479.924900000001	0.57	2.6	1
4631.667300000001	0.85	1.5	1
4785.948800000001	0.71	1.9	1
4942.636100000001	0.77	1.8	1
5101.329200000001	0.82	1.5	1
5262.828100000001	0.63	2.1	1
5425.6661	0.69	1.0	1
5590.3766000000005	0.85	1.4	1
5757.2262	0.84	1.6	1
5926.4816	0.87	1.8	1
6098.8095	0.63	2.3	1
6273.0099	0.84	1.4	1
6449.4828	0.77	1.7	1
6628.0948	0.8	1.6	1
6808.7126	0.94	1.5	1
6992.0028999999995	0.63	2.0	1
7177.565699999999	0.76	1.7	1
7366.067599999999	0.79	2.2	1
7557.775299999999	0.6	2.4	1
7752.688799999999	0.59	2.4	1
7949.608099999999	0.84	1.5	1
8148.666499999998	0.78	1.6	1
8349.997399999998	0.76	1.7	1
8553.467399999998	0.82	1.6	1
8761.076499999997	0.68	3.1	1
8970.958099999998	0.77	1.7	1
9182.712199999998	0.83	1.4	1
9395.538799999998	0.79	0.8	1
9611.0379	0.66	2.0	1
9828.942799999999	0.77	1.8	1
10049.786799999998	0.84	2.2	1
10273.303299999998	0.7	2.0	1
10499.225599999998	0.72	1.8	1
10727.153699999997	0.86	1.5	1
10958.154299999997	0.65	2.3	1
11191.560699999996	0.72	1.8	1
11426.972899999997	0.82	1.5	1
11664.124199999997	0.81	1.3	1
11903.414599999996	0.82	1.6	1
12144.977499999997	0.77	1.7	1
12388.679499999997	0.78	1.6	1
12635.053999999996	0.77	2.0	1
12884.767599999996	0.6	2.5	1
13136.620299999995	0.8	1.6	1
13390.478799999995	0.8	1.5	1
13646.609799999995	0.76	1.7	1
13904.746599999995	0.85	1.5	1
14164.889199999994	0.83	1.5	1
14427.970899999995	0.1	2.2	1
14694.525099999995	0.09	2.6	1
14964.551799999996	0.08	2.6	1
15236.850999999995	0.88	1.7	1
15512.222699999995	0.64	2.3	1
15791.466899999994	0.08	2.9	1
16072.983599999994	0.79	1.7	1
16356.772799999993	0.76	1.7	1
16642.567799999993	0.84	1.5	1
16930.501899999992	0.8	1.6	1
17220.57509999999	0.05	1.6	1
17513.58739999999	0.09	2.2	1
17809.53879999999	0.09	2.2	1
18108.429299999993	0.1	2.2	1
18409.19229999999	0.08	1.4	1
18714.09439999999	0.08	3.1	1
19021.26899999999	0.78	1.7	1
19331.11609999999	0.76	2.0	1
19643.368999999988	0.83	1.8	1
19958.027699999988	0.86	1.8	1
20275.22549999999	0.68	1.9	1
20595.36239999999	0.1	2.2	1
20917.10509999999	0.06	1.2	1
21240.05359999999	0.84	0.9	1
21566.207899999987	0.09	2.4	1
21894.367999999988	0.06	1.5	1
22224.267199999987	0.93	1.3	1
22556.172199999986	0.81	1.5	1
22889.949699999986	0.06	1.4	1
23225.332999999988	0.07	1.2	1
23563.12209999999	0.07	1.8	1
23905.050299999988	0.08	3.1	1
24249.25099999999	0.07	1.7	1
24594.39079999999	0.86	0.7	1
24942.73639999999	0.09	2.4	1
25292.95449999999	0.97	1.4	1
25646.11169999999	0.1	2.2	1
26001.54139999999	0.08	1.7	1
26359.110199999992	0.9	1.6	1
26718.68479999999	0.08	1.5	1
27079.33189999999	0.86	0.8	1
27441.98479999999	0.95	1.5	1
27808.24349999999	0.09	2.7	1
28176.37469999999	0.96	1.4	1
28546.37839999999	0.84	1.4	1
28919.32119999999	0.09	2.2	1
29294.13649999999	0.05	1.4	1
29671.09089999999	0.82	1.6	1
30051.251099999987	0.09	2.4	1
30433.417099999988	0.83	1.5	1
30819.455599999987	0.65	2.9	1
31208.433199999985	0.66	2.2	1
31605.416599999986	0.03	6.0	1
32006.005799999984	0.09	2.7	1
32409.534099999986	0.1	2.2	1
32815.668199999986	0.58	2.7	1
33224.741399999984	0.09	2.2	1
33635.953699999984	0.08	1.6	1
34049.971799999985	0.71	2.1	1
34467.728999999985	0.08	2.8	1
34888.02529999999	0.76	1.9	1
35310.06069999999	0.08	1.3	1
35735.035199999984	0.06	2.2	1
36163.74879999999	0.08	2.8	1
36594.86819999999	0.07	1.8	1
37028.66009999999	0.77	2.0	1
37464.19109999999	0.08	1.3	1
37903.99459999999	0.08	3.2	1
38345.93719999999	0.08	1.6	1
38791.08559999999	0.65	2.4	1
39240.23979999999	0.08	3.0	1
39691.26649999999	0.08	1.4	1
40145.63229999999	0.58	2.5	1
40604.27059999999	0.08	3.2	1
41065.44799999999	0.78	1.9	1
41530.63119999999	0.08	3.0	1
41998.75349999999	0.68	2.2	1
42470.34829999999	0.09	2.6	1
42946.21559999999	0.07	3.2	1
43424.48869999999	0.81	1.8	1
43906.36759999999	0.09	2.7	1
44391.45229999999	0.09	2.4	1
44881.34279999999	0.07	3.6	1
45374.43909999999	0.09	2.4	1
45869.807899999985	0.48	1.7	1
46366.382499999985	0.79	0.9	1
46864.16289999999	0.75	0.9	1
47364.082399999985	0.08	1.6	1
47867.474399999985	0.09	2.6	1
48373.405499999986	0.78	1.9	1
48882.809099999984	0.09	2.6	1
49396.08519999999	0.09	2.9	1
49912.433799999984	0.09	2.3	1
50431.988199999985	0.09	2.4	1
50955.94839999999	0.07	3.3	1
51482.98109999999	0.09	2.3	1
52012.68629999999	0.07	2.0	1
52544.930599999985	0.79	1.9	1
53080.38069999999	0.09	2.4	1
53617.169899999986	0.73	1.0	1
54155.16489999999	0.77	0.9	1
54695.03239999999	0.09	1.4	1
55238.90569999999	0.08	3.0	1
55785.18479999999	0.07	1.8	1
56334.93639999999	0.09	2.6	1
56888.42709999999	0.08	2.8	1
57443.656899999994	0.08	1.3	1
58002.892499999994	0.08	3.0	1
58565.0672	0.71	2.2	1
59129.780999999995	0.71	1.9	1
59695.567299999995	0.86	0.8	1
60266.026099999995	0.07	3.5	1
60839.95739999999	0.08	2.6	1
61417.627799999995	0.08	2.8	1
61999.704	0.07	3.3	1
62585.786	0.08	3.0	1
63174.2738	0.07	1.8	1
63766.767400000004	0.08	3.0	1
64362.7335	0.09	2.6	1
64961.3721	0.75	2.0	1
65564.0165	0.08	3.0	1
66169.4667	0.74	2.1	1
66778.3894	0.09	2.6	1
67392.2512	0.07	3.7	1
68009.5855	0.09	2.6	1
68630.1256	0.09	2.4	1
69253.8715	0.1	2.4	1
69878.6899	0.86	0.8	1
70507.5141	0.08	3.0	1
71139.2774	0.06	2.2	1
71773.17980000001	0.08	1.6	1
72409.22130000002	0.08	1.6	1
73047.66860000002	0.78	1.8	1
73688.65500000001	0.8	1.9	1
74334.31390000001	0.07	3.5	1
74982.51190000001	0.8	1.9	1
75632.84900000002	0.08	1.6	1
76285.59190000001	0.07	1.8	1
76941.00730000001	0.75	2.0	1
77601.82850000002	0.06	4.8	1
78265.18880000002	0.8	1.9	1
78933.35490000002	0.07	3.6	1
