31.5	0.28	1.5	1
90.3	0.28	1.3	1
170.1	0.31	1.0	1
270.9	0.34	1.0	1
390.59999999999997	0.34	0.9	1
520.8	0.39	0.5	1
657.3	0.52	0.3	1
812.6999999999999	0.3	0.9	1
989.0999999999999	0.33	1.0	1
1176.0	0.5	0.5	1
1388.1	0.29	1.2	1
1612.8	0.41	0.6	1
1860.6	0.31	1.1	1
2116.8	0.43	0.4	1
2389.8	0.39	0.8	1
2683.8	0.34	1.0	1
2998.8	0.31	1.0	1
3339.0	0.29	1.2	1
3706.5	0.29	1.3	1
4099.2	0.22	1.2	1
4512.9	0.3	1.0	1
4949.7	0.28	1.1	1
5392.8	0.44	0.3	1
5869.5	0.29	1.6	1
6371.4	0.29	1.2	1
6902.7	0.26	1.4	1
7440.299999999999	0.57	0.3	1
8000.999999999999	0.31	1.1	1
8584.8	0.32	1.1	1
9189.599999999999	0.33	1.0	1
9811.199999999999	0.38	0.8	1
10460.099999999999	0.26	1.3	1
11129.999999999998	0.28	1.0	1
11818.799999999997	0.36	0.9	1
12532.799999999997	0.31	1.2	1
13269.899999999998	0.32	1.1	1
14027.999999999998	0.32	1.0	1
14794.499999999998	0.5	0.4	1
15575.699999999999	0.42	0.7	1
16367.4	0.46	0.5	1
17182.2	0.38	1.1	1
18013.8	0.39	0.8	1
18874.8	0.29	1.4	1
19761.0	0.29	1.2	1
20670.3	0.29	1.1	1
21604.8	0.32	1.2	1
22566.6	0.3	1.3	1
23547.3	0.33	0.9	1
24544.8	0.35	0.8	1
25561.2	0.27	0.9	1
26598.600000000002	0.34	1.0	1
27657.000000000004	0.33	1.0	1
28725.900000000005	0.52	0.5	1
29822.100000000006	0.26	1.3	1
30945.600000000006	0.27	1.3	1
32096.400000000005	0.29	1.3	1
33264.00000000001	0.33	0.8	1
34450.50000000001	0.38	0.9	1
35664.30000000001	0.31	1.3	1
36905.40000000001	0.26	1.3	1
38169.600000000006	0.29	1.1	1
39461.100000000006	0.26	1.3	1
40767.3	0.38	0.7	1
42105.0	0.2	1.5	1
43449.0	0.43	0.3	1
44799.3	0.43	0.3	1
46168.5	0.36	0.9	1
47556.6	0.35	0.9	1
48963.6	0.38	0.9	1
50395.799999999996	0.3	1.2	1
51836.399999999994	0.43	0.4	1
53287.49999999999	0.37	0.5	1
54746.99999999999	0.44	0.4	1
56214.899999999994	0.38	0.4	1
57691.2	0.41	0.4	1
59196.899999999994	0.27	1.4	1
60708.899999999994	0.54	0.3	1
62243.99999999999	0.28	1.1	1
63802.19999999999	0.3	1.1	1
65375.09999999999	0.36	0.7	1
66968.99999999999	0.31	1.0	1
68581.79999999999	0.36	0.9	1
70215.59999999999	0.32	1.0	1
71872.49999999999	0.33	1.1	1
73554.59999999999	0.27	1.2	1
75255.59999999999	0.41	0.9	1
76962.9	0.56	0.3	1
78693.29999999999	0.29	1.1	1
80427.9	0.41	0.2	1
82170.9	0.43	0.4	1
83945.4	0.24	1.5	1
85736.7	0.34	0.8	1
87553.2	0.31	1.2	1
89394.9	0.28	1.2	1
91249.2	0.43	0.6	1
93172.8	0.13	3.3	1
95102.7	0.52	0.3	1
97066.2	0.24	1.6	1
99052.8	0.31	1.1	1
101060.40000000001	0.31	1.0	1
103089.00000000001	0.32	1.0	1
105138.60000000002	0.33	1.0	1
107215.50000000001	0.26	1.3	1
109309.20000000001	0.38	0.8	1
111432.30000000002	0.26	1.4	1
113580.60000000002	0.32	1.2	1
115735.20000000003	0.59	0.3	1
117898.20000000003	0.45	0.4	1
120073.80000000003	0.3	0.6	1
122272.50000000003	0.27	1.1	1
124488.00000000003	0.34	0.8	1
126726.60000000003	0.31	1.1	1
128988.30000000003	0.31	1.1	1
131260.50000000003	0.37	0.5	1
133545.30000000002	0.38	0.6	1
135845.90000000002	0.38	0.8	1
138167.50000000003	0.29	1.0	1
140508.00000000003	0.4	0.9	1
142869.50000000003	0.31	1.0	1
145247.80000000002	0.33	0.8	1
147630.30000000002	0.55	0.2	1
150033.80000000002	0.29	1.0	1
152500.30000000002	0.15	3.0	1
154989.90000000002	0.33	1.1	1
157500.50000000003	0.32	1.0	1
160032.10000000003	0.31	1.0	1
162595.20000000004	0.26	1.5	1
165177.20000000004	0.38	0.9	1
167773.90000000005	0.4	0.7	1
170385.30000000005	0.4	0.7	1
173015.60000000003	0.34	0.9	1
175652.20000000004	0.49	0.3	1
178307.70000000004	0.27	0.9	1
180980.00000000003	0.33	0.8	1
183664.90000000002	0.51	0.6	1
186366.60000000003	0.42	0.8	1
189078.80000000005	0.4	0.5	1
191816.20000000004	0.33	1.2	1
194572.50000000003	0.37	0.9	1
197354.00000000003	0.31	1.2	1
200152.30000000002	0.38	0.8	1
202967.40000000002	0.37	0.8	1
205799.30000000002	0.4	0.8	1
208658.50000000003	0.27	1.3	1
211528.20000000004	0.46	0.5	1
214421.00000000003	0.29	1.1	1
217334.80000000002	0.32	1.0	1
220265.40000000002	0.39	0.8	1
223217.00000000003	0.32	1.0	1
226187.50000000003	0.34	0.9	1
229185.30000000002	0.26	1.3	1
232208.30000000002	0.27	1.2	1
235248.1	0.39	0.8	1
238298.4	0.34	0.5	1
241355.0	0.47	0.3	1
244436.8	0.29	1.2	1
247550.09999999998	0.28	1.5	1
250686.49999999997	0.31	1.1	1
253845.99999999997	0.28	1.1	1
257030.69999999998	0.31	1.2	1
260221.69999999998	0.52	0.3	1
263421.1	0.44	0.4	1
266628.89999999997	0.38	0.4	1
269842.99999999994	0.44	0.3	1
273084.39999999997	0.26	1.3	1
276348.89999999997	0.32	1.1	1
279616.6	0.62	0.2	1
282892.69999999995	0.5	0.4	1
286196.1	0.29	1.3	1
289520.5	0.39	1.0	1
292872.2	0.25	1.3	1
296244.9	0.31	1.0	1
299644.9	0.25	1.3	1
303070.10000000003	0.31	1.2	1
306512.10000000003	0.34	0.8	1
309979.30000000005	0.33	1.2	1
313459.10000000003	0.45	0.6	1
316966.2	0.28	1.3	1
320496.4	0.32	1.1	1
324045.5	0.34	0.9	1
327613.5	0.29	0.9	1
331200.4	0.36	0.9	1
334812.5	0.29	1.2	1
338441.4	0.37	0.8	1
342091.30000000005	0.31	1.0	1
345764.30000000005	0.33	1.1	1
349464.60000000003	0.29	1.3	1
353188.00000000006	0.28	1.1	1
356932.4000000001	0.32	1.0	1
360697.8000000001	0.33	1.0	1
364517.8000000001	0.22	2.6	1
368358.8000000001	0.3	1.0	1
372220.8000000001	0.32	1.0	1
376095.4000000001	0.42	0.6	1
380020.4000000001	0.19	2.4	1
383964.3000000001	0.32	0.9	1
387929.2000000001	0.34	1.0	1
391919.3000000001	0.28	1.2	1
395932.5000000001	0.29	1.1	1
399966.7000000001	0.25	1.0	1
404024.0000000001	0.29	1.1	1
408110.7000000001	0.28	1.4	1
412224.7000000001	0.3	1.3	1
416368.10000000015	0.26	1.4	1
420536.7000000001	0.31	1.2	1
424728.40000000014	0.33	1.1	1
428939.0000000001	0.32	0.9	1
433168.5000000001	0.3	0.9	1
437421.1000000001	0.28	1.1	1
441694.70000000007	0.31	1.0	1
445993.50000000006	0.34	1.2	1
450315.4000000001	0.3	1.1	1
454656.20000000007	0.34	0.9	1
459018.00000000006	0.33	1.0	1
463396.60000000003	0.35	0.8	1
467794.10000000003	0.33	0.9	1
472218.9	0.28	1.3	1
476660.5	0.4	0.8	1
481123.1	0.37	1.0	1
485608.8	0.3	1.1	1
490117.6	0.27	1.1	1
494643.19999999995	0.38	0.8	1
499189.79999999993	0.31	1.0	1
503755.29999999993	0.34	0.9	1
508345.99999999994	0.3	1.2	1
512961.89999999997	0.3	1.2	1
517600.89999999997	0.32	1.1	1
522262.99999999994	0.29	1.1	1
526954.5	0.23	1.4	1
531662.8	0.33	0.8	1
536396.3	0.27	1.2	1
541138.2000000001	0.44	0.4	1
545905.3	0.31	1.2	1
550689.2000000001	0.39	0.8	1
555496.2000000001	0.32	1.1	1
560330.5000000001	0.29	1.3	1
565179.5000000001	0.42	0.7	1
570047.4000000001	0.31	0.9	1
574946.8000000002	0.24	1.5	1
579869.3000000002	0.28	1.1	1
584814.9000000001	0.26	1.1	1
589783.6000000001	0.34	1.1	1
594773.3	0.29	1.0	1
599786.1000000001	0.3	1.1	1
604828.3	0.24	1.4	1
609889.4	0.35	0.9	1
615005.1	0.2	2.6	1
620141.7999999999	0.33	1.0	1
625299.4999999999	0.32	1.0	1
630467.6999999998	0.38	0.5	1
635644.2999999998	0.41	0.4	1
640829.2999999998	0.41	0.4	1
646026.8999999998	0.38	0.6	1
651232.8999999998	0.46	0.4	1
656459.8999999998	0.32	1.0	1
661695.2999999998	0.47	0.4	1
666951.6999999998	0.34	1.0	1
672222.7999999998	0.44	0.7	1
677525.3999999998	0.23	1.5	1
682846.8999999998	0.29	0.9	1
688189.3999999998	0.34	1.0	1
693548.6999999998	0.37	0.8	1
698937.3999999998	0.28	1.4	1
704351.2999999998	0.28	1.2	1
709788.2999999998	0.29	1.1	1
715242.0999999999	0.36	0.8	1
720716.8999999999	0.33	1.0	1
726212.7	0.31	1.0	1
731731.6	0.29	1.1	1
737267.2999999999	0.39	0.8	1
742821.8999999999	0.37	0.9	1
748382.7999999999	0.51	0.3	1
753968.8999999999	0.28	1.2	1
759575.9999999999	0.33	1.0	1
765191.4999999999	0.63	0.4	1
770830.0999999999	0.29	1.1	1
776500.1999999998	0.26	1.5	1
782197.5999999999	0.3	1.3	1
787920.1999999998	0.29	1.2	1
793649.0999999999	0.67	0.3	1
799394.7999999998	0.38	0.8	1
805157.2999999998	0.41	0.8	1
810926.0999999999	0.49	0.3	1
816751.5999999999	0.18	2.7	1
822595.9999999999	0.35	0.9	1
828461.3999999999	0.31	1.0	1
834351.9999999999	0.27	1.2	1
840261.4999999999	0.36	0.9	1
846194.0999999999	0.31	1.1	1
852151.8999999999	0.28	1.2	1
858132.7999999999	0.31	1.1	1
864136.7999999999	0.33	1.1	1
870165.9999999999	0.3	1.2	1
876220.3999999999	0.31	1.2	1
882302.0999999999	0.32	1.3	1
888404.7999999998	0.31	1.0	1
894526.3999999998	0.36	0.9	1
900656.3999999998	0.41	0.4	1
906803.1999999998	0.38	0.8	1
912973.0999999999	0.34	1.1	1
919159.7999999998	0.41	0.8	1
925354.8999999998	0.56	0.4	1
931570.9999999998	0.35	1.0	1
937805.9999999998	0.32	0.9	1
944061.9999999998	0.38	1.0	1
950341.0999999997	0.29	1.1	1
956641.1999999997	0.36	1.0	1
962964.3999999997	0.37	1.1	1
969306.4999999997	0.34	0.9	1
975655.9999999997	0.49	0.4	1
982013.8999999997	0.67	0.4	1
988388.5999999996	0.37	0.8	1
994782.1999999996	0.31	0.9	1
1001194.6999999996	0.37	0.9	1
1007896.9999999997	0.82	13.8	1
1014619.2999999997	0.34	1.0	1
1021364.6999999997	0.29	1.1	1
1028126.8999999997	0.34	0.8	1
1034912.1999999997	0.26	1.1	1
1041712.1999999997	0.3	0.7	1
1048524.7999999997	0.31	0.6	1
1055358.3999999997	0.36	1.0	1
1062217.1999999997	0.29	1.2	1
1069099.0999999996	0.28	1.1	1
1075989.3999999997	0.4	0.4	1
1082888.0999999996	0.47	0.4	1
1089803.5999999996	0.33	0.8	1
1096742.1999999997	0.33	1.1	1
1103684.9999999998	0.54	0.2	1
1110644.5999999999	0.37	0.8	1
1117606.2999999998	0.57	0.1	1
1124572.1999999997	0.41	0.2	1
1131544.3999999997	0.49	0.3	1
1138537.5999999996	0.31	1.0	1
1145537.0999999996	0.47	0.3	1
1152551.2999999996	0.37	0.7	1
1159584.3999999997	0.31	0.9	1
1166634.2999999996	0.41	0.8	1
1173700.9999999995	0.38	0.8	1
1180773.9999999995	0.49	0.3	1
1187865.8999999994	0.3	0.9	1
