3.2067	0.28	1.2	1
8.0201	0.3	0.6	1
14.1735	0.34	0.5	1
21.4003	0.43	0.4	1
32.3671	0.25	1.4	1
46.0073	0.35	1.0	1
60.7209	0.47	0.4	1
78.3745	0.29	1.1	1
97.1015	0.47	0.4	1
117.9685	0.38	0.8	1
140.1755	0.27	0.5	1
163.7225	0.41	0.5	1
188.3429	0.52	0.4	1
214.83669999999998	0.43	0.7	1
243.20389999999998	0.39	0.7	1
273.1778	0.4	0.6	1
304.2251	0.45	0.4	1
336.3458	0.47	0.4	1
369.8065	0.39	0.5	1
405.9406	0.32	1.0	1
443.9481	0.4	0.7	1
483.29560000000004	0.47	0.5	1
525.0498	0.33	0.9	1
570.0107	0.28	1.2	1
618.445	0.3	1.3	1
667.9527	0.39	0.4	1
718.5338	0.35	0.4	1
770.1883	0.5	0.4	1
825.0495000000001	0.3	1.2	1
881.7841000000001	0.37	0.7	1
942.5254000000001	0.25	1.5	1
1004.0734000000001	0.44	0.3	1
1068.8281000000002	0.28	1.2	1
1135.4562	0.42	0.7	1
1205.2910000000002	0.3	1.2	1
1276.1992000000002	0.46	0.4	1
1348.7141000000001	0.38	0.6	1
1422.8357	0.47	0.6	1
1498.0307	0.39	0.4	1
1574.2991	0.4	0.4	1
1652.4409	0.37	0.7	1
1734.5894	0.23	1.5	1
1818.3446000000001	0.3	0.6	1
1904.7732	0.33	1.0	1
1992.2752	0.47	0.4	1
2081.1172	0.34	0.5	1
2171.0326	0.44	0.4	1
2263.6214	0.35	1.0	1
2357.8169	0.43	0.6	1
2453.3523999999998	0.45	0.5	1
2549.9613	0.4	0.4	1
2649.5101999999997	0.3	1.1	1
2752.2657999999997	0.29	1.2	1
2857.6947999999998	0.31	1.0	1
2965.7972	0.32	1.0	1
3077.1063	0.28	1.2	1
3191.3554	0.28	1.1	1
3306.9445	0.41	0.5	1
3423.8736	0.45	0.5	1
3544.2761	0.27	1.3	1
3666.0186	0.39	0.5	1
3789.6345	0.4	0.7	1
3914.3238	0.42	0.4	1
4040.0865000000003	0.46	0.4	1
4168.7892	0.33	1.1	1
4299.8986	0.35	0.9	1
4432.6147	0.43	0.6	1
4567.2042	0.4	0.7	1
4704.2004	0.39	0.9	1
4844.67	0.31	1.3	1
4987.813	0.33	1.0	1
5132.8294000000005	0.38	0.7	1
5281.052500000001	0.32	1.2	1
5432.749000000001	0.28	1.3	1
5586.8522	0.37	0.9	1
5741.7621	0.59	0.3	1
5897.7454	0.45	0.4	1
6054.8021	0.36	0.4	1
6215.0655	0.27	1.2	1
6376.4023	0.49	0.4	1
6544.9457999999995	0.19	2.7	1
6714.295999999999	0.44	0.3	1
6886.0529	0.4	0.9	1
7059.149799999999	0.5	0.5	1
7233.320099999999	0.44	0.4	1
7408.830399999999	0.39	0.5	1
7585.414099999999	0.42	0.4	1
7763.6044999999995	0.37	0.6	1
7942.868299999999	0.4	0.4	1
8123.205499999999	0.4	0.4	1
8305.416099999999	0.41	0.7	1
8488.700099999998	0.45	0.4	1
8672.857499999998	0.54	0.7	1
8859.688299999998	0.34	1.0	1
9048.392499999998	0.39	0.7	1
9238.970099999999	0.39	0.7	1
9430.621099999998	0.4	0.4	1
9625.212099999999	0.28	1.1	1
9821.4098	0.4	0.6	1
10019.480899999999	0.39	0.7	1
10218.625399999999	0.41	0.4	1
10419.1099	0.41	0.5	1
10620.9344	0.3	0.5	1
10824.6323	0.42	0.7	1
11031.0036	0.3	1.0	1
11239.2483	0.39	0.7	1
11451.233	0.29	1.4	1
11665.6244	0.34	0.9	1
11881.0892	0.42	0.4	1
12097.894	0.38	0.5	1
12316.0388	0.58	0.5	1
12537.1236	0.3	1.1	1
12759.2818	0.45	0.4	1
12982.5134	0.43	0.4	1
13208.4184	0.32	1.0	1
13435.3968	0.36	0.4	1
13663.7152	0.4	0.5	1
13894.707	0.26	1.0	1
14127.0388	0.35	0.5	1
14360.1773	0.53	0.3	1
14594.3892	0.36	0.4	1
14829.9411	0.35	0.5	1
15066.833	0.39	0.5	1
15306.6649	0.26	1.1	1
15548.1035	0.43	0.6	1
15792.7488	0.36	1.2	1
16039.534099999999	0.38	0.8	1
16288.192799999999	0.48	0.7	1
16537.924899999998	0.44	0.4	1
16788.730399999997	0.42	0.4	1
17042.209299999995	0.36	1.0	1
17298.894899999996	0.28	1.2	1
17557.187199999997	0.42	0.6	1
17817.886199999997	0.32	0.9	1
18080.458599999998	0.38	0.7	1
18344.371	0.49	0.5	1
18610.6901	0.4	0.9	1
18877.8159	0.53	0.3	1
19147.348400000003	0.31	0.9	1
19418.220900000004	0.35	0.5	1
19691.766800000005	0.32	1.0	1
19967.252700000005	0.32	1.1	1
20246.212000000003	0.26	1.3	1
20526.244700000003	0.42	0.4	1
20808.417400000002	0.36	0.8	1
21093.2635	0.34	1.0	1
21380.783	0.33	1.0	1
21670.975899999998	0.33	1.0	1
21969.175499999998	0.14	3.0	1
22269.248499999998	0.4	0.7	1
22570.3949	0.49	0.4	1
22872.6147	0.44	0.4	1
23176.707899999998	0.34	0.7	1
23482.407799999997	0.34	0.6	1
23789.714399999997	0.41	0.6	1
24099.960999999996	0.29	1.1	1
24411.814299999995	0.33	0.6	1
24726.874299999996	0.3	1.2	1
25044.340999999997	0.34	0.9	1
25364.481099999997	0.3	1.0	1
25688.094599999997	0.26	1.3	1
26012.781499999997	0.44	0.4	1
26340.408399999997	0.35	1.1	1
26670.708699999996	0.4	1.0	1
27002.082399999996	0.45	0.4	1
27334.529499999997	0.45	0.4	1
27668.049999999996	0.47	0.4	1
28003.443899999995	0.41	0.7	1
28341.777799999996	0.32	1.1	1
28683.851699999996	0.3	1.4	1
29028.865599999997	0.3	1.1	1
29375.752899999996	0.44	0.7	1
29726.380199999996	0.27	1.4	1
30080.480899999995	0.26	1.3	1
30437.521599999996	0.3	1.1	1
30797.502299999996	0.29	1.1	1
31159.356399999997	0.39	0.7	1
31522.2839	0.46	0.4	1
31887.8848	0.32	1.0	1
32256.1591	0.34	1.0	1
32627.6401	0.28	1.2	1
33000.9945	0.45	0.7	1
33375.6889	0.33	0.5	1
33753.0567	0.37	1.0	1
34132.0312	0.47	0.6	1
34512.8791	0.38	0.7	1
34894.8004	0.45	0.4	1
35278.3284	0.35	0.6	1
35663.4631	0.45	0.6	1
36052.3378	0.26	1.4	1
36443.0859	0.43	0.7	1
36836.774	0.33	1.1	1
37233.4021	0.25	1.1	1
37631.9036	0.33	0.7	1
38031.4785	0.47	0.4	1
38432.1268	0.41	0.4	1
38834.381799999996	0.44	0.6	1
39237.710199999994	0.46	0.4	1
39642.111999999994	0.49	0.4	1
40048.1205	0.45	0.6	1
40455.469	0.36	0.5	1
40864.690899999994	0.38	0.7	1
41275.786199999995	0.37	0.7	1
41687.9549	0.44	0.4	1
42101.197	0.62	0.4	1
42515.0458	0.46	0.6	1
42931.568	0.32	1.0	1
43348.6969	0.39	0.6	1
43767.4325	0.51	0.6	1
44187.5081	0.41	0.5	1
44608.6571	0.52	0.4	1
45030.879499999995	0.3	0.4	1
45454.4419	0.37	0.5	1
45879.611	0.52	0.6	1
46305.8535	0.41	0.4	1
46735.036	0.35	1.1	1
47165.025200000004	0.43	0.3	1
47598.2211	0.24	1.2	1
48031.957	0.6	0.2	1
48468.0996	0.34	0.9	1
48906.6489	0.35	0.9	1
49346.2716	0.41	0.4	1
49789.101	0.31	1.2	1
50234.337100000004	0.35	0.9	1
50681.713200000006	0.41	0.8	1
51131.76270000001	0.35	1.0	1
51582.88560000001	0.51	0.4	1
52034.81520000001	0.51	0.3	1
52488.61820000001	0.38	0.7	1
52943.76120000001	0.46	0.5	1
53399.977600000006	0.46	0.4	1
53858.06740000001	0.37	0.7	1
