3.2	0.3	1.2	1
8.0	0.34	0.6	1
14.1333	0.43	0.5	1
22.1333	0.47	0.7	1
33.066599999999994	0.34	1.1	1
45.59989999999999	0.31	0.6	1
59.73319999999999	0.39	0.6	1
77.06649999999999	0.28	1.2	1
96.2665	0.4	0.7	1
116.5332	0.46	0.4	1
141.0666	0.28	1.6	1
167.4667	0.36	0.7	1
196.5335	0.35	1.0	1
226.40030000000002	0.5	0.3	1
258.6671	0.32	0.9	1
293.6006	0.3	1.0	1
331.4674	0.3	1.1	1
371.2009	0.31	0.7	1
412.5344	0.31	0.6	1
455.7346	0.41	0.7	1
500.2681	0.37	0.5	1
546.4016	0.31	0.6	1
593.6018	0.42	0.4	1
642.9353	0.34	0.8	1
693.3355	0.48	0.4	1
745.6024	0.41	0.7	1
801.336	0.26	1.3	1
858.1363	0.49	0.4	1
916.5366	0.43	0.6	1
976.2702	0.42	0.5	1
1039.2038	0.28	1.2	1
1104.8041	0.35	1.0	1
1173.8711	0.26	1.3	1
1246.1381000000001	0.27	1.2	1
1320.0051	0.41	0.6	1
1394.9388000000001	0.45	0.4	1
1473.0725000000002	0.27	1.2	1
1553.0729000000001	0.4	0.7	1
1634.4066	0.37	0.5	1
1717.3403	0.44	0.6	1
1801.874	0.48	0.6	1
1887.4744	0.48	0.4	1
1976.2748000000001	0.31	1.2	1
2066.6752	0.55	0.6	1
2160.8089	0.29	1.4	1
2258.6759	0.29	1.4	1
2358.4096000000004	0.29	0.7	1
2459.2100000000005	0.36	0.4	1
2561.0771000000004	0.51	0.4	1
2665.3442000000005	0.29	0.9	1
2770.9446000000003	0.34	0.5	1
2877.6117000000004	0.46	0.4	1
2985.8788000000004	0.29	0.6	1
3095.2126000000003	0.54	0.4	1
3206.4131	0.29	0.7	1
3321.3469	0.28	1.4	1
3437.614	0.39	0.5	1
3554.9478	0.44	0.4	1
3673.8815999999997	0.28	0.6	1
3793.8821	0.42	0.4	1
3915.5492999999997	0.32	1.0	1
4038.5498	0.54	0.5	1
4163.683599999999	0.38	0.8	1
4291.7507	0.32	1.1	1
4420.884499999999	0.41	0.4	1
4551.084999999999	0.48	0.4	1
4683.952199999999	0.3	1.0	1
4819.486099999999	0.31	1.0	1
4956.086699999999	0.48	0.4	1
5094.287299999999	0.38	0.6	1
5233.5545999999995	0.38	0.4	1
5375.4886	0.31	1.0	1
5519.555899999999	0.35	0.8	1
5666.2899	0.32	1.0	1
5813.5572	0.52	0.2	1
5963.4912	0.33	1.0	1
6115.2919	0.29	0.7	1
6269.7593	0.32	1.0	1
6427.6934	0.26	1.3	1
6586.9608	0.51	0.5	1
6748.6282	0.33	0.9	1
6912.6956	0.38	0.9	1
7079.963	0.28	1.2	1
7249.0971	0.41	0.7	1
7419.5645	0.46	0.5	1
7593.498600000001	0.29	1.3	1
7771.166000000001	0.24	1.4	1
7949.900100000001	0.47	0.4	1
8130.767500000001	0.35	0.8	1
8314.834900000002	0.3	1.2	1
8500.769000000002	0.28	0.7	1
8689.636400000001	0.33	1.1	1
8879.570500000002	0.43	0.4	1
9070.571300000001	0.43	0.4	1
9264.772100000002	0.23	1.2	1
9461.106200000002	0.36	0.8	1
9658.507000000001	0.4	0.4	1
9857.774500000001	0.42	0.7	1
10058.1087	0.42	0.4	1
10261.1096	0.37	1.0	1
10465.1772	0.67	0.4	1
10672.4448	0.29	1.2	1
10882.1124	0.34	0.9	1
11093.6467	0.34	0.7	1
11305.981	0.51	0.3	1
11520.982	0.31	1.0	1
11737.0497	0.39	0.4	1
11954.4507	0.37	0.5	1
12175.0517	0.31	1.2	1
12397.786	0.33	0.8	1
12621.3203	0.54	0.3	1
12846.4546	0.29	0.6	1
13074.7889	0.3	1.2	1
13306.589899999999	0.27	1.3	1
13540.790899999998	0.36	0.9	1
13776.858599999998	0.41	0.7	1
14016.392999999998	0.28	1.3	1
14256.794099999997	0.42	0.7	1
14499.328499999998	0.34	0.8	1
14745.329599999997	0.25	1.3	1
14992.397399999998	0.51	0.4	1
15241.865199999998	0.35	0.9	1
15493.1997	0.47	0.7	1
15747.2009	0.33	1.0	1
16002.2688	0.41	0.4	1
16258.9367	0.47	0.6	1
16519.0713	0.32	1.3	1
16781.3392	0.36	0.8	1
17045.2071	0.47	0.6	1
17310.675	0.47	0.6	1
17577.4762	0.48	0.5	1
17845.6107	0.4	0.5	1
18115.878500000003	0.38	0.8	1
18389.879600000004	0.26	1.4	1
18667.080700000002	0.3	1.2	1
18945.881800000003	0.42	0.6	1
19226.549600000002	0.42	0.7	1
19510.417400000002	0.3	1.2	1
19795.6185	0.61	0.5	1
20082.1529	0.63	0.5	1
20371.887300000002	0.32	1.2	1
20663.221700000002	0.43	0.6	1
20956.4228	0.45	0.7	1
21252.0239	0.38	0.9	1
21549.4917	0.37	0.7	1
21849.6262	0.34	1.0	1
22151.894	0.32	0.8	1
22456.2951	0.44	0.8	1
22762.8295	0.38	0.8	1
23070.9639	0.33	0.6	1
23380.965	0.4	0.7	1
23694.4328	0.29	1.3	1
24009.7673	0.45	0.7	1
24326.9685	0.45	0.7	1
24646.036399999997	0.43	0.7	1
24966.970999999998	0.39	0.7	1
25290.305599999996	0.34	0.9	1
25616.573499999995	0.34	1.1	1
25944.441399999996	0.49	0.6	1
26273.375999999997	0.52	0.4	1
26603.377299999996	0.37	0.4	1
26936.045299999998	0.3	1.0	1
27270.579999999998	0.48	0.7	1
27606.181399999998	0.5	0.4	1
27943.3828	0.3	0.6	1
28282.4509	0.43	0.7	1
28622.5857	0.42	0.4	1
28964.587199999998	0.47	0.7	1
29307.922	0.59	0.5	1
29652.856799999998	0.34	0.6	1
29999.1249	0.45	0.5	1
30346.4597	0.36	0.4	1
30694.3945	0.3	0.6	1
31043.395999999997	0.39	0.4	1
31394.064199999997	0.3	1.0	1
31746.065699999996	0.35	0.5	1
32100.733899999996	0.35	1.0	1
32456.468799999995	0.4	0.4	1
32813.270399999994	0.31	0.4	1
33171.93869999999	0.38	0.7	1
33532.473699999995	0.43	0.7	1
33894.342	0.37	0.5	1
34258.877	0.27	1.0	1
34624.4787	0.39	0.4	1
34990.8804	0.54	0.3	1
35358.3488	0.37	0.4	1
35726.8839	0.41	0.4	1
36098.0857	0.34	1.0	1
36470.887500000004	0.32	0.6	1
36845.82260000001	0.31	0.8	1
37222.09100000001	0.53	0.5	1
37601.826100000006	0.28	1.3	1
37983.4279	0.38	0.7	1
38366.363000000005	0.47	0.5	1
38752.231400000004	0.27	1.1	1
39140.766500000005	0.27	1.0	1
39531.70160000001	0.37	0.9	1
39923.703400000006	0.44	0.4	1
40319.17190000001	0.28	1.3	1
40715.97370000001	0.32	0.5	1
41115.17550000001	0.37	0.9	1
41515.71060000001	0.4	0.5	1
