2.3833	0.28	1.3	1
6.416600000000001	0.34	0.9	1
12.6499	0.32	1.2	1
20.349899999999998	0.34	0.8	1
29.6999	0.33	0.9	1
40.6999	0.35	0.9	1
53.8999	0.29	1.2	1
69.29990000000001	0.32	1.2	1
86.8999	0.23	1.2	1
106.51660000000001	0.28	1.1	1
127.96660000000001	0.28	1.0	1
152.16660000000002	0.22	1.5	1
178.38330000000002	0.3	1.1	1
209.55	0.17	2.7	1
242.91670000000002	0.32	1.2	1
277.9334	0.36	0.9	1
314.96680000000003	0.31	1.1	1
353.4669	0.36	0.8	1
394.16700000000003	0.27	1.2	1
437.06710000000004	0.28	1.2	1
482.16720000000004	0.28	1.2	1
528.9173000000001	0.33	0.9	1
580.6174000000001	0.2	2.7	1
633.9675000000001	0.45	0.9	1
688.9676000000001	0.38	0.9	1
746.7177	0.27	1.5	1
805.9345000000001	0.41	0.8	1
866.9846000000001	0.36	1.0	1
929.6847000000001	0.35	0.9	1
994.4015000000002	0.3	1.1	1
1061.6850000000002	0.28	1.4	1
1130.8018000000002	0.32	1.0	1
1201.7519000000002	0.33	1.0	1
1274.9020000000003	0.32	1.2	1
1350.9854000000003	0.27	1.6	1
1429.0855000000001	0.3	1.1	1
1509.7523	0.26	1.4	1
1592.0691000000002	0.25	0.9	1
1676.5859000000003	0.3	1.2	1
1763.1194000000003	0.29	1.1	1
1851.4862000000003	0.29	1.0	1
1941.6863000000003	0.3	1.0	1
2036.8364000000004	0.2	2.7	1
2134.5532000000003	0.28	1.4	1
2234.2867	0.35	1.1	1
2335.4869000000003	0.4	0.8	1
2438.5204000000003	0.34	1.0	1
2543.2039000000004	0.41	0.9	1
2650.2707000000005	0.26	1.3	1
2758.8042000000005	0.36	0.8	1
2870.0877000000005	0.27	1.5	1
2982.8379000000004	0.42	0.8	1
3097.6048000000005	0.29	1.1	1
3214.7550000000006	0.28	1.3	1
3333.7385000000004	0.28	1.0	1
3458.4053000000004	0.11	3.1	1
3585.4554000000003	0.28	1.3	1
3714.5222000000003	0.27	1.1	1
3845.789	0.28	1.2	1
3979.4391	0.27	1.3	1
4115.1059000000005	0.3	1.1	1
4253.339400000001	0.27	1.4	1
4393.4062	0.31	1.0	1
4535.8563	0.29	1.3	1
4680.3231000000005	0.28	1.1	1
4826.623200000001	0.35	1.0	1
4974.573300000001	0.25	0.9	1
5124.173400000001	0.34	0.9	1
5275.7902	0.27	1.1	1
5429.607	0.31	1.2	1
5585.9905	0.25	1.4	1
5744.023999999999	0.36	0.9	1
5903.7074999999995	0.4	0.9	1
6065.040999999999	0.34	0.9	1
6228.574499999999	0.23	1.2	1
6394.307999999999	0.28	1.2	1
6562.0581999999995	0.29	1.1	1
6731.641699999999	0.32	1.0	1
6903.791899999999	0.25	1.4	1
7077.408799999999	0.39	0.8	1
7255.975699999999	0.2	2.7	1
7436.375899999999	0.32	1.0	1
7618.609399999999	0.36	1.0	1
7802.676199999999	0.3	1.0	1
7988.576299999999	0.36	1.0	1
8176.126399999999	0.35	0.9	1
8365.876499999998	0.3	1.2	1
8557.2766	0.34	0.9	1
8750.6934	0.24	1.1	1
8945.7602	0.31	0.9	1
9142.843700000001	0.32	1.1	1
9342.1272	0.26	1.2	1
9542.877400000001	0.39	0.8	1
9745.0943	0.34	0.8	1
9949.3279	0.36	1.1	1
10155.3948	0.36	1.0	1
10366.2284	0.19	2.6	1
10580.1787	0.22	1.7	1
10795.5957	0.38	0.8	1
11012.4794	0.36	0.8	1
11231.9298	0.25	1.4	1
11452.8469	0.37	0.8	1
11675.597300000001	0.34	1.0	1
11899.997700000002	0.37	0.9	1
12126.598100000001	0.29	1.2	1
12354.848500000002	0.33	0.9	1
12586.032200000001	0.25	1.6	1
12819.049200000001	0.33	1.0	1
13054.266200000002	0.32	1.2	1
13291.683200000001	0.28	1.2	1
13530.566900000002	0.43	0.8	1
13771.6506	0.33	1.2	1
14014.384300000002	0.35	0.9	1
14259.501300000002	0.27	1.3	1
14507.551600000003	0.24	1.6	1
14757.251900000003	0.37	0.9	1
15009.518900000003	0.27	1.4	1
15264.169200000002	0.27	1.3	1
15521.386200000003	0.28	1.4	1
15780.803200000002	0.3	1.2	1
16042.053500000002	0.34	1.0	1
16305.320500000002	0.29	1.1	1
16573.537500000002	0.19	2.7	1
16843.5878	0.35	1.0	1
17115.471400000002	0.33	1.0	1
17389.005	0.34	0.9	1
17664.7386	0.32	1.2	1
17942.305500000002	0.35	1.0	1
18221.705700000002	0.33	1.0	1
18502.755900000004	0.36	0.9	1
18786.006100000002	0.3	1.2	1
19071.639600000002	0.29	1.3	1
19359.1064	0.31	1.0	1
19648.2232	0.35	0.9	1
19939.9067	0.28	1.4	1
20235.0735	0.21	1.9	1
20532.6236	0.31	1.3	1
20832.006999999998	0.33	1.0	1
21133.957099999996	0.26	1.4	1
21437.557199999996	0.35	0.9	1
21742.623999999996	0.36	0.8	1
22049.524099999995	0.35	1.0	1
22358.074199999995	0.34	0.9	1
22669.374299999996	0.27	1.5	1
22982.141099999997	0.31	0.8	1
23297.291199999996	0.28	1.3	1
23613.907999999996	0.44	0.8	1
23933.458099999996	0.27	1.6	1
24255.024899999997	0.3	1.1	1
24578.975	0.27	1.3	1
24904.5751	0.29	0.9	1
25231.8252	0.33	0.9	1
25560.7253	0.37	0.9	1
25891.642099999997	0.31	1.1	1
26224.3922	0.31	1.0	1
26558.792299999997	0.34	0.9	1
26895.759099999996	0.28	1.4	1
27234.559199999996	0.32	1.0	1
27575.375999999997	0.34	1.1	1
27918.026099999995	0.34	1.0	1
28263.242899999994	0.26	1.4	1
28610.476399999992	0.31	1.1	1
28960.093199999992	0.25	1.3	1
29312.27669999999	0.27	1.4	1
29666.47689999999	0.33	1.1	1
30022.69379999999	0.32	1.1	1
30381.11069999999	0.26	1.2	1
30741.72759999999	0.31	1.2	1
31103.99449999999	0.27	0.9	1
31467.72809999999	0.35	0.8	1
31833.84499999999	0.23	1.3	1
32201.61189999999	0.36	0.9	1
32570.84549999999	0.24	0.8	1
32942.279099999985	0.26	1.2	1
33315.72939999998	0.3	1.1	1
33691.19639999998	0.33	1.1	1
34068.680099999976	0.36	1.1	1
34448.36379999998	0.29	1.2	1
34829.88079999998	0.29	1.0	1
35213.78109999998	0.24	1.3	1
35600.06469999998	0.26	1.3	1
35988.18159999998	0.34	1.0	1
36377.948499999984	0.33	0.9	1
36769.548699999985	0.34	1.0	1
37162.61559999998	0.32	0.8	1
37557.882499999985	0.27	1.2	1
37954.982699999986	0.32	1.0	1
38353.916199999985	0.31	1.0	1
38754.866399999984	0.29	1.1	1
39158.01659999998	0.29	1.2	1
39563.91679999998	0.27	1.5	1
39971.466999999975	0.37	0.9	1
40381.03389999997	0.28	1.1	1
40792.067499999976	0.32	0.8	1
41204.75109999997	0.34	0.9	1
41619.81799999997	0.28	1.3	1
42037.45159999997	0.24	1.4	1
42457.65189999997	0.24	1.4	1
42880.05219999997	0.29	1.2	1
43304.65249999997	0.34	1.2	1
43731.63609999997	0.27	1.3	1
44160.81969999996	0.28	1.2	1
44592.56999999996	0.27	1.4	1
45026.33699999996	0.33	1.1	1
45461.93729999996	0.35	1.0	1
45899.55429999996	0.33	1.1	1
46339.55459999996	0.24	1.3	1
46782.12159999996	0.26	1.4	1
47226.15529999996	0.35	0.8	1
47672.38899999996	0.29	1.2	1
48120.08939999996	0.37	0.8	1
48569.98979999996	0.28	1.2	1
49022.27349999996	0.3	1.3	1
49476.57389999996	0.28	1.1	1
49933.44099999996	0.25	1.4	1
50392.69139999996	0.27	1.3	1
50854.87509999996	0.23	1.6	1
51318.89209999996	0.3	1.0	1
51785.29239999996	0.24	1.3	1
52253.52599999996	0.36	1.0	1
52723.22629999996	0.39	0.8	1
53195.30989999996	0.24	1.3	1
53669.410199999955	0.33	1.1	1
54145.71049999996	0.28	1.2	1
54626.59409999996	0.22	2.5	1
55109.67769999996	0.3	1.2	1
55595.144599999956	0.27	1.3	1
56082.81149999995	0.27	1.2	1
56572.49509999995	0.29	1.1	1
57063.195399999946	0.28	1.1	1
57555.36239999995	0.36	0.8	1
58049.54609999995	0.3	1.1	1
58545.92979999995	0.3	1.2	1
59043.78019999995	0.38	0.8	1
59544.38059999995	0.26	1.5	1
60046.814299999955	0.31	1.0	1
60550.89799999996	0.39	0.9	1
61056.44839999996	0.29	0.8	1
61564.198799999955	0.26	1.2	1
62073.78249999996	0.3	1.0	1
62585.38289999996	0.31	1.1	1
63099.18329999996	0.32	1.2	1
63615.73369999996	0.29	1.5	1
64134.30079999996	0.28	1.1	1
64654.70119999996	0.33	1.0	1
65177.66829999996	0.26	1.4	1
65702.28539999996	0.35	0.9	1
66228.55249999996	0.3	0.9	1
66756.65289999996	0.28	1.0	1
67286.58659999995	0.31	1.0	1
67818.53699999995	0.29	1.1	1
68352.50409999995	0.29	1.1	1
68887.93789999995	0.33	0.8	1
69425.93839999994	0.27	1.4	1
69965.95559999994	0.31	1.1	1
70507.43949999995	0.35	0.8	1
71050.57339999995	0.37	0.9	1
71595.72399999994	0.29	1.1	1
72142.70789999995	0.33	1.0	1
72691.34179999995	0.3	0.9	1
73241.80899999995	0.3	1.0	1
73794.10949999995	0.31	1.0	1
74348.24329999994	0.33	1.0	1
74903.84379999994	0.33	0.8	1
75461.82759999995	0.28	1.3	1
76021.46139999994	0.33	0.9	1
76582.92849999994	0.34	1.0	1
77146.22889999993	0.29	1.0	1
77711.91259999992	0.33	1.3	1
78279.79629999993	0.29	1.2	1
78849.32999999993	0.38	0.9	1
79420.51369999992	0.35	0.9	1
79993.16409999992	0.37	0.8	1
80567.28119999992	0.37	0.8	1
81143.96499999992	0.27	1.4	1
81722.66549999993	0.3	1.1	1
82303.56599999993	0.3	1.2	1
82885.93319999993	0.3	0.8	1
83471.05039999992	0.25	1.5	1
84057.81759999992	0.35	0.9	1
84646.78479999992	0.29	1.2	1
85237.58529999992	0.32	1.0	1
85830.58579999991	0.29	1.2	1
86425.05299999991	0.4	0.8	1
87023.9201999999	0.2	2.4	1
87624.8040999999	0.29	1.1	1
88228.2546999999	0.27	1.4	1
88834.27199999991	0.27	1.4	1
89442.30599999991	0.3	1.1	1
90052.35669999992	0.27	1.1	1
90664.05739999992	0.33	0.9	1
91277.59139999992	0.35	1.0	1
91892.77539999991	0.33	0.9	1
92509.60939999991	0.3	0.9	1
93128.46009999991	0.3	1.1	1
93749.1440999999	0.33	1.0	1
94371.2947999999	0.35	0.8	1
94995.09549999991	0.33	0.9	1
95620.54619999991	0.32	0.9	1
96248.0135999999	0.26	1.1	1
96876.9476999999	0.35	0.8	1
97507.89849999991	0.32	1.1	1
98140.49929999991	0.35	0.9	1
98774.56679999991	0.4	0.8	1
99410.28429999991	0.35	0.9	1
100048.01849999992	0.29	1.1	1
100687.76939999992	0.28	1.1	1
101328.98699999992	0.36	0.8	1
101975.70459999992	0.12	3.0	1
102623.88889999992	0.34	0.8	1
103274.45649999991	0.23	1.3	1
103926.67409999992	0.35	0.9	1
104580.35839999991	0.38	0.8	1
105235.4259999999	0.25	1.3	1
105892.3268999999	0.36	1.0	1
106551.7944999999	0.25	1.4	1
107213.4620999999	0.27	1.2	1
107876.59639999991	0.39	0.8	1
108541.7473999999	0.33	1.1	1
109208.91509999991	0.34	1.1	1
109878.28279999991	0.3	1.2	1
110549.85049999991	0.24	1.2	1
111223.0681999999	0.38	0.9	1
111901.05259999991	0.18	2.6	1
112581.42029999991	0.29	1.3	1
113263.8046999999	0.35	1.1	1
113947.83909999991	0.31	0.9	1
114633.52349999991	0.29	0.9	1
115320.85789999992	0.36	0.9	1
116010.39229999992	0.28	1.2	1
116701.94339999992	0.34	1.1	1
117395.32779999991	0.3	1.0	1
118090.5454999999	0.29	1.0	1
118787.59649999991	0.32	1.0	1
119489.59749999992	0.21	2.7	1
120193.06519999991	0.37	0.8	1
120898.36619999992	0.29	1.0	1
121605.50049999992	0.32	1.0	1
122314.83479999992	0.28	1.2	1
123025.81909999992	0.38	0.9	1
123739.00339999991	0.29	1.2	1
124454.38769999992	0.28	1.2	1
125171.97199999992	0.26	1.2	1
125891.75629999992	0.29	1.2	1
126613.19059999991	0.32	0.9	1
127337.74159999992	0.25	1.7	1
128064.49259999993	0.27	1.2	1
128793.07689999993	0.32	1.0	1
129523.86119999993	0.27	1.2	1
130256.11219999993	0.34	0.8	1
130990.92989999993	0.28	1.4	1
131728.13089999993	0.26	1.3	1
132467.53189999994	0.28	1.2	1
133209.13289999994	0.27	1.2	1
133952.56719999993	0.29	1.0	1
134698.56819999992	0.28	1.4	1
135447.13589999994	0.28	1.4	1
136197.53689999995	0.3	1.0	1
136950.13789999994	0.34	1.2	1
137704.75559999995	0.29	1.1	1
138461.75659999994	0.28	1.3	1
139220.59089999992	0.33	1.0	1
139981.80849999993	0.29	1.3	1
140744.85939999993	0.34	1.0	1
141509.37699999992	0.36	0.8	1
142275.7278999999	0.27	1.0	1
143043.9120999999	0.34	1.0	1
143814.1129999999	0.3	1.1	1
144585.78059999988	0.36	0.8	1
145359.2814999999	0.3	1.0	1
146135.1656999999	0.28	1.3	1
146913.9831999999	0.25	1.6	1
147694.6339999999	0.35	1.0	1
148476.9347999999	0.34	0.9	1
149260.8855999999	0.36	0.9	1
150046.8530999999	0.32	1.1	1
150834.8372999999	0.32	1.1	1
151624.2881999999	0.46	0.8	1
152416.1223999999	0.24	1.3	1
153210.3398999999	0.28	1.3	1
154006.3906999999	0.3	1.0	1
154803.9081999999	0.41	0.8	1
155603.8089999999	0.25	1.3	1
156405.7264999999	0.33	1.1	1
157209.1106999999	0.33	0.8	1
158014.3281999999	0.29	1.0	1
158821.1956999999	0.36	0.9	1
159630.2631999999	0.32	1.2	1
160441.5306999999	0.3	1.2	1
161254.63149999987	0.32	1.0	1
162069.38229999988	0.36	0.9	1
162885.78309999988	0.37	0.9	1
163704.2005999999	0.29	1.1	1
164524.0847999999	0.38	0.8	1
165345.9856999999	0.3	1.1	1
166169.3532999999	0.46	0.8	1
166995.1041999999	0.23	1.3	1
167823.23839999991	0.29	1.3	1
168653.0225999999	0.37	0.9	1
169486.10679999992	0.21	1.8	1
170321.39099999992	0.23	1.2	1
171158.87519999992	0.28	1.2	1
171998.92609999992	0.3	1.4	1
172840.44369999992	0.38	0.8	1
173683.7945999999	0.36	1.0	1
174528.9787999999	0.38	1.0	1
175375.8129999999	0.34	0.9	1
176224.8471999999	0.32	1.2	1
177075.8980999999	0.31	1.1	1
177928.9656999999	0.34	1.1	1
178784.2332999999	0.3	1.2	1
179641.1508999999	0.33	0.9	1
180500.4517999999	0.29	1.3	1
181361.4026999999	0.3	0.9	1
182224.7368999999	0.27	1.3	1
183089.7210999999	0.34	0.9	1
183956.72199999992	0.32	1.1	1
184826.10619999992	0.26	1.3	1
185697.69039999993	0.31	1.2	1
186571.47459999993	0.27	1.2	1
187447.27549999993	0.3	1.1	1
188325.09309999994	0.3	1.1	1
189204.92739999993	0.3	1.1	1
190086.77839999992	0.32	1.1	1
190970.09609999994	0.33	0.8	1
191855.43049999993	0.25	1.1	1
192743.33159999992	0.26	1.4	1
193633.0659999999	0.37	1.0	1
194525.0003999999	0.31	1.2	1
195421.8847999999	0.19	2.7	1
196320.9691999999	0.24	1.2	1
197221.52029999992	0.38	0.8	1
198123.53809999992	0.26	0.8	1
199028.12259999992	0.24	1.4	1
199934.3570999999	0.34	0.9	1
200842.6082999999	0.32	1.1	1
201753.2427999999	0.26	1.3	1
202666.2605999999	0.29	1.3	1
203581.2950999999	0.28	1.1	1
204498.1628999999	0.32	1.0	1
205416.6806999999	0.34	0.9	1
206337.9484999999	0.26	1.5	1
207260.8662999999	0.43	0.9	1
208185.2507999999	0.43	0.8	1
209111.65199999989	0.31	1.1	1
210040.2531999999	0.31	1.2	1
210970.5043999999	0.34	0.9	1
211902.7722999999	0.25	1.1	1
212836.8734999999	0.31	1.0	1
213773.1746999999	0.29	1.2	1
214711.30919999987	0.31	1.0	1
215652.01039999988	0.26	1.4	1
216594.72829999987	0.31	1.1	1
217539.46289999987	0.3	1.1	1
218486.03079999986	0.28	1.0	1
219434.24869999985	0.34	0.9	1
220384.29989999984	0.36	1.0	1
221336.55109999984	0.29	1.2	1
222290.81899999984	0.37	1.1	1
223247.10359999986	0.32	1.1	1
224206.32149999985	0.24	1.6	1
225167.18939999986	0.36	0.9	1
226129.70729999986	0.41	0.9	1
227094.60849999986	0.27	1.3	1
228061.34299999985	0.3	1.0	1
229029.54419999986	0.4	0.8	1
229999.39539999986	0.42	0.9	1
230970.89659999986	0.38	0.9	1
231944.41449999987	0.3	1.1	1
232919.39909999986	0.44	0.8	1
233896.03369999985	0.37	0.9	1
234874.68499999985	0.32	1.1	1
235854.98629999984	0.31	0.9	1
236836.93759999983	0.36	0.9	1
237824.02219999983	0.19	2.8	1
238813.67349999983	0.24	1.4	1
239805.15809999983	0.32	1.0	1
240798.65939999983	0.31	1.1	1
241793.99399999983	0.31	1.0	1
242791.89529999983	0.33	1.4	1
243791.81329999983	0.33	1.1	1
244793.19799999983	0.41	0.8	1
245796.23269999982	0.41	0.9	1
246801.1006999998	0.33	1.0	1
247808.7186999998	0.25	1.5	1
248817.9866999998	0.3	0.9	1
249828.7213999998	0.37	0.8	1
250841.8393999998	0.3	1.3	1
251857.3406999998	0.28	1.3	1
252875.04199999978	0.29	1.2	1
253894.75999999978	0.29	1.1	1
254916.49469999978	0.32	1.1	1
255939.69609999977	0.42	0.8	1
256964.54749999978	0.35	0.9	1
257991.59889999978	0.31	1.2	1
259020.8502999998	0.34	1.2	1
260051.5683999998	0.35	0.8	1
261083.93649999978	0.34	0.9	1
262118.50459999978	0.28	1.2	1
263155.08939999976	0.31	1.1	1
264193.5074999998	0.35	1.0	1
265234.1255999998	0.33	1.2	1
266276.7603999998	0.33	1.1	1
267320.8618999998	0.39	0.8	1
268366.7966999998	0.31	1.0	1
269415.6647999998	0.24	1.6	1
270466.1828999998	0.36	0.9	1
271518.53429999977	0.29	1.0	1
272572.35239999974	0.39	0.8	1
273627.82049999974	0.35	0.9	1
274685.48859999975	0.3	1.2	1
275745.53999999975	0.28	1.3	1
276807.05809999973	0.4	0.8	1
277871.3261999997	0.26	1.5	1
278937.0609999997	0.36	0.8	1
280004.62909999967	0.34	1.0	1
281073.6638999997	0.38	0.8	1
282144.7153999997	0.31	1.1	1
283217.7835999997	0.35	1.1	1
284292.8684999997	0.3	1.1	1
285369.4200999997	0.38	0.8	1
286447.4383999997	0.39	0.8	1
287526.9233999997	0.35	0.8	1
288608.0583999997	0.29	0.9	1
289690.84339999966	0.32	0.9	1
290775.6450999997	0.33	1.1	1
291862.8300999997	0.28	1.3	1
292951.48179999966	0.31	0.8	1
294041.78349999967	0.4	0.9	1
295134.65189999965	0.29	1.4	1
296229.53699999966	0.35	1.1	1
297326.07209999964	0.34	0.9	1
298424.80719999963	0.29	1.2	1
299525.19229999965	0.33	0.9	1
300627.41069999966	0.34	1.0	1
301731.27909999964	0.36	0.9	1
302837.53079999966	0.28	1.3	1
303945.43249999965	0.4	0.9	1
305054.98419999966	0.38	0.9	1
306166.36919999967	0.33	1.0	1
307280.13749999966	0.27	1.3	1
308396.28909999965	0.28	1.3	1
309514.45739999966	0.28	1.1	1
310634.64239999966	0.3	1.1	1
311756.4773999997	0.32	0.9	1
312880.3290999997	0.29	1.1	1
314006.0140999997	0.34	1.0	1
315133.5323999997	0.4	1.0	1
316262.7006999997	0.33	0.9	1
317393.5189999997	0.35	0.9	1
318526.5372999997	0.29	1.2	1
319661.38889999967	0.33	1.0	1
320798.25719999964	0.32	1.1	1
321937.3254999996	0.32	1.2	1
323077.8604999996	0.41	0.8	1
324220.7787999996	0.26	1.3	1
325365.7137999996	0.3	1.1	1
326512.6654999996	0.27	1.1	1
327661.0838999996	0.47	0.8	1
328811.33559999964	0.33	1.0	1
329963.60399999964	0.29	1.1	1
331117.70569999964	0.29	1.0	1
332274.55739999964	0.25	1.5	1
333432.87579999963	0.37	0.8	1
334593.0274999996	0.32	1.0	1
335758.3124999996	0.18	2.8	1
336925.43079999957	0.33	1.0	1
338094.9323999996	0.3	1.3	1
339266.2672999996	0.32	1.0	1
340439.0688999996	0.38	0.8	1
341613.7037999996	0.32	1.0	1
342790.9053999996	0.27	1.4	1
343970.85699999955	0.26	1.5	1
345152.82529999956	0.3	1.1	1
346336.62689999957	0.29	1.0	1
347522.44519999955	0.31	1.1	1
348710.46349999955	0.32	1.2	1
349900.31509999954	0.31	1.0	1
351091.81669999956	0.36	0.9	1
352285.1515999996	0.33	1.0	1
353481.05319999956	0.27	1.4	1
354678.60479999956	0.39	0.9	1
355877.98969999957	0.32	1.0	1
357079.0245999996	0.36	0.9	1
358282.0761999996	0.35	1.1	1
359486.9610999996	0.31	1.0	1
360694.0459999996	0.29	1.2	1
361902.7808999996	0.33	0.9	1
363113.3490999996	0.33	1.0	1
364325.9339999996	0.3	1.1	1
365539.9855999996	0.34	0.8	1
366756.2371999996	0.28	1.2	1
367973.95549999963	0.35	0.8	1
369193.3237999996	0.38	0.9	1
370416.1753999996	0.23	1.9	1
371640.6769999996	0.34	0.9	1
372866.8285999996	0.38	0.9	1
374094.4468999996	0.34	0.8	1
375324.0818999996	0.32	1.1	1
376555.1835999996	0.4	0.8	1
377788.4852999996	0.28	1.2	1
379023.43699999957	0.33	0.9	1
380260.22199999954	0.33	1.0	1
381499.20699999953	0.29	1.2	1
382739.6586999995	0.39	0.8	1
383981.7603999995	0.39	0.9	1
385225.8787999995	0.28	1.1	1
386472.1971999995	0.29	1.2	1
387720.7155999995	0.28	1.2	1
388971.4339999995	0.35	1.2	1
390223.9856999995	0.33	1.0	1
391478.3706999995	0.31	1.0	1
392734.9556999995	0.29	1.2	1
393993.7406999995	0.29	1.2	1
395253.9923999995	0.39	0.8	1
396516.07739999954	0.31	1.0	1
397780.3623999995	0.29	1.2	1
399046.4806999995	0.3	1.0	1
400314.6156999995	0.29	1.1	1
401584.4006999995	0.35	0.9	1
402856.2023999995	0.28	1.1	1
404130.2040999995	0.32	1.2	1
405405.8557999995	0.31	0.9	1
406682.9741999995	0.35	0.8	1
407961.92589999945	0.28	1.0	1
409242.89429999946	0.29	1.1	1
410525.51269999944	0.39	0.9	1
411810.14779999945	0.31	1.1	1
413096.43289999943	0.36	0.9	1
414384.36799999943	0.32	0.9	1
415674.3197999994	0.32	1.1	1
416966.28829999943	0.31	1.1	1
418260.64009999944	0.29	1.3	1
419556.64189999946	0.34	0.9	1
420854.84369999944	0.29	1.2	1
422154.69549999945	0.35	0.9	1
423457.1139999995	0.28	1.4	1
424761.3657999995	0.33	1.0	1
426067.2675999995	0.35	0.9	1
427374.8193999995	0.34	0.9	1
428684.2044999995	0.29	1.0	1
429995.05629999953	0.36	0.8	1
431308.10809999955	0.3	1.2	1
432623.54319999955	0.25	1.3	1
433940.6282999996	0.32	0.9	1
435259.7300999996	0.32	1.1	1
436580.4818999996	0.39	0.9	1
437902.8836999996	0.36	0.9	1
439228.0354999996	0.26	1.5	1
440555.3872999996	0.31	1.2	1
441884.7557999996	0.31	1.1	1
443216.1409999996	0.27	1.1	1
444549.72619999957	0.28	1.2	1
445885.51139999955	0.29	1.2	1
447223.12989999953	0.34	1.0	1
448562.9483999995	0.29	1.2	1
449904.6001999995	0.4	1.0	1
451247.7186999995	0.39	0.8	1
452593.0371999995	0.28	1.2	1
453940.5556999995	0.3	1.2	1
455289.72419999953	0.34	0.9	1
456640.72599999956	0.28	1.0	1
457993.37779999955	0.34	0.9	1
459348.22959999955	0.3	1.2	1
460705.46469999955	0.29	1.3	1
462064.53309999953	0.35	1.0	1
463425.61819999956	0.31	1.1	1
464791.2865999996	0.22	2.5	1
466158.7882999996	0.34	1.0	1
467528.3066999996	0.32	1.1	1
468899.47509999963	0.38	0.9	1
470271.8434999996	0.27	1.2	1
471646.7785999996	0.22	1.4	1
473024.0969999996	0.28	1.3	1
474403.0653999996	0.4	0.9	1
475783.8670999996	0.32	1.0	1
477166.50209999963	0.32	1.0	1
478550.60379999963	0.36	0.8	1
479936.53879999963	0.33	1.0	1
481324.4904999996	0.29	1.1	1
482714.4588999996	0.31	1.1	1
484106.4439999996	0.3	1.1	1
485500.6290999996	0.3	1.2	1
486896.2808999996	0.34	0.8	1
488293.5826999996	0.32	0.9	1
489692.5344999996	0.36	0.9	1
491093.1362999996	0.34	0.9	1
492495.7547999996	0.34	1.1	1
493899.83999999956	0.38	0.8	1
495305.57519999956	0.31	0.9	1
496712.77709999954	0.4	0.8	1
498121.4456999995	0.33	0.8	1
499531.58099999954	0.34	0.8	1
500944.09959999955	0.28	1.3	1
502358.63489999954	0.35	1.1	1
503775.0034999995	0.32	1.0	1
505192.02209999954	0.36	0.9	1
506611.0573999995	0.28	1.1	1
508031.9259999995	0.31	1.0	1
509454.9945999995	0.26	1.2	1
510879.71319999953	0.32	0.9	1
512306.26509999955	0.3	1.0	1
513734.6502999996	0.33	1.0	1
515165.23549999954	0.31	1.2	1
516597.6539999996	0.29	1.0	1
518031.72249999957	0.35	0.9	1
519467.9909999996	0.29	1.2	1
520905.72619999957	0.34	0.8	1
522344.92809999955	0.36	0.8	1
523785.77999999956	0.38	0.9	1
525228.6485999996	0.28	1.1	1
526672.9838999996	0.32	0.8	1
528119.1524999996	0.39	1.0	1
529567.5210999997	0.27	1.2	1
531017.7229999996	0.34	1.0	1
532469.3915999996	0.37	0.8	1
533923.0768999996	0.28	1.1	1
535378.2288999996	0.34	0.8	1
536835.3975999997	0.3	1.1	1
538294.5829999996	0.29	1.1	1
539755.4183999996	0.3	0.9	1
541218.6370999996	0.31	1.3	1
542683.6890999996	0.33	1.0	1
544150.9410999996	0.3	1.2	1
545620.5763999996	0.32	1.3	1
547092.0449999996	0.32	1.0	1
548564.9802999996	0.46	0.8	1
550040.1155999996	0.32	1.2	1
551516.7175999995	0.39	0.8	1
552994.9695999995	0.36	0.9	1
554474.8715999995	0.34	0.9	1
555956.6068999994	0.32	1.0	1
557439.9921999994	0.31	0.9	1
558925.5774999994	0.31	1.2	1
560412.6294999995	0.36	0.8	1
561901.5147999994	0.31	1.0	1
563391.8667999994	0.33	0.8	1
