1.8725	0.32	1.2	1
5.3064	0.33	1.0	1
10.4572	0.29	1.1	1
17.0138	0.34	0.9	1
24.8206	0.34	0.8	1
34.4999	0.26	1.2	1
45.7406	0.34	1.0	1
58.8538	0.26	1.2	1
73.5284	0.29	1.0	1
89.6088	0.34	0.9	1
107.095	0.34	0.9	1
125.987	0.38	0.9	1
146.90699999999998	0.27	1.3	1
169.3884	0.29	1.0	1
193.58669999999998	0.35	1.1	1
219.96859999999998	0.25	1.4	1
248.22299999999998	0.29	1.2	1
278.1943	0.32	1.1	1
309.5714	0.38	0.9	1
342.35429999999997	0.34	0.9	1
376.38739999999996	0.4	0.8	1
411.98189999999994	0.34	1.0	1
449.4488999999999	0.32	1.2	1
488.4772999999999	0.39	1.0	1
529.2225999999999	0.29	1.1	1
571.3737	0.33	0.9	1
615.2417	0.31	1.1	1
660.9822	0.3	1.2	1
709.0618000000001	0.28	1.5	1
758.7028	0.33	1.0	1
809.9052	0.33	1.0	1
862.669	0.32	1.0	1
917.7719	0.22	1.5	1
975.3695	0.24	1.6	1
1034.8396	0.3	1.2	1
1096.0266	0.3	1.1	1
1159.3971999999999	0.3	1.4	1
1224.4847	0.31	1.1	1
1291.1336	0.35	1.0	1
1359.1882999999998	0.35	0.9	1
1428.9598999999998	0.32	1.1	1
1500.2929	0.32	1.0	1
1573.3428	0.32	1.1	1
1648.2651999999998	0.28	1.2	1
1725.2155999999998	0.27	1.3	1
1803.5717999999997	0.35	0.9	1
1883.4893999999997	0.32	1.0	1
1964.9683999999997	0.37	1.0	1
2047.6975999999997	0.38	0.8	1
2132.1436999999996	0.33	1.1	1
2219.24	0.25	1.7	1
2308.8309999999997	0.23	1.6	1
2399.8277999999996	0.34	0.9	1
2492.2303999999995	0.3	0.9	1
2586.6609999999996	0.26	1.3	1
2682.653	0.27	1.0	1
2780.5175	0.28	1.2	1
2879.7878	0.37	0.9	1
2980.9306	0.31	1.2	1
3083.3236	0.35	0.8	1
3187.2780000000002	0.33	1.0	1
3292.9493	0.3	1.1	1
3400.6486000000004	0.28	1.3	1
3509.7537	0.34	0.9	1
3620.5757000000003	0.35	1.1	1
3735.2924000000003	0.16	2.5	1
3851.4149	0.34	0.9	1
3968.9432	0.34	0.9	1
4088.344	0.31	1.2	1
4209.1506	0.35	0.9	1
4331.5186	0.35	1.0	1
4455.9146	0.28	1.3	1
4582.4942	0.26	1.4	1
4711.5685	0.22	1.6	1
4841.893	0.38	0.8	1
4974.09	0.28	1.2	1
5107.8484	0.33	1.0	1
5242.857	0.34	0.8	1
5379.427	0.33	1.0	1
5518.1806	0.28	1.4	1
5658.8067	0.29	1.2	1
5800.9942	0.32	1.0	1
5944.7431	0.29	1.0	1
6090.2089	0.3	1.1	1
6237.3916	0.3	1.1	1
6386.1357	0.35	1.0	1
6536.9078	0.27	1.3	1
6689.2413	0.34	1.0	1
6843.7584	0.27	1.4	1
7000.148	0.27	1.2	1
7158.099	0.33	1.0	1
7317.7669000000005	0.29	1.1	1
7481.329500000001	0.16	2.5	1
7646.4535000000005	0.33	1.0	1
7813.138900000001	0.31	1.0	1
7981.541200000001	0.33	1.1	1
8151.660400000001	0.34	1.1	1
8323.1854	0.32	0.9	1
8496.5829	0.29	1.2	1
8671.386199999999	0.31	0.9	1
8847.9064	0.31	1.1	1
9025.6768	0.41	0.8	1
9205.475199999999	0.28	1.3	1
9386.679399999999	0.31	0.9	1
9569.756099999999	0.3	1.2	1
9754.5497	0.3	1.1	1
9941.0602	0.3	1.1	1
10128.9765	0.32	0.9	1
10318.2986	0.31	0.9	1
10508.8709	0.37	0.8	1
10701.6268	0.26	1.4	1
10896.4107	0.31	1.3	1
11093.0671	0.28	1.2	1
11294.0849	0.18	2.8	1
11496.3529	0.34	0.8	1
11699.8711	0.38	0.8	1
11905.417300000001	0.28	1.3	1
12112.3693	0.31	0.9	1
12320.5715	0.37	0.8	1
12530.8017	0.24	1.3	1
12745.0821	0.19	2.6	1
12960.9239	0.34	1.0	1
13178.4826	0.28	1.1	1
13398.0693	0.27	1.3	1
13619.372899999998	0.3	1.1	1
13842.393399999999	0.31	1.1	1
14066.819699999998	0.34	0.9	1
14292.807399999998	0.32	1.0	1
14520.823099999998	0.28	1.3	1
14750.555699999997	0.31	1.1	1
14982.160799999998	0.29	1.2	1
15215.949499999997	0.26	1.4	1
15451.299599999997	0.28	1.0	1
15687.899899999997	0.43	0.8	1
15928.861599999997	0.19	2.8	1
16171.695799999996	0.29	1.2	1
16415.935799999996	0.36	0.9	1
16661.425999999996	0.37	0.8	1
16908.788699999997	0.27	1.2	1
17157.8683	0.31	1.1	1
17408.6648	0.33	1.1	1
17660.8671	0.3	0.9	1
17914.7863	0.31	1.1	1
18170.1113	0.32	0.9	1
18427.1532	0.32	1.1	1
18685.7565	0.33	1.0	1
18946.2323	0.34	1.2	1
19208.1139	0.37	0.9	1
19472.0235	0.28	1.3	1
19737.3389	0.34	0.9	1
20004.2157	0.34	1.0	1
20272.6539	0.34	1.0	1
20542.6535	0.34	1.0	1
20814.9922	0.26	1.5	1
21089.203400000002	0.33	1.2	1
21364.8204	0.34	0.9	1
21641.9988	0.32	1.0	1
21920.8941	0.28	1.1	1
22201.8174	0.29	1.3	1
22484.3021	0.31	1.0	1
22768.8148	0.26	1.3	1
23055.2	0.29	1.2	1
23343.6132	0.28	1.3	1
23633.7433	0.32	1.1	1
23925.4348	0.33	1.0	1
24218.6877	0.38	1.0	1
24513.3464	0.34	0.9	1
24809.4109	0.36	0.9	1
25107.9701	0.23	1.6	1
25407.9351	0.34	0.9	1
25709.617	0.3	1.1	1
26012.7047	0.4	0.9	1
26317.6649	0.26	1.2	1
26624.4976	0.31	1.2	1
26933.047199999997	0.27	1.1	1
27242.846999999998	0.41	0.8	1
27554.8304	0.28	1.4	1
27868.5307	0.33	1.1	1
28183.9479	0.29	1.1	1
28501.2376	0.28	1.2	1
28820.710900000002	0.29	1.4	1
29141.745600000002	0.34	1.0	1
29464.3417	0.32	1.0	1
29788.6547	0.31	1.1	1
30114.373499999998	0.37	0.9	1
30441.3425	0.33	0.8	1
30769.5617	0.37	0.8	1
31100.431099999998	0.26	1.7	1
31432.706299999998	0.34	0.9	1
31766.854	0.28	1.2	1
32102.5631	0.34	1.0	1
32439.9891	0.3	1.1	1
32779.132	0.28	1.1	1
33120.147399999994	0.29	1.2	1
33463.346399999995	0.28	1.4	1
33808.573399999994	0.28	1.3	1
34155.36179999999	0.36	1.0	1
34503.55599999999	0.29	0.9	1
34853.62269999999	0.29	1.2	1
35205.56189999999	0.3	1.2	1
35558.906899999994	0.29	0.9	1
35913.968799999995	0.33	1.1	1
36270.747599999995	0.32	1.1	1
36628.7766	0.41	0.8	1
36988.6781	0.33	1.2	1
37350.2965	0.32	1.1	1
37712.476299999995	0.33	1.0	1
38076.37299999999	0.31	1.1	1
38444.164399999994	0.19	2.5	1
38814.76159999999	0.23	1.8	1
39186.92019999999	0.3	1.0	1
39560.32899999999	0.32	0.8	1
39935.299199999994	0.3	1.0	1
40311.9863	0.29	1.1	1
40690.5459	0.28	1.2	1
41070.6669	0.33	1.0	1
41452.349299999994	0.31	1.0	1
41835.9042	0.31	1.2	1
42221.176	0.31	1.1	1
42608.0092	0.33	1.0	1
42996.5593	0.31	1.1	1
43386.8263	0.28	1.1	1
43778.6547	0.25	1.0	1
44171.8889	0.35	0.9	1
44566.5289	0.36	0.9	1
44962.4191	0.36	0.8	1
45359.8707	0.32	1.0	1
45758.8837	0.29	1.0	1
46159.924699999996	0.23	1.3	1
46562.9937	0.27	1.3	1
46967.6241	0.3	1.0	1
47373.9714	0.29	1.1	1
47782.3467	0.38	1.3	1
48192.2834	0.37	1.0	1
48603.937	0.3	1.1	1
49017.307499999995	0.31	1.1	1
49432.2394	0.34	1.0	1
49848.7327	0.32	1.0	1
50267.254	0.27	1.3	1
50687.0255	0.35	0.8	1
51108.513900000005	0.32	1.1	1
51532.185900000004	0.28	1.4	1
51957.4193	0.3	1.0	1
52383.9029	0.38	0.8	1
52812.8812	0.31	1.6	1
53243.576400000005	0.27	1.1	1
53675.98850000001	0.34	1.1	1
54110.11750000001	0.34	1.1	1
54545.49670000001	0.35	0.8	1
54982.74840000001	0.27	1.2	1
55421.87260000001	0.29	1.2	1
55862.86930000001	0.3	1.2	1
56305.894000000015	0.28	1.3	1
56753.43560000001	0.18	2.9	1
57202.538600000014	0.32	1.0	1
57653.669600000016	0.29	1.3	1
58106.673100000015	0.29	1.2	1
58560.926800000016	0.32	0.8	1
59016.741900000015	0.27	1.0	1
59473.962800000016	0.35	0.9	1
59932.745100000015	0.3	1.0	1
60392.933200000014	0.32	0.9	1
60854.371500000016	0.37	0.8	1
61317.371200000016	0.3	1.0	1
61781.77670000002	0.29	0.9	1
62248.054700000015	0.31	1.2	1
62715.738500000014	0.34	0.9	1
63185.13920000001	0.3	1.1	1
63656.10130000001	0.32	1.0	1
64128.46920000001	0.32	0.9	1
64602.86510000001	0.28	1.3	1
65078.51120000001	0.37	0.8	1
65555.4075	0.38	0.8	1
66034.7985	0.26	1.6	1
66516.062	0.28	1.2	1
66998.88690000001	0.34	1.0	1
67483.11760000001	0.31	0.9	1
67969.68740000001	0.24	1.5	1
68458.44080000001	0.28	1.4	1
68948.91110000001	0.3	1.1	1
69440.7872	0.33	0.9	1
69934.06910000001	0.37	0.9	1
70429.379	0.25	1.3	1
70926.40580000001	0.3	1.1	1
71425.6162	0.28	1.4	1
71926.23240000001	0.35	0.9	1
72428.72110000001	0.3	1.2	1
72932.7712	0.33	1.0	1
73438.8493	0.27	1.3	1
73946.6443	0.29	1.1	1
74456.0007	0.32	1.0	1
74966.7629	0.35	0.9	1
75479.0865	0.32	1.0	1
75992.8159	0.38	0.9	1
76507.79550000001	0.37	0.8	1
77025.11420000001	0.22	1.5	1
77542.83870000001	0.39	0.9	1
78062.12460000001	0.32	1.0	1
78583.4385	0.3	1.3	1
79106.4693	0.34	1.1	1
79630.9059	0.35	0.9	1
80156.74829999999	0.36	0.9	1
80684.30759999999	0.3	1.1	1
81213.89489999998	0.27	1.3	1
81745.19909999998	0.37	1.1	1
82278.22019999998	0.22	1.1	1
82812.80269999999	0.38	1.0	1
83349.41319999998	0.28	1.3	1
83887.27389999999	0.35	0.8	1
84426.54039999998	0.36	0.9	1
84967.36829999999	0.32	1.0	1
85510.22419999998	0.26	1.3	1
86054.48589999999	0.36	0.9	1
86600.15339999998	0.34	0.9	1
87147.38229999998	0.33	1.0	1
87696.32809999998	0.25	1.1	1
88246.99079999999	0.34	1.1	1
88799.83709999999	0.23	1.4	1
89354.55589999999	0.25	1.2	1
89911.30269999999	0.3	1.3	1
90470.23309999998	0.28	1.4	1
91031.03599999998	0.28	1.2	1
91593.40029999998	0.31	1.0	1
92158.10369999998	0.26	1.5	1
92724.36849999998	0.34	1.0	1
93292.35019999999	0.27	1.1	1
93861.89329999998	0.34	1.0	1
94432.99779999998	0.33	1.0	1
95005.81919999998	0.31	1.1	1
95580.35749999998	0.29	1.1	1
96156.45719999999	0.3	1.0	1
96734.896	0.26	1.5	1
97314.89619999999	0.29	1.0	1
97897.07999999999	0.24	1.4	1
98481.13629999998	0.27	1.2	1
99067.37619999998	0.26	1.4	1
99655.48859999998	0.32	1.2	1
100245.00679999999	0.37	0.9	1
100835.77519999999	0.41	0.8	1
101428.26049999999	0.31	1.1	1
102022.3072	0.33	1.0	1
102618.2264	0.3	1.2	1
103215.8625	0.32	1.1	1
103814.9044	0.33	0.9	1
104415.9743	0.28	1.3	1
105019.0722	0.26	1.3	1
105623.5759	0.36	0.9	1
106230.1076	0.28	1.3	1
106838.2007	0.3	1.0	1
107448.1663	0.29	1.2	1
108060.1599	0.26	1.3	1
108673.5593	0.38	0.9	1
109288.9867	0.27	1.3	1
109905.81989999999	0.34	0.9	1
110524.36999999998	0.3	1.1	1
111144.17029999998	0.4	0.8	1
111765.84309999998	0.29	1.2	1
112389.38839999998	0.28	1.2	1
113014.33949999999	0.42	0.9	1
113640.69639999999	0.39	0.9	1
114268.61469999999	0.35	1.0	1
114898.2499	0.31	1.1	1
115529.7576	0.25	1.2	1
116162.82669999999	0.34	1.0	1
116797.146	0.35	0.8	1
117433.02669999999	0.34	1.0	1
118070.31319999999	0.33	0.9	1
118709.31659999999	0.29	1.1	1
119350.19249999999	0.25	1.2	1
119992.6298	0.36	1.0	1
120636.62849999999	0.33	1.0	1
121282.6552	0.27	1.3	1
121930.5544	0.29	1.2	1
122580.1705	0.33	1.1	1
123231.348	0.29	1.0	1
123883.7757	0.37	0.8	1
124537.7648	0.23	1.0	1
125193.3153	0.35	1.0	1
125850.8938	0.29	1.3	1
126509.8781	0.37	0.9	1
127171.2015	0.24	1.5	1
127834.0863	0.32	1.0	1
128498.22129999999	0.34	0.8	1
129163.91769999999	0.34	1.0	1
129831.01989999998	0.31	0.9	1
130499.68349999998	0.33	1.0	1
131170.21959999998	0.28	1.2	1
131842.47259999998	0.36	1.1	1
132516.90919999997	0.27	1.4	1
133192.59599999996	0.39	0.8	1
133869.53299999997	0.32	0.8	1
134547.72019999995	0.36	0.8	1
135227.46879999994	0.31	1.0	1
135908.62319999994	0.33	0.9	1
136591.80559999993	0.29	1.3	1
137276.39379999993	0.34	0.9	1
137962.69889999993	0.28	1.1	1
138650.72089999993	0.32	1.1	1
139340.30429999993	0.28	1.0	1
140031.44909999994	0.32	1.0	1
140724.46639999995	0.29	1.2	1
141419.51169999994	0.27	1.3	1
142116.11839999995	0.39	1.0	1
142814.44199999995	0.32	1.1	1
143514.63809999995	0.3	1.2	1
144217.01779999994	0.26	1.4	1
144920.95889999994	0.32	1.0	1
145626.15019999995	0.37	0.8	1
146333.36949999994	0.27	1.3	1
147042.30569999994	0.27	1.1	1
147752.80329999994	0.32	1.0	1
148465.17339999994	0.3	1.2	1
149179.57149999993	0.27	1.3	1
149895.37539999993	0.34	0.9	1
150612.58509999994	0.32	0.9	1
151331.35619999995	0.38	1.0	1
152053.71089999995	0.2	2.3	1
152777.78249999994	0.3	1.1	1
153503.10429999995	0.34	0.8	1
154229.83189999996	0.35	0.9	1
154958.12089999995	0.3	1.0	1
155688.74899999995	0.3	1.5	1
156421.09399999995	0.32	1.1	1
157154.84479999996	0.33	0.9	1
157890.77919999996	0.28	1.4	1
158628.27499999997	0.35	1.0	1
159367.48769999997	0.35	1.1	1
160107.95059999998	0.37	0.8	1
160849.81929999997	0.37	0.9	1
161593.09379999997	0.37	0.9	1
162338.86299999998	0.21	1.6	1
163086.03799999997	0.32	0.9	1
163834.77439999997	0.35	1.0	1
164584.76099999997	0.39	0.8	1
165336.62009999997	0.26	1.2	1
166090.04059999998	0.32	1.0	1
166845.80019999997	0.23	1.5	1
167603.43229999996	0.26	1.2	1
168362.62579999995	0.31	1.0	1
169123.38069999995	0.37	1.0	1
169886.00809999995	0.29	1.2	1
170650.19689999995	0.36	1.0	1
171415.94709999996	0.31	1.0	1
172182.94749999995	0.5	0.8	1
172951.50929999995	0.33	1.0	1
173721.78799999994	0.29	1.1	1
174494.40579999995	0.25	1.5	1
175269.05159999995	0.29	1.3	1
176045.56989999994	0.29	1.2	1
176823.80509999994	0.33	1.1	1
177603.29049999994	0.35	0.8	1
178384.80389999994	0.29	1.3	1
179168.03419999994	0.36	1.1	1
179952.67029999994	0.39	0.9	1
180739.17889999994	0.33	1.2	1
181527.40439999994	0.29	1.1	1
182317.03569999995	0.34	0.9	1
183108.22839999996	0.32	1.0	1
183901.60469999997	0.26	1.4	1
184696.85349999997	0.28	1.2	1
185493.97479999997	0.3	1.2	1
186292.50189999997	0.42	0.9	1
187092.27919999996	0.38	0.8	1
187893.30669999996	0.36	0.8	1
188696.05109999995	0.35	1.1	1
189500.51239999995	0.29	1.1	1
190306.84619999994	0.33	1.2	1
191114.43019999994	0.37	0.8	1
191923.57559999995	0.31	1.0	1
192734.28239999997	0.34	1.0	1
193546.55059999996	0.37	1.0	1
194360.84679999997	0.28	1.3	1
195176.54879999996	0.35	0.9	1
195993.81219999996	0.36	1.0	1
196813.10359999994	0.31	1.3	1
197634.11189999993	0.33	1.1	1
198456.68159999992	0.32	1.0	1
199280.81269999992	0.33	1.0	1
200106.81629999992	0.3	1.2	1
200934.07009999992	0.36	0.8	1
201762.72969999994	0.38	0.9	1
202592.95069999993	0.33	1.0	1
203425.19969999994	0.28	1.3	1
204259.16559999995	0.27	1.1	1
205094.38169999994	0.34	0.8	1
205931.15919999994	0.35	1.0	1
206769.34249999994	0.36	0.9	1
207609.39829999994	0.31	1.2	1
208451.01549999995	0.33	1.0	1
209294.19409999996	0.32	1.0	1
210139.71179999996	0.25	1.5	1
210987.10199999996	0.28	1.2	1
211835.74239999996	0.38	0.8	1
212685.94419999997	0.33	1.0	1
213537.86289999998	0.3	1.1	1
214391.34299999996	0.22	1.0	1
215246.53999999995	0.29	1.1	1
216103.14279999994	0.38	0.9	1
216961.15139999994	0.33	0.9	1
217820.87689999994	0.31	1.1	1
218682.00819999995	0.34	0.9	1
219545.01199999996	0.29	1.2	1
220409.73269999996	0.34	1.1	1
221276.32589999997	0.32	1.2	1
222144.63599999997	0.32	1.1	1
223014.97409999996	0.31	1.3	1
223887.18469999995	0.3	1.2	1
224761.73439999996	0.26	1.5	1
225638.15659999996	0.29	1.2	1
226516.14019999997	0.32	1.0	1
227395.99629999997	0.25	1.2	1
228277.88039999997	0.29	1.3	1
229161.01469999997	0.36	0.8	1
230045.55479999998	0.36	0.9	1
230932.1229	0.29	1.3	1
231819.9412	0.39	0.8	1
232709.1653	0.37	0.9	1
233600.26189999998	0.31	1.2	1
234493.07539999997	0.3	1.1	1
235387.13909999997	0.37	0.8	1
236283.54189999998	0.28	1.5	1
237181.35049999997	0.29	0.9	1
238080.40929999997	0.37	0.8	1
238981.34059999997	0.3	1.2	1
239883.98879999996	0.28	1.1	1
240787.88719999997	0.32	0.8	1
241693.03579999995	0.39	0.8	1
242600.36799999996	0.29	1.4	1
243509.72819999995	0.31	1.3	1
244420.33859999996	0.31	0.8	1
245332.35479999997	0.36	0.9	1
246245.62119999997	0.36	0.8	1
247160.44899999996	0.33	1.0	1
248076.99369999996	0.27	1.1	1
248994.94419999997	0.33	0.9	1
249914.14489999996	0.41	0.8	1
250835.68469999995	0.22	1.5	1
251758.63029999996	0.34	0.9	1
252682.98169999997	0.35	0.9	1
253608.58329999997	0.45	0.8	1
254535.90179999996	0.3	1.1	1
255465.24829999998	0.26	1.3	1
256396.3117	0.3	1.1	1
257328.78089999998	0.31	0.9	1
258262.50029999999	0.37	0.8	1
259197.4699	0.38	0.8	1
260134.1564	0.32	1.1	1
261072.2487	0.38	0.9	1
262012.21349999998	0.27	1.2	1
262953.4285	0.34	0.8	1
263896.516	0.36	1.2	1
264841.1649	0.34	1.0	1
265787.06399999995	0.4	0.8	1
266734.52449999994	0.32	1.0	1
267683.8574999999	0.31	1.2	1
268634.4406999999	0.37	0.8	1
269587.2074999999	0.27	1.4	1
270541.6911999999	0.29	1.1	1
271498.04739999986	0.3	1.2	1
272456.12049999984	0.29	1.1	1
273415.59939999983	0.39	0.9	1
274377.2618999998	0.28	1.4	1
275340.4857999998	0.32	1.0	1
276305.73769999977	0.31	1.3	1
277272.23979999975	0.42	0.8	1
278240.7698999997	0.28	1.3	1
279210.5501999997	0.37	0.8	1
280182.3584999997	0.25	1.3	1
281155.88369999966	0.32	1.1	1
282131.2813999996	0.29	1.2	1
283108.3959999996	0.31	1.1	1
284086.9163999996	0.37	0.9	1
285067.30929999956	0.3	1.2	1
286049.41909999953	0.33	1.1	1
287033.2457999995	0.31	1.1	1
288020.8115999995	0.19	2.4	1
289009.9387999995	0.36	1.0	1
290000.6273999995	0.34	1.0	1
290992.8773999995	0.33	1.0	1
291986.5331999995	0.33	0.9	1
292981.7503999995	0.33	1.0	1
293978.2177999995	0.36	0.8	1
294976.0909999995	0.34	0.9	1
295975.68109999946	0.32	1.1	1
296977.1436999995	0.29	1.2	1
297979.85649999947	0.33	0.8	1
298984.5972999995	0.27	1.3	1
299990.7438999995	0.36	0.9	1
300998.29629999946	0.31	0.9	1
302007.56559999945	0.31	1.1	1
303018.08509999944	0.39	0.8	1
304030.63259999943	0.29	1.3	1
305044.5858999994	0.33	0.9	1
306060.5671999994	0.29	1.3	1
307078.5764999994	0.27	1.3	1
308098.30269999936	0.33	1.1	1
309119.27909999934	0.4	0.8	1
310142.1279999993	0.29	1.2	1
311167.0048999993	0.41	1.3	1
312193.5986999993	0.32	1.1	1
313221.90939999925	0.29	1.1	1
314251.7814999992	0.32	1.0	1
315282.9037999992	0.33	0.8	1
316315.5874999992	0.34	1.0	1
317350.2991999992	0.3	1.3	1
318386.8833999992	0.27	1.2	1
319425.02899999917	0.35	1.0	1
320464.73599999916	0.32	1.0	1
321506.31549999915	0.26	1.2	1
322549.45639999915	0.28	1.0	1
323593.84749999916	0.37	0.8	1
324639.6443999992	0.32	0.9	1
325687.3137999992	0.29	1.2	1
326736.3889999992	0.34	0.9	1
327787.6477999992	0.24	1.4	1
328840.31239999924	0.35	0.9	1
329895.16059999925	0.27	1.4	1
330951.88129999925	0.27	1.2	1
332010.16339999926	0.33	1.0	1
333070.3179999993	0.33	1.2	1
334132.0339999993	0.37	1.0	1
335195.4668999993	0.31	1.1	1
336260.3055999993	0.35	0.9	1
337326.86119999934	0.31	1.1	1
338395.28929999936	0.25	1.2	1
339465.2787999994	0.33	1.0	1
340536.51849999937	0.34	0.8	1
341609.31959999935	0.34	1.0	1
342683.83759999933	0.31	1.1	1
343760.2280999993	0.34	1.2	1
344838.64659999934	0.29	1.3	1
345918.4708999993	0.4	0.9	1
347000.1676999993	0.28	1.2	1
348083.4258999993	0.32	1.0	1
349170.73429999925	0.2	2.6	1
350259.60409999924	0.33	1.0	1
351350.1907999992	0.3	1.1	1
352442.1832999992	0.32	0.9	1
353536.0482999992	0.31	1.2	1
354631.7857999992	0.28	1.2	1
355728.9290999992	0.42	0.9	1
356827.4781999992	0.35	0.9	1
357927.7441999992	0.32	1.1	1
359029.7270999992	0.3	1.1	1
360134.0490999992	0.26	1.5	1
361239.6212999992	0.35	0.8	1
362349.2436999992	0.16	2.6	1
363460.73859999917	0.25	1.2	1
364573.95039999916	0.3	1.1	1
365688.72359999915	0.32	1.0	1
366804.90259999916	0.33	0.9	1
367922.48739999917	0.39	0.9	1
369041.3223999992	0.36	0.8	1
370161.5631999992	0.33	0.9	1
371283.98759999924	0.32	1.4	1
372408.12889999925	0.3	1.1	1
373533.98709999927	0.32	1.1	1
374661.8732999993	0.3	1.3	1
375792.09859999927	0.26	1.5	1
376924.35189999925	0.27	1.3	1
378059.0998999993	0.26	1.6	1
379195.4092999993	0.33	1.0	1
380333.1244999993	0.37	0.9	1
381472.40109999926	0.31	1.0	1
382612.92789999925	0.37	0.8	1
383755.7937999992	0.3	1.5	1
384900.0654999992	0.32	0.9	1
386045.7429999992	0.32	0.9	1
387193.1373999992	0.29	1.1	1
388342.4042999992	0.32	1.2	1
389493.38809999917	0.32	1.1	1
390645.62209999916	0.37	0.8	1
391799.72859999916	0.3	1.2	1
392955.55199999915	0.3	1.1	1
394113.55899999914	0.26	1.4	1
395273.2828999991	0.3	1.1	1
396434.5681999991	0.34	1.0	1
397597.7259999991	0.32	1.2	1
398762.2895999991	0.37	0.9	1
399928.1033999991	0.41	0.8	1
401096.1007999991	0.25	1.4	1
402265.6595999991	0.32	1.0	1
403437.0908999991	0.29	1.2	1
404610.2390999991	0.29	1.1	1
405784.6374999991	0.38	0.8	1
406960.7527999991	0.28	1.1	1
408138.4294999991	0.33	1.0	1
409317.3563999991	0.41	0.8	1
410496.84469999914	0.3	1.0	1
411677.7387999991	0.31	0.9	1
412859.8830999991	0.36	0.8	1
414043.8998999991	0.27	1.2	1
415229.1668999991	0.34	0.8	1
416415.8396999991	0.33	0.9	1
417603.7626999991	0.27	0.8	1
418793.0914999991	0.32	0.9	1
419984.1371999991	0.27	1.1	1
421176.43309999915	0.32	0.8	1
422370.6014999992	0.26	1.2	1
423566.33129999915	0.35	1.0	1
424763.7779999991	0.29	1.1	1
425962.4748999991	0.37	0.8	1
427162.5775999991	0.36	0.9	1
428364.3971999991	0.31	1.1	1
429568.08929999906	0.31	1.2	1
430773.34279999905	0.27	1.0	1
431980.00209999905	0.32	0.9	1
433188.68939999904	0.27	1.3	1
434398.93809999904	0.33	1.0	1
435610.90369999903	0.31	1.1	1
436823.58619999903	0.28	1.1	1
438037.51889999904	0.37	0.8	1
439253.16849999904	0.3	1.1	1
440470.37949999905	0.27	1.0	1
441688.84069999907	0.35	0.8	1
442909.0187999991	0.3	1.1	1
444131.2248999991	0.28	1.3	1
445354.6811999991	0.35	0.8	1
446579.69889999914	0.29	1.0	1
447806.1223999991	0.36	0.9	1
449034.1072999991	0.28	1.0	1
450264.27579999913	0.28	1.4	1
451496.31679999916	0.24	1.2	1
452729.76359999913	0.32	0.9	1
453964.4605999991	0.37	0.8	1
455200.4077999991	0.33	0.8	1
456438.0718999991	0.32	1.1	1
457677.2973999991	0.31	1.0	1
458918.2397999991	0.31	1.1	1
460160.4323999991	0.35	0.8	1
461403.87519999914	0.32	0.8	1
462649.19049999915	0.29	1.2	1
463896.53379999916	0.27	1.3	1
465145.74959999917	0.31	1.2	1
466396.2155999992	0.38	0.8	1
467648.0873999992	0.36	0.9	1
468901.52059999923	0.33	1.0	1
470156.5151999992	0.34	1.0	1
471412.9155999992	0.35	0.9	1
472671.34399999917	0.26	1.3	1
473931.64489999914	0.24	1.2	1
475193.1959999991	0.32	0.8	1
476456.3084999991	0.33	1.0	1
477721.1378999991	0.28	1.1	1
478987.5286999991	0.32	1.0	1
480255.1696999991	0.36	0.8	1
481524.3720999991	0.31	1.0	1
482795.4469999991	0.3	1.2	1
484067.9276999991	0.34	0.9	1
485341.96979999915	0.35	1.0	1
486617.72879999917	0.33	1.1	1
