1.2808000000000002	0.34	0.9	1
4.2674	0.29	1.2	1
7.826500000000001	0.47	0.4	1
12.8081	0.33	1.0	1
19.3538	0.29	1.1	1
27.6053	0.28	1.2	1
37.5626	0.34	1.2	1
48.5174	0.41	0.7	1
61.036300000000004	0.3	1.1	1
73.986	0.55	0.3	1
88.64150000000001	0.27	1.2	1
105.00280000000001	0.31	1.2	1
123.0699	0.29	1.2	1
142.4178	0.34	0.9	1
163.0465	0.32	0.9	1
184.8143	0.35	0.8	1
207.8629	0.31	0.9	1
232.759	0.27	1.3	1
259.2192	0.31	1.1	1
287.1019	0.34	1.0	1
315.4154	0.5	0.3	1
345.293	0.29	1.1	1
376.73470000000003	0.3	1.1	1
408.60720000000003	0.54	0.3	1
441.76050000000004	0.33	0.9	1
476.0529	0.35	0.8	1
511.7678	0.33	1.0	1
549.0468000000001	0.31	1.1	1
588.0316	0.29	1.2	1
628.4389	0.29	1.0	1
669.5603	0.35	0.5	1
712.1042	0.37	1.0	1
755.9289	0.33	0.9	1
800.4677	0.42	0.5	1
846.2873000000001	0.34	0.9	1
892.9627	0.41	0.6	1
941.2022000000001	0.35	1.1	1
990.0142000000001	0.42	0.4	1
1039.9653	0.4	0.8	1
1090.6305	0.4	0.5	1
1142.8598	0.3	1.1	1
1196.2282	0.37	0.8	1
1251.4441	0.28	1.3	1
1308.3658	0.28	1.2	1
1366.71	0.28	1.0	1
1425.6267	0.46	0.4	1
1485.8242	0.33	0.9	1
1547.5858	0.3	1.1	1
1609.6365	0.69	0.2	1
1672.8263000000002	0.41	0.8	1
1738.2886	0.25	1.6	1
1804.3234	0.45	0.4	1
1870.9307	0.36	0.4	1
1939.2438	0.28	1.2	1
2008.271	0.35	0.5	1
2078.7207	0.35	1.0	1
2150.7345	0.28	1.1	1
2224.0291	0.36	0.9	1
2299.0295	0.24	1.2	1
2374.6024	0.5	0.4	1
2451.5978	0.24	1.0	1
2529.874	0.34	0.9	1
2609.4309999999996	0.32	0.9	1
2690.4104999999995	0.32	1.0	1
2772.1040999999996	0.56	0.5	1
2854.3701999999994	0.43	0.4	1
2938.0587999999993	0.34	1.0	1
3023.0281999999993	0.36	0.9	1
3108.7116999999994	0.38	0.5	1
3195.6759999999995	0.37	0.9	1
3283.9210999999996	0.35	0.9	1
3374.1552999999994	0.3	1.4	1
3465.8119999999994	0.33	1.0	1
3558.1827999999996	0.45	0.5	1
3652.4010999999996	0.28	1.3	1
3747.6168999999995	0.44	0.7	1
3844.1134999999995	0.36	0.9	1
3942.3158999999996	0.31	1.2	1
4041.2323999999994	0.53	0.5	1
4141.4297	0.31	0.9	1
4243.1911	0.3	1.1	1
4346.8	0.27	1.3	1
4451.264700000001	0.5	0.6	1
4556.4435	0.35	0.5	1
4663.611400000001	0.26	1.4	1
4771.776800000001	0.43	0.7	1
4881.081300000001	0.38	0.8	1
4991.6666000000005	0.37	0.9	1
5103.674400000001	0.31	1.0	1
5216.2547	0.65	0.4	1
5329.1241	0.62	0.2	1
5445.3993	0.2	2.4	1
5562.247	0.46	0.4	1
5680.2338	0.29	0.8	1
5799.9264	0.32	1.2	1
5921.0415	0.34	1.0	1
6043.437400000001	0.37	0.9	1
6167.397400000001	0.29	1.1	1
6293.0632000000005	0.29	1.2	1
6420.7181	0.26	1.4	1
6549.7955	0.3	1.0	1
6679.4454000000005	0.48	0.4	1
6809.9511	0.34	0.6	1
6942.0209	0.31	1.1	1
7075.3715	0.34	0.9	1
7210.0029	0.31	0.9	1
7345.7734	0.35	0.8	1
7483.3914	0.3	1.3	1
7623.423500000001	0.24	1.7	1
7765.444700000001	0.28	1.4	1
7909.171700000001	0.26	1.2	1
8054.6045	0.29	1.2	1
8200.6098	0.49	0.4	1
8347.6126	0.3	0.7	1
8496.1795	0.31	1.1	1
8646.8772	0.29	1.5	1
8798.005700000002	0.48	0.3	1
8950.2733	0.4	0.8	1
9102.9717	0.58	0.3	1
9256.8092	0.35	0.8	1
9412.210799999999	0.32	1.1	1
9568.893199999999	0.32	0.9	1
9727.281399999998	0.28	1.2	1
9887.233699999999	0.3	1.1	1
10048.7501	0.3	1.1	1
10212.114	0.3	1.3	1
10376.9004	0.33	1.0	1
10542.4009	0.39	0.5	1
10710.0322	0.25	1.5	1
10878.094299999999	0.56	0.3	1
11047.0122	0.46	0.6	1
11216.5026	0.38	0.4	1
11387.6988	0.31	1.2	1
11560.317500000001	0.28	1.0	1
11734.3587	0.32	1.0	1
11909.964	0.3	1.1	1
12086.9918	0.33	1.0	1
12265.0171	0.4	0.7	1
12444.889899999998	0.26	1.3	1
12626.468499999999	0.31	1.2	1
12808.619599999998	0.35	0.4	1
12992.759799999998	0.26	1.4	1
13178.322499999998	0.36	1.0	1
13365.732699999999	0.28	1.3	1
13554.706999999999	0.32	1.1	1
13745.103799999999	0.28	1.0	1
13936.923099999998	0.31	1.0	1
14132.289899999998	0.2	2.5	1
14328.937499999998	0.35	0.9	1
14526.865899999999	0.4	0.9	1
14726.6418	0.27	1.3	1
14928.1235	0.25	1.2	1
15130.886	0.33	0.9	1
15335.3543	0.32	1.2	1
15540.253400000001	0.5	0.3	1
15747.000000000002	0.31	1.3	1
15955.452400000002	0.29	1.2	1
16165.610600000002	0.3	1.2	1
16377.191300000002	0.36	1.0	1
16589.627800000002	0.34	0.6	1
16802.920100000003	0.3	0.6	1
17017.0682	0.32	0.6	1
17232.4971	0.3	0.9	1
17449.6318	0.28	1.2	1
17668.0473	0.33	0.9	1
17888.168599999997	0.3	1.2	1
18109.853999999996	0.3	1.1	1
18333.103499999997	0.3	1.1	1
18557.208799999997	0.39	0.6	1
18782.736599999997	0.32	1.0	1
19009.686899999997	0.3	1.0	1
19238.201299999997	0.32	1.1	1
19467.996499999997	0.33	0.9	1
19699.355799999998	0.28	1.1	1
19931.854199999998	0.4	0.8	1
20165.916699999998	0.3	1.1	1
20401.826699999998	0.28	1.3	1
20638.309199999996	0.4	0.4	1
20875.364199999996	0.45	0.4	1
21114.266699999996	0.25	1.3	1
21354.591699999997	0.32	1.0	1
21595.914199999996	0.43	0.7	1
21839.225799999997	0.27	1.4	1
22083.109899999996	0.52	0.4	1
22327.424799999997	0.47	0.3	1
22573.303799999998	0.29	1.1	1
22819.755299999997	0.47	0.4	1
23066.6376	0.43	0.3	1
23314.9424	0.33	1.0	1
23564.953	0.3	1.2	1
23816.669400000002	0.3	1.2	1
24069.666600000004	0.39	0.9	1
24324.227900000005	0.34	1.1	1
24580.211700000007	0.27	1.0	1
24837.90130000001	0.33	1.2	1
25099.28000000001	0.22	2.6	1
25360.94780000001	0.5	0.2	1
25624.463100000008	0.26	1.3	1
25888.97590000001	0.35	0.7	1
26153.919500000007	0.48	0.3	1
26420.99390000001	0.28	1.5	1
26692.18240000001	0.2	2.9	1
26964.79340000001	0.32	1.0	1
27237.83520000001	0.57	0.3	1
27511.73280000001	0.38	0.6	1
27786.34450000001	0.4	0.5	1
28062.37870000001	0.38	1.0	1
28338.98540000001	0.45	0.4	1
28616.87290000001	0.33	0.9	1
28895.04950000001	0.57	0.2	1
29174.648600000008	0.32	1.0	1
29455.811800000007	0.3	1.1	1
29738.539100000005	0.35	1.1	1
30021.697200000006	0.51	0.3	1
30305.711100000008	0.47	0.6	1
30590.580800000007	0.44	0.6	1
30876.306300000007	0.32	0.6	1
31164.587600000006	0.24	1.8	1
31453.433000000005	0.31	1.1	1
31742.992500000004	0.34	0.5	1
32033.832800000004	0.37	0.9	1
32325.387200000005	0.37	0.5	1
32618.505700000005	0.36	1.1	1
32912.19670000001	0.39	0.4	1
33207.73520000001	0.26	1.3	1
33505.12120000001	0.3	1.3	1
33803.78800000001	0.32	0.9	1
34103.87730000001	0.32	1.0	1
34405.53070000001	0.3	1.1	1
34708.32320000001	0.34	0.8	1
35012.39650000002	0.37	0.9	1
35317.18390000002	0.45	0.5	1
35623.535400000015	0.33	1.1	1
35932.15940000002	0.24	1.6	1
36242.63090000002	0.29	1.3	1
36554.80820000002	0.28	1.2	1
36868.266300000025	0.37	0.9	1
37183.00520000002	0.32	0.9	1
37499.874900000024	0.27	1.5	1
37817.88370000003	0.32	0.8	1
38137.173300000024	0.35	0.9	1
38456.89370000002	0.56	0.3	1
38776.90320000002	0.5	0.2	1
39098.76020000002	0.27	1.3	1
39422.18130000002	0.32	1.1	1
39747.16650000002	0.29	1.1	1
40073.99920000002	0.29	1.3	1
40401.97100000002	0.4	0.8	1
40730.656900000016	0.35	0.5	1
41059.773600000015	0.5	0.3	1
41389.462800000016	0.33	0.4	1
41719.44110000002	0.55	0.2	1
42050.98350000002	0.31	1.1	1
42383.948400000016	0.34	1.0	1
42718.335800000015	0.32	1.0	1
43054.004000000015	0.32	0.9	1
43391.23630000002	0.31	1.1	1
43729.891100000015	0.34	1.0	1
44069.82670000001	0.33	0.9	1
44410.759800000014	0.41	0.7	1
44752.97370000002	0.24	0.9	1
45096.751700000015	0.32	1.1	1
45441.102200000016	0.42	0.4	1
45785.88350000002	0.42	0.3	1
46132.51230000002	0.28	1.3	1
46480.280200000016	0.33	0.8	1
46829.470600000015	0.29	1.0	1
47180.083500000015	0.31	1.0	1
47531.977200000016	0.32	0.9	1
47885.57670000001	0.26	1.2	1
48240.45700000001	0.35	0.9	1
48597.32640000001	0.27	1.4	1
48958.02660000001	0.18	2.7	1
49320.290900000015	0.37	1.1	1
49683.69430000002	0.34	0.8	1
50047.386800000015	0.57	0.2	1
50411.79340000002	0.47	0.5	1
50777.48080000002	0.37	0.9	1
51144.87400000002	0.29	1.2	1
51512.83970000002	0.43	0.4	1
51882.08620000002	0.37	0.9	1
52252.89680000002	0.31	1.1	1
52625.129900000014	0.3	1.0	1
52998.78550000001	0.32	1.0	1
53373.72190000001	0.33	0.9	1
53749.08910000001	0.56	0.3	1
54126.02040000001	0.33	1.1	1
54503.52420000001	0.4	0.4	1
54882.308800000006	0.35	0.9	1
55262.374200000006	0.35	0.9	1
55643.862100000006	0.29	1.0	1
56026.3475	0.38	0.7	1
56410.2554	0.29	1.0	1
56794.5941	0.5	0.3	1
57180.0719	0.35	0.8	1
57566.830500000004	0.32	0.9	1
57955.1532	0.28	1.1	1
58345.3234	0.29	1.3	1
58736.9161	0.28	1.0	1
59129.931300000004	0.38	1.0	1
59523.944	0.41	0.7	1
59919.3792	0.31	1.0	1
60316.378500000006	0.33	1.1	1
60715.36690000001	0.26	1.4	1
61115.63610000001	0.32	0.9	1
61517.46940000001	0.3	1.1	1
61919.58350000001	0.36	0.9	1
62323.26170000001	0.31	1.1	1
62728.36240000001	0.31	1.0	1
63134.03560000001	0.46	0.4	1
63541.41460000001	0.29	1.2	1
63950.07440000001	0.36	0.9	1
64360.015000000014	0.37	0.9	1
64771.378100000016	0.29	1.0	1
65184.305300000015	0.28	1.1	1
65598.79660000002	0.32	1.1	1
66014.99370000002	0.25	1.2	1
66432.75490000001	0.27	1.1	1
66851.79690000002	0.31	0.9	1
67275.09470000002	0.14	3.0	1
67699.67330000001	0.38	0.9	1
68124.96600000001	0.29	0.5	1
68551.53950000001	0.32	0.9	1
68979.53550000001	0.33	1.0	1
69408.95400000001	0.34	1.0	1
69839.6533	0.37	0.9	1
70271.7751	0.32	1.0	1
70705.1777	0.31	0.9	1
71139.8611	0.36	0.9	1
71576.10859999999	0.3	1.1	1
72012.9286	0.38	0.4	1
72451.7377	0.27	1.4	1
72892.3943	0.3	1.3	1
73333.34	0.5	0.2	1
73775.5665	0.32	0.9	1
74219.0738	0.33	0.9	1
74663.7202	0.34	0.8	1
75109.9307	0.28	1.1	1
75557.42199999999	0.34	0.9	1
76006.47739999999	0.33	1.1	1
76456.95529999999	0.28	1.0	1
76909.13899999998	0.26	1.2	1
77362.60349999998	0.38	0.9	1
77817.77379999998	0.28	1.2	1
78274.36659999998	0.38	1.0	1
78732.09849999998	0.43	0.8	1
79191.39449999998	0.3	1.1	1
79652.39629999998	0.32	1.2	1
80114.82059999998	0.33	1.0	1
80578.66739999998	0.31	1.0	1
81043.08669999997	0.42	0.4	1
81509.07009999997	0.31	1.1	1
81976.05099999996	0.41	0.7	1
82443.60439999997	0.32	0.4	1
82912.29689999997	0.35	0.8	1
83382.55349999997	0.31	1.1	1
83854.09089999997	0.32	0.9	1
84326.90909999996	0.37	0.9	1
84801.00809999996	0.37	0.9	1
85275.96289999997	0.41	0.6	1
85752.48179999997	0.26	1.1	1
86230.70649999997	0.26	1.2	1
86709.36199999996	0.84	0.3	1
87192.13159999996	0.17	2.9	1
87678.73199999996	0.19	2.7	1
88166.89649999996	0.33	1.1	1
88655.63349999995	0.48	0.4	1
89145.79299999995	0.32	1.0	1
89637.37499999994	0.31	1.0	1
90131.08779999994	0.25	1.5	1
90625.79809999994	0.4	0.7	1
91121.08089999994	0.37	0.4	1
91617.92779999995	0.29	1.1	1
92116.19719999995	0.33	1.0	1
92615.60569999996	0.34	0.8	1
93116.29499999995	0.38	0.9	1
93617.27339999996	0.51	0.2	1
94119.67429999996	0.32	1.0	1
94623.49769999995	0.34	1.0	1
95128.60189999995	0.35	0.9	1
95635.27019999996	0.31	1.1	1
96143.50259999995	0.22	1.1	1
96653.01579999995	0.33	0.9	1
97163.80979999994	0.34	0.9	1
97676.02629999994	0.3	1.0	1
98189.38189999993	0.37	0.8	1
98704.30159999993	0.3	1.1	1
99220.64379999993	0.33	1.0	1
99738.55009999993	0.28	1.1	1
100257.73719999993	0.36	0.9	1
100778.63009999994	0.35	1.2	1
101300.66209999994	0.34	0.8	1
101823.69159999995	0.42	0.7	1
102348.28519999994	0.31	1.1	1
102874.58459999994	0.29	1.2	1
103402.30649999995	0.32	1.0	1
103931.30919999995	0.34	0.9	1
104461.73439999994	0.34	1.0	1
104993.01539999995	0.46	0.6	1
105525.57719999994	0.32	0.9	1
106059.84479999995	0.29	1.2	1
106595.53489999996	0.34	1.0	1
107131.93909999996	0.54	0.5	1
107669.48239999996	0.37	0.8	1
108208.73149999997	0.28	1.2	1
108749.54469999997	0.28	1.1	1
109291.21369999996	0.52	0.6	1
109833.88019999997	0.46	0.7	1
110378.11079999997	0.3	1.1	1
110923.90549999996	0.31	1.1	1
111471.12269999996	0.34	1.0	1
112020.04569999996	0.27	1.2	1
112569.96619999995	0.4	0.7	1
113121.45079999995	0.32	1.1	1
113674.49949999995	0.3	1.1	1
114228.97069999995	0.32	1.0	1
114784.86439999995	0.35	1.0	1
115342.32219999995	0.32	1.1	1
115903.46909999996	0.19	2.6	1
116465.47179999996	0.44	0.6	1
117028.61359999995	0.4	0.8	1
117593.31949999995	0.34	1.1	1
118159.30619999995	0.39	0.9	1
118726.99869999995	0.3	1.2	1
119295.97199999995	0.33	0.9	1
119866.36779999995	0.33	1.0	1
120438.46939999994	0.2	1.2	1
121011.71009999994	0.38	0.8	1
121585.09829999994	0.76	0.1	1
122160.75899999993	0.24	1.6	1
122737.55879999993	0.37	0.8	1
123315.78109999992	0.33	1.0	1
123895.28419999992	0.34	0.9	1
124476.06809999992	0.43	0.9	1
125058.13279999992	0.34	0.9	1
125641.61999999992	0.33	1.0	1
126225.53799999993	0.55	0.3	1
126811.30349999992	0.25	1.3	1
127398.63309999992	0.3	1.1	1
127987.52679999992	0.33	1.1	1
128577.84299999992	0.32	1.0	1
129169.58169999992	0.34	1.0	1
129762.45949999992	0.39	0.8	1
130356.61809999992	0.35	0.9	1
130951.20749999992	0.38	0.3	1
131547.36099999992	0.32	1.1	1
132145.3619999999	0.29	1.3	1
132745.0687999999	0.28	1.2	1
133346.05639999988	0.38	0.9	1
133948.6080999999	0.32	1.1	1
134552.8655999999	0.3	1.2	1
135158.8288999999	0.27	1.2	1
135765.36469999992	0.37	0.4	1
136372.33129999993	0.37	0.3	1
136980.86199999994	0.26	1.1	1
137590.67349999995	0.3	0.9	1
138202.61579999994	0.24	1.5	1
138816.40559999994	0.26	1.3	1
139432.04289999994	0.29	1.3	1
140049.38599999994	0.28	1.2	1
140668.43489999993	0.29	1.2	1
141289.04789999995	0.29	1.1	1
141911.22499999995	0.31	1.1	1
142534.68289999996	0.33	0.9	1
143159.56329999995	0.35	1.0	1
143786.14949999994	0.28	1.2	1
144413.87479999993	0.37	0.8	1
145043.44759999993	0.25	1.3	1
145673.59289999993	0.42	0.4	1
146305.30229999992	0.32	1.1	1
146938.0091999999	0.28	0.7	1
147572.13859999992	0.35	1.0	1
148206.69879999993	0.62	0.3	1
148845.08979999993	0.19	2.7	1
149484.61989999993	0.37	0.8	1
150125.85579999993	0.3	1.2	1
150768.23079999993	0.38	0.8	1
151411.74489999993	0.4	0.8	1
152056.53979999994	0.36	0.9	1
152703.18219999995	0.34	1.3	1
153351.38869999995	0.32	1.1	1
154001.15929999994	0.27	1.1	1
154652.77739999993	0.27	1.3	1
155305.95959999994	0.3	1.1	1
155960.84759999995	0.31	1.2	1
156617.72469999996	0.26	1.4	1
157275.74089999998	0.4	0.8	1
157935.32119999998	0.29	1.1	1
158596.32399999996	0.31	1.0	1
159258.46589999995	0.34	0.8	1
159921.74689999994	0.38	0.8	1
160586.59199999995	0.3	1.1	1
161253.14289999995	0.28	1.2	1
161920.12459999995	0.57	0.3	1
162588.24539999996	0.41	0.8	1
163257.64699999997	0.32	0.9	1
163927.76269999996	0.37	0.5	1
164599.44249999998	0.3	1.1	1
165272.2614	0.37	0.8	1
165946.7861	0.3	1.2	1
166622.8749	0.33	1.1	1
167300.3862	0.31	1.0	1
167979.4616	0.3	1.1	1
168660.2428	0.29	1.2	1
169341.4548	0.5	0.3	1
170023.9476	0.36	0.9	1
170707.7212	0.35	0.9	1
171392.9173	0.3	1.0	1
172079.6775	0.31	1.1	1
172767.57679999998	0.41	0.8	1
173457.32359999997	0.29	1.3	1
174148.20949999997	0.37	0.8	1
174840.09289999996	0.4	0.7	1
175533.25709999996	0.38	0.9	1
176227.56039999996	0.37	0.8	1
176922.71949999995	0.42	0.6	1
177619.30109999995	0.32	1.0	1
178317.02179999996	0.33	0.8	1
179016.30659999995	0.32	1.1	1
179716.73049999995	0.4	0.8	1
180418.57689999996	0.34	1.0	1
181124.82079999996	0.19	3.1	1
181832.77049999996	0.28	1.2	1
182542.14269999997	0.35	1.0	1
183253.07899999997	0.32	1.1	1
183965.15439999997	0.39	0.8	1
184678.79389999996	0.37	1.1	1
185393.99749999997	0.31	1.1	1
186110.76519999997	0.33	1.1	1
186828.81369999997	0.36	0.9	1
187548.28469999996	0.3	1.0	1
188268.89479999995	0.34	0.8	1
188991.21069999994	0.29	1.2	1
189713.95739999993	0.55	0.3	1
190438.26819999993	0.32	1.1	1
191164.42649999994	0.27	1.3	1
191892.14889999994	0.33	1.1	1
192621.29379999996	0.31	1.0	1
193351.01119999995	0.48	0.4	1
194081.30109999995	0.42	0.4	1
194812.73009999996	0.41	0.8	1
195544.73159999997	0.39	0.4	1
196278.01389999996	0.34	0.9	1
197012.29369999995	0.41	0.7	1
197747.99599999996	0.37	1.0	1
198485.12079999995	0.32	1.0	1
199223.80969999995	0.3	1.1	1
199962.78769999996	0.66	0.2	1
200703.04649999997	0.32	0.9	1
201444.58609999996	0.31	0.9	1
202188.25649999996	0.26	1.5	1
202932.35769999996	0.56	0.3	1
203677.31469999996	0.44	0.6	1
204423.41079999995	0.41	0.8	1
205170.64599999995	0.34	0.8	1
205920.01199999996	0.25	1.5	1
206671.08379999996	0.31	1.2	1
207423.57809999996	0.32	1.0	1
208177.35319999995	0.41	0.9	1
208932.55079999997	0.27	1.0	1
209689.31249999997	0.33	1.1	1
210446.64669999998	0.45	0.4	1
211205.40339999998	0.28	1.0	1
211965.29919999998	0.36	0.8	1
212725.62579999998	0.53	0.3	1
213487.37489999997	0.33	1.0	1
214250.40479999996	0.35	0.9	1
215014.85719999997	0.31	1.0	1
215779.74039999998	0.54	0.3	1
216546.3294	0.37	1.2	1
217314.34089999998	0.34	1.0	1
218083.7749	0.31	1.0	1
218854.63139999998	0.3	1.0	1
219626.48539999998	0.36	0.7	1
220399.62019999998	0.36	0.9	1
221173.75249999997	0.37	0.7	1
221948.59889999998	0.35	0.5	1
222724.86779999998	0.32	1.0	1
223502.5592	0.32	1.0	1
224282.6647	0.25	1.7	1
225063.626	0.54	0.6	1
225846.1514	0.38	1.1	1
226629.81590000002	0.4	0.8	1
227414.90290000002	0.33	1.0	1
228200.56240000002	0.38	0.4	1
228987.36100000003	0.38	0.8	1
229774.59040000004	0.53	0.3	1
230563.52560000005	0.28	1.2	1
231353.88330000004	0.31	1.0	1
232145.94680000003	0.28	1.2	1
232939.00780000002	0.29	0.7	1
233732.92460000003	0.5	0.6	1
234528.83050000004	0.27	1.4	1
235325.73390000005	0.4	0.7	1
236123.63480000006	0.45	0.7	1
236923.24150000006	0.31	1.2	1
237724.27070000005	0.3	1.0	1
238526.86400000006	0.31	1.1	1
239330.87980000005	0.33	1.0	1
240136.03470000005	0.39	0.8	1
240943.03710000005	0.29	1.3	1
241751.46200000006	0.32	1.0	1
242561.59270000007	0.29	1.2	1
243372.86250000008	0.39	0.8	1
244185.55480000007	0.3	1.0	1
244999.52790000007	0.34	0.9	1
245814.78180000008	0.27	0.9	1
246630.1832000001	0.68	0.1	1
247446.8654000001	0.35	0.9	1
248264.8284000001	0.39	0.9	1
249083.93050000007	0.4	0.8	1
249904.88010000007	0.28	1.3	1
250728.10220000008	0.26	1.6	1
251552.88840000008	0.3	1.1	1
252379.23870000007	0.32	1.1	1
253206.86980000007	0.35	0.9	1
254035.49840000007	0.42	0.7	1
254865.69110000008	0.34	1.1	1
255696.7396000001	0.43	0.6	1
256529.4939000001	0.25	1.2	1
257363.67070000008	0.3	1.0	1
258199.27000000008	0.31	1.0	1
259036.57510000007	0.28	1.2	1
259875.01930000007	0.35	0.8	1
260714.8860000001	0.34	1.0	1
261556.17520000009	0.31	1.0	1
262399.1702000001	0.28	1.2	1
263243.5877000001	0.29	1.0	1
264089.4277000001	0.36	1.0	1
264936.5485000001	0.36	0.9	1
265785.37510000006	0.28	1.2	1
266635.76580000005	0.32	1.1	1
267487.29560000007	0.41	0.8	1
268340.2479000001	0.33	1.0	1
269194.4810000001	0.33	0.9	1
270049.56990000006	0.31	0.6	1
270905.93960000004	0.35	0.9	1
271763.87340000004	0.3	1.1	1
272623.37130000006	0.31	1.1	1
273484.57500000007	0.29	1.2	1
274346.20950000006	0.6	0.3	1
275208.84150000004	0.44	0.7	1
276072.61260000005	0.38	0.8	1
276937.9478	0.34	1.1	1
277805.1305	0.29	1.3	1
278673.4523	0.34	0.8	1
279543.4799	0.26	1.2	1
280414.505	0.34	0.7	1
281287.5192	0.24	1.4	1
282161.81419999996	0.33	0.9	1
283037.38999999996	0.34	0.9	1
283914.52989999996	0.32	1.1	1
284793.6589	0.25	1.4	1
285674.0687	0.37	0.9	1
286555.7593	0.32	0.9	1
287438.589	0.37	0.8	1
288322.9828	0.29	1.1	1
289207.94909999997	0.43	0.4	1
290094.19619999995	0.35	0.9	1
290981.72409999993	0.35	0.9	1
291869.82449999993	0.37	0.4	1
292759.77239999996	0.31	1.3	1
293651.28439999995	0.32	1.1	1
294544.36049999995	0.35	1.1	1
295438.43409999995	0.45	0.7	1
296334.35519999993	0.31	1.3	1
297232.2653999999	0.29	1.4	1
298131.4563999999	0.34	0.9	1
299032.0698999999	0.29	1.0	1
299934.38919999986	0.3	1.2	1
300838.55599999987	0.31	1.3	1
301744.14529999986	0.3	1.0	1
302651.01539999986	0.41	0.9	1
303559.02459999983	0.44	0.8	1
304468.5978999998	0.33	1.1	1
305380.3019999998	0.26	1.5	1
306293.00359999976	0.41	0.7	1
307207.26929999975	0.27	1.1	1
308122.81579999975	0.39	0.9	1
309039.92639999976	0.29	1.1	1
309958.60109999974	0.32	1.1	1
310878.5565999997	0.34	0.9	1
311799.7928999997	0.37	0.9	1
312722.3099999997	0.34	0.9	1
313646.3911999997	0.31	1.1	1
314570.9031999997	0.5	0.3	1
315496.6959999997	0.32	0.9	1
316424.1945999997	0.3	1.2	1
317353.1156999997	0.34	1.0	1
318283.31759999966	0.32	0.9	1
319214.94199999963	0.39	1.0	1
320148.5554999996	0.27	1.4	1
321083.59149999963	0.3	1.0	1
322020.33329999965	0.29	1.2	1
322958.78089999966	0.28	1.2	1
323898.2259999997	0.48	0.7	1
324841.0768999997	0.21	2.4	1
325785.6335999997	0.28	1.2	1
326731.3293999997	0.38	0.8	1
327678.5892999997	0.31	1.1	1
328627.4132999997	0.3	1.1	1
329577.8013999997	0.29	1.1	1
330529.61199999973	0.35	1.0	1
331483.27009999973	0.27	1.3	1
332438.20899999974	0.33	0.9	1
333394.57039999973	0.35	1.0	1
334352.21259999974	0.36	0.9	1
335310.9938999997	0.39	0.8	1
336271.3392999997	0.31	1.1	1
337232.9654999997	0.37	0.9	1
338194.1641999997	0.4	0.4	1
339156.0769999997	0.32	0.5	1
340118.5622999997	0.36	0.4	1
341082.0450999997	0.34	0.7	1
342046.6669999997	0.31	0.8	1
343012.71139999974	0.28	1.0	1
343980.46159999975	0.27	1.2	1
344948.78429999977	0.42	0.4	1
345918.67109999974	0.28	1.1	1
346889.41369999974	0.46	0.6	1
347861.43709999975	0.34	0.9	1
348834.45799999975	0.35	0.7	1
349809.18469999975	0.3	1.2	1
350784.48389999976	0.4	0.4	1
351760.3555999998	0.47	0.4	1
352737.6497999998	0.33	1.0	1
353715.37479999976	0.4	0.3	1
354694.09729999973	0.4	0.7	1
355673.95889999974	0.38	0.8	1
356676.63459999976	0.79	16.1	1
357681.0160999998	0.3	1.2	1
358685.82839999977	0.49	0.3	1
359691.92149999976	0.34	0.9	1
360699.5786999998	0.29	1.1	1
361708.37499999977	0.35	0.8	1
362716.74379999976	0.45	0.4	1
363725.68509999977	0.38	0.4	1
364735.05719999975	0.5	0.3	1
365746.56009999977	0.27	1.5	1
366758.63549999974	0.45	0.4	1
367772.27499999973	0.33	1.1	1
368786.34529999975	0.58	0.3	1
369801.97969999973	0.27	1.1	1
370818.32819999976	0.39	0.5	1
371835.9574999997	0.34	0.9	1
372855.00929999974	0.31	1.0	1
373875.34189999977	0.27	0.9	1
374895.9635999998	0.44	0.2	1
375918.0077999998	0.36	1.0	1
376941.4744999998	0.3	1.0	1
377966.5052999998	0.34	1.1	1
378992.1085999998	0.36	0.4	1
380018.4259999998	0.46	0.5	1
381045.8824999998	0.35	0.8	1
382074.61979999975	0.37	0.9	1
383104.7795999998	0.31	1.0	1
384136.07849999977	0.37	0.8	1
385167.8081999998	0.62	0.3	1
386200.9603999998	0.31	1.0	1
387234.6850999998	0.42	0.4	1
388269.83229999983	0.33	1.0	1
389306.1185999998	0.33	0.8	1
390343.82739999983	0.34	1.0	1
391383.1002999998	0.32	1.1	1
392422.9456999998	0.38	0.4	1
393463.22189999983	0.5	0.3	1
394503.78719999985	0.37	0.2	1
395544.78329999984	0.54	0.3	1
396586.4934999998	0.33	0.5	1
397628.7761999998	0.41	0.4	1
398671.4896999998	0.51	0.3	1
399715.6256999998	0.3	1.0	1
400760.9007999998	0.33	0.8	1
401806.7483999998	0.43	0.4	1
402853.8767999998	0.36	0.9	1
403901.8609999998	0.33	0.6	1
404951.5509999998	0.29	1.2	1
406001.5300999998	0.63	0.2	1
407053.6399999998	0.26	1.5	1
