0.9037999999999999	0.48	0.3	1
2.7114	0.59	0.3	1
5.4228000000000005	0.73	0.3	1
9.038	0.51	0.3	1
13.557	0.55	0.3	1
18.9798	0.55	0.3	1
25.3064	0.5	0.3	1
32.5368	0.51	0.3	1
39.671	0.47	0.3	1
47.709	0.48	0.3	1
56.650800000000004	0.58	0.3	1
66.49640000000001	0.44	0.3	1
77.2458	0.55	0.3	1
88.899	0.5	0.3	1
101.456	0.47	0.3	1
114.6168	0.55	0.2	1
128.6814	0.49	0.3	1
143.6498	0.48	0.3	1
159.522	0.46	0.3	1
175.298	0.53	0.3	1
191.6778	0.52	0.2	1
208.9614	0.47	0.3	1
226.84879999999998	0.58	0.2	1
245.64	0.49	0.3	1
265.03499999999997	0.43	0.2	1
285.3338	0.45	0.3	1
305.5364	0.45	0.3	1
325.6428	0.48	0.3	1
346.653	0.53	0.3	1
368.567	0.53	0.3	1
391.3848	0.57	0.3	1
415.1064	0.44	0.3	1
