0.6038	0.59	0.2	1
1.8114	0.45	0.2	1
3.9228	0.59	0.3	1
6.938000000000001	0.53	0.3	1
10.857000000000001	0.53	0.3	1
15.6798	0.51	0.3	1
21.406399999999998	0.52	0.3	1
28.0368	0.44	0.3	1
35.571	0.48	0.3	1
43.708999999999996	0.64	0.2	1
52.7508	0.58	0.3	1
62.6964	0.5	0.3	1
72.5458	0.43	0.3	1
83.299	0.46	0.3	1
94.956	0.51	0.3	1
107.5168	0.5	0.3	1
120.98140000000001	0.46	0.3	1
135.34980000000002	0.55	0.3	1
150.622	0.51	0.3	1
166.798	0.54	0.3	1
183.5778	0.58	0.2	1
201.2614	0.49	0.3	1
218.8488	0.47	0.3	1
237.34	0.45	0.3	1
256.435	0.49	0.2	1
276.4338	0.51	0.3	1
297.3364	0.5	0.3	1
318.8428	0.62	0.2	1
340.95300000000003	0.54	0.2	1
363.96700000000004	0.51	0.3	1
386.88480000000004	0.51	0.3	1
410.70640000000003	0.48	0.3	1
434.4318	0.53	0.3	1
459.06100000000004	0.47	0.3	1
484.59400000000005	0.53	0.3	1
511.03080000000006	0.52	0.3	1
538.3714000000001	0.55	0.3	1
566.6158000000001	0.47	0.3	1
595.4640000000002	0.5	0.2	1
