3.0067	0.31	1.0	1
9.9201	0.27	1.3	1
17.7402	0.57	0.3	1
26.467	0.52	0.3	1
35.8005	0.62	0.2	1
46.0407	0.55	0.3	1
57.1876	0.48	0.3	1
68.94120000000001	0.59	0.2	1
81.3015	0.56	0.2	1
94.2685	0.57	0.2	1
107.8422	0.61	0.2	1
121.32260000000001	0.55	0.3	1
135.7097	0.55	0.3	1
151.0035	0.57	0.3	1
166.904	0.49	0.2	1
183.7112	0.42	0.3	1
201.4251	0.55	0.3	1
220.04569999999998	0.5	0.3	1
239.57299999999998	0.53	0.3	1
259.007	0.57	0.3	1
279.34770000000003	0.51	0.3	1
300.5951	0.55	0.3	1
322.7492	0.4	0.3	1
345.51	0.59	0.2	1
369.1775	0.59	0.3	1
393.7517	0.53	0.3	1
419.23260000000005	0.51	0.3	1
445.32020000000006	0.65	0.2	1
470.01450000000006	0.46	0.2	1
495.61550000000005	0.48	0.3	1
522.1232	0.47	0.3	1
549.5376	0.54	0.3	1
577.8587	0.59	0.3	1
