9.35	0.94	5.1	1
28.2333	0.89	5.2	1
56.2833	0.92	5.0	1
92.5833	0.99	4.5	1
137.3166	0.99	4.6	1
192.6832	0.91	5.8	1
259.0498	0.8	6.0	1
333.6664	0.99	4.5	1
416.2663	0.93	4.9	1
508.3995	0.88	5.2	1
610.2494	0.88	5.3	1
723.0993000000001	0.81	6.0	1
845.2992	0.92	5.1	1
976.8491	0.91	5.1	1
1118.4823000000001	0.86	5.5	1
1269.4655	0.97	5.1	1
1430.3487	0.88	5.4	1
1600.7652	0.89	5.2	1
1780.3484	0.89	5.0	1
1967.8149	0.98	4.3	1
2164.8147	0.9	5.2	1
2370.0645	0.99	4.5	1
2582.831	1.0	4.1	1
2806.7808	0.81	6.1	1
3039.7139	0.91	4.9	1
3282.547	0.86	5.4	1
3532.8968	0.99	4.1	1
3792.2299	0.94	4.9	1
4059.8129999999996	0.99	4.5	1
4336.5628	0.93	5.0	1
4622.2959	0.93	4.9	1
4916.0957	0.98	4.4	1
5220.1622	0.87	5.6	1
5533.762	0.88	5.2	1
5856.3451	0.95	4.9	1
6187.7282	0.95	4.8	1
6526.9946	0.98	4.3	1
6875.061	0.92	4.8	1
7231.377399999999	0.96	4.5	1
7597.227099999999	0.89	5.2	1
7972.160099999999	0.87	5.5	1
8355.343099999998	0.97	4.5	1
8746.409399999999	0.97	4.3	1
9146.8257	0.91	5.1	1
9556.042	0.95	4.8	1
9974.6083	0.89	5.1	1
10403.2579	0.87	5.5	1
10842.907500000001	0.8	6.0	1
11292.2738	0.9	5.3	1
11751.5401	0.83	5.4	1
12221.2564	0.84	5.7	1
12700.1394	0.9	5.0	1
13188.1891	0.91	5.0	1
13685.7721	0.89	5.2	1
14192.8884	0.88	5.2	1
14711.3714	0.76	6.2	1
15238.5711	0.89	5.3	1
