7.4725	0.93	4.8	1
23.1952	0.92	5.3	1
46.701499999999996	0.93	5.0	1
77.2136	0.97	4.5	1
114.7315	1.0	4.5	1
159.4108	0.98	4.6	1
211.7181	0.96	4.9	1
270.87559999999996	1.0	4.4	1
337.19449999999995	0.98	4.6	1
411.2969999999999	0.92	5.0	1
492.56089999999995	0.96	4.6	1
581.4527999999999	0.93	4.9	1
677.6615999999999	0.97	4.7	1
782.0539999999999	0.79	5.9	1
894.3854999999999	0.92	5.1	1
1015.5894999999998	0.83	5.7	1
1145.8214999999998	0.82	5.8	1
1284.3036999999997	0.9	5.3	1
1431.1916999999996	0.86	5.4	1
1585.5521999999996	0.94	4.8	1
1748.9406999999997	0.85	5.8	1
1921.8238999999996	0.81	6.1	1
2103.5795999999996	0.81	5.7	1
2294.9855	0.78	6.2	1
2495.1083	0.86	5.6	1
2703.1702	0.91	5.1	1
2918.549	0.89	4.7	1
3142.3336	0.88	5.4	1
3374.2129	0.87	5.2	1
3615.4313	0.81	6.0	1
3865.8333000000002	0.8	5.9	1
4123.7078	0.93	4.8	1
4389.9881000000005	0.85	5.4	1
4663.274200000001	0.97	4.5	1
4944.188300000001	0.91	4.9	1
5232.886	0.93	5.0	1
5530.3006000000005	0.86	5.6	1
5835.0321	0.92	4.7	1
6146.7694	0.98	4.5	1
6466.290300000001	0.93	5.0	1
6795.1503	0.8	6.0	1
7131.793900000001	0.91	5.0	1
7477.6211	0.82	5.9	1
7830.143	0.98	4.3	1
8190.2929	0.94	4.9	1
8557.1375	0.99	4.3	1
8930.9879	0.98	4.5	1
9313.0885	0.89	5.3	1
9704.2171	0.82	5.8	1
10102.6626	0.95	4.7	1
10510.1361	0.81	5.8	1
10925.5487	0.91	5.1	1
11348.7449	0.94	5.0	1
11778.8802	0.94	5.1	1
12217.4213	0.86	5.4	1
12664.3682	0.89	5.4	1
13118.632000000001	0.95	4.7	1
13581.146	0.89	5.3	1
14052.2214	0.88	5.5	1
14532.947	0.78	6.2	1
15020.5228	0.99	4.4	1
15514.9488	0.97	4.4	1
16018.7139	0.8	6.0	1
16531.0404	0.86	5.5	1
17054.106000000003	0.72	6.9	1
17584.488500000003	0.94	4.7	1
18123.365700000002	0.77	6.1	1
18670.6487	0.87	5.4	1
