6.8058	0.95	4.8	1
19.7091	0.99	4.3	1
38.9932	0.98	4.5	1
65.79140000000001	0.91	5.3	1
99.39540000000001	0.95	4.8	1
140.23020000000002	0.91	5.1	1
187.87080000000003	0.94	4.8	1
243.02550000000002	0.9	5.3	1
305.836	0.89	5.4	1
374.7356	0.92	5.0	1
451.0077	0.89	5.2	1
534.6523	0.87	5.2	1
626.5194	0.81	5.8	1
725.1923	0.93	4.8	1
831.5210000000001	0.87	5.4	1
944.0888000000001	1.0	4.4	1
1063.6041	0.94	4.9	1
1190.6335	0.87	5.3	1
1324.8936999999999	0.92	5.1	1
1465.6763999999998	0.96	4.6	1
1613.8315999999998	0.9	5.2	1
1769.0758999999998	0.91	5.0	1
1932.8259999999998	0.81	6.0	1
2103.9485999999997	0.9	5.2	1
2282.3019999999997	0.95	5.1	1
2467.1778999999997	0.96	4.6	1
2659.9928999999997	0.84	5.6	1
2860.747	0.84	5.6	1
3069.2985999999996	0.88	5.5	1
3284.9392999999995	0.92	5.0	1
3507.9524999999994	0.91	5.2	1
3739.1881999999996	0.85	5.8	1
3976.9464	0.95	4.6	1
4220.9437	0.99	4.4	1
4472.596799999999	0.89	5.4	1
4731.197399999999	0.92	4.9	1
4997.8787999999995	0.85	5.7	1
5271.365999999999	0.94	4.8	1
5551.092299999999	0.98	4.4	1
5837.766099999999	0.93	4.9	1
6131.812399999999	0.88	5.2	1
6433.514499999999	0.86	5.4	1
6742.730699999999	0.9	5.3	1
7059.319399999999	0.91	5.2	1
7383.563899999999	0.86	5.4	1
7714.755899999999	0.94	4.9	1
8052.470399999999	0.96	4.6	1
8396.990699999998	0.94	4.8	1
8748.883499999998	0.94	5.2	1
9107.723799999998	0.93	4.9	1
9473.369899999998	0.94	4.8	1
9845.963499999998	0.93	4.9	1
10225.646199999997	0.89	5.0	1
10612.417999999998	0.92	5.0	1
11004.428899999997	0.96	4.4	1
11405.653899999998	0.77	6.5	1
11814.817999999997	0.86	5.6	1
12231.212899999997	0.89	5.1	1
12653.846899999997	1.0	4.4	1
13083.569999999996	0.92	5.0	1
13520.382199999996	0.93	5.0	1
13964.850199999997	0.88	5.4	1
14415.415699999998	1.0	4.3	1
14874.486999999997	0.8	6.0	1
15340.364099999997	0.93	4.8	1
15813.471999999998	0.9	5.1	1
16293.243999999999	0.95	4.7	1
16780.105099999997	0.91	5.0	1
17274.621999999996	0.86	5.4	1
17777.644699999997	0.81	6.0	1
18287.473199999997	0.95	4.8	1
18805.524199999996	0.81	5.8	1
