6.8058000000000005	0.91	5.1	1
19.6174	0.99	4.5	1
38.301500000000004	0.99	4.4	1
63.5247	0.95	4.9	1
95.0204	0.96	4.7	1
132.9219	0.93	4.8	1
177.2292	0.96	4.8	1
228.07559999999998	0.97	4.9	1
285.5945	0.91	5.0	1
349.3859	0.98	4.7	1
419.7164	0.93	4.9	1
496.8527	0.93	5.1	1
579.7948	0.9	5.1	1
671.676	0.76	6.7	1
770.0963	0.92	4.9	1
875.5891	0.89	5.3	1
988.2877000000001	0.86	5.4	1
1107.2588	0.96	4.7	1
1233.569	0.87	5.5	1
1366.8183	0.89	5.2	1
1505.9400999999998	0.98	4.4	1
1651.6009999999999	0.92	4.9	1
1804.0676999999998	0.9	5.1	1
1964.1401999999998	0.84	5.7	1
2130.8851999999997	0.92	5.0	1
2304.3026999999997	0.89	5.0	1
2484.926	0.88	5.4	1
2673.0218	0.86	5.6	1
2868.7234	0.84	5.7	1
3070.9640999999997	0.95	4.9	1
3279.2106	0.95	4.5	1
3494.5296	0.88	5.3	1
3716.2544	0.95	4.8	1
3945.585	0.89	5.7	1
4180.9214	0.94	4.5	1
4422.1303	0.96	4.4	1
4669.878299999999	0.93	4.9	1
4924.432099999999	0.91	5.1	1
5185.791699999999	0.91	5.1	1
5453.957099999999	0.93	5.1	1
5729.994999999999	0.8	5.9	1
6012.838699999999	0.91	5.1	1
6301.9549	0.97	4.7	1
6598.143599999999	0.87	5.3	1
6900.071399999999	1.0	4.3	1
7209.3382999999985	0.86	5.5	1
7525.277699999999	0.95	5.0	1
7847.756199999999	0.93	4.9	1
8175.240499999999	0.96	4.5	1
8509.530599999998	0.9	5.1	1
8851.826499999997	0.82	6.0	1
9202.394899999998	0.76	6.2	1
9560.169099999997	0.87	5.4	1
9926.482399999997	0.77	6.4	1
10299.468199999998	0.91	5.0	1
10679.126499999997	0.92	5.0	1
11064.790599999997	0.94	4.5	1
11457.927199999996	0.85	5.6	1
11857.602899999996	0.96	4.9	1
12264.351099999996	0.89	5.3	1
12677.505099999997	0.95	4.8	1
13097.331599999996	0.91	5.0	1
13523.430599999996	0.95	4.7	1
13956.335399999996	0.92	5.1	1
14396.445999999996	0.87	5.4	1
14841.962399999997	0.94	4.8	1
