6.5391	0.93	4.9	1
19.884	0.92	5.1	1
39.768	0.97	4.9	1
66.3245	0.91	5.0	1
99.5535	0.94	5.0	1
140.3883	0.86	5.7	1
189.0956	0.85	5.9	1
244.6087	0.92	5.1	1
307.0609	0.92	5.2	1
376.0522	0.96	4.9	1
450.91600000000005	0.98	4.4	1
532.5856000000001	0.9	5.1	1
620.3943000000002	0.96	4.6	1
715.1421000000001	0.91	5.2	1
815.8957000000001	0.97	4.5	1
922.1884000000001	0.92	4.9	1
1035.4202	0.93	5.2	1
1155.7245	0.87	5.3	1
1283.3679	0.87	5.5	1
1418.2171	0.87	5.4	1
1559.2054	0.97	4.6	1
1707.9328	0.82	5.8	1
1863.466	0.92	5.1	1
2025.9382999999998	0.88	5.2	1
2195.4831	0.89	5.3	1
2371.967	0.9	5.2	1
2554.59	0.96	4.6	1
2744.0188000000003	0.92	5.1	1
2939.9867000000004	0.92	4.9	1
3142.0937000000004	0.98	4.6	1
3351.5398000000005	0.85	5.5	1
3568.1917000000003	0.89	5.4	1
3790.7161000000006	0.99	4.4	1
4020.7130000000006	0.84	5.6	1
4258.315700000001	0.87	5.7	1
4502.990900000001	0.9	5.3	1
4754.738600000001	0.9	5.3	1
5012.892100000001	0.92	4.8	1
5277.3847000000005	0.86	5.5	1
5548.0164	0.97	4.6	1
5825.053900000001	0.95	4.8	1
6109.030500000001	0.89	5.2	1
6399.546200000001	0.92	4.9	1
6696.334400000001	0.97	4.7	1
6999.261700000001	0.97	4.6	1
7309.128100000001	0.93	5.2	1
7626.067000000001	0.88	5.3	1
7950.211700000001	0.87	5.4	1
8280.4955	0.98	4.6	1
8617.985100000002	0.88	5.4	1
8961.213800000001	0.99	4.3	1
9310.448300000002	0.98	4.5	1
9667.421900000001	0.83	5.8	1
10031.868	0.82	5.6	1
10403.253200000001	0.9	5.2	1
10780.3775	1.0	4.3	1
11164.7076	0.87	5.4	1
