3.575	0.36	2.2	1
10.8875	0.35	2.3	1
21.45	0.4	2.0	1
35.1	0.41	1.9	1
51.675000000000004	0.41	1.8	1
71.17500000000001	0.43	1.8	1
93.76250000000002	0.42	1.9	1
119.92500000000001	0.37	2.2	1
149.66250000000002	0.36	2.2	1
182.81250000000003	0.36	2.1	1
219.53750000000002	0.36	2.2	1
259.1875	0.43	1.8	1
302.0875	0.39	2.0	1
348.075	0.41	1.9	1
397.15	0.39	1.9	1
449.6375	0.37	2.1	1
506.1875	0.32	2.5	1
565.825	0.4	1.9	1
629.0375	0.35	2.2	1
695.3375	0.39	1.9	1
764.5625	0.43	1.8	1
836.55	0.45	1.7	1
911.625	0.43	1.9	1
990.1125	0.35	2.1	1
1071.85	0.39	2.0	1
1156.5124999999998	0.42	1.8	1
1242.6374999999998	0.47	0.9	1
1332.1749999999997	0.36	2.1	1
1424.9624999999996	0.39	2.0	1
1520.8374999999996	0.41	1.9	1
1617.4999999999995	0.4	1.1	1
1715.9499999999996	0.43	1.1	1
1816.0249999999996	0.43	1.0	1
1917.5624999999995	0.47	0.9	1
2022.1874999999995	0.42	1.9	1
2130.5499999999997	0.35	2.3	1
2241.6749999999997	0.42	1.7	1
2354.2625	0.49	0.9	1
2470.1	0.39	2.0	1
2587.8875	0.38	1.2	1
2708.4375	0.44	1.7	1
2830.45	0.48	0.9	1
2956.0375	0.36	2.2	1
3084.225	0.3	1.6	1
3215.3375	0.44	1.8	1
3348.0750000000003	0.44	1.0	1
3484.2250000000004	0.37	2.1	1
3622.0000000000005	0.45	1.0	1
3761.8875000000003	0.33	1.3	1
3904.5375000000004	0.45	1.7	1
4048.8125000000005	0.41	1.0	1
4196.337500000001	0.38	2.0	1
4345.325000000001	0.47	0.9	1
4497.237500000001	0.43	1.8	1
4650.450000000001	0.48	0.8	1
4805.125000000001	0.45	0.9	1
4963.050000000001	0.38	2.0	1
5122.437500000001	0.48	0.9	1
5285.075000000001	0.38	2.0	1
5451.125000000001	0.37	2.1	1
5618.962500000001	0.39	1.1	1
5790.8625	0.32	2.5	1
5964.3875	0.44	1.0	1
6141.162499999999	0.38	2.0	1
6321.025	0.37	1.9	1
6502.5125	0.44	1.0	1
6686.7625	0.45	1.7	1
6872.9625	0.35	1.2	1
7062.737499999999	0.99	2.2	1
7254.137499999999	0.43	1.0	1
7447.1624999999985	0.44	1.0	1
7641.812499999998	0.44	1.0	1
7838.087499999998	0.42	1.0	1
8035.987499999997	0.45	1.0	1
8235.349999999997	0.46	0.9	1
8436.174999999997	0.48	0.9	1
8638.462499999998	0.48	0.9	1
8843.674999999997	0.43	1.8	1
9050.674999999997	0.38	1.1	1
9259.462499999998	0.42	1.1	1
9471.499999999998	0.4	2.0	1
9686.924999999997	0.3	2.7	1
