2.2725	0.46	1.6	1
6.9591	0.44	1.7	1
14.059800000000001	0.44	1.7	1
23.858	0.41	1.9	1
36.7787	0.34	2.2	1
51.121900000000004	0.43	1.0	1
67.0292	0.42	1.1	1
85.634	0.4	1.9	1
107.3613	0.37	2.2	1
131.6444	0.43	1.8	1
158.76659999999998	0.37	2.0	1
188.5863	0.4	1.9	1
221.24509999999998	0.39	2.0	1
256.743	0.38	2.0	1
294.7967	0.41	1.8	1
335.6895	0.39	2.0	1
379.70480000000003	0.37	2.2	1
425.00090000000006	0.46	0.9	1
473.27780000000007	0.37	2.1	1
524.2522	0.41	1.9	1
577.7824	0.42	1.8	1
634.0101000000001	0.4	1.9	1
693.0769	0.4	2.0	1
753.2828000000001	0.55	0.8	1
816.0445000000001	0.43	1.8	1
881.787	0.38	2.1	1
950.5103	0.4	2.1	1
1021.7894	0.41	1.8	1
1095.9076	0.39	2.0	1
1171.4483	0.41	1.0	1
1249.6865	0.42	1.9	1
1333.0305	0.21	3.6	1
1417.797	0.42	1.0	1
1505.4026	0.37	2.0	1
1594.5722999999998	0.41	1.1	1
1686.4394999999997	0.41	1.9	1
1783.6957999999997	0.2	3.8	1
1883.3661999999997	0.44	1.7	1
1985.7340999999997	0.41	1.9	1
2089.5244999999995	0.42	1.0	1
2196.1539999999995	0.39	2.0	1
2305.7642999999994	0.35	2.1	1
2416.0803999999994	0.37	1.2	1
2529.2355999999995	0.4	2.0	1
2643.9548999999997	0.38	1.1	1
2761.7967	0.36	2.2	1
2880.9193	0.5	0.9	1
3001.4644	0.44	1.0	1
3123.2902999999997	0.46	0.9	1
3246.5386999999996	0.4	1.0	1
3371.0678999999996	0.47	0.9	1
3497.1611999999996	0.38	1.1	1
3624.8185999999996	0.4	1.1	1
3754.4650999999994	0.33	1.4	1
3887.0923999999995	0.4	2.1	1
4021.2837999999997	0.38	1.1	1
4156.8976999999995	0.45	1.0	1
4295.3507	0.41	2.0	1
4435.2262	0.42	1.0	1
4578.2242	0.94	2.2	1
4722.6447	0.44	1.0	1
4868.346	0.48	0.9	1
5015.6114	0.39	1.1	1
5164.4409	0.4	1.1	1
5316.3929	0.37	2.2	1
5470.6174	0.28	1.6	1
5626.1227	0.47	0.9	1
5784.0421	0.44	1.7	1
5947.9173	0.11	4.2	1
6114.49	0.41	1.9	1
6283.9018	0.39	2.0	1
6454.4527	0.49	0.8	1
6626.4261	0.44	1.0	1
6799.6803	0.48	0.9	1
6975.9153	0.36	2.1	1
7153.4311	0.45	0.9	1
7332.5109999999995	0.41	1.1	1
7513.0134	0.42	1.0	1
7695.0799	0.42	1.1	1
7879.5605	0.43	1.7	1
8065.463599999999	0.46	1.0	1
8254.3475	0.37	2.1	1
8444.6539	0.44	1.0	1
8636.524399999998	0.4	1.1	1
8830.525699999998	0.31	1.5	1
9025.949499999999	0.42	1.0	1
9220.479099999999	0.79	3.6	1
