2.9391	0.35	2.2	1
8.283999999999999	0.42	1.8	1
16.0347	0.42	1.8	1
26.3245	0.4	1.9	1
38.7534	0.48	1.6	1
53.5881	0.42	1.8	1
70.6953	0.45	1.7	1
90.3416	0.41	1.9	1
112.92699999999999	0.36	2.2	1
142.7182	0.14	5.4	1
175.18189999999998	0.39	2.0	1
210.98469999999998	0.31	2.5	1
249.32659999999998	0.41	1.9	1
290.741	0.35	2.3	1
335.3612	0.32	2.4	1
383.0539	0.35	2.3	1
433.55240000000003	0.39	2.1	1
486.99	0.36	2.2	1
543.3667	0.34	2.2	1
602.4159000000001	0.4	2.0	1
664.0042000000001	0.41	1.9	1
728.1316	0.43	1.9	1
793.7315000000001	0.4	1.1	1
860.8039000000001	0.41	1.1	1
930.6821000000001	0.37	2.1	1
1002.9661000000001	0.44	1.8	1
1078.1892	0.37	2.2	1
1154.6181000000001	0.46	0.9	1
1233.4528	0.42	1.8	1
1314.56	0.44	1.7	1
1397.1397	0.41	1.1	1
1482.1252	0.43	1.8	1
1569.3832	0.46	1.7	1
1659.447	0.37	2.1	1
1752.0499	0.39	1.9	1
1848.0586	0.24	3.3	1
1945.4064	0.39	1.0	1
2046.0933	0.34	2.5	1
2148.5193	0.35	1.3	1
2252.4177999999997	0.42	1.1	1
2358.8554	0.4	1.9	1
2467.8321	0.42	1.9	1
2578.0146	0.43	0.9	1
2689.9362	0.33	1.3	1
2803.3303	0.44	1.1	1
2918.1969	0.38	1.1	1
3034.4026	0.43	1.0	1
3152.0807999999997	0.39	1.1	1
3271.0980999999997	0.42	1.0	1
3395.4545	0.11	4.0	1
3522.2167	0.4	1.8	1
3650.1847	0.46	0.9	1
3780.5584999999996	0.42	1.8	1
3912.4048	0.39	1.1	1
4045.7236	0.41	1.1	1
4180.3814999999995	0.45	1.0	1
4317.5785	0.4	1.9	1
4456.1146	0.44	1.0	1
4595.9898	0.43	1.0	1
4737.870800000001	0.3	1.5	1
4881.090900000001	0.45	1.0	1
5025.516800000001	0.46	0.9	1
5171.148500000001	0.47	0.9	1
5319.452700000001	0.38	2.0	1
5468.8294000000005	0.49	0.8	1
5619.5452000000005	0.44	1.0	1
5773.600100000001	0.32	2.5	1
5928.994100000001	0.42	1.0	1
6085.860600000001	0.4	1.1	1
6244.066200000001	0.45	1.0	1
6405.477600000001	0.31	2.4	1
6568.094800000001	0.49	0.9	1
