4.0333000000000006	0.9	2.2	1
12.833300000000001	0.92	2.6	1
25.85	0.95	2.3	1
43.0834	0.92	2.3	1
64.5335	0.91	2.3	1
90.75030000000001	0.96	2.6	1
121.1838	0.94	2.3	1
156.934	0.99	2.9	1
196.7175	0.91	2.2	1
240.1677	0.91	2.0	1
288.2012	0.85	2.5	1
341.0014	0.88	2.6	1
398.56829999999997	0.9	2.6	1
459.80189999999993	0.94	2.0	1
525.4354999999999	0.93	2.4	1
596.7524	0.88	3.1	1
673.386	0.92	2.9	1
754.9696	0.93	2.7	1
841.8699	0.9	2.9	1
932.9869	0.94	2.3	1
1028.5039	0.92	2.4	1
1127.6876	1.0	2.0	1
1231.4546	0.88	2.5	1
1340.7216	0.92	3.0	1
1454.2053	0.89	2.3	1
1573.0057000000002	0.89	2.9	1
1696.5728000000001	0.87	2.6	1
1823.9899	0.96	2.1	1
1955.807	0.87	2.4	1
2091.4741	0.99	2.1	1
2232.0912	0.9	2.7	1
2377.1083	0.95	2.4	1
2526.5254	0.88	2.4	1
2680.5258	0.9	2.5	1
2840.2095	0.81	3.1	1
3004.4764999999998	0.92	2.5	1
3173.1434999999997	0.93	2.4	1
3346.2104999999997	0.96	2.4	1
3530.2774999999997	0.58	6.0	1
3719.1112	0.86	2.6	1
3913.0782	0.91	2.8	1
4111.0785	0.94	2.2	1
4314.2121	0.93	2.8	1
4521.929	1.0	2.5	1
4734.0459	0.9	2.4	1
4951.2961000000005	0.87	2.8	1
5172.579600000001	0.92	2.2	1
5397.713100000001	0.95	2.1	1
5629.079900000001	0.91	3.4	1
5865.3967	0.87	2.7	1
6111.430200000001	0.89	5.3	1
6369.0137	0.4	6.3	1
6631.3639	0.93	2.6	1
6898.6641	0.88	2.7	1
7171.6476	0.89	3.1	1
7449.0311	0.88	2.4	1
7729.6313	0.88	2.3	1
8014.4482	0.87	2.3	1
8304.5818	0.89	2.9	1
8605.5321	0.4	5.9	1
8910.8824	0.92	2.4	1
9226.866	0.41	5.8	1
9547.6163	0.9	2.6	1
9872.9499	0.88	2.5	1
10203.7835	0.89	3.0	1
10539.933799999999	0.96	2.9	1
10887.450799999999	0.4	6.2	1
11239.1845	0.93	2.3	1
11594.9515	0.96	2.2	1
11955.6685	0.89	2.7	1
12321.8855	0.81	3.0	1
12693.0525	0.9	2.7	1
13068.4362	0.92	2.3	1
13449.1366	0.86	2.9	1
13834.237	1.0	2.4	1
14223.920699999999	0.92	2.5	1
14618.737699999998	0.84	2.8	1
15018.687999999998	0.93	2.8	1
15424.321599999997	0.93	3.1	1
15841.138499999997	0.94	6.1	1
16262.538699999997	0.94	2.5	1
16688.522199999996	0.91	2.5	1
17118.538999999997	0.92	2.2	1
17553.139099999997	0.89	2.5	1
17994.522499999995	0.9	3.7	1
18440.122599999995	0.94	2.3	1
18890.305999999997	0.92	2.5	1
19344.889399999996	0.85	2.4	1
19803.872799999997	0.93	2.4	1
20267.8062	0.89	2.7	1
20740.7229	0.91	4.9	1
21217.3063	1.0	2.0	1
21704.1564	0.86	5.6	1
22195.4065	0.89	2.4	1
22697.656600000002	0.57	6.0	1
23212.5567	0.92	6.9	1
23732.040100000002	0.96	2.5	1
24255.9235	0.92	2.4	1
24783.2902	0.98	1.9	1
25322.2069	0.65	6.3	1
25864.423600000002	0.99	1.8	1
26410.857000000004	0.96	2.3	1
26961.873700000004	0.88	2.5	1
27516.373700000004	0.97	1.9	1
28076.007000000005	0.88	2.8	1
28647.190300000006	0.67	6.3	1
29223.690300000006	0.88	2.9	1
29803.857000000007	0.93	2.0	1
30388.240400000006	0.93	2.3	1
30977.023800000006	0.95	2.4	1
31570.573900000007	0.89	2.6	1
32168.890700000007	0.88	2.6	1
