3.575	0.91	2.2	1
10.8875	0.91	2.3	1
21.45	0.99	2.0	1
35.9125	0.9	2.4	1
54.1125	0.95	2.3	1
75.725	0.99	2.1	1
100.9125	0.93	2.2	1
130.8125	0.88	2.9	1
165.5875	0.95	3.0	1
204.9125	0.89	2.8	1
247.975	0.93	2.3	1
295.5875	0.81	2.8	1
347.91249999999997	0.86	2.9	1
404.1375	0.91	2.4	1
464.425	0.89	2.5	1
528.2875	0.91	2.2	1
596.375	0.91	2.6	1
668.2	0.93	2.3	1
743.9250000000001	0.93	2.4	1
823.225	0.93	2.2	1
906.75	0.93	2.6	1
995.9625	0.92	3.5	1
1090.5375	0.91	3.3	1
1189.3374999999999	0.89	2.6	1
1291.8749999999998	0.89	2.3	1
1398.4749999999997	0.9	2.5	1
1508.8124999999998	0.92	2.3	1
1622.8874999999998	0.95	2.3	1
1741.0249999999999	0.91	2.5	1
1863.55	0.88	2.7	1
1992.25	0.89	3.8	1
2125.0125	0.92	2.5	1
2261.5125	0.9	2.3	1
2402.075	0.86	2.5	1
2547.0249999999996	0.9	2.7	1
2696.2	0.89	2.6	1
2849.4375	0.85	2.5	1
3005.925	0.95	2.0	1
3166.3125	0.99	2.4	1
3331.25	0.92	2.8	1
3499.7625	0.97	2.2	1
3671.85	0.96	2.2	1
3847.5125	0.92	2.2	1
4026.9125	0.92	2.3	1
4209.725	0.9	2.1	1
4396.1125	0.93	2.2	1
4585.75	1.0	2.0	1
4779.125	0.95	2.3	1
4975.75	0.93	2.0	1
5177.575	0.96	3.2	1
5383.3	0.94	2.4	1
5592.4375	0.94	2.1	1
5805.475	0.9	2.4	1
6022.4125	0.92	2.4	1
6242.087500000001	0.89	2.3	1
6466.8	0.97	3.1	1
6697.0375	0.86	3.4	1
6930.6875	0.93	2.1	1
7168.2375	0.99	2.4	1
7409.3625	0.93	2.2	1
7654.3875	0.88	2.4	1
7903.6375	0.86	2.6	1
8157.1125	0.86	2.6	1
8415.7875	0.86	3.2	1
8678.525	0.94	2.5	1
8945.0	0.92	2.3	1
9215.375	0.92	2.4	1
9489.65	0.93	2.4	1
9767.9875	0.9	2.5	1
10050.875	0.91	2.8	1
10338.3125	0.89	2.8	1
10630.3	0.88	2.8	1
10926.349999999999	0.91	2.5	1
11225.649999999998	0.98	2.0	1
11530.312499999998	1.0	3.3	1
11838.712499999998	0.89	2.3	1
12150.849999999999	0.9	2.3	1
12466.562499999998	0.93	2.2	1
12786.012499999999	0.92	2.3	1
13108.874999999998	0.96	2.1	1
13435.637499999999	0.86	2.4	1
13766.4625	0.91	2.5	1
14102.65	0.87	3.3	1
14442.9	0.87	2.5	1
14787.05	0.93	2.4	1
15136.5625	0.9	3.3	1
15490.95	0.95	3.0	1
15849.400000000001	0.92	2.5	1
16211.750000000002	0.89	2.4	1
16578.162500000002	0.9	2.5	1
16948.800000000003	0.92	2.6	1
17322.525	0.97	1.9	1
17699.987500000003	0.88	2.3	1
18082.000000000004	0.7	2.8	1
18469.375000000004	1.0	3.3	1
18860.975000000002	0.87	2.6	1
19256.475000000002	0.92	2.4	1
19655.875000000004	0.87	2.4	1
20059.825000000004	0.97	2.8	1
20468.000000000004	0.95	2.6	1
20880.400000000005	0.87	2.6	1
21296.537500000006	0.91	2.3	1
21716.737500000007	0.89	2.5	1
22140.512500000008	0.91	2.2	1
22568.187500000007	0.9	2.4	1
23000.90000000001	0.93	3.1	1
23438.16250000001	0.91	2.8	1
23880.30000000001	0.89	3.0	1
24327.15000000001	0.78	2.9	1
24777.90000000001	0.83	2.4	1
25232.55000000001	0.9	2.4	1
25690.93750000001	0.92	2.3	1
26154.20000000001	0.98	3.0	1
26621.037500000013	0.92	2.2	1
27091.287500000013	1.0	2.1	1
