3.428	0.94	2.2	1
10.128499999999999	0.95	2.1	1
21.5015	0.86	3.0	1
35.9914	0.99	2.0	1
54.2204	0.93	2.4	1
76.033	0.9	2.3	1
101.2736	0.96	2.2	1
129.6311	0.94	2.0	1
161.41660000000002	0.91	2.2	1
198.1857	0.93	3.2	1
238.69389999999999	0.9	2.4	1
284.0301	0.93	3.1	1
333.4165	0.82	2.6	1
386.69759999999997	0.91	2.5	1
443.0956	0.98	2.0	1
503.2327	0.93	2.4	1
567.1089000000001	0.93	2.4	1
635.1909	0.91	2.7	1
707.4787	0.91	2.7	1
783.1945000000001	0.96	2.2	1
862.1828	0.98	2.1	1
945.5325	0.87	2.8	1
1032.3102000000001	0.92	2.2	1
1122.2048000000002	0.95	2.0	1
1216.9274000000003	0.93	3.1	1
1316.3225000000002	0.86	3.0	1
1419.6123000000002	0.9	2.5	1
1527.4190000000003	0.9	2.9	1
1639.2759000000003	0.94	2.6	1
1754.4053000000004	0.97	2.1	1
1872.8072000000004	0.89	2.1	1
1995.1038000000003	0.9	2.5	1
2120.8284000000003	0.87	2.2	1
2249.981	0.95	2.2	1
2383.1838000000002	0.84	2.6	1
2519.6591000000003	0.92	2.1	1
2660.9624000000003	0.88	3.1	1
2806.3159000000005	0.91	2.6	1
2955.7196000000004	0.89	2.6	1
3110.8847000000005	0.87	3.7	1
3271.8112000000006	0.94	3.7	1
3436.3213000000005	0.87	2.3	1
3603.9483000000005	0.93	2.0	1
3775.9367000000007	0.8	2.8	1
3951.9753000000005	0.87	2.6	1
4131.908600000001	0.91	2.5	1
4315.4255	0.92	2.3	1
4503.7704	0.93	3.1	1
4696.7878	0.91	3.0	1
4893.011	0.97	2.7	1
5092.662200000001	0.92	2.2	1
5297.7636	0.87	3.5	1
5505.981900000001	0.93	2.0	1
5720.894900000001	0.93	4.3	1
5939.702600000001	0.91	2.5	1
6161.938300000002	0.91	2.2	1
6387.602000000002	0.95	2.2	1
6617.938200000001	0.84	3.0	1
6851.858000000001	0.91	2.3	1
7089.361400000001	0.95	2.3	1
7331.226200000001	0.92	2.8	1
7576.985700000001	0.86	2.5	1
7825.706600000001	0.92	1.9	1
8077.544400000002	0.92	2.0	1
8332.810200000002	0.94	2.2	1
8595.081800000002	0.96	4.5	1
8860.781400000002	0.96	2.2	1
9131.775700000002	0.87	3.4	1
9405.886900000001	0.98	2.0	1
9684.3595	0.88	2.8	1
9966.1046	0.92	2.1	1
10251.744400000001	0.9	2.5	1
10540.656700000001	0.97	2.1	1
10833.152600000001	0.93	2.3	1
11128.765400000002	1.0	2.0	1
11429.050700000002	0.9	3.0	1
11733.5418	0.89	2.7	1
12040.9943	0.98	1.9	1
12353.1193	0.93	3.0	1
12668.8279	0.91	2.3	1
12987.9645	0.91	2.2	1
13310.8402	0.94	2.4	1
13637.299500000001	0.9	2.3	1
13968.120200000001	0.9	2.8	1
14302.991100000001	0.9	2.6	1
14641.756700000002	0.91	2.5	1
14984.261400000001	0.92	2.4	1
15330.038600000002	1.0	2.1	1
15679.710500000001	0.93	2.5	1
16033.4326	0.89	2.6	1
16391.6716	0.79	2.9	1
16753.8053	0.92	2.5	1
17119.2115	0.93	2.1	1
17489.9124	0.86	3.4	1
17864.508	0.89	2.5	1
18242.531600000002	0.93	2.2	1
18623.672100000003	0.98	2.0	1
19008.707300000002	0.86	2.5	1
19396.326100000002	0.91	2.3	1
