2.8057999999999996	0.96	2.1	1
9.0841	0.83	2.6	1
18.4349	0.88	2.3	1
30.591499999999996	0.92	2.1	1
45.8206	0.94	2.3	1
64.3888	0.91	2.5	1
88.1628	0.91	3.9	1
114.6093	0.97	2.0	1
144.7949	0.95	2.8	1
178.18630000000002	0.87	2.4	1
214.7835	0.87	2.4	1
254.0532	0.99	2.0	1
296.5287	0.97	2.4	1
341.6767	0.96	2.0	1
390.4305	0.99	2.7	1
441.72339999999997	0.95	1.9	1
495.95539999999994	0.88	2.2	1
558.5931999999999	0.94	6.3	1
624.7034999999998	0.9	2.6	1
695.3528999999999	0.92	3.4	1
781.0747999999999	0.89	11.3	1
871.7357999999999	0.95	3.7	1
965.2026	0.92	2.1	1
1061.4751999999999	0.97	2.1	1
1160.8202999999999	0.92	2.3	1
1262.9712	0.95	2.1	1
1368.3279	0.9	2.4	1
1476.8904	0.92	2.4	1
1589.192	0.85	2.8	1
1705.2327	0.93	2.8	1
1824.3459	0.92	2.3	1
1946.5316	0.87	2.3	1
2071.5231	0.89	2.1	1
2199.3204	0.89	2.1	1
2330.1902	0.91	2.3	1
2465.3325	0.95	3.2	1
2603.8139	0.88	2.5	1
2745.3678	0.92	2.3	1
2889.8608	0.9	2.2	1
3037.2929	0.92	2.2	1
3187.6641	0.89	2.2	1
3341.3744	0.91	2.5	1
3498.4238	0.9	2.5	1
3659.2123	0.93	2.8	1
3823.0733	0.94	2.3	1
3990.2734	0.91	2.5	1
4161.3460000000005	0.85	2.9	1
4335.7577	0.97	2.5	1
4513.1085	0.99	2.2	1
4693.6651	0.91	2.4	1
4876.6942	0.96	2.6	1
5063.4624	0.84	2.8	1
5253.4364000000005	0.91	2.4	1
5448.3495	0.86	3.7	1
5646.2017000000005	0.89	2.2	1
5847.793000000001	0.87	2.8	1
6052.8568000000005	0.92	2.6	1
6261.6597	0.88	2.8	1
6474.0684	0.9	2.7	1
6689.8162	0.92	2.5	1
6909.3031	0.84	2.8	1
7132.9291	0.77	3.1	1
7359.360900000001	0.91	2.1	1
7588.998500000001	0.94	2.4	1
7821.708600000001	0.93	2.3	1
8057.4912	0.94	2.3	1
8296.2129	1.0	2.2	1
8538.8071	0.86	2.9	1
8784.6071	0.88	2.4	1
9034.1462	0.82	2.8	1
9287.557799999999	0.89	2.9	1
9544.175199999998	0.95	2.4	1
9803.998399999999	0.95	2.4	1
10067.694099999999	0.86	2.9	1
10334.995599999998	0.83	2.7	1
10605.636199999999	0.9	2.5	1
10880.282599999999	0.87	3.0	1
11159.068099999999	0.91	3.1	1
11441.059399999998	0.85	2.4	1
11726.123199999998	0.93	2.3	1
12013.726099999998	0.97	1.9	1
12304.001499999998	0.96	2.0	1
12597.215999999999	0.89	2.2	1
12893.769599999998	0.94	2.5	1
13193.528999999999	0.92	2.4	1
13497.294199999998	0.89	3.0	1
13804.531899999998	0.97	2.6	1
14114.842099999998	0.89	2.3	1
14427.691399999998	0.97	1.9	1
14743.479799999997	0.91	2.2	1
15062.340699999997	0.89	2.3	1
15384.140699999996	0.94	2.2	1
15708.746499999996	0.93	2.1	1
16036.158099999995	0.97	2.1	1
16366.775499999994	0.91	2.4	1
16700.465399999994	0.9	2.3	1
17037.361099999995	0.9	2.4	1
17378.795899999994	0.82	3.4	1
17708.503199999992	0.55	0.2	1
18038.34959999999	0.75	0.1	1
18368.46849999999	0.14	0.2	1
18698.859899999992	0.13	0.2	1
19029.390399999993	0.44	0.1	1
19360.059999999994	0.75	0.1	1
19691.002099999994	0.67	0.2	1
