10.805800000000001	0.85	8.1	1
33.6174	0.79	9.0	1
67.5015	0.84	8.3	1
114.45809999999999	0.75	9.8	1
171.9538	0.86	7.9	1
240.122	0.87	8.0	1
319.2293	0.86	8.2	1
409.8091	0.84	8.6	1
510.12800000000004	0.92	7.3	1
621.6527000000001	0.84	8.4	1
744.3832000000001	0.85	8.4	1
878.4528000000001	0.84	8.5	1
1022.6615000000002	0.9	7.6	1
1178.3427000000001	0.82	8.6	1
1345.363	0.84	8.5	1
1523.4558000000002	0.85	8.3	1
1713.2877000000003	0.82	8.8	1
1914.0587000000003	0.85	8.2	1
2125.5022000000004	0.86	8.0	1
2346.9515	0.91	7.5	1
2580.8066	0.79	9.3	1
2824.8008	0.89	7.6	1
3080.9341	0.8	9.1	1
3348.1399	0.85	8.3	1
3531.4848	0.08	0.1	1
