95.0725	0.86	71.3	1
261.4841	0.97	53.5	1
508.30150000000003	0.89	60.3	1
855.258	0.88	75.1	1
1300.6203	0.89	73.8	1
1823.1884	0.93	57.9	1
2424.029	0.99	58.7	1
3129.0087000000003	0.85	78.1	1
3908.5275	0.94	55.9	1
4783.1188	0.89	71.3	1
5739.5826	0.9	61.4	1
6783.7855	0.97	65.8	1
7926.6609	0.85	74.0	1
9150.875399999999	1.0	61.0	1
10456.695699999998	0.99	61.2	1
11852.255099999998	0.93	67.3	1
13324.753599999998	0.92	57.7	1
14865.257899999999	0.99	51.0	1
16485.1013	1.0	59.5	1
18200.6838	0.87	71.8	1
20013.4721	0.89	72.9	1
21787.4662	0.93	2.4	1
23564.3994	0.99	2.2	1
25345.4717	0.83	3.1	1
27130.016499999998	0.91	2.6	1
28918.833799999997	0.79	3.2	1
30710.590199999995	0.99	2.2	1
32505.285699999997	1.0	2.2	1
34303.0537	0.99	2.3	1
36105.494199999994	0.76	3.5	1
37911.00719999999	0.98	2.3	1
39719.05929999999	0.99	1.9	1
41530.183899999996	0.98	2.3	1
43345.0476	0.87	2.8	1
45163.6504	0.85	2.8	1
46985.3257	0.98	2.3	1
48811.406800000004	0.79	3.3	1
50640.9604	0.9	2.6	1
52473.453100000006	0.98	2.2	1
54309.0183	1.0	2.3	1
56147.922600000005	0.9	2.5	1
57990.166000000005	0.95	2.5	1
59835.34850000001	0.99	2.2	1
61683.736800000006	0.94	2.4	1
63535.73090000001	0.9	2.7	1
65390.39750000001	1.0	2.0	1
67248.4032	0.98	2.5	1
69109.348	0.97	2.2	1
70973.6319	0.93	2.5	1
72841.6549	0.85	2.8	1
74712.88369999999	0.99	2.4	1
76588.25159999999	0.85	3.1	1
78467.22529999999	0.93	2.7	1
80349.27149999999	0.97	2.3	1
82235.45679999999	0.82	3.1	1
84124.71459999999	0.97	2.3	1
86016.91149999999	1.0	2.2	1
