88.4058	0.83	66.3	1
272.5507	0.89	71.8	1
537.1014	0.99	60.3	1
887.7912	0.85	64.6	1
1346.0868	0.81	80.7	1
1889.7215	0.86	64.0	1
2515.2287	0.89	61.4	1
3221.0084	0.88	60.2	1
4011.8606	0.95	63.8	1
4886.5853	0.99	62.9	1
5841.849099999999	0.87	60.4	1
6906.451999999999	0.79	82.0	1
8055.860699999999	0.86	63.6	1
9273.4085	1.0	51.1	1
10573.228799999999	0.88	61.7	1
11978.121599999999	0.86	78.8	1
13462.6202	1.0	59.7	1
15033.1246	0.99	64.5	1
16727.4348	0.72	93.6	1
18559.817499999997	0.59	104.3	1
20355.1393	0.96	2.2	1
22153.4002	0.97	2.2	1
23956.4669	0.76	3.6	1
25763.4061	0.88	2.9	1
27573.2844	0.89	2.2	1
29386.768500000002	0.9	2.7	1
31203.458400000003	0.95	2.4	1
33023.2208	0.98	2.3	1
34846.7223	0.9	2.8	1
36673.562900000004	0.97	2.5	1
38503.742600000005	0.92	2.5	1
40337.5281	0.89	2.7	1
42174.652700000006	0.92	2.5	1
44014.8498	0.98	2.3	1
45858.1194	0.95	2.3	1
47705.1281	0.86	2.8	1
49556.009300000005	0.84	2.9	1
51409.963	0.98	2.3	1
53267.78920000001	0.86	2.9	1
55128.554500000006	1.0	2.2	1
56993.325600000004	0.82	3.0	1
58861.169200000004	1.0	2.3	1
60731.818600000006	1.0	2.1	1
62605.807100000005	0.93	2.5	1
64482.73470000001	0.97	2.2	1
66363.53480000001	0.86	2.9	1
68247.40740000001	0.99	2.3	1
70134.08580000002	0.99	2.1	1
72024.50330000001	0.84	2.8	1
73917.59330000001	0.99	2.0	1
75815.22240000001	0.77	3.4	1
77716.19060000002	0.95	2.5	1
79620.63130000002	0.91	2.6	1
