277.2	0.02	13.2	1
831.5999999999999	0.02	13.2	1
1663.1999999999998	0.03	13.2	1
2772.0	0.02	13.2	1
4158.0	0.02	13.2	1
5821.2	0.03	13.2	1
7761.6	0.03	13.2	1
9979.2	0.03	13.2	1
12474.0	0.02	13.2	1
15246.0	0.02	13.2	1
18295.2	0.02	13.2	1
21621.6	0.03	13.2	1
25225.199999999997	0.02	13.2	1
29105.999999999996	0.02	13.2	1
33264.0	0.02	13.2	1
37699.2	0.02	13.2	1
42411.6	0.03	13.2	1
47401.2	0.02	13.2	1
52668.0	0.01	13.2	1
58212.0	0.03	13.2	1
64033.2	0.02	13.2	1
70131.59999999999	0.03	13.2	1
76507.2	0.02	13.2	1
83160.0	0.03	13.2	1
90090.0	0.04	13.2	1
97297.2	0.03	13.2	1
104781.59999999999	0.03	13.2	1
112543.2	0.02	13.2	1
120582.0	0.02	13.2	1
128898.0	0.02	13.2	1
137491.2	0.02	13.2	1
146361.6	0.03	13.2	1
155509.2	0.02	13.2	1
164934.0	0.03	13.2	1
174636.0	0.03	13.2	1
184615.2	0.02	13.2	1
194871.6	0.02	13.2	1
205405.2	0.04	13.2	1
216216.0	0.03	13.2	1
227304.0	0.02	13.2	1
238669.2	0.03	13.2	1
250311.6	0.02	13.2	1
262231.2	0.02	13.2	1
274428.0	0.02	13.2	1
286902.0	0.02	13.2	1
316947.4	0.57	839.4	1
346999.4	0.06	0.6	1
377057.7	0.53	0.3	1
407128.60000000003	0.34	0.6	1
