24.2	0.02	13.2	1
72.6	0.02	13.2	1
145.2	0.02	13.2	1
242.0	0.03	13.2	1
363.0	0.02	13.2	1
508.2	0.02	13.2	1
677.5999999999999	0.02	13.2	1
871.1999999999999	0.02	13.2	1
1089.0	0.03	13.2	1
1331.0	0.03	13.2	1
1597.2	0.04	13.2	1
1887.6	0.03	13.2	1
2202.2	0.03	13.2	1
2541.0	0.04	13.2	1
2904.0	0.03	13.2	1
3291.2	0.02	13.2	1
3702.6	0.03	13.2	1
4138.2	0.02	13.2	1
4598.0	0.02	13.2	1
5082.0	0.04	13.2	1
5590.2	0.03	13.2	1
6122.599999999999	0.01	13.2	1
6679.2	0.02	13.2	1
7260.0	0.03	13.2	1
7865.0	0.03	13.2	1
8494.2	0.03	13.2	1
9147.6	0.03	13.2	1
9825.2	0.02	13.2	1
10527.0	0.03	13.2	1
11253.0	0.02	13.2	1
12003.2	0.02	13.2	1
12777.6	0.04	13.2	1
13576.2	0.03	13.2	1
14399.0	0.03	13.2	1
15246.0	0.05	13.2	1
16117.2	0.03	13.2	1
17012.600000000002	0.02	13.2	1
17932.2	0.02	13.2	1
18876.0	0.03	13.2	1
19844.0	0.03	13.2	1
20836.2	0.02	13.2	1
21852.600000000002	0.03	13.2	1
22893.2	0.02	13.2	1
23958.0	0.02	13.2	1
25047.0	0.03	13.2	1
26160.2	0.02	13.2	1
27297.600000000002	0.02	13.2	1
28459.2	0.03	13.2	1
29645.0	0.03	13.2	1
30855.0	0.02	13.2	1
32089.2	0.02	13.2	1
33347.6	0.03	13.2	1
34630.2	0.01	13.2	1
35937.0	0.02	13.2	1
37268.0	0.02	13.2	1
38623.2	0.02	13.2	1
40002.6	0.03	13.2	1
41406.2	0.02	13.2	1
42834.0	0.03	13.2	1
44286.0	0.03	13.2	1
45762.2	0.02	13.2	1
47262.6	0.02	13.2	1
48787.2	0.02	13.2	1
50336.0	0.02	13.2	1
51909.0	0.03	13.2	1
53506.2	0.04	13.2	1
55127.6	0.02	13.2	1
56773.2	0.02	13.2	1
58443.0	0.02	13.2	1
60137.0	0.03	13.2	1
61855.2	0.02	13.2	1
63597.6	0.03	13.2	1
65364.2	0.03	13.2	1
67155.0	0.02	13.2	1
68970.0	0.02	13.2	1
70809.2	0.02	13.2	1
72672.59999999999	0.02	13.2	1
74560.2	0.03	13.2	1
76472.0	0.02	13.2	1
78408.0	0.03	13.2	1
80368.2	0.01	13.2	1
82352.59999999999	0.02	13.2	1
84361.2	0.04	13.2	1
86394.0	0.02	13.2	1
88451.0	0.02	13.2	1
90532.2	0.03	13.2	1
92637.59999999999	0.02	13.2	1
94767.2	0.02	13.2	1
96921.0	0.03	13.2	1
99099.0	0.02	13.2	1
101301.2	0.02	13.2	1
103527.59999999999	0.02	13.2	1
105778.2	0.02	13.2	1
108053.0	0.02	13.2	1
110352.0	0.03	13.2	1
112675.2	0.03	13.2	1
115022.59999999999	0.03	13.2	1
117394.2	0.03	13.2	1
119790.0	0.02	13.2	1
122210.0	0.03	13.2	1
124654.2	0.02	13.2	1
127122.59999999999	0.03	13.2	1
129615.2	0.03	13.2	1
132132.0	0.04	13.2	1
134673.0	0.02	13.2	1
137238.2	0.03	13.2	1
139827.6	0.02	13.2	1
142441.2	0.02	13.2	1
145079.0	0.03	13.2	1
147741.0	0.02	13.2	1
150427.2	0.02	13.2	1
153137.6	0.03	13.2	1
155872.2	0.04	13.2	1
158631.0	0.02	13.2	1
161414.0	0.02	13.2	1
164221.2	0.02	13.2	1
167052.6	0.03	13.2	1
169908.2	0.04	13.2	1
172788.0	0.02	13.2	1
175692.0	0.02	13.2	1
178620.2	0.03	13.2	1
181572.6	0.02	13.2	1
184549.2	0.02	13.2	1
187550.0	0.03	13.2	1
190575.0	0.03	13.2	1
193624.2	0.03	13.2	1
196697.6	0.03	13.2	1
199795.2	0.03	13.2	1
202917.0	0.03	13.2	1
206063.0	0.03	13.2	1
209233.2	0.02	13.2	1
212427.6	0.03	13.2	1
215646.2	0.02	13.2	1
218889.0	0.02	13.2	1
222156.0	0.04	13.2	1
225447.2	0.03	13.2	1
228762.6	0.02	13.2	1
232102.2	0.02	13.2	1
235466.0	0.03	13.2	1
238854.0	0.02	13.2	1
242266.2	0.03	13.2	1
245702.6	0.03	13.2	1
249163.2	0.02	13.2	1
252648.0	0.02	13.2	1
