20.5391	0.04	13.2	1
61.6173	0.02	13.2	1
123.2346	0.02	13.2	1
205.391	0.02	13.2	1
308.0865	0.02	13.2	1
431.3211	0.03	13.2	1
575.0948000000001	0.03	13.2	1
739.4076000000001	0.01	13.2	1
924.2595000000001	0.03	13.2	1
1129.6505000000002	0.02	13.2	1
1355.5806000000002	0.02	13.2	1
1602.0498000000002	0.03	13.2	1
1869.0581000000002	0.02	13.2	1
2156.6055	0.03	13.2	1
2464.692	0.03	13.2	1
2793.3176	0.03	13.2	1
3142.4822999999997	0.02	13.2	1
3512.1861	0.02	13.2	1
3902.429	0.03	13.2	1
4313.211	0.02	13.2	1
4744.5321	0.02	13.2	1
5196.3923	0.03	13.2	1
5668.7916000000005	0.02	13.2	1
6161.7300000000005	0.03	13.2	1
6675.2075	0.02	13.2	1
7209.2241	0.03	13.2	1
7763.7798	0.02	13.2	1
8338.874600000001	0.03	13.2	1
8934.508500000002	0.03	13.2	1
9550.681500000002	0.02	13.2	1
10187.393600000003	0.02	13.2	1
10844.644800000004	0.03	13.2	1
11522.435100000004	0.03	13.2	1
12220.764500000005	0.02	13.2	1
12939.633000000005	0.02	13.2	1
13679.040600000006	0.02	13.2	1
14438.987300000006	0.03	13.2	1
15219.473100000007	0.02	13.2	1
16020.498000000007	0.03	13.2	1
16842.062000000005	0.03	13.2	1
17684.165100000006	0.01	13.2	1
18546.807300000004	0.02	13.2	1
19429.988600000004	0.02	13.2	1
20333.709000000003	0.03	13.2	1
21257.968500000003	0.02	13.2	1
22202.7671	0.02	13.2	1
23168.1048	0.02	13.2	1
24153.9816	0.02	13.2	1
25160.3975	0.04	13.2	1
26187.3525	0.02	13.2	1
27234.8466	0.02	13.2	1
28302.879800000002	0.03	13.2	1
29391.452100000002	0.03	13.2	1
30500.563500000004	0.02	13.2	1
31630.214000000004	0.03	13.2	1
32780.403600000005	0.02	13.2	1
33951.132300000005	0.03	13.2	1
35142.400100000006	0.03	13.2	1
36354.20700000001	0.03	13.2	1
37586.55300000001	0.01	13.2	1
38839.43810000001	0.03	13.2	1
40112.86230000001	0.02	13.2	1
41406.82560000001	0.03	13.2	1
42721.32800000001	0.02	13.2	1
44056.36950000001	0.02	13.2	1
45411.95010000001	0.03	13.2	1
46788.06980000001	0.02	13.2	1
48184.72860000001	0.03	13.2	1
49601.92650000001	0.03	13.2	1
51039.66350000001	0.02	13.2	1
52497.93960000001	0.03	13.2	1
53976.75480000001	0.02	13.2	1
55476.10910000001	0.03	13.2	1
56996.00250000001	0.03	13.2	1
58536.43500000001	0.03	13.2	1
60097.40660000001	0.03	13.2	1
61678.91730000001	0.03	13.2	1
63280.96710000001	0.02	13.2	1
64903.55600000001	0.02	13.2	1
66546.68400000001	0.03	13.2	1
68210.35110000001	0.02	13.2	1
69894.55730000001	0.03	13.2	1
71599.30260000001	0.03	13.2	1
73324.58700000001	0.02	13.2	1
75070.41050000001	0.03	13.2	1
76836.7731	0.02	13.2	1
78623.67480000001	0.04	13.2	1
80431.1156	0.02	13.2	1
82259.09550000001	0.02	13.2	1
84107.61450000001	0.02	13.2	1
85976.6726	0.03	13.2	1
87866.26980000001	0.02	13.2	1
89776.40610000001	0.02	13.2	1
91707.0815	0.03	13.2	1
93658.296	0.03	13.2	1
95630.0496	0.04	13.2	1
97622.3423	0.03	13.2	1
99635.1741	0.02	13.2	1
101668.545	0.02	13.2	1
103722.455	0.03	13.2	1
105796.9041	0.01	13.2	1
107891.8923	0.03	13.2	1
110007.41960000001	0.02	13.2	1
112143.486	0.03	13.2	1
114300.09150000001	0.03	13.2	1
116477.23610000001	0.02	13.2	1
118674.9198	0.02	13.2	1
120893.1426	0.02	13.2	1
123131.9045	0.04	13.2	1
125391.20550000001	0.03	13.2	1
127671.04560000001	0.03	13.2	1
129971.42480000001	0.02	13.2	1
132292.3431	0.04	13.2	1
134633.8005	0.03	13.2	1
136995.79700000002	0.02	13.2	1
139378.33260000002	0.02	13.2	1
141781.40730000002	0.02	13.2	1
144205.0211	0.02	13.2	1
146649.174	0.03	13.2	1
149113.866	0.04	13.2	1
151599.0971	0.02	13.2	1
154104.8673	0.01	13.2	1
156631.1766	0.03	13.2	1
159178.025	0.02	13.2	1
161745.4125	0.02	13.2	1
164333.3391	0.02	13.2	1
166941.8048	0.03	13.2	1
169570.8096	0.04	13.2	1
172220.3535	0.02	13.2	1
174890.4365	0.03	13.2	1
177581.05860000002	0.02	13.2	1
180292.21980000002	0.03	13.2	1
183023.92010000002	0.03	13.2	1
185776.1595	0.03	13.2	1
188548.938	0.02	13.2	1
191342.2556	0.03	13.2	1
194156.1123	0.02	13.2	1
196990.5081	0.03	13.2	1
199845.443	0.02	13.2	1
202720.917	0.02	13.2	1
205616.9301	0.02	13.2	1
208533.4823	0.02	13.2	1
211470.5736	0.02	13.2	1
214428.204	0.04	13.2	1
217406.3735	0.02	13.2	1
220405.0821	0.02	13.2	1
223424.3298	0.03	13.2	1
226464.1166	0.04	13.2	1
229524.4425	0.02	13.2	1
232605.3075	0.03	13.2	1
235706.71159999998	0.02	13.2	1
238828.6548	0.02	13.2	1
241971.1371	0.03	13.2	1
245134.1585	0.02	13.2	1
248317.71899999998	0.02	13.2	1
251521.81859999997	0.02	13.2	1
254746.45729999998	0.03	13.2	1
257991.63509999998	0.02	13.2	1
261257.35199999998	0.03	13.2	1
264543.608	0.02	13.2	1
267850.4031	0.02	13.2	1
271177.7373	0.02	13.2	1
274525.61059999996	0.05	13.2	1
277894.0229999999	0.03	13.2	1
281282.97449999995	0.03	13.2	1
284692.4651	0.02	13.2	1
288122.4948	0.03	13.2	1
