18.7058	0.02	13.2	1
56.1174	0.02	13.2	1
112.2348	0.02	13.2	1
187.058	0.03	13.2	1
280.587	0.06	13.2	1
392.8218	0.02	13.2	1
523.7624000000001	0.01	13.2	1
673.4088	0.02	13.2	1
841.7610000000001	0.03	13.2	1
1028.8190000000002	0.03	13.2	1
1234.5828000000001	0.03	13.2	1
1459.0524	0.03	13.2	1
1702.2278000000001	0.03	13.2	1
1964.1090000000002	0.02	13.2	1
2244.696	0.03	13.2	1
2543.9888	0.02	13.2	1
2861.9874	0.02	13.2	1
3198.6918	0.02	13.2	1
3554.102	0.02	13.2	1
3928.218	0.04	13.2	1
4321.0398	0.03	13.2	1
4732.5674	0.03	13.2	1
5162.8008	0.03	13.2	1
5611.74	0.02	13.2	1
6079.385	0.02	13.2	1
6565.7358	0.01	13.2	1
7070.7924	0.02	13.2	1
7594.5548	0.02	13.2	1
8137.023	0.02	13.2	1
8698.197	0.03	13.2	1
9278.0768	0.02	13.2	1
9876.662400000001	0.02	13.2	1
10500.6121	0.22	17.9	1
11143.267600000001	0.03	13.2	1
11804.628900000002	0.03	13.2	1
12484.696000000002	0.02	13.2	1
13183.468900000002	0.02	13.2	1
13900.947600000001	0.03	13.2	1
14637.1321	0.03	13.2	1
15392.0224	0.02	13.2	1
16165.6185	0.03	13.2	1
16957.9204	0.03	13.2	1
17768.928099999997	0.03	13.2	1
18598.6416	0.02	13.2	1
19447.0609	0.03	13.2	1
20314.186	0.03	13.2	1
21200.016900000002	0.02	13.2	1
22104.553600000003	0.03	13.2	1
23027.796100000003	0.03	13.2	1
23969.744400000003	0.03	13.2	1
24930.398500000003	0.02	13.2	1
25909.758400000002	0.03	13.2	1
26907.8241	0.02	13.2	1
27924.5956	0.01	13.2	1
28960.0729	0.02	13.2	1
30014.255999999998	0.02	13.2	1
31087.1449	0.02	13.2	1
32178.7396	0.02	13.2	1
33289.0401	0.03	13.2	1
34418.0464	0.03	13.2	1
35565.758499999996	0.03	13.2	1
36732.1764	0.03	13.2	1
37917.30009999999	0.02	13.2	1
39121.12959999999	0.01	13.2	1
40343.664899999996	0.03	13.2	1
41584.905999999995	0.01	13.2	1
42844.8529	0.02	13.2	1
44123.5056	0.03	13.2	1
45420.8641	0.02	13.2	1
46736.9284	0.03	13.2	1
48071.6985	0.02	13.2	1
49425.174399999996	0.04	13.2	1
50797.3561	0.04	13.2	1
52188.243599999994	0.02	13.2	1
53597.836899999995	0.04	13.2	1
55026.13599999999	0.04	13.2	1
56473.14089999999	0.03	13.2	1
57938.851599999995	0.02	13.2	1
59423.268099999994	0.02	13.2	1
60926.3904	0.04	13.2	1
62448.218499999995	0.02	13.2	1
63988.7524	0.02	13.2	1
65547.9921	0.02	13.2	1
67125.9376	0.02	13.2	1
68722.5889	0.03	13.2	1
70337.946	0.03	13.2	1
71972.0089	0.02	13.2	1
73624.7776	0.01	13.2	1
75296.2521	0.02	13.2	1
76986.43239999999	0.02	13.2	1
78695.3185	0.02	13.2	1
80422.9104	0.03	13.2	1
82169.20809999999	0.02	13.2	1
83934.2116	0.03	13.2	1
85717.9209	0.03	13.2	1
87520.336	0.02	13.2	1
89341.45689999999	0.03	13.2	1
91181.2836	0.02	13.2	1
93039.8161	0.03	13.2	1
94917.0544	0.02	13.2	1
96812.99849999999	0.02	13.2	1
98727.64839999999	0.02	13.2	1
100661.00409999999	0.03	13.2	1
102613.06559999999	0.03	13.2	1
104583.8329	0.02	13.2	1
106573.306	0.02	13.2	1
108581.4849	0.04	13.2	1
110608.36959999999	0.03	13.2	1
112653.9601	0.02	13.2	1
114718.2564	0.03	13.2	1
116801.2585	0.02	13.2	1
118902.96639999999	0.03	13.2	1
121023.3801	0.03	13.2	1
123162.4996	0.03	13.2	1
125320.32489999999	0.02	13.2	1
127496.856	0.01	13.2	1
129692.0929	0.02	13.2	1
131906.0356	0.03	13.2	1
134138.6841	0.03	13.2	1
136390.03840000002	0.02	13.2	1
138660.09850000002	0.02	13.2	1
140948.86440000002	0.02	13.2	1
143256.33610000001	0.03	13.2	1
145582.5136	0.02	13.2	1
147927.3969	0.03	13.2	1
150290.986	0.03	13.2	1
152673.2809	0.03	13.2	1
155074.28160000002	0.03	13.2	1
157493.98810000002	0.02	13.2	1
159932.4004	0.03	13.2	1
162389.5185	0.03	13.2	1
164865.3424	0.02	13.2	1
167359.8721	0.03	13.2	1
169873.10760000002	0.02	13.2	1
172405.04890000002	0.02	13.2	1
174955.69600000003	0.03	13.2	1
177525.04890000002	0.04	13.2	1
180113.10760000002	0.01	13.2	1
182719.8721	0.01	13.2	1
185345.3424	0.02	13.2	1
187989.5185	0.03	13.2	1
190652.4004	0.03	13.2	1
193333.98810000002	0.03	13.2	1
196034.28160000002	0.02	13.2	1
198753.2809	0.02	13.2	1
201490.986	0.03	13.2	1
204247.3969	0.02	13.2	1
207022.5136	0.02	13.2	1
209816.33610000001	0.03	13.2	1
212628.86440000002	0.02	13.2	1
215460.09850000002	0.02	13.2	1
218310.03840000002	0.03	13.2	1
221178.6841	0.02	13.2	1
224066.0356	0.03	13.2	1
226972.0929	0.03	13.2	1
229896.856	0.03	13.2	1
232840.3249	0.03	13.2	1
235802.4996	0.02	13.2	1
238783.3801	0.03	13.2	1
241782.9664	0.02	13.2	1
244801.2585	0.02	13.2	1
248952.7064	0.54	839.4	1
254293.3101	0.56	839.4	1
260823.0696	0.55	839.4	1
268541.9849	0.57	839.4	1
