17.605800000000002	0.02	13.2	1
52.8174	0.03	13.2	1
105.6348	0.04	13.2	1
176.058	0.02	13.2	1
264.087	0.03	13.2	1
369.7218	0.03	13.2	1
492.9624	0.01	13.2	1
633.8088	0.03	13.2	1
792.261	0.03	13.2	1
968.319	0.04	13.2	1
1161.9828	0.02	13.2	1
1373.2524	0.03	13.2	1
1602.1278000000002	0.03	13.2	1
1848.6090000000002	0.01	13.2	1
2112.696	0.01	13.2	1
2394.3887999999997	0.02	13.2	1
2693.6874	0.02	13.2	1
3010.5917999999997	0.02	13.2	1
3345.102	0.02	13.2	1
3697.218	0.02	13.2	1
4066.9397999999997	0.03	13.2	1
4454.2674	0.02	13.2	1
4859.2008	0.02	13.2	1
5281.74	0.03	13.2	1
5721.885	0.02	13.2	1
6179.6358	0.02	13.2	1
6654.9924	0.02	13.2	1
7147.9548	0.03	13.2	1
7658.523	0.02	13.2	1
8186.697	0.05	13.2	1
8732.4768	0.03	13.2	1
9295.8624	0.02	13.2	1
9876.8538	0.02	13.2	1
10475.451000000001	0.03	13.2	1
11091.654	0.02	13.2	1
11725.462800000001	0.02	13.2	1
12376.877400000001	0.02	13.2	1
13045.8978	0.02	13.2	1
13732.524000000001	0.03	13.2	1
14436.756000000001	0.02	13.2	1
15158.5938	0.04	13.2	1
15898.037400000001	0.03	13.2	1
16655.0868	0.03	13.2	1
17429.742000000002	0.02	13.2	1
18222.003	0.03	13.2	1
19031.8698	0.02	13.2	1
19859.3424	0.01	13.2	1
20704.4208	0.02	13.2	1
21567.105	0.02	13.2	1
22447.395	0.02	13.2	1
23345.2908	0.02	13.2	1
24260.7924	0.02	13.2	1
25193.8998	0.02	13.2	1
26144.612999999998	0.03	13.2	1
27112.931999999997	0.02	13.2	1
28098.856799999998	0.02	13.2	1
29102.387399999996	0.02	13.2	1
30123.523799999995	0.03	13.2	1
31162.265999999996	0.03	13.2	1
32218.613999999994	0.03	13.2	1
33292.5678	0.02	13.2	1
34384.1274	0.03	13.2	1
35493.292799999996	0.02	13.2	1
36620.064	0.03	13.2	1
37764.441	0.04	13.2	1
38926.4238	0.03	13.2	1
40106.0124	0.03	13.2	1
41303.2068	0.02	13.2	1
42518.007	0.03	13.2	1
43750.413	0.02	13.2	1
45000.4248	0.02	13.2	1
46268.0424	0.02	13.2	1
47553.2658	0.02	13.2	1
48856.095	0.03	13.2	1
50176.53	0.02	13.2	1
51514.5708	0.02	13.2	1
52870.2174	0.02	13.2	1
54243.4698	0.03	13.2	1
55634.328	0.03	13.2	1
57042.792	0.02	13.2	1
58468.8618	0.02	13.2	1
59912.5374	0.02	13.2	1
61373.8188	0.02	13.2	1
62852.706	0.04	13.2	1
64349.199	0.04	13.2	1
65863.2978	0.02	13.2	1
67395.0024	0.03	13.2	1
68944.3128	0.02	13.2	1
70511.229	0.03	13.2	1
72095.751	0.03	13.2	1
73697.8788	0.01	13.2	1
75317.61240000001	0.03	13.2	1
76954.95180000001	0.03	13.2	1
78609.89700000001	0.02	13.2	1
80282.44800000002	0.03	13.2	1
81972.60480000002	0.02	13.2	1
83680.36740000002	0.03	13.2	1
85405.73580000002	0.02	13.2	1
87148.71000000002	0.02	13.2	1
88909.29000000002	0.03	13.2	1
90687.47580000003	0.03	13.2	1
92486.73410000003	0.16	15.8	1
94303.59820000004	0.02	13.2	1
96138.06810000003	0.02	13.2	1
97990.14380000003	0.02	13.2	1
99859.82530000004	0.03	13.2	1
101747.11260000004	0.03	13.2	1
103652.00570000004	0.03	13.2	1
105574.50460000004	0.02	13.2	1
107514.60930000004	0.02	13.2	1
109472.31980000004	0.03	13.2	1
111447.63610000005	0.02	13.2	1
113440.55820000004	0.03	13.2	1
115451.08610000004	0.02	13.2	1
117479.21980000005	0.03	13.2	1
119524.95930000005	0.02	13.2	1
121588.30460000005	0.02	13.2	1
123669.25570000005	0.02	13.2	1
125767.81260000005	0.03	13.2	1
127883.97530000005	0.02	13.2	1
130017.74380000005	0.03	13.2	1
132169.11810000005	0.03	13.2	1
134338.09820000004	0.03	13.2	1
136524.68410000004	0.02	13.2	1
138728.87580000004	0.03	13.2	1
140950.67330000002	0.02	13.2	1
143190.07660000003	0.03	13.2	1
145447.08570000003	0.03	13.2	1
147721.70060000004	0.03	13.2	1
150013.92130000005	0.01	13.2	1
152323.74780000004	0.02	13.2	1
154651.18010000006	0.02	13.2	1
156996.21820000006	0.04	13.2	1
159358.86210000006	0.03	13.2	1
161739.11180000007	0.04	13.2	1
164136.96730000008	0.02	13.2	1
166552.42860000007	0.02	13.2	1
168985.4957000001	0.02	13.2	1
171436.1686000001	0.03	13.2	1
173904.4473000001	0.03	13.2	1
176390.3318000001	0.02	13.2	1
178893.8221000001	0.02	13.2	1
181414.9182000001	0.02	13.2	1
183953.62010000012	0.03	13.2	1
186509.92780000012	0.02	13.2	1
189083.84130000012	0.02	13.2	1
191675.36060000013	0.05	13.2	1
194284.48570000014	0.04	13.2	1
196911.21660000013	0.02	13.2	1
199555.55330000015	0.03	13.2	1
202217.49580000015	0.03	13.2	1
204897.04410000014	0.03	13.2	1
207594.19820000016	0.03	13.2	1
210308.95810000016	0.03	13.2	1
213041.32380000016	0.02	13.2	1
215791.29530000017	0.02	13.2	1
218558.87260000018	0.03	13.2	1
221344.05570000017	0.01	13.2	1
224146.8446000002	0.03	13.2	1
226967.2393000002	0.03	13.2	1
229805.23980000018	0.03	13.2	1
232660.8461000002	0.02	13.2	1
235534.0582000002	0.03	13.2	1
239470.4761000002	0.56	839.4	1
244526.0998000002	0.56	839.4	1
250700.9293000002	0.54	839.4	1
257994.96460000018	0.54	839.4	1
266408.20570000017	0.56	839.4	1
275940.65260000015	0.56	839.4	1
286592.3053000001	0.56	839.4	1
298362.0305000001	0.55	839.3	1
