6623382	42000.0	0	500.0	4.2	0	84.0	88.2
6620442	50000.0	0	500.0	5.0	88.2	100.0	193.2
6628771	47000.0	0	500.0	4.7	193.2	94.0	291.9
6631441	43000.0	0	500.0	4.3	291.9	86.0	382.2
6628961	47000.0	0	500.0	4.7	382.2	94.0	480.9
6622199	44000.0	0	500.0	4.4	480.9	88.0	573.3
6626519	50000.0	0	500.0	5.0	573.3	100.0	678.3
6625074	56000.0	0	500.0	5.6	678.3	112.0	795.9
6630534	41000.0	0	500.0	4.1	795.9	82.0	882.0
6626374	46000.0	0	500.0	4.6	882.0	92.0	978.6
6619643	46000.0	1	500.0	4.6	0	92.0	96.6
6623110	60000.0	2	1000.0	6.0	0	60.0	66.0
6622916	44000.0	3	1000.0	4.4	0	44.0	48.4
6624405	48000.0	4	4000.0	4.8038	0	12.0	16.8038
6623404	49000.0	7	5000.0	4.9038	0	9.8	14.703800000000001
6624509	48000.0	7	5000.0	4.8038	14.7038	9.6	29.107599999999998
6626226	43000.0	8	5000.0	4.3067	0	8.6	12.9067
6623359	46000.0	8	5000.0	4.6067	12.9067	9.2	26.7134
6620305	45000.0	10	6000.0	4.5067	0	7.5	12.0067
6631563	44000.0	10	6000.0	4.4067	12.0067	7.3333	23.7467
6621220	44000.0	12	6000.0	4.4	0	7.3333	11.7333
6620313	49000.0	13	8000.0	4.9	0	6.125	11.025
6621228	44000.0	13	8000.0	4.4	11.025	5.5	20.925
6622857	50000.0	14	12000.0	5.0	0	4.1667	9.166699999999999
6624363	48000.0	14	12000.0	4.8	9.1667	4.0	17.9667
6630731	45000.0	14	12000.0	4.5	17.9667	3.75	26.2167
6622888	38000.0	14	12000.0	3.8	26.2167	3.1667	33.1834
6626072	42000.0	14	12000.0	4.2	33.1834	3.5	40.8834
6619199	54000.0	14	12000.0	5.4	40.8834	4.5	50.7834
6617963	45000.0	14	12000.0	4.5	50.7834	3.75	59.0334
6617903	39000.0	14	12000.0	3.9	59.0334	3.25	66.1834
6623296	46000.0	14	12000.0	4.6	66.1834	3.8333	74.6167
6630603	58000.0	14	12000.0	5.8	74.6167	4.8333	85.24999999999999
6629419	45000.0	14	12000.0	4.5	85.25	3.75	93.5
6624431	42000.0	14	12000.0	4.2	93.5	3.5	101.2
6621118	46000.0	14	12000.0	4.6	101.2	3.8333	109.63329999999999
6631043	42000.0	14	12000.0	4.2	109.6333	3.5	117.33330000000001
6619403	49000.0	14	12000.0	4.9	117.3333	4.0833	126.3166
6630059	44000.0	14	12000.0	4.4	126.3166	3.6667	134.3833
6630918	51000.0	14	12000.0	5.1	134.3833	4.25	143.73329999999999
6621486	50000.0	14	12000.0	5.0	143.7333	4.1667	152.9
6626069	51000.0	14	12000.0	5.1	152.9	4.25	162.25
6629881	52000.0	14	12000.0	5.2	162.25	4.3333	171.7833
6624182	42000.0	14	12000.0	4.2	171.7833	3.5	179.48329999999999
6629963	58000.0	14	12000.0	5.8	179.4833	4.8333	190.11660000000003
6622018	48000.0	14	12000.0	4.8	190.1166	4.0	198.91660000000002
6622112	47000.0	14	12000.0	4.7	198.9166	3.9167	207.53329999999997
6623618	49000.0	14	12000.0	4.9	207.5333	4.0833	216.5166
6628916	48000.0	14	12000.0	4.8	216.5166	4.0	225.31660000000002
6631815	50000.0	14	12000.0	5.0	225.3166	4.1667	234.48329999999999
6626694	44000.0	14	12000.0	4.4	234.4833	3.6667	242.55
6619108	41000.0	14	12000.0	4.1	242.55	3.4167	250.0667
6630433	46000.0	14	12000.0	4.6	250.0667	3.8333	258.5
6629659	55000.0	14	12000.0	5.5	258.5	4.5833	268.5833
6626842	39000.0	14	12000.0	3.9	268.5833	3.25	275.7333
6618068	47000.0	14	12000.0	4.7	275.7333	3.9167	284.34999999999997
6627411	49000.0	14	12000.0	4.9	284.35	4.0833	293.3333
6625327	45000.0	14	12000.0	4.5	293.3333	3.75	301.5833
6624857	47000.0	14	12000.0	4.7	301.5833	3.9167	310.2
6626587	47000.0	15	16000.0	4.7	0	2.9375	7.6375
6622810	58000.0	15	16000.0	5.8	7.6375	3.625	17.0625
6620383	46000.0	15	16000.0	4.6	17.0625	2.875	24.5375
6624225	44000.0	15	16000.0	4.4	24.5375	2.75	31.6875
6626176	47000.0	15	16000.0	4.7	31.6875	2.9375	39.325
6623440	47000.0	15	16000.0	4.7	39.325	2.9375	46.962500000000006
6629749	47000.0	15	16000.0	4.7	46.9625	2.9375	54.6
6628782	43000.0	15	16000.0	4.3	54.6	2.6875	61.5875
6620447	47000.0	15	16000.0	4.7	61.5875	2.9375	69.225
6630206	47000.0	15	16000.0	4.7	69.225	2.9375	76.8625
6631425	46000.0	15	16000.0	4.6	76.8625	2.875	84.33749999999999
6626015	44000.0	15	16000.0	4.4	84.3375	2.75	91.48750000000001
6628730	40000.0	15	16000.0	4.0	91.4875	2.5	97.9875
6620878	40000.0	15	16000.0	4.0	97.9875	2.5	104.4875
6620939	43000.0	15	16000.0	4.3	104.4875	2.6875	111.475
6622345	49000.0	15	16000.0	4.9	111.475	3.0625	119.4375
6620815	44000.0	15	16000.0	4.4	119.4375	2.75	126.5875
6631784	49000.0	15	16000.0	4.9	126.5875	3.0625	134.55
6625395	49000.0	15	16000.0	4.9	134.55	3.0625	142.51250000000002
6630393	50000.0	15	16000.0	5.0	142.5125	3.125	150.6375
6625050	43000.0	15	16000.0	4.3	150.6375	2.6875	157.625
6625228	54000.0	15	16000.0	5.4	157.625	3.375	166.4
6629151	50000.0	15	16000.0	5.0	166.4	3.125	174.525
6619610	55000.0	16	18000.0	5.5058	0	3.0556	8.561399999999999
6622777	49000.0	16	18000.0	4.9058	8.5614	2.7222	16.189400000000003
6627088	48000.0	16	18000.0	4.8058	16.1894	2.6667	23.661899999999996
6627207	47000.0	16	18000.0	4.7058	23.6619	2.6111	30.9788
6620254	41000.0	16	18000.0	4.1058	30.9788	2.2778	37.3624
6623985	45000.0	16	18000.0	4.5058	37.3624	2.5	44.3682
6630964	49000.0	16	18000.0	4.9058	44.3682	2.7222	51.9962
6624066	41000.0	16	18000.0	4.1058	51.9962	2.2778	58.3798
6623973	50000.0	16	18000.0	5.0058	58.3798	2.7778	66.16340000000001
6628693	56000.0	16	18000.0	5.6058	66.1634	3.1111	74.88029999999999
6627807	44000.0	16	18000.0	4.4058	74.8803	2.4444	81.7305
6620043	50000.0	16	18000.0	5.0058	81.7305	2.7778	89.5141
6627350	47000.0	16	18000.0	4.7058	89.5141	2.6111	96.83099999999999
6629684	46000.0	16	18000.0	4.6058	96.831	2.5556	103.9924
6629699	41000.0	16	18000.0	4.1058	103.9924	2.2778	110.376
6620990	45000.0	16	18000.0	4.5058	110.376	2.5	117.3818
6629123	40000.0	16	18000.0	4.0058	117.3818	2.2222	123.60979999999999
6625060	51000.0	16	18000.0	5.1058	123.6098	2.8333	131.5489
6625434	41000.0	16	18000.0	4.1058	131.5489	2.2778	137.9325
6625517	49000.0	16	18000.0	4.9058	137.9325	2.7222	145.5605
6625415	51000.0	16	18000.0	5.1058	145.5605	2.8333	153.4996
6622821	46000.0	17	24000.0	4.6058	0	1.9167	6.522500000000001
6620239	44000.0	17	24000.0	4.4058	6.5225	1.8333	12.7616
6629207	39000.0	17	24000.0	3.9058	12.7616	1.625	18.2924
6619554	44000.0	17	24000.0	4.4058	18.2924	1.8333	24.5315
6623834	51000.0	17	24000.0	5.1058	24.5315	2.125	31.762300000000003
6630757	48000.0	17	24000.0	4.8058	31.7623	2.0	38.5681
6621727	44000.0	17	24000.0	4.4058	38.5681	1.8333	44.8072
6630778	51000.0	17	24000.0	5.1058	44.8072	2.125	52.038000000000004
6630232	44000.0	17	24000.0	4.4058	52.038	1.8333	58.2771
6629751	54000.0	17	24000.0	5.4058	58.2771	2.25	65.93289999999999
6621288	45000.0	17	24000.0	4.5058	65.9329	1.875	72.3137
6631427	48000.0	17	24000.0	4.8058	72.3137	2.0	79.1195
6628616	47000.0	17	24000.0	4.7058	79.1195	1.9583	85.78359999999999
6621296	47000.0	17	24000.0	4.7058	85.7836	1.9583	92.4477
6626414	46000.0	17	24000.0	4.6058	92.4477	1.9167	98.9702
6630235	47000.0	17	24000.0	4.7058	98.9702	1.9583	105.6343
6626410	45000.0	17	24000.0	4.5058	105.6343	1.875	112.01509999999999
6620855	42000.0	17	24000.0	4.2058	112.0151	1.75	117.9709
6630134	45000.0	17	24000.0	4.5058	117.9709	1.875	124.3517
6630106	43000.0	17	24000.0	4.3058	124.3517	1.7917	130.4492
6619061	51000.0	17	24000.0	5.1058	130.4492	2.125	137.67999999999998
6619012	47000.0	17	24000.0	4.7058	137.68	1.9583	144.34410000000003
6618236	45000.0	17	24000.0	4.5058	144.3441	1.875	150.7249
6627016	39000.0	17	24000.0	3.9058	150.7249	1.625	156.2557
6629106	47000.0	17	24000.0	4.7058	156.2557	1.9583	162.9198
6625351	50000.0	17	24000.0	5.0058	162.9198	2.0833	170.0089
6618482	48000.0	18	30000.0	4.8058	0	1.6	6.405799999999999
6618484	45000.0	18	30000.0	4.5058	6.4058	1.5	12.4116
6622987	52000.0	18	30000.0	5.2058	12.4116	1.7333	19.3507
6619404	52000.0	18	30000.0	5.2058	19.3507	1.7333	26.2898
6623826	48000.0	18	30000.0	4.8058	26.2898	1.6	32.6956
6623949	46000.0	18	30000.0	4.6058	32.6956	1.5333	38.8347
6628785	47000.0	18	30000.0	4.7058	38.8347	1.5667	45.10719999999999
6620849	49000.0	18	30000.0	4.9058	45.1072	1.6333	51.6463
6628682	47000.0	18	30000.0	4.7058	51.6463	1.5667	57.91879999999999
6630258	49000.0	18	30000.0	4.9058	57.9188	1.6333	64.4579
6628931	42000.0	18	30000.0	4.2058	64.4579	1.4	70.0637
6622190	42000.0	18	30000.0	4.2058	70.0637	1.4	75.6695
6618764	45000.0	18	30000.0	4.5058	75.6695	1.5	81.6753
6622206	54000.0	18	30000.0	5.4058	81.6753	1.8	88.88109999999999
6627141	41000.0	18	30000.0	4.1058	88.8811	1.3667	94.3536
6630124	52000.0	18	30000.0	5.2058	94.3536	1.7333	101.2927
6626869	50000.0	18	30000.0	5.0058	101.2927	1.6667	107.9652
6627758	48000.0	18	30000.0	4.8058	107.9652	1.6	114.371
6625171	45000.0	18	30000.0	4.5058	114.371	1.5	120.37679999999999
6625503	47000.0	18	30000.0	4.7058	120.3768	1.5667	126.6493
6625593	48000.0	18	30000.0	4.8058	126.6493	1.6	133.05509999999998
6625648	48000.0	18	30000.0	4.8058	133.0551	1.6	139.4609
6620107	45000.0	18	30000.0	4.5058	139.4609	1.5	145.4667
6623510	45000.0	18	30000.0	4.5058	145.4667	1.5	151.4725
6619159	43000.0	18	30000.0	4.3058	151.4725	1.4333	157.2116
6622846	46000.0	19	30000.0	4.6058	0	1.5333	6.139100000000001
6622690	52000.0	19	30000.0	5.2058	6.1391	1.7333	13.078199999999999
6630214	53000.0	19	30000.0	5.3058	13.0782	1.7667	20.1507
6631532	44000.0	19	30000.0	4.4058	20.1507	1.4667	26.0232
6621319	44000.0	19	30000.0	4.4058	26.0232	1.4667	31.895699999999998
6618586	51000.0	19	30000.0	5.1058	31.8957	1.7	38.7015
6630340	48000.0	19	30000.0	4.8058	38.7015	1.6	45.1073
6626346	51000.0	19	30000.0	5.1058	45.1073	1.7	51.91310000000001
6628948	49000.0	19	30000.0	4.9058	51.9131	1.6333	58.4522
6623597	40000.0	19	30000.0	4.0058	58.4522	1.3333	63.7913
6629484	51000.0	19	30000.0	5.1058	63.7913	1.7	70.5971
6620984	52000.0	19	30000.0	5.2058	70.5971	1.7333	77.5362
6625750	50000.0	19	30000.0	5.0058	77.5362	1.6667	84.2087
6631641	43000.0	19	30000.0	4.3058	84.2087	1.4333	89.9478
6631706	48000.0	19	30000.0	4.8058	89.9478	1.6	96.3536
6625425	46000.0	19	30000.0	4.6058	96.3536	1.5333	102.4927
6620071	46000.0	19	30000.0	4.6058	102.4927	1.5333	108.6318
6625022	47000.0	19	30000.0	4.7058	108.6318	1.5667	114.90429999999999
6620082	46000.0	19	30000.0	4.6058	114.9043	1.5333	121.0434
6629001	48000.0	14	12000.0	4.8	309.2	4.0	318.0
6627806	58000.0	15	16000.0	5.8	173.525	3.625	182.95000000000002
6623380	52000.0	16	18000.0	5.2058	152.4996	2.8889	160.5943
6630975	58000.0	18	30000.0	5.8058	156.2116	1.9333	163.9507
6618427	54000.0	18	30000.0	5.4058	163.9507	1.8	171.15650000000002
6618897	39000.0	14	12000.0	3.9	256.0	3.25	263.15
6630815	42000.0	14	12000.0	4.2	263.15	3.5	270.84999999999997
6630150	42000.0	14	12000.0	4.2	270.85	3.5	278.55
6623713	39000.0	14	12000.0	3.9	278.55	3.25	285.7
6619310	38000.0	15	16000.0	3.8	120.95	2.375	127.125
6622555	41000.0	15	16000.0	4.1	127.125	2.5625	133.7875
6631099	37000.0	15	16000.0	3.7	133.7875	2.3125	139.79999999999998
6622495	41000.0	16	18000.0	4.1058	98.5943	2.2778	104.9779
6622924	40000.0	16	18000.0	4.0058	104.9779	2.2222	111.2059
6623101	37000.0	17	24000.0	3.7058	107.0089	1.5417	112.2564
6621373	39000.0	18	30000.0	3.9058	109.1565	1.3	114.36229999999999
6627161	38000.0	19	30000.0	3.8058	58.0434	1.2667	63.115899999999996
6624049	39000.0	19	30000.0	3.9058	63.1159	1.3	68.3217
6622558	38000.0	19	30000.0	3.8058	68.3217	1.2667	73.39420000000001
6622608	38000.0	19	30000.0	3.8058	73.3942	1.2667	78.4667
6624279	40000.0	0	500.0	4.0	914.6	80.0	998.6
6630724	42000.0	0	500.0	4.2	998.6	84.0	1086.8000000000002
6623358	46000.0	0	500.0	4.6	1086.8	92.0	1183.3999999999999
6621334	49000.0	0	500.0	4.9	1183.4	98.0	1286.3000000000002
6631002	42000.0	0	500.0	4.2	1286.3	84.0	1374.5
6630657	40000.0	14	12000.0	4.0	284.7	3.3333	292.0333
6630763	41000.0	14	12000.0	4.1	292.0333	3.4167	299.55
6617927	42000.0	14	12000.0	4.2	299.55	3.5	307.25
6620100	46000.0	14	12000.0	4.6	307.25	3.8333	315.68330000000003
6625136	44000.0	14	12000.0	4.4	315.6833	3.6667	323.74999999999994
6625153	46000.0	14	12000.0	4.6	323.75	3.8333	332.18330000000003
6625278	41000.0	14	12000.0	4.1	332.1833	3.4167	339.7
6625579	47000.0	14	12000.0	4.7	339.7	3.9167	348.31669999999997
6625711	40000.0	14	12000.0	4.0	348.3167	3.3333	355.65000000000003
6618361	43000.0	14	12000.0	4.3	355.65	3.5833	363.5333
6623221	54000.0	14	12000.0	5.4	363.5333	4.5	373.4333
6631698	49000.0	14	12000.0	4.9	373.4333	4.0833	382.41659999999996
6626841	38000.0	14	12000.0	3.8	382.4166	3.1667	389.3833
6620223	48000.0	14	12000.0	4.8	389.3833	4.0	398.18330000000003
6621396	45000.0	14	12000.0	4.5	398.1833	3.75	406.4333
6621562	43000.0	14	12000.0	4.3	406.4333	3.5833	414.3166
6626562	43000.0	14	12000.0	4.3	414.3166	3.5833	422.1999
6628367	42000.0	15	16000.0	4.2	138.8	2.625	145.625
6620554	49000.0	15	16000.0	4.9	145.625	3.0625	153.5875
6628637	44000.0	15	16000.0	4.4	153.5875	2.75	160.7375
6625144	52000.0	15	16000.0	5.2	160.7375	3.25	169.1875
6622255	41000.0	15	16000.0	4.1	169.1875	2.5625	175.85
6626493	43000.0	15	16000.0	4.3	175.85	2.6875	182.8375
6626838	52000.0	15	16000.0	5.2	182.8375	3.25	191.2875
6631665	40000.0	15	16000.0	4.0	191.2875	2.5	197.7875
6631772	41000.0	15	16000.0	4.1	197.7875	2.5625	204.45
6618153	40000.0	15	16000.0	4.0	204.45	2.5	210.95
6621521	45000.0	15	16000.0	4.5	210.95	2.8125	218.2625
6621557	43000.0	15	16000.0	4.3	218.2625	2.6875	225.25
6627081	47000.0	15	16000.0	4.7	225.25	2.9375	232.8875
6624145	42000.0	16	18000.0	4.2058	110.2059	2.3333	116.74499999999999
6624029	43000.0	16	18000.0	4.3058	116.745	2.3889	123.43970000000002
6627710	64000.0	16	18000.0	6.4058	123.4397	3.5556	133.4011
6627752	41000.0	16	18000.0	4.1058	133.4011	2.2778	139.78470000000002
6623922	48000.0	16	18000.0	4.8058	139.7847	2.6667	147.25719999999998
6619675	48000.0	16	18000.0	4.8058	147.2572	2.6667	154.7297
6618898	38000.0	16	18000.0	3.8058	154.7297	2.1111	160.6466
6620739	45000.0	16	18000.0	4.5058	160.6466	2.5	167.6524
6620784	41000.0	16	18000.0	4.1058	167.6524	2.2778	174.036
6620797	41000.0	16	18000.0	4.1058	174.036	2.2778	180.4196
6628967	42000.0	16	18000.0	4.2058	180.4196	2.3333	186.95870000000002
6623962	40000.0	16	18000.0	4.0058	186.9587	2.2222	193.18669999999997
6631311	38000.0	16	18000.0	3.8058	193.1867	2.1111	199.1036
6621384	42000.0	16	18000.0	4.2058	199.1036	2.3333	205.64270000000002
6623899	42000.0	16	18000.0	4.2058	205.6427	2.3333	212.1818
6618481	43000.0	16	18000.0	4.3058	212.1818	2.3889	218.87650000000002
6620299	41000.0	16	18000.0	4.1058	218.8765	2.2778	225.2601
6620419	39000.0	16	18000.0	3.9058	225.2601	2.1667	231.33259999999999
6621155	38000.0	16	18000.0	3.8058	231.3326	2.1111	237.2495
6628501	43000.0	17	24000.0	4.3058	111.2564	1.7917	117.35390000000001
6628586	43000.0	17	24000.0	4.3058	117.3539	1.7917	123.4514
6630592	49000.0	17	24000.0	4.9058	123.4514	2.0417	130.3989
6624419	38000.0	17	24000.0	3.8058	130.3989	1.5833	135.788
6626383	55000.0	17	24000.0	5.5058	135.788	2.2917	143.5855
6628051	49000.0	17	24000.0	4.9058	143.5855	2.0417	150.533
6626220	37000.0	17	24000.0	3.7058	150.533	1.5417	155.7805
6624679	41000.0	17	24000.0	4.1058	155.7805	1.7083	161.59459999999999
6620536	62000.0	17	24000.0	6.2058	161.5946	2.5833	170.38370000000003
6627589	47000.0	17	24000.0	4.7058	170.3837	1.9583	177.04780000000002
6625798	54000.0	17	24000.0	5.4058	177.0478	2.25	184.7036
6629288	40000.0	17	24000.0	4.0058	184.7036	1.6667	190.37609999999998
6631000	42000.0	17	24000.0	4.2058	190.3761	1.75	196.33190000000002
6619618	42000.0	17	24000.0	4.2058	196.3319	1.75	202.2877
6627566	41000.0	17	24000.0	4.1058	202.2877	1.7083	208.1018
6621167	41000.0	17	24000.0	4.1058	208.1018	1.7083	213.9159
6627805	49000.0	18	30000.0	4.9058	113.3623	1.6333	119.90140000000001
6630707	48000.0	18	30000.0	4.8058	119.9014	1.6	126.3072
6627842	61000.0	18	30000.0	6.1058	126.3072	2.0333	134.44629999999998
6626185	39000.0	18	30000.0	3.9058	134.4463	1.3	139.65210000000002
6624899	49000.0	18	30000.0	4.9058	139.6521	1.6333	146.19119999999998
6618647	37000.0	18	30000.0	3.7058	146.1912	1.2333	151.13030000000003
6620047	39000.0	18	30000.0	3.9058	151.1303	1.3	156.33610000000002
6626630	39000.0	18	30000.0	3.9058	156.3361	1.3	161.5419
6630137	43000.0	18	30000.0	4.3058	161.5419	1.4333	167.281
6620637	40000.0	18	30000.0	4.0058	167.281	1.3333	172.6201
6619451	40000.0	18	30000.0	4.0058	172.6201	1.3333	177.9592
6619118	39000.0	18	30000.0	3.9058	177.9592	1.3	183.16500000000002
6631318	41000.0	18	30000.0	4.1058	183.165	1.3667	188.6375
6618631	48000.0	18	30000.0	4.8058	188.6375	1.6	195.0433
6629761	41000.0	18	30000.0	4.1058	195.0433	1.3667	200.51579999999998
6617941	54000.0	19	30000.0	5.4058	77.4667	1.8	84.6725
6624027	45000.0	19	30000.0	4.5058	84.6725	1.5	90.6783
6628110	59000.0	19	30000.0	5.9058	90.6783	1.9667	98.5508
6620096	43000.0	19	30000.0	4.3058	98.5508	1.4333	104.2899
6623255	39000.0	19	30000.0	3.9058	104.2899	1.3	109.4957
6621054	55000.0	19	30000.0	5.5058	109.4957	1.8333	116.83479999999999
6629586	43000.0	19	30000.0	4.3058	116.8348	1.4333	122.57390000000001
6629078	38000.0	19	30000.0	3.8058	122.5739	1.2667	127.6464
6628949	42000.0	19	30000.0	4.2058	127.6464	1.4	133.25220000000002
6629938	41000.0	19	30000.0	4.1058	133.2522	1.3667	138.72469999999998
6625877	41000.0	19	30000.0	4.1058	138.7247	1.3667	144.1972
6618108	51000.0	19	30000.0	5.1058	144.1972	1.7	151.003
6623898	53000.0	19	30000.0	5.3058	151.003	1.7667	158.07549999999998
6622612	42000.0	19	30000.0	4.2058	158.0755	1.4	163.68130000000002
6631377	39000.0	19	30000.0	3.9058	163.6813	1.3	168.8871
6622721	43000.0	19	30000.0	4.3058	168.8871	1.4333	174.6262
6628679	41000.0	14	12000.0	4.1	421.1999	3.4167	428.7166
6625828	43000.0	18	30000.0	4.3058	199.5158	1.4333	205.25490000000002
