191745	17000.0	0	500.0	1.7	0	34.0	35.7
191746	12000.0	0	500.0	1.2	35.7	24.0	60.900000000000006
191844	25000.0	0	500.0	2.5	60.9	50.0	113.4
191672	14000.0	0	500.0	1.4	113.4	28.0	142.8
191759	16000.0	0	500.0	1.6	142.8	32.0	176.4
191884	16000.0	0	500.0	1.6	176.4	32.0	210.0
191882	12000.0	0	500.0	1.2	210.0	24.0	235.2
191789	17000.0	0	500.0	1.7	235.2	34.0	270.9
191883	17000.0	0	500.0	1.7	270.9	34.0	306.59999999999997
191793	11000.0	0	500.0	1.1	306.6	22.0	329.70000000000005
191743	27000.0	0	500.0	2.7	329.7	54.0	386.4
191714	21000.0	0	500.0	2.1	386.4	42.0	430.5
191853	18000.0	0	500.0	1.8	430.5	36.0	468.3
191629	9000.0	0	500.0	0.9	468.3	18.0	487.2
191850	23000.0	0	500.0	2.3	487.2	46.0	535.5
191938	11000.0	0	500.0	1.1	535.5	22.0	558.6
191954	13000.0	0	500.0	1.3	558.6	26.0	585.9
191918	13000.0	0	500.0	1.3	585.9	26.0	613.1999999999999
191662	14000.0	2	1000.0	1.4	0	14.0	15.4
191663	9000.0	2	1000.0	0.9	15.4	9.0	25.3
191660	22000.0	4	4000.0	2.2038	0	5.5	7.7038
191744	15000.0	6	5000.0	1.5038	0	3.0	4.5038
191661	12000.0	7	5000.0	1.2038	0	2.4	3.6037999999999997
191673	13000.0	8	5000.0	1.3067	0	2.6	3.9067
191758	12000.0	8	5000.0	1.2067	3.9067	2.4	7.513400000000001
191765	13000.0	9	6000.0	1.3067	0	2.1667	3.4734
191763	26000.0	9	6000.0	2.6067	3.4734	4.3333	10.4134
192065	10000.0	9	6000.0	1.0067	10.4134	1.6667	13.0868
192033	15000.0	9	6000.0	1.5067	13.0868	2.5	17.0935
191626	13000.0	10	6000.0	1.3067	0	2.1667	3.4734
191952	16000.0	10	6000.0	1.6067	3.4734	2.6667	7.7468
191953	24000.0	10	6000.0	2.4067	7.7468	4.0	14.153500000000001
192010	10000.0	10	6000.0	1.0067	14.1535	1.6667	16.8269
191817	24000.0	10	6000.0	2.4067	16.8269	4.0	23.2336
191921	18000.0	10	6000.0	1.8067	23.2336	3.0	28.0403
191819	14000.0	10	6000.0	1.4067	28.0403	2.3333	31.7803
191676	11000.0	11	6000.0	1.1067	0	1.8333	2.94
191768	24000.0	11	6000.0	2.4067	2.94	4.0	9.3467
191769	16000.0	11	6000.0	1.6067	9.3467	2.6667	13.6201
191685	23000.0	11	6000.0	2.3067	13.6201	3.8333	19.7601
191945	30000.0	11	6000.0	3.0067	19.7601	5.0	27.7668
192064	17000.0	11	6000.0	1.7067	27.7668	2.8333	32.3068
191908	14000.0	11	6000.0	1.4067	32.3068	2.3333	36.046800000000005
191917	17000.0	11	6000.0	1.7067	36.0468	2.8333	40.5868
191818	16000.0	11	6000.0	1.6067	40.5868	2.6667	44.8602
191944	13000.0	12	6000.0	1.3	0	2.1667	3.4667000000000003
192009	17000.0	12	6000.0	1.7	3.4667	2.8333	8.0
192024	30000.0	12	6000.0	3.0	8.0	5.0	16.0
192051	22000.0	13	8000.0	2.2	0	2.75	4.95
191766	14000.0	14	12000.0	1.4	0	1.1667	2.5667
191757	22000.0	14	12000.0	2.2	2.5667	1.8333	6.6
191664	14000.0	14	12000.0	1.4	6.6	1.1667	9.1667
191666	30000.0	14	12000.0	3.0	9.1667	2.5	14.6667
191668	11000.0	14	12000.0	1.1	14.6667	0.9167	16.6834
191669	30000.0	14	12000.0	3.0	16.6834	2.5	22.1834
191670	23000.0	14	12000.0	2.3	22.1834	1.9167	26.4001
191750	13000.0	14	12000.0	1.3	26.4001	1.0833	28.7834
191753	12000.0	14	12000.0	1.2	28.7834	1.0	30.9834
191773	15000.0	14	12000.0	1.5	30.9834	1.25	33.7334
191798	35000.0	14	12000.0	3.5	33.7334	2.9167	40.1501
191804	37000.0	14	12000.0	3.7	40.1501	3.0833	46.933400000000006
191806	21000.0	14	12000.0	2.1	46.9334	1.75	50.7834
191811	19000.0	14	12000.0	1.9	50.7834	1.5833	54.2667
191894	11000.0	14	12000.0	1.1	54.2667	0.9167	56.2834
191813	12000.0	14	12000.0	1.2	56.2834	1.0	58.4834
191834	28000.0	14	12000.0	2.8	58.4834	2.3333	63.6167
191700	14000.0	14	12000.0	1.4	63.6167	1.1667	66.1834
191730	14000.0	14	12000.0	1.4	66.1834	1.1667	68.75010000000002
191862	16000.0	14	12000.0	1.6	68.7501	1.3333	71.68339999999999
191733	10000.0	14	12000.0	1.0	71.6834	0.8333	73.5167
191695	13000.0	14	12000.0	1.3	73.5167	1.0833	75.89999999999999
191875	16000.0	14	12000.0	1.6	75.9	1.3333	78.8333
191724	23000.0	14	12000.0	2.3	78.8333	1.9167	83.05
191725	11000.0	14	12000.0	1.1	83.05	0.9167	85.0667
191658	21000.0	14	12000.0	2.1	85.0667	1.75	88.91669999999999
191857	13000.0	14	12000.0	1.3	88.9167	1.0833	91.3
191840	22000.0	14	12000.0	2.2	91.3	1.8333	95.3333
191838	24000.0	14	12000.0	2.4	95.3333	2.0	99.7333
191638	14000.0	14	12000.0	1.4	99.7333	1.1667	102.30000000000001
191851	18000.0	14	12000.0	1.8	102.3	1.5	105.6
191729	16000.0	14	12000.0	1.6	105.6	1.3333	108.53329999999998
192102	12000.0	14	12000.0	1.2	108.5333	1.0	110.7333
191975	15000.0	14	12000.0	1.5	110.7333	1.25	113.4833
191968	21000.0	14	12000.0	2.1	113.4833	1.75	117.3333
191989	9000.0	14	12000.0	0.9	117.3333	0.75	118.9833
191994	18000.0	14	12000.0	1.8	118.9833	1.5	122.2833
191829	27000.0	14	12000.0	2.7	122.2833	2.25	127.2333
191825	13000.0	14	12000.0	1.3	127.2333	1.0833	129.6166
191895	12000.0	14	12000.0	1.2	129.6166	1.0	131.8166
191943	15000.0	14	12000.0	1.5	131.8166	1.25	134.5666
191957	15000.0	14	12000.0	1.5	134.5666	1.25	137.3166
191951	22000.0	14	12000.0	2.2	137.3166	1.8333	141.3499
191948	27000.0	14	12000.0	2.7	141.3499	2.25	146.29989999999998
192069	19000.0	14	12000.0	1.9	146.2999	1.5833	149.78320000000002
192062	15000.0	14	12000.0	1.5	149.7832	1.25	152.5332
192097	35000.0	14	12000.0	3.5	152.5332	2.9167	158.94989999999999
192099	10000.0	14	12000.0	1.0	158.9499	0.8333	160.78320000000002
192082	25000.0	14	12000.0	2.5	160.7832	2.0833	165.3665
192023	13000.0	14	12000.0	1.3	165.3665	1.0833	167.74980000000002
192030	16000.0	14	12000.0	1.6	167.7498	1.3333	170.6831
192014	21000.0	14	12000.0	2.1	170.6831	1.75	174.5331
192053	15000.0	14	12000.0	1.5	174.5331	1.25	177.2831
192047	14000.0	14	12000.0	1.4	177.2831	1.1667	179.8498
192045	24000.0	14	12000.0	2.4	179.8498	2.0	184.2498
192032	13000.0	14	12000.0	1.3	184.2498	1.0833	186.6331
192034	12000.0	14	12000.0	1.2	186.6331	1.0	188.8331
191911	12000.0	14	12000.0	1.2	188.8331	1.0	191.0331
191909	13000.0	14	12000.0	1.3	191.0331	1.0833	193.4164
191897	13000.0	14	12000.0	1.3	193.4164	1.0833	195.79970000000003
191919	11000.0	14	12000.0	1.1	195.7997	0.9167	197.8164
191821	27000.0	14	12000.0	2.7	197.8164	2.25	202.76639999999998
191712	30000.0	15	16000.0	3.0	0	1.875	4.875
191677	30000.0	15	16000.0	3.0	4.875	1.875	9.75
191771	12000.0	15	16000.0	1.2	9.75	0.75	11.7
191845	13000.0	15	16000.0	1.3	11.7	0.8125	13.8125
191671	38000.0	15	16000.0	3.8	13.8125	2.375	19.9875
191772	19000.0	15	16000.0	1.9	19.9875	1.1875	23.075
191775	24000.0	15	16000.0	2.4	23.075	1.5	26.974999999999998
191681	10000.0	15	16000.0	1.0	26.975	0.625	28.6
191802	20000.0	15	16000.0	2.0	28.6	1.25	31.85
191808	13000.0	15	16000.0	1.3	31.85	0.8125	33.9625
191889	23000.0	15	16000.0	2.3	33.9625	1.4375	37.699999999999996
191891	23000.0	15	16000.0	2.3	37.7	1.4375	41.4375
191810	9000.0	15	16000.0	0.9	41.4375	0.5625	42.9
191812	23000.0	15	16000.0	2.3	42.9	1.4375	46.637499999999996
191784	27000.0	15	16000.0	2.7	46.6375	1.6875	51.025000000000006
191880	16000.0	15	16000.0	1.6	51.025	1.0	53.625
191790	14000.0	15	16000.0	1.4	53.625	0.875	55.9
191654	47000.0	15	16000.0	4.7	55.9	2.9375	63.5375
191701	13000.0	15	16000.0	1.3	63.5375	0.8125	65.65
191734	12000.0	15	16000.0	1.2	65.65	0.75	67.60000000000001
191860	12000.0	15	16000.0	1.2	67.6	0.75	69.55
191859	15000.0	15	16000.0	1.5	69.55	0.9375	71.9875
191732	21000.0	15	16000.0	2.1	71.9875	1.3125	75.39999999999999
191727	29000.0	15	16000.0	2.9	75.4	1.8125	80.11250000000001
191710	28000.0	15	16000.0	2.8	80.1125	1.75	84.6625
191709	20000.0	15	16000.0	2.0	84.6625	1.25	87.9125
191717	19000.0	15	16000.0	1.9	87.9125	1.1875	91.0
191707	20000.0	15	16000.0	2.0	91.0	1.25	94.25
191691	11000.0	15	16000.0	1.1	94.25	0.6875	96.0375
191646	11000.0	15	16000.0	1.1	96.0375	0.6875	97.82499999999999
191690	12000.0	15	16000.0	1.2	97.825	0.75	99.775
191739	16000.0	15	16000.0	1.6	99.775	1.0	102.375
191627	11000.0	15	16000.0	1.1	102.375	0.6875	104.1625
191634	24000.0	15	16000.0	2.4	104.1625	1.5	108.0625
191635	24000.0	15	16000.0	2.4	108.0625	1.5	111.9625
191737	12000.0	15	16000.0	1.2	111.9625	0.75	113.91250000000001
191795	21000.0	15	16000.0	2.1	113.9125	1.3125	117.32499999999999
191981	11000.0	15	16000.0	1.1	117.325	0.6875	119.1125
191971	20000.0	15	16000.0	2.0	119.1125	1.25	122.3625
191986	11000.0	15	16000.0	1.1	122.3625	0.6875	124.14999999999999
191987	22000.0	15	16000.0	2.2	124.15	1.375	127.72500000000001
192004	14000.0	15	16000.0	1.4	127.725	0.875	130.0
191999	15000.0	15	16000.0	1.5	130.0	0.9375	132.4375
192101	21000.0	15	16000.0	2.1	132.4375	1.3125	135.85
191933	14000.0	15	16000.0	1.4	135.85	0.875	138.125
191931	25000.0	15	16000.0	2.5	138.125	1.5625	142.1875
191930	27000.0	15	16000.0	2.7	142.1875	1.6875	146.575
192073	16000.0	15	16000.0	1.6	146.575	1.0	149.17499999999998
192063	10000.0	15	16000.0	1.0	149.175	0.625	150.8
192059	25000.0	15	16000.0	2.5	150.8	1.5625	154.8625
192094	25000.0	15	16000.0	2.5	154.8625	1.5625	158.925
192098	23000.0	15	16000.0	2.3	158.925	1.4375	162.66250000000002
192058	22000.0	15	16000.0	2.2	162.6625	1.375	166.23749999999998
192088	15000.0	15	16000.0	1.5	166.2375	0.9375	168.675
192087	11000.0	15	16000.0	1.1	168.675	0.6875	170.4625
191832	17000.0	15	16000.0	1.7	170.4625	1.0625	173.225
192018	16000.0	15	16000.0	1.6	173.225	1.0	175.825
192015	16000.0	15	16000.0	1.6	175.825	1.0	178.42499999999998
192012	13000.0	15	16000.0	1.3	178.425	0.8125	180.53750000000002
192049	12000.0	15	16000.0	1.2	180.5375	0.75	182.48749999999998
192048	19000.0	15	16000.0	1.9	182.4875	1.1875	185.57500000000002
192040	30000.0	15	16000.0	3.0	185.575	1.875	190.45
191906	12000.0	15	16000.0	1.2	190.45	0.75	192.39999999999998
191924	23000.0	15	16000.0	2.3	192.4	1.4375	196.13750000000002
191823	12000.0	15	16000.0	1.2	196.1375	0.75	198.08749999999998
191923	18000.0	15	16000.0	1.8	198.0875	1.125	201.01250000000002
191920	20000.0	15	16000.0	2.0	201.0125	1.25	204.2625
191898	14000.0	15	16000.0	1.4	204.2625	0.875	206.5375
191760	15000.0	16	18000.0	1.5058	0	0.8333	2.3391
191764	14000.0	16	18000.0	1.4058	2.3391	0.7778	4.5227
191675	15000.0	16	18000.0	1.5058	4.5227	0.8333	6.861800000000001
191767	12000.0	16	18000.0	1.2058	6.8618	0.6667	8.7343
191770	19000.0	16	18000.0	1.9058	8.7343	1.0556	11.695699999999999
191749	30000.0	16	18000.0	3.0058	11.6957	1.6667	16.368199999999998
191888	21000.0	16	18000.0	2.1058	16.3682	1.1667	19.6407
191809	14000.0	16	18000.0	1.4058	19.6407	0.7778	21.824299999999997
191778	27000.0	16	18000.0	2.7058	21.8243	1.5	26.0301
191780	14000.0	16	18000.0	1.4058	26.0301	0.7778	28.2137
191879	12000.0	16	18000.0	1.2058	28.2137	0.6667	30.086199999999998
191781	11000.0	16	18000.0	1.1058	30.0862	0.6111	31.8031
191788	12000.0	16	18000.0	1.2058	31.8031	0.6667	33.675599999999996
191843	11000.0	16	18000.0	1.1058	33.6756	0.6111	35.392500000000005
191792	22000.0	16	18000.0	2.2058	35.3925	1.2222	38.820499999999996
191867	19000.0	16	18000.0	1.9058	38.8205	1.0556	41.7819
191866	14000.0	16	18000.0	1.4058	41.7819	0.7778	43.9655
191863	12000.0	16	18000.0	1.2058	43.9655	0.6667	45.838
191698	23000.0	16	18000.0	2.3058	45.838	1.2778	49.4216
191694	12000.0	16	18000.0	1.2058	49.4216	0.6667	51.29409999999999
191692	12000.0	16	18000.0	1.2058	51.2941	0.6667	53.166599999999995
191873	11000.0	16	18000.0	1.1058	53.1666	0.6111	54.883500000000005
191711	14000.0	16	18000.0	1.4058	54.8835	0.7778	57.067099999999996
191716	27000.0	16	18000.0	2.7058	57.0671	1.5	61.27290000000001
191869	9000.0	16	18000.0	0.9058	61.2729	0.5	62.6787
191868	11000.0	16	18000.0	1.1058	62.6787	0.6111	64.3956
191720	11000.0	16	18000.0	1.1058	64.3956	0.6111	66.1125
191706	16000.0	16	18000.0	1.6058	66.1125	0.8889	68.6072
191858	13000.0	16	18000.0	1.3058	68.6072	0.7222	70.63520000000001
191644	14000.0	16	18000.0	1.4058	70.6352	0.7778	72.8188
191839	16000.0	16	18000.0	1.6058	72.8188	0.8889	75.3135
191742	14000.0	16	18000.0	1.4058	75.3135	0.7778	77.4971
191656	13000.0	16	18000.0	1.3058	77.4971	0.7222	79.52510000000001
191687	26000.0	16	18000.0	2.6058	79.5251	1.4444	83.5753
191628	10000.0	16	18000.0	1.0058	83.5753	0.5556	85.13669999999999
191632	21000.0	16	18000.0	2.1058	85.1367	1.1667	88.40920000000001
191633	22000.0	16	18000.0	2.2058	88.4092	1.2222	91.8372
191636	15000.0	16	18000.0	1.5058	91.8372	0.8333	94.17629999999998
191985	12000.0	16	18000.0	1.2058	94.1763	0.6667	96.0488
191980	12000.0	16	18000.0	1.2058	96.0488	0.6667	97.9213
191978	28000.0	16	18000.0	2.8058	97.9213	1.5556	102.2827
191977	13000.0	16	18000.0	1.3058	102.2827	0.7222	104.31070000000001
192000	26000.0	16	18000.0	2.6058	104.3107	1.4444	108.3609
191996	27000.0	16	18000.0	2.7058	108.3609	1.5	112.5667
191993	22000.0	16	18000.0	2.2058	112.5667	1.2222	115.9947
191991	32000.0	16	18000.0	3.2058	115.9947	1.7778	120.97829999999999
192008	23000.0	16	18000.0	2.3058	120.9783	1.2778	124.56190000000001
191940	13000.0	16	18000.0	1.3058	124.5619	0.7222	126.5899
191828	34000.0	16	18000.0	3.4058	126.5899	1.8889	131.8846
191941	33000.0	16	18000.0	3.3058	131.8846	1.8333	137.02370000000002
191959	12000.0	16	18000.0	1.2058	137.0237	0.6667	138.8962
191956	11000.0	16	18000.0	1.1058	138.8962	0.6111	140.61309999999997
191950	19000.0	16	18000.0	1.9058	140.6131	1.0556	143.5745
192011	13000.0	16	18000.0	1.3058	143.5745	0.7222	145.6025
192075	13000.0	16	18000.0	1.3058	145.6025	0.7222	147.63049999999998
192070	29000.0	16	18000.0	2.9058	147.6305	1.6111	152.1474
192100	25000.0	16	18000.0	2.5058	152.1474	1.3889	156.0421
192061	11000.0	16	18000.0	1.1058	156.0421	0.6111	157.759
192060	24000.0	16	18000.0	2.4058	157.759	1.3333	161.4981
192095	31000.0	16	18000.0	3.1058	161.4981	1.7222	166.32609999999997
192085	23000.0	16	18000.0	2.3058	166.3261	1.2778	169.90970000000002
192084	23000.0	16	18000.0	2.3058	169.9097	1.2778	173.4933
192083	30000.0	16	18000.0	3.0058	173.4933	1.6667	178.1658
192081	12000.0	16	18000.0	1.2058	178.1658	0.6667	180.0383
192021	31000.0	16	18000.0	3.1058	180.0383	1.7222	184.86629999999997
192050	38000.0	16	18000.0	3.8058	184.8663	2.1111	190.7832
192038	16000.0	16	18000.0	1.6058	190.7832	0.8889	193.2779
192035	13000.0	16	18000.0	1.3058	193.2779	0.7222	195.30589999999998
192043	12000.0	16	18000.0	1.2058	195.3059	0.6667	197.1784
191937	17000.0	16	18000.0	1.7058	197.1784	0.9444	199.82860000000002
191914	16000.0	16	18000.0	1.6058	199.8286	0.8889	202.3233
191899	14000.0	16	18000.0	1.4058	202.3233	0.7778	204.5069
191815	11000.0	16	18000.0	1.1058	204.5069	0.6111	206.22379999999998
191907	16000.0	16	18000.0	1.6058	206.2238	0.8889	208.7185
191674	12000.0	17	24000.0	1.2058	0	0.5	1.7058
191761	21000.0	17	24000.0	2.1058	1.7058	0.875	4.6866
191748	12000.0	17	24000.0	1.2058	4.6866	0.5	6.3924
191751	25000.0	17	24000.0	2.5058	6.3924	1.0417	9.9399
191755	28000.0	17	24000.0	2.8058	9.9399	1.1667	13.9124
191796	17000.0	17	24000.0	1.7058	13.9124	0.7083	16.3265
191797	22000.0	17	24000.0	2.2058	16.3265	0.9167	19.448999999999998
191887	11000.0	17	24000.0	1.1058	19.449	0.4583	21.0131
191805	26000.0	17	24000.0	2.6058	21.0131	1.0833	24.7022
191893	10000.0	17	24000.0	1.0058	24.7022	0.4167	26.1247
191807	13000.0	17	24000.0	1.3058	26.1247	0.5417	27.9722
191782	12000.0	17	24000.0	1.2058	27.9722	0.5	29.678
191783	13000.0	17	24000.0	1.3058	29.678	0.5417	31.5255
191787	13000.0	17	24000.0	1.3058	31.5255	0.5417	33.373
191791	30000.0	17	24000.0	3.0058	33.373	1.25	37.6288
191794	16000.0	17	24000.0	1.6058	37.6288	0.6667	39.9013
191697	23000.0	17	24000.0	2.3058	39.9013	0.9583	43.1654
191877	9000.0	17	24000.0	0.9058	43.1654	0.375	44.4462
191723	26000.0	17	24000.0	2.6058	44.4462	1.0833	48.1353
191726	10000.0	17	24000.0	1.0058	48.1353	0.4167	49.5578
191645	13000.0	17	24000.0	1.3058	49.5578	0.5417	51.4053
191647	9000.0	17	24000.0	0.9058	51.4053	0.375	52.686099999999996
191650	26000.0	17	24000.0	2.6058	52.6861	1.0833	56.37520000000001
191836	13000.0	17	24000.0	1.3058	56.3752	0.5417	58.222699999999996
191835	44000.0	17	24000.0	4.4058	58.2227	1.8333	64.4618
191655	33000.0	17	24000.0	3.3058	64.4618	1.375	69.1426
191842	12000.0	17	24000.0	1.2058	69.1426	0.5	70.8484
191855	15000.0	17	24000.0	1.5058	70.8484	0.625	72.97919999999999
191854	10000.0	17	24000.0	1.0058	72.9792	0.4167	74.4017
191738	24000.0	17	24000.0	2.4058	74.4017	1.0	77.8075
191631	26000.0	17	24000.0	2.6058	77.8075	1.0833	81.4966
191852	22000.0	17	24000.0	2.2058	81.4966	0.9167	84.6191
191814	41000.0	17	24000.0	4.1058	84.6191	1.7083	90.4332
191984	29000.0	17	24000.0	2.9058	90.4332	1.2083	94.54729999999999
191983	12000.0	17	24000.0	1.2058	94.5473	0.5	96.2531
191976	11000.0	17	24000.0	1.1058	96.2531	0.4583	97.8172
192001	15000.0	17	24000.0	1.5058	97.8172	0.625	99.948
191967	24000.0	17	24000.0	2.4058	99.948	1.0	103.35379999999999
191998	14000.0	17	24000.0	1.4058	103.3538	0.5833	105.3429
191830	16000.0	17	24000.0	1.6058	105.3429	0.6667	107.61540000000001
191935	20000.0	17	24000.0	2.0058	107.6154	0.8333	110.45449999999998
191826	46000.0	17	24000.0	4.6058	110.4545	1.9167	116.977
191932	26000.0	17	24000.0	2.6058	116.977	1.0833	120.6661
191928	12000.0	17	24000.0	1.2058	120.6661	0.5	122.3719
191960	16000.0	17	24000.0	1.6058	122.3719	0.6667	124.6444
192076	23000.0	17	24000.0	2.3058	124.6444	0.9583	127.9085
192072	21000.0	17	24000.0	2.1058	127.9085	0.875	130.8893
192071	15000.0	17	24000.0	1.5058	130.8893	0.625	133.02009999999999
192066	10000.0	17	24000.0	1.0058	133.0201	0.4167	134.4426
192078	10000.0	17	24000.0	1.0058	134.4426	0.4167	135.86509999999998
192093	14000.0	17	24000.0	1.4058	135.8651	0.5833	137.85420000000002
192056	15000.0	17	24000.0	1.5058	137.8542	0.625	139.98499999999999
192054	10000.0	17	24000.0	1.0058	139.985	0.4167	141.4075
192029	13000.0	17	24000.0	1.3058	141.4075	0.5417	143.255
192028	12000.0	17	24000.0	1.2058	143.255	0.5	144.9608
192017	29000.0	17	24000.0	2.9058	144.9608	1.2083	149.0749
192016	31000.0	17	24000.0	3.1058	149.0749	1.2917	153.4724
192020	11000.0	17	24000.0	1.1058	153.4724	0.4583	155.0365
192042	14000.0	17	24000.0	1.4058	155.0365	0.5833	157.0256
192036	22000.0	17	24000.0	2.2058	157.0256	0.9167	160.1481
191926	10000.0	17	24000.0	1.0058	160.1481	0.4167	161.57059999999998
191925	24000.0	17	24000.0	2.4058	161.5706	1.0	164.9764
191913	27000.0	17	24000.0	2.7058	164.9764	1.125	168.80720000000002
191922	18000.0	17	24000.0	1.8058	168.8072	0.75	171.363
191820	25000.0	17	24000.0	2.5058	171.363	1.0417	174.91049999999998
191900	11000.0	17	24000.0	1.1058	174.9105	0.4583	176.4746
191752	26000.0	18	30000.0	2.6058	0	0.8667	3.4725
191682	11000.0	18	30000.0	1.1058	3.4725	0.3667	4.945
191803	24000.0	18	30000.0	2.4058	4.945	0.8	8.1508
191680	11000.0	18	30000.0	1.1058	8.1508	0.3667	9.6233
191886	13000.0	18	30000.0	1.3058	9.6233	0.4333	11.362400000000001
191659	14000.0	18	30000.0	1.4058	11.3624	0.4667	13.234899999999998
191779	15000.0	18	30000.0	1.5058	13.2349	0.5	15.2407
191679	21000.0	18	30000.0	2.1058	15.2407	0.7	18.046499999999998
191786	13000.0	18	30000.0	1.3058	18.0465	0.4333	19.785600000000002
191657	15000.0	18	30000.0	1.5058	19.7856	0.5	21.7914
191702	22000.0	18	30000.0	2.2058	21.7914	0.7333	24.7305
191731	12000.0	18	30000.0	1.2058	24.7305	0.4	26.336299999999998
191728	12000.0	18	30000.0	1.2058	26.3363	0.4	27.9421
191696	11000.0	18	30000.0	1.1058	27.9421	0.3667	29.4146
191693	26000.0	18	30000.0	2.6058	29.4146	0.8667	32.887100000000004
191705	11000.0	18	30000.0	1.1058	32.8871	0.3667	34.3596
191871	12000.0	18	30000.0	1.2058	34.3596	0.4	35.965399999999995
191870	11000.0	18	30000.0	1.1058	35.9654	0.3667	37.437900000000006
191718	13000.0	18	30000.0	1.3058	37.4379	0.4333	39.177
191719	27000.0	18	30000.0	2.7058	39.177	0.9	42.7828
191642	16000.0	18	30000.0	1.6058	42.7828	0.5333	44.9219
191847	12000.0	18	30000.0	1.2058	44.9219	0.4	46.5277
191648	12000.0	18	30000.0	1.2058	46.5277	0.4	48.133500000000005
191641	11000.0	18	30000.0	1.1058	48.1335	0.3667	49.606
191649	10000.0	18	30000.0	1.0058	49.606	0.3333	50.945100000000004
191837	19000.0	18	30000.0	1.9058	50.9451	0.6333	53.484199999999994
191651	23000.0	18	30000.0	2.3058	53.4842	0.7667	56.5567
191653	18000.0	18	30000.0	1.8058	56.5567	0.6	58.9625
191713	19000.0	18	30000.0	1.9058	58.9625	0.6333	61.501599999999996
191856	27000.0	18	30000.0	2.7058	61.5016	0.9	65.10740000000001
191684	16000.0	18	30000.0	1.6058	65.1074	0.5333	67.2465
191630	35000.0	18	30000.0	3.5058	67.2465	1.1667	71.919
191637	22000.0	18	30000.0	2.2058	71.919	0.7333	74.8581
191979	27000.0	18	30000.0	2.7058	74.8581	0.9	78.4639
191974	12000.0	18	30000.0	1.2058	78.4639	0.4	80.0697
191972	10000.0	18	30000.0	1.0058	80.0697	0.3333	81.40879999999999
192007	32000.0	18	30000.0	3.2058	81.4088	1.0667	85.6813
192003	14000.0	18	30000.0	1.4058	85.6813	0.4667	87.5538
191683	14000.0	18	30000.0	1.4058	87.5538	0.4667	89.4263
191992	21000.0	18	30000.0	2.1058	89.4263	0.7	92.2321
191990	12000.0	18	30000.0	1.2058	92.2321	0.4	93.8379
191997	12000.0	18	30000.0	1.2058	93.8379	0.4	95.4437
191966	25000.0	18	30000.0	2.5058	95.4437	0.8333	98.7828
191964	14000.0	18	30000.0	1.4058	98.7828	0.4667	100.6553
191827	17000.0	18	30000.0	1.7058	100.6553	0.5667	102.92779999999999
191934	11000.0	18	30000.0	1.1058	102.9278	0.3667	104.4003
191824	25000.0	18	30000.0	2.5058	104.4003	0.8333	107.73939999999999
191929	15000.0	18	30000.0	1.5058	107.7394	0.5	109.7452
191962	15000.0	18	30000.0	1.5058	109.7452	0.5	111.75099999999999
191958	12000.0	18	30000.0	1.2058	111.751	0.4	113.3568
191965	23000.0	18	30000.0	2.3058	113.3568	0.7667	116.42930000000001
191949	26000.0	18	30000.0	2.6058	116.4293	0.8667	119.9018
191946	15000.0	18	30000.0	1.5058	119.9018	0.5	121.90759999999999
192067	13000.0	18	30000.0	1.3058	121.9076	0.4333	123.64670000000001
192077	10000.0	18	30000.0	1.0058	123.6467	0.3333	124.98579999999998
192079	12000.0	18	30000.0	1.2058	124.9858	0.4	126.5916
191833	16000.0	18	30000.0	1.6058	126.5916	0.5333	128.73069999999998
192092	27000.0	18	30000.0	2.7058	128.7307	0.9	132.33650000000003
192089	20000.0	18	30000.0	2.0058	132.3365	0.6667	135.009
192027	12000.0	18	30000.0	1.2058	135.009	0.4	136.6148
192026	18000.0	18	30000.0	1.8058	136.6148	0.6	139.0206
192025	10000.0	18	30000.0	1.0058	139.0206	0.3333	140.3597
191831	31000.0	18	30000.0	3.1058	140.3597	1.0333	144.4988
192013	12000.0	18	30000.0	1.2058	144.4988	0.4	146.1046
191927	13000.0	18	30000.0	1.3058	146.1046	0.4333	147.8437
192031	25000.0	18	30000.0	2.5058	147.8437	0.8333	151.18280000000001
192046	19000.0	18	30000.0	1.9058	151.1828	0.6333	153.72189999999998
192041	17000.0	18	30000.0	1.7058	153.7219	0.5667	155.9944
192037	24000.0	18	30000.0	2.4058	155.9944	0.8	159.20020000000002
191915	12000.0	18	30000.0	1.2058	159.2002	0.4	160.806
191901	11000.0	18	30000.0	1.1058	160.806	0.3667	162.2785
191903	10000.0	18	30000.0	1.0058	162.2785	0.3333	163.6176
191910	11000.0	18	30000.0	1.1058	163.6176	0.3667	165.0901
191816	28000.0	18	30000.0	2.8058	165.0901	0.9333	168.82920000000001
191762	26000.0	19	30000.0	2.6058	0	0.8667	3.4725
191747	13000.0	19	30000.0	1.3058	3.4725	0.4333	5.2116
191665	14000.0	19	30000.0	1.4058	5.2116	0.4667	7.0841
191667	10000.0	19	30000.0	1.0058	7.0841	0.3333	8.4232
191754	24000.0	19	30000.0	2.4058	8.4232	0.8	11.629000000000001
191756	14000.0	19	30000.0	1.4058	11.629	0.4667	13.501499999999998
191678	30000.0	19	30000.0	3.0058	13.5015	1.0	17.5073
191799	23000.0	19	30000.0	2.3058	17.5073	0.7667	20.579800000000002
191800	23000.0	19	30000.0	2.3058	20.5798	0.7667	23.6523
191801	35000.0	19	30000.0	3.5058	23.6523	1.1667	28.3248
191890	19000.0	19	30000.0	1.9058	28.3248	0.6333	30.863899999999997
191892	17000.0	19	30000.0	1.7058	30.8639	0.5667	33.136399999999995
191885	13000.0	19	30000.0	1.3058	33.1364	0.4333	34.8755
191776	16000.0	19	30000.0	1.6058	34.8755	0.5333	37.0146
191777	8000.0	19	30000.0	0.8058	37.0146	0.2667	38.0871
191878	27000.0	19	30000.0	2.7058	38.0871	0.9	41.6929
191881	13000.0	19	30000.0	1.3058	41.6929	0.4333	43.432
191785	14000.0	19	30000.0	1.4058	43.432	0.4667	45.304500000000004
191774	21000.0	19	30000.0	2.1058	45.3045	0.7	48.1103
191703	23000.0	19	30000.0	2.3058	48.1103	0.7667	51.1828
191865	39000.0	19	30000.0	3.9058	51.1828	1.3	56.3886
191864	13000.0	19	30000.0	1.3058	56.3886	0.4333	58.1277
191699	18000.0	19	30000.0	1.8058	58.1277	0.6	60.5335
191735	9000.0	19	30000.0	0.9058	60.5335	0.3	61.73929999999999
191736	27000.0	19	30000.0	2.7058	61.7393	0.9	65.3451
191861	19000.0	19	30000.0	1.9058	65.3451	0.6333	67.8842
191704	55000.0	19	30000.0	5.5058	67.8842	1.8333	75.2233
191874	20000.0	19	30000.0	2.0058	75.2233	0.6667	77.8958
191872	24000.0	19	30000.0	2.4058	77.8958	0.8	81.10159999999999
191876	10000.0	19	30000.0	1.0058	81.1016	0.3333	82.44069999999999
191715	19000.0	19	30000.0	1.9058	82.4407	0.6333	84.97980000000001
191708	12000.0	19	30000.0	1.2058	84.9798	0.4	86.5856
191721	14000.0	19	30000.0	1.4058	86.5856	0.4667	88.4581
191722	23000.0	19	30000.0	2.3058	88.4581	0.7667	91.5306
191643	11000.0	19	30000.0	1.1058	91.5306	0.3667	93.0031
191849	11000.0	19	30000.0	1.1058	93.0031	0.3667	94.4756
191841	20000.0	19	30000.0	2.0058	94.4756	0.6667	97.1481
191740	18000.0	19	30000.0	1.8058	97.1481	0.6	99.5539
191846	14000.0	19	30000.0	1.4058	99.5539	0.4667	101.4264
191652	16000.0	19	30000.0	1.6058	101.4264	0.5333	103.5655
191741	14000.0	19	30000.0	1.4058	103.5655	0.4667	105.438
191640	15000.0	19	30000.0	1.5058	105.438	0.5	107.4438
191639	21000.0	19	30000.0	2.1058	107.4438	0.7	110.2496
191689	23000.0	19	30000.0	2.3058	110.2496	0.7667	113.3221
191688	20000.0	19	30000.0	2.0058	113.3221	0.6667	115.9946
191686	13000.0	19	30000.0	1.3058	115.9946	0.4333	117.73370000000001
191982	16000.0	19	30000.0	1.6058	117.7337	0.5333	119.8728
191973	19000.0	19	30000.0	1.9058	119.8728	0.6333	122.4119
191970	16000.0	19	30000.0	1.6058	122.4119	0.5333	124.551
191969	27000.0	19	30000.0	2.7058	124.551	0.9	128.1568
191988	8000.0	19	30000.0	0.8058	128.1568	0.2667	129.2293
192006	13000.0	19	30000.0	1.3058	129.2293	0.4333	130.9684
192005	14000.0	19	30000.0	1.4058	130.9684	0.4667	132.8409
192002	29000.0	19	30000.0	2.9058	132.8409	0.9667	136.7134
191995	10000.0	19	30000.0	1.0058	136.7134	0.3333	138.0525
191939	30000.0	19	30000.0	3.0058	138.0525	1.0	142.0583
191936	19000.0	19	30000.0	1.9058	142.0583	0.6333	144.5974
191942	24000.0	19	30000.0	2.4058	144.5974	0.8	147.8032
191963	26000.0	19	30000.0	2.6058	147.8032	0.8667	151.2757
191961	15000.0	19	30000.0	1.5058	151.2757	0.5	153.2815
191955	21000.0	19	30000.0	2.1058	153.2815	0.7	156.08729999999997
191947	17000.0	19	30000.0	1.7058	156.0873	0.5667	158.3598
192074	10000.0	19	30000.0	1.0058	158.3598	0.3333	159.6989
192068	22000.0	19	30000.0	2.2058	159.6989	0.7333	162.63800000000003
192080	24000.0	19	30000.0	2.4058	162.638	0.8	165.84380000000002
192096	16000.0	19	30000.0	1.6058	165.8438	0.5333	167.98289999999997
192091	10000.0	19	30000.0	1.0058	167.9829	0.3333	169.322
192086	12000.0	19	30000.0	1.2058	169.322	0.4	170.92780000000002
192090	28000.0	19	30000.0	2.8058	170.9278	0.9333	174.6669
192055	32000.0	19	30000.0	3.2058	174.6669	1.0667	178.9394
192022	29000.0	19	30000.0	2.9058	178.9394	0.9667	182.8119
192019	25000.0	19	30000.0	2.5058	182.8119	0.8333	186.151
192052	16000.0	19	30000.0	1.6058	186.151	0.5333	188.2901
192044	11000.0	19	30000.0	1.1058	188.2901	0.3667	189.7626
192039	13000.0	19	30000.0	1.3058	189.7626	0.4333	191.5017
191902	13000.0	19	30000.0	1.3058	191.5017	0.4333	193.2408
191916	14000.0	19	30000.0	1.4058	193.2408	0.4667	195.1133
191822	29000.0	19	30000.0	2.9058	195.1133	0.9667	198.9858
191912	15000.0	19	30000.0	1.5058	198.9858	0.5	200.9916
191905	27000.0	19	30000.0	2.7058	200.9916	0.9	204.59740000000002
191904	30000.0	19	30000.0	3.0058	204.5974	1.0	208.6032
191896	36000.0	19	30000.0	3.6058	208.6032	1.2	213.40899999999996
5549280	2000.0	0	500.0	0.2	600.2	4.0	604.4000000000001
5549281	3000.0	0	500.0	0.3	604.4	6.0	610.6999999999999
5549279	3000.0	5	4000.0	0.3038	0	0.75	1.0538
5549278	3000.0	6	5000.0	0.3038	0	0.6	0.9037999999999999
5618302	118000.0	4	4000.0	11.8038	0	29.5	41.3038
5619926	124000.0	4	4000.0	12.4038	41.3038	31.0	84.7076
5619515	120000.0	4	4000.0	12.0038	84.7076	30.0	126.7114
5620100	163000.0	4	4000.0	16.3038	126.7114	40.75	183.7652
5618720	116000.0	4	4000.0	11.6038	183.7652	29.0	224.369
5619135	171000.0	4	4000.0	17.1038	224.369	42.75	284.2228
5618419	125000.0	4	4000.0	12.5038	284.2228	31.25	327.9766
5617534	129000.0	4	4000.0	12.9038	327.9766	32.25	373.1304
5618969	116000.0	4	4000.0	11.6038	373.1304	29.0	413.7342
5619799	155000.0	4	4000.0	15.5038	413.7342	38.75	467.988
5619872	172000.0	4	4000.0	17.2038	467.988	43.0	528.1918000000001
5619546	163000.0	4	4000.0	16.3038	528.1918	40.75	585.2456
5618985	119000.0	4	4000.0	11.9038	585.2456	29.75	626.8994
5618989	171000.0	4	4000.0	17.1038	626.8994	42.75	686.7532
5619009	172000.0	4	4000.0	17.2038	686.7532	43.0	746.957
5619139	159000.0	4	4000.0	15.9038	746.957	39.75	802.6108
5619853	160000.0	4	4000.0	16.0038	802.6108	40.0	858.6146
5617547	165000.0	4	4000.0	16.5038	858.6146	41.25	916.3684
5619053	154000.0	4	4000.0	15.4038	916.3684	38.5	970.2722
5619028	123000.0	4	4000.0	12.3038	970.2722	30.75	1013.326
5619526	122000.0	4	4000.0	12.2038	1013.326	30.5	1056.0298
5619284	117000.0	4	4000.0	11.7038	1056.0298	29.25	1096.9836
5619285	175000.0	4	4000.0	17.5038	1096.9836	43.75	1158.2374
5617325	170000.0	4	4000.0	17.0038	1158.2374	42.5	1217.7412
5617358	127000.0	4	4000.0	12.7038	1217.7412	31.75	1262.195
5619029	148000.0	4	4000.0	14.8038	1262.195	37.0	1313.9987999999998
5617351	132000.0	4	4000.0	13.2038	1313.9988	33.0	1360.2026
5619679	132000.0	4	4000.0	13.2038	1360.2026	33.0	1406.4064
5618263	119000.0	4	4000.0	11.9038	1406.4064	29.75	1448.0602000000001
5619461	135000.0	4	4000.0	13.5038	1448.0602	33.75	1495.3139999999999
5617603	120000.0	4	4000.0	12.0038	1495.314	30.0	1537.3178
5618607	146000.0	4	4000.0	14.6038	1537.3178	36.5	1588.4216000000001
5620008	135000.0	4	4000.0	13.5038	1588.4216	33.75	1635.6753999999999
5619666	124000.0	4	4000.0	12.4038	1635.6754	31.0	1679.0792000000001
5618033	117000.0	4	4000.0	11.7038	1679.0792	29.25	1720.033
5617203	124000.0	4	4000.0	12.4038	1720.033	31.0	1763.4368
5619665	117000.0	4	4000.0	11.7038	1763.4368	29.25	1804.3906
5619427	148000.0	4	4000.0	14.8038	1804.3906	37.0	1856.1943999999999
5618008	113000.0	4	4000.0	11.3038	1856.1944	28.25	1895.7482
5617798	148000.0	4	4000.0	14.8038	1895.7482	37.0	1947.552
5617998	148000.0	4	4000.0	14.8038	1947.552	37.0	1999.3557999999998
5618890	120000.0	4	4000.0	12.0038	1999.3558	30.0	2041.3596
5618384	169000.0	4	4000.0	16.9038	2041.3596	42.25	2100.5134
5618167	120000.0	4	4000.0	12.0038	2100.5134	30.0	2142.5172
5619673	126000.0	4	4000.0	12.6038	2142.5172	31.5	2186.6209999999996
5619358	119000.0	4	4000.0	11.9038	2186.621	29.75	2228.2748
5619074	169000.0	4	4000.0	16.9038	2228.2748	42.25	2287.4286
5618397	171000.0	4	4000.0	17.1038	2287.4286	42.75	2347.2824
5617575	113000.0	4	4000.0	11.3038	2347.2824	28.25	2386.8362
5617538	128000.0	4	4000.0	12.8038	2386.8362	32.0	2431.6400000000003
5617946	122000.0	4	4000.0	12.2038	2431.64	30.5	2474.3437999999996
5618116	164000.0	4	4000.0	16.4038	2474.3438	41.0	2531.7476
5619117	119000.0	4	4000.0	11.9038	2531.7476	29.75	2573.4014
5617801	150000.0	4	4000.0	15.0038	2573.4014	37.5	2625.9052
5619650	173000.0	4	4000.0	17.3038	2625.9052	43.25	2686.4590000000003
5617211	115000.0	4	4000.0	11.5038	2686.459	28.75	2726.7128
5618660	130000.0	4	4000.0	13.0038	2726.7128	32.5	2772.2165999999997
5619674	183000.0	4	4000.0	18.3038	2772.2166	45.75	2836.2704000000003
5618657	121000.0	4	4000.0	12.1038	2836.2704	30.25	2878.6241999999997
5619717	115000.0	4	4000.0	11.5038	2878.6242	28.75	2918.878
5618059	116000.0	4	4000.0	11.6038	2918.878	29.0	2959.4818
5617864	146000.0	4	4000.0	14.6038	2959.4818	36.5	3010.5856
5618202	160000.0	4	4000.0	16.0038	3010.5856	40.0	3066.5894
5618219	175000.0	4	4000.0	17.5038	3066.5894	43.75	3127.8432
5619591	162000.0	4	4000.0	16.2038	3127.8432	40.5	3184.5469999999996
5619217	169000.0	4	4000.0	16.9038	3184.547	42.25	3243.7008
5618757	165000.0	4	4000.0	16.5038	3243.7008	41.25	3301.4546
5619583	117000.0	4	4000.0	11.7038	3301.4546	29.25	3342.4084
5620221	128000.0	4	4000.0	12.8038	3342.4084	32.0	3387.2122
5617523	171000.0	4	4000.0	17.1038	3387.2122	42.75	3447.066
5620215	167000.0	4	4000.0	16.7038	3447.066	41.75	3505.5198
5619884	154000.0	4	4000.0	15.4038	3505.5198	38.5	3559.4236
5618088	151000.0	4	4000.0	15.1038	3559.4236	37.75	3612.2774
5619739	166000.0	4	4000.0	16.6038	3612.2774	41.5	3670.3812
5619371	135000.0	4	4000.0	13.5038	3670.3812	33.75	3717.6349999999998
5617506	131000.0	4	4000.0	13.1038	3717.635	32.75	3763.4888
5617505	116000.0	4	4000.0	11.6038	3763.4888	29.0	3804.0926
5617503	142000.0	4	4000.0	14.2038	3804.0926	35.5	3853.7963999999997
5617495	172000.0	4	4000.0	17.2038	3853.7964	43.0	3914.0002000000004
5619375	114000.0	4	4000.0	11.4038	3914.0002	28.5	3953.904
5620197	127000.0	4	4000.0	12.7038	3953.904	31.75	3998.3577999999998
5619572	125000.0	4	4000.0	12.5038	3998.3578	31.25	4042.1116
5620196	116000.0	4	4000.0	11.6038	4042.1116	29.0	4082.7154
5617898	166000.0	4	4000.0	16.6038	4082.7154	41.5	4140.8192
5619379	156000.0	4	4000.0	15.6038	4140.8192	39.0	4195.423
5619785	146000.0	4	4000.0	14.6038	4195.423	36.5	4246.5268
5617377	156000.0	4	4000.0	15.6038	4246.5268	39.0	4301.1305999999995
5620188	122000.0	4	4000.0	12.2038	4301.1306	30.5	4343.834400000001
5619269	131000.0	4	4000.0	13.1038	4343.8344	32.75	4389.6882
5617644	118000.0	4	4000.0	11.8038	4389.6882	29.5	4430.991999999999
5617456	134000.0	4	4000.0	13.4038	4430.992	33.5	4477.8958
5618961	116000.0	4	4000.0	11.6038	4477.8958	29.0	4518.4996
5618747	179000.0	4	4000.0	17.9038	4518.4996	44.75	4581.1534
5619593	169000.0	4	4000.0	16.9038	4581.1534	42.25	4640.3072
5618770	149000.0	4	4000.0	14.9038	4640.3072	37.25	4692.461
5618724	124000.0	4	4000.0	12.4038	4692.461	31.0	4735.8648
5619915	154000.0	4	4000.0	15.4038	4735.8648	38.5	4789.7686
5617840	164000.0	4	4000.0	16.4038	4789.7686	41.0	4847.1724
5618405	43000.0	7	5000.0	4.3038	0	8.6	12.9038
5619245	43000.0	7	5000.0	4.3038	12.9038	8.6	25.8076
5619339	46000.0	7	5000.0	4.6038	25.8076	9.2	39.6114
5619509	74000.0	8	5000.0	7.4067	0	14.8	22.2067
5617162	65000.0	8	5000.0	6.5067	22.2067	13.0	41.7134
5619858	1000.0	14	12000.0	0.1	165.7664	0.0833	165.9497
5618550	1000.0	14	12000.0	0.1	165.9497	0.0833	166.133
5618917	49000.0	0	500.0	4.9	585.7	98.0	688.6
5618646	43000.0	0	500.0	4.3	688.6	86.0	778.9
5619952	53000.0	0	500.0	5.3	778.9	106.0	890.1999999999999
5618137	52000.0	0	500.0	5.2	890.2	104.0	999.4000000000001
5617214	45000.0	0	500.0	4.5	999.4	90.0	1093.9
5619615	48000.0	0	500.0	4.8	1093.9	96.0	1194.7
5619353	46000.0	0	500.0	4.6	1194.7	92.0	1291.3
5619783	55000.0	0	500.0	5.5	1291.3	110.0	1406.8
5618562	58000.0	0	500.0	5.8	1406.8	116.0	1528.6
5619123	51000.0	0	500.0	5.1	1528.6	102.0	1635.6999999999998
5619274	49000.0	0	500.0	4.9	1635.7	98.0	1738.6000000000001
5618136	51000.0	0	500.0	5.1	1738.6	102.0	1845.6999999999998
5618070	54000.0	0	500.0	5.4	1845.7	108.0	1959.1000000000001
5617248	51000.0	0	500.0	5.1	1959.1	102.0	2066.2
5618967	49000.0	9	6000.0	4.9067	0	8.1667	13.0734
5619478	52000.0	9	6000.0	5.2067	13.0734	8.6667	26.946799999999996
5618844	48000.0	9	6000.0	4.8067	26.9468	8.0	39.7535
5618924	46000.0	9	6000.0	4.6067	39.7535	7.6667	52.026900000000005
5619712	49000.0	9	6000.0	4.9067	52.0269	8.1667	65.1003
5618503	49000.0	9	6000.0	4.9067	65.1003	8.1667	78.17370000000001
5618690	54000.0	9	6000.0	5.4067	78.1737	9.0	92.5804
5619551	56000.0	9	6000.0	5.6067	92.5804	9.3333	107.5204
5617976	48000.0	9	6000.0	4.8067	107.5204	8.0	120.3271
5617940	43000.0	9	6000.0	4.3067	120.3271	7.1667	131.8005
5617404	51000.0	10	6000.0	5.1067	0	8.5	13.6067
5618196	50000.0	10	6000.0	5.0067	13.6067	8.3333	26.9467
5618294	41000.0	10	6000.0	4.1067	26.9467	6.8333	37.8867
5618071	55000.0	10	6000.0	5.5067	37.8867	9.1667	52.5601
5617837	45000.0	11	6000.0	4.5067	6.8602	7.5	18.8669
5619918	55000.0	11	6000.0	5.5067	18.8669	9.1667	33.5403
5619370	47000.0	11	6000.0	4.7067	33.5403	7.8333	46.0803
5618988	57000.0	12	6000.0	5.7	0	9.5	15.2
5620159	53000.0	12	6000.0	5.3	15.2	8.8333	29.3333
5618526	50000.0	12	6000.0	5.0	29.3333	8.3333	42.6666
5618031	52000.0	12	6000.0	5.2	42.6666	8.6667	56.533300000000004
5617317	45000.0	12	6000.0	4.5	56.5333	7.5	68.5333
5619758	54000.0	12	6000.0	5.4	68.5333	9.0	82.9333
5619597	43000.0	12	6000.0	4.3	82.9333	7.1667	94.4
5620141	44000.0	13	8000.0	4.4	0	5.5	9.9
5618677	47000.0	13	8000.0	4.7	9.9	5.875	20.475
5619256	55000.0	13	8000.0	5.5	20.475	6.875	32.85
5617462	197000.0	13	8000.0	19.7	32.85	24.625	77.175
5619032	53000.0	13	8000.0	5.3	77.175	6.625	89.1
5617785	49000.0	13	8000.0	4.9	89.1	6.125	100.125
5619161	48000.0	13	8000.0	4.8	100.125	6.0	110.925
5619000	50000.0	13	8000.0	5.0	110.925	6.25	122.175
5618958	50000.0	14	12000.0	5.0	165.133	4.1667	174.2997
5618687	46000.0	14	12000.0	4.6	174.2997	3.8333	182.733
5617897	50000.0	14	12000.0	5.0	182.733	4.1667	191.8997
5618445	50000.0	14	12000.0	5.0	191.8997	4.1667	201.0664
5618882	46000.0	14	12000.0	4.6	201.0664	3.8333	209.4997
5618879	54000.0	14	12000.0	5.4	209.4997	4.5	219.3997
5618792	48000.0	14	12000.0	4.8	219.3997	4.0	228.1997
5617695	48000.0	14	12000.0	4.8	228.1997	4.0	236.99970000000002
5619424	55000.0	14	12000.0	5.5	236.9997	4.5833	247.083
5620206	59000.0	14	12000.0	5.9	247.083	4.9167	257.8997
5619244	53000.0	14	12000.0	5.3	257.8997	4.4167	267.6164
5619153	54000.0	14	12000.0	5.4	267.6164	4.5	277.5164
5617529	53000.0	14	12000.0	5.3	277.5164	4.4167	287.2331
5619305	55000.0	14	12000.0	5.5	287.2331	4.5833	297.3164
5619585	59000.0	14	12000.0	5.9	297.3164	4.9167	308.13309999999996
5618496	48000.0	14	12000.0	4.8	308.1331	4.0	316.9331
5619722	44000.0	14	12000.0	4.4	316.9331	3.6667	324.9998
5619794	51000.0	14	12000.0	5.1	324.9998	4.25	334.3498
5617816	48000.0	14	12000.0	4.8	334.3498	4.0	343.1498
5617173	50000.0	14	12000.0	5.0	343.1498	4.1667	352.3165
5619070	54000.0	14	12000.0	5.4	352.3165	4.5	362.2165
5619631	48000.0	14	12000.0	4.8	362.2165	4.0	371.0165
5618940	53000.0	14	12000.0	5.3	371.0165	4.4167	380.7332
5619565	51000.0	15	16000.0	5.1	168.5375	3.1875	176.825
5619874	49000.0	15	16000.0	4.9	176.825	3.0625	184.7875
5618672	44000.0	15	16000.0	4.4	184.7875	2.75	191.9375
5618976	56000.0	15	16000.0	5.6	191.9375	3.5	201.0375
5617181	58000.0	15	16000.0	5.8	201.0375	3.625	210.4625
5618004	48000.0	15	16000.0	4.8	210.4625	3.0	218.26250000000002
5619388	44000.0	15	16000.0	4.4	218.2625	2.75	225.4125
5617275	53000.0	15	16000.0	5.3	225.4125	3.3125	234.025
5618759	53000.0	15	16000.0	5.3	234.025	3.3125	242.63750000000002
5618413	54000.0	15	16000.0	5.4	242.6375	3.375	251.4125
5619826	54000.0	15	16000.0	5.4	251.4125	3.375	260.1875
5618731	56000.0	15	16000.0	5.6	260.1875	3.5	269.2875
5620211	44000.0	15	16000.0	4.4	269.2875	2.75	276.4375
5619643	137000.0	15	16000.0	13.7	276.4375	8.5625	298.7
5619574	58000.0	15	16000.0	5.8	298.7	3.625	308.125
5619066	61000.0	15	16000.0	6.1	308.125	3.8125	318.0375
5617626	52000.0	15	16000.0	5.2	318.0375	3.25	326.4875
5620125	46000.0	15	16000.0	4.6	326.4875	2.875	333.96250000000003
5618401	42000.0	15	16000.0	4.2	333.9625	2.625	340.78749999999997
5617244	57000.0	15	16000.0	5.7	340.7875	3.5625	350.05
5617967	56000.0	16	18000.0	5.6058	170.7185	3.1111	179.4354
5617598	50000.0	16	18000.0	5.0058	179.4354	2.7778	187.219
5617742	44000.0	16	18000.0	4.4058	187.219	2.4444	194.0692
5619129	55000.0	16	18000.0	5.5058	194.0692	3.0556	202.6306
5617492	57000.0	16	18000.0	5.7058	202.6306	3.1667	211.5031
5619280	57000.0	16	18000.0	5.7058	211.5031	3.1667	220.3756
5617666	49000.0	16	18000.0	4.9058	220.3756	2.7222	228.00359999999998
5618901	50000.0	16	18000.0	5.0058	228.0036	2.7778	235.7872
5620154	48000.0	16	18000.0	4.8058	235.7872	2.6667	243.2597
5618791	45000.0	16	18000.0	4.5058	243.2597	2.5	250.2655
5619443	49000.0	16	18000.0	4.9058	250.2655	2.7222	257.8935
5618377	48000.0	16	18000.0	4.8058	257.8935	2.6667	265.366
5619234	58000.0	16	18000.0	5.8058	265.366	3.2222	274.39399999999995
5618011	50000.0	16	18000.0	5.0058	274.394	2.7778	282.17760000000004
5619273	51000.0	16	18000.0	5.1058	282.1776	2.8333	290.1167
5619846	53000.0	16	18000.0	5.3058	290.1167	2.9444	298.36689999999993
5618436	49000.0	16	18000.0	4.9058	298.3669	2.7222	305.9949
5619215	54000.0	16	18000.0	5.4058	305.9949	3.0	314.4007
5617349	54000.0	16	18000.0	5.4058	314.4007	3.0	322.80649999999997
5617147	49000.0	16	18000.0	4.9058	322.8065	2.7222	330.4345
5617915	47000.0	16	18000.0	4.7058	330.4345	2.6111	337.75140000000005
5618825	51000.0	16	18000.0	5.1058	337.7514	2.8333	345.6905
5618774	54000.0	16	18000.0	5.4058	345.6905	3.0	354.0963
5617900	47000.0	16	18000.0	4.7058	354.0963	2.6111	361.4132
5620036	57000.0	16	18000.0	5.7058	361.4132	3.1667	370.2857
5618465	45000.0	16	18000.0	4.5058	370.2857	2.5	377.29150000000004
5619986	51000.0	16	18000.0	5.1058	377.2915	2.8333	385.2306
5620222	51000.0	16	18000.0	5.1058	385.2306	2.8333	393.1697
5619686	54000.0	16	18000.0	5.4058	393.1697	3.0	401.5755
5619859	59000.0	16	18000.0	5.9058	401.5755	3.2778	410.7591
5617710	50000.0	16	18000.0	5.0058	410.7591	2.7778	418.5427
5620108	53000.0	17	24000.0	5.3058	138.4746	2.2083	145.98870000000002
5618245	64000.0	17	24000.0	6.4058	145.9887	2.6667	155.06119999999999
5618922	44000.0	17	24000.0	4.4058	155.0612	1.8333	161.30030000000002
5618056	52000.0	17	24000.0	5.2058	161.3003	2.1667	168.6728
5618246	53000.0	17	24000.0	5.3058	168.6728	2.2083	176.1869
5618225	46000.0	17	24000.0	4.6058	176.1869	1.9167	182.7094
5619561	48000.0	17	24000.0	4.8058	182.7094	2.0	189.5152
5618904	45000.0	17	24000.0	4.5058	189.5152	1.875	195.896
5620166	42000.0	17	24000.0	4.2058	195.896	1.75	201.8518
5617831	49000.0	17	24000.0	4.9058	201.8518	2.0417	208.7993
5618032	48000.0	17	24000.0	4.8058	208.7993	2.0	215.6051
5619660	47000.0	17	24000.0	4.7058	215.6051	1.9583	222.2692
5618014	44000.0	17	24000.0	4.4058	222.2692	1.8333	228.50830000000002
5618076	168000.0	17	24000.0	16.8058	228.5083	7.0	252.3141
5617303	55000.0	17	24000.0	5.5058	252.3141	2.2917	260.1116
5619519	44000.0	17	24000.0	4.4058	260.1116	1.8333	266.3507
5620224	53000.0	17	24000.0	5.3058	266.3507	2.2083	273.8648
5618488	47000.0	17	24000.0	4.7058	273.8648	1.9583	280.5289
5617914	54000.0	17	24000.0	5.4058	280.5289	2.25	288.1847
5619065	48000.0	17	24000.0	4.8058	288.1847	2.0	294.9905
5617585	47000.0	17	24000.0	4.7058	294.9905	1.9583	301.6546
5619481	44000.0	17	24000.0	4.4058	301.6546	1.8333	307.8937
5620212	46000.0	17	24000.0	4.6058	307.8937	1.9167	314.4162
5617249	49000.0	17	24000.0	4.9058	314.4162	2.0417	321.3637
5618955	52000.0	17	24000.0	5.2058	321.3637	2.1667	328.7362
5617210	51000.0	18	30000.0	5.1058	130.8292	1.7	137.63499999999996
5617791	53000.0	18	30000.0	5.3058	137.635	1.7667	144.70749999999998
5618913	54000.0	18	30000.0	5.4058	144.7075	1.8	151.91330000000002
5619121	40000.0	18	30000.0	4.0058	151.9133	1.3333	157.2524
5620198	45000.0	18	30000.0	4.5058	157.2524	1.5	163.2582
5619989	53000.0	18	30000.0	5.3058	163.2582	1.7667	170.33069999999998
5617807	48000.0	18	30000.0	4.8058	170.3307	1.6	176.7365
5620019	53000.0	18	30000.0	5.3058	176.7365	1.7667	183.809
5617435	70000.0	18	30000.0	7.0058	183.809	2.3333	193.1481
5618325	55000.0	18	30000.0	5.5058	193.1481	1.8333	200.4872
5618159	59000.0	18	30000.0	5.9058	200.4872	1.9667	208.3597
5617469	149000.0	18	30000.0	14.9058	208.3597	4.9667	228.2322
5617618	57000.0	18	30000.0	5.7058	228.2322	1.9	235.83800000000002
5619120	52000.0	18	30000.0	5.2058	235.838	1.7333	242.77710000000002
5617311	178000.0	18	30000.0	17.8058	242.7771	5.9333	266.51619999999997
5618729	46000.0	18	30000.0	4.6058	266.5162	1.5333	272.6553
5619542	47000.0	18	30000.0	4.7058	272.6553	1.5667	278.92780000000005
5619738	51000.0	18	30000.0	5.1058	278.9278	1.7	285.73359999999997
5619841	56000.0	18	30000.0	5.6058	285.7336	1.8667	293.2061
5617346	54000.0	18	30000.0	5.4058	293.2061	1.8	300.4119
5619754	48000.0	18	30000.0	4.8058	300.4119	1.6	306.8177
5618485	49000.0	18	30000.0	4.9058	306.8177	1.6333	313.3568
5618760	58000.0	18	30000.0	5.8058	313.3568	1.9333	321.0959
5617220	51000.0	18	30000.0	5.1058	321.0959	1.7	327.90169999999995
5620062	55000.0	18	30000.0	5.5058	327.9017	1.8333	335.24080000000004
5617256	55000.0	18	30000.0	5.5058	335.2408	1.8333	342.5799
5619108	46000.0	18	30000.0	4.6058	342.5799	1.5333	348.719
5620218	56000.0	18	30000.0	5.6058	348.719	1.8667	356.19149999999996
5620000	49000.0	19	30000.0	4.9058	175.409	1.6333	181.94809999999998
5618639	54000.0	19	30000.0	5.4058	181.9481	1.8	189.15390000000002
5618856	56000.0	19	30000.0	5.6058	189.1539	1.8667	196.6264
5617746	48000.0	19	30000.0	4.8058	196.6264	1.6	203.0322
5618860	57000.0	19	30000.0	5.7058	203.0322	1.9	210.638
5617180	46000.0	19	30000.0	4.6058	210.638	1.5333	216.7771
5618229	45000.0	19	30000.0	4.5058	216.7771	1.5	222.78289999999998
5618889	57000.0	19	30000.0	5.7058	222.7829	1.9	230.38870000000003
5617391	51000.0	19	30000.0	5.1058	230.3887	1.7	237.19449999999998
5619270	53000.0	19	30000.0	5.3058	237.1945	1.7667	244.267
5618716	55000.0	19	30000.0	5.5058	244.267	1.8333	251.6061
5617312	54000.0	19	30000.0	5.4058	251.6061	1.8	258.81190000000004
5619808	54000.0	19	30000.0	5.4058	258.8119	1.8	266.0177
5617268	60000.0	19	30000.0	6.0058	266.0177	2.0	274.0235
5619516	50000.0	19	30000.0	5.0058	274.0235	1.6667	280.696
5619182	46000.0	19	30000.0	4.6058	280.696	1.5333	286.8351
5619187	60000.0	19	30000.0	6.0058	286.8351	2.0	294.84090000000003
5618303	49000.0	19	30000.0	4.9058	294.8409	1.6333	301.38
5619935	50000.0	19	30000.0	5.0058	301.38	1.6667	308.0525
5617942	53000.0	19	30000.0	5.3058	308.0525	1.7667	315.125
5617512	47000.0	19	30000.0	4.7058	315.125	1.5667	321.39750000000004
5618992	53000.0	19	30000.0	5.3058	321.3975	1.7667	328.46999999999997
5619892	42000.0	19	30000.0	4.2058	328.47	1.4	334.0758
5618058	43000.0	19	30000.0	4.3058	334.0758	1.4333	339.81489999999997
5619364	51000.0	19	30000.0	5.1058	339.8149	1.7	346.6207
5619817	46000.0	19	30000.0	4.6058	346.6207	1.5333	352.7598
5619497	47000.0	19	30000.0	4.7058	352.7598	1.5667	359.0323
5617536	49000.0	19	30000.0	4.9058	359.0323	1.6333	365.57140000000004
5618943	43000.0	19	30000.0	4.3058	365.5714	1.4333	371.31049999999993
5617516	53000.0	19	30000.0	5.3058	371.3105	1.7667	378.383
5619208	57000.0	0	500.0	5.7	2065.2	114.0	2184.8999999999996
5617537	51000.0	0	500.0	5.1	2184.9	102.0	2292.0
5619149	53000.0	0	500.0	5.3	2292.0	106.0	2403.3
5617405	53000.0	0	500.0	5.3	2403.3	106.0	2514.6000000000004
5617399	54000.0	0	500.0	5.4	2514.6	108.0	2628.0
5617348	44000.0	0	500.0	4.4	2628.0	88.0	2720.4
5619052	48000.0	0	500.0	4.8	2720.4	96.0	2821.2000000000003
5617578	72000.0	0	500.0	7.2	2821.2	144.0	2972.3999999999996
5619098	55000.0	0	500.0	5.5	2972.4	110.0	3087.9
5617591	54000.0	0	500.0	5.4	3087.9	108.0	3201.3
5617621	52000.0	0	500.0	5.2	3201.3	104.0	3310.5
5619545	55000.0	0	500.0	5.5	3310.5	110.0	3426.0
5619447	55000.0	0	500.0	5.5	3426.0	110.0	3541.5
5619608	60000.0	0	500.0	6.0	3541.5	120.0	3667.5
5619621	53000.0	0	500.0	5.3	3667.5	106.0	3778.8
5617259	47000.0	0	500.0	4.7	3778.8	94.0	3877.5
5619323	49000.0	0	500.0	4.9	3877.5	98.0	3980.4
5617178	56000.0	0	500.0	5.6	3980.4	112.0	4098.0
5618247	51000.0	0	500.0	5.1	4098.0	102.0	4205.1
5618237	55000.0	0	500.0	5.5	4205.1	110.0	4320.6
5618279	54000.0	0	500.0	5.4	4320.6	108.0	4434.0
5617705	48000.0	0	500.0	4.8	4434.0	96.0	4534.8
5618037	48000.0	0	500.0	4.8	4534.8	96.0	4635.6
5618038	55000.0	0	500.0	5.5	4635.6	110.0	4751.1
5617910	47000.0	0	500.0	4.7	4751.1	94.0	4849.8
5617970	53000.0	0	500.0	5.3	4849.8	106.0	4961.1
5618169	56000.0	0	500.0	5.6	4961.1	112.0	5078.700000000001
5617660	55000.0	0	500.0	5.5	5078.7	110.0	5194.2
5617820	51000.0	0	500.0	5.1	5194.2	102.0	5301.3
5618737	51000.0	0	500.0	5.1	5301.3	102.0	5408.400000000001
5618648	60000.0	0	500.0	6.0	5408.4	120.0	5534.4
5618752	47000.0	0	500.0	4.7	5534.4	94.0	5633.099999999999
5618843	54000.0	0	500.0	5.4	5633.1	108.0	5746.5
5618858	52000.0	0	500.0	5.2	5746.5	104.0	5855.7
5618875	46000.0	0	500.0	4.6	5855.7	92.0	5952.3
5618789	45000.0	0	500.0	4.5	5952.3	90.0	6046.8
5618571	48000.0	0	500.0	4.8	6046.8	96.0	6147.6
5618592	48000.0	0	500.0	4.8	6147.6	96.0	6248.400000000001
5618587	62000.0	0	500.0	6.2	6248.4	124.0	6378.599999999999
5618561	50000.0	0	500.0	5.0	6378.6	100.0	6483.6
5618530	51000.0	0	500.0	5.1	6483.6	102.0	6590.700000000001
5620032	50000.0	0	500.0	5.0	6590.7	100.0	6695.7
5619759	54000.0	0	500.0	5.4	6695.7	108.0	6809.099999999999
5620234	60000.0	0	500.0	6.0	6809.1	120.0	6935.1
5620076	54000.0	0	500.0	5.4	6935.1	108.0	7048.5
5620140	59000.0	0	500.0	5.9	7048.5	118.0	7172.4
5618685	47000.0	9	6000.0	4.7067	130.8005	7.8333	143.34050000000002
5618625	56000.0	9	6000.0	5.6067	143.3405	9.3333	158.2805
5618181	53000.0	10	6000.0	5.3067	51.5601	8.8333	65.70009999999999
5618637	48000.0	10	6000.0	4.8067	65.7001	8.0	78.50680000000001
5617865	60000.0	11	6000.0	6.0067	45.0803	10.0	61.087
5617994	55000.0	11	6000.0	5.5067	61.087	9.1667	75.7604
5618164	60000.0	12	6000.0	6.0	93.4	10.0	109.4
5617957	52000.0	12	6000.0	5.2	109.4	8.6667	123.26670000000001
5618697	51000.0	12	6000.0	5.1	123.2667	8.5	136.8667
5618113	63000.0	14	12000.0	6.3	379.7332	5.25	391.2832
5617524	59000.0	14	12000.0	5.9	391.2832	4.9167	402.0999
5617499	56000.0	14	12000.0	5.6	402.0999	4.6667	412.3666
5619155	55000.0	14	12000.0	5.5	412.3666	4.5833	422.4499
5619225	59000.0	14	12000.0	5.9	422.4499	4.9167	433.2666
5617532	59000.0	14	12000.0	5.9	433.2666	4.9167	444.08329999999995
5617484	49000.0	14	12000.0	4.9	444.0833	4.0833	453.0666
5617483	48000.0	14	12000.0	4.8	453.0666	4.0	461.8666
5617406	52000.0	14	12000.0	5.2	461.8666	4.3333	471.3999
5617403	50000.0	14	12000.0	5.0	471.3999	4.1667	480.5666
5617392	51000.0	14	12000.0	5.1	480.5666	4.25	489.9166
5619233	54000.0	14	12000.0	5.4	489.9166	4.5	499.8166
5619246	59000.0	14	12000.0	5.9	499.8166	4.9167	510.63329999999996
5617452	51000.0	14	12000.0	5.1	510.6333	4.25	519.9833
5617430	55000.0	14	12000.0	5.5	519.9833	4.5833	530.0666
5617543	47000.0	14	12000.0	4.7	530.0666	3.9167	538.6833
5618998	48000.0	14	12000.0	4.8	538.6833	4.0	547.4833
5619001	51000.0	14	12000.0	5.1	547.4833	4.25	556.8333
5619035	45000.0	14	12000.0	4.5	556.8333	3.75	565.0833
5618915	49000.0	14	12000.0	4.9	565.0833	4.0833	574.0666
5618983	49000.0	14	12000.0	4.9	574.0666	4.0833	583.0499
5618956	50000.0	14	12000.0	5.0	583.0499	4.1667	592.2166
5618960	60000.0	14	12000.0	6.0	592.2166	5.0	603.2166
5619091	51000.0	14	12000.0	5.1	603.2166	4.25	612.5666
5619094	46000.0	14	12000.0	4.6	612.5666	3.8333	620.9999
5617588	56000.0	14	12000.0	5.6	620.9999	4.6667	631.2666
5617587	53000.0	14	12000.0	5.3	631.2666	4.4167	640.9833
5619130	51000.0	14	12000.0	5.1	640.9833	4.25	650.3333
5619138	53000.0	14	12000.0	5.3	650.3333	4.4167	660.05
5617550	62000.0	14	12000.0	6.2	660.05	5.1667	671.4167
5617624	45000.0	14	12000.0	4.5	671.4167	3.75	679.6667
5617599	49000.0	14	12000.0	4.9	679.6667	4.0833	688.65
5619512	54000.0	14	12000.0	5.4	688.65	4.5	698.55
5619522	57000.0	14	12000.0	5.7	698.55	4.75	709.0
5619537	57000.0	14	12000.0	5.7	709.0	4.75	719.45
5619494	55000.0	14	12000.0	5.5	719.45	4.5833	729.5333
5619488	47000.0	14	12000.0	4.7	729.5333	3.9167	738.1500000000001
5619419	49000.0	14	12000.0	4.9	738.15	4.0833	747.1333
5619422	44000.0	14	12000.0	4.4	747.1333	3.6667	755.1999999999999
5619472	53000.0	14	12000.0	5.3	755.2	4.4167	764.9167
5619642	50000.0	14	12000.0	5.0	764.9167	4.1667	774.0834
5619659	50000.0	14	12000.0	5.0	774.0834	4.1667	783.2501
5619606	50000.0	14	12000.0	5.0	783.2501	4.1667	792.4168
5619406	56000.0	14	12000.0	5.6	792.4168	4.6667	802.6835
5617296	50000.0	14	12000.0	5.0	802.6835	4.1667	811.8502
5617277	59000.0	14	12000.0	5.9	811.8502	4.9167	822.6668999999999
5619308	58000.0	14	12000.0	5.8	822.6669	4.8333	833.3002
5617260	56000.0	14	12000.0	5.6	833.3002	4.6667	843.5669
5617334	48000.0	14	12000.0	4.8	843.5669	4.0	852.3669
5617314	53000.0	14	12000.0	5.3	852.3669	4.4167	862.0835999999999
5619295	47000.0	14	12000.0	4.7	862.0836	3.9167	870.7003000000001
5617243	53000.0	14	12000.0	5.3	870.7003	4.4167	880.4169999999999
5619347	56000.0	14	12000.0	5.6	880.417	4.6667	890.6837
5619355	56000.0	14	12000.0	5.6	890.6837	4.6667	900.9504000000001
5617227	52000.0	14	12000.0	5.2	900.9504	4.3333	910.4837
5617184	63000.0	14	12000.0	6.3	910.4837	5.25	922.0337
5617216	59000.0	14	12000.0	5.9	922.0337	4.9167	932.8503999999999
5618903	57000.0	14	12000.0	5.7	932.8504	4.75	943.3004000000001
5617744	53000.0	14	12000.0	5.3	943.3004	4.4167	953.0170999999999
5617741	54000.0	14	12000.0	5.4	953.0171	4.5	962.9171
5617740	49000.0	14	12000.0	4.9	962.9171	4.0833	971.9004
5617735	59000.0	14	12000.0	5.9	971.9004	4.9167	982.7171
5618249	60000.0	14	12000.0	6.0	982.7171	5.0	993.7171
5617718	46000.0	14	12000.0	4.6	993.7171	3.8333	1002.1504
5617716	50000.0	14	12000.0	5.0	1002.1504	4.1667	1011.3171
5618232	50000.0	14	12000.0	5.0	1011.3171	4.1667	1020.4838
5618233	55000.0	14	12000.0	5.5	1020.4838	4.5833	1030.5671
5618258	49000.0	14	12000.0	4.9	1030.5671	4.0833	1039.5504
5618308	61000.0	14	12000.0	6.1	1039.5504	5.0833	1050.7337
5618213	53000.0	14	12000.0	5.3	1050.7337	4.4167	1060.4504
5618139	48000.0	14	12000.0	4.8	1060.4504	4.0	1069.2504
5617706	56000.0	14	12000.0	5.6	1069.2504	4.6667	1079.5170999999998
5618299	43000.0	14	12000.0	4.3	1079.5171	3.5833	1087.4004
5618044	49000.0	14	12000.0	4.9	1087.4004	4.0833	1096.3837
5617802	57000.0	14	12000.0	5.7	1096.3837	4.75	1106.8337000000001
5617934	57000.0	14	12000.0	5.7	1106.8337	4.75	1117.2837
5617921	48000.0	14	12000.0	4.8	1117.2837	4.0	1126.0837
5617902	58000.0	14	12000.0	5.8	1126.0837	4.8333	1136.7169999999999
5617845	54000.0	14	12000.0	5.4	1136.717	4.5	1146.6170000000002
5617828	48000.0	14	12000.0	4.8	1146.617	4.0	1155.417
5617892	44000.0	14	12000.0	4.4	1155.417	3.6667	1163.4837
5617993	50000.0	14	12000.0	5.0	1163.4837	4.1667	1172.6504
5617877	48000.0	14	12000.0	4.8	1172.6504	4.0	1181.4504
5618192	57000.0	14	12000.0	5.7	1181.4504	4.75	1191.9004
5617884	51000.0	14	12000.0	5.1	1191.9004	4.25	1201.2504
5617642	62000.0	14	12000.0	6.2	1201.2504	5.1667	1212.6171
5618739	51000.0	14	12000.0	5.1	1212.6171	4.25	1221.9670999999998
5618696	58000.0	14	12000.0	5.8	1221.9671	4.8333	1232.6004
5618645	55000.0	14	12000.0	5.5	1232.6004	4.5833	1242.6837
5618674	51000.0	14	12000.0	5.1	1242.6837	4.25	1252.0337
5618658	50000.0	14	12000.0	5.0	1252.0337	4.1667	1261.2004
5618753	45000.0	14	12000.0	4.5	1261.2004	3.75	1269.4504
5618756	64000.0	14	12000.0	6.4	1269.4504	5.3333	1281.1837
5618864	54000.0	14	12000.0	5.4	1281.1837	4.5	1291.0837000000001
5618878	49000.0	14	12000.0	4.9	1291.0837	4.0833	1300.067
5618887	49000.0	14	12000.0	4.9	1300.067	4.0833	1309.0503
5618765	56000.0	14	12000.0	5.6	1309.0503	4.6667	1319.317
5618777	57000.0	14	12000.0	5.7	1319.317	4.75	1329.767
5618824	56000.0	14	12000.0	5.6	1329.767	4.6667	1340.0337
5618799	61000.0	14	12000.0	6.1	1340.0337	5.0833	1351.2169999999999
5618801	53000.0	14	12000.0	5.3	1351.217	4.4167	1360.9337
5618817	53000.0	14	12000.0	5.3	1360.9337	4.4167	1370.6504
5618410	55000.0	14	12000.0	5.5	1370.6504	4.5833	1380.7337
5618431	54000.0	14	12000.0	5.4	1380.7337	4.5	1390.6337
5618432	45000.0	14	12000.0	4.5	1390.6337	3.75	1398.8837
5618462	54000.0	14	12000.0	5.4	1398.8837	4.5	1408.7837000000002
5618068	49000.0	14	12000.0	4.9	1408.7837	4.0833	1417.767
5618378	57000.0	14	12000.0	5.7	1417.767	4.75	1428.217
5618386	49000.0	14	12000.0	4.9	1428.217	4.0833	1437.2003000000002
5618586	50000.0	14	12000.0	5.0	1437.2003	4.1667	1446.367
5618481	60000.0	14	12000.0	6.0	1446.367	5.0	1457.367
5618493	55000.0	14	12000.0	5.5	1457.367	4.5833	1467.4503
5618524	47000.0	14	12000.0	4.7	1467.4503	3.9167	1476.067
5618534	56000.0	14	12000.0	5.6	1476.067	4.6667	1486.3337
5618559	62000.0	14	12000.0	6.2	1486.3337	5.1667	1497.7004
5618101	45000.0	14	12000.0	4.5	1497.7004	3.75	1505.9504
5619827	52000.0	14	12000.0	5.2	1505.9504	4.3333	1515.4837
5619823	49000.0	14	12000.0	4.9	1515.4837	4.0833	1524.467
5619812	57000.0	14	12000.0	5.7	1524.467	4.75	1534.9170000000001
5620009	54000.0	14	12000.0	5.4	1534.917	4.5	1544.817
5619996	55000.0	14	12000.0	5.5	1544.817	4.5833	1554.9003
5619995	48000.0	14	12000.0	4.8	1554.9003	4.0	1563.7003
5619900	54000.0	14	12000.0	5.4	1563.7003	4.5	1573.6003
5619906	48000.0	14	12000.0	4.8	1573.6003	4.0	1582.4003
5619936	55000.0	14	12000.0	5.5	1582.4003	4.5833	1592.4836
5619927	59000.0	14	12000.0	5.9	1592.4836	4.9167	1603.3003
5619763	56000.0	14	12000.0	5.6	1603.3003	4.6667	1613.567
5619845	51000.0	14	12000.0	5.1	1613.567	4.25	1622.917
5620176	48000.0	14	12000.0	4.8	1622.917	4.0	1631.7169999999999
5620167	53000.0	14	12000.0	5.3	1631.717	4.4167	1641.4337
5620144	55000.0	14	12000.0	5.5	1641.4337	4.5833	1651.517
5620246	46000.0	14	12000.0	4.6	1651.517	3.8333	1659.9503
5620242	51000.0	14	12000.0	5.1	1659.9503	4.25	1669.3002999999999
5620228	49000.0	14	12000.0	4.9	1669.3003	4.0833	1678.2836000000002
5619851	53000.0	14	12000.0	5.3	1678.2836	4.4167	1688.0003
5620077	58000.0	14	12000.0	5.8	1688.0003	4.8333	1698.6336
5620131	60000.0	14	12000.0	6.0	1698.6336	5.0	1709.6336
5620127	60000.0	14	12000.0	6.0	1709.6336	5.0	1720.6336
5619203	61000.0	15	16000.0	6.1	349.05	3.8125	358.96250000000003
5617515	50000.0	15	16000.0	5.0	358.9625	3.125	367.0875
5617514	49000.0	15	16000.0	4.9	367.0875	3.0625	375.04999999999995
5617510	58000.0	15	16000.0	5.8	375.05	3.625	384.475
5617501	47000.0	15	16000.0	4.7	384.475	2.9375	392.1125
5619196	56000.0	15	16000.0	5.6	392.1125	3.5	401.21250000000003
5619152	53000.0	15	16000.0	5.3	401.2125	3.3125	409.825
5619177	52000.0	15	16000.0	5.2	409.825	3.25	418.275
5619278	54000.0	15	16000.0	5.4	418.275	3.375	427.04999999999995
5619011	45000.0	15	16000.0	4.5	427.05	2.8125	434.3625
5619020	56000.0	15	16000.0	5.6	434.3625	3.5	443.46250000000003
5619022	62000.0	15	16000.0	6.2	443.4625	3.875	453.53749999999997
5619025	53000.0	15	16000.0	5.3	453.5375	3.3125	462.15000000000003
5618987	47000.0	15	16000.0	4.7	462.15	2.9375	469.78749999999997
5617557	50000.0	15	16000.0	5.0	469.7875	3.125	477.9125
5619092	49000.0	15	16000.0	4.9	477.9125	3.0625	485.875
5619104	55000.0	15	16000.0	5.5	485.875	3.4375	494.8125
5617620	57000.0	15	16000.0	5.7	494.8125	3.5625	504.075
5617615	60000.0	15	16000.0	6.0	504.075	3.75	513.825
5617610	52000.0	15	16000.0	5.2	513.825	3.25	522.2750000000001
5619536	54000.0	15	16000.0	5.4	522.275	3.375	531.05
5619539	56000.0	15	16000.0	5.6	531.05	3.5	540.15
5619550	62000.0	15	16000.0	6.2	540.15	3.875	550.225
5619553	53000.0	15	16000.0	5.3	550.225	3.3125	558.8375
5619554	52000.0	15	16000.0	5.2	558.8375	3.25	567.2875
5619450	56000.0	15	16000.0	5.6	567.2875	3.5	576.3875
5619627	66000.0	15	16000.0	6.6	576.3875	4.125	587.1125000000001
5619657	45000.0	15	16000.0	4.5	587.1125	2.8125	594.425
5619672	59000.0	15	16000.0	5.9	594.425	3.6875	604.0124999999999
5619713	51000.0	15	16000.0	5.1	604.0125	3.1875	612.3000000000001
5619723	65000.0	15	16000.0	6.5	612.3	4.0625	622.8625
5619570	58000.0	15	16000.0	5.8	622.8625	3.625	632.2874999999999
5619577	53000.0	15	16000.0	5.3	632.2875	3.3125	640.9
5619578	48000.0	15	16000.0	4.8	640.9	3.0	648.6999999999999
5619595	45000.0	15	16000.0	4.5	648.7	2.8125	656.0125
5619619	56000.0	15	16000.0	5.6	656.0125	3.5	665.1125000000001
5619411	50000.0	15	16000.0	5.0	665.1125	3.125	673.2375
5617261	58000.0	15	16000.0	5.8	673.2375	3.625	682.6624999999999
5617267	49000.0	15	16000.0	4.9	682.6625	3.0625	690.625
5617308	53000.0	15	16000.0	5.3	690.625	3.3125	699.2375
5617337	54000.0	15	16000.0	5.4	699.2375	3.375	708.0124999999999
5617306	62000.0	15	16000.0	6.2	708.0125	3.875	718.0875000000001
5617324	55000.0	15	16000.0	5.5	718.0875	3.4375	727.025
5619374	61000.0	15	16000.0	6.1	727.025	3.8125	736.9375
5618897	57000.0	15	16000.0	5.7	736.9375	3.5625	746.2
5618241	63000.0	15	16000.0	6.3	746.2	3.9375	756.4375
5617796	55000.0	15	16000.0	5.5	756.4375	3.4375	765.375
5618220	55000.0	15	16000.0	5.5	765.375	3.4375	774.3125
5617778	51000.0	15	16000.0	5.1	774.3125	3.1875	782.6
5618231	47000.0	15	16000.0	4.7	782.6	2.9375	790.2375000000001
5618015	70000.0	15	16000.0	7.0	790.2375	4.375	801.6125
5617768	47000.0	15	16000.0	4.7	801.6125	2.9375	809.25
5618309	55000.0	15	16000.0	5.5	809.25	3.4375	818.1875
5618317	47000.0	15	16000.0	4.7	818.1875	2.9375	825.825
5617681	52000.0	15	16000.0	5.2	825.825	3.25	834.2750000000001
5618274	60000.0	15	16000.0	6.0	834.275	3.75	844.025
5618282	45000.0	15	16000.0	4.5	844.025	2.8125	851.3375
5618178	51000.0	15	16000.0	5.1	851.3375	3.1875	859.625
5617974	56000.0	15	16000.0	5.6	859.625	3.5	868.725
5617830	58000.0	15	16000.0	5.8	868.725	3.625	878.15
5618210	56000.0	15	16000.0	5.6	878.15	3.5	887.25
5617867	57000.0	15	16000.0	5.7	887.25	3.5625	896.5125
5618183	44000.0	15	16000.0	4.4	896.5125	2.75	903.6625
5618190	56000.0	15	16000.0	5.6	903.6625	3.5	912.7625
5618194	46000.0	15	16000.0	4.6	912.7625	2.875	920.2375000000001
5618902	50000.0	15	16000.0	5.0	920.2375	3.125	928.3625
5618706	52000.0	15	16000.0	5.2	928.3625	3.25	936.8125
5618712	49000.0	15	16000.0	4.9	936.8125	3.0625	944.775
5618713	52000.0	15	16000.0	5.2	944.775	3.25	953.225
5618738	68000.0	15	16000.0	6.8	953.225	4.25	964.275
5618627	55000.0	15	16000.0	5.5	964.275	3.4375	973.2125
5618656	55000.0	15	16000.0	5.5	973.2125	3.4375	982.15
5618855	47000.0	15	16000.0	4.7	982.15	2.9375	989.7875
5618883	52000.0	15	16000.0	5.2	989.7875	3.25	998.2375000000001
5618896	50000.0	15	16000.0	5.0	998.2375	3.125	1006.3625
5618620	46000.0	15	16000.0	4.6	1006.3625	2.875	1013.8375
5618806	48000.0	15	16000.0	4.8	1013.8375	3.0	1021.6374999999999
5618800	54000.0	15	16000.0	5.4	1021.6375	3.375	1030.4125000000001
5618614	62000.0	15	16000.0	6.2	1030.4125	3.875	1040.4875
5618430	51000.0	15	16000.0	5.1	1040.4875	3.1875	1048.7749999999999
5618446	54000.0	15	16000.0	5.4	1048.775	3.375	1057.5500000000002
5618466	67000.0	15	16000.0	6.7	1057.55	4.1875	1068.4375
5618396	55000.0	15	16000.0	5.5	1068.4375	3.4375	1077.375
5618382	57000.0	15	16000.0	5.7	1077.375	3.5625	1086.6375
5618574	51000.0	15	16000.0	5.1	1086.6375	3.1875	1094.925
5618599	57000.0	15	16000.0	5.7	1094.925	3.5625	1104.1875
5618514	57000.0	15	16000.0	5.7	1104.1875	3.5625	1113.45
5618519	54000.0	15	16000.0	5.4	1113.45	3.375	1122.2250000000001
5618543	62000.0	15	16000.0	6.2	1122.225	3.875	1132.3
5619730	59000.0	15	16000.0	5.9	1132.3	3.6875	1141.8875
5619981	49000.0	15	16000.0	4.9	1141.8875	3.0625	1149.8500000000001
5619736	49000.0	15	16000.0	4.9	1149.85	3.0625	1157.8125
5619829	63000.0	15	16000.0	6.3	1157.8125	3.9375	1168.05
5619818	52000.0	15	16000.0	5.2	1168.05	3.25	1176.5
5619816	49000.0	15	16000.0	4.9	1176.5	3.0625	1184.4625
5619813	46000.0	15	16000.0	4.6	1184.4625	2.875	1191.9375
5620030	48000.0	15	16000.0	4.8	1191.9375	3.0	1199.7375
5618102	58000.0	15	16000.0	5.8	1199.7375	3.625	1209.1625
5620022	47000.0	15	16000.0	4.7	1209.1625	2.9375	1216.8
5620005	58000.0	15	16000.0	5.8	1216.8	3.625	1226.225
5619998	51000.0	15	16000.0	5.1	1226.225	3.1875	1234.5124999999998
5619878	59000.0	15	16000.0	5.9	1234.5125	3.6875	1244.1000000000001
5619910	39000.0	15	16000.0	3.9	1244.1	2.4375	1250.4375
5619917	52000.0	15	16000.0	5.2	1250.4375	3.25	1258.8875
5619931	55000.0	15	16000.0	5.5	1258.8875	3.4375	1267.825
5620042	52000.0	15	16000.0	5.2	1267.825	3.25	1276.275
5620183	52000.0	15	16000.0	5.2	1276.275	3.25	1284.7250000000001
5620253	48000.0	15	16000.0	4.8	1284.725	3.0	1292.5249999999999
5620226	52000.0	15	16000.0	5.2	1292.525	3.25	1300.9750000000001
5620150	51000.0	15	16000.0	5.1	1300.975	3.1875	1309.2624999999998
5620087	51000.0	15	16000.0	5.1	1309.2625	3.1875	1317.55
5620107	49000.0	15	16000.0	4.9	1317.55	3.0625	1325.5125
5620110	54000.0	15	16000.0	5.4	1325.5125	3.375	1334.2875000000001
5620121	54000.0	15	16000.0	5.4	1334.2875	3.375	1343.0625
5619211	54000.0	16	18000.0	5.4058	417.5427	3.0	425.9485
5619218	53000.0	16	18000.0	5.3058	425.9485	2.9444	434.1987
5619220	56000.0	16	18000.0	5.6058	434.1987	3.1111	442.9156
5617533	46000.0	16	18000.0	4.6058	442.9156	2.5556	450.077
5619176	51000.0	16	18000.0	5.1058	450.077	2.8333	458.0161
5619162	51000.0	16	18000.0	5.1058	458.0161	2.8333	465.9552
5619232	55000.0	16	18000.0	5.5058	465.9552	3.0556	474.51660000000004
5617409	57000.0	16	18000.0	5.7058	474.5166	3.1667	483.3891
5617407	57000.0	16	18000.0	5.7058	483.3891	3.1667	492.2616
5617400	49000.0	16	18000.0	4.9058	492.2616	2.7222	499.8896
5617389	60000.0	16	18000.0	6.0058	499.8896	3.3333	509.2287
5617388	50000.0	16	18000.0	5.0058	509.2287	2.7778	517.0123
5617360	50000.0	16	18000.0	5.0058	517.0123	2.7778	524.7959
5617417	47000.0	16	18000.0	4.7058	524.7959	2.6111	532.1127999999999
5619239	48000.0	16	18000.0	4.8058	532.1128	2.6667	539.5853
5619241	62000.0	16	18000.0	6.2058	539.5853	3.4444	549.2354999999999
5617465	51000.0	16	18000.0	5.1058	549.2355	2.8333	557.1746
5619258	53000.0	16	18000.0	5.3058	557.1746	2.9444	565.4248
5617446	53000.0	16	18000.0	5.3058	565.4248	2.9444	573.675
5619002	51000.0	16	18000.0	5.1058	573.675	2.8333	581.6141
5619003	47000.0	16	18000.0	4.7058	581.6141	2.6111	588.9309999999999
5619027	53000.0	16	18000.0	5.3058	588.931	2.9444	597.1812
5618910	49000.0	16	18000.0	4.9058	597.1812	2.7222	604.8092
5618933	45000.0	16	18000.0	4.5058	604.8092	2.5	611.815
5618938	75000.0	16	18000.0	7.5058	611.815	4.1667	623.4875000000001
5618942	58000.0	16	18000.0	5.8058	623.4875	3.2222	632.5155
5619136	51000.0	16	18000.0	5.1058	632.5155	2.8333	640.4546
5617545	51000.0	16	18000.0	5.1058	640.4546	2.8333	648.3937000000001
5617564	50000.0	16	18000.0	5.0058	648.3937	2.7778	656.1773
5617592	51000.0	16	18000.0	5.1058	656.1773	2.8333	664.1164
5619097	58000.0	16	18000.0	5.8058	664.1164	3.2222	673.1444
5617639	50000.0	16	18000.0	5.0058	673.1444	2.7778	680.928
5617625	67000.0	16	18000.0	6.7058	680.928	3.7222	691.356
5617613	52000.0	16	18000.0	5.2058	691.356	2.8889	699.4507
5617605	49000.0	16	18000.0	4.9058	699.4507	2.7222	707.0787
5617344	55000.0	16	18000.0	5.5058	707.0787	3.0556	715.6401000000001
5619506	51000.0	16	18000.0	5.1058	715.6401	2.8333	723.5792
5619523	52000.0	16	18000.0	5.2058	723.5792	2.8889	731.6739
5619529	50000.0	16	18000.0	5.0058	731.6739	2.7778	739.4575
5619433	50000.0	16	18000.0	5.0058	739.4575	2.7778	747.2411
5619465	49000.0	16	18000.0	4.9058	747.2411	2.7222	754.8691
5619654	49000.0	16	18000.0	4.9058	754.8691	2.7222	762.4971
5619671	57000.0	16	18000.0	5.7058	762.4971	3.1667	771.3696
5619582	48000.0	16	18000.0	4.8058	771.3696	2.6667	778.8421
5619625	52000.0	16	18000.0	5.2058	778.8421	2.8889	786.9368
5617257	51000.0	16	18000.0	5.1058	786.9368	2.8333	794.8759
5617342	65000.0	16	18000.0	6.5058	794.8759	3.6111	804.9928
5617160	44000.0	16	18000.0	4.4058	804.9928	2.4444	811.843
5617159	54000.0	16	18000.0	5.4058	811.843	3.0	820.2488
5617144	49000.0	16	18000.0	4.9058	820.2488	2.7222	827.8768
5619350	51000.0	16	18000.0	5.1058	827.8768	2.8333	835.8159
5617165	60000.0	16	18000.0	6.0058	835.8159	3.3333	845.1550000000001
5617239	54000.0	16	18000.0	5.4058	845.155	3.0	853.5608
5617207	55000.0	16	18000.0	5.5058	853.5608	3.0556	862.1222
5617195	47000.0	16	18000.0	4.7058	862.1222	2.6111	869.4390999999999
5617737	55000.0	16	18000.0	5.5058	869.4391	3.0556	878.0005000000001
5617731	55000.0	16	18000.0	5.5058	878.0005	3.0556	886.5619
5617726	51000.0	16	18000.0	5.1058	886.5619	2.8333	894.5010000000001
5617780	63000.0	16	18000.0	6.3058	894.501	3.5	904.3068
5617779	50000.0	16	18000.0	5.0058	904.3068	2.7778	912.0903999999999
5618009	54000.0	16	18000.0	5.4058	912.0904	3.0	920.4962
5618312	63000.0	16	18000.0	6.3058	920.4962	3.5	930.302
5617696	43000.0	16	18000.0	4.3058	930.302	2.3889	936.9967
5618324	55000.0	16	18000.0	5.5058	936.9967	3.0556	945.5581000000001
5618061	56000.0	16	18000.0	5.6058	945.5581	3.1111	954.275
5617714	54000.0	16	18000.0	5.4058	954.275	3.0	962.6808
5618275	52000.0	16	18000.0	5.2058	962.6808	2.8889	970.7755
5618297	49000.0	16	18000.0	4.9058	970.7755	2.7222	978.4035
5618040	58000.0	16	18000.0	5.8058	978.4035	3.2222	987.4315
5618175	54000.0	16	18000.0	5.4058	987.4315	3.0	995.8373
5617933	57000.0	16	18000.0	5.7058	995.8373	3.1667	1004.7098
5617920	52000.0	16	18000.0	5.2058	1004.7098	2.8889	1012.8045
5617978	61000.0	16	18000.0	6.1058	1012.8045	3.3889	1022.2992
5617968	59000.0	16	18000.0	5.9058	1022.2992	3.2778	1031.4828000000002
5617954	52000.0	16	18000.0	5.2058	1031.4828	2.8889	1039.5774999999999
5618170	57000.0	16	18000.0	5.7058	1039.5775	3.1667	1048.45
5617988	57000.0	16	18000.0	5.7058	1048.45	3.1667	1057.3225
5617844	54000.0	16	18000.0	5.4058	1057.3225	3.0	1065.7283
5618001	54000.0	16	18000.0	5.4058	1065.7283	3.0	1074.1341
5617809	52000.0	16	18000.0	5.2058	1074.1341	2.8889	1082.2287999999999
5617991	54000.0	16	18000.0	5.4058	1082.2288	3.0	1090.6346
5618191	55000.0	16	18000.0	5.5058	1090.6346	3.0556	1099.196
5618638	53000.0	16	18000.0	5.3058	1099.196	2.9444	1107.4462
5618661	48000.0	16	18000.0	4.8058	1107.4462	2.6667	1114.9187000000002
5618670	53000.0	16	18000.0	5.3058	1114.9187	2.9444	1123.1689000000001
5618673	60000.0	16	18000.0	6.0058	1123.1689	3.3333	1132.5079999999998
5618680	56000.0	16	18000.0	5.6058	1132.508	3.1111	1141.2249000000002
5618835	51000.0	16	18000.0	5.1058	1141.2249	2.8333	1149.164
5618863	43000.0	16	18000.0	4.3058	1149.164	2.3889	1155.8587
5618828	50000.0	16	18000.0	5.0058	1155.8587	2.7778	1163.6423
5618866	47000.0	16	18000.0	4.7058	1163.6423	2.6111	1170.9592
5618888	52000.0	16	18000.0	5.2058	1170.9592	2.8889	1179.0538999999999
5618826	48000.0	16	18000.0	4.8058	1179.0539	2.6667	1186.5264000000002
5618783	51000.0	16	18000.0	5.1058	1186.5264	2.8333	1194.4655
5618786	56000.0	16	18000.0	5.6058	1194.4655	3.1111	1203.1824000000001
5618802	58000.0	16	18000.0	5.8058	1203.1824	3.2222	1212.2104
5618812	55000.0	16	18000.0	5.5058	1212.2104	3.0556	1220.7717999999998
5618615	50000.0	16	18000.0	5.0058	1220.7718	2.7778	1228.5554
5618612	50000.0	16	18000.0	5.0058	1228.5554	2.7778	1236.339
5618433	59000.0	16	18000.0	5.9058	1236.339	3.2778	1245.5226
5618434	61000.0	16	18000.0	6.1058	1245.5226	3.3889	1255.0173
5618435	56000.0	16	18000.0	5.6058	1255.0173	3.1111	1263.7342
5618072	54000.0	16	18000.0	5.4058	1263.7342	3.0	1272.14
5618367	46000.0	16	18000.0	4.6058	1272.14	2.5556	1279.3014
5618373	52000.0	16	18000.0	5.2058	1279.3014	2.8889	1287.3961
5618375	54000.0	16	18000.0	5.4058	1287.3961	3.0	1295.8019
5618582	52000.0	16	18000.0	5.2058	1295.8019	2.8889	1303.8965999999998
5618583	52000.0	16	18000.0	5.2058	1303.8966	2.8889	1311.9913
5618567	54000.0	16	18000.0	5.4058	1311.9913	3.0	1320.3971
5618479	61000.0	16	18000.0	6.1058	1320.3971	3.3889	1329.8917999999999
5618498	56000.0	16	18000.0	5.6058	1329.8918	3.1111	1338.6087000000002
5618535	45000.0	16	18000.0	4.5058	1338.6087	2.5	1345.6145
5618549	50000.0	16	18000.0	5.0058	1345.6145	2.7778	1353.3980999999999
5618094	52000.0	16	18000.0	5.2058	1353.3981	2.8889	1361.4928
5619835	44000.0	16	18000.0	4.4058	1361.4928	2.4444	1368.343
5620029	58000.0	16	18000.0	5.8058	1368.343	3.2222	1377.371
5619746	57000.0	16	18000.0	5.7058	1377.371	3.1667	1386.2435
5619913	49000.0	16	18000.0	4.9058	1386.2435	2.7222	1393.8715
5618093	50000.0	16	18000.0	5.0058	1393.8715	2.7778	1401.6551
5619780	54000.0	16	18000.0	5.4058	1401.6551	3.0	1410.0609
5619971	54000.0	16	18000.0	5.4058	1410.0609	3.0	1418.4667
5619965	50000.0	16	18000.0	5.0058	1418.4667	2.7778	1426.2503
5620037	48000.0	16	18000.0	4.8058	1426.2503	2.6667	1433.7228
5620173	43000.0	16	18000.0	4.3058	1433.7228	2.3889	1440.4175
5620165	51000.0	16	18000.0	5.1058	1440.4175	2.8333	1448.3566
5620164	50000.0	16	18000.0	5.0058	1448.3566	2.7778	1456.1402
5620195	68000.0	16	18000.0	6.8058	1456.1402	3.7778	1466.7238000000002
5618109	58000.0	16	18000.0	5.8058	1466.7238	3.2222	1475.7518
5619876	48000.0	16	18000.0	4.8058	1475.7518	2.6667	1483.2243
5620143	43000.0	16	18000.0	4.3058	1483.2243	2.3889	1489.919
5620097	49000.0	16	18000.0	4.9058	1489.919	2.7222	1497.547
5620093	42000.0	16	18000.0	4.2058	1497.547	2.3333	1504.0861
5620067	51000.0	16	18000.0	5.1058	1504.0861	2.8333	1512.0252
5620052	54000.0	16	18000.0	5.4058	1512.0252	3.0	1520.431
5620045	49000.0	16	18000.0	4.9058	1520.431	2.7222	1528.059
5619207	47000.0	17	24000.0	4.7058	327.7362	1.9583	334.4003
5619192	49000.0	17	24000.0	4.9058	334.4003	2.0417	341.3478
5619144	53000.0	17	24000.0	5.3058	341.3478	2.2083	348.8619
5619163	45000.0	17	24000.0	4.5058	348.8619	1.875	355.2427
5619178	50000.0	17	24000.0	5.0058	355.2427	2.0833	362.33180000000004
5617365	56000.0	17	24000.0	5.6058	362.3318	2.3333	370.2709
5617394	57000.0	17	24000.0	5.7058	370.2709	2.375	378.3517
5619142	65000.0	17	24000.0	6.5058	378.3517	2.7083	387.5658
5617426	60000.0	17	24000.0	6.0058	387.5658	2.5	396.07160000000005
5617450	52000.0	17	24000.0	5.2058	396.0716	2.1667	403.4441
5617542	88000.0	17	24000.0	8.8058	403.4441	3.6667	415.91659999999996
5619007	53000.0	17	24000.0	5.3058	415.9166	2.2083	423.4307
5619089	60000.0	17	24000.0	6.0058	423.4307	2.5	431.9365
5618929	59000.0	17	24000.0	5.9058	431.9365	2.4583	440.30060000000003
5618932	47000.0	17	24000.0	4.7058	440.3006	1.9583	446.9647
5618946	61000.0	17	24000.0	6.1058	446.9647	2.5417	455.6122
5617583	55000.0	17	24000.0	5.5058	455.6122	2.2917	463.4097
5619133	50000.0	17	24000.0	5.0058	463.4097	2.0833	470.4988
5617589	54000.0	17	24000.0	5.4058	470.4988	2.25	478.1546
5618907	49000.0	17	24000.0	4.9058	478.1546	2.0417	485.1021
5617347	65000.0	17	24000.0	6.5058	485.1021	2.7083	494.31620000000004
5619491	53000.0	17	24000.0	5.3058	494.3162	2.2083	501.83029999999997
5619434	75000.0	17	24000.0	7.5058	501.8303	3.125	512.4611
5619444	58000.0	17	24000.0	5.8058	512.4611	2.4167	520.6836
5619458	50000.0	17	24000.0	5.0058	520.6836	2.0833	527.7727
5619479	47000.0	17	24000.0	4.7058	527.7727	1.9583	534.4368
5619563	72000.0	17	24000.0	7.2058	534.4368	3.0	544.6425999999999
5619692	53000.0	17	24000.0	5.3058	544.6426	2.2083	552.1567
5619600	60000.0	17	24000.0	6.0058	552.1567	2.5	560.6625
5619603	48000.0	17	24000.0	4.8058	560.6625	2.0	567.4683
5619607	51000.0	17	24000.0	5.1058	567.4683	2.125	574.6991
5617299	50000.0	17	24000.0	5.0058	574.6991	2.0833	581.7882000000001
5617298	61000.0	17	24000.0	6.1058	581.7882	2.5417	590.4357
5619304	64000.0	17	24000.0	6.4058	590.4357	2.6667	599.5082
5617281	48000.0	17	24000.0	4.8058	599.5082	2.0	606.314
5619297	56000.0	17	24000.0	5.6058	606.314	2.3333	614.2531
5617338	58000.0	17	24000.0	5.8058	614.2531	2.4167	622.4756
5617331	53000.0	17	24000.0	5.3058	622.4756	2.2083	629.9897
5619292	59000.0	17	24000.0	5.9058	629.9897	2.4583	638.3538
5617310	50000.0	17	24000.0	5.0058	638.3538	2.0833	645.4429
5617149	58000.0	17	24000.0	5.8058	645.4429	2.4167	653.6654
5618152	60000.0	17	24000.0	6.0058	653.6654	2.5	662.1712
5619395	55000.0	17	24000.0	5.5058	662.1712	2.2917	669.9687
5619396	52000.0	17	24000.0	5.2058	669.9687	2.1667	677.3412
5619400	56000.0	17	24000.0	5.6058	677.3412	2.3333	685.2803
5619402	50000.0	17	24000.0	5.0058	685.2803	2.0833	692.3694
5619325	78000.0	17	24000.0	7.8058	692.3694	3.25	703.4252
5617218	52000.0	17	24000.0	5.2058	703.4252	2.1667	710.7977
5617212	47000.0	17	24000.0	4.7058	710.7977	1.9583	717.4617999999999
5617729	51000.0	17	24000.0	5.1058	717.4618	2.125	724.6926000000001
5617720	56000.0	17	24000.0	5.6058	724.6926	2.3333	732.6317
5617763	52000.0	17	24000.0	5.2058	732.6317	2.1667	740.0042
5618221	55000.0	17	24000.0	5.5058	740.0042	2.2917	747.8017
5618260	50000.0	17	24000.0	5.0058	747.8017	2.0833	754.8908
5618266	57000.0	17	24000.0	5.7058	754.8908	2.375	762.9716
5617692	49000.0	17	24000.0	4.9058	762.9716	2.0417	769.9191
5617690	48000.0	17	24000.0	4.8058	769.9191	2.0	776.7248999999999
5617668	49000.0	17	24000.0	4.9058	776.7249	2.0417	783.6724
5617665	59000.0	17	24000.0	5.9058	783.6724	2.4583	792.0365
5618268	57000.0	17	24000.0	5.7058	792.0365	2.375	800.1173
5618295	50000.0	17	24000.0	5.0058	800.1173	2.0833	807.2064
5618292	59000.0	17	24000.0	5.9058	807.2064	2.4583	815.5705
5617799	52000.0	17	24000.0	5.2058	815.5705	2.1667	822.943
5617929	56000.0	17	24000.0	5.6058	822.943	2.3333	830.8821
5618174	47000.0	17	24000.0	4.7058	830.8821	1.9583	837.5462
5617924	56000.0	17	24000.0	5.6058	837.5462	2.3333	845.4853
5617906	55000.0	17	24000.0	5.5058	845.4853	2.2917	853.2828000000001
5618154	60000.0	17	24000.0	6.0058	853.2828	2.5	861.7886
5617947	52000.0	17	24000.0	5.2058	861.7886	2.1667	869.1610999999999
5617835	55000.0	17	24000.0	5.5058	869.1611	2.2917	876.9586
5617814	68000.0	17	24000.0	6.8058	876.9586	2.8333	886.5977
5618002	51000.0	17	24000.0	5.1058	886.5977	2.125	893.8285000000001
5617893	53000.0	17	24000.0	5.3058	893.8285	2.2083	901.3426
5617887	50000.0	17	24000.0	5.0058	901.3426	2.0833	908.4317
5618195	59000.0	17	24000.0	5.9058	908.4317	2.4583	916.7958
5617879	50000.0	17	24000.0	5.0058	916.7958	2.0833	923.8849
5618709	50000.0	17	24000.0	5.0058	923.8849	2.0833	930.974
5618732	54000.0	17	24000.0	5.4058	930.974	2.25	938.6298
5618734	50000.0	17	24000.0	5.0058	938.6298	2.0833	945.7189000000001
5618741	42000.0	17	24000.0	4.2058	945.7189	1.75	951.6746999999999
5618689	57000.0	17	24000.0	5.7058	951.6747	2.375	959.7555
5618676	57000.0	17	24000.0	5.7058	959.7555	2.375	967.8362999999999
5618681	54000.0	17	24000.0	5.4058	967.8363	2.25	975.4921
5618754	44000.0	17	24000.0	4.4058	975.4921	1.8333	981.7312000000001
5618831	52000.0	17	24000.0	5.2058	981.7312	2.1667	989.1036999999999
5618877	62000.0	17	24000.0	6.2058	989.1037	2.5833	997.8928
5618781	59000.0	17	24000.0	5.9058	997.8928	2.4583	1006.2569
5618437	56000.0	17	24000.0	5.6058	1006.2569	2.3333	1014.196
5618453	49000.0	17	24000.0	4.9058	1014.196	2.0417	1021.1435
5618461	49000.0	17	24000.0	4.9058	1021.1435	2.0417	1028.0910000000001
5617641	59000.0	17	24000.0	5.9058	1028.091	2.4583	1036.4551
5618334	52000.0	17	24000.0	5.2058	1036.4551	2.1667	1043.8275999999998
5618335	51000.0	17	24000.0	5.1058	1043.8276	2.125	1051.0584000000001
5618343	55000.0	17	24000.0	5.5058	1051.0584	2.2917	1058.8558999999998
5618365	45000.0	17	24000.0	4.5058	1058.8559	1.875	1065.2367
5618383	52000.0	17	24000.0	5.2058	1065.2367	2.1667	1072.6091999999999
5618387	50000.0	17	24000.0	5.0058	1072.6092	2.0833	1079.6983
5618370	61000.0	17	24000.0	6.1058	1079.6983	2.5417	1088.3458
5618576	51000.0	17	24000.0	5.1058	1088.3458	2.125	1095.5766
5618589	50000.0	17	24000.0	5.0058	1095.5766	2.0833	1102.6657
5618601	61000.0	17	24000.0	6.1058	1102.6657	2.5417	1111.3132
5618608	52000.0	17	24000.0	5.2058	1111.3132	2.1667	1118.6857
5618560	63000.0	17	24000.0	6.3058	1118.6857	2.625	1127.6165
5618487	56000.0	17	24000.0	5.6058	1127.6165	2.3333	1135.5556000000001
5618518	45000.0	17	24000.0	4.5058	1135.5556	1.875	1141.9363999999998
5618548	50000.0	17	24000.0	5.0058	1141.9364	2.0833	1149.0255
5618520	57000.0	17	24000.0	5.7058	1149.0255	2.375	1157.1063
5619943	62000.0	17	24000.0	6.2058	1157.1063	2.5833	1165.8953999999999
5619978	54000.0	17	24000.0	5.4058	1165.8954	2.25	1173.5512
5618115	58000.0	17	24000.0	5.8058	1173.5512	2.4167	1181.7737000000002
5620023	49000.0	17	24000.0	4.9058	1181.7737	2.0417	1188.7212
5619993	57000.0	17	24000.0	5.7058	1188.7212	2.375	1196.802
5619866	48000.0	17	24000.0	4.8058	1196.802	2.0	1203.6078
5619733	46000.0	17	24000.0	4.6058	1203.6078	1.9167	1210.1303
5619862	55000.0	17	24000.0	5.5058	1210.1303	2.2917	1217.9278
5619938	54000.0	17	24000.0	5.4058	1217.9278	2.25	1225.5836
5619890	47000.0	17	24000.0	4.7058	1225.5836	1.9583	1232.2477
5619968	55000.0	17	24000.0	5.5058	1232.2477	2.2917	1240.0451999999998
5619957	46000.0	17	24000.0	4.6058	1240.0452	1.9167	1246.5677
5619842	53000.0	17	24000.0	5.3058	1246.5677	2.2083	1254.0818000000002
5620184	52000.0	17	24000.0	5.2058	1254.0818	2.1667	1261.4542999999999
5620170	63000.0	17	24000.0	6.3058	1261.4543	2.625	1270.3851000000002
5620040	51000.0	17	24000.0	5.1058	1270.3851	2.125	1277.6159
5620210	57000.0	17	24000.0	5.7058	1277.6159	2.375	1285.6967
5620257	50000.0	17	24000.0	5.0058	1285.6967	2.0833	1292.7857999999999
5620249	53000.0	17	24000.0	5.3058	1292.7858	2.2083	1300.2999000000002
5620241	51000.0	17	24000.0	5.1058	1300.2999	2.125	1307.5307
5620237	60000.0	17	24000.0	6.0058	1307.5307	2.5	1316.0365
5620227	49000.0	17	24000.0	4.9058	1316.0365	2.0417	1322.984
5620081	49000.0	17	24000.0	4.9058	1322.984	2.0417	1329.9315
5620044	47000.0	17	24000.0	4.7058	1329.9315	1.9583	1336.5955999999999
5619732	53000.0	17	24000.0	5.3058	1336.5956	2.2083	1344.1097000000002
5620118	49000.0	17	24000.0	4.9058	1344.1097	2.0417	1351.0572
5620113	62000.0	17	24000.0	6.2058	1351.0572	2.5833	1359.8463
5619195	50000.0	18	30000.0	5.0058	355.1915	1.6667	361.86400000000003
5619150	52000.0	18	30000.0	5.2058	361.864	1.7333	368.8031
5617531	59000.0	18	30000.0	5.9058	368.8031	1.9667	376.6756
5617410	52000.0	18	30000.0	5.2058	376.6756	1.7333	383.61469999999997
5617412	50000.0	18	30000.0	5.0058	383.6147	1.6667	390.28720000000004
5617461	58000.0	18	30000.0	5.8058	390.2872	1.9333	398.02629999999994
5617457	54000.0	18	30000.0	5.4058	398.0263	1.8	405.2321
5619259	54000.0	18	30000.0	5.4058	405.2321	1.8	412.4379
5619263	55000.0	18	30000.0	5.5058	412.4379	1.8333	419.77700000000004
5619248	52000.0	18	30000.0	5.2058	419.777	1.7333	426.7161
5619019	73000.0	18	30000.0	7.3058	426.7161	2.4333	436.45519999999993
5619034	54000.0	18	30000.0	5.4058	436.4552	1.8	443.661
5619059	64000.0	18	30000.0	6.4058	443.661	2.1333	452.2001
5619082	49000.0	18	30000.0	4.9058	452.2001	1.6333	458.73920000000004
5618934	45000.0	18	30000.0	4.5058	458.7392	1.5	464.745
5618939	60000.0	18	30000.0	6.0058	464.745	2.0	472.7508
5618971	53000.0	18	30000.0	5.3058	472.7508	1.7667	479.8233
5618975	57000.0	18	30000.0	5.7058	479.8233	1.9	487.4291
5617574	50000.0	18	30000.0	5.0058	487.4291	1.6667	494.1016
5617571	50000.0	18	30000.0	5.0058	494.1016	1.6667	500.77410000000003
5617548	60000.0	18	30000.0	6.0058	500.7741	2.0	508.7799
5617590	51000.0	18	30000.0	5.1058	508.7799	1.7	515.5857000000001
5619114	53000.0	18	30000.0	5.3058	515.5857	1.7667	522.6582
5617614	46000.0	18	30000.0	4.6058	522.6582	1.5333	528.7973000000001
5617612	49000.0	18	30000.0	4.9058	528.7973	1.6333	535.3363999999999
5619501	40000.0	18	30000.0	4.0058	535.3364	1.3333	540.6755
5619502	55000.0	18	30000.0	5.5058	540.6755	1.8333	548.0146000000001
5619513	61000.0	18	30000.0	6.1058	548.0146	2.0333	556.1537000000001
5619524	48000.0	18	30000.0	4.8058	556.1537	1.6	562.5595
5619432	63000.0	18	30000.0	6.3058	562.5595	2.1	570.9653
5619445	63000.0	18	30000.0	6.3058	570.9653	2.1	579.3711
5619557	50000.0	18	30000.0	5.0058	579.3711	1.6667	586.0436
5619452	48000.0	18	30000.0	4.8058	586.0436	1.6	592.4494
5619456	56000.0	18	30000.0	5.6058	592.4494	1.8667	599.9219
5619648	63000.0	18	30000.0	6.3058	599.9219	2.1	608.3277
5618090	55000.0	18	30000.0	5.5058	608.3277	1.8333	615.6668000000001
5619667	62000.0	18	30000.0	6.2058	615.6668	2.0667	623.9392999999999
5619718	49000.0	18	30000.0	4.9058	623.9393	1.6333	630.4784
5619725	55000.0	18	30000.0	5.5058	630.4784	1.8333	637.8175
5619670	51000.0	18	30000.0	5.1058	637.8175	1.7	644.6233000000001
5619418	55000.0	18	30000.0	5.5058	644.6233	1.8333	651.9624
5618086	59000.0	18	30000.0	5.9058	651.9624	1.9667	659.8349
5619589	55000.0	18	30000.0	5.5058	659.8349	1.8333	667.174
5618124	70000.0	18	30000.0	7.0058	667.174	2.3333	676.5131
5619599	49000.0	18	30000.0	4.9058	676.5131	1.6333	683.0522
5619412	51000.0	18	30000.0	5.1058	683.0522	1.7	689.8580000000001
5617300	52000.0	18	30000.0	5.2058	689.858	1.7333	696.7970999999999
5617271	51000.0	18	30000.0	5.1058	696.7971	1.7	703.6029000000001
5617264	53000.0	18	30000.0	5.3058	703.6029	1.7667	710.6754
5617263	52000.0	18	30000.0	5.2058	710.6754	1.7333	717.6144999999999
5617332	56000.0	18	30000.0	5.6058	717.6145	1.8667	725.0870000000001
5617318	58000.0	18	30000.0	5.8058	725.087	1.9333	732.8261
5617316	49000.0	18	30000.0	4.9058	732.8261	1.6333	739.3652
5619296	51000.0	18	30000.0	5.1058	739.3652	1.7	746.171
5619315	66000.0	18	30000.0	6.6058	746.171	2.2	754.9768000000001
5617158	50000.0	18	30000.0	5.0058	754.9768	1.6667	761.6493
5619369	54000.0	18	30000.0	5.4058	761.6493	1.8	768.8551
5617177	51000.0	18	30000.0	5.1058	768.8551	1.7	775.6609000000001
5617237	48000.0	18	30000.0	4.8058	775.6609	1.6	782.0667
5619318	51000.0	18	30000.0	5.1058	782.0667	1.7	788.8725000000001
5619320	43000.0	18	30000.0	4.3058	788.8725	1.4333	794.6116
5617225	50000.0	18	30000.0	5.0058	794.6116	1.6667	801.2841
5619322	51000.0	18	30000.0	5.1058	801.2841	1.7	808.0899000000001
5617198	62000.0	18	30000.0	6.2058	808.0899	2.0667	816.3623999999999
5617194	55000.0	18	30000.0	5.5058	816.3624	1.8333	823.7015
5617191	54000.0	18	30000.0	5.4058	823.7015	1.8	830.9073
5617753	55000.0	18	30000.0	5.5058	830.9073	1.8333	838.2464
5618024	53000.0	18	30000.0	5.3058	838.2464	1.7667	845.3189
5618255	47000.0	18	30000.0	4.7058	845.3189	1.5667	851.5913999999999
5618236	63000.0	18	30000.0	6.3058	851.5914	2.1	859.9972
5617788	47000.0	18	30000.0	4.7058	859.9972	1.5667	866.2697
5617773	46000.0	18	30000.0	4.6058	866.2697	1.5333	872.4088
5618320	52000.0	18	30000.0	5.2058	872.4088	1.7333	879.3479
5618060	50000.0	18	30000.0	5.0058	879.3479	1.6667	886.0204
5617679	43000.0	18	30000.0	4.3058	886.0204	1.4333	891.7595
5617670	68000.0	18	30000.0	6.8058	891.7595	2.2667	900.832
5617663	49000.0	18	30000.0	4.9058	900.832	1.6333	907.3711
5617687	62000.0	18	30000.0	6.2058	907.3711	2.0667	915.6435999999999
5618046	52000.0	18	30000.0	5.2058	915.6436	1.7333	922.5826999999999
5617938	58000.0	18	30000.0	5.8058	922.5827	1.9333	930.3218
5617917	55000.0	18	30000.0	5.5058	930.3218	1.8333	937.6609000000001
5617916	59000.0	18	30000.0	5.9058	937.6609	1.9667	945.5333999999999
5617913	47000.0	18	30000.0	4.7058	945.5334	1.5667	951.8059
5617927	50000.0	18	30000.0	5.0058	951.8059	1.6667	958.4784
5617945	53000.0	18	30000.0	5.3058	958.4784	1.7667	965.5509
5617950	50000.0	18	30000.0	5.0058	965.5509	1.6667	972.2234
5617987	48000.0	18	30000.0	4.8058	972.2234	1.6	978.6292
5618156	53000.0	18	30000.0	5.3058	978.6292	1.7667	985.7017
5617977	51000.0	18	30000.0	5.1058	985.7017	1.7	992.5075
5617971	62000.0	18	30000.0	6.2058	992.5075	2.0667	1000.78
5617989	74000.0	18	30000.0	7.4058	1000.78	2.4667	1010.6524999999999
5617899	57000.0	18	30000.0	5.7058	1010.6525	1.9	1018.2583
5617850	50000.0	18	30000.0	5.0058	1018.2583	1.6667	1024.9308
5617995	49000.0	18	30000.0	4.9058	1024.9308	1.6333	1031.4699
5617853	43000.0	18	30000.0	4.3058	1031.4699	1.4333	1037.209
5618209	48000.0	18	30000.0	4.8058	1037.209	1.6	1043.6148
5617819	54000.0	18	30000.0	5.4058	1043.6148	1.8	1050.8206
5617890	57000.0	18	30000.0	5.7058	1050.8206	1.9	1058.4264
5618701	50000.0	18	30000.0	5.0058	1058.4264	1.6667	1065.0989
5618714	57000.0	18	30000.0	5.7058	1065.0989	1.9	1072.7047
5618721	47000.0	18	30000.0	4.7058	1072.7047	1.5667	1078.9772
5618128	58000.0	18	30000.0	5.8058	1078.9772	1.9333	1086.7163
5618730	52000.0	18	30000.0	5.2058	1086.7163	1.7333	1093.6554
5618748	44000.0	18	30000.0	4.4058	1093.6554	1.4667	1099.5279
5618649	51000.0	18	30000.0	5.1058	1099.5279	1.7	1106.3337000000001
5618682	52000.0	18	30000.0	5.2058	1106.3337	1.7333	1113.2728
5618895	67000.0	18	30000.0	6.7058	1113.2728	2.2333	1122.2119
5618822	54000.0	18	30000.0	5.4058	1122.2119	1.8	1129.4177
5618779	55000.0	18	30000.0	5.5058	1129.4177	1.8333	1136.7567999999999
5618803	63000.0	18	30000.0	6.3058	1136.7568	2.1	1145.1626
5618810	54000.0	18	30000.0	5.4058	1145.1626	1.8	1152.3684
5618442	45000.0	18	30000.0	4.5058	1152.3684	1.5	1158.3742
5618440	47000.0	18	30000.0	4.7058	1158.3742	1.5667	1164.6467
5618389	45000.0	18	30000.0	4.5058	1164.6467	1.5	1170.6525
5618336	47000.0	18	30000.0	4.7058	1170.6525	1.5667	1176.925
5618338	46000.0	18	30000.0	4.6058	1176.925	1.5333	1183.0641
5618327	51000.0	18	30000.0	5.1058	1183.0641	1.7	1189.8699000000001
5618603	55000.0	18	30000.0	5.5058	1189.8699	1.8333	1197.2089999999998
5618491	49000.0	18	30000.0	4.9058	1197.209	1.6333	1203.7481
5619865	55000.0	18	30000.0	5.5058	1203.7481	1.8333	1211.0872
5619815	49000.0	18	30000.0	4.9058	1211.0872	1.6333	1217.6263
5619807	45000.0	18	30000.0	4.5058	1217.6263	1.5	1223.6320999999998
5620011	60000.0	18	30000.0	6.0058	1223.6321	2.0	1231.6379
5619972	52000.0	18	30000.0	5.2058	1231.6379	1.7333	1238.577
5619747	49000.0	18	30000.0	4.9058	1238.577	1.6333	1245.1161
5619907	50000.0	18	30000.0	5.0058	1245.1161	1.6667	1251.7885999999999
5619920	56000.0	18	30000.0	5.6058	1251.7886	1.8667	1259.2611000000002
5619923	52000.0	18	30000.0	5.2058	1259.2611	1.7333	1266.2002
5620034	52000.0	18	30000.0	5.2058	1266.2002	1.7333	1273.1393
5619969	58000.0	18	30000.0	5.8058	1273.1393	1.9333	1280.8784
5619766	60000.0	18	30000.0	6.0058	1280.8784	2.0	1288.8842
5619961	64000.0	18	30000.0	6.4058	1288.8842	2.1333	1297.4233
5620031	56000.0	18	30000.0	5.6058	1297.4233	1.8667	1304.8958
5620169	62000.0	18	30000.0	6.2058	1304.8958	2.0667	1313.1683
5620160	55000.0	18	30000.0	5.5058	1313.1683	1.8333	1320.5074
5620157	59000.0	18	30000.0	5.9058	1320.5074	1.9667	1328.3799
5620155	56000.0	18	30000.0	5.6058	1328.3799	1.8667	1335.8524
5620258	53000.0	18	30000.0	5.3058	1335.8524	1.7667	1342.9249
5620247	50000.0	18	30000.0	5.0058	1342.9249	1.6667	1349.5973999999999
5620199	50000.0	18	30000.0	5.0058	1349.5974	1.6667	1356.2699
5620086	53000.0	18	30000.0	5.3058	1356.2699	1.7667	1363.3424
5620084	57000.0	18	30000.0	5.7058	1363.3424	1.9	1370.9482
5620054	63000.0	18	30000.0	6.3058	1370.9482	2.1	1379.354
5620133	55000.0	18	30000.0	5.5058	1379.354	1.8333	1386.6931
5620129	45000.0	18	30000.0	4.5058	1386.6931	1.5	1392.6988999999999
5620114	52000.0	18	30000.0	5.2058	1392.6989	1.7333	1399.6380000000001
5619921	53000.0	18	30000.0	5.3058	1399.638	1.7667	1406.7105
5617482	47000.0	19	30000.0	4.7058	377.383	1.5667	383.6555
5619201	61000.0	19	30000.0	6.1058	383.6555	2.0333	391.7946
5619209	58000.0	19	30000.0	5.8058	391.7946	1.9333	399.53369999999995
5617518	62000.0	19	30000.0	6.2058	399.5337	2.0667	407.80620000000005
5619224	63000.0	19	30000.0	6.3058	407.8062	2.1	416.212
5617487	63000.0	19	30000.0	6.3058	416.212	2.1	424.6178
5619190	49000.0	19	30000.0	4.9058	424.6178	1.6333	431.1569
5619145	58000.0	19	30000.0	5.8058	431.1569	1.9333	438.89599999999996
5619160	58000.0	19	30000.0	5.8058	438.896	1.9333	446.63509999999997
5619170	53000.0	19	30000.0	5.3058	446.6351	1.7667	453.7076
5619173	51000.0	19	30000.0	5.1058	453.7076	1.7	460.5134
5617397	56000.0	19	30000.0	5.6058	460.5134	1.8667	467.98589999999996
5617372	51000.0	19	30000.0	5.1058	467.9859	1.7	474.7917
5617473	55000.0	19	30000.0	5.5058	474.7917	1.8333	482.1308
5617468	61000.0	19	30000.0	6.1058	482.1308	2.0333	490.2699
5617464	47000.0	19	30000.0	4.7058	490.2699	1.5667	496.54240000000004
5617419	56000.0	19	30000.0	5.6058	496.5424	1.8667	504.01489999999995
5617544	51000.0	19	30000.0	5.1058	504.0149	1.7	510.8207
5618995	57000.0	19	30000.0	5.7058	510.8207	1.9	518.4264999999999
5619073	43000.0	19	30000.0	4.3058	518.4265	1.4333	524.1656
5618077	56000.0	19	30000.0	5.6058	524.1656	1.8667	531.6381000000001
5618978	50000.0	19	30000.0	5.0058	531.6381	1.6667	538.3106
5618914	55000.0	19	30000.0	5.5058	538.3106	1.8333	545.6497
5618952	52000.0	19	30000.0	5.2058	545.6497	1.7333	552.5888
5618972	56000.0	19	30000.0	5.6058	552.5888	1.8667	560.0613000000001
5618974	49000.0	19	30000.0	4.9058	560.0613	1.6333	566.6003999999999
5619287	54000.0	19	30000.0	5.4058	566.6004	1.8	573.8062
5617566	50000.0	19	30000.0	5.0058	573.8062	1.6667	580.4787
5619137	55000.0	19	30000.0	5.5058	580.4787	1.8333	587.8178
5617556	52000.0	19	30000.0	5.2058	587.8178	1.7333	594.7569
5618127	59000.0	19	30000.0	5.9058	594.7569	1.9667	602.6293999999999
5619118	50000.0	19	30000.0	5.0058	602.6294	1.6667	609.3019
5619544	64000.0	19	30000.0	6.4058	609.3019	2.1333	617.841
5619498	52000.0	19	30000.0	5.2058	617.841	1.7333	624.7801
5619439	61000.0	19	30000.0	6.1058	624.7801	2.0333	632.9192
5619446	45000.0	19	30000.0	4.5058	632.9192	1.5	638.9250000000001
5619473	54000.0	19	30000.0	5.4058	638.925	1.8	646.1307999999999
5619558	51000.0	19	30000.0	5.1058	646.1308	1.7	652.9366000000001
5618079	58000.0	19	30000.0	5.8058	652.9366	1.9333	660.6757
5619644	46000.0	19	30000.0	4.6058	660.6757	1.5333	666.8148000000001
5619658	48000.0	19	30000.0	4.8058	666.8148	1.6	673.2206
5619698	59000.0	19	30000.0	5.9058	673.2206	1.9667	681.0930999999999
5618123	57000.0	19	30000.0	5.7058	681.0931	1.9	688.6989
5619579	57000.0	19	30000.0	5.7058	688.6989	1.9	696.3046999999999
5619580	57000.0	19	30000.0	5.7058	696.3047	1.9	703.9105
5619588	56000.0	19	30000.0	5.6058	703.9105	1.8667	711.383
5617295	48000.0	19	30000.0	4.8058	711.383	1.6	717.7888
5619299	57000.0	19	30000.0	5.7058	717.7888	1.9	725.3946
5617266	63000.0	19	30000.0	6.3058	725.3946	2.1	733.8004
5617258	42000.0	19	30000.0	4.2058	733.8004	1.4	739.4061999999999
5617335	50000.0	19	30000.0	5.0058	739.4062	1.6667	746.0787
5617330	49000.0	19	30000.0	4.9058	746.0787	1.6333	752.6178
5617328	50000.0	19	30000.0	5.0058	752.6178	1.6667	759.2903
5617315	67000.0	19	30000.0	6.7058	759.2903	2.2333	768.2293999999999
5619290	55000.0	19	30000.0	5.5058	768.2294	1.8333	775.5685000000001
5617153	55000.0	19	30000.0	5.5058	775.5685	1.8333	782.9076
5619380	49000.0	19	30000.0	4.9058	782.9076	1.6333	789.4467
5619386	64000.0	19	30000.0	6.4058	789.4467	2.1333	797.9857999999999
5619341	76000.0	19	30000.0	7.6058	797.9858	2.5333	808.1249000000001
5617199	47000.0	19	30000.0	4.7058	808.1249	1.5667	814.3974
5619727	58000.0	19	30000.0	5.8058	814.3974	1.9333	822.1365
5617749	50000.0	19	30000.0	5.0058	822.1365	1.6667	828.809
5618234	47000.0	19	30000.0	4.7058	828.809	1.5667	835.0814999999999
5618214	51000.0	19	30000.0	5.1058	835.0815	1.7	841.8873000000001
5618006	45000.0	19	30000.0	4.5058	841.8873	1.5	847.8931
5617770	59000.0	19	30000.0	5.9058	847.8931	1.9667	855.7656
5617767	57000.0	19	30000.0	5.7058	855.7656	1.9	863.3713999999999
5618054	49000.0	19	30000.0	4.9058	863.3714	1.6333	869.9105
5618048	58000.0	19	30000.0	5.8058	869.9105	1.9333	877.6496
5618271	58000.0	19	30000.0	5.8058	877.6496	1.9333	885.3887
5618142	74000.0	19	30000.0	7.4058	885.3887	2.4667	895.2611999999999
5617806	52000.0	19	30000.0	5.2058	895.2612	1.7333	902.2003
5617939	55000.0	19	30000.0	5.5058	902.2003	1.8333	909.5394
5617935	53000.0	19	30000.0	5.3058	909.5394	1.7667	916.6119
5617931	72000.0	19	30000.0	7.2058	916.6119	2.4	926.2176999999999
5617905	52000.0	19	30000.0	5.2058	926.2177	1.7333	933.1568
5618157	63000.0	19	30000.0	6.3058	933.1568	2.1	941.5626
5618163	46000.0	19	30000.0	4.6058	941.5626	1.5333	947.7017000000001
5617838	47000.0	19	30000.0	4.7058	947.7017	1.5667	953.9741999999999
5618000	48000.0	19	30000.0	4.8058	953.9742	1.6	960.38
5618212	52000.0	19	30000.0	5.2058	960.38	1.7333	967.3190999999999
5617888	53000.0	19	30000.0	5.3058	967.3191	1.7667	974.3916
5617881	56000.0	19	30000.0	5.6058	974.3916	1.8667	981.8641000000001
5617873	51000.0	19	30000.0	5.1058	981.8641	1.7	988.6699000000001
5617652	55000.0	19	30000.0	5.5058	988.6699	1.8333	996.009
5618717	47000.0	19	30000.0	4.7058	996.009	1.5667	1002.2814999999999
5618628	48000.0	19	30000.0	4.8058	1002.2815	1.6	1008.6873
5618840	51000.0	19	30000.0	5.1058	1008.6873	1.7	1015.4931000000001
5618886	51000.0	19	30000.0	5.1058	1015.4931	1.7	1022.2989000000001
5618782	47000.0	19	30000.0	4.7058	1022.2989	1.5667	1028.5714
5618804	50000.0	19	30000.0	5.0058	1028.5714	1.6667	1035.2439
5618399	52000.0	19	30000.0	5.2058	1035.2439	1.7333	1042.183
5618438	52000.0	19	30000.0	5.2058	1042.183	1.7333	1049.1221
5618444	51000.0	19	30000.0	5.1058	1049.1221	1.7	1055.9279000000001
5618454	64000.0	19	30000.0	6.4058	1055.9279	2.1333	1064.4669999999999
5618364	56000.0	19	30000.0	5.6058	1064.467	1.8667	1071.9395000000002
5618394	51000.0	19	30000.0	5.1058	1071.9395	1.7	1078.7453
5618468	57000.0	19	30000.0	5.7058	1078.7453	1.9	1086.3511
5618073	53000.0	19	30000.0	5.3058	1086.3511	1.7667	1093.4236
5618575	46000.0	19	30000.0	4.6058	1093.4236	1.5333	1099.5627000000002
5618584	53000.0	19	30000.0	5.3058	1099.5627	1.7667	1106.6352
5618585	52000.0	19	30000.0	5.2058	1106.6352	1.7333	1113.5743
5618595	44000.0	19	30000.0	4.4058	1113.5743	1.4667	1119.4468
5618610	45000.0	19	30000.0	4.5058	1119.4468	1.5	1125.4525999999998
5618563	49000.0	19	30000.0	4.9058	1125.4526	1.6333	1131.9917
5618483	54000.0	19	30000.0	5.4058	1131.9917	1.8	1139.1975
5618151	57000.0	19	30000.0	5.7058	1139.1975	1.9	1146.8033
5619982	43000.0	19	30000.0	4.3058	1146.8033	1.4333	1152.5424
5619985	53000.0	19	30000.0	5.3058	1152.5424	1.7667	1159.6149
5619988	50000.0	19	30000.0	5.0058	1159.6149	1.6667	1166.2874
5619867	53000.0	19	30000.0	5.3058	1166.2874	1.7667	1173.3599
5620021	54000.0	19	30000.0	5.4058	1173.3599	1.8	1180.5656999999999
5620020	51000.0	19	30000.0	5.1058	1180.5657	1.7	1187.3715000000002
5620006	42000.0	19	30000.0	4.2058	1187.3715	1.4	1192.9773
5619803	46000.0	19	30000.0	4.6058	1192.9773	1.5333	1199.1164
5619937	53000.0	19	30000.0	5.3058	1199.1164	1.7667	1206.1889
5619752	56000.0	19	30000.0	5.6058	1206.1889	1.8667	1213.6614000000002
5619784	58000.0	19	30000.0	5.8058	1213.6614	1.9333	1221.4005
5619775	62000.0	19	30000.0	6.2058	1221.4005	2.0667	1229.673
5619887	51000.0	19	30000.0	5.1058	1229.673	1.7	1236.4788
5619889	66000.0	19	30000.0	6.6058	1236.4788	2.2	1245.2846000000002
5619891	52000.0	19	30000.0	5.2058	1245.2846	1.7333	1252.2237
5619951	59000.0	19	30000.0	5.9058	1252.2237	1.9667	1260.0962
5619949	63000.0	19	30000.0	6.3058	1260.0962	2.1	1268.502
5619760	54000.0	19	30000.0	5.4058	1268.502	1.8	1275.7078
5620187	46000.0	19	30000.0	4.6058	1275.7078	1.5333	1281.8469
5620156	53000.0	19	30000.0	5.3058	1281.8469	1.7667	1288.9194
5620259	54000.0	19	30000.0	5.4058	1288.9194	1.8	1296.1252
5620244	59000.0	19	30000.0	5.9058	1296.1252	1.9667	1303.9977
5619875	51000.0	19	30000.0	5.1058	1303.9977	1.7	1310.8035
5618104	49000.0	19	30000.0	4.9058	1310.8035	1.6333	1317.3426
5620090	56000.0	19	30000.0	5.6058	1317.3426	1.8667	1324.8151
5620069	51000.0	19	30000.0	5.1058	1324.8151	1.7	1331.6209000000001
5620057	49000.0	19	30000.0	4.9058	1331.6209	1.6333	1338.1599999999999
5620104	51000.0	19	30000.0	5.1058	1338.16	1.7	1344.9658000000002
5620098	61000.0	19	30000.0	6.1058	1344.9658	2.0333	1353.1049
5620138	59000.0	19	30000.0	5.9058	1353.1049	1.9667	1360.9774
5620112	49000.0	19	30000.0	4.9058	1360.9774	1.6333	1367.5165
