4894748	10000.0	0	500.0	1.0	0	20.0	21.0
4894772	20000.0	0	500.0	2.0	21.0	40.0	63.0
4895877	45000.0	0	500.0	4.5	63.0	90.0	157.5
4898609	18000.0	0	500.0	1.8	157.5	36.0	195.3
4893451	6000.0	0	500.0	0.6	195.3	12.0	207.9
4893106	8000.0	0	500.0	0.8	207.9	16.0	224.70000000000002
4898162	10000.0	0	500.0	1.0	224.7	20.0	245.7
4893886	9000.0	0	500.0	0.9	245.7	18.0	264.6
4898598	12000.0	0	500.0	1.2	264.6	24.0	289.8
4898021	7000.0	1	500.0	0.7	0	14.0	14.7
4893360	10000.0	2	1000.0	1.0	0	10.0	11.0
4895054	11000.0	2	1000.0	1.1	11.0	11.0	23.1
4894099	10000.0	4	4000.0	1.0038	0	2.5	3.5038
4897997	7000.0	4	4000.0	0.7038	3.5038	1.75	5.9576
4894298	11000.0	5	4000.0	1.1038	0	2.75	3.8537999999999997
4893777	9000.0	6	5000.0	0.9038	0	1.8	2.7038
4897130	45000.0	6	5000.0	4.5038	2.7038	9.0	16.2076
4896155	7000.0	9	6000.0	0.7067	0	1.1667	1.8734000000000002
4898185	6000.0	9	6000.0	0.6067	1.8734	1.0	3.4801
4896792	8000.0	9	6000.0	0.8067	3.4801	1.3333	5.620100000000001
4894461	7000.0	9	6000.0	0.7067	5.6201	1.1667	7.493499999999999
4897494	7000.0	9	6000.0	0.7067	7.4935	1.1667	9.366900000000001
4893586	9000.0	10	6000.0	0.9067	0	1.5	2.4067
4894729	8000.0	10	6000.0	0.8067	2.4067	1.3333	4.5466999999999995
4895199	7000.0	10	6000.0	0.7067	4.5467	1.1667	6.4201
4893651	7000.0	10	6000.0	0.7067	6.4201	1.1667	8.2935
4896948	7000.0	10	6000.0	0.7067	8.2935	1.1667	10.1669
4896742	9000.0	12	6000.0	0.9	0	1.5	2.4
4893849	7000.0	12	6000.0	0.7	2.4	1.1667	4.2667
4898632	7000.0	12	6000.0	0.7	4.2667	1.1667	6.1334
4898130	7000.0	13	8000.0	0.7	0	0.875	1.575
4894719	9000.0	13	8000.0	0.9	1.575	1.125	3.6
4893333	7000.0	13	8000.0	0.7	3.6	0.875	5.175
4893083	11000.0	13	8000.0	1.1	5.175	1.375	7.65
4894856	15000.0	14	12000.0	1.5	0	1.25	2.75
4897340	9000.0	14	12000.0	0.9	2.75	0.75	4.4
4896521	57000.0	14	12000.0	5.7	4.4	4.75	14.850000000000001
4894301	10000.0	14	12000.0	1.0	14.85	0.8333	16.6833
4894826	11000.0	14	12000.0	1.1	16.6833	0.9167	18.7
4898555	13000.0	14	12000.0	1.3	18.7	1.0833	21.0833
4893613	9000.0	14	12000.0	0.9	21.0833	0.75	22.7333
4893989	11000.0	14	12000.0	1.1	22.7333	0.9167	24.75
4898226	8000.0	14	12000.0	0.8	24.75	0.6667	26.2167
4893899	9000.0	14	12000.0	0.9	26.2167	0.75	27.866699999999998
4896325	9000.0	14	12000.0	0.9	27.8667	0.75	29.5167
4896070	17000.0	15	16000.0	1.7	0	1.0625	2.7625
4895251	11000.0	15	16000.0	1.1	2.7625	0.6875	4.550000000000001
4897978	11000.0	15	16000.0	1.1	4.55	0.6875	6.3375
4895393	13000.0	15	16000.0	1.3	6.3375	0.8125	8.45
4893371	10000.0	15	16000.0	1.0	8.45	0.625	10.075
4896374	11000.0	15	16000.0	1.1	10.075	0.6875	11.862499999999999
4898345	12000.0	15	16000.0	1.2	11.8625	0.75	13.8125
4895140	11000.0	15	16000.0	1.1	13.8125	0.6875	15.6
4898335	12000.0	15	16000.0	1.2	15.6	0.75	17.55
4893227	8000.0	16	18000.0	0.8058	0	0.4444	1.2502
4896686	9000.0	16	18000.0	0.9058	1.2502	0.5	2.656
4897271	8000.0	16	18000.0	0.8058	2.656	0.4444	3.9062
4897093	8000.0	16	18000.0	0.8058	3.9062	0.4444	5.1564
4895687	9000.0	16	18000.0	0.9058	5.1564	0.5	6.5622
4895573	10000.0	16	18000.0	1.0058	6.5622	0.5556	8.1236
4898097	8000.0	17	24000.0	0.8058	0	0.3333	1.1391
4896207	9000.0	17	24000.0	0.9058	1.1391	0.375	2.4199
4893755	7000.0	17	24000.0	0.7058	2.4199	0.2917	3.4174
4896868	7000.0	17	24000.0	0.7058	3.4174	0.2917	4.4149
4896575	8000.0	17	24000.0	0.8058	4.4149	0.3333	5.554
4894578	6000.0	17	24000.0	0.6058	5.554	0.25	6.409800000000001
4896609	10000.0	17	24000.0	1.0058	6.4098	0.4167	7.832299999999999
4893439	8000.0	17	24000.0	0.8058	7.8323	0.3333	8.9714
4894177	8000.0	17	24000.0	0.8058	8.9714	0.3333	10.110499999999998
4897844	9000.0	18	30000.0	0.9058	0	0.3	1.2058
4895912	10000.0	18	30000.0	1.0058	1.2058	0.3333	2.5448999999999997
4893656	9000.0	18	30000.0	0.9058	2.5449	0.3	3.7507
4898475	8000.0	18	30000.0	0.8058	3.7507	0.2667	4.8232
4894610	10000.0	18	30000.0	1.0058	4.8232	0.3333	6.1623
4898707	8000.0	18	30000.0	0.8058	6.1623	0.2667	7.2348
4897599	9000.0	18	30000.0	0.9058	7.2348	0.3	8.4406
4894049	10000.0	18	30000.0	1.0058	8.4406	0.3333	9.7797
4897554	20000.0	18	30000.0	2.0058	9.7797	0.6667	12.4522
4897673	18000.0	18	30000.0	1.8058	12.4522	0.6	14.857999999999999
4897555	10000.0	18	30000.0	1.0058	14.858	0.3333	16.197100000000002
4898092	72000.0	19	30000.0	7.2058	0	2.4	9.6058
4898193	11000.0	19	30000.0	1.1058	9.6058	0.3667	11.0783
4894469	9000.0	19	30000.0	0.9058	11.0783	0.3	12.2841
4893476	8000.0	19	30000.0	0.8058	12.2841	0.2667	13.3566
4896569	6000.0	19	30000.0	0.6058	13.3566	0.2	14.1624
4898633	10000.0	19	30000.0	1.0058	14.1624	0.3333	15.5015
4893140	52000.0	19	30000.0	5.2058	15.5015	1.7333	22.4406
4896920	8000.0	19	30000.0	0.8058	22.4406	0.2667	23.5131
4893789	8000.0	0	500.0	0.8	288.8	16.0	305.6
4893721	7000.0	0	500.0	0.7	305.6	14.0	320.3
4897327	6000.0	9	6000.0	0.6067	8.3669	1.0	9.9736
4894125	6000.0	10	6000.0	0.6067	9.1669	1.0	10.7736
4896550	7000.0	10	6000.0	0.7067	10.7736	1.1667	12.647
4898423	7000.0	11	6000.0	0.7067	0	1.1667	1.8734000000000002
4893931	6000.0	11	6000.0	0.6067	1.8734	1.0	3.4801
4893550	7000.0	11	6000.0	0.7067	3.4801	1.1667	5.3535
4893223	7000.0	12	6000.0	0.7	5.1334	1.1667	7.0001
4896303	7000.0	12	6000.0	0.7	7.0001	1.1667	8.8668
4894060	5000.0	12	6000.0	0.5	8.8668	0.8333	10.200099999999999
4893592	7000.0	12	6000.0	0.7	10.2001	1.1667	12.0668
4897463	7000.0	13	8000.0	0.7	6.65	0.875	8.225000000000001
4898586	7000.0	13	8000.0	0.7	8.225	0.875	9.799999999999999
4895212	8000.0	14	12000.0	0.8	28.5167	0.6667	29.9834
4897451	10000.0	14	12000.0	1.0	29.9834	0.8333	31.8167
4898367	8000.0	14	12000.0	0.8	31.8167	0.6667	33.2834
4898525	11000.0	14	12000.0	1.1	33.2834	0.9167	35.3001
4896788	10000.0	14	12000.0	1.0	35.3001	0.8333	37.1334
4895295	17000.0	14	12000.0	1.7	37.1334	1.4167	40.2501
4893604	20000.0	14	12000.0	2.0	40.2501	1.6667	43.9168
4894249	8000.0	14	12000.0	0.8	43.9168	0.6667	45.3835
4894815	8000.0	14	12000.0	0.8	45.3835	0.6667	46.850199999999994
4893865	10000.0	14	12000.0	1.0	46.8502	0.8333	48.6835
4896084	9000.0	14	12000.0	0.9	48.6835	0.75	50.3335
4893231	11000.0	14	12000.0	1.1	50.3335	0.9167	52.3502
4896513	10000.0	14	12000.0	1.0	52.3502	0.8333	54.1835
4897710	15000.0	15	16000.0	1.5	16.55	0.9375	18.9875
4897879	10000.0	15	16000.0	1.0	18.9875	0.625	20.6125
4898596	10000.0	15	16000.0	1.0	20.6125	0.625	22.2375
4898329	46000.0	15	16000.0	4.6	22.2375	2.875	29.7125
4896710	10000.0	15	16000.0	1.0	29.7125	0.625	31.3375
4897318	10000.0	15	16000.0	1.0	31.3375	0.625	32.9625
4897311	8000.0	15	16000.0	0.8	32.9625	0.5	34.262499999999996
4896713	11000.0	15	16000.0	1.1	34.2625	0.6875	36.050000000000004
4895750	9000.0	15	16000.0	0.9	36.05	0.5625	37.512499999999996
4895799	17000.0	15	16000.0	1.7	37.5125	1.0625	40.275000000000006
4893821	9000.0	15	16000.0	0.9	40.275	0.5625	41.7375
4894090	10000.0	15	16000.0	1.0	41.7375	0.625	43.3625
4893705	8000.0	15	16000.0	0.8	43.3625	0.5	44.662499999999994
4894020	8000.0	15	16000.0	0.8	44.6625	0.5	45.9625
4897982	20000.0	16	18000.0	2.0058	7.1236	1.1111	10.2405
4897737	8000.0	16	18000.0	0.8058	10.2405	0.4444	11.4907
4898250	11000.0	16	18000.0	1.1058	11.4907	0.6111	13.207600000000001
4897115	17000.0	16	18000.0	1.7058	13.2076	0.9444	15.8578
4898248	10000.0	16	18000.0	1.0058	15.8578	0.5556	17.419199999999996
4896760	47000.0	16	18000.0	4.7058	17.4192	2.6111	24.7361
4898377	8000.0	16	18000.0	0.8058	24.7361	0.4444	25.986300000000004
4894494	9000.0	16	18000.0	0.9058	25.9863	0.5	27.3921
4895015	11000.0	16	18000.0	1.1058	27.3921	0.6111	29.108999999999998
4893961	9000.0	16	18000.0	0.9058	29.109	0.5	30.5148
4896438	8000.0	16	18000.0	0.8058	30.5148	0.4444	31.765000000000004
4894864	8000.0	16	18000.0	0.8058	31.765	0.4444	33.0152
4893788	9000.0	16	18000.0	0.9058	33.0152	0.5	34.421
4896271	15000.0	16	18000.0	1.5058	34.421	0.8333	36.7601
4898275	10000.0	17	24000.0	1.0058	9.1105	0.4167	10.533000000000001
4898442	14000.0	17	24000.0	1.4058	10.533	0.5833	12.522099999999998
4897470	9000.0	17	24000.0	0.9058	12.5221	0.375	13.8029
4898746	10000.0	17	24000.0	1.0058	13.8029	0.4167	15.2254
4897795	8000.0	17	24000.0	0.8058	15.2254	0.3333	16.364500000000003
4895440	9000.0	17	24000.0	0.9058	16.3645	0.375	17.6453
4894514	13000.0	17	24000.0	1.3058	17.6453	0.5417	19.4928
4893833	9000.0	17	24000.0	0.9058	19.4928	0.375	20.7736
4895115	11000.0	18	30000.0	1.1058	15.1971	0.3667	16.669600000000003
4895229	7000.0	18	30000.0	0.7058	16.6696	0.2333	17.6087
4897260	10000.0	18	30000.0	1.0058	17.6087	0.3333	18.9478
4898608	9000.0	18	30000.0	0.9058	18.9478	0.3	20.1536
4895200	8000.0	18	30000.0	0.8058	20.1536	0.2667	21.226100000000002
4893342	6000.0	18	30000.0	0.6058	21.2261	0.2	22.031899999999997
4895587	7000.0	18	30000.0	0.7058	22.0319	0.2333	22.971
4896069	19000.0	18	30000.0	1.9058	22.971	0.6333	25.510099999999998
4895864	9000.0	18	30000.0	0.9058	25.5101	0.3	26.7159
4895790	9000.0	18	30000.0	0.9058	26.7159	0.3	27.9217
4893138	18000.0	18	30000.0	1.8058	27.9217	0.6	30.327500000000004
4896231	8000.0	18	30000.0	0.8058	30.3275	0.2667	31.400000000000002
4895568	10000.0	18	30000.0	1.0058	31.4	0.3333	32.7391
4893446	7000.0	18	30000.0	0.7058	32.7391	0.2333	33.678200000000004
4896238	10000.0	18	30000.0	1.0058	33.6782	0.3333	35.0173
4897671	8000.0	19	30000.0	0.8058	22.5131	0.2667	23.585600000000003
4896759	10000.0	19	30000.0	1.0058	23.5856	0.3333	24.9247
4898191	9000.0	19	30000.0	0.9058	24.9247	0.3	26.1305
4896883	9000.0	19	30000.0	0.9058	26.1305	0.3	27.3363
4893327	7000.0	19	30000.0	0.7058	27.3363	0.2333	28.2754
4895859	11000.0	19	30000.0	1.1058	28.2754	0.3667	29.7479
4894379	7000.0	19	30000.0	0.7058	29.7479	0.2333	30.687
4894419	8000.0	19	30000.0	0.8058	30.687	0.2667	31.759500000000003
4896143	9000.0	19	30000.0	0.9058	31.7595	0.3	32.9653
4896341	18000.0	19	30000.0	1.8058	32.9653	0.6	35.3711
4894391	9000.0	19	30000.0	0.9058	35.3711	0.3	36.576899999999995
4895023	9000.0	19	30000.0	0.9058	36.5769	0.3	37.7827
4894568	10000.0	19	30000.0	1.0058	37.7827	0.3333	39.1218
4893276	9000.0	19	30000.0	0.9058	39.1218	0.3	40.3276
4894600	8000.0	19	30000.0	0.8058	40.3276	0.2667	41.400099999999995
4894017	8000.0	19	30000.0	0.8058	41.4001	0.2667	42.4726
4894866	6000.0	19	30000.0	0.6058	42.4726	0.2	43.278400000000005
4895437	9000.0	0	500.0	0.9	319.3	18.0	338.2
4894976	51000.0	0	500.0	5.1	338.2	102.0	445.3
4894170	8000.0	0	500.0	0.8	445.3	16.0	462.1
4893155	8000.0	0	500.0	0.8	462.1	16.0	478.90000000000003
4898662	8000.0	0	500.0	0.8	478.9	16.0	495.7
4896872	17000.0	0	500.0	1.7	495.7	34.0	531.4
4895510	7000.0	12	6000.0	0.7	11.0668	1.1667	12.9335
4893734	7000.0	13	8000.0	0.7	8.8	0.875	10.375
4895611	23000.0	14	12000.0	2.3	53.1835	1.9167	57.4002
4895758	8000.0	14	12000.0	0.8	57.4002	0.6667	58.866899999999994
4897520	9000.0	14	12000.0	0.9	58.8669	0.75	60.5169
4897204	8000.0	14	12000.0	0.8	60.5169	0.6667	61.983599999999996
4896355	11000.0	14	12000.0	1.1	61.9836	0.9167	64.00030000000001
4895225	19000.0	14	12000.0	1.9	64.0003	1.5833	67.4836
4894801	10000.0	14	12000.0	1.0	67.4836	0.8333	69.31689999999999
4894184	8000.0	14	12000.0	0.8	69.3169	0.6667	70.7836
4893825	9000.0	15	16000.0	0.9	44.9625	0.5625	46.425
4895623	9000.0	15	16000.0	0.9	46.425	0.5625	47.887499999999996
4896589	11000.0	15	16000.0	1.1	47.8875	0.6875	49.675000000000004
4894983	10000.0	15	16000.0	1.0	49.675	0.625	51.3
4894251	55000.0	15	16000.0	5.5	51.3	3.4375	60.2375
4898372	10000.0	15	16000.0	1.0	60.2375	0.625	61.8625
4898419	8000.0	15	16000.0	0.8	61.8625	0.5	63.162499999999994
4895498	9000.0	15	16000.0	0.9	63.1625	0.5625	64.625
4895379	10000.0	15	16000.0	1.0	64.625	0.625	66.25
4895508	11000.0	15	16000.0	1.1	66.25	0.6875	68.0375
4895391	9000.0	16	18000.0	0.9058	35.7601	0.5	37.1659
4895786	15000.0	16	18000.0	1.5058	37.1659	0.8333	39.505
4895489	9000.0	16	18000.0	0.9058	39.505	0.5	40.9108
4895257	11000.0	16	18000.0	1.1058	40.9108	0.6111	42.627700000000004
4895891	8000.0	16	18000.0	0.8058	42.6277	0.4444	43.8779
4893467	8000.0	16	18000.0	0.8058	43.8779	0.4444	45.128099999999996
4898044	8000.0	16	18000.0	0.8058	45.1281	0.4444	46.3783
4895079	10000.0	17	24000.0	1.0058	19.7736	0.4167	21.196099999999998
4897103	12000.0	17	24000.0	1.2058	21.1961	0.5	22.9019
4897984	8000.0	17	24000.0	0.8058	22.9019	0.3333	24.041000000000004
4895910	13000.0	17	24000.0	1.3058	24.041	0.5417	25.8885
4893605	55000.0	17	24000.0	5.5058	25.8885	2.2917	33.686
4895586	8000.0	17	24000.0	0.8058	33.686	0.3333	34.8251
4896484	10000.0	17	24000.0	1.0058	34.8251	0.4167	36.2476
4895838	8000.0	17	24000.0	0.8058	36.2476	0.3333	37.3867
4894222	8000.0	17	24000.0	0.8058	37.3867	0.3333	38.5258
4895032	8000.0	17	24000.0	0.8058	38.5258	0.3333	39.664899999999996
4893698	6000.0	18	30000.0	0.6058	34.0173	0.2	34.823100000000004
4896507	7000.0	18	30000.0	0.7058	34.8231	0.2333	35.76219999999999
4897119	19000.0	18	30000.0	1.9058	35.7622	0.6333	38.3013
4894050	10000.0	18	30000.0	1.0058	38.3013	0.3333	39.6404
4894708	12000.0	18	30000.0	1.2058	39.6404	0.4	41.246199999999995
4894795	6000.0	18	30000.0	0.6058	41.2462	0.2	42.05200000000001
4896661	10000.0	18	30000.0	1.0058	42.052	0.3333	43.3911
4897968	10000.0	18	30000.0	1.0058	43.3911	0.3333	44.7302
4898753	8000.0	18	30000.0	0.8058	44.7302	0.2667	45.8027
4898229	9000.0	18	30000.0	0.9058	45.8027	0.3	47.0085
4898502	10000.0	18	30000.0	1.0058	47.0085	0.3333	48.3476
4893660	6000.0	19	30000.0	0.6058	42.2784	0.2	43.0842
4893515	7000.0	19	30000.0	0.7058	43.0842	0.2333	44.023300000000006
4894140	8000.0	19	30000.0	0.8058	44.0233	0.2667	45.0958
4893281	11000.0	19	30000.0	1.1058	45.0958	0.3667	46.5683
4896268	10000.0	19	30000.0	1.0058	46.5683	0.3333	47.9074
4896891	10000.0	19	30000.0	1.0058	47.9074	0.3333	49.246500000000005
4897457	10000.0	19	30000.0	1.0058	49.2465	0.3333	50.5856
4893490	8000.0	19	30000.0	0.8058	50.5856	0.2667	51.6581
4896346	8000.0	19	30000.0	0.8058	51.6581	0.2667	52.730599999999995
4898156	9000.0	19	30000.0	0.9058	52.7306	0.3	53.9364
4898066	10000.0	0	500.0	1.0	530.4	20.0	551.4
4894510	50000.0	0	500.0	5.0	551.4	100.0	656.4
4763586	335000.0	0	500.0	33.5	656.4	670.0	1359.9
4763595	335000.0	0	500.0	33.5	1359.9	670.0	2063.4
4897708	10000.0	9	6000.0	1.0067	7.9736	1.6667	10.647
4895788	8000.0	9	6000.0	0.8067	10.647	1.3333	12.786999999999999
4896295	16000.0	9	6000.0	1.6067	12.787	2.6667	17.0604
4893558	6000.0	9	6000.0	0.6067	17.0604	1.0	18.6671
4897530	5000.0	9	6000.0	0.5067	18.6671	0.8333	20.0071
4763592	342000.0	9	6000.0	34.2067	20.0071	57.0	111.21379999999999
4763568	336000.0	9	6000.0	33.6067	111.2138	56.0	200.8205
4895493	18000.0	10	6000.0	1.8067	10.647	3.0	15.4537
4763573	275000.0	10	6000.0	27.5067	15.4537	45.8333	88.7937
4898234	8000.0	10	6000.0	0.8067	88.7937	1.3333	90.9337
4894863	7000.0	10	6000.0	0.7067	90.9337	1.1667	92.8071
4896588	8000.0	10	6000.0	0.8067	92.8071	1.3333	94.9471
4893151	7000.0	10	6000.0	0.7067	94.9471	1.1667	96.82050000000001
4896680	9000.0	10	6000.0	0.9067	96.8205	1.5	99.2272
4893314	9000.0	10	6000.0	0.9067	99.2272	1.5	101.6339
4893473	11000.0	11	6000.0	1.1067	3.3535	1.8333	6.2935
4894335	7000.0	11	6000.0	0.7067	6.2935	1.1667	8.1669
4763574	320000.0	11	6000.0	32.0067	8.1669	53.3333	93.5069
4895852	7000.0	11	6000.0	0.7067	93.5069	1.1667	95.3803
4763585	299000.0	11	6000.0	29.9067	95.3803	49.8333	175.12030000000001
4894415	7000.0	11	6000.0	0.7067	175.1203	1.1667	176.9937
4894474	6000.0	11	6000.0	0.6067	176.9937	1.0	178.60039999999998
4894459	6000.0	11	6000.0	0.6067	178.6004	1.0	180.2071
4897625	8000.0	11	6000.0	0.8067	180.2071	1.3333	182.3471
4898589	6000.0	11	6000.0	0.6067	182.3471	1.0	183.9538
4894114	7000.0	11	6000.0	0.7067	183.9538	1.1667	185.8272
4897077	6000.0	11	6000.0	0.6067	185.8272	1.0	187.4339
4897399	12000.0	12	6000.0	1.2	11.9335	2.0	15.1335
4895629	8000.0	12	6000.0	0.8	15.1335	1.3333	17.2668
4895666	7000.0	12	6000.0	0.7	17.2668	1.1667	19.133499999999998
4894208	6000.0	12	6000.0	0.6	19.1335	1.0	20.733500000000003
4894692	8000.0	13	8000.0	0.8	9.375	1.0	11.175
4897853	16000.0	13	8000.0	1.6	11.175	2.0	14.775
4894722	11000.0	13	8000.0	1.1	14.775	1.375	17.25
4895779	12000.0	14	12000.0	1.2	69.7836	1.0	71.98360000000001
4897400	9000.0	14	12000.0	0.9	71.9836	0.75	73.6336
4898293	9000.0	14	12000.0	0.9	73.6336	0.75	75.2836
4893475	10000.0	14	12000.0	1.0	75.2836	0.8333	77.1169
4897198	16000.0	14	12000.0	1.6	77.1169	1.3333	80.05019999999999
4898017	11000.0	14	12000.0	1.1	80.0502	0.9167	82.0669
4895038	9000.0	14	12000.0	0.9	82.0669	0.75	83.71690000000001
4894833	9000.0	14	12000.0	0.9	83.7169	0.75	85.3669
4895072	9000.0	14	12000.0	0.9	85.3669	0.75	87.0169
4898690	11000.0	14	12000.0	1.1	87.0169	0.9167	89.0336
4897089	8000.0	14	12000.0	0.8	89.0336	0.6667	90.50030000000001
4898053	11000.0	15	16000.0	1.1	67.0375	0.6875	68.82499999999999
4894940	29000.0	15	16000.0	2.9	68.825	1.8125	73.53750000000001
4896171	8000.0	15	16000.0	0.8	73.5375	0.5	74.83749999999999
4894736	10000.0	16	18000.0	1.0058	45.3783	0.5556	46.9397
4897579	10000.0	16	18000.0	1.0058	46.9397	0.5556	48.5011
4895481	8000.0	16	18000.0	0.8058	48.5011	0.4444	49.7513
4894669	8000.0	16	18000.0	0.8058	49.7513	0.4444	51.0015
4763580	375000.0	17	24000.0	37.5058	38.6649	15.625	91.79570000000001
4897904	7000.0	17	24000.0	0.7058	91.7957	0.2917	92.7932
4763581	369000.0	17	24000.0	36.9058	92.7932	15.375	145.074
4763582	346000.0	17	24000.0	34.6058	145.074	14.4167	194.0965
4763588	264000.0	17	24000.0	26.4058	194.0965	11.0	231.5023
4763571	271000.0	17	24000.0	27.1058	231.5023	11.2917	269.89979999999997
4763563	341000.0	17	24000.0	34.1058	269.8998	14.2083	318.2139
4894441	10000.0	17	24000.0	1.0058	318.2139	0.4167	319.63640000000004
4894782	7000.0	17	24000.0	0.7058	319.6364	0.2917	320.6339
4897096	46000.0	17	24000.0	4.6058	320.6339	1.9167	327.15639999999996
4763593	287000.0	17	24000.0	28.7058	327.1564	11.9583	367.82050000000004
4893084	6000.0	17	24000.0	0.6058	367.8205	0.25	368.67629999999997
4898058	13000.0	18	30000.0	1.3058	47.3476	0.4333	49.0867
4763590	335000.0	18	30000.0	33.5058	49.0867	11.1667	93.7592
4894342	29000.0	18	30000.0	2.9058	93.7592	0.9667	97.63170000000001
4896621	11000.0	18	30000.0	1.1058	97.6317	0.3667	99.10419999999999
4898631	7000.0	18	30000.0	0.7058	99.1042	0.2333	100.0433
4896061	9000.0	18	30000.0	0.9058	100.0433	0.3	101.2491
4896682	11000.0	18	30000.0	1.1058	101.2491	0.3667	102.7216
4895981	20000.0	18	30000.0	2.0058	102.7216	0.6667	105.3941
4763591	426000.0	19	30000.0	42.6058	52.9364	14.2	109.74220000000001
4763575	402000.0	19	30000.0	40.2058	109.7422	13.4	163.348
4894723	10000.0	19	30000.0	1.0058	163.348	0.3333	164.68710000000002
4763560	345000.0	19	30000.0	34.5058	164.6871	11.5	210.69289999999998
4897430	7000.0	0	500.0	0.7	2062.4	14.0	2077.1
4894331	11000.0	0	500.0	1.1	2077.1	22.0	2100.2
4893142	8000.0	0	500.0	0.8	2100.2	16.0	2117.0
4896717	8000.0	0	500.0	0.8	2117.0	16.0	2133.8
4895339	10000.0	0	500.0	1.0	2133.8	20.0	2154.8
4893321	31000.0	0	500.0	3.1	2154.8	62.0	2219.9
4898763	18000.0	9	6000.0	1.8067	199.8205	3.0	204.62720000000002
4895245	7000.0	9	6000.0	0.7067	204.6272	1.1667	206.5006
4894919	48000.0	9	6000.0	4.8067	206.5006	8.0	219.3073
4893621	7000.0	9	6000.0	0.7067	219.3073	1.1667	221.1807
4898144	17000.0	9	6000.0	1.7067	221.1807	2.8333	225.72070000000002
4893568	18000.0	9	6000.0	1.8067	225.7207	3.0	230.5274
4894786	7000.0	9	6000.0	0.7067	230.5274	1.1667	232.4008
4893448	7000.0	9	6000.0	0.7067	232.4008	1.1667	234.2742
4893976	8000.0	9	6000.0	0.8067	234.2742	1.3333	236.41420000000002
4898578	11000.0	9	6000.0	1.1067	236.4142	1.8333	239.3542
4763589	333000.0	9	6000.0	33.3067	239.3542	55.5	328.16089999999997
4894714	8000.0	9	6000.0	0.8067	328.1609	1.3333	330.3009
4898245	6000.0	9	6000.0	0.6067	330.3009	1.0	331.9076
4763570	557000.0	9	6000.0	55.7067	331.9076	92.8333	480.4476
4893409	7000.0	9	6000.0	0.7067	480.4476	1.1667	482.321
4893646	6000.0	9	6000.0	0.6067	482.321	1.0	483.9277
4898392	8000.0	9	6000.0	0.8067	483.9277	1.3333	486.0677
4898451	7000.0	9	6000.0	0.7067	486.0677	1.1667	487.9411
4897704	8000.0	9	6000.0	0.8067	487.9411	1.3333	490.0811
4895977	15000.0	10	6000.0	1.5067	100.6339	2.5	104.64059999999999
4897743	7000.0	10	6000.0	0.7067	104.6406	1.1667	106.51400000000001
4895782	7000.0	10	6000.0	0.7067	106.514	1.1667	108.3874
4895783	7000.0	10	6000.0	0.7067	108.3874	1.1667	110.2608
4763569	433000.0	10	6000.0	43.3067	110.2608	72.1667	225.7342
4895703	10000.0	10	6000.0	1.0067	225.7342	1.6667	228.40759999999997
4893735	8000.0	10	6000.0	0.8067	228.4076	1.3333	230.54760000000002
4763565	291000.0	10	6000.0	29.1067	230.5476	48.5	308.1543
4763567	363000.0	10	6000.0	36.3067	308.1543	60.5	404.96099999999996
4894253	9000.0	10	6000.0	0.9067	404.961	1.5	407.3677
4894706	8000.0	10	6000.0	0.8067	407.3677	1.3333	409.5077
4896012	9000.0	11	6000.0	0.9067	186.4339	1.5	188.8406
4897375	9000.0	11	6000.0	0.9067	188.8406	1.5	191.2473
4896057	6000.0	11	6000.0	0.6067	191.2473	1.0	192.85399999999998
4897993	7000.0	11	6000.0	0.7067	192.854	1.1667	194.72740000000002
4898396	47000.0	11	6000.0	4.7067	194.7274	7.8333	207.2674
4893678	9000.0	11	6000.0	0.9067	207.2674	1.5	209.6741
4893512	8000.0	11	6000.0	0.8067	209.6741	1.3333	211.81410000000002
4896767	10000.0	11	6000.0	1.0067	211.8141	1.6667	214.48749999999998
4763561	376000.0	11	6000.0	37.6067	214.4875	62.6667	314.7609
4897527	10000.0	11	6000.0	1.0067	314.7609	1.6667	317.4343
4895654	10000.0	11	6000.0	1.0067	317.4343	1.6667	320.1077
4898237	11000.0	11	6000.0	1.1067	320.1077	1.8333	323.0477
4763579	435000.0	12	6000.0	43.5	19.7335	72.5	135.7335
4896004	7000.0	12	6000.0	0.7	135.7335	1.1667	137.60019999999997
4896008	10000.0	12	6000.0	1.0	137.6002	1.6667	140.2669
4763583	425000.0	12	6000.0	42.5	140.2669	70.8333	253.60019999999997
4893051	9000.0	12	6000.0	0.9	253.6002	1.5	256.0002
4893802	5000.0	12	6000.0	0.5	256.0002	0.8333	257.3335
4897296	7000.0	12	6000.0	0.7	257.3335	1.1667	259.2002
4763597	364000.0	12	6000.0	36.4	259.2002	60.6667	356.26689999999996
4897609	19000.0	12	6000.0	1.9	356.2669	3.1667	361.3336
4897502	18000.0	12	6000.0	1.8	361.3336	3.0	366.1336
4897533	10000.0	12	6000.0	1.0	366.1336	1.6667	368.8003
4894675	8000.0	12	6000.0	0.8	368.8003	1.3333	370.9336
4763559	434000.0	12	6000.0	43.4	370.9336	72.3333	486.6669
4898387	8000.0	12	6000.0	0.8	486.6669	1.3333	488.8002
4896437	10000.0	12	6000.0	1.0	488.8002	1.6667	491.4669
4896960	6000.0	13	8000.0	0.6	16.25	0.75	17.6
4894016	6000.0	13	8000.0	0.6	17.6	0.75	18.950000000000003
4896308	6000.0	13	8000.0	0.6	18.95	0.75	20.3
4896512	6000.0	13	8000.0	0.6	20.3	0.75	21.650000000000002
4893723	8000.0	13	8000.0	0.8	21.65	1.0	23.45
4897690	9000.0	13	8000.0	0.9	23.45	1.125	25.474999999999998
4896764	9000.0	13	8000.0	0.9	25.475	1.125	27.5
4893369	9000.0	13	8000.0	0.9	27.5	1.125	29.525
4898508	8000.0	13	8000.0	0.8	29.525	1.0	31.325
4896903	7000.0	13	8000.0	0.7	31.325	0.875	32.9
4895987	8000.0	14	12000.0	0.8	89.5003	0.6667	90.967
4898524	14000.0	14	12000.0	1.4	90.967	1.1667	93.53370000000001
4897745	9000.0	14	12000.0	0.9	93.5337	0.75	95.1837
4893805	10000.0	14	12000.0	1.0	95.1837	0.8333	97.017
4898192	10000.0	14	12000.0	1.0	97.017	0.8333	98.85029999999999
4896226	8000.0	14	12000.0	0.8	98.8503	0.6667	100.31700000000001
4895184	8000.0	14	12000.0	0.8	100.317	0.6667	101.7837
4897768	12000.0	14	12000.0	1.2	101.7837	1.0	103.9837
4897048	9000.0	14	12000.0	0.9	103.9837	0.75	105.6337
4898752	9000.0	14	12000.0	0.9	105.6337	0.75	107.28370000000001
4896113	8000.0	14	12000.0	0.8	107.2837	0.6667	108.7504
4895326	9000.0	14	12000.0	0.9	108.7504	0.75	110.4004
4895123	10000.0	14	12000.0	1.0	110.4004	0.8333	112.2337
4896041	18000.0	15	16000.0	1.8	73.8375	1.125	76.7625
4894439	17000.0	15	16000.0	1.7	76.7625	1.0625	79.525
4893226	9000.0	15	16000.0	0.9	79.525	0.5625	80.98750000000001
4896237	47000.0	15	16000.0	4.7	80.9875	2.9375	88.625
4895205	8000.0	15	16000.0	0.8	88.625	0.5	89.925
4896526	10000.0	15	16000.0	1.0	89.925	0.625	91.55
4896600	9000.0	15	16000.0	0.9	91.55	0.5625	93.0125
4896732	8000.0	15	16000.0	0.8	93.0125	0.5	94.3125
4898403	50000.0	15	16000.0	5.0	94.3125	3.125	102.4375
4898294	12000.0	15	16000.0	1.2	102.4375	0.75	104.3875
4896684	8000.0	15	16000.0	0.8	104.3875	0.5	105.6875
4895949	10000.0	16	18000.0	1.0058	50.0015	0.5556	51.5629
4895358	9000.0	16	18000.0	0.9058	51.5629	0.5	52.9687
4895300	9000.0	16	18000.0	0.9058	52.9687	0.5	54.3745
4896136	10000.0	16	18000.0	1.0058	54.3745	0.5556	55.9359
4895933	9000.0	16	18000.0	0.9058	55.9359	0.5	57.341699999999996
4897129	9000.0	16	18000.0	0.9058	57.3417	0.5	58.7475
4893745	9000.0	16	18000.0	0.9058	58.7475	0.5	60.1533
4897871	9000.0	17	24000.0	0.9058	367.6763	0.375	368.9571
4897798	21000.0	17	24000.0	2.1058	368.9571	0.875	371.9379
4897011	7000.0	17	24000.0	0.7058	371.9379	0.2917	372.9354
4895436	8000.0	17	24000.0	0.8058	372.9354	0.3333	374.0745
4763594	517000.0	17	24000.0	51.7058	374.0745	21.5417	447.322
4893960	8000.0	17	24000.0	0.8058	447.322	0.3333	448.4611
4894130	20000.0	17	24000.0	2.0058	448.4611	0.8333	451.3002
4894153	15000.0	17	24000.0	1.5058	451.3002	0.625	453.43100000000004
4763596	390000.0	17	24000.0	39.0058	453.431	16.25	508.6868
4894228	11000.0	17	24000.0	1.1058	508.6868	0.4583	510.2509
4898253	15000.0	17	24000.0	1.5058	510.2509	0.625	512.3817
4763566	408000.0	17	24000.0	40.8058	512.3817	17.0	570.1875
4763577	383000.0	17	24000.0	38.3058	570.1875	15.9583	624.4516
4763576	445000.0	17	24000.0	44.5058	624.4516	18.5417	687.4991
4763578	524000.0	18	30000.0	52.4058	104.3941	17.4667	174.26659999999998
4895825	12000.0	18	30000.0	1.2058	174.2666	0.4	175.87240000000003
4763599	527000.0	18	30000.0	52.7058	175.8724	17.5667	246.1449
4763584	498000.0	18	30000.0	49.8058	246.1449	16.6	312.5507
4763598	385000.0	18	30000.0	38.5058	312.5507	12.8333	363.88980000000004
4897772	8000.0	18	30000.0	0.8058	363.8898	0.2667	364.96229999999997
4897294	10000.0	18	30000.0	1.0058	364.9623	0.3333	366.30140000000006
4763564	365000.0	18	30000.0	36.5058	366.3014	12.1667	414.9739
4896460	10000.0	18	30000.0	1.0058	414.9739	0.3333	416.31300000000005
4894053	22000.0	19	30000.0	2.2058	209.6929	0.7333	212.63200000000003
4763600	419000.0	19	30000.0	41.9058	212.632	13.9667	268.5045
4895527	8000.0	19	30000.0	0.8058	268.5045	0.2667	269.577
4894874	9000.0	19	30000.0	0.9058	269.577	0.3	270.7828
4895461	7000.0	19	30000.0	0.7058	270.7828	0.2333	271.7219
4898326	11000.0	19	30000.0	1.1058	271.7219	0.3667	273.1944
4763587	352000.0	19	30000.0	35.2058	273.1944	11.7333	320.13349999999997
4894389	7000.0	19	30000.0	0.7058	320.1335	0.2333	321.0726
4894643	6000.0	19	30000.0	0.6058	321.0726	0.2	321.8784
4763572	360000.0	19	30000.0	36.0058	321.8784	12.0	369.8842
4763562	463000.0	19	30000.0	46.3058	369.8842	15.4333	431.6233
4896731	7000.0	19	30000.0	0.7058	431.6233	0.2333	432.56239999999997
4763558	325000.0	19	30000.0	32.5058	432.5624	10.8333	475.90150000000006
