8489091	1000.0	17	24000.0	0.1058	0	0.0417	0.14750000000000002
8488628	78000.0	0	500.0	7.8	0	156.0	163.8
8488504	96000.0	0	500.0	9.6	163.8	192.0	365.4
8489099	89000.0	15	16000.0	8.9	0	5.5625	14.4625
8488480	82000.0	15	16000.0	8.2	14.4625	5.125	27.7875
8489071	88000.0	15	16000.0	8.8	27.7875	5.5	42.087500000000006
8489029	91000.0	15	16000.0	9.1	42.0875	5.6875	56.875
8489232	81000.0	15	16000.0	8.1	56.875	5.0625	70.0375
8488659	93000.0	15	16000.0	9.3	70.0375	5.8125	85.14999999999999
8488397	84000.0	18	30000.0	8.4058	0	2.8	11.2058
8488747	79000.0	19	30000.0	7.9058	0	2.6333	10.539100000000001
8488785	105000.0	0	500.0	10.5	364.4	210.0	584.9
8488606	89000.0	0	500.0	8.9	584.9	178.0	771.8
8489288	86000.0	0	500.0	8.6	771.8	172.0	952.4
8488646	90000.0	2	1000.0	9.0	0	90.0	99.0
8489136	105000.0	3	1000.0	10.5	0	105.0	115.5
8489313	99000.0	5	4000.0	9.9038	0	24.75	34.653800000000004
7200811	48000.0	6	5000.0	4.8038	0	9.6	14.4038
8489126	101000.0	6	5000.0	10.1038	14.4038	20.2	44.7076
8488393	96000.0	7	5000.0	9.6038	0	19.2	28.8038
8488425	93000.0	8	5000.0	9.3067	0	18.6	27.9067
8489401	89000.0	9	6000.0	8.9067	0	14.8333	23.740000000000002
8488827	105000.0	10	6000.0	10.5067	0	17.5	28.006700000000002
8488610	102000.0	10	6000.0	10.2067	28.0067	17.0	55.2134
8489041	94000.0	13	8000.0	9.4	0	11.75	21.15
8489296	98000.0	13	8000.0	9.8	21.15	12.25	43.2
8488784	122000.0	14	12000.0	12.2	0	10.1667	22.3667
8489097	94000.0	14	12000.0	9.4	22.3667	7.8333	39.6
7199860	48000.0	14	12000.0	4.8	39.6	4.0	48.4
7201127	49000.0	14	12000.0	4.9	48.4	4.0833	57.3833
8488681	115000.0	14	12000.0	11.5	57.3833	9.5833	78.46659999999999
7199857	49000.0	14	12000.0	4.9	78.4666	4.0833	87.4499
8488990	95000.0	14	12000.0	9.5	87.4499	7.9167	104.8666
7200501	46000.0	14	12000.0	4.6	104.8666	3.8333	113.2999
8488819	95000.0	14	12000.0	9.5	113.2999	7.9167	130.7166
8489197	104000.0	14	12000.0	10.4	130.7166	8.6667	149.7833
8489057	97000.0	14	12000.0	9.7	149.7833	8.0833	167.5666
8488776	127000.0	14	12000.0	12.7	167.5666	10.5833	190.8499
8489169	133000.0	14	12000.0	13.3	190.8499	11.0833	215.2332
8488461	111000.0	14	12000.0	11.1	215.2332	9.25	235.5832
7199811	48000.0	15	16000.0	4.8	84.15	3.0	91.95
7201124	49000.0	15	16000.0	4.9	91.95	3.0625	99.91250000000001
8488779	100000.0	15	16000.0	10.0	99.9125	6.25	116.1625
8488657	94000.0	15	16000.0	9.4	116.1625	5.875	131.4375
8488321	95000.0	15	16000.0	9.5	131.4375	5.9375	146.875
7200546	49000.0	15	16000.0	4.9	146.875	3.0625	154.8375
8488314	102000.0	15	16000.0	10.2	154.8375	6.375	171.4125
7199862	48000.0	15	16000.0	4.8	171.4125	3.0	179.2125
8488342	100000.0	15	16000.0	10.0	179.2125	6.25	195.4625
8488695	114000.0	15	16000.0	11.4	195.4625	7.125	213.9875
7201278	49000.0	15	16000.0	4.9	213.9875	3.0625	221.95000000000002
7201778	47000.0	15	16000.0	4.7	221.95	2.9375	229.58749999999998
8488708	110000.0	15	16000.0	11.0	229.5875	6.875	247.4625
8489031	78000.0	15	16000.0	7.8	247.4625	4.875	260.13750000000005
8489267	103000.0	16	18000.0	10.3058	0	5.7222	16.028
8488515	98000.0	16	18000.0	9.8058	16.028	5.4444	31.2782
8488426	108000.0	16	18000.0	10.8058	31.2782	6.0	48.083999999999996
7200584	50000.0	16	18000.0	5.0058	48.084	2.7778	55.8676
8488399	103000.0	16	18000.0	10.3058	55.8676	5.7222	71.8956
7201079	50000.0	16	18000.0	5.0058	71.8956	2.7778	79.6792
8488354	99000.0	16	18000.0	9.9058	79.6792	5.5	95.085
7200217	47000.0	16	18000.0	4.7058	95.085	2.6111	102.40189999999998
8489319	102000.0	17	24000.0	10.2058	0	4.25	14.4558
7200355	46000.0	17	24000.0	4.6058	14.4558	1.9167	20.978299999999997
8489265	118000.0	17	24000.0	11.8058	20.9783	4.9167	37.7008
8489005	102000.0	17	24000.0	10.2058	37.7008	4.25	52.1566
8488508	124000.0	17	24000.0	12.4058	52.1566	5.1667	69.7291
8488517	87000.0	17	24000.0	8.7058	69.7291	3.625	82.0599
8488356	120000.0	17	24000.0	12.0058	82.0599	5.0	99.06569999999999
8488334	101000.0	17	24000.0	10.1058	99.0657	4.2083	113.3798
8489189	107000.0	17	24000.0	10.7058	113.3798	4.4583	128.5439
7199954	47000.0	17	24000.0	4.7058	128.5439	1.9583	135.20800000000003
8489335	95000.0	17	24000.0	9.5058	135.208	3.9583	148.6721
8488541	82000.0	17	24000.0	8.2058	148.6721	3.4167	160.2946
8488907	98000.0	18	30000.0	9.8058	10.2058	3.2667	23.2783
8489124	107000.0	18	30000.0	10.7058	23.2783	3.5667	37.550799999999995
8488648	93000.0	18	30000.0	9.3058	37.5508	3.1	49.9566
8488878	107000.0	18	30000.0	10.7058	49.9566	3.5667	64.2291
8489383	101000.0	18	30000.0	10.1058	64.2291	3.3667	77.7016
8488880	91000.0	18	30000.0	9.1058	77.7016	3.0333	89.8407
8488956	93000.0	18	30000.0	9.3058	89.8407	3.1	102.2465
7200607	48000.0	18	30000.0	4.8058	102.2465	1.6	108.6523
7199837	67000.0	18	30000.0	6.7058	108.6523	2.2333	117.5914
7201465	46000.0	18	30000.0	4.6058	117.5914	1.5333	123.73049999999999
8488664	94000.0	18	30000.0	9.4058	123.7305	3.1333	136.2696
7200483	51000.0	18	30000.0	5.1058	136.2696	1.7	143.07539999999997
8489122	104000.0	19	30000.0	10.4058	9.5391	3.4667	23.411599999999996
8489064	113000.0	19	30000.0	11.3058	23.4116	3.7667	38.4841
7201927	51000.0	19	30000.0	5.1058	38.4841	1.7	45.2899
8488924	103000.0	19	30000.0	10.3058	45.2899	3.4333	59.029
8488358	97000.0	19	30000.0	9.7058	59.029	3.2333	71.9681
8488698	118000.0	19	30000.0	11.8058	71.9681	3.9333	87.70720000000001
8488743	103000.0	19	30000.0	10.3058	87.7072	3.4333	101.44630000000001
7200850	57000.0	19	30000.0	5.7058	101.4463	1.9	109.0521
8488475	108000.0	19	30000.0	10.8058	109.0521	3.6	123.4579
7200041	46000.0	19	30000.0	4.6058	123.4579	1.5333	129.59699999999998
8488347	94000.0	19	30000.0	9.4058	129.597	3.1333	142.1361
7199750	53000.0	19	30000.0	5.3058	142.1361	1.7667	149.2086
8489263	87000.0	19	30000.0	8.7058	149.2086	2.9	160.8144
7201882	50000.0	19	30000.0	5.0058	160.8144	1.6667	167.4869
8488518	99000.0	19	30000.0	9.9058	167.4869	3.3	180.6927
7200432	54000.0	0	500.0	5.4	951.4	108.0	1064.8
8488577	112000.0	14	12000.0	11.2	234.5832	9.3333	255.1165
7199797	51000.0	17	24000.0	5.1058	159.2946	2.125	166.5254
7200691	60000.0	14	12000.0	6.0	250.1165	5.0	261.1165
