23.1	0.3	1.1	1
67.2	0.27	1.0	1
132.3	0.26	1.0	1
210.0	0.4	0.6	1
304.5	0.37	0.8	1
413.7	0.36	0.7	1
543.9	0.29	1.0	1
695.0999999999999	0.29	1.0	1
865.1999999999999	0.29	0.9	1
1060.5	0.27	1.2	1
1270.5	0.37	0.7	1
1501.5	0.3	1.0	1
1749.3	0.32	0.8	1
2020.1999999999998	0.29	1.1	1
2312.1	0.32	1.0	1
2622.8999999999996	0.31	0.9	1
2946.2999999999997	0.42	0.6	1
3288.5999999999995	0.39	0.9	1
3649.7999999999993	0.36	0.9	1
4023.5999999999995	0.38	0.6	1
4412.099999999999	0.37	0.7	1
4819.499999999999	0.32	0.9	1
5241.599999999999	0.44	0.7	1
5680.499999999999	0.26	0.8	1
6138.299999999999	0.3	0.9	1
6612.9	0.41	0.8	1
7104.299999999999	0.31	0.8	1
7614.599999999999	0.32	0.9	1
8143.799999999999	0.31	0.9	1
8689.8	0.41	0.8	1
9252.599999999999	0.41	0.8	1
9832.199999999999	0.36	0.8	1
10430.699999999999	0.3	0.9	1
11043.9	0.39	0.7	1
11680.199999999999	0.28	1.1	1
12335.4	0.33	0.9	1
13009.5	0.26	0.9	1
13698.3	0.37	0.7	1
14403.9	0.35	0.8	1
15126.3	0.42	0.8	1
15863.4	0.39	0.7	1
16617.3	0.43	0.8	1
17390.1	0.32	0.9	1
18177.6	0.39	0.7	1
18978.8	0.38	0.7	1
19794.7	0.33	0.7	1
20627.4	0.37	0.8	1
21476.9	0.34	0.8	1
22345.300000000003	0.3	0.9	1
23228.4	0.38	0.7	1
24132.5	0.29	1.0	1
25053.4	0.32	0.8	1
25993.2	0.34	0.9	1
26951.9	0.37	0.9	1
27925.300000000003	0.38	0.7	1
28917.600000000002	0.32	0.9	1
29928.800000000003	0.34	0.9	1
30956.800000000003	0.31	0.8	1
32003.700000000004	0.32	0.9	1
33069.50000000001	0.33	0.9	1
34154.200000000004	0.33	0.9	1
35255.700000000004	0.37	0.8	1
36374.00000000001	0.32	0.8	1
37507.00000000001	0.42	0.7	1
38658.90000000001	0.34	0.9	1
39833.90000000001	0.26	1.1	1
41029.90000000001	0.27	1.0	1
42242.70000000001	0.37	0.8	1
43474.40000000001	0.27	0.9	1
44722.90000000001	0.38	0.8	1
45990.30000000001	0.32	0.9	1
47272.40000000001	0.32	0.7	1
48573.40000000001	0.32	0.9	1
49895.40000000001	0.28	1.0	1
51234.20000000001	0.36	0.8	1
52585.60000000001	0.45	0.6	1
53962.20000000001	0.27	1.2	1
55359.80000000001	0.34	1.0	1
56778.40000000001	0.28	1.0	1
58211.70000000001	0.36	0.7	1
59663.90000000001	0.35	0.9	1
61126.600000000006	0.41	0.5	1
62608.200000000004	0.29	0.9	1
64102.4	0.44	0.6	1
65617.6	0.33	1.0	1
67153.8	0.32	1.0	1
68711.0	0.3	1.0	1
70280.8	0.5	0.6	1
71871.6	0.27	1.0	1
73479.20000000001	0.33	0.8	1
75103.6	0.41	0.8	1
76746.90000000001	0.37	0.9	1
78407.00000000001	0.37	0.8	1
80079.70000000001	0.47	0.6	1
81767.1	0.42	0.7	1
83471.3	0.37	0.8	1
85192.3	0.33	0.8	1
86936.40000000001	0.22	1.1	1
88695.20000000001	0.39	0.7	1
90470.80000000002	0.32	0.8	1
92263.20000000001	0.38	0.8	1
94072.40000000001	0.41	0.8	1
95902.6	0.3	1.0	1
97751.70000000001	0.33	0.9	1
99617.6	0.36	0.8	1
101498.20000000001	0.41	0.7	1
103393.50000000001	0.34	0.7	1
105305.60000000002	0.38	0.8	1
107234.50000000001	0.34	0.8	1
109190.70000000001	0.23	1.3	1
111163.70000000001	0.41	0.8	1
113159.80000000002	0.32	1.1	1
115168.50000000001	0.52	0.6	1
117196.10000000002	0.37	0.9	1
119244.70000000003	0.29	1.0	1
121308.00000000003	0.4	0.7	1
123396.50000000003	0.32	1.2	1
125497.60000000003	0.46	0.6	1
127615.50000000003	0.46	0.8	1
129760.70000000003	0.25	1.3	1
131924.80000000002	0.33	0.9	1
134104.7	0.41	0.8	1
136301.40000000002	0.34	0.8	1
138517.00000000003	0.34	0.9	1
140747.30000000002	0.41	0.7	1
142992.30000000002	0.36	0.7	1
145262.50000000003	0.28	1.2	1
147545.30000000002	0.41	0.6	1
149844.90000000002	0.36	0.8	1
152161.30000000002	0.37	0.8	1
154492.40000000002	0.36	0.7	1
156838.2	0.37	0.7	1
159196.6	0.41	0.6	1
161569.7	0.41	0.7	1
163959.6	0.31	0.8	1
166370.5	0.29	1.0	1
168798.2	0.37	0.8	1
171240.6	0.42	0.7	1
173704.0	0.33	1.0	1
176177.9	0.48	0.5	1
178666.5	0.4	0.7	1
181174.0	0.31	0.9	1
183694.1	0.37	0.6	1
186233.1	0.32	0.9	1
188784.7	0.43	0.6	1
191350.0	0.39	0.7	1
193930.0	0.39	0.7	1
196526.8	0.35	0.8	1
199136.19999999998	0.38	0.6	1
201758.19999999998	0.47	0.6	1
204396.99999999997	0.35	0.8	1
207052.59999999998	0.35	0.8	1
209727.09999999998	0.33	0.9	1
212420.49999999997	0.35	0.9	1
215128.59999999998	0.42	0.7	1
217855.59999999998	0.37	0.9	1
220599.39999999997	0.34	0.8	1
223357.89999999997	0.36	0.7	1
226131.09999999998	0.36	0.7	1
228918.99999999997	0.46	0.7	1
231721.59999999998	0.39	0.7	1
234538.89999999997	0.36	0.7	1
237375.09999999998	0.32	0.9	1
240232.3	0.31	1.0	1
243108.4	0.32	0.9	1
246009.69999999998	0.3	1.2	1
248929.9	0.32	0.9	1
251866.9	0.33	0.8	1
254820.69999999998	0.37	0.8	1
257791.3	0.31	0.8	1
260776.59999999998	0.37	0.7	1
263772.39999999997	0.41	0.5	1
266795.49999999994	0.26	1.3	1
269833.29999999993	0.36	0.7	1
272883.69999999995	0.43	0.6	1
275946.69999999995	0.38	0.6	1
279030.69999999995	0.32	1.0	1
282125.19999999995	0.44	0.5	1
285244.89999999997	0.22	1.2	1
288379.3	0.4	0.7	1
291528.39999999997	0.39	0.7	1
294691.19999999995	0.37	0.7	1
297866.6	0.39	0.6	1
301063.0	0.29	1.0	1
304274.1	0.35	0.7	1
307502.0	0.34	0.8	1
310742.5	0.41	0.6	1
313999.8	0.36	0.8	1
317280.2	0.27	1.1	1
320581.60000000003	0.28	1.0	1
323897.7	0.42	0.7	1
327230.60000000003	0.36	0.8	1
330580.30000000005	0.36	0.8	1
333942.60000000003	0.46	0.6	1
337321.7	0.32	0.8	1
340711.3	0.47	0.5	1
344119.8	0.34	0.9	1
347540.89999999997	0.45	0.6	1
350985.1	0.3	1.1	1
354444.0	0.35	0.7	1
357917.6	0.4	0.7	1
361405.89999999997	0.36	0.7	1
364908.89999999997	0.4	0.7	1
368424.49999999994	0.41	0.6	1
371954.79999999993	0.35	0.7	1
375499.79999999993	0.32	0.7	1
379063.69999999995	0.37	0.9	1
382642.29999999993	0.4	0.7	1
386235.5999999999	0.35	0.7	1
389843.5999999999	0.33	0.7	1
393466.29999999993	0.37	0.7	1
397105.79999999993	0.34	0.8	1
