1.8734000000000002	0.41	0.7	1
5.6202000000000005	0.36	0.7	1
11.240400000000001	0.4	0.7	1
19.534	0.26	1.0	1
29.701	0.45	0.7	1
42.2747	0.29	0.9	1
56.9884	0.37	0.8	1
73.5755	0.4	0.7	1
92.036	0.37	0.7	1
113.4365	0.32	1.1	1
136.977	0.32	0.8	1
162.6575	0.31	0.8	1
190.478	0.32	0.8	1
219.9052	0.43	0.6	1
251.2058	0.33	0.7	1
284.6464	0.39	0.8	1
320.49370000000005	0.28	0.9	1
358.21440000000007	0.37	0.7	1
397.27510000000007	0.48	0.5	1
437.94250000000005	0.43	0.6	1
480.2166000000001	0.4	0.6	1
525.6974000000001	0.27	1.2	1
572.7849000000001	0.51	0.6	1
621.7458000000001	0.38	0.7	1
672.5801000000001	0.41	0.7	1
725.2878000000002	0.42	0.7	1
779.8689000000002	0.41	0.7	1
836.3234000000002	0.38	0.7	1
894.3846000000002	0.38	0.6	1
954.3192000000003	0.37	0.7	1
1016.3938000000003	0.33	0.8	1
1080.3418000000004	0.39	0.7	1
1145.8965000000003	0.39	0.6	1
1214.1246000000003	0.3	1.0	1
1283.9594000000004	0.41	0.6	1
1355.9342000000004	0.32	0.8	1
1429.5157000000004	0.39	0.6	1
1506.3039000000003	0.27	1.2	1
1584.9655000000002	0.37	0.7	1
1665.5005000000003	0.41	0.7	1
1747.9089000000004	0.38	0.7	1
1831.9240000000004	0.38	0.6	1
1917.8125000000005	0.44	0.7	1
2005.5744000000004	0.4	0.7	1
2095.2097000000003	0.34	0.7	1
2185.4517000000005	0.39	0.6	1
2277.5671000000007	0.35	0.7	1
2371.5559000000007	0.35	0.7	1
2467.418100000001	0.53	0.7	1
2564.8870000000006	0.41	0.6	1
2664.7626000000005	0.32	0.9	1
2766.5116000000003	0.37	0.7	1
2870.4006000000004	0.32	0.8	1
2976.1630000000005	0.39	0.7	1
3083.7988000000005	0.39	0.7	1
3192.7746000000006	0.41	0.5	1
3303.6238000000008	0.45	0.7	1
3416.0797000000007	0.36	0.6	1
3531.4756000000007	0.31	1.1	1
3648.211500000001	0.42	0.5	1
3766.820800000001	0.37	0.7	1
3887.303500000001	0.38	0.7	1
4009.659600000001	0.41	0.7	1
4133.622400000001	0.42	0.6	1
4259.458600000001	0.39	0.7	1
4388.501500000001	0.25	1.2	1
4519.417800000001	0.36	0.7	1
4651.674100000001	0.51	0.5	1
4786.070400000001	0.4	0.8	1
4922.606700000001	0.39	0.8	1
5061.283000000001	0.33	0.8	1
5202.366000000001	0.33	0.9	1
5345.055700000001	0.42	0.6	1
5489.618800000001	0.36	0.7	1
5637.121900000001	0.29	1.1	1
5786.498400000001	0.35	0.7	1
5938.281600000001	0.28	0.9	1
6091.938200000001	0.41	0.7	1
6247.201500000001	0.46	0.6	1
6404.871500000001	0.31	0.9	1
6564.6815000000015	0.37	0.8	1
6726.898200000001	0.38	0.9	1
6890.721600000002	0.44	0.6	1
7056.418400000001	0.41	0.7	1
7223.721900000001	0.49	0.6	1
7392.898800000002	0.36	0.7	1
7564.215700000002	0.32	0.8	1
7737.406000000002	0.45	0.7	1
7912.4697000000015	0.39	0.7	1
8089.406800000002	0.39	0.7	1
8268.217300000002	0.43	0.7	1
8449.967800000002	0.3	1.1	1
8633.591700000003	0.45	0.7	1
8819.622300000003	0.39	0.9	1
9007.792900000002	0.36	0.8	1
9198.103500000003	0.33	0.8	1
9390.287500000002	0.41	0.7	1
9584.078200000002	0.41	0.6	1
9780.008900000003	0.35	0.8	1
9977.546300000002	0.38	0.6	1
10176.690400000001	0.48	0.6	1
10377.707900000001	0.35	0.7	1
10580.598800000002	0.4	0.7	1
10785.363100000002	0.41	0.7	1
10992.000800000002	0.36	0.7	1
11201.045200000002	0.39	0.9	1
11411.963000000002	0.38	0.7	1
11624.754200000001	0.4	0.7	1
11839.418800000001	0.4	0.7	1
12055.690100000002	0.48	0.6	1
12273.834800000002	0.41	0.7	1
12494.119500000003	0.32	0.8	1
12716.544200000002	0.33	0.8	1
12940.842300000002	0.33	0.7	1
13166.747100000002	0.39	0.6	1
13395.591900000003	0.29	1.1	1
13626.310100000002	0.37	0.7	1
13859.168300000003	0.31	0.8	1
14093.633200000004	0.44	0.6	1
14329.704800000003	0.4	0.6	1
14567.649800000003	0.36	0.7	1
14808.001500000002	0.35	0.9	1
15050.226600000002	0.42	0.7	1
15294.325100000002	0.39	0.7	1
15540.297000000002	0.38	0.7	1
15787.875600000003	0.3	0.6	1
16037.327600000002	0.4	0.7	1
16288.653000000002	0.4	0.7	1
16541.8518	0.41	0.7	1
16796.924	0.36	0.7	1
17054.9362	0.27	1.1	1
17314.8218	0.37	0.7	1
17576.314100000003	0.4	0.6	1
17840.746400000004	0.27	1.1	1
18107.052100000004	0.38	0.7	1
18375.497800000005	0.36	0.8	1
18646.083500000004	0.41	0.8	1
18918.809200000003	0.38	0.8	1
19193.408300000003	0.35	0.7	1
19469.614100000003	0.4	0.6	1
19746.693300000003	0.46	0.7	1
20025.912500000002	0.33	0.8	1
20306.738400000002	0.39	0.6	1
20589.437700000002	0.42	0.7	1
20874.010400000003	0.43	0.7	1
21160.456500000004	0.35	0.7	1
21449.309300000004	0.34	0.9	1
21741.635500000004	0.23	1.3	1
22035.835100000004	0.42	0.7	1
22331.908100000004	0.37	0.7	1
22629.854500000005	0.39	0.7	1
22930.207600000005	0.34	0.9	1
23232.434100000006	0.44	0.7	1
23536.534000000007	0.36	0.7	1
23843.307300000008	0.27	1.0	1
24151.42060000001	0.48	0.5	1
24461.14060000001	0.44	0.6	1
24772.73400000001	0.32	0.7	1
25086.20080000001	0.36	0.7	1
25401.27430000001	0.42	0.6	1
25719.021200000007	0.26	1.0	1
26039.174800000008	0.36	0.9	1
26362.00180000001	0.27	1.0	1
26686.96880000001	0.37	0.8	1
27014.60920000001	0.32	1.0	1
27344.12300000001	0.33	0.7	1
27675.24350000001	0.38	0.6	1
28008.237400000013	0.37	0.7	1
28343.104700000014	0.4	0.7	1
28681.712000000014	0.25	1.4	1
29022.726000000013	0.35	0.9	1
29364.813400000014	0.47	0.4	1
29708.774200000014	0.37	0.7	1
30054.875000000015	0.32	0.8	1
30403.115800000014	0.34	0.8	1
30753.763300000013	0.34	0.9	1
31106.284200000013	0.33	0.7	1
31461.211800000012	0.32	0.9	1
31818.01280000001	0.34	0.7	1
32177.48720000001	0.29	1.0	1
32538.30160000001	0.48	0.5	1
32900.72270000001	0.47	0.6	1
33265.01720000002	0.32	0.7	1
33631.18510000002	0.37	0.7	1
33999.226400000014	0.37	0.7	1
34369.40770000001	0.37	0.8	1
34742.262400000014	0.27	1.0	1
35117.25710000002	0.39	0.8	1
35494.65850000002	0.35	0.9	1
35874.46660000002	0.3	0.9	1
36255.88140000002	0.48	0.6	1
36639.96960000002	0.25	1.0	1
37026.46450000002	0.34	0.9	1
37413.83280000002	0.34	0.7	1
37803.60780000002	0.32	0.9	1
38194.98950000002	0.39	0.6	1
38588.511200000015	0.33	0.8	1
38984.43960000001	0.36	0.9	1
39383.04140000001	0.32	1.0	1
39784.84990000001	0.26	1.2	1
40188.53180000001	0.41	0.7	1
40594.08710000001	0.41	0.7	1
41001.51580000001	0.39	0.7	1
41410.55120000001	0.42	0.6	1
41821.46000000001	0.42	0.7	1
42234.24220000001	0.38	0.7	1
42648.897800000006	0.36	0.7	1
43065.42680000001	0.44	0.7	1
43484.09580000001	0.37	0.8	1
43905.17150000001	0.31	0.9	1
44328.65390000001	0.34	0.9	1
44754.00970000001	0.35	0.7	1
45181.77220000001	0.31	0.9	1
45612.2081	0.32	1.0	1
46044.78400000001	0.32	0.8	1
46479.76660000001	0.34	0.9	1
46916.62260000001	0.32	0.7	1
47355.88530000001	0.35	0.9	1
47797.02140000001	0.4	0.7	1
48240.03090000001	0.4	0.7	1
48684.91380000001	0.38	0.7	1
49132.203400000006	0.33	0.9	1
49581.366400000006	0.36	0.7	1
50032.669400000006	0.3	0.8	1
50485.04580000001	0.41	0.4	1
50939.56220000001	0.37	0.8	1
51395.685300000005	0.37	0.6	1
51853.681800000006	0.38	0.7	1
52313.5517	0.39	0.7	1
52775.295000000006	0.39	0.7	1
53238.645000000004	0.42	0.6	1
53704.135	0.35	0.8	1
54171.765	0.37	0.8	1
54641.801699999996	0.32	0.9	1
55113.7118	0.32	0.7	1
55587.495299999995	0.4	0.7	1
56063.1522	0.33	0.7	1
56540.9491	0.36	0.8	1
57021.4194	0.32	1.0	1
57503.7631	0.4	0.7	1
57987.7135	0.35	0.6	1
58473.537299999996	0.4	0.7	1
58960.9678	0.4	0.6	1
59450.005	0.4	0.6	1
59942.2489	0.22	1.2	1
60436.3662	0.37	0.7	1
60932.3569	0.42	0.7	1
61429.9543	0.4	0.6	1
61929.1584	0.43	0.6	1
62430.2359	0.4	0.7	1
62933.1868	0.4	0.7	1
63437.7444	0.37	0.6	1
63944.1754	0.35	0.7	1
64452.4798	0.36	0.7	1
64963.1909	0.31	0.9	1
65475.5087	0.4	0.6	1
65989.4332	0.62	0.6	1
66504.4311	0.47	0.4	1
67022.369	0.26	1.1	1
67541.1803	0.33	0.7	1
68061.59830000001	0.43	0.6	1
68584.68970000002	0.31	1.0	1
69110.18780000001	0.31	0.9	1
69637.55930000001	0.36	0.7	1
70166.5375	0.41	0.6	1
70697.6557	0.33	0.8	1
71231.1806	0.31	0.9	1
71766.57890000001	0.4	0.7	1
72303.8506	0.37	0.7	1
72842.9957	0.4	0.7	1
73384.0142	0.38	0.7	1
73926.90610000001	0.4	0.7	1
74471.93800000001	0.33	0.8	1
75019.3766	0.31	0.9	1
75568.4219	0.35	0.6	1
76119.6072	0.3	0.8	1
76672.66589999999	0.35	0.7	1
77227.86459999999	0.35	0.8	1
77785.20329999998	0.36	0.8	1
78344.41539999998	0.4	0.7	1
78905.50089999998	0.38	0.7	1
79468.45979999998	0.42	0.7	1
80033.29209999998	0.36	0.7	1
80599.73109999998	0.36	0.6	1
81168.04349999997	0.39	0.7	1
81738.22929999998	0.29	0.7	1
82310.28849999998	0.35	0.7	1
82884.22109999998	0.32	0.7	1
83460.02709999998	0.37	0.7	1
84038.50649999997	0.29	1.0	1
84619.39259999998	0.26	0.9	1
85201.88539999998	0.46	0.6	1
85786.25159999999	0.41	0.7	1
86371.95779999999	0.41	0.5	1
86959.53739999999	0.39	0.7	1
87548.72369999999	0.42	0.6	1
88139.78339999999	0.37	0.7	1
88732.44979999999	0.35	0.6	1
89326.45619999999	0.4	0.5	1
89922.60259999998	0.37	0.8	1
90520.35569999999	0.42	0.6	1
91119.98219999998	0.41	0.7	1
91721.74869999998	0.35	0.8	1
92325.38859999998	0.39	0.7	1
92930.90189999998	0.35	0.7	1
93538.28859999999	0.45	0.7	1
94147.28199999999	0.41	0.6	1
94757.88209999999	0.4	0.6	1
95370.08889999999	0.51	0.6	1
95984.16909999998	0.34	0.7	1
96599.85599999999	0.34	0.6	1
97217.41629999998	0.38	0.7	1
97837.11659999998	0.42	0.8	1
98458.42359999998	0.45	0.6	1
