1.6	0.45	0.6	1
5.0667	0.43	0.7	1
10.400099999999998	0.35	0.7	1
17.6002	0.35	0.7	1
26.4003	0.36	0.6	1
37.3337	0.4	0.8	1
50.1338	0.35	0.7	1
64.8006	0.36	0.7	1
83.20070000000001	0.19	1.4	1
103.4675	0.34	0.7	1
125.86760000000001	0.38	0.8	1
150.1344	0.4	0.7	1
176.5345	0.38	0.8	1
204.8013	0.37	0.7	1
235.4681	0.31	0.9	1
267.7349	0.4	0.6	1
302.66839999999996	0.27	1.0	1
339.4686	0.36	0.7	1
378.1355	0.38	0.7	1
419.20239999999995	0.32	0.9	1
462.13599999999997	0.41	0.7	1
506.93629999999996	0.34	0.7	1
553.3366	0.46	0.6	1
601.3369	0.41	0.6	1
650.9372000000001	0.46	0.6	1
702.4042000000001	0.35	0.7	1
756.0045	0.39	0.8	1
811.4715	0.39	0.7	1
868.5385	0.43	0.6	1
927.7388	0.3	0.8	1
989.8724	0.24	1.1	1
1053.606	0.45	0.6	1
1120.0063	0.31	1.0	1
1188.8066000000001	0.38	0.9	1
1259.2069000000001	0.37	0.6	1
1331.4739000000002	0.4	0.7	1
1405.6076000000003	0.37	0.7	1
1481.8746000000003	0.33	0.8	1
1560.2749000000003	0.39	0.8	1
1641.6085000000003	0.29	1.1	1
1725.3421000000003	0.34	0.9	1
1810.6757000000002	0.32	0.6	1
1897.8760000000002	0.36	0.7	1
1986.9430000000002	0.38	0.7	1
2077.8767000000003	0.36	0.7	1
2170.4104	0.42	0.6	1
2264.8108	0.4	0.7	1
2360.8112	0.41	0.6	1
2459.7449	0.31	1.1	1
2561.3453	0.28	1.0	1
2664.8124	0.4	0.7	1
2770.1461999999997	0.42	0.7	1
2876.8799999999997	0.33	0.9	1
2985.2137999999995	0.41	0.6	1
3095.4142999999995	0.4	0.7	1
3207.7480999999993	0.33	0.8	1
3322.215199999999	0.33	0.8	1
3439.615599999999	0.26	1.1	1
3559.4159999999993	0.35	0.9	1
3680.283099999999	0.52	0.4	1
3803.016899999999	0.37	0.7	1
3927.617399999999	0.4	0.7	1
4054.084599999999	0.37	0.7	1
4182.418499999999	0.38	0.7	1
4313.685699999999	0.27	1.1	1
4447.086199999999	0.32	0.8	1
4582.086699999999	0.41	0.6	1
4719.2204999999985	0.39	0.8	1
4858.220999999999	0.34	0.7	1
5000.154799999998	0.29	1.1	1
5144.221899999999	0.36	0.8	1
5290.155699999998	0.41	0.7	1
5437.956199999999	0.4	0.7	1
5587.356699999998	0.36	0.6	1
5738.623899999999	0.35	0.7	1
5891.7577999999985	0.4	0.7	1
6046.491699999999	0.38	0.6	1
6203.092299999998	0.37	0.7	1
6361.559599999999	0.4	0.7	1
6521.626899999998	0.4	0.6	1
6683.294199999998	0.39	0.6	1
6846.828199999998	0.38	0.7	1
7012.762199999998	0.33	0.9	1
7180.562899999998	0.36	0.7	1
7350.763599999998	0.28	0.9	1
7522.830999999998	0.35	0.7	1
7696.765099999999	0.42	0.7	1
7872.565899999999	0.39	0.7	1
8051.5666999999985	0.28	1.2	1
8232.700799999999	0.4	0.8	1
8415.9682	0.32	0.8	1
8601.3689	0.32	0.8	1
8789.1696	0.29	0.9	1
8979.103599999999	0.4	0.8	1
9170.904299999998	0.32	0.7	1
9364.571699999999	0.41	0.7	1
9560.639099999999	0.3	0.9	1
9757.773199999998	0.43	0.4	1
9956.773999999998	0.38	0.7	1
10158.441499999997	0.3	1.0	1
10361.442299999997	0.43	0.5	1
10566.576399999996	0.38	0.8	1
10774.110499999997	0.33	0.9	1
10983.511299999996	0.38	0.7	1
11195.045399999997	0.36	0.8	1
11408.446199999997	0.36	0.7	1
11623.446999999996	0.38	0.6	1
11840.581099999996	0.38	0.8	1
12059.581899999996	0.33	0.7	1
12280.182699999996	0.33	0.6	1
12503.450199999996	0.25	1.0	1
12729.117699999995	0.39	0.9	1
12956.651899999995	0.42	0.7	1
13187.386099999996	0.26	1.2	1
13419.986999999996	0.34	0.7	1
13654.187899999995	0.39	0.6	1
13890.255499999996	0.36	0.7	1
14127.923099999996	0.38	0.6	1
14367.457399999996	0.37	0.7	1
14608.858399999996	0.36	0.7	1
14853.459399999996	0.27	1.2	1
15100.727099999996	0.28	1.0	1
15349.594799999997	0.4	0.6	1
15600.062499999996	0.4	0.6	1
15852.930199999997	0.38	0.9	1
16107.664599999996	0.36	0.7	1
16364.265699999996	0.38	0.7	1
16622.466799999995	0.43	0.6	1
16882.801199999994	0.39	0.8	1
17145.268899999995	0.37	0.8	1
17409.869899999994	0.35	0.8	1
17676.337599999995	0.36	0.7	1
17945.205299999994	0.34	0.9	1
18217.272999999994	0.28	1.2	1
18490.940699999996	0.38	0.6	1
18767.008399999995	0.33	0.9	1
19044.942799999993	0.36	0.7	1
19325.277199999993	0.3	0.9	1
19607.21159999999	0.37	0.6	1
19891.012699999992	0.38	0.7	1
20177.747099999993	0.26	1.1	1
20465.814799999993	0.37	0.5	1
20755.482499999995	0.35	0.6	1
21047.816899999994	0.25	1.0	1
21342.284599999995	0.28	0.8	1
21639.685599999997	0.24	1.1	1
21939.219899999996	0.32	0.8	1
22239.354199999998	0.42	0.6	1
22541.355199999998	0.39	0.7	1
22846.022899999996	0.31	1.0	1
23152.823899999996	0.36	0.8	1
23461.491599999994	0.37	0.7	1
23771.759299999994	0.37	0.6	1
24083.893699999993	0.39	0.7	1
24397.628099999994	0.36	0.6	1
24713.495799999993	0.34	0.8	1
25031.496799999994	0.36	0.8	1
25351.364499999992	0.48	0.7	1
25673.098899999994	0.4	0.7	1
25996.966599999992	0.31	0.8	1
26323.234299999993	0.29	0.9	1
26651.36869999999	0.36	0.7	1
26981.636399999992	0.31	0.8	1
27313.50409999999	0.4	0.6	1
27647.238499999992	0.42	0.7	1
27982.839599999992	0.41	0.7	1
28320.30739999999	0.41	0.7	1
28659.64189999999	0.4	0.7	1
29001.37639999999	0.37	0.9	1
29344.97759999999	0.32	0.7	1
29690.44549999999	0.36	0.7	1
30037.51339999999	0.39	0.6	1
30386.44799999999	0.37	0.7	1
30736.98259999999	0.43	0.6	1
31089.38389999999	0.48	0.7	1
31443.65189999999	0.38	0.7	1
31799.78659999999	0.34	0.7	1
32157.52129999999	0.32	0.6	1
32517.92269999999	0.32	1.0	1
32880.19079999999	0.35	0.7	1
33244.32559999999	0.36	0.7	1
33610.59369999999	0.33	0.8	1
33978.72849999999	0.4	0.7	1
34348.72999999999	0.39	0.7	1
34720.598199999986	0.38	0.7	1
35093.79969999999	0.44	0.5	1
35468.86789999999	0.37	0.7	1
35845.53609999999	0.42	0.6	1
36223.53759999999	0.38	0.5	1
36603.139099999986	0.4	0.6	1
36984.34059999999	0.45	0.6	1
37367.675399999986	0.33	0.8	1
37753.676899999984	0.27	1.0	1
38142.078399999984	0.37	0.9	1
38532.34659999998	0.37	0.7	1
38924.21479999998	0.44	0.6	1
39317.94969999998	0.35	0.7	1
39713.551299999985	0.39	0.7	1
40111.019599999985	0.35	0.7	1
40509.821199999984	0.42	0.5	1
40910.756099999984	0.38	0.8	1
41313.29099999998	0.42	0.6	1
41717.69259999998	0.37	0.7	1
42124.76089999998	0.36	1.0	1
42533.16249999998	0.41	0.5	1
42943.43079999998	0.34	0.7	1
43355.83239999998	0.34	0.8	1
43770.367299999976	0.31	0.8	1
44186.768899999974	0.33	0.7	1
44604.50379999998	0.45	0.5	1
45024.10539999998	0.34	0.7	1
45446.37369999998	0.28	1.0	1
45870.77529999998	0.35	0.8	1
46295.77689999998	0.39	0.6	1
46723.44519999998	0.28	1.0	1
47152.98019999998	0.38	0.7	1
47584.381899999986	0.35	0.7	1
48017.65029999999	0.43	0.7	1
48452.518699999986	0.38	0.6	1
48889.253799999984	0.43	0.7	1
49327.58889999998	0.39	0.6	1
49767.79069999998	0.34	0.7	1
50209.325799999984	0.51	0.5	1
50652.727599999984	0.42	0.7	1
51097.99609999998	0.42	0.7	1
51544.86459999998	0.48	0.6	1
51993.59979999998	0.35	0.7	1
52444.46829999998	0.38	0.8	1
52897.20349999998	0.37	0.7	1
53351.80539999998	0.41	0.7	1
53808.00729999998	0.43	0.6	1
54266.07589999998	0.32	0.7	1
54726.54449999998	0.35	0.9	1
55189.67979999998	0.32	1.0	1
55654.94839999999	0.33	0.8	1
56121.81699999999	0.38	0.6	1
56590.55229999999	0.38	0.7	1
57061.15429999999	0.4	0.7	1
57533.622999999985	0.36	0.7	1
58007.95839999999	0.35	0.7	1
58483.89379999999	0.42	0.6	1
58961.42919999999	0.32	0.6	1
59440.83129999999	0.37	0.7	1
59922.90009999999	0.3	1.0	1
60407.102199999994	0.35	0.8	1
60892.904299999995	0.41	0.6	1
61380.573099999994	0.43	0.7	1
61870.375199999995	0.34	0.8	1
62362.043999999994	0.35	0.7	1
62856.112799999995	0.33	0.9	1
63352.3149	0.4	0.8	1
63850.3837	0.36	0.7	1
64350.0525	0.4	0.6	1
64851.321299999996	0.39	0.6	1
65354.45679999999	0.39	0.7	1
65859.1923	0.41	0.6	1
66366.59449999999	0.29	1.0	1
66876.12999999999	0.36	0.8	1
67388.0655	0.3	0.9	1
67902.401	0.38	0.9	1
68418.3365	0.36	0.6	1
68936.13870000001	0.4	0.7	1
69455.5409	0.41	0.6	1
69976.8098	0.36	0.7	1
70499.9454	0.38	0.7	1
71024.681	0.38	0.6	1
71551.5499	0.36	0.8	1
72080.2855	0.39	0.7	1
72610.8878	0.44	0.7	1
73143.3568	0.37	0.7	1
73677.69249999999	0.45	0.7	1
74213.89489999998	0.36	0.7	1
74751.69729999999	0.38	0.6	1
75291.09969999999	0.44	0.6	1
75832.63539999998	0.38	0.8	1
76376.03779999999	0.37	0.7	1
76921.3069	0.41	0.7	1
77468.17599999999	0.45	0.6	1
78016.91179999999	0.42	0.7	1
78567.78089999998	0.34	0.8	1
79120.78329999998	0.35	0.8	1
79675.38569999998	0.4	0.6	1
80231.85479999999	0.37	0.7	1
80790.19059999999	0.39	0.7	1
81349.85969999999	0.48	0.5	1
81911.39549999998	0.37	0.7	1
82474.79799999998	0.46	0.7	1
83040.06719999998	0.34	0.7	1
83606.93639999998	0.4	0.6	1
84175.67229999998	0.4	0.7	1
84746.27489999997	0.37	0.7	1
85318.01079999997	0.36	0.8	1
85891.61339999997	0.35	0.7	1
86467.08269999997	0.44	0.7	1
87044.41869999997	0.34	0.7	1
87623.62139999996	0.28	0.7	1
88205.49079999996	0.3	1.0	1
88788.96019999996	0.37	0.6	1
89374.02959999995	0.41	0.6	1
89960.96569999996	0.37	0.7	1
90549.23509999996	0.44	0.5	1
91139.37119999997	0.4	0.7	1
91731.10729999996	0.46	0.6	1
92324.71009999995	0.39	0.7	1
92919.91289999995	0.4	0.6	1
93516.71569999996	0.42	0.6	1
94115.38519999996	0.4	0.7	1
94715.92139999996	0.38	0.7	1
95318.05759999996	0.37	0.6	1
95921.79379999996	0.41	0.6	1
96527.39669999995	0.39	0.7	1
97135.39959999996	0.33	0.9	1
97745.00249999996	0.33	0.6	1
98356.47209999996	0.39	0.7	1
98969.80839999995	0.42	0.7	1
99585.81139999995	0.25	1.0	1
100204.21439999995	0.33	0.9	1
100824.48409999996	0.36	0.7	1
101447.15379999996	0.31	0.9	1
102072.22349999996	0.36	0.9	1
102699.15989999997	0.38	0.7	1
103327.96299999997	0.37	0.7	1
103958.09939999998	0.47	0.5	1
104590.10249999998	0.34	0.7	1
105223.97229999998	0.34	0.7	1
105859.97539999998	0.35	0.8	1
106497.84519999998	0.38	0.7	1
107137.58169999998	0.38	0.7	1
107778.65149999998	0.46	0.5	1
108421.32129999998	0.37	0.6	1
109065.85779999998	0.38	0.7	1
109712.26099999998	0.4	0.7	1
110360.26419999999	0.42	0.6	1
111009.6007	0.45	0.5	1
111660.8039	0.41	0.7	1
112313.8738	0.33	0.7	1
112968.8104	0.4	0.7	1
113625.8803	0.33	0.8	1
114285.3502	0.29	0.9	1
114946.4201	0.42	0.6	1
