1.575	0.34	0.7	1
4.725	0.36	0.7	1
9.225	0.39	0.6	1
16.425	0.27	1.2	1
25.875	0.35	1.0	1
36.9	0.34	0.7	1
49.725	0.36	0.8	1
64.125	0.35	0.7	1
80.1	0.35	0.7	1
98.55	0.27	1.1	1
119.02499999999999	0.34	0.9	1
141.52499999999998	0.34	0.9	1
166.04999999999998	0.38	0.9	1
192.14999999999998	0.37	0.7	1
220.04999999999998	0.32	0.8	1
249.97499999999997	0.33	0.9	1
281.47499999999997	0.34	0.7	1
314.54999999999995	0.35	0.7	1
349.87499999999994	0.31	1.0	1
386.09999999999997	0.58	0.4	1
424.12499999999994	0.39	0.8	1
463.94999999999993	0.35	0.8	1
505.3499999999999	0.37	0.7	1
548.3249999999999	0.41	0.7	1
593.9999999999999	0.26	1.2	1
641.2499999999999	0.42	0.7	1
690.5249999999999	0.34	0.9	1
740.6999999999998	0.42	0.4	1
792.2249999999998	0.41	0.6	1
845.5499999999998	0.28	0.8	1
900.4499999999998	0.38	0.7	1
956.6999999999998	0.4	0.6	1
1014.7499999999998	0.35	0.8	1
1074.3749999999998	0.38	0.7	1
1135.5749999999998	0.36	0.7	1
1198.35	0.31	0.7	1
1263.375	0.32	1.0	1
1330.65	0.35	1.0	1
1399.5	0.34	0.7	1
1469.925	0.37	0.7	1
1542.1499999999999	0.4	0.8	1
1615.725	0.41	0.6	1
1691.3249999999998	0.34	0.9	1
1769.1749999999997	0.34	1.0	1
1848.5999999999997	0.4	0.7	1
1929.5999999999997	0.43	0.7	1
2012.1749999999997	0.39	0.7	1
2096.1	0.5	0.6	1
2181.375	0.42	0.6	1
2268.45	0.34	0.8	1
2357.1	0.39	0.7	1
2447.325	0.41	0.7	1
2539.125	0.35	0.7	1
2632.5	0.35	0.7	1
2727.45	0.41	0.7	1
2823.4249999999997	0.31	0.9	1
2920.975	0.43	0.7	1
3020.5499999999997	0.39	0.9	1
3121.7	0.38	0.7	1
3224.4249999999997	0.36	0.7	1
3328.4999999999995	0.35	0.6	1
3434.1499999999996	0.41	0.7	1
3541.5999999999995	0.33	0.8	1
3650.6249999999995	0.33	0.7	1
3761.6749999999997	0.33	0.9	1
3874.2999999999997	0.37	0.7	1
3989.1749999999997	0.33	1.0	1
4105.625	0.44	0.7	1
4223.425	0.46	0.6	1
4342.575	0.46	0.6	1
4463.525	0.39	0.8	1
4586.724999999999	0.26	1.0	1
4711.499999999999	0.37	0.7	1
4838.074999999999	0.41	0.8	1
4966.449999999999	0.33	0.8	1
5096.624999999999	0.34	0.8	1
5228.374999999999	0.29	0.7	1
5362.149999999999	0.28	0.9	1
5497.499999999999	0.38	0.7	1
5634.424999999999	0.37	0.7	1
5772.924999999999	0.36	0.7	1
5912.775	0.41	0.6	1
6054.2	0.41	0.7	1
6197.2	0.4	0.7	1
6341.775	0.35	0.7	1
6487.924999999999	0.41	0.7	1
6635.65	0.37	0.7	1
6784.95	0.47	0.7	1
6935.825	0.32	0.7	1
7088.275	0.36	0.7	1
7242.075	0.43	0.6	1
7396.775	0.48	0.4	1
7553.049999999999	0.38	0.7	1
7710.9	0.42	0.7	1
7870.549999999999	0.38	0.8	1
8031.999999999999	0.39	0.8	1
8195.025	0.41	0.7	1
8359.625	0.42	0.7	1
8525.575	0.42	0.6	1
8693.1	0.37	0.7	1
8862.425000000001	0.33	0.8	1
9033.325	0.4	0.7	1
9205.800000000001	0.45	0.7	1
9379.625000000002	0.43	0.6	1
9555.025000000001	0.35	0.7	1
9732.225000000002	0.35	0.8	1
9910.550000000003	0.4	0.5	1
10090.675000000003	0.37	0.8	1
10272.825000000003	0.34	0.9	1
10456.550000000003	0.34	0.7	1
10642.075000000003	0.35	0.8	1
10829.175000000003	0.35	0.7	1
11017.625000000004	0.43	0.6	1
11207.875000000004	0.37	0.8	1
11400.150000000003	0.34	0.9	1
11594.450000000003	0.32	0.9	1
11790.550000000003	0.35	0.8	1
11988.900000000003	0.32	1.0	1
12189.050000000003	0.37	0.8	1
12391.225000000002	0.36	0.9	1
12595.200000000003	0.36	0.8	1
12801.425000000003	0.29	1.0	1
13009.450000000003	0.29	0.8	1
13218.600000000002	0.42	0.5	1
13430.675000000003	0.24	1.3	1
13644.550000000003	0.37	0.8	1
13859.775000000003	0.44	0.6	1
14076.800000000003	0.41	0.8	1
14296.075000000003	0.29	1.0	1
14517.150000000003	0.33	0.8	1
14740.475000000004	0.35	1.0	1
14966.275000000003	0.27	1.1	1
15193.200000000003	0.41	0.5	1
15421.925000000003	0.32	0.8	1
15652.675000000003	0.34	0.9	1
15885.000000000004	0.36	0.7	1
16119.125000000004	0.34	0.8	1
16354.825000000004	0.42	0.7	1
16592.100000000006	0.36	0.7	1
16830.950000000004	0.35	0.7	1
17071.600000000006	0.37	0.8	1
17313.825000000004	0.41	0.7	1
17557.625000000004	0.37	0.7	1
17803.675000000003	0.28	1.0	1
18051.525	0.38	0.8	1
18300.95	0.4	0.7	1
18552.850000000002	0.27	1.1	1
18806.325	0.34	0.7	1
19061.600000000002	0.3	0.8	1
19318.675000000003	0.34	0.8	1
19576.325000000004	0.4	0.7	1
19835.550000000003	0.37	0.7	1
20096.350000000002	0.41	0.7	1
20358.95	0.37	0.8	1
20623.350000000002	0.37	0.8	1
20889.550000000003	0.34	0.8	1
21156.875000000004	0.45	0.5	1
21425.775000000005	0.32	0.7	1
21697.600000000006	0.29	1.3	1
21970.775000000005	0.39	0.6	1
22245.750000000004	0.37	0.8	1
22522.300000000003	0.32	0.7	1
22800.65	0.38	0.8	1
23080.350000000002	0.44	0.6	1
23361.175000000003	0.48	0.5	1
23643.575000000004	0.34	0.7	1
23926.875000000004	0.4	0.4	1
24211.525000000005	0.39	0.6	1
24497.525000000005	0.39	0.6	1
24784.875000000004	0.4	0.6	1
25073.800000000003	0.36	0.7	1
25364.075000000004	0.39	0.6	1
25655.925000000003	0.42	0.7	1
25949.125000000004	0.44	0.6	1
26243.675000000003	0.42	0.6	1
26540.700000000004	0.32	1.1	1
26839.300000000003	0.32	0.7	1
27139.475000000002	0.42	0.7	1
27441.45	0.38	0.8	1
27745.45	0.36	0.9	1
28051.25	0.35	0.8	1
28358.625	0.4	0.7	1
28667.575	0.41	0.7	1
28978.325	0.39	0.8	1
29290.65	0.37	0.7	1
29604.100000000002	0.47	0.5	1
29919.125000000004	0.37	0.7	1
30235.950000000004	0.34	0.8	1
30554.350000000006	0.42	0.7	1
30874.100000000006	0.36	0.6	1
31195.425000000007	0.37	0.7	1
31518.550000000007	0.3	0.8	1
31843.250000000007	0.34	0.7	1
32170.200000000008	0.33	1.0	1
32498.175000000007	0.33	0.9	1
32827.725000000006	0.38	0.7	1
33158.40000000001	0.41	0.5	1
33490.65000000001	0.39	0.7	1
33824.70000000001	0.32	0.8	1
34160.32500000001	0.37	0.7	1
34497.52500000001	0.38	0.7	1
34836.30000000001	0.34	0.7	1
35176.87500000001	0.32	0.8	1
35519.02500000001	0.4	0.7	1
35862.75000000001	0.37	0.7	1
36208.50000000001	0.33	0.9	1
36555.825000000004	0.33	0.7	1
36904.725000000006	0.4	0.7	1
37255.65000000001	0.3	0.9	1
37608.600000000006	0.26	0.9	1
37964.25000000001	0.25	1.2	1
38321.475000000006	0.4	0.7	1
38680.27500000001	0.4	0.7	1
39040.65000000001	0.4	0.7	1
39402.600000000006	0.34	0.7	1
39765.90000000001	0.35	0.6	1
40130.77500000001	0.39	0.7	1
40497.225000000006	0.35	0.7	1
40865.700000000004	0.33	0.9	1
41235.975000000006	0.34	0.8	1
41607.825000000004	0.38	0.7	1
41981.700000000004	0.37	0.9	1
42357.37500000001	0.33	0.8	1
42734.40000000001	0.46	0.6	1
43113.00000000001	0.41	0.7	1
43493.62500000001	0.36	0.9	1
43876.05000000001	0.3	0.8	1
44260.05000000001	0.35	0.7	1
44645.62500000001	0.41	0.7	1
45033.00000000001	0.33	0.8	1
45421.950000000004	0.34	0.7	1
45812.925	0.3	0.9	1
46205.700000000004	0.37	0.8	1
46600.05	0.38	0.7	1
46995.975000000006	0.37	0.7	1
47393.25000000001	0.38	0.6	1
47792.55000000001	0.31	0.9	1
48193.20000000001	0.41	0.6	1
48595.42500000001	0.41	0.7	1
48999.00000000001	0.44	0.6	1
49403.92500000001	0.43	0.6	1
49810.42500000001	0.45	0.7	1
50218.27500000001	0.39	0.6	1
50627.70000000001	0.41	0.7	1
51038.70000000001	0.38	0.7	1
51451.72500000001	0.29	0.9	1
51865.875000000015	0.45	0.5	1
52281.60000000001	0.35	0.7	1
52698.900000000016	0.34	0.7	1
53117.775000000016	0.35	0.7	1
53538.22500000001	0.38	0.7	1
53960.250000000015	0.3	0.7	1
54383.400000000016	0.45	0.5	1
54808.125000000015	0.34	0.7	1
55234.42500000002	0.4	0.7	1
55662.30000000002	0.38	0.7	1
56091.750000000015	0.36	0.7	1
56522.55000000002	0.37	0.6	1
56954.70000000002	0.44	0.6	1
57388.42500000002	0.39	0.7	1
57822.72500000002	0.35	0.7	1
58259.05000000002	0.33	0.9	1
58697.17500000002	0.33	0.8	1
59136.875000000015	0.38	0.7	1
59578.150000000016	0.37	0.7	1
60020.775000000016	0.5	0.6	1
60464.750000000015	0.38	0.6	1
60909.85000000001	0.42	0.5	1
61356.750000000015	0.36	0.8	1
61805.000000000015	0.35	0.6	1
62254.60000000001	0.36	0.6	1
62705.775000000016	0.38	0.7	1
63158.30000000002	0.4	0.6	1
63612.17500000002	0.39	0.6	1
64067.625000000015	0.38	0.7	1
64524.650000000016	0.34	0.7	1
64983.250000000015	0.36	0.7	1
65443.42500000002	0.42	0.7	1
65904.95000000001	0.34	0.6	1
66368.27500000001	0.34	0.8	1
66833.175	0.37	0.7	1
67300.55	0.3	1.1	1
67769.5	0.36	0.7	1
68240.025	0.38	0.7	1
68712.125	0.37	0.7	1
69185.8	0.41	0.7	1
69661.05	0.37	0.7	1
70137.65000000001	0.43	0.6	1
70615.82500000001	0.38	0.7	1
71095.35	0.39	0.6	1
71576.225	0.4	0.6	1
72058.675	0.34	0.7	1
72542.7	0.34	0.7	1
73028.3	0.37	0.7	1
73515.475	0.35	0.7	1
74004.225	0.33	0.7	1
74494.32500000001	0.42	0.6	1
74985.32500000001	0.39	0.4	1
75477.90000000001	0.34	0.7	1
75972.05	0.37	0.7	1
76467.55	0.44	0.6	1
76964.625	0.4	0.7	1
77463.725	0.3	0.9	1
77964.40000000001	0.46	0.7	1
78466.65000000001	0.38	0.7	1
78970.475	0.32	0.7	1
79475.875	0.36	0.7	1
79982.85	0.45	0.7	1
80491.40000000001	0.34	0.7	1
81001.07500000001	0.52	0.5	1
81512.77500000001	0.3	0.9	1
82026.50000000001	0.32	0.9	1
82541.80000000002	0.41	0.7	1
83058.45000000001	0.42	0.6	1
83577.57500000001	0.25	1.1	1
