1.4667	0.4	0.8	1
4.7667	0.3	1.0	1
9.7167	0.31	0.9	1
15.7667	0.4	0.6	1
24.3834	0.22	1.4	1
34.6501	0.32	0.9	1
46.9335	0.29	1.1	1
60.683600000000006	0.31	0.8	1
76.4504	0.26	1.1	1
93.8672	0.29	0.9	1
112.7507	0.34	0.8	1
133.4675	0.32	1.0	1
155.651	0.35	0.8	1
179.4845	0.33	0.9	1
205.3347	0.33	1.1	1
232.6516	0.34	0.8	1
261.6185	0.35	0.9	1
292.4187	0.29	1.0	1
325.2356	0.31	1.1	1
359.51919999999996	0.36	0.8	1
395.26949999999994	0.36	0.8	1
432.4864999999999	0.35	0.8	1
471.5367999999999	0.3	1.0	1
512.2370999999999	0.35	0.9	1
554.4041	0.35	0.8	1
598.0378	0.36	0.8	1
643.1382	0.37	0.8	1
689.8886	0.33	0.9	1
738.1057	0.39	0.8	1
787.7895	0.33	0.8	1
838.9399999999999	0.38	0.8	1
892.1071999999999	0.28	1.1	1
946.9243999999999	0.38	0.9	1
1003.3915999999999	0.32	0.9	1
1061.6921	0.34	1.0	1
1121.4593	0.36	0.8	1
1182.6932	0.33	0.8	1
1245.7604	0.26	1.0	1
1310.2942999999998	0.31	0.8	1
1376.6614999999997	0.33	1.0	1
1444.8619999999996	0.32	1.0	1
1514.7124999999996	0.33	0.9	1
1586.2129999999997	0.29	0.9	1
1659.3634999999997	0.32	0.9	1
1734.1639999999998	0.33	0.9	1
1810.7977999999998	0.27	1.0	1
1889.2649	0.33	1.0	1
1969.1987	0.37	0.8	1
2050.7825	0.33	0.9	1
2134.1996	0.24	1.0	1
2219.2667	0.3	0.9	1
2305.8005000000003	0.31	0.8	1
2393.8010000000004	0.32	0.8	1
2483.6348000000003	0.3	1.0	1
2575.3019000000004	0.33	1.0	1
2668.8023000000003	0.3	1.0	1
2763.7694	0.33	0.8	1
2860.2032	0.34	0.8	1
2958.287	0.33	0.9	1
3058.0208	0.31	0.9	1
3159.4046	0.37	0.9	1
3262.6216999999997	0.28	1.0	1
3367.6721	0.31	1.0	1
3474.3725	0.28	0.9	1
3582.5396	0.36	0.8	1
3692.3567000000003	0.32	0.9	1
3803.6405000000004	0.3	0.8	1
3916.5743	0.35	0.9	1
4031.1581	0.35	0.9	1
4147.2086	0.36	0.8	1
4265.4591	0.27	1.2	1
4385.1763	0.33	0.8	1
4506.5435	0.31	0.9	1
4629.5607	0.37	0.9	1
4754.2279	0.29	0.9	1
4880.5451	0.37	0.9	1
5008.329000000001	0.36	0.8	1
5137.1296	0.29	1.1	1
5267.5802	0.29	0.9	1
5399.6808	0.31	0.9	1
5533.2481	0.35	0.8	1
5668.4654	0.32	0.9	1
5805.1494	0.38	0.8	1
5943.3001	0.39	0.8	1
6083.284100000001	0.27	1.0	1
6224.734800000001	0.36	0.8	1
6367.652200000001	0.36	0.8	1
6512.219600000001	0.32	0.9	1
6658.437000000002	0.36	0.9	1
6806.304400000002	0.31	0.9	1
6955.8218000000015	0.33	0.9	1
7106.989200000002	0.35	0.9	1
7259.623300000002	0.38	0.8	1
7413.907400000002	0.32	0.9	1
7570.574800000002	0.25	1.3	1
7729.075500000002	0.29	1.0	1
7889.226200000002	0.33	0.9	1
8050.843600000002	0.4	0.8	1
8213.927700000002	0.36	0.8	1
8378.845100000002	0.29	1.0	1
8545.412500000002	0.36	0.9	1
8713.446600000003	0.35	0.8	1
8883.130700000003	0.38	0.9	1
9054.281500000003	0.33	0.8	1
9226.899000000003	0.36	0.8	1
9400.983200000002	0.33	0.8	1
9576.534100000003	0.37	0.8	1
9753.735000000002	0.36	0.9	1
9932.402600000003	0.41	0.8	1
10112.536900000003	0.35	0.8	1
10295.421200000003	0.23	1.5	1
10479.772200000003	0.42	0.8	1
10665.773200000003	0.34	0.9	1
10853.240900000003	0.37	0.8	1
11042.358600000003	0.25	0.9	1
11232.943000000003	0.39	0.8	1
11424.994100000004	0.35	0.8	1
11618.511900000003	0.42	0.8	1
11813.496400000004	0.39	0.8	1
12010.314200000004	0.33	1.0	1
12208.598700000004	0.38	0.8	1
12409.083200000005	0.25	1.2	1
12611.217700000005	0.29	0.9	1
12815.185500000005	0.28	1.0	1
13020.986600000006	0.28	1.0	1
13228.804400000006	0.26	1.1	1
13438.272200000007	0.33	0.9	1
13649.573300000007	0.35	1.0	1
13862.707700000008	0.29	1.0	1
14077.308800000008	0.36	0.8	1
14293.376600000009	0.36	0.8	1
14510.911100000008	0.37	0.8	1
14730.095600000008	0.34	0.9	1
14951.113400000007	0.3	1.0	1
15174.331200000008	0.27	1.2	1
15399.749000000007	0.26	1.2	1
15627.000100000007	0.33	1.0	1
15855.717900000007	0.34	0.8	1
16086.085700000007	0.34	0.9	1
16317.920200000008	0.36	0.8	1
16551.404700000006	0.29	0.9	1
16786.539200000007	0.33	0.9	1
17023.140400000008	0.32	0.8	1
17261.391600000006	0.34	0.9	1
17501.476100000007	0.29	1.0	1
17743.02730000001	0.32	0.8	1
17986.41180000001	0.34	1.0	1
18231.26300000001	0.39	0.8	1
18478.68090000001	0.26	1.4	1
18727.56550000001	0.31	0.8	1
18977.91680000001	0.37	0.8	1
19230.10140000001	0.31	1.0	1
19483.752700000012	0.35	0.8	1
19740.154000000013	0.22	1.5	1
19998.572000000015	0.32	1.1	1
20258.456700000013	0.33	0.8	1
20519.808100000013	0.35	0.8	1
20782.809500000014	0.39	0.9	1
21047.460900000013	0.33	0.9	1
21313.579000000012	0.35	0.8	1
21581.163800000013	0.31	0.8	1
21850.39860000001	0.31	0.9	1
22121.83340000001	0.3	1.2	1
22395.10150000001	0.33	1.0	1
22670.20290000001	0.29	1.0	1
22946.954300000012	0.3	0.9	1
23225.17240000001	0.31	0.8	1
23505.04050000001	0.31	0.9	1
23786.37530000001	0.32	0.8	1
24069.176800000012	0.34	0.8	1
24353.62830000001	0.32	0.9	1
24639.54650000001	0.35	0.8	1
24927.29800000001	0.33	1.0	1
25217.06620000001	0.28	1.1	1
25509.034400000008	0.26	1.2	1
25802.469300000008	0.3	0.8	1
26097.37090000001	0.28	0.8	1
26393.739200000007	0.39	0.8	1
26691.757500000007	0.32	0.9	1
26991.425800000008	0.36	0.9	1
27292.927400000008	0.29	1.0	1
27596.07900000001	0.29	0.9	1
27900.697300000007	0.38	0.8	1
28206.782300000006	0.34	0.8	1
28514.517300000007	0.29	0.9	1
28824.085600000006	0.3	1.0	1
29135.120600000006	0.41	0.8	1
29447.622300000006	0.34	0.8	1
29762.140700000007	0.28	1.1	1
30078.675800000008	0.25	1.1	1
30396.67760000001	0.35	0.8	1
30716.32940000001	0.35	0.9	1
31037.44790000001	0.37	0.8	1
31360.03310000001	0.35	0.8	1
31684.26830000001	0.34	0.9	1
32010.336800000012	0.3	1.0	1
32337.87200000001	0.36	0.8	1
32666.87390000001	0.35	0.8	1
32997.342500000006	0.35	0.8	1
33329.46110000001	0.33	0.9	1
33663.22970000001	0.33	0.9	1
33998.46500000001	0.34	0.8	1
34335.16700000001	0.43	0.8	1
34673.33570000001	0.36	0.8	1
35013.154400000014	0.35	0.9	1
35354.439800000015	0.31	0.8	1
35697.37520000002	0.31	0.9	1
36042.14390000002	0.32	1.0	1
36388.56260000002	0.31	0.9	1
36736.44800000002	0.35	0.8	1
37085.800100000015	0.33	0.8	1
37436.618900000016	0.35	0.8	1
37789.08770000002	0.36	0.9	1
38143.02320000002	0.33	0.8	1
38498.425400000015	0.39	0.8	1
38855.294300000016	0.31	0.8	1
39213.629900000014	0.38	0.8	1
39573.79880000001	0.34	1.0	1
39935.43440000001	0.34	0.8	1
40298.720000000016	0.37	0.9	1
40663.472300000016	0.35	0.8	1
41030.60790000002	0.24	1.3	1
41399.210200000016	0.37	0.8	1
41769.27920000002	0.37	0.8	1
42140.81490000002	0.31	0.8	1
42514.00060000002	0.33	0.9	1
42888.65300000002	0.29	0.8	1
43264.95540000002	0.35	0.9	1
43641.90780000002	0.32	0.9	1
44020.32690000002	0.36	0.8	1
44400.39600000002	0.33	0.9	1
44781.93180000002	0.37	0.8	1
45165.300900000024	0.36	1.0	1
45550.32000000002	0.28	0.9	1
45936.805800000024	0.37	0.8	1
46324.75830000002	0.39	0.8	1
46714.360800000024	0.37	0.9	1
47105.43000000002	0.31	0.8	1
47498.51590000002	0.27	1.1	1
47893.61850000002	0.3	1.1	1
48290.554400000015	0.26	1.0	1
48688.95700000002	0.32	0.8	1
49089.37630000002	0.28	1.1	1
49491.26230000002	0.34	0.8	1
49894.61500000002	0.3	0.8	1
50299.61770000002	0.32	0.9	1
50706.270400000016	0.32	0.9	1
51114.573100000016	0.29	0.9	1
51524.52580000002	0.32	0.9	1
51935.94520000002	0.31	0.8	1
52349.01460000002	0.37	0.9	1
52763.550700000014	0.35	0.8	1
53179.553500000016	0.31	0.8	1
53597.38960000002	0.3	1.0	1
54016.87570000002	0.35	0.9	1
54437.82850000002	0.34	0.8	1
54860.24800000002	0.34	0.8	1
55284.31750000002	0.31	0.9	1
55710.22030000002	0.3	1.0	1
56137.956400000025	0.31	1.0	1
56567.525800000025	0.33	1.0	1
56998.56190000002	0.43	0.8	1
57431.431300000026	0.29	1.0	1
57865.767400000026	0.32	0.8	1
58301.570200000024	0.36	0.8	1
58739.02300000002	0.3	0.9	1
59177.94250000003	0.33	0.8	1
59618.69530000003	0.34	1.0	1
60060.91480000003	0.37	0.8	1
60504.601000000024	0.35	0.8	1
60950.30390000002	0.27	1.1	1
61397.47350000002	0.36	0.8	1
61845.10980000002	0.36	0.8	1
62294.21280000002	0.39	0.8	1
62744.96580000002	0.33	0.9	1
63197.18550000002	0.32	0.8	1
63651.055200000024	0.35	0.9	1
64106.57490000002	0.38	0.9	1
64563.74460000002	0.33	0.9	1
65022.38100000002	0.41	0.8	1
65482.66740000002	0.28	0.9	1
65944.42050000002	0.36	0.8	1
66407.82360000002	0.32	0.9	1
66872.87670000002	0.33	0.9	1
67339.39650000002	0.36	0.8	1
67807.93300000002	0.29	1.1	1
68278.11950000002	0.33	0.9	1
68749.77270000002	0.37	0.8	1
69223.25920000001	0.32	1.0	1
69698.21240000002	0.36	0.8	1
70174.63230000001	0.37	0.8	1
70652.51890000001	0.35	0.8	1
71132.2388	0.31	1.0	1
71613.42540000001	0.37	0.8	1
72096.07870000001	0.35	0.8	1
72580.19870000001	0.33	0.8	1
73065.96870000001	0.29	0.9	1
73553.2054	0.37	0.8	1
74042.64210000001	0.27	1.2	1
74533.54550000001	0.3	0.8	1
75027.01560000001	0.23	1.4	1
75521.95240000001	0.37	0.8	1
76018.7225	0.29	1.0	1
76517.5093	0.3	1.1	1
77017.76280000001	0.36	0.8	1
77519.48300000001	0.42	0.8	1
78023.0365	0.29	1.0	1
78528.0567	0.33	0.8	1
79034.5436	0.3	0.8	1
79542.4972	0.37	0.8	1
80051.9175	0.31	0.8	1
80562.8045	0.4	0.8	1
81075.3415	0.33	0.9	1
81589.3452	0.39	0.8	1
82104.8156	0.3	0.8	1
82621.936	0.27	0.9	1
83140.7064	0.34	0.9	1
83661.1268	0.33	0.9	1
84183.01389999999	0.33	0.8	1
84706.36769999999	0.42	0.8	1
85231.55479999998	0.33	1.0	1
85758.20859999998	0.31	0.8	1
86286.32909999999	0.35	0.8	1
86815.91629999998	0.35	0.8	1
87347.15349999999	0.36	0.9	1
87880.04069999998	0.31	0.9	1
88414.39459999999	0.34	0.8	1
88950.21519999999	0.37	0.8	1
89487.68579999999	0.37	0.9	1
90027.17309999999	0.28	1.1	1
90568.12709999998	0.34	0.8	1
91110.54779999999	0.28	0.8	1
91654.43519999999	0.35	0.8	1
92199.78929999999	0.4	0.8	1
92746.7934	0.36	0.9	1
93295.4475	0.33	0.9	1
93845.5683	0.49	0.8	1
94397.5224	0.33	1.0	1
94951.1265	0.3	0.9	1
95506.3806	0.35	0.9	1
96063.2847	0.36	0.9	1
96621.8388	0.39	0.9	1
97181.8596	0.3	0.8	1
97743.3471	0.36	0.8	1
98306.30129999999	0.36	0.8	1
98870.72219999999	0.41	0.8	1
99436.60979999999	0.36	0.8	1
100004.14739999999	0.32	0.9	1
100573.33499999999	0.28	0.9	1
101144.17259999999	0.32	0.9	1
101716.4769	0.38	0.8	1
102290.43119999999	0.3	0.9	1
102865.0355	0.35	0.9	1
103441.1065	0.35	0.8	1
104018.8275	0.31	0.9	1
104598.0152	0.35	0.8	1
105178.6696	0.32	0.8	1
105760.97399999999	0.35	0.9	1
106344.92839999999	0.35	0.9	1
106930.3495	0.39	0.8	1
107517.7873	0.26	1.1	1
108107.0584	0.3	1.0	1
108698.16279999999	0.25	1.0	1
109291.2839	0.3	1.1	1
109886.055	0.32	0.9	1
110482.2928	0.34	0.8	1
111079.9973	0.38	0.8	1
111679.1685	0.31	0.8	1
112280.173	0.27	1.0	1
112882.8275	0.27	0.9	1
113487.4987	0.26	1.1	1
114093.6366	0.35	0.8	1
114701.79119999999	0.29	1.1	1
115311.5958	0.3	0.9	1
115922.86709999999	0.36	0.8	1
116536.3384	0.28	1.2	1
117151.27639999999	0.34	0.8	1
117767.68109999999	0.33	0.8	1
118385.55249999999	0.34	0.8	1
119004.89059999998	0.37	0.8	1
119625.87869999999	0.36	0.9	1
120248.51679999998	0.32	0.9	1
120872.80489999999	0.34	0.9	1
121498.92629999999	0.31	1.0	1
122126.51439999999	0.32	0.8	1
122755.75249999999	0.31	0.9	1
123386.4573	0.31	0.8	1
