1.4625	0.36	0.9	1
4.7125	0.29	1.1	1
9.425	0.28	0.9	1
15.1125	0.42	0.6	1
25.512500000000003	0.16	2.9	1
37.375	0.3	0.9	1
51.025	0.29	1.1	1
65.975	0.34	0.8	1
82.225	0.38	0.8	1
99.9375	0.3	0.9	1
118.95	0.37	0.8	1
139.2625	0.34	0.8	1
160.875	0.35	0.8	1
183.7875	0.33	0.8	1
208.1625	0.32	0.9	1
234.0	0.36	0.9	1
261.1375	0.37	0.8	1
289.7375	0.34	0.9	1
319.6375	0.36	0.8	1
351.0	0.34	0.9	1
383.825	0.33	0.9	1
418.1125	0.3	0.9	1
453.7	0.35	0.8	1
490.5875	0.32	0.8	1
528.9375	0.35	0.9	1
568.5875	0.37	0.8	1
609.6999999999999	0.3	0.9	1
652.275	0.32	0.9	1
696.15	0.39	0.8	1
741.4875	0.32	0.9	1
788.125	0.33	0.8	1
836.225	0.35	0.9	1
885.625	0.37	0.8	1
936.4875	0.34	0.9	1
988.9749999999999	0.27	1.0	1
1042.925	0.3	0.9	1
1098.175	0.37	0.8	1
1155.05	0.28	1.0	1
1213.3875	0.38	0.9	1
1273.025	0.34	0.8	1
1334.6125000000002	0.27	1.2	1
1397.6625000000001	0.32	0.9	1
1462.1750000000002	0.35	0.9	1
1528.15	0.34	0.9	1
1595.4250000000002	0.32	0.8	1
1664.3250000000003	0.35	1.0	1
1735.0125000000003	0.29	1.1	1
1807.1625000000004	0.34	0.9	1
1880.9375000000005	0.35	1.0	1
1956.0125000000005	0.35	0.8	1
2032.3875000000005	0.36	0.8	1
2110.2250000000004	0.37	0.9	1
2189.3625	0.28	0.8	1
2269.8	0.35	0.8	1
2351.8625	0.29	1.0	1
2435.7125	0.27	1.1	1
2520.8625	0.37	0.8	1
2607.4750000000004	0.36	0.9	1
2695.55	0.31	0.9	1
2785.0875	0.29	0.9	1
2876.5750000000003	0.25	1.2	1
2969.3625	0.36	0.8	1
3063.6125	0.32	0.9	1
3159.1625000000004	0.4	0.8	1
3256.0125000000003	0.39	0.8	1
3354.1625000000004	0.36	0.8	1
3453.7750000000005	0.33	0.9	1
3554.8500000000004	0.36	0.9	1
3657.3875000000003	0.35	0.9	1
3761.2250000000004	0.33	0.8	1
3866.5250000000005	0.29	0.9	1
3973.1250000000005	0.37	0.8	1
4081.1875000000005	0.38	0.9	1
4190.55	0.36	0.8	1
4301.212500000001	0.31	0.8	1
4413.6625	0.23	1.1	1
4527.4125	0.32	0.8	1
4642.462500000001	0.38	0.8	1
4759.3	0.29	1.1	1
4877.4375	0.3	0.8	1
4996.875	0.39	0.8	1
5117.775	0.34	0.9	1
5239.974999999999	0.39	0.8	1
5363.799999999999	0.29	1.0	1
5488.924999999999	0.31	0.8	1
5615.349999999999	0.38	0.8	1
5743.4	0.35	1.0	1
5872.912499999999	0.33	0.9	1
6003.724999999999	0.39	0.8	1
6135.8375	0.32	0.8	1
6269.412499999999	0.31	0.9	1
6404.45	0.31	0.9	1
6541.275	0.3	1.1	1
6679.4	0.36	0.8	1
6819.474999999999	0.25	1.2	1
6961.0125	0.34	0.9	1
7104.175	0.3	1.0	1
7248.8	0.33	0.9	1
7394.8875	0.29	0.9	1
7541.275	0.34	0.8	1
7688.9625	0.36	0.8	1
7837.95	0.36	0.8	1
7988.4	0.3	0.9	1
8140.6375	0.31	1.1	1
8294.3375	0.32	0.9	1
8449.6625	0.31	1.0	1
8606.45	0.31	0.9	1
8764.862500000001	0.3	1.0	1
8924.575	0.33	0.8	1
9085.75	0.37	0.9	1
9248.3875	0.3	0.9	1
9412.325	0.34	0.8	1
9577.725	0.36	0.9	1
9744.5875	0.33	0.9	1
9912.9125	0.36	0.9	1
10082.5375	0.31	0.8	1
10253.625	0.32	0.9	1
10426.3375	0.33	1.0	1
10600.675	0.32	1.0	1
10776.637499999999	0.37	1.0	1
10953.9	0.36	0.8	1
11133.275	0.23	1.3	1
11317.3625	0.16	2.9	1
11502.75	0.37	0.8	1
11689.7625	0.32	1.0	1
11878.400000000001	0.29	1.0	1
12068.337500000001	0.33	0.8	1
12260.225000000002	0.28	1.2	1
12453.412500000002	0.33	0.8	1
12648.062500000002	0.31	0.9	1
12844.175000000001	0.26	0.9	1
13041.587500000001	0.39	0.8	1
13240.462500000001	0.31	0.9	1
13440.962500000001	0.28	1.0	1
13642.7625	0.39	0.8	1
13846.1875	0.33	1.0	1
14051.075	0.31	0.9	1
14257.587500000001	0.31	1.0	1
14465.400000000001	0.38	0.8	1
14674.5125	0.35	0.8	1
14885.4125	0.27	1.1	1
15097.775	0.33	0.9	1
15311.4375	0.36	0.8	1
15526.4	0.39	0.8	1
15742.6625	0.38	0.8	1
15960.3875	0.34	0.9	1
16179.4125	0.34	0.8	1
16399.7375	0.37	0.8	1
16621.3625	0.31	0.8	1
16844.9375	0.31	1.2	1
17069.975	0.28	0.9	1
17296.8	0.3	1.1	1
17525.25	0.3	1.0	1
17755.0	0.38	0.8	1
17986.05	0.36	0.8	1
18218.399999999998	0.32	0.8	1
18452.05	0.31	0.8	1
18687.325	0.25	1.0	1
18923.9	0.38	0.8	1
19162.100000000002	0.33	1.0	1
19401.7625	0.32	0.9	1
19642.725000000002	0.32	0.8	1
19884.987500000003	0.37	0.8	1
20128.550000000003	0.33	0.8	1
20373.575000000004	0.36	0.9	1
20620.062500000004	0.35	0.9	1
20868.012500000004	0.32	0.9	1
21117.912500000006	0.25	1.2	1
21369.112500000007	0.35	0.8	1
21621.612500000007	0.36	0.8	1
21875.737500000007	0.3	1.0	1
22131.487500000007	0.28	1.0	1
22388.700000000008	0.36	0.9	1
22647.21250000001	0.33	0.8	1
22907.35000000001	0.32	1.0	1
23169.43750000001	0.25	1.2	1
23432.82500000001	0.36	0.8	1
23697.67500000001	0.36	0.9	1
23964.15000000001	0.29	1.0	1
24231.92500000001	0.32	0.8	1
24501.00000000001	0.33	0.8	1
24771.53750000001	0.39	0.9	1
25043.53750000001	0.32	0.9	1
25316.83750000001	0.35	0.8	1
25591.762500000008	0.26	1.0	1
25868.312500000007	0.27	1.0	1
26146.487500000007	0.27	1.0	1
26426.125000000007	0.36	0.9	1
26707.062500000007	0.35	0.8	1
26989.625000000007	0.27	1.0	1
27273.65000000001	0.37	0.9	1
27559.137500000008	0.35	0.9	1
27845.925000000007	0.42	0.8	1
28134.175000000007	0.32	0.9	1
28424.050000000007	0.31	1.0	1
28715.225000000006	0.35	0.8	1
29007.862500000007	0.31	0.9	1
29301.800000000007	0.34	0.8	1
29597.037500000006	0.35	0.8	1
29893.575000000004	0.35	0.8	1
30191.412500000006	0.38	0.8	1
30490.875000000007	0.25	1.0	1
30791.96250000001	0.31	1.0	1
31094.512500000008	0.32	0.9	1
31398.362500000007	0.37	0.8	1
31703.512500000008	0.32	0.8	1
32010.125000000007	0.34	0.9	1
32318.037500000006	0.31	0.8	1
32627.737500000007	0.31	1.1	1
32938.7375	0.39	0.8	1
33251.200000000004	0.27	0.9	1
33565.12500000001	0.34	0.9	1
33880.83750000001	0.33	1.1	1
34197.850000000006	0.31	0.8	1
34516.65000000001	0.26	1.1	1
34836.75000000001	0.34	0.8	1
35158.15000000001	0.33	0.8	1
35481.50000000001	0.26	1.2	1
35806.31250000001	0.29	0.9	1
36133.075000000004	0.26	1.2	1
36461.3	0.31	0.9	1
36790.825000000004	0.39	0.8	1
37121.65	0.33	0.8	1
37453.775	0.31	0.8	1
37788.012500000004	0.26	1.3	1
38123.87500000001	0.26	1.0	1
38461.52500000001	0.22	1.1	1
38800.80000000001	0.27	1.0	1
39141.37500000001	0.34	0.8	1
39483.412500000006	0.31	0.9	1
39826.75000000001	0.36	0.8	1
40171.387500000004	0.39	0.8	1
40517.65	0.35	1.0	1
40865.2125	0.37	0.8	1
41214.075000000004	0.32	0.8	1
41564.2375	0.38	0.8	1
41916.1875	0.29	1.1	1
42269.925	0.33	1.1	1
42624.9625	0.39	0.8	1
42981.7875	0.26	1.1	1
43339.9125	0.34	0.8	1
43699.3375	0.36	0.8	1
44060.0625	0.39	0.8	1
44422.0875	0.33	0.8	1
44785.4125	0.37	0.8	1
45150.2	0.32	0.9	1
45516.45	0.36	0.9	1
45884.1625	0.34	0.9	1
46253.174999999996	0.3	0.8	1
46624.1375	0.29	1.2	1
46997.212499999994	0.24	1.3	1
47370.74999999999	0.34	0.9	1
47745.587499999994	0.36	0.8	1
48121.72499999999	0.34	0.8	1
48499.649999999994	0.3	1.1	1
48879.524999999994	0.26	1.2	1
49261.024999999994	0.29	1.0	1
49644.149999999994	0.31	1.0	1
50028.575	0.34	0.8	1
50414.625	0.27	1.0	1
50801.975	0.34	0.8	1
51190.7875	0.27	0.9	1
51580.9	0.29	0.8	1
51972.3125	0.33	0.8	1
52365.025	0.38	0.8	1
52759.0375	0.35	0.8	1
53154.35	0.39	0.8	1
53551.125	0.34	0.9	1
53949.525	0.35	1.0	1
54349.225	0.31	0.8	1
54750.225	0.37	0.8	1
55152.525	0.37	0.8	1
55556.125	0.32	0.8	1
55961.025	0.33	0.8	1
56367.225	0.32	0.8	1
56774.8875	0.26	0.9	1
57184.337499999994	0.28	1.1	1
57595.41249999999	0.32	1.0	1
58008.274999999994	0.26	1.1	1
58422.43749999999	0.34	0.8	1
58838.06249999999	0.31	0.9	1
59254.987499999996	0.38	0.8	1
59673.212499999994	0.34	0.8	1
60092.737499999996	0.36	0.8	1
60513.56249999999	0.36	0.8	1
60935.68749999999	0.32	0.8	1
61359.76249999999	0.23	1.2	1
61785.13749999999	0.33	0.8	1
62211.97499999999	0.31	0.9	1
62640.11249999999	0.35	0.8	1
63069.54999999999	0.34	0.8	1
63500.61249999999	0.3	1.0	1
63932.97499999999	0.38	0.8	1
64366.63749999999	0.32	0.8	1
64800.59999999999	0.34	0.8	1
65235.86249999999	0.31	0.8	1
65672.42499999999	0.36	0.8	1
66110.61249999999	0.31	1.0	1
66550.09999999999	0.4	0.8	1
66991.04999999999	0.32	0.9	1
67433.29999999999	0.35	0.8	1
67876.84999999999	0.36	0.8	1
68322.18749999999	0.26	1.1	1
68768.82499999998	0.34	0.8	1
69216.76249999998	0.38	0.8	1
69665.99999999999	0.34	0.8	1
70116.86249999999	0.28	1.0	1
70569.18749999999	0.28	0.9	1
71022.81249999999	0.37	0.8	1
71477.89999999998	0.34	0.9	1
71934.44999999998	0.36	0.9	1
72392.62499999999	0.27	1.0	1
72852.09999999999	0.36	0.8	1
73313.36249999999	0.23	1.1	1
73775.92499999999	0.31	0.8	1
74240.11249999999	0.26	1.0	1
74705.59999999999	0.32	0.8	1
75172.3875	0.33	0.8	1
75640.6375	0.31	0.9	1
76110.1875	0.37	0.8	1
76581.2	0.31	0.9	1
77053.8375	0.28	1.0	1
77527.9375	0.34	0.9	1
78003.6625	0.27	1.0	1
78480.6875	0.35	0.8	1
78959.0125	0.33	0.8	1
79439.125	0.29	1.1	1
79920.7	0.3	0.9	1
80403.575	0.35	0.8	1
80887.91249999999	0.33	0.9	1
81373.54999999999	0.38	0.8	1
81860.48749999999	0.35	0.8	1
82349.04999999999	0.33	1.0	1
82838.91249999999	0.34	0.8	1
83330.075	0.4	0.8	1
83822.7	0.29	0.9	1
84316.625	0.37	0.8	1
84812.6625	0.26	1.3	1
85310.32500000001	0.27	1.0	1
85816.6	0.45	5.3	1
86324.33750000001	0.29	0.9	1
86833.37500000001	0.31	0.8	1
87343.71250000001	0.36	0.8	1
87855.35	0.33	0.8	1
88368.2875	0.36	0.8	1
88883.175	0.29	1.2	1
89399.52500000001	0.35	0.9	1
89917.175	0.35	0.8	1
90436.45	0.3	1.0	1
90957.025	0.32	0.8	1
91479.22499999999	0.33	1.0	1
92003.04999999999	0.31	1.0	1
92528.3375	0.32	0.9	1
93054.92499999999	0.36	0.8	1
93582.81249999999	0.34	0.8	1
94112.64999999998	0.24	1.2	1
94644.11249999997	0.3	1.0	1
95177.03749999998	0.29	0.9	1
95711.42499999997	0.32	0.9	1
96247.11249999997	0.38	0.8	1
96784.26249999997	0.32	0.9	1
97322.71249999997	0.34	0.8	1
97862.94999999997	0.27	1.1	1
98404.48749999997	0.35	0.8	1
98947.64999999998	0.31	1.0	1
99491.43749999999	0.25	1.0	1
100044.48749999999	0.41	5.7	1
100599.48749999999	0.25	1.2	1
101155.78749999999	0.38	0.8	1
101713.3875	0.35	0.8	1
102272.28749999999	0.31	0.8	1
102832.97499999999	0.28	1.1	1
103394.9625	0.37	0.8	1
103958.25	0.35	0.8	1
104522.8375	0.34	0.8	1
105089.53749999999	0.26	1.3	1
105657.53749999999	0.36	0.8	1
106226.8375	0.31	0.8	1
106797.59999999999	0.32	0.9	1
107369.98749999999	0.27	1.0	1
107943.67499999999	0.3	0.8	1
108518.66249999999	0.32	0.8	1
109095.11249999999	0.34	0.9	1
109673.18749999999	0.31	1.0	1
110252.88749999998	0.25	1.0	1
110834.21249999998	0.3	1.0	1
111416.99999999999	0.32	0.9	1
112001.08749999998	0.37	0.8	1
112586.79999999997	0.26	1.0	1
113173.81249999997	0.35	0.8	1
113762.12499999997	0.31	0.8	1
114352.06249999997	0.28	1.0	1
114943.29999999997	0.4	0.8	1
115535.83749999998	0.34	0.8	1
116129.67499999997	0.33	0.8	1
116725.94999999997	0.25	1.5	1
117323.52499999997	0.32	0.8	1
117922.39999999997	0.32	0.8	1
118522.73749999996	0.32	0.9	1
119125.02499999997	0.26	1.2	1
119728.61249999996	0.39	0.8	1
120333.66249999996	0.31	0.9	1
120940.01249999997	0.32	0.8	1
121547.66249999996	0.37	0.8	1
122156.77499999997	0.34	0.9	1
122767.51249999997	0.26	1.0	1
123379.71249999997	0.32	0.9	1
123993.21249999997	0.35	0.8	1
124608.17499999996	0.31	0.9	1
125224.43749999996	0.35	0.8	1
125841.99999999996	0.35	0.8	1
126460.86249999996	0.35	0.8	1
127081.02499999997	0.34	0.8	1
127702.64999999997	0.26	0.9	1
128325.89999999997	0.28	1.0	1
128950.61249999996	0.35	0.9	1
129576.78749999996	0.32	0.9	1
130204.42499999996	0.31	0.9	1
130833.52499999997	0.28	0.9	1
131464.08749999997	0.33	0.9	1
