1.2502	0.39	0.8	1
3.7506	0.36	0.8	1
7.6568000000000005	0.4	0.9	1
13.124400000000001	0.26	1.0	1
19.9978	0.33	0.9	1
28.277	0.33	0.9	1
37.962	0.3	0.9	1
48.897200000000005	0.38	0.8	1
61.238200000000006	0.33	0.9	1
74.985	0.31	0.9	1
89.982	0.37	0.8	1
106.3848	0.35	0.9	1
124.5045	0.32	1.1	1
144.03	0.33	0.9	1
164.9613	0.44	0.9	1
187.2984	0.26	0.9	1
210.88569999999999	0.32	0.8	1
236.03439999999998	0.37	1.0	1
262.4333	0.33	0.8	1
290.238	0.39	0.9	1
319.6041	0.3	1.0	1
350.22040000000004	0.41	0.8	1
382.39810000000006	0.31	1.0	1
415.98160000000007	0.39	0.9	1
450.8153000000001	0.3	0.8	1
486.89920000000006	0.34	0.8	1
524.2333000000001	0.35	0.8	1
563.1288000000001	0.29	1.0	1
603.2745000000001	0.4	0.8	1
644.6704000000001	0.36	0.8	1
687.7832000000001	0.28	1.1	1
732.1462000000001	0.36	0.8	1
777.7594000000001	0.41	0.8	1
824.7784000000001	0.33	0.9	1
873.3588000000002	0.3	1.0	1
923.1894000000002	0.36	0.8	1
974.2702000000002	0.4	0.8	1
1026.6012	0.34	0.8	1
1080.338	0.33	0.9	1
1135.4805999999999	0.34	0.9	1
1192.0289999999998	0.32	0.9	1
1250.7609999999997	0.24	1.4	1
1310.7431999999997	0.37	0.8	1
1371.9755999999998	0.37	0.8	1
1434.4581999999998	0.32	0.8	1
1498.5022	0.35	1.0	1
1563.7964	0.39	0.8	1
1630.3408	0.4	0.8	1
1698.6020999999998	0.32	1.1	1
1768.1136	0.35	0.8	1
1838.8753	0.34	0.8	1
1911.3538999999998	0.25	1.1	1
1985.0827	0.35	0.8	1
2060.2173	0.29	0.9	1
2136.7576999999997	0.31	0.9	1
2214.8594999999996	0.28	1.0	1
2294.2114999999994	0.37	0.8	1
2374.9692999999993	0.38	0.9	1
2456.977299999999	0.35	0.8	1
2540.2354999999993	0.36	0.8	1
2624.7438999999995	0.37	0.8	1
2710.6580999999996	0.33	0.9	1
2799.3780999999994	0.18	1.8	1
2889.5038999999992	0.36	0.9	1
2981.035499999999	0.3	0.9	1
3073.8172999999992	0.41	0.8	1
3168.160499999999	0.33	1.0	1
3263.909499999999	0.3	0.9	1
3361.375399999999	0.25	1.1	1
3460.247099999999	0.35	0.9	1
3560.3689999999992	0.38	0.8	1
3662.3633999999993	0.24	1.2	1
3765.9191999999994	0.33	1.0	1
3870.7251999999994	0.29	0.8	1
3976.9369999999994	0.35	0.9	1
4084.3989999999994	0.32	0.8	1
4193.266799999999	0.35	0.9	1
4303.5404	0.3	0.9	1
4415.0642	0.31	0.8	1
4527.8382	0.38	0.8	1
4642.1736	0.31	1.0	1
4757.7592	0.4	0.8	1
4874.9062	0.32	1.0	1
4993.303400000001	0.36	0.8	1
5112.9508000000005	0.37	0.8	1
5234.004000000001	0.34	0.9	1
5356.618600000001	0.32	1.0	1
5480.794600000001	0.31	1.0	1
5606.376400000001	0.34	0.9	1
5733.519600000001	0.3	1.0	1
5861.913000000001	0.38	0.8	1
5991.556600000002	0.38	0.8	1
6122.4504000000015	0.34	0.8	1
6254.750000000002	0.31	0.9	1
6388.611000000002	0.37	1.0	1
6524.344500000002	0.31	1.2	1
6661.328200000002	0.36	0.8	1
6799.717700000002	0.29	0.9	1
6939.357400000002	0.36	0.8	1
7080.402900000002	0.29	0.9	1
7222.854200000002	0.33	0.9	1
7366.866900000002	0.31	1.0	1
7512.1298000000015	0.3	0.8	1
7659.265200000002	0.26	1.2	1
7808.428600000002	0.27	1.3	1
7959.153400000002	0.32	1.0	1
8112.217300000002	0.22	1.5	1
8266.687000000002	0.38	0.9	1
8422.562500000002	0.32	0.9	1
8578.688200000002	0.3	0.8	1
8736.530800000002	0.34	1.1	1
8896.090300000002	0.25	1.1	1
9057.211200000002	0.25	1.0	1
9220.204600000001	0.26	1.2	1
9384.6038	0.33	0.9	1
9550.408800000001	0.29	0.9	1
9717.464000000002	0.32	0.8	1
9885.769400000001	0.35	0.8	1
10055.325	0.33	0.8	1
10226.442000000001	0.27	1.0	1
10398.809200000002	0.28	0.8	1
10572.7378	0.34	1.0	1
10747.9166	0.35	0.8	1
10924.5012	0.3	0.9	1
11102.491600000001	0.36	0.9	1
11281.8878	0.31	0.9	1
11462.5342	0.35	0.8	1
11644.5864	0.34	0.9	1
11828.0444	0.32	0.9	1
12012.7526	0.33	0.8	1
12198.711	0.36	0.8	1
12385.9196	0.35	0.8	1
12574.3784	0.41	0.8	1
12764.0874	0.39	0.8	1
12955.3578	0.34	1.0	1
13147.8784	0.34	0.8	1
13341.6492	0.36	0.8	1
13536.6702	0.34	0.8	1
13732.9414	0.36	0.8	1
13930.4628	0.38	0.8	1
14129.2344	0.34	0.8	1
14329.2562	0.35	0.8	1
14530.6838	0.37	0.9	1
14733.6728	0.33	1.0	1
14938.2232	0.32	1.0	1
15144.335000000001	0.32	1.0	1
15351.697	0.35	0.8	1
15560.3092	0.31	0.8	1
15770.3272	0.3	0.9	1
15981.5954	0.32	0.8	1
16194.113800000001	0.35	0.8	1
16408.038	0.25	0.9	1
16623.368000000002	0.31	0.9	1
16840.1038	0.37	0.9	1
17058.0898	0.35	0.8	1
17277.481600000003	0.31	0.9	1
17498.590300000003	0.32	1.1	1
17720.949200000003	0.34	0.8	1
17944.558300000004	0.33	0.8	1
18169.884300000005	0.25	1.1	1
18396.616100000007	0.28	0.9	1
18624.598100000007	0.4	0.8	1
18853.830300000005	0.33	0.8	1
19084.312700000006	0.35	0.8	1
19316.045300000005	0.35	0.8	1
19549.339300000007	0.35	1.0	1
19784.039100000005	0.36	0.9	1
20020.611400000005	0.28	1.2	1
20258.433900000004	0.37	0.8	1
20497.506600000004	0.32	0.8	1
20737.829500000003	0.33	0.8	1
20979.402600000005	0.34	0.8	1
21222.537100000005	0.32	1.0	1
21466.921800000004	0.29	0.8	1
21712.712300000003	0.34	0.9	1
21960.2197	0.28	1.1	1
22209.288500000002	0.27	1.0	1
22459.763100000004	0.38	0.9	1
22711.643500000006	0.37	0.9	1
22965.085300000006	0.3	1.0	1
23220.088500000005	0.31	1.0	1
23476.341900000007	0.37	0.8	1
23733.845500000007	0.4	0.8	1
23992.599300000005	0.43	0.8	1
24252.758900000004	0.3	0.9	1
24514.791000000005	0.29	1.2	1
24778.228900000006	0.3	0.9	1
25042.917000000005	0.29	0.8	1
25308.855300000007	0.37	0.8	1
25576.043800000007	0.37	0.8	1
25844.793700000006	0.29	1.0	1
26114.793800000007	0.36	0.8	1
26386.044100000006	0.36	0.8	1
26659.166900000007	0.23	1.2	1
26933.851100000007	0.29	1.0	1
27209.785500000005	0.35	0.8	1
27487.125700000004	0.34	0.9	1
27765.716100000005	0.35	0.8	1
28045.712300000007	0.36	0.9	1
28327.425400000007	0.31	1.1	1
28610.855400000008	0.26	1.1	1
28895.535600000007	0.34	0.8	1
29181.621600000006	0.3	0.9	1
29468.957800000007	0.3	0.8	1
29757.544200000008	0.43	0.8	1
30047.536400000008	0.32	0.9	1
30338.778800000007	0.34	0.8	1
30631.893700000008	0.27	1.2	1
30926.725500000008	0.28	1.1	1
31222.807500000006	0.35	0.8	1
31520.139700000007	0.41	0.8	1
31819.033300000006	0.32	1.0	1
32119.954900000008	0.26	1.3	1
32422.126700000008	0.39	0.8	1
32725.548700000007	0.34	0.8	1
33030.22090000001	0.35	0.8	1
33336.14330000001	0.39	0.8	1
33643.471500000014	0.33	0.9	1
33952.36110000002	0.3	1.0	1
34262.500900000014	0.37	0.8	1
34574.20210000002	0.36	1.0	1
34887.46470000002	0.3	1.0	1
35201.977500000015	0.36	0.8	1
35518.05170000002	0.34	1.0	1
35835.376100000016	0.41	0.8	1
36153.950700000016	0.34	0.8	1
36474.086700000014	0.28	1.0	1
36795.62850000001	0.31	0.9	1
37118.88720000001	0.31	1.1	1
37443.39610000001	0.31	0.8	1
37769.155200000016	0.33	0.8	1
38096.16450000001	0.34	0.8	1
38424.57960000001	0.28	0.9	1
38754.71160000001	0.32	1.1	1
39086.09380000001	0.35	0.8	1
39418.72620000001	0.37	0.8	1
39752.92000000001	0.34	1.0	1
40088.67520000001	0.32	1.0	1
40426.14730000001	0.32	1.1	1
40765.02520000001	0.32	0.9	1
41105.15330000001	0.4	0.8	1
41446.998300000014	0.29	1.1	1
41789.249100000015	0.3	0.9	1
42132.90570000002	0.31	0.9	1
42477.812500000015	0.37	0.8	1
42824.12510000001	0.31	0.9	1
43171.68790000001	0.32	0.8	1
43520.65650000001	0.31	0.9	1
43871.18650000001	0.3	1.0	1
44223.43340000001	0.29	1.1	1
44577.08610000001	0.31	0.9	1
44932.455700000006	0.25	1.1	1
45289.075500000006	0.35	0.8	1
45646.94550000001	0.37	0.8	1
46006.37690000001	0.3	1.0	1
46367.058500000014	0.4	0.8	1
46729.14590000001	0.35	0.9	1
47092.950200000014	0.3	1.1	1
47458.16030000001	0.31	0.9	1
47824.62060000001	0.35	0.8	1
48192.33110000001	0.37	0.8	1
48561.29180000001	0.32	0.8	1
48931.50270000001	0.34	0.8	1
49303.11940000001	0.32	0.9	1
49675.98630000001	0.4	0.8	1
50050.25900000001	0.37	0.9	1
50425.937500000015	0.31	0.9	1
50801.86620000001	0.35	0.8	1
51179.20070000001	0.29	0.9	1
51557.78540000001	0.33	0.8	1
51937.77590000001	0.34	0.9	1
52319.17220000001	0.34	0.9	1
52701.81870000001	0.39	0.8	1
53085.871000000014	0.35	0.9	1
53471.484700000015	0.31	1.0	1
53858.34860000001	0.34	0.8	1
54246.46270000001	0.35	0.8	1
54635.82700000001	0.4	0.8	1
55026.441500000015	0.29	0.8	1
55418.30620000001	0.36	0.8	1
55811.57670000001	0.3	0.9	1
56206.25300000001	0.3	0.9	1
56602.33510000001	0.33	0.9	1
56999.66740000001	0.33	0.8	1
57398.24990000001	0.38	0.8	1
57798.08260000001	0.37	0.8	1
58199.16550000001	0.39	0.8	1
58601.49860000001	0.36	0.8	1
59005.08190000001	0.34	0.8	1
59410.07100000001	0.37	0.9	1
59816.31030000001	0.39	0.8	1
60223.799800000015	0.37	0.8	1
60633.00620000002	0.3	1.1	1
61043.462800000016	0.4	0.8	1
61455.169600000016	0.34	0.8	1
61868.12660000002	0.33	0.8	1
62282.48940000002	0.32	0.9	1
62698.25800000002	0.34	0.9	1
63115.27680000002	0.35	0.8	1
63533.54580000002	0.36	0.8	1
63953.065000000024	0.36	0.8	1
64373.83440000002	0.34	0.8	1
64796.32070000002	0.25	1.1	1
65220.212800000016	0.26	0.9	1
65645.82180000002	0.3	1.1	1
66072.83660000002	0.27	0.9	1
66501.10160000002	0.33	0.8	1
66930.61680000002	0.38	0.8	1
67361.38220000002	0.35	0.8	1
67794.33120000002	0.23	1.4	1
68228.68600000002	0.46	0.9	1
68664.29100000001	0.39	0.8	1
69101.14620000002	0.32	0.8	1
69539.40720000002	0.36	0.9	1
69978.91840000001	0.33	0.8	1
70419.67980000001	0.37	0.8	1
70862.0026	0.26	1.0	1
71305.73120000001	0.3	0.9	1
71750.8656	0.3	0.9	1
72197.7169	0.26	1.1	1
72645.974	0.28	0.9	1
73095.4813	0.34	0.8	1
73546.2388	0.4	0.8	1
73998.24650000001	0.42	0.8	1
74451.5044	0.34	0.8	1
74906.16810000001	0.36	0.9	1
75362.3932	0.3	1.0	1
75820.64630000001	0.25	1.3	1
76280.9274	0.26	1.3	1
76742.7699	0.3	1.0	1
77206.3293	0.28	1.1	1
77671.13889999999	0.35	0.8	1
78137.1987	0.42	0.8	1
78604.50869999999	0.35	0.8	1
79073.0689	0.35	0.8	1
79541.8793	0.37	0.8	1
80012.2511	0.27	1.0	1
80483.8731	0.37	0.8	1
80956.7453	0.3	0.8	1
81431.0233	0.31	0.9	1
81906.7071	0.32	0.9	1
82383.6411	0.35	0.8	1
82861.9809	0.33	0.9	1
83341.57089999999	0.38	0.8	1
83822.5667	0.32	0.9	1
84304.8127	0.33	0.8	1
84788.30889999999	0.36	0.8	1
85273.05529999999	0.34	0.8	1
85759.05189999999	0.3	0.8	1
86246.6099	0.3	1.0	1
86735.4181	0.38	0.8	1
87225.6321	0.3	0.9	1
87717.2519	0.31	0.9	1
88210.1219	0.34	0.8	1
88704.2421	0.31	0.8	1
89199.6125	0.34	0.8	1
89696.2331	0.36	0.8	1
90194.57059999999	0.25	1.1	1
90694.1583	0.29	0.8	1
91194.9962	0.34	0.8	1
91697.08429999999	0.34	0.8	1
92200.42259999999	0.33	0.8	1
92705.16669999999	0.33	0.9	1
93211.161	0.36	0.8	1
93718.4055	0.37	0.8	1
94226.90019999999	0.34	0.8	1
94736.95629999999	0.3	1.0	1
95248.26259999999	0.33	0.8	1
95760.8191	0.32	0.8	1
96274.6258	0.35	0.8	1
96789.68269999999	0.35	0.8	1
97306.61209999998	0.26	1.2	1
97824.94729999999	0.36	0.9	1
98344.53269999998	0.33	0.8	1
98865.36829999999	0.35	0.8	1
