1.8734000000000002	0.4	0.7	1
5.8868	0.29	0.8	1
11.773599999999998	0.37	0.7	1
19.2671	0.42	0.6	1
28.634	0.35	0.7	1
39.8743	0.28	0.7	1
53.5213	0.31	0.9	1
69.3083	0.3	0.8	1
87.50200000000001	0.32	0.9	1
107.3024	0.44	0.6	1
128.9762	0.44	0.7	1
153.59	0.28	1.1	1
179.8105	0.29	0.6	1
208.7044	0.34	1.0	1
239.73829999999998	0.33	0.8	1
272.6456	0.38	0.7	1
307.42629999999997	0.36	0.7	1
344.08039999999994	0.36	0.7	1
382.6078999999999	0.37	0.7	1
423.5420999999999	0.34	0.9	1
466.88299999999987	0.36	0.9	1
512.8972999999999	0.32	1.0	1
561.3182999999999	0.32	0.9	1
612.6792999999999	0.28	1.1	1
666.1802999999999	0.34	0.8	1
721.5546999999999	0.39	0.7	1
779.8690999999999	0.32	1.1	1
840.0568999999999	0.32	0.7	1
902.3847	0.35	0.8	1
966.5858999999999	0.46	0.7	1
1033.1938	0.35	0.9	1
1101.4084	0.43	0.6	1
1171.4964	0.4	0.7	1
1243.9911	0.31	0.9	1
1318.6258	0.41	0.8	1
1395.4005	0.3	0.8	1
1474.0486	0.33	0.7	1
1554.3034	0.43	0.6	1
1636.4316000000001	0.42	0.7	1
1720.4332000000002	0.4	0.7	1
1806.3082000000002	0.4	0.7	1
1894.0566000000001	0.36	0.7	1
1983.9450000000002	0.39	0.8	1
2075.1734	0.46	0.5	1
2168.2752	0.39	0.7	1
2262.9837	0.43	0.6	1
2358.2989000000002	0.43	0.6	1
2455.4875	0.38	0.7	1
2554.8161	0.35	0.8	1
2655.7514	0.5	0.6	1
2759.8934	0.3	1.2	1
2866.1754	0.32	0.8	1
2974.8641000000002	0.29	0.9	1
3085.4262000000003	0.31	0.7	1
3197.8617000000004	0.35	0.7	1
3312.1706000000004	0.34	0.7	1
3428.0862	0.49	0.6	1
3545.8752000000004	0.39	0.7	1
3665.2709000000004	0.43	0.6	1
3786.2733000000003	0.43	0.6	1
3909.1491	0.38	0.7	1
4033.6316	0.41	0.6	1
4160.5208	0.32	0.9	1
4289.55	0.36	0.8	1
4420.4526000000005	0.42	0.7	1
4553.2286	0.38	0.7	1
4687.878000000001	0.35	0.7	1
4824.4008	0.37	0.7	1
4963.0636	0.31	0.8	1
5103.333100000001	0.42	0.6	1
5245.2093	0.36	0.6	1
5388.6922	0.47	0.6	1
5534.048500000001	0.38	0.7	1
5681.811500000001	0.31	0.9	1
5831.181200000001	0.39	0.6	1
5982.424300000001	0.35	0.7	1
6135.540800000001	0.45	0.7	1
6290.5307	0.38	0.7	1
6447.9273	0.3	0.9	1
6607.7306	0.37	0.9	1
6770.2073	0.29	1.0	1
6936.1574	0.23	1.3	1
7103.9809000000005	0.43	0.7	1
7274.2111	0.36	0.9	1
7446.848000000001	0.3	0.9	1
7621.091600000001	0.46	0.6	1
7797.208600000001	0.42	0.7	1
7975.1990000000005	0.35	0.7	1
8156.6628	0.26	1.3	1
8340.8	0.3	1.0	1
8527.3439	0.31	0.9	1
8715.761199999999	0.42	0.7	1
8905.785199999998	0.44	0.6	1
9097.682599999998	0.33	0.7	1
9291.453399999999	0.38	0.7	1
9487.0976	0.41	0.7	1
9684.8818	0.4	0.8	1
9884.805999999999	0.35	0.8	1
10086.603599999999	0.36	0.7	1
10290.807899999998	0.33	0.9	1
10497.418899999999	0.27	0.9	1
10706.169899999999	0.38	0.8	1
10917.060899999999	0.36	0.8	1
11130.625299999998	0.34	1.0	1
11346.863099999999	0.32	1.0	1
11564.974299999998	0.35	0.7	1
11784.958899999998	0.36	0.7	1
12006.550199999998	0.42	0.6	1
12230.014899999998	0.33	0.7	1
12455.353	0.38	0.7	1
12683.0978	0.28	0.9	1
12913.516	0.29	1.0	1
13145.8076	0.39	0.7	1
13379.972600000001	0.37	0.7	1
13616.544300000001	0.3	0.9	1
13854.989400000002	0.41	0.7	1
14096.107900000003	0.31	1.0	1
14339.899800000003	0.3	1.0	1
14585.565100000003	0.37	0.7	1
14833.103800000003	0.47	0.7	1
15082.515900000002	0.36	0.7	1
15334.868000000002	0.31	1.1	1
15589.093500000003	0.41	0.7	1
15845.192400000004	0.32	0.7	1
16103.164700000003	0.43	0.7	1
16363.010400000003	0.39	0.7	1
16625.262800000004	0.31	0.9	1
16890.455200000004	0.26	1.1	1
17157.254300000004	0.44	0.6	1
17425.926800000005	0.38	0.7	1
17696.472700000006	0.37	0.7	1
17968.892000000007	0.4	0.7	1
18243.18470000001	0.39	0.7	1
18520.15080000001	0.35	1.0	1
18798.456900000012	0.44	0.5	1
19079.169700000013	0.26	0.9	1
19362.022500000014	0.38	0.8	1
19647.015300000014	0.36	0.8	1
19933.614800000014	0.39	0.6	1
20222.621000000014	0.33	0.9	1
20514.033900000013	0.28	0.9	1
20806.053500000013	0.38	0.6	1
21099.946500000013	0.38	0.7	1
21395.712900000013	0.4	0.7	1
21693.886000000013	0.29	0.9	1
21993.932500000014	0.34	0.7	1
22295.852400000014	0.42	0.7	1
22599.645700000015	0.37	0.7	1
22905.579000000016	0.33	0.8	1
23213.119000000017	0.38	0.6	1
23522.799000000017	0.34	0.8	1
23834.619000000017	0.41	0.8	1
24148.312400000017	0.35	0.7	1
24464.412500000017	0.32	0.9	1
24782.119300000017	0.46	0.6	1
25101.432800000017	0.43	0.6	1
25422.353000000017	0.41	0.6	1
25744.613200000018	0.54	0.5	1
26069.280100000018	0.3	0.9	1
26395.55370000002	0.43	0.6	1
26724.23400000002	0.33	0.9	1
27055.054300000018	0.34	0.8	1
27389.081300000016	0.23	1.2	1
27724.715000000015	0.37	0.6	1
28061.955400000013	0.42	0.6	1
28401.069200000013	0.35	0.7	1
28741.789700000012	0.43	0.6	1
29084.65020000001	0.36	0.8	1
29429.38410000001	0.35	0.7	1
29777.324700000012	0.26	1.2	1
30127.13870000001	0.36	0.7	1
30478.82610000001	0.38	0.7	1
30833.186900000008	0.3	1.0	1
31189.421100000007	0.39	0.7	1
31548.328700000005	0.32	1.0	1
31909.376300000007	0.35	0.8	1
32272.297300000006	0.34	0.7	1
32637.091700000004	0.37	0.7	1
33003.22610000001	0.48	0.5	1
33371.23390000001	0.39	0.7	1
33741.11510000001	0.4	0.7	1
34112.86970000001	0.35	0.7	1
34486.23100000001	0.37	0.6	1
34861.46570000001	0.35	0.7	1
35238.573800000006	0.38	0.7	1
35617.28860000001	0.43	0.6	1
35998.14340000001	0.34	0.8	1
36380.871600000006	0.43	0.7	1
36765.47320000001	0.42	0.7	1
37151.681500000006	0.45	0.6	1
37539.22980000001	0.42	0.5	1
37928.91810000001	0.33	0.8	1
38320.47980000001	0.33	0.7	1
38713.91490000001	0.36	0.7	1
39108.22340000001	0.35	0.7	1
39504.93860000001	0.38	0.9	1
39903.52720000001	0.37	0.7	1
40303.72250000001	0.43	0.6	1
40706.05780000001	0.32	0.8	1
41110.26650000001	0.37	0.7	1
41516.615200000015	0.39	0.8	1
41924.570600000014	0.39	0.6	1
42335.19940000001	0.3	1.0	1
42747.701600000015	0.39	0.7	1
43162.077200000014	0.4	0.7	1
43578.85950000001	0.34	0.9	1
43997.248500000016	0.38	0.6	1
44418.31090000002	0.31	1.0	1
44841.24670000002	0.38	0.7	1
45265.78920000002	0.44	0.6	1
45692.20510000002	0.35	0.7	1
46120.76100000002	0.36	0.8	1
46550.923600000024	0.38	0.6	1
46982.692900000024	0.4	0.6	1
47416.06890000002	0.41	0.6	1
47851.31830000002	0.32	0.7	1
48288.17440000002	0.47	0.6	1
48726.63720000002	0.42	0.6	1
49167.50670000002	0.38	0.9	1
49610.78290000002	0.31	0.9	1
50055.66580000002	0.48	0.6	1
50502.42210000002	0.39	0.7	1
50950.518400000015	0.45	0.5	1
51400.48810000002	0.42	0.7	1
51852.59780000002	0.39	0.8	1
52306.314200000015	0.51	0.6	1
52761.63730000002	0.38	0.6	1
53219.10040000002	0.31	0.8	1
53678.436900000015	0.4	0.7	1
54139.64680000002	0.37	0.7	1
54602.730100000015	0.37	0.7	1
55067.68680000002	0.33	0.7	1
55533.45020000002	0.75	0.3	1
56000.55360000002	0.47	0.5	1
56470.33040000002	0.37	1.0	1
56942.78060000002	0.35	1.0	1
57417.63750000002	0.35	0.9	1
57894.36780000002	0.36	0.7	1
58372.97150000002	0.38	0.7	1
58853.44860000002	0.41	0.7	1
59335.79910000002	0.44	0.7	1
59819.756300000015	0.39	0.6	1
60305.58690000002	0.38	0.7	1
60793.024200000014	0.46	0.6	1
61282.334900000016	0.34	0.7	1
61773.519000000015	0.41	0.7	1
62266.57650000002	0.39	0.7	1
62761.50740000002	0.38	0.7	1
63258.31170000002	0.37	0.7	1
63756.98940000002	0.39	0.7	1
64258.07380000002	0.32	0.9	1
64761.03160000002	0.43	0.7	1
65265.59610000002	0.42	0.6	1
65772.03400000001	0.39	0.7	1
66280.34530000002	0.37	0.7	1
66790.26330000002	0.51	0.6	1
67302.05470000002	0.34	0.7	1
67815.45280000003	0.43	0.6	1
68330.72430000003	0.42	0.7	1
68847.60250000004	0.42	0.6	1
69366.08740000003	0.45	0.6	1
69886.71230000003	0.41	0.8	1
70410.01060000002	0.26	1.0	1
70934.91560000002	0.43	0.6	1
71461.69400000002	0.39	0.7	1
71990.34580000002	0.33	0.7	1
72521.13760000003	0.38	0.8	1
73053.53610000003	0.4	0.6	1
73589.14130000003	0.25	1.2	1
74126.61990000003	0.35	0.7	1
74665.97190000003	0.39	0.7	1
75207.19730000003	0.38	0.7	1
75750.29610000004	0.38	0.7	1
76295.26830000004	0.39	0.7	1
76842.11390000004	0.41	0.7	1
77389.83290000004	0.38	0.7	1
77939.69190000003	0.31	0.8	1
78491.15760000004	0.42	0.6	1
79044.76330000004	0.35	0.8	1
79600.24240000003	0.4	0.7	1
80157.59490000003	0.32	0.7	1
80716.82080000003	0.34	0.7	1
81277.92010000003	0.37	0.7	1
81840.89280000003	0.35	0.7	1
82405.73890000003	0.41	0.7	1
82972.45840000003	0.41	0.7	1
83540.51790000004	0.44	0.5	1
84110.45080000004	0.41	0.7	1
84681.72370000003	0.5	0.5	1
85254.60330000003	0.39	0.6	1
85829.08960000004	0.41	0.6	1
86405.71590000004	0.35	0.8	1
86984.21560000004	0.37	0.7	1
87565.12200000005	0.3	0.9	1
88148.16840000005	0.3	0.8	1
88733.08820000006	0.36	0.7	1
89320.14800000006	0.39	0.8	1
89909.08120000006	0.38	0.7	1
90499.62110000006	0.49	0.6	1
91092.03440000006	0.42	0.7	1
91686.32110000006	0.4	0.7	1
92282.48120000005	0.38	0.7	1
92880.51470000006	0.35	0.7	1
93480.42160000006	0.41	0.7	1
94082.46850000006	0.34	0.8	1
94686.65540000006	0.37	0.8	1
95292.98230000006	0.36	0.8	1
95901.18260000006	0.43	0.7	1
96511.52290000005	0.36	0.8	1
97123.73660000005	0.42	0.7	1
97737.55700000004	0.44	0.6	1
98353.25080000004	0.34	0.7	1
98971.08460000003	0.32	0.8	1
99590.79180000004	0.39	0.7	1
100212.10570000003	0.37	0.6	1
100834.75960000003	0.49	0.5	1
101459.02020000003	0.4	0.6	1
102085.15420000003	0.36	0.7	1
102713.42820000004	0.35	0.8	1
103343.57560000004	0.34	0.7	1
103975.32970000005	0.38	0.6	1
104608.69050000004	0.39	0.6	1
105244.45800000004	0.32	0.9	1
105882.09890000004	0.38	0.7	1
106521.34650000004	0.37	0.6	1
107162.46750000004	0.35	0.7	1
107805.46190000004	0.31	0.7	1
108451.12970000003	0.29	1.0	1
109098.13750000004	0.38	0.5	1
109747.28530000005	0.35	0.8	1
110398.30650000005	0.36	0.7	1
