4796718	132000.0	0	500.0	13.2	0	264.0	277.2
4796719	132000.0	0	500.0	13.2	277.2	264.0	554.4
4796711	132000.0	0	500.0	13.2	554.4	264.0	831.6
4796343	132000.0	0	500.0	13.2	831.6	264.0	1108.8000000000002
4796645	132000.0	0	500.0	13.2	1108.8	264.0	1386.0
4796339	132000.0	0	500.0	13.2	1386.0	264.0	1663.2
4796692	132000.0	0	500.0	13.2	1663.2	264.0	1940.4
4796337	132000.0	0	500.0	13.2	1940.4	264.0	2217.6000000000004
4796677	132000.0	0	500.0	13.2	2217.6	264.0	2494.7999999999997
4796285	132000.0	0	500.0	13.2	2494.8	264.0	2772.0
4796854	132000.0	0	500.0	13.2	2772.0	264.0	3049.2
4796786	132000.0	0	500.0	13.2	3049.2	264.0	3326.3999999999996
4796448	132000.0	0	500.0	13.2	3326.4	264.0	3603.6
4796497	132000.0	0	500.0	13.2	3603.6	264.0	3880.7999999999997
4796424	132000.0	0	500.0	13.2	3880.8	264.0	4158.0
4796431	132000.0	0	500.0	13.2	4158.0	264.0	4435.2
4796576	132000.0	0	500.0	13.2	4435.2	264.0	4712.4
4796602	132000.0	0	500.0	13.2	4712.4	264.0	4989.599999999999
4796626	132000.0	0	500.0	13.2	4989.6	264.0	5266.8
4796612	132000.0	0	500.0	13.2	5266.8	264.0	5544.0
4796350	132000.0	0	500.0	13.2	5544.0	264.0	5821.2
4796548	132000.0	0	500.0	13.2	5821.2	264.0	6098.4
4796534	132000.0	0	500.0	13.2	6098.4	264.0	6375.599999999999
4797122	132000.0	0	500.0	13.2	6375.6	264.0	6652.8
4797106	132000.0	0	500.0	13.2	6652.8	264.0	6930.0
4797161	132000.0	0	500.0	13.2	6930.0	264.0	7207.2
4797157	132000.0	0	500.0	13.2	7207.2	264.0	7484.4
4797150	132000.0	0	500.0	13.2	7484.4	264.0	7761.599999999999
4797144	132000.0	0	500.0	13.2	7761.6	264.0	8038.8
4797143	132000.0	0	500.0	13.2	8038.8	264.0	8316.0
4797060	132000.0	0	500.0	13.2	8316.0	264.0	8593.2
4797058	132000.0	0	500.0	13.2	8593.2	264.0	8870.400000000001
4797096	132000.0	0	500.0	13.2	8870.4	264.0	9147.6
4797257	132000.0	0	500.0	13.2	9147.6	264.0	9424.800000000001
4797280	132000.0	0	500.0	13.2	9424.8	264.0	9702.0
4797279	132000.0	0	500.0	13.2	9702.0	264.0	9979.2
4797235	132000.0	0	500.0	13.2	9979.2	264.0	10256.400000000001
4797198	132000.0	0	500.0	13.2	10256.4	264.0	10533.6
4797185	132000.0	0	500.0	13.2	10533.6	264.0	10810.800000000001
4797179	132000.0	0	500.0	13.2	10810.8	264.0	11088.0
4797231	132000.0	0	500.0	13.2	11088.0	264.0	11365.2
4797214	132000.0	0	500.0	13.2	11365.2	264.0	11642.400000000001
4796926	132000.0	0	500.0	13.2	11642.4	264.0	11919.6
4796955	132000.0	0	500.0	13.2	11919.6	264.0	12196.800000000001
4797033	132000.0	0	500.0	13.2	12196.8	264.0	12474.0
4796714	132000.0	2	1000.0	13.2	0	132.0	145.2
4796709	132000.0	2	1000.0	13.2	145.2	132.0	290.4
4796715	132000.0	4	4000.0	13.2038	0	33.0	46.2038
4796707	132000.0	4	4000.0	13.2038	46.2038	33.0	92.4076
4796708	132000.0	4	4000.0	13.2038	92.4076	33.0	138.6114
4796327	132000.0	5	4000.0	13.2038	0	33.0	46.2038
4796706	132000.0	5	4000.0	13.2038	46.2038	33.0	92.4076
4796321	132000.0	9	6000.0	13.2067	0	22.0	35.2067
4796541	132000.0	9	6000.0	13.2067	35.2067	22.0	70.4134
4797132	132000.0	9	6000.0	13.2067	70.4134	22.0	105.6201
4796863	132000.0	9	6000.0	13.2067	105.6201	22.0	140.8268
4796723	132000.0	10	6000.0	13.2067	0	22.0	35.2067
4796558	132000.0	10	6000.0	13.2067	35.2067	22.0	70.4134
4796532	132000.0	10	6000.0	13.2067	70.4134	22.0	105.6201
4797134	132000.0	10	6000.0	13.2067	105.6201	22.0	140.8268
4797133	132000.0	10	6000.0	13.2067	140.8268	22.0	176.0335
4797086	132000.0	10	6000.0	13.2067	176.0335	22.0	211.24020000000002
4796324	132000.0	11	6000.0	13.2067	0	22.0	35.2067
4796588	132000.0	11	6000.0	13.2067	35.2067	22.0	70.4134
4796560	132000.0	11	6000.0	13.2067	70.4134	22.0	105.6201
4797082	132000.0	11	6000.0	13.2067	105.6201	22.0	140.8268
4796724	132000.0	12	6000.0	13.2	0	22.0	35.2
4796325	132000.0	12	6000.0	13.2	35.2	22.0	70.4
4797105	132000.0	12	6000.0	13.2	70.4	22.0	105.60000000000001
4797061	132000.0	12	6000.0	13.2	105.6	22.0	140.8
4797057	132000.0	12	6000.0	13.2	140.8	22.0	176.0
4797085	132000.0	12	6000.0	13.2	176.0	22.0	211.2
4796503	132000.0	13	8000.0	13.2	0	16.5	29.7
4796561	132000.0	13	8000.0	13.2	29.7	16.5	59.4
4796564	132000.0	13	8000.0	13.2	59.4	16.5	89.1
4796549	132000.0	13	8000.0	13.2	89.1	16.5	118.8
4796547	132000.0	13	8000.0	13.2	118.8	16.5	148.5
4796864	132000.0	13	8000.0	13.2	148.5	16.5	178.2
4797117	132000.0	13	8000.0	13.2	178.2	16.5	207.89999999999998
4797059	132000.0	13	8000.0	13.2	207.9	16.5	237.6
4797077	132000.0	13	8000.0	13.2	237.6	16.5	267.29999999999995
4796720	132000.0	14	12000.0	13.2	0	11.0	24.2
4796716	132000.0	14	12000.0	13.2	24.2	11.0	48.4
4796322	132000.0	14	12000.0	13.2	48.4	11.0	72.6
4796713	132000.0	14	12000.0	13.2	72.6	11.0	96.8
4796320	132000.0	14	12000.0	13.2	96.8	11.0	121.0
4796308	132000.0	14	12000.0	13.2	121.0	11.0	145.2
4796306	132000.0	14	12000.0	13.2	145.2	11.0	169.39999999999998
4796746	132000.0	14	12000.0	13.2	169.4	11.0	193.6
4796305	132000.0	14	12000.0	13.2	193.6	11.0	217.79999999999998
4796735	132000.0	14	12000.0	13.2	217.8	11.0	242.0
4796733	132000.0	14	12000.0	13.2	242.0	11.0	266.2
4796310	132000.0	14	12000.0	13.2	266.2	11.0	290.4
4796341	132000.0	14	12000.0	13.2	290.4	11.0	314.59999999999997
4796659	132000.0	14	12000.0	13.2	314.6	11.0	338.8
4796648	132000.0	14	12000.0	13.2	338.8	11.0	363.0
4796650	132000.0	14	12000.0	13.2	363.0	11.0	387.2
4796747	132000.0	14	12000.0	13.2	387.2	11.0	411.4
4796333	132000.0	14	12000.0	13.2	411.4	11.0	435.59999999999997
4796700	132000.0	14	12000.0	13.2	435.6	11.0	459.8
4796335	132000.0	14	12000.0	13.2	459.8	11.0	484.0
4796683	132000.0	14	12000.0	13.2	484.0	11.0	508.2
4796823	132000.0	14	12000.0	13.2	508.2	11.0	532.4
4796826	132000.0	14	12000.0	13.2	532.4	11.0	556.6
4796828	132000.0	14	12000.0	13.2	556.6	11.0	580.8000000000001
4796282	132000.0	14	12000.0	13.2	580.8	11.0	605.0
4796819	132000.0	14	12000.0	13.2	605.0	11.0	629.2
4796855	132000.0	14	12000.0	13.2	629.2	11.0	653.4000000000001
4796274	132000.0	14	12000.0	13.2	653.4	11.0	677.6
4796841	132000.0	14	12000.0	13.2	677.6	11.0	701.8000000000001
4796763	132000.0	14	12000.0	13.2	701.8	11.0	726.0
4796765	132000.0	14	12000.0	13.2	726.0	11.0	750.2
4796297	132000.0	14	12000.0	13.2	750.2	11.0	774.4000000000001
4796762	132000.0	14	12000.0	13.2	774.4	11.0	798.6
4796769	132000.0	14	12000.0	13.2	798.6	11.0	822.8000000000001
4796773	132000.0	14	12000.0	13.2	822.8	11.0	847.0
4796751	132000.0	14	12000.0	13.2	847.0	11.0	871.2
4796752	132000.0	14	12000.0	13.2	871.2	11.0	895.4000000000001
4796300	132000.0	14	12000.0	13.2	895.4	11.0	919.6
4796299	132000.0	14	12000.0	13.2	919.6	11.0	943.8000000000001
4796753	132000.0	14	12000.0	13.2	943.8	11.0	968.0
4796298	132000.0	14	12000.0	13.2	968.0	11.0	992.2
4796754	132000.0	14	12000.0	13.2	992.2	11.0	1016.4000000000001
4796775	132000.0	14	12000.0	13.2	1016.4	11.0	1040.6
4796777	132000.0	14	12000.0	13.2	1040.6	11.0	1064.8
4796292	132000.0	14	12000.0	13.2	1064.8	11.0	1089.0
4796796	132000.0	14	12000.0	13.2	1089.0	11.0	1113.2
4796794	132000.0	14	12000.0	13.2	1113.2	11.0	1137.4
4796801	132000.0	14	12000.0	13.2	1137.4	11.0	1161.6000000000001
4796802	132000.0	14	12000.0	13.2	1161.6	11.0	1185.8
4796805	132000.0	14	12000.0	13.2	1185.8	11.0	1210.0
4796789	132000.0	14	12000.0	13.2	1210.0	11.0	1234.2
4796641	132000.0	14	12000.0	13.2	1234.2	11.0	1258.4
4796451	132000.0	14	12000.0	13.2	1258.4	11.0	1282.6000000000001
4796449	132000.0	14	12000.0	13.2	1282.6	11.0	1306.8
4796457	132000.0	14	12000.0	13.2	1306.8	11.0	1331.0
4796442	132000.0	14	12000.0	13.2	1331.0	11.0	1355.2
4796443	132000.0	14	12000.0	13.2	1355.2	11.0	1379.4
4796444	132000.0	14	12000.0	13.2	1379.4	11.0	1403.6000000000001
4796498	132000.0	14	12000.0	13.2	1403.6	11.0	1427.8
4796404	132000.0	14	12000.0	13.2	1427.8	11.0	1452.0
4796398	132000.0	14	12000.0	13.2	1452.0	11.0	1476.2
4796375	132000.0	14	12000.0	13.2	1476.2	11.0	1500.4
4796500	132000.0	14	12000.0	13.2	1500.4	11.0	1524.6000000000001
4796368	132000.0	14	12000.0	13.2	1524.6	11.0	1548.8
4796426	132000.0	14	12000.0	13.2	1548.8	11.0	1573.0
4796428	132000.0	14	12000.0	13.2	1573.0	11.0	1597.2
4796432	132000.0	14	12000.0	13.2	1597.2	11.0	1621.4
4796501	132000.0	14	12000.0	13.2	1621.4	11.0	1645.6000000000001
4796589	132000.0	14	12000.0	13.2	1645.6	11.0	1669.8
4796594	132000.0	14	12000.0	13.2	1669.8	11.0	1694.0
4796600	132000.0	14	12000.0	13.2	1694.0	11.0	1718.2
4796577	132000.0	14	12000.0	13.2	1718.2	11.0	1742.4
4796578	132000.0	14	12000.0	13.2	1742.4	11.0	1766.6000000000001
4796579	132000.0	14	12000.0	13.2	1766.6	11.0	1790.8
4796580	132000.0	14	12000.0	13.2	1790.8	11.0	1815.0
4796582	132000.0	14	12000.0	13.2	1815.0	11.0	1839.2
4796635	132000.0	14	12000.0	13.2	1839.2	11.0	1863.4
4796637	132000.0	14	12000.0	13.2	1863.4	11.0	1887.6000000000001
4796614	132000.0	14	12000.0	13.2	1887.6	11.0	1911.8
4796567	132000.0	14	12000.0	13.2	1911.8	11.0	1936.0
4796346	132000.0	14	12000.0	13.2	1936.0	11.0	1960.2
4796523	132000.0	14	12000.0	13.2	1960.2	11.0	1984.4
4796521	132000.0	14	12000.0	13.2	1984.4	11.0	2008.6000000000001
4796511	132000.0	14	12000.0	13.2	2008.6	11.0	2032.8
4796515	132000.0	14	12000.0	13.2	2032.8	11.0	2057.0
4796516	132000.0	14	12000.0	13.2	2057.0	11.0	2081.2
4796543	132000.0	14	12000.0	13.2	2081.2	11.0	2105.3999999999996
4797121	132000.0	14	12000.0	13.2	2105.4	11.0	2129.6
4797116	132000.0	14	12000.0	13.2	2129.6	11.0	2153.7999999999997
4797114	132000.0	14	12000.0	13.2	2153.8	11.0	2178.0
4797120	132000.0	14	12000.0	13.2	2178.0	11.0	2202.2
4797070	132000.0	14	12000.0	13.2	2202.2	11.0	2226.3999999999996
4797055	132000.0	14	12000.0	13.2	2226.4	11.0	2250.6
4797054	132000.0	14	12000.0	13.2	2250.6	11.0	2274.7999999999997
4797051	132000.0	14	12000.0	13.2	2274.8	11.0	2299.0
4797049	132000.0	14	12000.0	13.2	2299.0	11.0	2323.2
4797048	132000.0	14	12000.0	13.2	2323.2	11.0	2347.3999999999996
4797102	132000.0	14	12000.0	13.2	2347.4	11.0	2371.6
4797101	132000.0	14	12000.0	13.2	2371.6	11.0	2395.7999999999997
4797088	132000.0	14	12000.0	13.2	2395.8	11.0	2420.0
4797247	132000.0	14	12000.0	13.2	2420.0	11.0	2444.2
4797240	132000.0	14	12000.0	13.2	2444.2	11.0	2468.3999999999996
4797266	132000.0	14	12000.0	13.2	2468.4	11.0	2492.6
4797293	132000.0	14	12000.0	13.2	2492.6	11.0	2516.7999999999997
4797281	132000.0	14	12000.0	13.2	2516.8	11.0	2541.0
4797199	132000.0	14	12000.0	13.2	2541.0	11.0	2565.2
4797193	132000.0	14	12000.0	13.2	2565.2	11.0	2589.3999999999996
4797192	132000.0	14	12000.0	13.2	2589.4	11.0	2613.6
4797201	132000.0	14	12000.0	13.2	2613.6	11.0	2637.7999999999997
4797183	132000.0	14	12000.0	13.2	2637.8	11.0	2662.0
4797181	132000.0	14	12000.0	13.2	2662.0	11.0	2686.2
4797186	132000.0	14	12000.0	13.2	2686.2	11.0	2710.3999999999996
4797234	132000.0	14	12000.0	13.2	2710.4	11.0	2734.6
4797230	132000.0	14	12000.0	13.2	2734.6	11.0	2758.7999999999997
4797228	132000.0	14	12000.0	13.2	2758.8	11.0	2783.0
4796941	132000.0	14	12000.0	13.2	2783.0	11.0	2807.2
4796938	132000.0	14	12000.0	13.2	2807.2	11.0	2831.3999999999996
4796931	132000.0	14	12000.0	13.2	2831.4	11.0	2855.6
4796923	132000.0	14	12000.0	13.2	2855.6	11.0	2879.7999999999997
4796947	132000.0	14	12000.0	13.2	2879.8	11.0	2904.0
4796948	132000.0	14	12000.0	13.2	2904.0	11.0	2928.2
4796949	132000.0	14	12000.0	13.2	2928.2	11.0	2952.3999999999996
4796975	132000.0	14	12000.0	13.2	2952.4	11.0	2976.6
4796972	132000.0	14	12000.0	13.2	2976.6	11.0	3000.7999999999997
4796971	132000.0	14	12000.0	13.2	3000.8	11.0	3025.0
4796966	132000.0	14	12000.0	13.2	3025.0	11.0	3049.2
4796921	132000.0	14	12000.0	13.2	3049.2	11.0	3073.3999999999996
4796965	132000.0	14	12000.0	13.2	3073.4	11.0	3097.6
4796956	132000.0	14	12000.0	13.2	3097.6	11.0	3121.7999999999997
4796951	132000.0	14	12000.0	13.2	3121.8	11.0	3146.0
4796883	132000.0	14	12000.0	13.2	3146.0	11.0	3170.2
4796875	132000.0	14	12000.0	13.2	3170.2	11.0	3194.3999999999996
4796910	132000.0	14	12000.0	13.2	3194.4	11.0	3218.6
4796898	132000.0	14	12000.0	13.2	3218.6	11.0	3242.7999999999997
4796979	132000.0	14	12000.0	13.2	3242.8	11.0	3267.0
4797028	132000.0	14	12000.0	13.2	3267.0	11.0	3291.2
4796998	132000.0	14	12000.0	13.2	3291.2	11.0	3315.3999999999996
4797032	132000.0	14	12000.0	13.2	3315.4	11.0	3339.6
4797020	132000.0	14	12000.0	13.2	3339.6	11.0	3363.7999999999997
4797010	132000.0	14	12000.0	13.2	3363.8	11.0	3388.0
4797036	132000.0	14	12000.0	13.2	3388.0	11.0	3412.2
4797037	132000.0	14	12000.0	13.2	3412.2	11.0	3436.3999999999996
4796990	132000.0	14	12000.0	13.2	3436.4	11.0	3460.6
4797039	132000.0	14	12000.0	13.2	3460.6	11.0	3484.7999999999997
4796725	132000.0	15	16000.0	13.2	0	8.25	21.45
4796704	132000.0	15	16000.0	13.2	21.45	8.25	42.9
4796330	132000.0	15	16000.0	13.2	42.9	8.25	64.35
4796712	132000.0	15	16000.0	13.2	64.35	8.25	85.8
4796319	132000.0	15	16000.0	13.2	85.8	8.25	107.25
4796737	132000.0	15	16000.0	13.2	107.25	8.25	128.7
4796743	132000.0	15	16000.0	13.2	128.7	8.25	150.14999999999998
4796317	132000.0	15	16000.0	13.2	150.15	8.25	171.6
4796312	132000.0	15	16000.0	13.2	171.6	8.25	193.04999999999998
4796332	132000.0	15	16000.0	13.2	193.05	8.25	214.5
4796662	132000.0	15	16000.0	13.2	214.5	8.25	235.95
4796663	132000.0	15	16000.0	13.2	235.95	8.25	257.4
4796660	132000.0	15	16000.0	13.2	257.4	8.25	278.84999999999997
4796667	132000.0	15	16000.0	13.2	278.85	8.25	300.3
4796669	132000.0	15	16000.0	13.2	300.3	8.25	321.75
4796670	132000.0	15	16000.0	13.2	321.75	8.25	343.2
4796658	132000.0	15	16000.0	13.2	343.2	8.25	364.65
4796651	132000.0	15	16000.0	13.2	364.65	8.25	386.09999999999997
4796653	132000.0	15	16000.0	13.2	386.1	8.25	407.55
4796689	132000.0	15	16000.0	13.2	407.55	8.25	429.0
4796690	132000.0	15	16000.0	13.2	429.0	8.25	450.45
4796691	132000.0	15	16000.0	13.2	450.45	8.25	471.9
4796687	132000.0	15	16000.0	13.2	471.9	8.25	493.34999999999997
4796698	132000.0	15	16000.0	13.2	493.35	8.25	514.8
4796695	132000.0	15	16000.0	13.2	514.8	8.25	536.25
4796338	132000.0	15	16000.0	13.2	536.25	8.25	557.7
4796681	132000.0	15	16000.0	13.2	557.7	8.25	579.1500000000001
4796642	132000.0	15	16000.0	13.2	579.15	8.25	600.6
4796830	132000.0	15	16000.0	13.2	600.6	8.25	622.0500000000001
4796834	132000.0	15	16000.0	13.2	622.05	8.25	643.5
4796851	132000.0	15	16000.0	13.2	643.5	8.25	664.95
4796856	132000.0	15	16000.0	13.2	664.95	8.25	686.4000000000001
4796857	132000.0	15	16000.0	13.2	686.4	8.25	707.85
4796860	132000.0	15	16000.0	13.2	707.85	8.25	729.3000000000001
4796272	132000.0	15	16000.0	13.2	729.3	8.25	750.75
4796849	132000.0	15	16000.0	13.2	750.75	8.25	772.2
4796835	132000.0	15	16000.0	13.2	772.2	8.25	793.6500000000001
4796847	132000.0	15	16000.0	13.2	793.65	8.25	815.1
4796764	132000.0	15	16000.0	13.2	815.1	8.25	836.5500000000001
4796295	140000.0	15	16000.0	14.0	836.55	8.75	859.3
4796760	132000.0	15	16000.0	13.2	859.3	8.25	880.75
4796757	132000.0	15	16000.0	13.2	880.75	8.25	902.2
4796792	132000.0	15	16000.0	13.2	902.2	8.25	923.6500000000001
4796783	132000.0	15	16000.0	13.2	923.65	8.25	945.1
4796453	132000.0	15	16000.0	13.2	945.1	8.25	966.5500000000001
4796458	132000.0	15	16000.0	13.2	966.55	8.25	988.0
4796438	132000.0	15	16000.0	13.2	988.0	8.25	1009.45
4796357	132000.0	15	16000.0	13.2	1009.45	8.25	1030.9
4796494	132000.0	15	16000.0	13.2	1030.9	8.25	1052.3500000000001
4796469	132000.0	15	16000.0	13.2	1052.35	8.25	1073.8
4796470	132000.0	15	16000.0	13.2	1073.8	8.25	1095.25
4796472	132000.0	15	16000.0	13.2	1095.25	8.25	1116.7
4796476	132000.0	15	16000.0	13.2	1116.7	8.25	1138.15
4796478	132000.0	15	16000.0	13.2	1138.15	8.25	1159.6000000000001
4796391	132000.0	15	16000.0	13.2	1159.6	8.25	1181.05
4796403	132000.0	15	16000.0	13.2	1181.05	8.25	1202.5
4796377	132000.0	15	16000.0	13.2	1202.5	8.25	1223.95
4796419	132000.0	15	16000.0	13.2	1223.95	8.25	1245.4
4796364	132000.0	15	16000.0	13.2	1245.4	8.25	1266.8500000000001
4796415	132000.0	15	16000.0	13.2	1266.85	8.25	1288.3
4796590	132000.0	15	16000.0	13.2	1288.3	8.25	1309.75
4796587	132000.0	15	16000.0	13.2	1309.75	8.25	1331.2
4796601	132000.0	15	16000.0	13.2	1331.2	8.25	1352.65
4796585	132000.0	15	16000.0	13.2	1352.65	8.25	1374.1000000000001
4796583	132000.0	15	16000.0	13.2	1374.1	8.25	1395.55
4796629	132000.0	15	16000.0	13.2	1395.55	8.25	1417.0
4796618	132000.0	15	16000.0	13.2	1417.0	8.25	1438.45
4796565	132000.0	15	16000.0	13.2	1438.45	8.25	1459.9
4796351	132000.0	15	16000.0	13.2	1459.9	8.25	1481.3500000000001
4796566	132000.0	15	16000.0	13.2	1481.35	8.25	1502.8
4796531	132000.0	15	16000.0	13.2	1502.8	8.25	1524.25
4796555	132000.0	15	16000.0	13.2	1524.25	8.25	1545.7
4796562	132000.0	15	16000.0	13.2	1545.7	8.25	1567.15
4796536	132000.0	15	16000.0	13.2	1567.15	8.25	1588.6000000000001
4796538	132000.0	15	16000.0	13.2	1588.6	8.25	1610.05
4796542	132000.0	15	16000.0	13.2	1610.05	8.25	1631.5
4797130	132000.0	15	16000.0	13.2	1631.5	8.25	1652.95
4797126	132000.0	15	16000.0	13.2	1652.95	8.25	1674.4
4797124	132000.0	15	16000.0	13.2	1674.4	8.25	1695.8500000000001
4797112	132000.0	15	16000.0	13.2	1695.85	8.25	1717.3
4797111	132000.0	15	16000.0	13.2	1717.3	8.25	1738.75
4797136	132000.0	15	16000.0	13.2	1738.75	8.25	1760.2
4797159	132000.0	15	16000.0	13.2	1760.2	8.25	1781.65
4797155	132000.0	15	16000.0	13.2	1781.65	8.25	1803.1000000000001
4797146	132000.0	15	16000.0	13.2	1803.1	8.25	1824.55
4797145	132000.0	15	16000.0	13.2	1824.55	8.25	1846.0
4797103	132000.0	15	16000.0	13.2	1846.0	8.25	1867.45
4797066	132000.0	15	16000.0	13.2	1867.45	8.25	1888.9
4797099	132000.0	15	16000.0	13.2	1888.9	8.25	1910.3500000000001
4797081	132000.0	15	16000.0	13.2	1910.35	8.25	1931.8
4797076	132000.0	15	16000.0	13.2	1931.8	8.25	1953.25
4797075	132000.0	15	16000.0	13.2	1953.25	8.25	1974.7
4797264	132000.0	15	16000.0	13.2	1974.7	8.25	1996.15
4797260	132000.0	15	16000.0	13.2	1996.15	8.25	2017.6000000000001
4797259	132000.0	15	16000.0	13.2	2017.6	8.25	2039.05
4797256	132000.0	15	16000.0	13.2	2039.05	8.25	2060.5
4797253	132000.0	15	16000.0	13.2	2060.5	8.25	2081.95
4797252	132000.0	15	16000.0	13.2	2081.95	8.25	2103.3999999999996
4797244	132000.0	15	16000.0	13.2	2103.4	8.25	2124.85
4797239	132000.0	15	16000.0	13.2	2124.85	8.25	2146.2999999999997
4797288	132000.0	15	16000.0	13.2	2146.3	8.25	2167.75
4797287	132000.0	15	16000.0	13.2	2167.75	8.25	2189.2
4797171	132000.0	15	16000.0	13.2	2189.2	8.25	2210.6499999999996
4797233	132000.0	15	16000.0	13.2	2210.65	8.25	2232.1
4797195	132000.0	15	16000.0	13.2	2232.1	8.25	2253.5499999999997
4797180	132000.0	15	16000.0	13.2	2253.55	8.25	2275.0
4797178	132000.0	15	16000.0	13.2	2275.0	8.25	2296.45
4797175	132000.0	15	16000.0	13.2	2296.45	8.25	2317.8999999999996
4797174	132000.0	15	16000.0	13.2	2317.9	8.25	2339.35
4797232	132000.0	15	16000.0	13.2	2339.35	8.25	2360.7999999999997
4797226	132000.0	15	16000.0	13.2	2360.8	8.25	2382.25
4797223	132000.0	15	16000.0	13.2	2382.25	8.25	2403.7
4797217	132000.0	15	16000.0	13.2	2403.7	8.25	2425.1499999999996
4797215	132000.0	15	16000.0	13.2	2425.15	8.25	2446.6
4797213	132000.0	15	16000.0	13.2	2446.6	8.25	2468.0499999999997
4797218	132000.0	15	16000.0	13.2	2468.05	8.25	2489.5
4796946	132000.0	15	16000.0	13.2	2489.5	8.25	2510.95
4796939	132000.0	15	16000.0	13.2	2510.95	8.25	2532.3999999999996
4796950	132000.0	15	16000.0	13.2	2532.4	8.25	2553.85
4796970	132000.0	15	16000.0	13.2	2553.85	8.25	2575.2999999999997
4796962	132000.0	15	16000.0	13.2	2575.3	8.25	2596.75
4796959	132000.0	15	16000.0	13.2	2596.75	8.25	2618.2
4796978	132000.0	15	16000.0	13.2	2618.2	8.25	2639.6499999999996
4796920	132000.0	15	16000.0	13.2	2639.65	8.25	2661.1
4796918	132000.0	15	16000.0	13.2	2661.1	8.25	2682.5499999999997
4796879	132000.0	15	16000.0	13.2	2682.55	8.25	2704.0
4796866	132000.0	15	16000.0	13.2	2704.0	8.25	2725.45
4796889	132000.0	15	16000.0	13.2	2725.45	8.25	2746.8999999999996
4796911	132000.0	15	16000.0	13.2	2746.9	8.25	2768.35
4796903	132000.0	15	16000.0	13.2	2768.35	8.25	2789.7999999999997
4796902	132000.0	15	16000.0	13.2	2789.8	8.25	2811.25
4797025	132000.0	15	16000.0	13.2	2811.25	8.25	2832.7
4797001	132000.0	15	16000.0	13.2	2832.7	8.25	2854.1499999999996
4797004	132000.0	15	16000.0	13.2	2854.15	8.25	2875.6
4796996	132000.0	15	16000.0	13.2	2875.6	8.25	2897.0499999999997
4797007	132000.0	15	16000.0	13.2	2897.05	8.25	2918.5
4797017	132000.0	15	16000.0	13.2	2918.5	8.25	2939.95
4797011	132000.0	15	16000.0	13.2	2939.95	8.25	2961.3999999999996
4797016	132000.0	15	16000.0	13.2	2961.4	8.25	2982.85
4796985	132000.0	15	16000.0	13.2	2982.85	8.25	3004.2999999999997
4796981	132000.0	15	16000.0	13.2	3004.3	8.25	3025.75
4796986	132000.0	15	16000.0	13.2	3025.75	8.25	3047.2
4796992	132000.0	15	16000.0	13.2	3047.2	8.25	3068.6499999999996
4796991	132000.0	15	16000.0	13.2	3068.65	8.25	3090.1
4796984	132000.0	15	16000.0	13.2	3090.1	8.25	3111.5499999999997
4796729	132000.0	16	18000.0	13.2058	0	7.3333	20.5391
4796721	132000.0	16	18000.0	13.2058	20.5391	7.3333	41.0782
4796722	132000.0	16	18000.0	13.2058	41.0782	7.3333	61.61730000000001
4796323	132000.0	16	18000.0	13.2058	61.6173	7.3333	82.15639999999999
4796331	132000.0	16	18000.0	13.2058	82.1564	7.3333	102.6955
4796705	132000.0	16	18000.0	13.2058	102.6955	7.3333	123.23459999999999
4796328	132000.0	16	18000.0	13.2058	123.2346	7.3333	143.77370000000002
4796726	132000.0	16	18000.0	13.2058	143.7737	7.3333	164.3128
4796738	132000.0	16	18000.0	13.2058	164.3128	7.3333	184.85190000000003
4796739	132000.0	16	18000.0	13.2058	184.8519	7.3333	205.39100000000002
4796741	132000.0	16	18000.0	13.2058	205.391	7.3333	225.9301
4796745	132000.0	16	18000.0	13.2058	225.9301	7.3333	246.46920000000003
4796736	132000.0	16	18000.0	13.2058	246.4692	7.3333	267.0083
4796315	132000.0	16	18000.0	13.2058	267.0083	7.3333	287.54740000000004
4796730	132000.0	16	18000.0	13.2058	287.5474	7.3333	308.0865
4796666	132000.0	16	18000.0	13.2058	308.0865	7.3333	328.6256
4796646	132000.0	16	18000.0	13.2058	328.6256	7.3333	349.16470000000004
4796652	132000.0	16	18000.0	13.2058	349.1647	7.3333	369.7038
4796655	132000.0	16	18000.0	13.2058	369.7038	7.3333	390.2429
4796340	132000.0	16	18000.0	13.2058	390.2429	7.3333	410.78200000000004
4796694	132000.0	16	18000.0	13.2058	410.782	7.3333	431.3211
4796697	132000.0	16	18000.0	13.2058	431.3211	7.3333	451.8602
4796686	132000.0	16	18000.0	13.2058	451.8602	7.3333	472.39930000000004
4796680	132000.0	16	18000.0	13.2058	472.3993	7.3333	492.9384
4796672	132000.0	16	18000.0	13.2058	492.9384	7.3333	513.4775
4796822	132000.0	16	18000.0	13.2058	513.4775	7.3333	534.0165999999999
4796284	132000.0	16	18000.0	13.2058	534.0166	7.3333	554.5557
4796288	132000.0	16	18000.0	13.2058	554.5557	7.3333	575.0948
4796812	132000.0	16	18000.0	13.2058	575.0948	7.3333	595.6338999999999
4796815	132000.0	16	18000.0	13.2058	595.6339	7.3333	616.173
4796276	132000.0	16	18000.0	13.2058	616.173	7.3333	636.7121
4796839	132000.0	16	18000.0	13.2058	636.7121	7.3333	657.2511999999999
4796290	132000.0	16	18000.0	13.2058	657.2512	7.3333	677.7903
4796296	132000.0	16	18000.0	13.2058	677.7903	7.3333	698.3294
4796759	132000.0	16	18000.0	13.2058	698.3294	7.3333	718.8684999999999
4796302	132000.0	16	18000.0	13.2058	718.8685	7.3333	739.4076
4796750	132000.0	16	18000.0	13.2058	739.4076	7.3333	759.9467
4796778	132000.0	16	18000.0	13.2058	759.9467	7.3333	780.4857999999999
4796780	132000.0	16	18000.0	13.2058	780.4858	7.3333	801.0249
4796782	132000.0	16	18000.0	13.2058	801.0249	7.3333	821.564
4796776	132000.0	16	18000.0	13.2058	821.564	7.3333	842.1030999999999
4796462	132000.0	16	18000.0	13.2058	842.1031	7.3333	862.6422
4796464	132000.0	16	18000.0	13.2058	862.6422	7.3333	883.1813
4796446	132000.0	16	18000.0	13.2058	883.1813	7.3333	903.7203999999999
4796358	132000.0	16	18000.0	13.2058	903.7204	7.3333	924.2595
4796440	132000.0	16	18000.0	13.2058	924.2595	7.3333	944.7986
4796466	132000.0	16	18000.0	13.2058	944.7986	7.3333	965.3376999999999
4796467	132000.0	16	18000.0	13.2058	965.3377	7.3333	985.8768
4796488	132000.0	16	18000.0	13.2058	985.8768	7.3333	1006.4159
4796485	132000.0	16	18000.0	13.2058	1006.4159	7.3333	1026.955
4796492	132000.0	16	18000.0	13.2058	1026.955	7.3333	1047.4941
4796355	132000.0	16	18000.0	13.2058	1047.4941	7.3333	1068.0331999999999
4796471	132000.0	16	18000.0	13.2058	1068.0332	7.3333	1088.5723
4796434	132000.0	16	18000.0	13.2058	1088.5723	7.3333	1109.1114
4796396	132000.0	16	18000.0	13.2058	1109.1114	7.3333	1129.6505
4796400	132000.0	16	18000.0	13.2058	1129.6505	7.3333	1150.1896
4796401	132000.0	16	18000.0	13.2058	1150.1896	7.3333	1170.7287
4796387	132000.0	16	18000.0	13.2058	1170.7287	7.3333	1191.2677999999999
4796378	132000.0	16	18000.0	13.2058	1191.2678	7.3333	1211.8069
4796379	132000.0	16	18000.0	13.2058	1211.8069	7.3333	1232.346
4796386	132000.0	16	18000.0	13.2058	1232.346	7.3333	1252.8851
4796369	132000.0	16	18000.0	13.2058	1252.8851	7.3333	1273.4242
4796433	132000.0	16	18000.0	13.2058	1273.4242	7.3333	1293.9633
4796363	132000.0	16	18000.0	13.2058	1293.9633	7.3333	1314.5023999999999
4796420	132000.0	16	18000.0	13.2058	1314.5024	7.3333	1335.0415
4796409	132000.0	16	18000.0	13.2058	1335.0415	7.3333	1355.5806
4796410	132000.0	16	18000.0	13.2058	1355.5806	7.3333	1376.1197
4796417	132000.0	16	18000.0	13.2058	1376.1197	7.3333	1396.6588
4796592	132000.0	16	18000.0	13.2058	1396.6588	7.3333	1417.1979
4796596	132000.0	16	18000.0	13.2058	1417.1979	7.3333	1437.7369999999999
4796599	132000.0	16	18000.0	13.2058	1437.737	7.3333	1458.2761
4796569	132000.0	16	18000.0	13.2058	1458.2761	7.3333	1478.8152
4796574	132000.0	16	18000.0	13.2058	1478.8152	7.3333	1499.3543
4796575	132000.0	16	18000.0	13.2058	1499.3543	7.3333	1519.8934
4796568	132000.0	16	18000.0	13.2058	1519.8934	7.3333	1540.4325
4796627	132000.0	16	18000.0	13.2058	1540.4325	7.3333	1560.9715999999999
4796625	132000.0	16	18000.0	13.2058	1560.9716	7.3333	1581.5107
4796631	132000.0	16	18000.0	13.2058	1581.5107	7.3333	1602.0498
4796633	132000.0	16	18000.0	13.2058	1602.0498	7.3333	1622.5889
4796634	132000.0	16	18000.0	13.2058	1622.5889	7.3333	1643.128
4796623	132000.0	16	18000.0	13.2058	1643.128	7.3333	1663.6671
4796609	132000.0	16	18000.0	13.2058	1663.6671	7.3333	1684.2061999999999
4796615	132000.0	16	18000.0	13.2058	1684.2062	7.3333	1704.7453
4796619	132000.0	16	18000.0	13.2058	1704.7453	7.3333	1725.2844
4796604	132000.0	16	18000.0	13.2058	1725.2844	7.3333	1745.8235
4796352	132000.0	16	18000.0	13.2058	1745.8235	7.3333	1766.3626
4796522	132000.0	16	18000.0	13.2058	1766.3626	7.3333	1786.9017
4796506	132000.0	16	18000.0	13.2058	1786.9017	7.3333	1807.4407999999999
4796509	132000.0	16	18000.0	13.2058	1807.4408	7.3333	1827.9799
4796528	132000.0	16	18000.0	13.2058	1827.9799	7.3333	1848.519
4796553	132000.0	16	18000.0	13.2058	1848.519	7.3333	1869.0581
4796557	132000.0	16	18000.0	13.2058	1869.0581	7.3333	1889.5972
4796533	132000.0	16	18000.0	13.2058	1889.5972	7.3333	1910.1363
4796546	132000.0	16	18000.0	13.2058	1910.1363	7.3333	1930.6753999999999
4796530	132000.0	16	18000.0	13.2058	1930.6754	7.3333	1951.2145
4797131	132000.0	16	18000.0	13.2058	1951.2145	7.3333	1971.7536
4797128	132000.0	16	18000.0	13.2058	1971.7536	7.3333	1992.2927
4797113	132000.0	16	18000.0	13.2058	1992.2927	7.3333	2012.8318
4797107	132000.0	16	18000.0	13.2058	2012.8318	7.3333	2033.3709
4797165	132000.0	16	18000.0	13.2058	2033.3709	7.3333	2053.91
4797158	132000.0	16	18000.0	13.2058	2053.91	7.3333	2074.4491
4797154	132000.0	16	18000.0	13.2058	2074.4491	7.3333	2094.9882
4797153	132000.0	16	18000.0	13.2058	2094.9882	7.3333	2115.5272999999997
4797151	132000.0	16	18000.0	13.2058	2115.5273	7.3333	2136.0664
4797147	132000.0	16	18000.0	13.2058	2136.0664	7.3333	2156.6055
4797068	132000.0	16	18000.0	13.2058	2156.6055	7.3333	2177.1446
4797064	132000.0	16	18000.0	13.2058	2177.1446	7.3333	2197.6837
4797046	132000.0	16	18000.0	13.2058	2197.6837	7.3333	2218.2228
4797043	132000.0	16	18000.0	13.2058	2218.2228	7.3333	2238.7619
4797072	132000.0	16	18000.0	13.2058	2238.7619	7.3333	2259.301
4797074	132000.0	16	18000.0	13.2058	2259.301	7.3333	2279.8401
4797093	132000.0	16	18000.0	13.2058	2279.8401	7.3333	2300.3792
4797092	132000.0	16	18000.0	13.2058	2300.3792	7.3333	2320.9183
4797090	132000.0	16	18000.0	13.2058	2320.9183	7.3333	2341.4574
4797084	132000.0	16	18000.0	13.2058	2341.4574	7.3333	2361.9964999999997
4797080	132000.0	16	18000.0	13.2058	2361.9965	7.3333	2382.5356
4797170	132000.0	16	18000.0	13.2058	2382.5356	7.3333	2403.0747
4797172	132000.0	16	18000.0	13.2058	2403.0747	7.3333	2423.6138
4797263	132000.0	16	18000.0	13.2058	2423.6138	7.3333	2444.1529
4797262	132000.0	16	18000.0	13.2058	2444.1529	7.3333	2464.692
4797261	132000.0	16	18000.0	13.2058	2464.692	7.3333	2485.2311
4797258	132000.0	16	18000.0	13.2058	2485.2311	7.3333	2505.7702
4797246	132000.0	16	18000.0	13.2058	2505.7702	7.3333	2526.3093
4797241	132000.0	16	18000.0	13.2058	2526.3093	7.3333	2546.8484
4797250	132000.0	16	18000.0	13.2058	2546.8484	7.3333	2567.3875
4797236	132000.0	16	18000.0	13.2058	2567.3875	7.3333	2587.9266
4797268	132000.0	16	18000.0	13.2058	2587.9266	7.3333	2608.4656999999997
4797295	132000.0	16	18000.0	13.2058	2608.4657	7.3333	2629.0048
4797292	132000.0	16	18000.0	13.2058	2629.0048	7.3333	2649.5439
4797286	132000.0	16	18000.0	13.2058	2649.5439	7.3333	2670.083
4797267	132000.0	16	18000.0	13.2058	2670.083	7.3333	2690.6221
4797276	132000.0	16	18000.0	13.2058	2690.6221	7.3333	2711.1612
4797274	132000.0	16	18000.0	13.2058	2711.1612	7.3333	2731.7003
4797273	132000.0	16	18000.0	13.2058	2731.7003	7.3333	2752.2394
4797200	132000.0	16	18000.0	13.2058	2752.2394	7.3333	2772.7785
4797191	132000.0	16	18000.0	13.2058	2772.7785	7.3333	2793.3176
4797221	132000.0	16	18000.0	13.2058	2793.3176	7.3333	2813.8567
4797220	132000.0	16	18000.0	13.2058	2813.8567	7.3333	2834.3958
4797212	132000.0	16	18000.0	13.2058	2834.3958	7.3333	2854.9348999999997
4797210	132000.0	16	18000.0	13.2058	2854.9349	7.3333	2875.474
4797205	132000.0	16	18000.0	13.2058	2875.474	7.3333	2896.0131
4796944	132000.0	16	18000.0	13.2058	2896.0131	7.3333	2916.5522
4796942	132000.0	16	18000.0	13.2058	2916.5522	7.3333	2937.0913
4796935	132000.0	16	18000.0	13.2058	2937.0913	7.3333	2957.6304
4796932	132000.0	16	18000.0	13.2058	2957.6304	7.3333	2978.1695
4796929	132000.0	16	18000.0	13.2058	2978.1695	7.3333	2998.7086
4796927	132000.0	16	18000.0	13.2058	2998.7086	7.3333	3019.2477
4796969	132000.0	16	18000.0	13.2058	3019.2477	7.3333	3039.7868
4796880	132000.0	16	18000.0	13.2058	3039.7868	7.3333	3060.3259
4796874	132000.0	16	18000.0	13.2058	3060.3259	7.3333	3080.865
4796873	132000.0	16	18000.0	13.2058	3080.865	7.3333	3101.4040999999997
4796871	132000.0	16	18000.0	13.2058	3101.4041	7.3333	3121.9432
4796869	132000.0	16	18000.0	13.2058	3121.9432	7.3333	3142.4823
4796888	132000.0	16	18000.0	13.2058	3142.4823	7.3333	3163.0214
4796891	132000.0	16	18000.0	13.2058	3163.0214	7.3333	3183.5605
4796916	132000.0	16	18000.0	13.2058	3183.5605	7.3333	3204.0996
4796912	132000.0	16	18000.0	13.2058	3204.0996	7.3333	3224.6387
4796906	132000.0	16	18000.0	13.2058	3224.6387	7.3333	3245.1778
4796895	132000.0	16	18000.0	13.2058	3245.1778	7.3333	3265.7169
4797005	132000.0	16	18000.0	13.2058	3265.7169	7.3333	3286.256
4797015	132000.0	16	18000.0	13.2058	3286.256	7.3333	3306.7951
4797014	132000.0	16	18000.0	13.2058	3306.7951	7.3333	3327.3342
4797009	132000.0	16	18000.0	13.2058	3327.3342	7.3333	3347.8732999999997
4797022	132000.0	16	18000.0	13.2058	3347.8733	7.3333	3368.4124
4796995	132000.0	16	18000.0	13.2058	3368.4124	7.3333	3388.9515
4796994	132000.0	16	18000.0	13.2058	3388.9515	7.3333	3409.4906
4796982	132000.0	16	18000.0	13.2058	3409.4906	7.3333	3430.0297
4797167	132000.0	17	24000.0	13.2058	0	5.5	18.7058
4796717	132000.0	17	24000.0	13.2058	18.7058	5.5	37.4116
4796740	132000.0	17	24000.0	13.2058	37.4116	5.5	56.1174
4796744	132000.0	17	24000.0	13.2058	56.1174	5.5	74.8232
4796314	132000.0	17	24000.0	13.2058	74.8232	5.5	93.529
4796311	132000.0	17	24000.0	13.2058	93.529	5.5	112.23479999999999
4796703	132000.0	17	24000.0	13.2058	112.2348	5.5	130.94060000000002
4796702	132000.0	17	24000.0	13.2058	130.9406	5.5	149.6464
4796701	132000.0	17	24000.0	13.2058	149.6464	5.5	168.3522
4796661	132000.0	17	24000.0	13.2058	168.3522	5.5	187.05800000000002
4796657	132000.0	17	24000.0	13.2058	187.058	5.5	205.7638
4796649	132000.0	17	24000.0	13.2058	205.7638	5.5	224.4696
4796344	132000.0	17	24000.0	13.2058	224.4696	5.5	243.17540000000002
4796699	132000.0	17	24000.0	13.2058	243.1754	5.5	261.8812
4796676	132000.0	17	24000.0	13.2058	261.8812	5.5	280.587
4796682	132000.0	17	24000.0	13.2058	280.587	5.5	299.2928
4796336	132000.0	17	24000.0	13.2058	299.2928	5.5	317.9986
4796685	132000.0	17	24000.0	13.2058	317.9986	5.5	336.7044
4796283	132000.0	17	24000.0	13.2058	336.7044	5.5	355.41020000000003
4796833	132000.0	17	24000.0	13.2058	355.4102	5.5	374.116
4796286	132000.0	17	24000.0	13.2058	374.116	5.5	392.8218
4796811	132000.0	17	24000.0	13.2058	392.8218	5.5	411.5276
4796813	132000.0	17	24000.0	13.2058	411.5276	5.5	430.2334
4796820	132000.0	17	24000.0	13.2058	430.2334	5.5	448.9392
4796275	132000.0	17	24000.0	13.2058	448.9392	5.5	467.64500000000004
4796273	132000.0	17	24000.0	13.2058	467.645	5.5	486.3508
4796836	132000.0	17	24000.0	13.2058	486.3508	5.5	505.0566
4796838	132000.0	17	24000.0	13.2058	505.0566	5.5	523.7624
4796278	132000.0	17	24000.0	13.2058	523.7624	5.5	542.4681999999999
4796846	132000.0	17	24000.0	13.2058	542.4682	5.5	561.174
4796848	132000.0	17	24000.0	13.2058	561.174	5.5	579.8797999999999
4796289	132000.0	17	24000.0	13.2058	579.8798	5.5	598.5856
4796808	179000.0	17	24000.0	17.9058	598.5856	7.4583	623.9497
4796766	132000.0	17	24000.0	13.2058	623.9497	5.5	642.6555
4796767	132000.0	17	24000.0	13.2058	642.6555	5.5	661.3612999999999
4796770	132000.0	17	24000.0	13.2058	661.3613	5.5	680.0671
4796771	132000.0	17	24000.0	13.2058	680.0671	5.5	698.7728999999999
4796768	132000.0	17	24000.0	13.2058	698.7729	5.5	717.4787
4796755	132000.0	17	24000.0	13.2058	717.4787	5.5	736.1845
4796758	132000.0	17	24000.0	13.2058	736.1845	5.5	754.8902999999999
4796774	132000.0	17	24000.0	13.2058	754.8903	5.5	773.5961
4796291	132000.0	17	24000.0	13.2058	773.5961	5.5	792.3018999999999
4796795	132000.0	17	24000.0	13.2058	792.3019	5.5	811.0077
4796799	132000.0	17	24000.0	13.2058	811.0077	5.5	829.7135
4796803	132000.0	17	24000.0	13.2058	829.7135	5.5	848.4192999999999
4796793	132000.0	17	24000.0	13.2058	848.4193	5.5	867.1251
4796294	132000.0	17	24000.0	13.2058	867.1251	5.5	885.8308999999999
4796781	132000.0	17	24000.0	13.2058	885.8309	5.5	904.5367
4796785	132000.0	17	24000.0	13.2058	904.5367	5.5	923.2425
4796788	132000.0	17	24000.0	13.2058	923.2425	5.5	941.9482999999999
4796790	132000.0	17	24000.0	13.2058	941.9483	5.5	960.6541
4796639	132000.0	17	24000.0	13.2058	960.6541	5.5	979.3598999999999
4796455	132000.0	17	24000.0	13.2058	979.3599	5.5	998.0657
4796459	132000.0	17	24000.0	13.2058	998.0657	5.5	1016.7715
4796460	132000.0	17	24000.0	13.2058	1016.7715	5.5	1035.4773
4796461	132000.0	17	24000.0	13.2058	1035.4773	5.5	1054.1831
4796359	132000.0	17	24000.0	13.2058	1054.1831	5.5	1072.8889
4796437	132000.0	17	24000.0	13.2058	1072.8889	5.5	1091.5946999999999
4796439	132000.0	17	24000.0	13.2058	1091.5947	5.5	1110.3005
4796487	132000.0	17	24000.0	13.2058	1110.3005	5.5	1129.0063
4796490	132000.0	17	24000.0	13.2058	1129.0063	5.5	1147.7121
4796491	132000.0	17	24000.0	13.2058	1147.7121	5.5	1166.4179
4796493	132000.0	17	24000.0	13.2058	1166.4179	5.5	1185.1236999999999
4796483	132000.0	17	24000.0	13.2058	1185.1237	5.5	1203.8295
4796468	132000.0	17	24000.0	13.2058	1203.8295	5.5	1222.5353
4796473	132000.0	17	24000.0	13.2058	1222.5353	5.5	1241.2411
4796477	132000.0	17	24000.0	13.2058	1241.2411	5.5	1259.9469
4796397	132000.0	17	24000.0	13.2058	1259.9469	5.5	1278.6526999999999
4796399	132000.0	17	24000.0	13.2058	1278.6527	5.5	1297.3585
4796402	132000.0	17	24000.0	13.2058	1297.3585	5.5	1316.0643
4796376	132000.0	17	24000.0	13.2058	1316.0643	5.5	1334.7701
4796381	132000.0	17	24000.0	13.2058	1334.7701	5.5	1353.4759
4796385	132000.0	17	24000.0	13.2058	1353.4759	5.5	1372.1816999999999
4796423	132000.0	17	24000.0	13.2058	1372.1817	5.5	1390.8875
4796362	132000.0	17	24000.0	13.2058	1390.8875	5.5	1409.5933
4796407	132000.0	17	24000.0	13.2058	1409.5933	5.5	1428.2991
4796502	132000.0	17	24000.0	13.2058	1428.2991	5.5	1447.0049
4796593	132000.0	17	24000.0	13.2058	1447.0049	5.5	1465.7106999999999
4796597	132000.0	17	24000.0	13.2058	1465.7107	5.5	1484.4165
4796570	132000.0	17	24000.0	13.2058	1484.4165	5.5	1503.1223
4796572	132000.0	17	24000.0	13.2058	1503.1223	5.5	1521.8281
4796573	132000.0	17	24000.0	13.2058	1521.8281	5.5	1540.5339
4796638	132000.0	17	24000.0	13.2058	1540.5339	5.5	1559.2396999999999
4796607	132000.0	17	24000.0	13.2058	1559.2397	5.5	1577.9455
4796349	132000.0	17	24000.0	13.2058	1577.9455	5.5	1596.6513
4796526	132000.0	17	24000.0	13.2058	1596.6513	5.5	1615.3571
4796347	132000.0	17	24000.0	13.2058	1615.3571	5.5	1634.0629
4796519	132000.0	17	24000.0	13.2058	1634.0629	5.5	1652.7686999999999
4796508	132000.0	17	24000.0	13.2058	1652.7687	5.5	1671.4745
4796510	132000.0	17	24000.0	13.2058	1671.4745	5.5	1690.1803
4796512	132000.0	17	24000.0	13.2058	1690.1803	5.5	1708.8861
4796518	132000.0	17	24000.0	13.2058	1708.8861	5.5	1727.5919
4796551	132000.0	17	24000.0	13.2058	1727.5919	5.5	1746.2976999999998
4796552	132000.0	17	24000.0	13.2058	1746.2977	5.5	1765.0035
4796556	132000.0	17	24000.0	13.2058	1765.0035	5.5	1783.7093
4796563	132000.0	17	24000.0	13.2058	1783.7093	5.5	1802.4151
4796537	132000.0	17	24000.0	13.2058	1802.4151	5.5	1821.1209
4796545	132000.0	17	24000.0	13.2058	1821.1209	5.5	1839.8266999999998
4797135	132000.0	17	24000.0	13.2058	1839.8267	5.5	1858.5325
4797119	132000.0	17	24000.0	13.2058	1858.5325	5.5	1877.2383
4797110	132000.0	17	24000.0	13.2058	1877.2383	5.5	1895.9441
4797108	132000.0	17	24000.0	13.2058	1895.9441	5.5	1914.6499
4797166	132000.0	17	24000.0	13.2058	1914.6499	5.5	1933.3556999999998
4797149	132000.0	17	24000.0	13.2058	1933.3557	5.5	1952.0615
4797139	132000.0	17	24000.0	13.2058	1952.0615	5.5	1970.7673
4797152	132000.0	17	24000.0	13.2058	1970.7673	5.5	1989.4731
4797067	132000.0	17	24000.0	13.2058	1989.4731	5.5	2008.1788999999999
4797062	132000.0	17	24000.0	13.2058	2008.1789	5.5	2026.8847
4797052	132000.0	17	24000.0	13.2058	2026.8847	5.5	2045.5905
4797104	132000.0	17	24000.0	13.2058	2045.5905	5.5	2064.2963
4797095	132000.0	17	24000.0	13.2058	2064.2963	5.5	2083.0021
4797094	132000.0	17	24000.0	13.2058	2083.0021	5.5	2101.7079000000003
4797042	132000.0	17	24000.0	13.2058	2101.7079	5.5	2120.4137
4797254	132000.0	17	24000.0	13.2058	2120.4137	5.5	2139.1195000000002
4797290	132000.0	17	24000.0	13.2058	2139.1195	5.5	2157.8253
4797285	132000.0	17	24000.0	13.2058	2157.8253	5.5	2176.5311
4797284	132000.0	17	24000.0	13.2058	2176.5311	5.5	2195.2369000000003
4797283	132000.0	17	24000.0	13.2058	2195.2369	5.5	2213.9427
4797275	132000.0	17	24000.0	13.2058	2213.9427	5.5	2232.6485000000002
4797271	132000.0	17	24000.0	13.2058	2232.6485	5.5	2251.3543
4797269	132000.0	17	24000.0	13.2058	2251.3543	5.5	2270.0601
4797194	132000.0	17	24000.0	13.2058	2270.0601	5.5	2288.7659000000003
4797187	132000.0	17	24000.0	13.2058	2288.7659	5.5	2307.4717
4797184	132000.0	17	24000.0	13.2058	2307.4717	5.5	2326.1775000000002
4797222	132000.0	17	24000.0	13.2058	2326.1775	5.5	2344.8833
4797216	132000.0	17	24000.0	13.2058	2344.8833	5.5	2363.5891
4797211	132000.0	17	24000.0	13.2058	2363.5891	5.5	2382.2949000000003
4797209	132000.0	17	24000.0	13.2058	2382.2949	5.5	2401.0007
4796937	132000.0	17	24000.0	13.2058	2401.0007	5.5	2419.7065000000002
4796933	132000.0	17	24000.0	13.2058	2419.7065	5.5	2438.4123
4796930	132000.0	17	24000.0	13.2058	2438.4123	5.5	2457.1181
4796925	132000.0	17	24000.0	13.2058	2457.1181	5.5	2475.8239000000003
4796924	132000.0	17	24000.0	13.2058	2475.8239	5.5	2494.5297
4796922	132000.0	17	24000.0	13.2058	2494.5297	5.5	2513.2355000000002
4796977	132000.0	17	24000.0	13.2058	2513.2355	5.5	2531.9413
4796976	132000.0	17	24000.0	13.2058	2531.9413	5.5	2550.6471
4796974	132000.0	17	24000.0	13.2058	2550.6471	5.5	2569.3529000000003
4796967	132000.0	17	24000.0	13.2058	2569.3529	5.5	2588.0587
4796954	132000.0	17	24000.0	13.2058	2588.0587	5.5	2606.7645
4796952	132000.0	17	24000.0	13.2058	2606.7645	5.5	2625.4703000000004
4796887	132000.0	17	24000.0	13.2058	2625.4703	5.5	2644.1761
4796885	132000.0	17	24000.0	13.2058	2644.1761	5.5	2662.8819000000003
4796882	132000.0	17	24000.0	13.2058	2662.8819	5.5	2681.5877
4796867	132000.0	17	24000.0	13.2058	2681.5877	5.5	2700.2935
4796271	132000.0	17	24000.0	13.2058	2700.2935	5.5	2718.9993000000004
4796865	132000.0	17	24000.0	13.2058	2718.9993	5.5	2737.7051
4796907	132000.0	17	24000.0	13.2058	2737.7051	5.5	2756.4109000000003
4796905	132000.0	17	24000.0	13.2058	2756.4109	5.5	2775.1167
4796900	132000.0	17	24000.0	13.2058	2775.1167	5.5	2793.8225
4796894	132000.0	17	24000.0	13.2058	2793.8225	5.5	2812.5283000000004
4796893	132000.0	17	24000.0	13.2058	2812.5283	5.5	2831.2341
4797003	132000.0	17	24000.0	13.2058	2831.2341	5.5	2849.9399000000003
4797026	132000.0	17	24000.0	13.2058	2849.9399	5.5	2868.6457
4797027	132000.0	17	24000.0	13.2058	2868.6457	5.5	2887.3515
4797002	132000.0	17	24000.0	13.2058	2887.3515	5.5	2906.0573000000004
4797029	132000.0	17	24000.0	13.2058	2906.0573	5.5	2924.7631
4797030	132000.0	17	24000.0	13.2058	2924.7631	5.5	2943.4689000000003
4796980	132000.0	17	24000.0	13.2058	2943.4689	5.5	2962.1747
4797006	132000.0	17	24000.0	13.2058	2962.1747	5.5	2980.8805
4796993	132000.0	17	24000.0	13.2058	2980.8805	5.5	2999.5863000000004
4796983	132000.0	17	24000.0	13.2058	2999.5863	5.5	3018.2921
4796326	132000.0	18	30000.0	13.2058	0	4.4	17.605800000000002
4796329	132000.0	18	30000.0	13.2058	17.6058	4.4	35.2116
4796710	132000.0	18	30000.0	13.2058	35.2116	4.4	52.8174
4796742	132000.0	18	30000.0	13.2058	52.8174	4.4	70.42320000000001
4796731	132000.0	18	30000.0	13.2058	70.4232	4.4	88.029
4796664	132000.0	18	30000.0	13.2058	88.029	4.4	105.6348
4796665	132000.0	18	30000.0	13.2058	105.6348	4.4	123.2406
4796342	132000.0	18	30000.0	13.2058	123.2406	4.4	140.84640000000002
4796671	132000.0	18	30000.0	13.2058	140.8464	4.4	158.4522
4796643	132000.0	18	30000.0	13.2058	158.4522	4.4	176.05800000000002
4796644	132000.0	18	30000.0	13.2058	176.058	4.4	193.6638
4796654	132000.0	18	30000.0	13.2058	193.6638	4.4	211.26960000000003
4796656	132000.0	18	30000.0	13.2058	211.2696	4.4	228.8754
4796673	132000.0	18	30000.0	13.2058	228.8754	4.4	246.48120000000003
4796688	132000.0	18	30000.0	13.2058	246.4812	4.4	264.087
4796696	132000.0	18	30000.0	13.2058	264.087	4.4	281.6928
4796675	132000.0	18	30000.0	13.2058	281.6928	4.4	299.29859999999996
4796679	132000.0	18	30000.0	13.2058	299.2986	4.4	316.9044
4796684	132000.0	18	30000.0	13.2058	316.9044	4.4	334.5102
4796748	132000.0	18	30000.0	13.2058	334.5102	4.4	352.116
4796304	132000.0	18	30000.0	13.2058	352.116	4.4	369.7218
4796824	132000.0	18	30000.0	13.2058	369.7218	4.4	387.32759999999996
4796825	132000.0	18	30000.0	13.2058	387.3276	4.4	404.9334
4796281	132000.0	18	30000.0	13.2058	404.9334	4.4	422.5392
4796831	132000.0	18	30000.0	13.2058	422.5392	4.4	440.145
4796809	132000.0	18	30000.0	13.2058	440.145	4.4	457.75079999999997
4796821	132000.0	18	30000.0	13.2058	457.7508	4.4	475.3566
4796814	132000.0	18	30000.0	13.2058	475.3566	4.4	492.9624
4796816	132000.0	18	30000.0	13.2058	492.9624	4.4	510.5682
4796280	132000.0	18	30000.0	13.2058	510.5682	4.4	528.174
4796852	132000.0	18	30000.0	13.2058	528.174	4.4	545.7797999999999
4796858	132000.0	18	30000.0	13.2058	545.7798	4.4	563.3856
4796277	132000.0	18	30000.0	13.2058	563.3856	4.4	580.9913999999999
4796837	132000.0	18	30000.0	13.2058	580.9914	4.4	598.5971999999999
4796840	132000.0	18	30000.0	13.2058	598.5972	4.4	616.203
4796845	132000.0	18	30000.0	13.2058	616.203	4.4	633.8087999999999
4796772	132000.0	18	30000.0	13.2058	633.8088	4.4	651.4146
4796761	132000.0	18	30000.0	13.2058	651.4146	4.4	669.0203999999999
4796303	132000.0	18	30000.0	13.2058	669.0204	4.4	686.6261999999999
4796756	132000.0	18	30000.0	13.2058	686.6262	4.4	704.232
4796749	132000.0	18	30000.0	13.2058	704.232	4.4	721.8377999999999
4796797	132000.0	18	30000.0	13.2058	721.8378	4.4	739.4436
4796800	132000.0	18	30000.0	13.2058	739.4436	4.4	757.0493999999999
4796791	132000.0	18	30000.0	13.2058	757.0494	4.4	774.6551999999999
4796293	132000.0	18	30000.0	13.2058	774.6552	4.4	792.261
4796779	132000.0	18	30000.0	13.2058	792.261	4.4	809.8667999999999
4796787	132000.0	18	30000.0	13.2058	809.8668	4.4	827.4725999999999
4796454	132000.0	18	30000.0	13.2058	827.4726	4.4	845.0784
4796463	132000.0	18	30000.0	13.2058	845.0784	4.4	862.6841999999999
4796356	132000.0	18	30000.0	13.2058	862.6842	4.4	880.29
4796441	132000.0	18	30000.0	13.2058	880.29	4.4	897.8957999999999
4796465	132000.0	18	30000.0	13.2058	897.8958	4.4	915.5015999999999
4796489	132000.0	18	30000.0	13.2058	915.5016	4.4	933.1074
4796499	132000.0	18	30000.0	13.2058	933.1074	4.4	950.7131999999999
4796475	132000.0	18	30000.0	13.2058	950.7132	4.4	968.319
4796480	132000.0	18	30000.0	13.2058	968.319	4.4	985.9247999999999
4796482	132000.0	18	30000.0	13.2058	985.9248	4.4	1003.5305999999999
4796361	132000.0	18	30000.0	13.2058	1003.5306	4.4	1021.1364
4796392	132000.0	18	30000.0	13.2058	1021.1364	4.4	1038.7422000000001
4796393	132000.0	18	30000.0	13.2058	1038.7422	4.4	1056.348
4796389	132000.0	18	30000.0	13.2058	1056.348	4.4	1073.9538
4796388	132000.0	18	30000.0	13.2058	1073.9538	4.4	1091.5596
4796374	132000.0	18	30000.0	13.2058	1091.5596	4.4	1109.1654
4796380	132000.0	18	30000.0	13.2058	1109.1654	4.4	1126.7712000000001
4796382	132000.0	18	30000.0	13.2058	1126.7712	4.4	1144.377
4796383	132000.0	18	30000.0	13.2058	1144.377	4.4	1161.9828
4796370	132000.0	18	30000.0	13.2058	1161.9828	4.4	1179.5886
4796430	132000.0	18	30000.0	13.2058	1179.5886	4.4	1197.1944
4796408	132000.0	18	30000.0	13.2058	1197.1944	4.4	1214.8002000000001
4796413	132000.0	18	30000.0	13.2058	1214.8002	4.4	1232.406
4796366	132000.0	18	30000.0	13.2058	1232.406	4.4	1250.0118
4796418	132000.0	18	30000.0	13.2058	1250.0118	4.4	1267.6176
4796406	132000.0	18	30000.0	13.2058	1267.6176	4.4	1285.2234
4796598	132000.0	18	30000.0	13.2058	1285.2234	4.4	1302.8292000000001
4796571	132000.0	18	30000.0	13.2058	1302.8292	4.4	1320.435
4796345	132000.0	18	30000.0	13.2058	1320.435	4.4	1338.0408
4796630	132000.0	18	30000.0	13.2058	1338.0408	4.4	1355.6466
4796624	132000.0	18	30000.0	13.2058	1355.6466	4.4	1373.2524
4796606	132000.0	18	30000.0	13.2058	1373.2524	4.4	1390.8582000000001
4796610	132000.0	18	30000.0	13.2058	1390.8582	4.4	1408.464
4796611	132000.0	18	30000.0	13.2058	1408.464	4.4	1426.0698
4796613	132000.0	18	30000.0	13.2058	1426.0698	4.4	1443.6756
4796617	132000.0	18	30000.0	13.2058	1443.6756	4.4	1461.2814
4796620	132000.0	18	30000.0	13.2058	1461.2814	4.4	1478.8872000000001
4796372	132000.0	18	30000.0	13.2058	1478.8872	4.4	1496.493
4796353	132000.0	18	30000.0	13.2058	1496.493	4.4	1514.0988
4796520	132000.0	18	30000.0	13.2058	1514.0988	4.4	1531.7046
4796505	132000.0	18	30000.0	13.2058	1531.7046	4.4	1549.3104
4796507	132000.0	18	30000.0	13.2058	1549.3104	4.4	1566.9162000000001
4796514	132000.0	18	30000.0	13.2058	1566.9162	4.4	1584.522
4796554	132000.0	18	30000.0	13.2058	1584.522	4.4	1602.1278
4796559	132000.0	18	30000.0	13.2058	1602.1278	4.4	1619.7336
4796535	132000.0	18	30000.0	13.2058	1619.7336	4.4	1637.3394
4796539	132000.0	18	30000.0	13.2058	1637.3394	4.4	1654.9452
4796862	132000.0	18	30000.0	13.2058	1654.9452	4.4	1672.5510000000002
4796861	132000.0	18	30000.0	13.2058	1672.551	4.4	1690.1568
4797118	132000.0	18	30000.0	13.2058	1690.1568	4.4	1707.7626
4797138	132000.0	18	30000.0	13.2058	1707.7626	4.4	1725.3684
4797164	132000.0	18	30000.0	13.2058	1725.3684	4.4	1742.9742
4797163	132000.0	18	30000.0	13.2058	1742.9742	4.4	1760.5800000000002
4797162	132000.0	18	30000.0	13.2058	1760.58	4.4	1778.1858
4797160	158000.0	18	30000.0	15.8058	1778.1858	5.2667	1799.2583
4797142	132000.0	18	30000.0	13.2058	1799.2583	4.4	1816.8641
4797141	132000.0	18	30000.0	13.2058	1816.8641	4.4	1834.4699
4797063	132000.0	18	30000.0	13.2058	1834.4699	4.4	1852.0757
4797053	132000.0	18	30000.0	13.2058	1852.0757	4.4	1869.6815000000001
4797050	132000.0	18	30000.0	13.2058	1869.6815	4.4	1887.2873
4797047	132000.0	18	30000.0	13.2058	1887.2873	4.4	1904.8931
4797045	132000.0	18	30000.0	13.2058	1904.8931	4.4	1922.4989
4797056	132000.0	18	30000.0	13.2058	1922.4989	4.4	1940.1047
4797097	132000.0	18	30000.0	13.2058	1940.1047	4.4	1957.7105000000001
4797073	132000.0	18	30000.0	13.2058	1957.7105	4.4	1975.3163
4797079	132000.0	18	30000.0	13.2058	1975.3163	4.4	1992.9221
4797078	132000.0	18	30000.0	13.2058	1992.9221	4.4	2010.5279
4797265	132000.0	18	30000.0	13.2058	2010.5279	4.4	2028.1337
4797251	132000.0	18	30000.0	13.2058	2028.1337	4.4	2045.7395000000001
4797245	132000.0	18	30000.0	13.2058	2045.7395	4.4	2063.3453
4797243	132000.0	18	30000.0	13.2058	2063.3453	4.4	2080.9511
4797238	132000.0	18	30000.0	13.2058	2080.9511	4.4	2098.5569000000005
4797294	132000.0	18	30000.0	13.2058	2098.5569	4.4	2116.1627000000003
4797289	132000.0	18	30000.0	13.2058	2116.1627	4.4	2133.7685
4797278	132000.0	18	30000.0	13.2058	2133.7685	4.4	2151.3743000000004
4797282	132000.0	18	30000.0	13.2058	2151.3743	4.4	2168.9801
4797197	132000.0	18	30000.0	13.2058	2168.9801	4.4	2186.5859000000005
4797176	132000.0	18	30000.0	13.2058	2186.5859	4.4	2204.1917000000003
4797229	132000.0	18	30000.0	13.2058	2204.1917	4.4	2221.7975
4797227	132000.0	18	30000.0	13.2058	2221.7975	4.4	2239.4033000000004
4797225	132000.0	18	30000.0	13.2058	2239.4033	4.4	2257.0091
4797224	132000.0	18	30000.0	13.2058	2257.0091	4.4	2274.6149000000005
4797219	132000.0	18	30000.0	13.2058	2274.6149	4.4	2292.2207000000003
4797207	132000.0	18	30000.0	13.2058	2292.2207	4.4	2309.8265
4797206	132000.0	18	30000.0	13.2058	2309.8265	4.4	2327.4323000000004
4797041	132000.0	18	30000.0	13.2058	2327.4323	4.4	2345.0381
4797071	132000.0	18	30000.0	13.2058	2345.0381	4.4	2362.6439000000005
4797040	132000.0	18	30000.0	13.2058	2362.6439	4.4	2380.2497000000003
4796940	132000.0	18	30000.0	13.2058	2380.2497	4.4	2397.8555
4796936	132000.0	18	30000.0	13.2058	2397.8555	4.4	2415.4613000000004
4796973	132000.0	18	30000.0	13.2058	2415.4613	4.4	2433.0671
4796968	132000.0	18	30000.0	13.2058	2433.0671	4.4	2450.6729000000005
4796963	132000.0	18	30000.0	13.2058	2450.6729	4.4	2468.2787000000003
4796958	132000.0	18	30000.0	13.2058	2468.2787	4.4	2485.8845
4796953	132000.0	18	30000.0	13.2058	2485.8845	4.4	2503.4903000000004
4796884	132000.0	18	30000.0	13.2058	2503.4903	4.4	2521.0961
4796877	132000.0	18	30000.0	13.2058	2521.0961	4.4	2538.7019000000005
4796876	132000.0	18	30000.0	13.2058	2538.7019	4.4	2556.3077000000003
4796868	132000.0	18	30000.0	13.2058	2556.3077	4.4	2573.9135
4796270	132000.0	18	30000.0	13.2058	2573.9135	4.4	2591.5193000000004
4796917	132000.0	18	30000.0	13.2058	2591.5193	4.4	2609.1251
4796915	132000.0	18	30000.0	13.2058	2609.1251	4.4	2626.7309000000005
4796909	132000.0	18	30000.0	13.2058	2626.7309	4.4	2644.3367000000003
4796919	132000.0	18	30000.0	13.2058	2644.3367	4.4	2661.9425
4796899	132000.0	18	30000.0	13.2058	2661.9425	4.4	2679.5483000000004
4796904	132000.0	18	30000.0	13.2058	2679.5483	4.4	2697.1541
4796371	132000.0	18	30000.0	13.2058	2697.1541	4.4	2714.7599000000005
4796999	132000.0	18	30000.0	13.2058	2714.7599	4.4	2732.3657000000003
4797031	132000.0	18	30000.0	13.2058	2732.3657	4.4	2749.9715
4796997	132000.0	18	30000.0	13.2058	2749.9715	4.4	2767.5773000000004
4797000	132000.0	18	30000.0	13.2058	2767.5773	4.4	2785.1831
4797019	132000.0	18	30000.0	13.2058	2785.1831	4.4	2802.7889000000005
4797024	132000.0	18	30000.0	13.2058	2802.7889	4.4	2820.3947000000003
4797021	132000.0	18	30000.0	13.2058	2820.3947	4.4	2838.0005
4796988	132000.0	18	30000.0	13.2058	2838.0005	4.4	2855.6063000000004
4796987	132000.0	18	30000.0	13.2058	2855.6063	4.4	2873.2121
4796309	132000.0	19	30000.0	13.2058	0	4.4	17.605800000000002
4796307	132000.0	19	30000.0	13.2058	17.6058	4.4	35.2116
4796734	132000.0	19	30000.0	13.2058	35.2116	4.4	52.8174
4796318	132000.0	19	30000.0	13.2058	52.8174	4.4	70.42320000000001
4796727	132000.0	19	30000.0	13.2058	70.4232	4.4	88.029
4796728	132000.0	19	30000.0	13.2058	88.029	4.4	105.6348
4796316	132000.0	19	30000.0	13.2058	105.6348	4.4	123.2406
4796313	132000.0	19	30000.0	13.2058	123.2406	4.4	140.84640000000002
4796732	132000.0	19	30000.0	13.2058	140.8464	4.4	158.4522
4796668	132000.0	19	30000.0	13.2058	158.4522	4.4	176.05800000000002
4796647	132000.0	19	30000.0	13.2058	176.058	4.4	193.6638
4796693	132000.0	19	30000.0	13.2058	193.6638	4.4	211.26960000000003
4796334	132000.0	19	30000.0	13.2058	211.2696	4.4	228.8754
4796674	132000.0	19	30000.0	13.2058	228.8754	4.4	246.48120000000003
4796678	132000.0	19	30000.0	13.2058	246.4812	4.4	264.087
4796827	132000.0	19	30000.0	13.2058	264.087	4.4	281.6928
4796829	132000.0	19	30000.0	13.2058	281.6928	4.4	299.29859999999996
4796832	132000.0	19	30000.0	13.2058	299.2986	4.4	316.9044
4796810	132000.0	19	30000.0	13.2058	316.9044	4.4	334.5102
4796817	132000.0	19	30000.0	13.2058	334.5102	4.4	352.116
4796818	132000.0	19	30000.0	13.2058	352.116	4.4	369.7218
4796287	132000.0	19	30000.0	13.2058	369.7218	4.4	387.32759999999996
4796279	132000.0	19	30000.0	13.2058	387.3276	4.4	404.9334
4796853	132000.0	19	30000.0	13.2058	404.9334	4.4	422.5392
4796859	132000.0	19	30000.0	13.2058	422.5392	4.4	440.145
4796850	132000.0	19	30000.0	13.2058	440.145	4.4	457.75079999999997
4796842	132000.0	19	30000.0	13.2058	457.7508	4.4	475.3566
4796843	132000.0	19	30000.0	13.2058	475.3566	4.4	492.9624
4796844	132000.0	19	30000.0	13.2058	492.9624	4.4	510.5682
4796807	132000.0	19	30000.0	13.2058	510.5682	4.4	528.174
4796301	132000.0	19	30000.0	13.2058	528.174	4.4	545.7797999999999
4796798	132000.0	19	30000.0	13.2058	545.7798	4.4	563.3856
4796804	132000.0	19	30000.0	13.2058	563.3856	4.4	580.9913999999999
4796806	132000.0	19	30000.0	13.2058	580.9914	4.4	598.5971999999999
4796784	132000.0	19	30000.0	13.2058	598.5972	4.4	616.203
4796640	132000.0	19	30000.0	13.2058	616.203	4.4	633.8087999999999
4796450	132000.0	19	30000.0	13.2058	633.8088	4.4	651.4146
4796452	132000.0	19	30000.0	13.2058	651.4146	4.4	669.0203999999999
4796456	132000.0	19	30000.0	13.2058	669.0204	4.4	686.6261999999999
4796436	132000.0	19	30000.0	13.2058	686.6262	4.4	704.232
4796447	132000.0	19	30000.0	13.2058	704.232	4.4	721.8377999999999
4796445	132000.0	19	30000.0	13.2058	721.8378	4.4	739.4436
4796486	132000.0	19	30000.0	13.2058	739.4436	4.4	757.0493999999999
4796495	132000.0	19	30000.0	13.2058	757.0494	4.4	774.6551999999999
4796496	132000.0	19	30000.0	13.2058	774.6552	4.4	792.261
4796484	132000.0	19	30000.0	13.2058	792.261	4.4	809.8667999999999
4796474	132000.0	19	30000.0	13.2058	809.8668	4.4	827.4725999999999
4796479	132000.0	19	30000.0	13.2058	827.4726	4.4	845.0784
4796481	132000.0	19	30000.0	13.2058	845.0784	4.4	862.6841999999999
4796435	132000.0	19	30000.0	13.2058	862.6842	4.4	880.29
4796360	132000.0	19	30000.0	13.2058	880.29	4.4	897.8957999999999
4796394	132000.0	19	30000.0	13.2058	897.8958	4.4	915.5015999999999
4796395	132000.0	19	30000.0	13.2058	915.5016	4.4	933.1074
4796390	132000.0	19	30000.0	13.2058	933.1074	4.4	950.7131999999999
4796373	132000.0	19	30000.0	13.2058	950.7132	4.4	968.319
4796384	132000.0	19	30000.0	13.2058	968.319	4.4	985.9247999999999
4796405	132000.0	19	30000.0	13.2058	985.9248	4.4	1003.5305999999999
4796422	132000.0	19	30000.0	13.2058	1003.5306	4.4	1021.1364
4796425	132000.0	19	30000.0	13.2058	1021.1364	4.4	1038.7422000000001
4796427	132000.0	19	30000.0	13.2058	1038.7422	4.4	1056.348
4796421	132000.0	19	30000.0	13.2058	1056.348	4.4	1073.9538
4796429	132000.0	19	30000.0	13.2058	1073.9538	4.4	1091.5596
4796367	132000.0	19	30000.0	13.2058	1091.5596	4.4	1109.1654
4796411	132000.0	19	30000.0	13.2058	1109.1654	4.4	1126.7712000000001
4796412	132000.0	19	30000.0	13.2058	1126.7712	4.4	1144.377
4796414	132000.0	19	30000.0	13.2058	1144.377	4.4	1161.9828
4796416	132000.0	19	30000.0	13.2058	1161.9828	4.4	1179.5886
4796365	132000.0	19	30000.0	13.2058	1179.5886	4.4	1197.1944
4796591	132000.0	19	30000.0	13.2058	1197.1944	4.4	1214.8002000000001
4796595	132000.0	19	30000.0	13.2058	1214.8002	4.4	1232.406
4796586	132000.0	19	30000.0	13.2058	1232.406	4.4	1250.0118
4796584	132000.0	19	30000.0	13.2058	1250.0118	4.4	1267.6176
4796581	132000.0	19	30000.0	13.2058	1267.6176	4.4	1285.2234
4796603	132000.0	19	30000.0	13.2058	1285.2234	4.4	1302.8292000000001
4796605	132000.0	19	30000.0	13.2058	1302.8292	4.4	1320.435
4796628	132000.0	19	30000.0	13.2058	1320.435	4.4	1338.0408
4796636	132000.0	19	30000.0	13.2058	1338.0408	4.4	1355.6466
4796632	132000.0	19	30000.0	13.2058	1355.6466	4.4	1373.2524
4796621	132000.0	19	30000.0	13.2058	1373.2524	4.4	1390.8582000000001
4796608	132000.0	19	30000.0	13.2058	1390.8582	4.4	1408.464
4796616	132000.0	19	30000.0	13.2058	1408.464	4.4	1426.0698
4796354	132000.0	19	30000.0	13.2058	1426.0698	4.4	1443.6756
4796348	132000.0	19	30000.0	13.2058	1443.6756	4.4	1461.2814
4796524	132000.0	19	30000.0	13.2058	1461.2814	4.4	1478.8872000000001
4796525	132000.0	19	30000.0	13.2058	1478.8872	4.4	1496.493
4796527	132000.0	19	30000.0	13.2058	1496.493	4.4	1514.0988
4796504	132000.0	19	30000.0	13.2058	1514.0988	4.4	1531.7046
4796513	132000.0	19	30000.0	13.2058	1531.7046	4.4	1549.3104
4796517	132000.0	19	30000.0	13.2058	1549.3104	4.4	1566.9162000000001
4796529	132000.0	19	30000.0	13.2058	1566.9162	4.4	1584.522
4796550	132000.0	19	30000.0	13.2058	1584.522	4.4	1602.1278
4796540	132000.0	19	30000.0	13.2058	1602.1278	4.4	1619.7336
4796544	132000.0	19	30000.0	13.2058	1619.7336	4.4	1637.3394
4797129	132000.0	19	30000.0	13.2058	1637.3394	4.4	1654.9452
4797127	132000.0	19	30000.0	13.2058	1654.9452	4.4	1672.5510000000002
4797125	132000.0	19	30000.0	13.2058	1672.551	4.4	1690.1568
4797123	132000.0	19	30000.0	13.2058	1690.1568	4.4	1707.7626
4797115	191000.0	19	30000.0	19.1058	1707.7626	6.3667	1733.2351
4797109	132000.0	19	30000.0	13.2058	1733.2351	4.4	1750.8409000000001
4797168	132000.0	19	30000.0	13.2058	1750.8409	4.4	1768.4467
4797137	132000.0	19	30000.0	13.2058	1768.4467	4.4	1786.0525
4797148	132000.0	19	30000.0	13.2058	1786.0525	4.4	1803.6583
4797140	132000.0	19	30000.0	13.2058	1803.6583	4.4	1821.2641
4797169	132000.0	19	30000.0	13.2058	1821.2641	4.4	1838.8699000000001
4797069	132000.0	19	30000.0	13.2058	1838.8699	4.4	1856.4757
4797065	132000.0	19	30000.0	13.2058	1856.4757	4.4	1874.0815
4797044	132000.0	19	30000.0	13.2058	1874.0815	4.4	1891.6873
4797100	132000.0	19	30000.0	13.2058	1891.6873	4.4	1909.2931
4797098	132000.0	19	30000.0	13.2058	1909.2931	4.4	1926.8989000000001
4797091	132000.0	19	30000.0	13.2058	1926.8989	4.4	1944.5047
4797089	132000.0	19	30000.0	13.2058	1944.5047	4.4	1962.1105
4797087	132000.0	19	30000.0	13.2058	1962.1105	4.4	1979.7163
4797083	132000.0	19	30000.0	13.2058	1979.7163	4.4	1997.3221
4797255	132000.0	19	30000.0	13.2058	1997.3221	4.4	2014.9279000000001
4797249	132000.0	19	30000.0	13.2058	2014.9279	4.4	2032.5337
4797248	132000.0	19	30000.0	13.2058	2032.5337	4.4	2050.1394999999998
4797242	132000.0	19	30000.0	13.2058	2050.1395	4.4	2067.7453000000005
4797237	132000.0	19	30000.0	13.2058	2067.7453	4.4	2085.3511000000003
4797296	132000.0	19	30000.0	13.2058	2085.3511	4.4	2102.9569
4797291	132000.0	19	30000.0	13.2058	2102.9569	4.4	2120.5627000000004
4797277	132000.0	19	30000.0	13.2058	2120.5627	4.4	2138.1685
4797272	132000.0	19	30000.0	13.2058	2138.1685	4.4	2155.7743000000005
4797270	132000.0	19	30000.0	13.2058	2155.7743	4.4	2173.3801000000003
4797196	132000.0	19	30000.0	13.2058	2173.3801	4.4	2190.9859
4797190	132000.0	19	30000.0	13.2058	2190.9859	4.4	2208.5917000000004
4797189	132000.0	19	30000.0	13.2058	2208.5917	4.4	2226.1975
4797188	132000.0	19	30000.0	13.2058	2226.1975	4.4	2243.8033000000005
4797182	132000.0	19	30000.0	13.2058	2243.8033	4.4	2261.4091000000003
4797177	132000.0	19	30000.0	13.2058	2261.4091	4.4	2279.0149
4797173	132000.0	19	30000.0	13.2058	2279.0149	4.4	2296.6207000000004
4797202	132000.0	19	30000.0	13.2058	2296.6207	4.4	2314.2265
4797204	132000.0	19	30000.0	13.2058	2314.2265	4.4	2331.8323000000005
4797203	132000.0	19	30000.0	13.2058	2331.8323	4.4	2349.4381000000003
4797208	132000.0	19	30000.0	13.2058	2349.4381	4.4	2367.0439
4796945	132000.0	19	30000.0	13.2058	2367.0439	4.4	2384.6497000000004
4796943	132000.0	19	30000.0	13.2058	2384.6497	4.4	2402.2555
4796934	132000.0	19	30000.0	13.2058	2402.2555	4.4	2419.8613000000005
4796928	132000.0	19	30000.0	13.2058	2419.8613	4.4	2437.4671000000003
4796961	132000.0	19	30000.0	13.2058	2437.4671	4.4	2455.0729
4796960	132000.0	19	30000.0	13.2058	2455.0729	4.4	2472.6787000000004
4796957	132000.0	19	30000.0	13.2058	2472.6787	4.4	2490.2845
4796964	132000.0	19	30000.0	13.2058	2490.2845	4.4	2507.8903000000005
4796886	132000.0	19	30000.0	13.2058	2507.8903	4.4	2525.4961000000003
4796881	132000.0	19	30000.0	13.2058	2525.4961	4.4	2543.1019
4796878	132000.0	19	30000.0	13.2058	2543.1019	4.4	2560.7077000000004
4796872	132000.0	19	30000.0	13.2058	2560.7077	4.4	2578.3135
4796870	132000.0	19	30000.0	13.2058	2578.3135	4.4	2595.9193000000005
4796890	132000.0	19	30000.0	13.2058	2595.9193	4.4	2613.5251000000003
4796914	132000.0	19	30000.0	13.2058	2613.5251	4.4	2631.1309
4796913	132000.0	19	30000.0	13.2058	2631.1309	4.4	2648.7367000000004
4796908	132000.0	19	30000.0	13.2058	2648.7367	4.4	2666.3425
4796901	132000.0	19	30000.0	13.2058	2666.3425	4.4	2683.9483000000005
4796897	132000.0	19	30000.0	13.2058	2683.9483	4.4	2701.5541000000003
4796896	132000.0	19	30000.0	13.2058	2701.5541	4.4	2719.1599
4796892	132000.0	19	30000.0	13.2058	2719.1599	4.4	2736.7657000000004
4797018	132000.0	19	30000.0	13.2058	2736.7657	4.4	2754.3715
4797013	132000.0	19	30000.0	13.2058	2754.3715	4.4	2771.9773000000005
4797012	132000.0	19	30000.0	13.2058	2771.9773	4.4	2789.5831000000003
4797008	132000.0	19	30000.0	13.2058	2789.5831	4.4	2807.1889
4797023	132000.0	19	30000.0	13.2058	2807.1889	4.4	2824.7947000000004
4797035	132000.0	19	30000.0	13.2058	2824.7947	4.4	2842.4005
4797034	132000.0	19	30000.0	13.2058	2842.4005	4.4	2860.0063000000005
4796989	132000.0	19	30000.0	13.2058	2860.0063	4.4	2877.6121000000003
4797038	132000.0	19	30000.0	13.2058	2877.6121	4.4	2895.2179
5940962	1000.0	19	30000.0	0.1058	2850.2179	0.0333	2850.357
5940963	1000.0	19	30000.0	0.1058	2850.357	0.0333	2850.4961
6653337	8394000.0	0	500.0	839.4	12418.0	16788.0	30045.4
6653322	8394000.0	17	24000.0	839.4058	2962.2921	349.75	4151.4479
6653325	8394000.0	17	24000.0	839.4058	4151.4479	349.75	5340.6037
6653355	8394000.0	17	24000.0	839.4058	5340.6037	349.75	6529.7595
6653358	8394000.0	17	24000.0	839.4058	6529.7595	349.75	7718.915300000001
6653350	8394000.0	18	30000.0	839.4058	2817.2121	279.8	3936.4179000000004
6653319	8394000.0	18	30000.0	839.4058	3936.4179	279.8	5055.6237
6653345	8394000.0	18	30000.0	839.4058	5055.6237	279.8	6174.829500000001
6653335	8394000.0	18	30000.0	839.4058	6174.8295	279.8	7294.0353000000005
6653338	8394000.0	18	30000.0	839.4058	7294.0353	279.8	8413.2411
6653326	8394000.0	18	30000.0	839.4058	8413.2411	279.8	9532.446899999999
6653359	8394000.0	18	30000.0	839.4058	9532.4469	279.8	10651.6527
6653328	8394000.0	19	30000.0	839.4058	2839.4961	279.8	3958.7019
6653332	8394000.0	19	30000.0	839.4058	3958.7019	279.8	5077.907700000001
6653365	8394000.0	19	30000.0	839.4058	5077.9077	279.8	6197.1135
6653340	8394000.0	19	30000.0	839.4058	6197.1135	279.8	7316.3193
6653341	8394000.0	19	30000.0	839.4058	7316.3193	279.8	8435.525099999999
6653323	8393000.0	13	8000.0	839.3	210.3	1049.125	2098.725
6653317	8393000.0	18	30000.0	839.3058	10650.6527	279.7667	11769.7252
6653361	8393000.0	19	30000.0	839.3058	8434.5251	279.7667	9553.597600000001
6115748	6000.0	0	500.0	0.6	30039.4	12.0	30052.0
6115753	3000.0	0	500.0	0.3	30052.0	6.0	30058.3
6115758	6000.0	0	500.0	0.6	30058.3	12.0	30070.899999999998
6115778	3000.0	7	5000.0	0.3038	0	0.6	0.9037999999999999
6115785	3000.0	8	5000.0	0.3067	0	0.6	0.9067
6115755	3000.0	8	5000.0	0.3067	0.9067	0.6	1.8134000000000001
6115779	6000.0	9	6000.0	0.6067	78.8268	1.0	80.43350000000001
6115768	6000.0	9	6000.0	0.6067	80.4335	1.0	82.0402
6115783	6000.0	9	6000.0	0.6067	82.0402	1.0	83.6469
6115788	6000.0	9	6000.0	0.6067	83.6469	1.0	85.2536
6115765	5000.0	10	6000.0	0.5067	149.2402	0.8333	150.5802
6115767	6000.0	10	6000.0	0.6067	150.5802	1.0	152.18689999999998
6115776	6000.0	10	6000.0	0.6067	152.1869	1.0	153.7936
6115777	6000.0	10	6000.0	0.6067	153.7936	1.0	155.4003
6115774	5000.0	10	6000.0	0.5067	155.4003	0.8333	156.7403
6115796	5000.0	10	6000.0	0.5067	156.7403	0.8333	158.0803
6115752	6000.0	10	6000.0	0.6067	158.0803	1.0	159.68699999999998
6115791	6000.0	10	6000.0	0.6067	159.687	1.0	161.2937
6115771	6000.0	11	6000.0	0.6067	78.8268	1.0	80.43350000000001
6115761	6000.0	11	6000.0	0.6067	80.4335	1.0	82.0402
6115775	5000.0	11	6000.0	0.5067	82.0402	0.8333	83.38019999999999
6115782	6000.0	11	6000.0	0.6067	83.3802	1.0	84.9869
6115766	6000.0	11	6000.0	0.6067	84.9869	1.0	86.59360000000001
6115763	6000.0	11	6000.0	0.6067	86.5936	1.0	88.2003
6115781	6000.0	11	6000.0	0.6067	88.2003	1.0	89.807
6115746	6000.0	11	6000.0	0.6067	89.807	1.0	91.4137
6115747	6000.0	11	6000.0	0.6067	91.4137	1.0	93.02040000000001
6115773	6000.0	11	6000.0	0.6067	93.0204	1.0	94.6271
6115751	6000.0	11	6000.0	0.6067	94.6271	1.0	96.2338
6115795	5000.0	11	6000.0	0.5067	96.2338	0.8333	97.57379999999999
6115789	6000.0	11	6000.0	0.6067	97.5738	1.0	99.18050000000001
6115780	6000.0	12	6000.0	0.6	149.2	1.0	150.79999999999998
6115769	6000.0	12	6000.0	0.6	150.8	1.0	152.4
6115764	3000.0	12	6000.0	0.3	152.4	0.5	153.20000000000002
6115784	6000.0	12	6000.0	0.6	153.2	1.0	154.79999999999998
6115750	6000.0	12	6000.0	0.6	154.8	1.0	156.4
6115749	6000.0	12	6000.0	0.6	156.4	1.0	158.0
6115757	6000.0	12	6000.0	0.6	158.0	1.0	159.6
6115756	6000.0	12	6000.0	0.6	159.6	1.0	161.2
6115790	5000.0	12	6000.0	0.5	161.2	0.8333	162.5333
6115760	6000.0	13	8000.0	0.6	2093.725	0.75	2095.075
6115786	6000.0	13	8000.0	0.6	2095.075	0.75	2096.4249999999997
6115772	6000.0	13	8000.0	0.6	2096.425	0.75	2097.775
6115787	3000.0	13	8000.0	0.3	2097.775	0.375	2098.4500000000003
6115759	6000.0	13	8000.0	0.6	2098.45	0.75	2099.7999999999997
6115770	3000.0	13	8000.0	0.3	2099.8	0.375	2100.4750000000004
6115762	6000.0	13	8000.0	0.6	2100.475	0.75	2101.825
6115745	6000.0	13	8000.0	0.6	2101.825	0.75	2103.1749999999997
6115793	6000.0	13	8000.0	0.6	2103.175	0.75	2104.525
6115792	5000.0	13	8000.0	0.5	2104.525	0.625	2105.65
6115754	6000.0	13	8000.0	0.6	2105.65	0.75	2107.0
