1.8333	0.18	1.0	1
2.2	0.68	0.2	1
2.75	0.62	0.1	1
3.4833	0.78	0.1	1
4.5832999999999995	0.49	0.2	1
5.8666	0.53	0.1	1
17.599899999999998	0.9	6.4	1
41.2499	0.86	6.5	1
76.0832	0.94	6.1	1
123.3832	0.87	6.8	1
181.6832	0.97	6.0	1
251.7165	0.92	6.4	1
333.1165	0.93	6.2	1
426.06649999999996	0.91	6.3	1
529.8332	1.0	5.9	1
646.2499	0.84	6.9	1
775.1333	0.87	6.8	1
915.5667	0.91	6.3	1
1067.1834	0.84	6.1	1
1231.8167999999998	0.83	7.1	1
1421.9334999999999	0.84	13.9	1
1637.5335	0.82	13.9	1
1863.9502	0.93	5.9	1
2103.2002	0.84	7.0	1
2354.9169	0.88	6.8	1
2618.9169	0.79	6.7	1
2897.2169000000004	0.75	7.8	1
3201.1836000000003	0.83	14.0	1
3518.717	0.8	7.4	1
3847.9837	0.85	6.4	1
4190.450400000001	0.81	7.2	1
4543.550400000001	0.99	5.8	1
4908.567100000001	0.93	6.5	1
5285.683800000001	0.88	6.6	1
5674.900500000001	0.87	6.6	1
