0.325	0.35	0.2	1
0.8125	0.8	0.1	1
1.4625	0.89	0.1	1
12.025	0.93	6.5	1
32.6625	0.91	6.2	1
64.1875	0.87	6.7	1
105.4625	0.91	6.0	1
156.4875	0.97	6.0	1
218.4	0.86	6.7	1
291.2	0.86	6.7	1
373.75	0.96	6.0	1
467.8375	0.83	7.1	1
573.1375	0.84	6.9	1
688.6750000000001	0.95	6.3	1
813.9625000000001	0.96	6.0	1
950.1375	0.82	6.7	1
1096.7125	0.9	6.4	1
1267.1750000000002	0.79	14.7	1
1448.0375000000001	0.94	6.4	1
1639.4625	0.88	6.5	1
1840.6375	0.94	6.0	1
2052.8625	0.87	6.8	1
2275.9750000000004	0.89	6.7	1
2509.0000000000005	0.94	6.1	1
2751.4500000000003	1.0	5.8	1
3004.9500000000003	0.86	6.8	1
3269.3375	0.85	6.7	1
3553.7125	0.96	12.3	1
3862.3	0.77	14.9	1
