0.1614	0.86	0.1	1
0.7953	0.39	0.3	1
1.9017	0.36	0.3	1
3.1695	0.86	0.1	1
4.7542	0.75	0.2	1
13.7822	0.99	5.8	1
33.3938	0.88	6.8	1
63.589	0.84	6.8	1
103.1233	0.96	6.0	1
153.2412	0.86	6.8	1
213.6316	0.84	6.6	1
285.0722	0.82	7.1	1
366.3186	0.92	6.3	1
468.7264	0.84	13.6	1
581.4067	0.83	6.6	1
703.5817	0.94	6.1	1
844.8958	0.94	12.3	1
995.2379	1.0	5.8	1
1156.7857999999999	0.84	7.2	1
1328.7616999999998	0.87	6.7	1
1510.8544999999997	0.9	6.5	1
1702.5974999999996	0.9	6.2	1
1903.0573999999997	0.93	5.6	1
2113.6341999999995	0.88	6.5	1
2333.7056999999995	0.95	6.1	1
2564.2051999999994	0.86	6.7	1
2816.3326999999995	0.84	13.9	1
3091.3326999999995	0.8	14.7	1
3375.827399999999	0.94	6.1	1
3671.372299999999	0.82	7.1	1
3977.189699999999	0.89	6.6	1
4293.279599999999	0.9	6.6	1
