0.2725	0.72	0.2	1
0.8175000000000001	0.43	0.2	1
1.6350000000000002	0.65	0.2	1
2.7250000000000005	0.65	0.2	1
4.0875	0.52	0.2	1
12.226600000000001	0.94	6.1	1
29.9715	0.82	7.2	1
55.855500000000006	0.96	6.1	1
90.81200000000001	0.86	6.8	1
145.9076	0.8	15.1	1
209.5423	0.92	6.4	1
281.4495	0.95	6.2	1
361.8958	0.9	6.4	1
459.8146	0.91	13.1	1
577.2058999999999	0.81	14.6	1
713.5363	0.82	14.2	1
858.6724999999999	0.9	6.6	1
1011.8145	0.94	6.0	1
1173.7622999999999	0.9	6.6	1
1344.2491999999997	0.91	6.4	1
1522.6085999999998	0.99	5.9	1
1710.5738	0.81	7.2	1
1907.2115	0.89	6.5	1
2120.1216999999997	0.94	12.2	1
2342.7709999999997	0.79	7.3	1
2584.7594	0.81	14.5	1
2846.8869	0.77	15.1	1
3117.9535	0.89	6.7	1
3398.6259	0.81	7.2	1
3687.0374	1.0	5.8	1
3993.9880000000003	0.84	13.9	1
4308.8111	0.93	5.9	1
4631.24	0.99	5.7	1
4962.4747	0.84	6.6	1
