0.6067	0.75	0.2	1
1.8201	0.79	0.2	1
3.6402	0.75	0.2	1
6.367000000000001	0.42	0.3	1
8.400500000000001	0.84	0.1	1
10.7407	0.46	0.1	1
13.3876	0.78	0.1	1
16.3412	0.79	0.1	1
19.6015	0.64	0.1	1
23.1685	0.57	0.1	1
27.0422	0.9	0.1	1
31.5226	0.52	0.2	1
36.3097	0.54	0.1	1
42.3035	0.28	0.4	1
48.604	0.91	0.1	1
55.5112	0.46	0.2	1
63.3251	0.29	0.3	1
71.4457	0.86	0.1	1
79.873	0.86	0.1	1
88.607	0.92	0.1	1
97.6477	0.78	0.1	1
106.9951	0.85	0.1	1
116.6492	0.57	0.1	1
127.21	0.28	0.3	1
138.0775	0.66	0.1	1
149.25169999999997	0.69	0.1	1
160.73259999999996	0.79	0.1	1
172.52019999999996	0.9	0.1	1
184.61449999999996	0.75	0.1	1
197.61549999999997	0.3	0.3	1
210.92319999999998	0.78	0.1	1
224.53759999999997	0.51	0.1	1
238.75869999999998	0.49	0.2	1
253.2865	0.77	0.1	1
268.121	0.68	0.1	1
283.56219999999996	0.39	0.2	1
299.3101	0.64	0.1	1
