0	0	109000	0.6	10900
1	0	111000	0.6	11100
2	0	107000	0.6	10700
3	0	111000	0.6	11100
4	0	107000	0.6	10700
5	0	105000	0.6	10500
6	0	109000	0.6	10900
7	0	103000	0.6	10300
8	0	109000	0.6	10900
9	0	109000	0.6	10900
10	0	111000	0.6	11100
11	0	105000	0.6	10500
12	0	111000	0.6	11100
13	0	105000	0.6	10500
14	0	107000	0.6	10700
15	0	111000	0.6	11100
16	0	107000	0.6	10700
17	0	103000	0.6	10300
18	0	107000	0.6	10700
19	0	105000	0.6	10500
20	1	105000	0.6	10500
21	1	103000	0.6	10300
22	1	103000	0.6	10300
23	1	109000	0.6	10900
24	1	109000	0.6	10900
25	1	107000	0.6	10700
26	1	111000	0.6	11100
27	1	111000	0.6	11100
28	1	111000	0.6	11100
29	1	103000	0.6	10300
30	1	107000	0.6	10700
31	1	103000	0.6	10300
32	1	105000	0.6	10500
33	1	105000	0.6	10500
34	1	105000	0.6	10500
35	1	109000	0.6	10900
36	1	111000	0.6	11100
37	1	111000	0.6	11100
38	1	107000	0.6	10700
39	1	103000	0.6	10300
40	2	111000	0.6	11100
41	2	109000	0.6	10900
42	2	103000	0.6	10300
43	2	111000	0.6	11100
44	2	109000	0.6	10900
45	2	105000	0.6	10500
46	2	109000	0.6	10900
47	2	111000	0.6	11100
48	2	105000	0.6	10500
49	2	103000	0.6	10300
50	2	105000	0.6	10500
51	2	103000	0.6	10300
52	2	103000	0.6	10300
53	2	111000	0.6	11100
54	2	103000	0.6	10300
55	2	111000	0.6	11100
56	2	107000	0.6	10700
57	2	103000	0.6	10300
58	2	103000	0.6	10300
59	2	109000	0.6	10900
60	3	109000	0.6	10900
61	3	105000	0.6	10500
62	3	109000	0.6	10900
63	3	107000	0.6	10700
64	3	103000	0.6	10300
65	3	107000	0.6	10700
66	3	103000	0.6	10300
67	3	107000	0.6	10700
68	3	107000	0.6	10700
69	3	105000	0.6	10500
70	3	105000	0.6	10500
71	3	105000	0.6	10500
72	3	105000	0.6	10500
73	3	105000	0.6	10500
74	3	103000	0.6	10300
75	3	109000	0.6	10900
76	3	105000	0.6	10500
77	3	107000	0.6	10700
78	3	107000	0.6	10700
79	3	109000	0.6	10900
80	4	103000	0.6	10300
81	4	103000	0.6	10300
82	4	107000	0.6	10700
83	4	111000	0.6	11100
84	4	107000	0.6	10700
85	4	111000	0.6	11100
86	4	103000	0.6	10300
87	4	105000	0.6	10500
88	4	111000	0.6	11100
89	4	103000	0.6	10300
90	4	109000	0.6	10900
91	4	105000	0.6	10500
92	4	109000	0.6	10900
93	4	105000	0.6	10500
94	4	103000	0.6	10300
95	4	111000	0.6	11100
96	4	107000	0.6	10700
97	4	105000	0.6	10500
98	4	103000	0.6	10300
99	4	109000	0.6	10900
100	5	111000	0.6	11100
101	5	103000	0.6	10300
102	5	107000	0.6	10700
103	5	105000	0.6	10500
104	5	107000	0.6	10700
105	5	109000	0.6	10900
106	5	103000	0.6	10300
107	5	105000	0.6	10500
108	5	111000	0.6	11100
109	5	111000	0.6	11100
110	5	103000	0.6	10300
111	5	103000	0.6	10300
112	5	109000	0.6	10900
113	5	111000	0.6	11100
114	5	109000	0.6	10900
115	5	111000	0.6	11100
116	5	107000	0.6	10700
117	5	107000	0.6	10700
118	5	107000	0.6	10700
119	5	109000	0.6	10900
120	6	105000	0.6	10500
121	6	105000	0.6	10500
122	6	105000	0.6	10500
123	6	107000	0.6	10700
124	6	105000	0.6	10500
125	6	105000	0.6	10500
126	6	105000	0.6	10500
127	6	111000	0.6	11100
128	6	103000	0.6	10300
129	6	109000	0.6	10900
130	6	107000	0.6	10700
131	6	105000	0.6	10500
132	6	111000	0.6	11100
133	6	109000	0.6	10900
134	6	109000	0.6	10900
135	6	107000	0.6	10700
136	6	103000	0.6	10300
137	6	107000	0.6	10700
138	6	105000	0.6	10500
139	6	107000	0.6	10700
140	7	111000	0.6	11100
141	7	105000	0.6	10500
142	7	103000	0.6	10300
143	7	111000	0.6	11100
144	7	107000	0.6	10700
145	7	109000	0.6	10900
146	7	105000	0.6	10500
147	7	111000	0.6	11100
148	7	111000	0.6	11100
149	7	103000	0.6	10300
150	7	111000	0.6	11100
151	7	109000	0.6	10900
152	7	111000	0.6	11100
153	7	105000	0.6	10500
154	7	107000	0.6	10700
155	7	103000	0.6	10300
156	7	109000	0.6	10900
157	7	107000	0.6	10700
158	7	107000	0.6	10700
159	7	109000	0.6	10900
160	8	107000	0.6	10700
161	8	109000	0.6	10900
162	8	109000	0.6	10900
163	8	107000	0.6	10700
164	8	111000	0.6	11100
165	8	103000	0.6	10300
166	8	107000	0.6	10700
167	8	109000	0.6	10900
168	8	103000	0.6	10300
169	8	111000	0.6	11100
170	8	107000	0.6	10700
171	8	103000	0.6	10300
172	8	103000	0.6	10300
173	8	105000	0.6	10500
174	8	109000	0.6	10900
175	8	103000	0.6	10300
176	8	103000	0.6	10300
177	8	111000	0.6	11100
178	8	111000	0.6	11100
179	8	111000	0.6	11100
180	9	109000	0.6	10900
181	9	111000	0.6	11100
182	9	111000	0.6	11100
183	9	103000	0.6	10300
184	9	107000	0.6	10700
185	9	103000	0.6	10300
186	9	111000	0.6	11100
187	9	107000	0.6	10700
188	9	111000	0.6	11100
189	9	107000	0.6	10700
190	9	111000	0.6	11100
191	9	105000	0.6	10500
192	9	103000	0.6	10300
193	9	107000	0.6	10700
194	9	109000	0.6	10900
195	9	103000	0.6	10300
196	9	109000	0.6	10900
197	9	109000	0.6	10900
198	9	105000	0.6	10500
199	9	109000	0.6	10900
200	10	107000	0.6	10700
201	10	109000	0.6	10900
202	10	103000	0.6	10300
203	10	111000	0.6	11100
204	10	105000	0.6	10500
205	10	109000	0.6	10900
206	10	111000	0.6	11100
207	10	107000	0.6	10700
208	10	105000	0.6	10500
209	10	109000	0.6	10900
210	10	109000	0.6	10900
211	10	107000	0.6	10700
212	10	107000	0.6	10700
213	10	107000	0.6	10700
214	10	111000	0.6	11100
215	10	107000	0.6	10700
216	10	109000	0.6	10900
217	10	105000	0.6	10500
218	10	109000	0.6	10900
219	10	107000	0.6	10700
220	11	111000	0.6	11100
221	11	109000	0.6	10900
222	11	111000	0.6	11100
223	11	107000	0.6	10700
224	11	109000	0.6	10900
225	11	105000	0.6	10500
226	11	103000	0.6	10300
227	11	105000	0.6	10500
228	11	109000	0.6	10900
229	11	109000	0.6	10900
230	11	107000	0.6	10700
231	11	105000	0.6	10500
232	11	105000	0.6	10500
233	11	111000	0.6	11100
234	11	105000	0.6	10500
235	11	111000	0.6	11100
236	11	111000	0.6	11100
237	11	107000	0.6	10700
238	11	111000	0.6	11100
239	11	111000	0.6	11100
240	12	107000	0.6	10700
241	12	105000	0.6	10500
242	12	109000	0.6	10900
243	12	105000	0.6	10500
244	12	103000	0.6	10300
245	12	105000	0.6	10500
246	12	111000	0.6	11100
247	12	103000	0.6	10300
248	12	103000	0.6	10300
249	12	105000	0.6	10500
250	12	107000	0.6	10700
251	12	103000	0.6	10300
252	12	109000	0.6	10900
253	12	105000	0.6	10500
254	12	105000	0.6	10500
255	12	107000	0.6	10700
256	12	109000	0.6	10900
257	12	103000	0.6	10300
258	12	105000	0.6	10500
259	12	107000	0.6	10700
260	13	105000	0.6	10500
261	13	105000	0.6	10500
262	13	105000	0.6	10500
263	13	109000	0.6	10900
264	13	111000	0.6	11100
265	13	107000	0.6	10700
266	13	105000	0.6	10500
267	13	107000	0.6	10700
268	13	109000	0.6	10900
269	13	105000	0.6	10500
270	13	103000	0.6	10300
271	13	109000	0.6	10900
272	13	111000	0.6	11100
273	13	105000	0.6	10500
274	13	111000	0.6	11100
275	13	103000	0.6	10300
276	13	103000	0.6	10300
277	13	111000	0.6	11100
278	13	107000	0.6	10700
279	13	103000	0.6	10300
280	14	103000	0.6	10300
281	14	105000	0.6	10500
282	14	107000	0.6	10700
283	14	111000	0.6	11100
284	14	103000	0.6	10300
285	14	105000	0.6	10500
286	14	109000	0.6	10900
287	14	105000	0.6	10500
288	14	103000	0.6	10300
289	14	111000	0.6	11100
290	14	103000	0.6	10300
291	14	103000	0.6	10300
292	14	105000	0.6	10500
293	14	109000	0.6	10900
294	14	107000	0.6	10700
295	14	111000	0.6	11100
296	14	107000	0.6	10700
297	14	103000	0.6	10300
298	14	103000	0.6	10300
299	14	107000	0.6	10700
300	15	111000	0.6	11100
301	15	109000	0.6	10900
302	15	105000	0.6	10500
303	15	105000	0.6	10500
304	15	107000	0.6	10700
305	15	109000	0.6	10900
306	15	105000	0.6	10500
307	15	109000	0.6	10900
308	15	103000	0.6	10300
309	15	105000	0.6	10500
310	15	105000	0.6	10500
311	15	105000	0.6	10500
312	15	107000	0.6	10700
313	15	105000	0.6	10500
314	15	107000	0.6	10700
315	15	107000	0.6	10700
316	15	109000	0.6	10900
317	15	107000	0.6	10700
318	15	109000	0.6	10900
319	15	105000	0.6	10500
320	16	103000	0.6	10300
321	16	107000	0.6	10700
322	16	105000	0.6	10500
323	16	109000	0.6	10900
324	16	111000	0.6	11100
325	16	107000	0.6	10700
326	16	111000	0.6	11100
327	16	107000	0.6	10700
328	16	109000	0.6	10900
329	16	109000	0.6	10900
330	16	111000	0.6	11100
331	16	109000	0.6	10900
332	16	109000	0.6	10900
333	16	107000	0.6	10700
334	16	111000	0.6	11100
335	16	107000	0.6	10700
336	16	107000	0.6	10700
337	16	109000	0.6	10900
338	16	109000	0.6	10900
339	16	107000	0.6	10700
340	17	111000	0.6	11100
341	17	107000	0.6	10700
342	17	107000	0.6	10700
343	17	107000	0.6	10700
344	17	109000	0.6	10900
345	17	103000	0.6	10300
346	17	105000	0.6	10500
347	17	105000	0.6	10500
348	17	111000	0.6	11100
349	17	105000	0.6	10500
350	17	109000	0.6	10900
351	17	111000	0.6	11100
352	17	103000	0.6	10300
353	17	111000	0.6	11100
354	17	105000	0.6	10500
355	17	109000	0.6	10900
356	17	111000	0.6	11100
357	17	107000	0.6	10700
358	17	107000	0.6	10700
359	17	109000	0.6	10900
360	18	103000	0.6	10300
361	18	111000	0.6	11100
362	18	105000	0.6	10500
363	18	109000	0.6	10900
364	18	103000	0.6	10300
365	18	109000	0.6	10900
366	18	109000	0.6	10900
367	18	111000	0.6	11100
368	18	107000	0.6	10700
369	18	111000	0.6	11100
370	18	103000	0.6	10300
371	18	103000	0.6	10300
372	18	103000	0.6	10300
373	18	111000	0.6	11100
374	18	103000	0.6	10300
375	18	103000	0.6	10300
376	18	107000	0.6	10700
377	18	103000	0.6	10300
378	18	107000	0.6	10700
379	18	107000	0.6	10700
380	19	111000	0.6	11100
381	19	105000	0.6	10500
382	19	111000	0.6	11100
383	19	105000	0.6	10500
384	19	107000	0.6	10700
385	19	103000	0.6	10300
386	19	105000	0.6	10500
387	19	107000	0.6	10700
388	19	111000	0.6	11100
389	19	111000	0.6	11100
390	19	109000	0.6	10900
391	19	105000	0.6	10500
392	19	111000	0.6	11100
393	19	105000	0.6	10500
394	19	107000	0.6	10700
395	19	109000	0.6	10900
396	19	105000	0.6	10500
397	19	111000	0.6	11100
398	19	107000	0.6	10700
399	19	107000	0.6	10700
400	20	103000	0.6	10300
401	20	109000	0.6	10900
402	20	111000	0.6	11100
403	20	109000	0.6	10900
404	20	109000	0.6	10900
405	20	105000	0.6	10500
406	20	103000	0.6	10300
407	20	105000	0.6	10500
408	20	109000	0.6	10900
409	20	107000	0.6	10700
410	20	105000	0.6	10500
411	20	103000	0.6	10300
412	20	111000	0.6	11100
413	20	105000	0.6	10500
414	20	109000	0.6	10900
415	20	107000	0.6	10700
416	20	109000	0.6	10900
417	20	111000	0.6	11100
418	20	107000	0.6	10700
419	20	111000	0.6	11100
420	21	109000	0.6	10900
421	21	109000	0.6	10900
422	21	109000	0.6	10900
423	21	105000	0.6	10500
424	21	103000	0.6	10300
425	21	109000	0.6	10900
426	21	105000	0.6	10500
427	21	103000	0.6	10300
428	21	103000	0.6	10300
429	21	109000	0.6	10900
430	21	105000	0.6	10500
431	21	111000	0.6	11100
432	21	103000	0.6	10300
433	21	107000	0.6	10700
434	21	103000	0.6	10300
435	21	111000	0.6	11100
436	21	109000	0.6	10900
437	21	111000	0.6	11100
438	21	105000	0.6	10500
439	21	107000	0.6	10700
440	22	111000	0.6	11100
441	22	109000	0.6	10900
442	22	107000	0.6	10700
443	22	111000	0.6	11100
444	22	107000	0.6	10700
445	22	109000	0.6	10900
446	22	111000	0.6	11100
447	22	105000	0.6	10500
448	22	105000	0.6	10500
449	22	103000	0.6	10300
450	22	105000	0.6	10500
451	22	103000	0.6	10300
452	22	105000	0.6	10500
453	22	107000	0.6	10700
454	22	109000	0.6	10900
455	22	109000	0.6	10900
456	22	105000	0.6	10500
457	22	105000	0.6	10500
458	22	103000	0.6	10300
459	22	103000	0.6	10300
460	23	105000	0.6	10500
461	23	109000	0.6	10900
462	23	103000	0.6	10300
463	23	109000	0.6	10900
464	23	105000	0.6	10500
465	23	111000	0.6	11100
466	23	103000	0.6	10300
467	23	103000	0.6	10300
468	23	105000	0.6	10500
469	23	111000	0.6	11100
470	23	109000	0.6	10900
471	23	103000	0.6	10300
472	23	111000	0.6	11100
473	23	111000	0.6	11100
474	23	103000	0.6	10300
475	23	105000	0.6	10500
476	23	107000	0.6	10700
477	23	103000	0.6	10300
478	23	107000	0.6	10700
479	23	111000	0.6	11100
480	24	107000	0.6	10700
481	24	109000	0.6	10900
482	24	109000	0.6	10900
483	24	103000	0.6	10300
484	24	103000	0.6	10300
485	24	103000	0.6	10300
486	24	107000	0.6	10700
487	24	107000	0.6	10700
488	24	109000	0.6	10900
489	24	111000	0.6	11100
490	24	105000	0.6	10500
491	24	111000	0.6	11100
492	24	105000	0.6	10500
493	24	111000	0.6	11100
494	24	103000	0.6	10300
495	24	107000	0.6	10700
496	24	111000	0.6	11100
497	24	109000	0.6	10900
498	24	111000	0.6	11100
499	24	111000	0.6	11100
500	25	109000	0.6	10900
501	25	111000	0.6	11100
502	25	105000	0.6	10500
503	25	107000	0.6	10700
504	25	109000	0.6	10900
505	25	109000	0.6	10900
506	25	103000	0.6	10300
507	25	107000	0.6	10700
508	25	111000	0.6	11100
509	25	103000	0.6	10300
510	25	107000	0.6	10700
511	25	107000	0.6	10700
512	25	111000	0.6	11100
513	25	103000	0.6	10300
514	25	107000	0.6	10700
515	25	103000	0.6	10300
516	25	107000	0.6	10700
517	25	103000	0.6	10300
518	25	109000	0.6	10900
519	25	103000	0.6	10300
520	26	105000	0.6	10500
521	26	111000	0.6	11100
522	26	103000	0.6	10300
523	26	107000	0.6	10700
524	26	105000	0.6	10500
525	26	103000	0.6	10300
526	26	107000	0.6	10700
527	26	103000	0.6	10300
528	26	107000	0.6	10700
529	26	103000	0.6	10300
530	26	105000	0.6	10500
531	26	109000	0.6	10900
532	26	105000	0.6	10500
533	26	105000	0.6	10500
534	26	105000	0.6	10500
535	26	111000	0.6	11100
536	26	103000	0.6	10300
537	26	105000	0.6	10500
538	26	111000	0.6	11100
539	26	109000	0.6	10900
540	27	107000	0.6	10700
541	27	111000	0.6	11100
542	27	109000	0.6	10900
543	27	107000	0.6	10700
544	27	107000	0.6	10700
545	27	105000	0.6	10500
546	27	107000	0.6	10700
547	27	103000	0.6	10300
548	27	105000	0.6	10500
549	27	105000	0.6	10500
550	27	105000	0.6	10500
551	27	105000	0.6	10500
552	27	107000	0.6	10700
553	27	105000	0.6	10500
554	27	111000	0.6	11100
555	27	109000	0.6	10900
556	27	111000	0.6	11100
557	27	107000	0.6	10700
558	27	109000	0.6	10900
559	27	105000	0.6	10500
560	28	103000	0.6	10300
561	28	103000	0.6	10300
562	28	103000	0.6	10300
563	28	109000	0.6	10900
564	28	103000	0.6	10300
565	28	111000	0.6	11100
566	28	109000	0.6	10900
567	28	103000	0.6	10300
568	28	105000	0.6	10500
569	28	105000	0.6	10500
570	28	105000	0.6	10500
571	28	105000	0.6	10500
572	28	109000	0.6	10900
573	28	107000	0.6	10700
574	28	105000	0.6	10500
575	28	107000	0.6	10700
576	28	111000	0.6	11100
577	28	105000	0.6	10500
578	28	103000	0.6	10300
579	28	103000	0.6	10300
580	29	103000	0.6	10300
581	29	111000	0.6	11100
582	29	111000	0.6	11100
583	29	111000	0.6	11100
584	29	111000	0.6	11100
585	29	103000	0.6	10300
586	29	103000	0.6	10300
587	29	111000	0.6	11100
588	29	111000	0.6	11100
589	29	107000	0.6	10700
590	29	103000	0.6	10300
591	29	105000	0.6	10500
592	29	105000	0.6	10500
593	29	109000	0.6	10900
594	29	111000	0.6	11100
595	29	103000	0.6	10300
596	29	111000	0.6	11100
597	29	111000	0.6	11100
598	29	111000	0.6	11100
599	29	105000	0.6	10500
600	30	111000	0.6	11100
601	30	103000	0.6	10300
602	30	111000	0.6	11100
603	30	103000	0.6	10300
604	30	105000	0.6	10500
605	30	107000	0.6	10700
606	30	103000	0.6	10300
607	30	105000	0.6	10500
608	30	109000	0.6	10900
609	30	107000	0.6	10700
610	30	111000	0.6	11100
611	30	107000	0.6	10700
612	30	103000	0.6	10300
613	30	103000	0.6	10300
614	30	109000	0.6	10900
615	30	111000	0.6	11100
616	30	109000	0.6	10900
617	30	103000	0.6	10300
618	30	111000	0.6	11100
619	30	105000	0.6	10500
620	31	109000	0.6	10900
621	31	109000	0.6	10900
622	31	105000	0.6	10500
623	31	105000	0.6	10500
624	31	111000	0.6	11100
625	31	107000	0.6	10700
626	31	109000	0.6	10900
627	31	103000	0.6	10300
628	31	109000	0.6	10900
629	31	111000	0.6	11100
630	31	103000	0.6	10300
631	31	109000	0.6	10900
632	31	107000	0.6	10700
633	31	103000	0.6	10300
634	31	103000	0.6	10300
635	31	109000	0.6	10900
636	31	103000	0.6	10300
637	31	107000	0.6	10700
638	31	109000	0.6	10900
639	31	105000	0.6	10500
640	32	103000	0.6	10300
641	32	105000	0.6	10500
642	32	111000	0.6	11100
643	32	111000	0.6	11100
644	32	103000	0.6	10300
645	32	103000	0.6	10300
646	32	107000	0.6	10700
647	32	109000	0.6	10900
648	32	109000	0.6	10900
649	32	111000	0.6	11100
650	32	107000	0.6	10700
651	32	107000	0.6	10700
652	32	107000	0.6	10700
653	32	107000	0.6	10700
654	32	107000	0.6	10700
655	32	111000	0.6	11100
656	32	111000	0.6	11100
657	32	111000	0.6	11100
658	32	111000	0.6	11100
659	32	107000	0.6	10700
660	33	107000	0.6	10700
661	33	111000	0.6	11100
662	33	103000	0.6	10300
663	33	109000	0.6	10900
664	33	109000	0.6	10900
665	33	111000	0.6	11100
666	33	103000	0.6	10300
667	33	103000	0.6	10300
668	33	111000	0.6	11100
669	33	109000	0.6	10900
670	33	105000	0.6	10500
671	33	107000	0.6	10700
672	33	103000	0.6	10300
673	33	107000	0.6	10700
674	33	103000	0.6	10300
675	33	111000	0.6	11100
676	33	111000	0.6	11100
677	33	111000	0.6	11100
678	33	111000	0.6	11100
679	33	103000	0.6	10300
680	34	107000	0.6	10700
681	34	107000	0.6	10700
682	34	103000	0.6	10300
683	34	105000	0.6	10500
684	34	109000	0.6	10900
685	34	109000	0.6	10900
686	34	103000	0.6	10300
687	34	105000	0.6	10500
688	34	103000	0.6	10300
689	34	109000	0.6	10900
690	34	109000	0.6	10900
691	34	105000	0.6	10500
692	34	109000	0.6	10900
693	34	109000	0.6	10900
694	34	111000	0.6	11100
695	34	111000	0.6	11100
696	34	103000	0.6	10300
697	34	105000	0.6	10500
698	34	105000	0.6	10500
699	34	103000	0.6	10300
700	35	105000	0.6	10500
701	35	103000	0.6	10300
702	35	111000	0.6	11100
703	35	111000	0.6	11100
704	35	103000	0.6	10300
705	35	105000	0.6	10500
706	35	111000	0.6	11100
707	35	103000	0.6	10300
708	35	111000	0.6	11100
709	35	105000	0.6	10500
710	35	103000	0.6	10300
711	35	103000	0.6	10300
712	35	107000	0.6	10700
713	35	105000	0.6	10500
714	35	111000	0.6	11100
715	35	109000	0.6	10900
716	35	105000	0.6	10500
717	35	105000	0.6	10500
718	35	107000	0.6	10700
719	35	105000	0.6	10500
720	36	111000	0.6	11100
721	36	111000	0.6	11100
722	36	105000	0.6	10500
723	36	103000	0.6	10300
724	36	107000	0.6	10700
725	36	103000	0.6	10300
726	36	105000	0.6	10500
727	36	107000	0.6	10700
728	36	111000	0.6	11100
729	36	109000	0.6	10900
730	36	105000	0.6	10500
731	36	111000	0.6	11100
732	36	107000	0.6	10700
733	36	107000	0.6	10700
734	36	105000	0.6	10500
735	36	111000	0.6	11100
736	36	109000	0.6	10900
737	36	103000	0.6	10300
738	36	103000	0.6	10300
739	36	107000	0.6	10700
740	37	103000	0.6	10300
741	37	111000	0.6	11100
742	37	111000	0.6	11100
743	37	103000	0.6	10300
744	37	103000	0.6	10300
745	37	103000	0.6	10300
746	37	105000	0.6	10500
747	37	105000	0.6	10500
748	37	103000	0.6	10300
749	37	107000	0.6	10700
750	37	107000	0.6	10700
751	37	103000	0.6	10300
752	37	107000	0.6	10700
753	37	111000	0.6	11100
754	37	109000	0.6	10900
755	37	107000	0.6	10700
756	37	107000	0.6	10700
757	37	111000	0.6	11100
758	37	103000	0.6	10300
759	37	109000	0.6	10900
760	38	107000	0.6	10700
761	38	105000	0.6	10500
762	38	107000	0.6	10700
763	38	105000	0.6	10500
764	38	107000	0.6	10700
765	38	109000	0.6	10900
766	38	103000	0.6	10300
767	38	107000	0.6	10700
768	38	107000	0.6	10700
769	38	107000	0.6	10700
770	38	107000	0.6	10700
771	38	103000	0.6	10300
772	38	103000	0.6	10300
773	38	109000	0.6	10900
774	38	105000	0.6	10500
775	38	105000	0.6	10500
776	38	107000	0.6	10700
777	38	111000	0.6	11100
778	38	107000	0.6	10700
779	38	111000	0.6	11100
780	39	105000	0.6	10500
781	39	111000	0.6	11100
782	39	103000	0.6	10300
783	39	109000	0.6	10900
784	39	105000	0.6	10500
785	39	103000	0.6	10300
786	39	103000	0.6	10300
787	39	105000	0.6	10500
788	39	107000	0.6	10700
789	39	111000	0.6	11100
790	39	109000	0.6	10900
791	39	109000	0.6	10900
792	39	107000	0.6	10700
793	39	111000	0.6	11100
794	39	105000	0.6	10500
795	39	107000	0.6	10700
796	39	105000	0.6	10500
797	39	105000	0.6	10500
798	39	107000	0.6	10700
799	39	105000	0.6	10500
800	40	105000	0.6	10500
801	40	103000	0.6	10300
802	40	109000	0.6	10900
803	40	109000	0.6	10900
804	40	107000	0.6	10700
805	40	103000	0.6	10300
806	40	103000	0.6	10300
807	40	103000	0.6	10300
808	40	111000	0.6	11100
809	40	105000	0.6	10500
810	40	111000	0.6	11100
811	40	107000	0.6	10700
812	40	107000	0.6	10700
813	40	109000	0.6	10900
814	40	111000	0.6	11100
815	40	109000	0.6	10900
816	40	109000	0.6	10900
817	40	109000	0.6	10900
818	40	107000	0.6	10700
819	40	105000	0.6	10500
820	41	111000	0.6	11100
821	41	111000	0.6	11100
822	41	109000	0.6	10900
823	41	109000	0.6	10900
824	41	103000	0.6	10300
825	41	107000	0.6	10700
826	41	103000	0.6	10300
827	41	109000	0.6	10900
828	41	107000	0.6	10700
829	41	105000	0.6	10500
830	41	109000	0.6	10900
831	41	111000	0.6	11100
832	41	103000	0.6	10300
833	41	105000	0.6	10500
834	41	109000	0.6	10900
835	41	105000	0.6	10500
836	41	109000	0.6	10900
837	41	103000	0.6	10300
838	41	105000	0.6	10500
839	41	105000	0.6	10500
840	42	105000	0.6	10500
841	42	111000	0.6	11100
842	42	105000	0.6	10500
843	42	111000	0.6	11100
844	42	105000	0.6	10500
845	42	103000	0.6	10300
846	42	105000	0.6	10500
847	42	111000	0.6	11100
848	42	111000	0.6	11100
849	42	103000	0.6	10300
850	42	107000	0.6	10700
851	42	103000	0.6	10300
852	42	111000	0.6	11100
853	42	109000	0.6	10900
854	42	103000	0.6	10300
855	42	107000	0.6	10700
856	42	103000	0.6	10300
857	42	111000	0.6	11100
858	42	105000	0.6	10500
859	42	103000	0.6	10300
860	43	107000	0.6	10700
861	43	111000	0.6	11100
862	43	109000	0.6	10900
863	43	107000	0.6	10700
864	43	107000	0.6	10700
865	43	109000	0.6	10900
866	43	105000	0.6	10500
867	43	107000	0.6	10700
868	43	109000	0.6	10900
869	43	105000	0.6	10500
870	43	109000	0.6	10900
871	43	105000	0.6	10500
872	43	111000	0.6	11100
873	43	109000	0.6	10900
874	43	103000	0.6	10300
875	43	111000	0.6	11100
876	43	107000	0.6	10700
877	43	107000	0.6	10700
878	43	105000	0.6	10500
879	43	109000	0.6	10900
880	44	107000	0.6	10700
881	44	103000	0.6	10300
882	44	103000	0.6	10300
883	44	111000	0.6	11100
884	44	109000	0.6	10900
885	44	111000	0.6	11100
886	44	105000	0.6	10500
887	44	103000	0.6	10300
888	44	103000	0.6	10300
889	44	109000	0.6	10900
890	44	107000	0.6	10700
891	44	111000	0.6	11100
892	44	109000	0.6	10900
893	44	111000	0.6	11100
894	44	111000	0.6	11100
895	44	109000	0.6	10900
896	44	111000	0.6	11100
897	44	105000	0.6	10500
898	44	111000	0.6	11100
899	44	109000	0.6	10900
900	45	109000	0.6	10900
901	45	103000	0.6	10300
902	45	107000	0.6	10700
903	45	107000	0.6	10700
904	45	105000	0.6	10500
905	45	103000	0.6	10300
906	45	109000	0.6	10900
907	45	111000	0.6	11100
908	45	105000	0.6	10500
909	45	107000	0.6	10700
910	45	111000	0.6	11100
911	45	109000	0.6	10900
912	45	103000	0.6	10300
913	45	103000	0.6	10300
914	45	105000	0.6	10500
915	45	103000	0.6	10300
916	45	103000	0.6	10300
917	45	109000	0.6	10900
918	45	107000	0.6	10700
919	45	105000	0.6	10500
920	46	103000	0.6	10300
921	46	107000	0.6	10700
922	46	103000	0.6	10300
923	46	111000	0.6	11100
924	46	105000	0.6	10500
925	46	109000	0.6	10900
926	46	107000	0.6	10700
927	46	111000	0.6	11100
928	46	109000	0.6	10900
929	46	109000	0.6	10900
930	46	111000	0.6	11100
931	46	107000	0.6	10700
932	46	103000	0.6	10300
933	46	111000	0.6	11100
934	46	105000	0.6	10500
935	46	109000	0.6	10900
936	46	109000	0.6	10900
937	46	103000	0.6	10300
938	46	105000	0.6	10500
939	46	105000	0.6	10500
940	47	111000	0.6	11100
941	47	107000	0.6	10700
942	47	107000	0.6	10700
943	47	107000	0.6	10700
944	47	105000	0.6	10500
945	47	107000	0.6	10700
946	47	109000	0.6	10900
947	47	103000	0.6	10300
948	47	105000	0.6	10500
949	47	105000	0.6	10500
950	47	111000	0.6	11100
951	47	107000	0.6	10700
952	47	107000	0.6	10700
953	47	107000	0.6	10700
954	47	105000	0.6	10500
955	47	105000	0.6	10500
956	47	105000	0.6	10500
957	47	105000	0.6	10500
958	47	109000	0.6	10900
959	47	107000	0.6	10700
960	48	105000	0.6	10500
961	48	111000	0.6	11100
962	48	111000	0.6	11100
963	48	109000	0.6	10900
964	48	105000	0.6	10500
965	48	107000	0.6	10700
966	48	111000	0.6	11100
967	48	107000	0.6	10700
968	48	103000	0.6	10300
969	48	107000	0.6	10700
970	48	107000	0.6	10700
971	48	103000	0.6	10300
972	48	107000	0.6	10700
973	48	103000	0.6	10300
974	48	109000	0.6	10900
975	48	105000	0.6	10500
976	48	111000	0.6	11100
977	48	111000	0.6	11100
978	48	105000	0.6	10500
979	48	109000	0.6	10900
980	49	111000	0.6	11100
981	49	103000	0.6	10300
982	49	111000	0.6	11100
983	49	105000	0.6	10500
984	49	109000	0.6	10900
985	49	111000	0.6	11100
986	49	109000	0.6	10900
987	49	103000	0.6	10300
988	49	111000	0.6	11100
989	49	105000	0.6	10500
990	49	109000	0.6	10900
991	49	105000	0.6	10500
992	49	105000	0.6	10500
993	49	103000	0.6	10300
994	49	111000	0.6	11100
995	49	105000	0.6	10500
996	49	107000	0.6	10700
997	49	107000	0.6	10700
998	49	107000	0.6	10700
999	49	103000	0.6	10300
1000	50	109000	0.6	10900
1001	50	109000	0.6	10900
1002	50	109000	0.6	10900
1003	50	107000	0.6	10700
1004	50	103000	0.6	10300
1005	50	103000	0.6	10300
1006	50	109000	0.6	10900
1007	50	111000	0.6	11100
1008	50	105000	0.6	10500
1009	50	105000	0.6	10500
1010	50	103000	0.6	10300
1011	50	109000	0.6	10900
1012	50	105000	0.6	10500
1013	50	107000	0.6	10700
1014	50	103000	0.6	10300
1015	50	107000	0.6	10700
1016	50	109000	0.6	10900
1017	50	107000	0.6	10700
1018	50	111000	0.6	11100
1019	50	105000	0.6	10500
1020	51	107000	0.6	10700
1021	51	111000	0.6	11100
1022	51	103000	0.6	10300
1023	51	109000	0.6	10900
1024	51	105000	0.6	10500
1025	51	109000	0.6	10900
1026	51	109000	0.6	10900
1027	51	111000	0.6	11100
1028	51	105000	0.6	10500
1029	51	105000	0.6	10500
1030	51	109000	0.6	10900
1031	51	103000	0.6	10300
1032	51	107000	0.6	10700
1033	51	105000	0.6	10500
1034	51	109000	0.6	10900
1035	51	111000	0.6	11100
1036	51	105000	0.6	10500
1037	51	107000	0.6	10700
1038	51	103000	0.6	10300
1039	51	103000	0.6	10300
1040	52	109000	0.6	10900
1041	52	109000	0.6	10900
1042	52	109000	0.6	10900
1043	52	103000	0.6	10300
1044	52	103000	0.6	10300
1045	52	103000	0.6	10300
1046	52	105000	0.6	10500
1047	52	103000	0.6	10300
1048	52	105000	0.6	10500
1049	52	105000	0.6	10500
1050	52	109000	0.6	10900
1051	52	103000	0.6	10300
1052	52	105000	0.6	10500
1053	52	109000	0.6	10900
1054	52	109000	0.6	10900
1055	52	111000	0.6	11100
1056	52	109000	0.6	10900
1057	52	105000	0.6	10500
1058	52	103000	0.6	10300
1059	52	105000	0.6	10500
1060	53	109000	0.6	10900
1061	53	103000	0.6	10300
1062	53	111000	0.6	11100
1063	53	109000	0.6	10900
1064	53	105000	0.6	10500
1065	53	103000	0.6	10300
1066	53	103000	0.6	10300
1067	53	111000	0.6	11100
1068	53	111000	0.6	11100
1069	53	109000	0.6	10900
1070	53	103000	0.6	10300
1071	53	107000	0.6	10700
1072	53	105000	0.6	10500
1073	53	103000	0.6	10300
1074	53	107000	0.6	10700
1075	53	103000	0.6	10300
1076	53	111000	0.6	11100
1077	53	105000	0.6	10500
1078	53	111000	0.6	11100
1079	53	107000	0.6	10700
1080	54	107000	0.6	10700
1081	54	109000	0.6	10900
1082	54	111000	0.6	11100
1083	54	107000	0.6	10700
1084	54	111000	0.6	11100
1085	54	105000	0.6	10500
1086	54	103000	0.6	10300
1087	54	103000	0.6	10300
1088	54	109000	0.6	10900
1089	54	107000	0.6	10700
1090	54	107000	0.6	10700
1091	54	103000	0.6	10300
1092	54	103000	0.6	10300
1093	54	111000	0.6	11100
1094	54	107000	0.6	10700
1095	54	111000	0.6	11100
1096	54	109000	0.6	10900
1097	54	111000	0.6	11100
1098	54	111000	0.6	11100
1099	54	107000	0.6	10700
1100	55	111000	0.6	11100
1101	55	109000	0.6	10900
1102	55	105000	0.6	10500
1103	55	103000	0.6	10300
1104	55	105000	0.6	10500
1105	55	111000	0.6	11100
1106	55	109000	0.6	10900
1107	55	111000	0.6	11100
1108	55	111000	0.6	11100
1109	55	107000	0.6	10700
1110	55	103000	0.6	10300
1111	55	107000	0.6	10700
1112	55	111000	0.6	11100
1113	55	111000	0.6	11100
1114	55	111000	0.6	11100
1115	55	103000	0.6	10300
1116	55	111000	0.6	11100
1117	55	105000	0.6	10500
1118	55	111000	0.6	11100
1119	55	107000	0.6	10700
1120	56	109000	0.6	10900
1121	56	109000	0.6	10900
1122	56	109000	0.6	10900
1123	56	103000	0.6	10300
1124	56	109000	0.6	10900
1125	56	103000	0.6	10300
1126	56	103000	0.6	10300
1127	56	109000	0.6	10900
1128	56	105000	0.6	10500
1129	56	109000	0.6	10900
1130	56	111000	0.6	11100
1131	56	109000	0.6	10900
1132	56	111000	0.6	11100
1133	56	109000	0.6	10900
1134	56	111000	0.6	11100
1135	56	107000	0.6	10700
1136	56	109000	0.6	10900
1137	56	107000	0.6	10700
1138	56	107000	0.6	10700
1139	56	109000	0.6	10900
1140	57	109000	0.6	10900
1141	57	105000	0.6	10500
1142	57	111000	0.6	11100
1143	57	103000	0.6	10300
1144	57	103000	0.6	10300
1145	57	103000	0.6	10300
1146	57	105000	0.6	10500
1147	57	109000	0.6	10900
1148	57	111000	0.6	11100
1149	57	109000	0.6	10900
1150	57	111000	0.6	11100
1151	57	111000	0.6	11100
1152	57	111000	0.6	11100
1153	57	111000	0.6	11100
1154	57	107000	0.6	10700
1155	57	103000	0.6	10300
1156	57	107000	0.6	10700
1157	57	109000	0.6	10900
1158	57	103000	0.6	10300
1159	57	109000	0.6	10900
1160	58	111000	0.6	11100
1161	58	107000	0.6	10700
1162	58	103000	0.6	10300
1163	58	105000	0.6	10500
1164	58	103000	0.6	10300
1165	58	107000	0.6	10700
1166	58	105000	0.6	10500
1167	58	105000	0.6	10500
1168	58	111000	0.6	11100
1169	58	109000	0.6	10900
1170	58	107000	0.6	10700
1171	58	103000	0.6	10300
1172	58	103000	0.6	10300
1173	58	111000	0.6	11100
1174	58	107000	0.6	10700
1175	58	109000	0.6	10900
1176	58	105000	0.6	10500
1177	58	107000	0.6	10700
1178	58	109000	0.6	10900
1179	58	105000	0.6	10500
1180	59	103000	0.6	10300
1181	59	111000	0.6	11100
1182	59	107000	0.6	10700
1183	59	111000	0.6	11100
1184	59	109000	0.6	10900
1185	59	107000	0.6	10700
1186	59	109000	0.6	10900
1187	59	107000	0.6	10700
1188	59	109000	0.6	10900
1189	59	103000	0.6	10300
1190	59	107000	0.6	10700
1191	59	111000	0.6	11100
1192	59	105000	0.6	10500
1193	59	109000	0.6	10900
1194	59	103000	0.6	10300
1195	59	105000	0.6	10500
1196	59	107000	0.6	10700
1197	59	107000	0.6	10700
1198	59	105000	0.6	10500
1199	59	111000	0.6	11100
1200	60	107000	0.6	10700
1201	60	105000	0.6	10500
1202	60	105000	0.6	10500
1203	60	107000	0.6	10700
1204	60	111000	0.6	11100
1205	60	107000	0.6	10700
1206	60	109000	0.6	10900
1207	60	103000	0.6	10300
1208	60	109000	0.6	10900
1209	60	111000	0.6	11100
1210	60	109000	0.6	10900
1211	60	107000	0.6	10700
1212	60	107000	0.6	10700
1213	60	105000	0.6	10500
1214	60	103000	0.6	10300
1215	60	105000	0.6	10500
1216	60	109000	0.6	10900
1217	60	107000	0.6	10700
1218	60	107000	0.6	10700
1219	60	107000	0.6	10700
1220	61	103000	0.6	10300
1221	61	105000	0.6	10500
1222	61	105000	0.6	10500
1223	61	107000	0.6	10700
1224	61	105000	0.6	10500
1225	61	105000	0.6	10500
1226	61	105000	0.6	10500
1227	61	103000	0.6	10300
1228	61	105000	0.6	10500
1229	61	107000	0.6	10700
1230	61	107000	0.6	10700
1231	61	103000	0.6	10300
1232	61	107000	0.6	10700
1233	61	111000	0.6	11100
1234	61	103000	0.6	10300
1235	61	103000	0.6	10300
1236	61	109000	0.6	10900
1237	61	109000	0.6	10900
1238	61	105000	0.6	10500
1239	61	107000	0.6	10700
1240	62	105000	0.6	10500
1241	62	111000	0.6	11100
1242	62	103000	0.6	10300
1243	62	103000	0.6	10300
1244	62	105000	0.6	10500
1245	62	107000	0.6	10700
1246	62	105000	0.6	10500
1247	62	103000	0.6	10300
1248	62	103000	0.6	10300
1249	62	109000	0.6	10900
1250	62	103000	0.6	10300
1251	62	107000	0.6	10700
1252	62	111000	0.6	11100
1253	62	109000	0.6	10900
1254	62	103000	0.6	10300
1255	62	111000	0.6	11100
1256	62	111000	0.6	11100
1257	62	103000	0.6	10300
1258	62	111000	0.6	11100
1259	62	107000	0.6	10700
1260	63	107000	0.6	10700
1261	63	111000	0.6	11100
1262	63	103000	0.6	10300
1263	63	103000	0.6	10300
1264	63	107000	0.6	10700
1265	63	111000	0.6	11100
1266	63	107000	0.6	10700
1267	63	105000	0.6	10500
1268	63	107000	0.6	10700
1269	63	105000	0.6	10500
1270	63	111000	0.6	11100
1271	63	105000	0.6	10500
1272	63	103000	0.6	10300
1273	63	103000	0.6	10300
1274	63	111000	0.6	11100
1275	63	105000	0.6	10500
1276	63	103000	0.6	10300
1277	63	105000	0.6	10500
1278	63	105000	0.6	10500
1279	63	103000	0.6	10300
1280	64	111000	0.6	11100
1281	64	107000	0.6	10700
1282	64	105000	0.6	10500
1283	64	107000	0.6	10700
1284	64	105000	0.6	10500
1285	64	103000	0.6	10300
1286	64	107000	0.6	10700
1287	64	109000	0.6	10900
1288	64	109000	0.6	10900
1289	64	111000	0.6	11100
1290	64	111000	0.6	11100
1291	64	103000	0.6	10300
1292	64	109000	0.6	10900
1293	64	111000	0.6	11100
1294	64	109000	0.6	10900
1295	64	111000	0.6	11100
1296	64	105000	0.6	10500
1297	64	107000	0.6	10700
1298	64	107000	0.6	10700
1299	64	107000	0.6	10700
1300	65	109000	0.6	10900
1301	65	105000	0.6	10500
1302	65	109000	0.6	10900
1303	65	105000	0.6	10500
1304	65	105000	0.6	10500
1305	65	111000	0.6	11100
1306	65	105000	0.6	10500
1307	65	111000	0.6	11100
1308	65	111000	0.6	11100
1309	65	111000	0.6	11100
1310	65	105000	0.6	10500
1311	65	109000	0.6	10900
1312	65	111000	0.6	11100
1313	65	107000	0.6	10700
1314	65	109000	0.6	10900
1315	65	109000	0.6	10900
1316	65	103000	0.6	10300
1317	65	109000	0.6	10900
1318	65	107000	0.6	10700
1319	65	107000	0.6	10700
1320	66	109000	0.6	10900
1321	66	107000	0.6	10700
1322	66	103000	0.6	10300
1323	66	107000	0.6	10700
1324	66	103000	0.6	10300
1325	66	105000	0.6	10500
1326	66	107000	0.6	10700
1327	66	107000	0.6	10700
1328	66	107000	0.6	10700
1329	66	107000	0.6	10700
1330	66	105000	0.6	10500
1331	66	105000	0.6	10500
1332	66	107000	0.6	10700
1333	66	107000	0.6	10700
1334	66	105000	0.6	10500
1335	66	103000	0.6	10300
1336	66	107000	0.6	10700
1337	66	103000	0.6	10300
1338	66	109000	0.6	10900
1339	66	107000	0.6	10700
1340	67	107000	0.6	10700
1341	67	105000	0.6	10500
1342	67	111000	0.6	11100
1343	67	111000	0.6	11100
1344	67	107000	0.6	10700
1345	67	103000	0.6	10300
1346	67	109000	0.6	10900
1347	67	107000	0.6	10700
1348	67	111000	0.6	11100
1349	67	103000	0.6	10300
1350	67	105000	0.6	10500
1351	67	107000	0.6	10700
1352	67	111000	0.6	11100
1353	67	105000	0.6	10500
1354	67	111000	0.6	11100
1355	67	109000	0.6	10900
1356	67	111000	0.6	11100
1357	67	109000	0.6	10900
1358	67	107000	0.6	10700
1359	67	103000	0.6	10300
1360	68	105000	0.6	10500
1361	68	105000	0.6	10500
1362	68	103000	0.6	10300
1363	68	111000	0.6	11100
1364	68	103000	0.6	10300
1365	68	107000	0.6	10700
1366	68	105000	0.6	10500
1367	68	111000	0.6	11100
1368	68	105000	0.6	10500
1369	68	111000	0.6	11100
1370	68	111000	0.6	11100
1371	68	105000	0.6	10500
1372	68	109000	0.6	10900
1373	68	111000	0.6	11100
1374	68	105000	0.6	10500
1375	68	111000	0.6	11100
1376	68	109000	0.6	10900
1377	68	105000	0.6	10500
1378	68	111000	0.6	11100
1379	68	111000	0.6	11100
1380	69	103000	0.6	10300
1381	69	103000	0.6	10300
1382	69	109000	0.6	10900
1383	69	111000	0.6	11100
1384	69	105000	0.6	10500
1385	69	105000	0.6	10500
1386	69	107000	0.6	10700
1387	69	111000	0.6	11100
1388	69	109000	0.6	10900
1389	69	107000	0.6	10700
1390	69	107000	0.6	10700
1391	69	111000	0.6	11100
1392	69	107000	0.6	10700
1393	69	103000	0.6	10300
1394	69	111000	0.6	11100
1395	69	111000	0.6	11100
1396	69	103000	0.6	10300
1397	69	105000	0.6	10500
1398	69	107000	0.6	10700
1399	69	105000	0.6	10500
1400	70	109000	0.6	10900
1401	70	111000	0.6	11100
1402	70	105000	0.6	10500
1403	70	109000	0.6	10900
1404	70	109000	0.6	10900
1405	70	109000	0.6	10900
1406	70	107000	0.6	10700
1407	70	111000	0.6	11100
1408	70	105000	0.6	10500
1409	70	107000	0.6	10700
1410	70	109000	0.6	10900
1411	70	103000	0.6	10300
1412	70	107000	0.6	10700
1413	70	107000	0.6	10700
1414	70	103000	0.6	10300
1415	70	103000	0.6	10300
1416	70	103000	0.6	10300
1417	70	103000	0.6	10300
1418	70	109000	0.6	10900
1419	70	107000	0.6	10700
1420	71	105000	0.6	10500
1421	71	105000	0.6	10500
1422	71	105000	0.6	10500
1423	71	107000	0.6	10700
1424	71	109000	0.6	10900
1425	71	111000	0.6	11100
1426	71	111000	0.6	11100
1427	71	105000	0.6	10500
1428	71	103000	0.6	10300
1429	71	103000	0.6	10300
1430	71	111000	0.6	11100
1431	71	105000	0.6	10500
1432	71	107000	0.6	10700
1433	71	105000	0.6	10500
1434	71	111000	0.6	11100
1435	71	105000	0.6	10500
1436	71	105000	0.6	10500
1437	71	105000	0.6	10500
1438	71	107000	0.6	10700
1439	71	109000	0.6	10900
1440	72	109000	0.6	10900
1441	72	107000	0.6	10700
1442	72	111000	0.6	11100
1443	72	103000	0.6	10300
1444	72	109000	0.6	10900
1445	72	111000	0.6	11100
1446	72	107000	0.6	10700
1447	72	103000	0.6	10300
1448	72	111000	0.6	11100
1449	72	103000	0.6	10300
1450	72	109000	0.6	10900
1451	72	111000	0.6	11100
1452	72	103000	0.6	10300
1453	72	107000	0.6	10700
1454	72	103000	0.6	10300
1455	72	105000	0.6	10500
1456	72	103000	0.6	10300
1457	72	107000	0.6	10700
1458	72	109000	0.6	10900
1459	72	105000	0.6	10500
1460	73	105000	0.6	10500
1461	73	111000	0.6	11100
1462	73	109000	0.6	10900
1463	73	111000	0.6	11100
1464	73	107000	0.6	10700
1465	73	103000	0.6	10300
1466	73	109000	0.6	10900
1467	73	105000	0.6	10500
1468	73	105000	0.6	10500
1469	73	103000	0.6	10300
1470	73	111000	0.6	11100
1471	73	107000	0.6	10700
1472	73	105000	0.6	10500
1473	73	109000	0.6	10900
1474	73	103000	0.6	10300
1475	73	107000	0.6	10700
1476	73	107000	0.6	10700
1477	73	103000	0.6	10300
1478	73	107000	0.6	10700
1479	73	109000	0.6	10900
1480	74	107000	0.6	10700
1481	74	111000	0.6	11100
1482	74	107000	0.6	10700
1483	74	105000	0.6	10500
1484	74	107000	0.6	10700
1485	74	105000	0.6	10500
1486	74	103000	0.6	10300
1487	74	103000	0.6	10300
1488	74	103000	0.6	10300
1489	74	103000	0.6	10300
1490	74	109000	0.6	10900
1491	74	111000	0.6	11100
1492	74	109000	0.6	10900
1493	74	107000	0.6	10700
1494	74	105000	0.6	10500
1495	74	105000	0.6	10500
1496	74	103000	0.6	10300
1497	74	103000	0.6	10300
1498	74	103000	0.6	10300
1499	74	109000	0.6	10900
1500	75	111000	0.6	11100
1501	75	105000	0.6	10500
1502	75	109000	0.6	10900
1503	75	105000	0.6	10500
1504	75	109000	0.6	10900
1505	75	111000	0.6	11100
1506	75	103000	0.6	10300
1507	75	109000	0.6	10900
1508	75	109000	0.6	10900
1509	75	107000	0.6	10700
1510	75	111000	0.6	11100
1511	75	109000	0.6	10900
1512	75	105000	0.6	10500
1513	75	109000	0.6	10900
1514	75	107000	0.6	10700
1515	75	109000	0.6	10900
1516	75	109000	0.6	10900
1517	75	105000	0.6	10500
1518	75	109000	0.6	10900
1519	75	107000	0.6	10700
1520	76	111000	0.6	11100
1521	76	107000	0.6	10700
1522	76	107000	0.6	10700
1523	76	103000	0.6	10300
1524	76	105000	0.6	10500
1525	76	111000	0.6	11100
1526	76	109000	0.6	10900
1527	76	103000	0.6	10300
1528	76	105000	0.6	10500
1529	76	109000	0.6	10900
1530	76	107000	0.6	10700
1531	76	111000	0.6	11100
1532	76	105000	0.6	10500
1533	76	107000	0.6	10700
1534	76	103000	0.6	10300
1535	76	107000	0.6	10700
1536	76	105000	0.6	10500
1537	76	111000	0.6	11100
1538	76	107000	0.6	10700
1539	76	103000	0.6	10300
1540	77	105000	0.6	10500
1541	77	107000	0.6	10700
1542	77	105000	0.6	10500
1543	77	111000	0.6	11100
1544	77	105000	0.6	10500
1545	77	103000	0.6	10300
1546	77	107000	0.6	10700
1547	77	103000	0.6	10300
1548	77	105000	0.6	10500
1549	77	105000	0.6	10500
1550	77	109000	0.6	10900
1551	77	111000	0.6	11100
1552	77	107000	0.6	10700
1553	77	111000	0.6	11100
1554	77	103000	0.6	10300
1555	77	109000	0.6	10900
1556	77	111000	0.6	11100
1557	77	105000	0.6	10500
1558	77	105000	0.6	10500
1559	77	105000	0.6	10500
1560	78	103000	0.6	10300
1561	78	111000	0.6	11100
1562	78	103000	0.6	10300
1563	78	107000	0.6	10700
1564	78	105000	0.6	10500
1565	78	109000	0.6	10900
1566	78	105000	0.6	10500
1567	78	105000	0.6	10500
1568	78	107000	0.6	10700
1569	78	109000	0.6	10900
1570	78	111000	0.6	11100
1571	78	109000	0.6	10900
1572	78	105000	0.6	10500
1573	78	103000	0.6	10300
1574	78	105000	0.6	10500
1575	78	111000	0.6	11100
1576	78	109000	0.6	10900
1577	78	105000	0.6	10500
1578	78	109000	0.6	10900
1579	78	107000	0.6	10700
1580	79	107000	0.6	10700
1581	79	109000	0.6	10900
1582	79	105000	0.6	10500
1583	79	109000	0.6	10900
1584	79	109000	0.6	10900
1585	79	107000	0.6	10700
1586	79	109000	0.6	10900
1587	79	111000	0.6	11100
1588	79	103000	0.6	10300
1589	79	109000	0.6	10900
1590	79	111000	0.6	11100
1591	79	107000	0.6	10700
1592	79	103000	0.6	10300
1593	79	107000	0.6	10700
1594	79	103000	0.6	10300
1595	79	103000	0.6	10300
1596	79	105000	0.6	10500
1597	79	107000	0.6	10700
1598	79	103000	0.6	10300
1599	79	111000	0.6	11100
1600	80	107000	0.6	10700
1601	80	105000	0.6	10500
1602	80	111000	0.6	11100
1603	80	109000	0.6	10900
1604	80	111000	0.6	11100
1605	80	109000	0.6	10900
1606	80	111000	0.6	11100
1607	80	105000	0.6	10500
1608	80	107000	0.6	10700
1609	80	105000	0.6	10500
1610	80	109000	0.6	10900
1611	80	105000	0.6	10500
1612	80	103000	0.6	10300
1613	80	109000	0.6	10900
1614	80	111000	0.6	11100
1615	80	105000	0.6	10500
1616	80	103000	0.6	10300
1617	80	111000	0.6	11100
1618	80	109000	0.6	10900
1619	80	109000	0.6	10900
1620	81	109000	0.6	10900
1621	81	103000	0.6	10300
1622	81	103000	0.6	10300
1623	81	111000	0.6	11100
1624	81	109000	0.6	10900
1625	81	111000	0.6	11100
1626	81	109000	0.6	10900
1627	81	109000	0.6	10900
1628	81	111000	0.6	11100
1629	81	111000	0.6	11100
1630	81	105000	0.6	10500
1631	81	109000	0.6	10900
1632	81	103000	0.6	10300
1633	81	107000	0.6	10700
1634	81	107000	0.6	10700
1635	81	105000	0.6	10500
1636	81	111000	0.6	11100
1637	81	109000	0.6	10900
1638	81	109000	0.6	10900
1639	81	109000	0.6	10900
1640	82	109000	0.6	10900
1641	82	111000	0.6	11100
1642	82	105000	0.6	10500
1643	82	109000	0.6	10900
1644	82	107000	0.6	10700
1645	82	107000	0.6	10700
1646	82	103000	0.6	10300
1647	82	109000	0.6	10900
1648	82	103000	0.6	10300
1649	82	103000	0.6	10300
1650	82	109000	0.6	10900
1651	82	103000	0.6	10300
1652	82	107000	0.6	10700
1653	82	105000	0.6	10500
1654	82	103000	0.6	10300
1655	82	103000	0.6	10300
1656	82	103000	0.6	10300
1657	82	109000	0.6	10900
1658	82	109000	0.6	10900
1659	82	111000	0.6	11100
1660	83	107000	0.6	10700
1661	83	111000	0.6	11100
1662	83	111000	0.6	11100
1663	83	107000	0.6	10700
1664	83	109000	0.6	10900
1665	83	105000	0.6	10500
1666	83	109000	0.6	10900
1667	83	105000	0.6	10500
1668	83	107000	0.6	10700
1669	83	109000	0.6	10900
1670	83	105000	0.6	10500
1671	83	111000	0.6	11100
1672	83	107000	0.6	10700
1673	83	109000	0.6	10900
1674	83	107000	0.6	10700
1675	83	103000	0.6	10300
1676	83	103000	0.6	10300
1677	83	103000	0.6	10300
1678	83	111000	0.6	11100
1679	83	111000	0.6	11100
1680	84	111000	0.6	11100
1681	84	105000	0.6	10500
1682	84	103000	0.6	10300
1683	84	109000	0.6	10900
1684	84	109000	0.6	10900
1685	84	109000	0.6	10900
1686	84	111000	0.6	11100
1687	84	109000	0.6	10900
1688	84	109000	0.6	10900
1689	84	103000	0.6	10300
1690	84	103000	0.6	10300
1691	84	111000	0.6	11100
1692	84	103000	0.6	10300
1693	84	103000	0.6	10300
1694	84	103000	0.6	10300
1695	84	105000	0.6	10500
1696	84	107000	0.6	10700
1697	84	109000	0.6	10900
1698	84	109000	0.6	10900
1699	84	107000	0.6	10700
1700	85	105000	0.6	10500
1701	85	107000	0.6	10700
1702	85	107000	0.6	10700
1703	85	103000	0.6	10300
1704	85	107000	0.6	10700
1705	85	109000	0.6	10900
1706	85	107000	0.6	10700
1707	85	111000	0.6	11100
1708	85	105000	0.6	10500
1709	85	103000	0.6	10300
1710	85	103000	0.6	10300
1711	85	107000	0.6	10700
1712	85	103000	0.6	10300
1713	85	103000	0.6	10300
1714	85	109000	0.6	10900
1715	85	103000	0.6	10300
1716	85	107000	0.6	10700
1717	85	103000	0.6	10300
1718	85	103000	0.6	10300
1719	85	111000	0.6	11100
1720	86	103000	0.6	10300
1721	86	107000	0.6	10700
1722	86	111000	0.6	11100
1723	86	109000	0.6	10900
1724	86	107000	0.6	10700
1725	86	111000	0.6	11100
1726	86	103000	0.6	10300
1727	86	103000	0.6	10300
1728	86	105000	0.6	10500
1729	86	103000	0.6	10300
1730	86	105000	0.6	10500
1731	86	109000	0.6	10900
1732	86	103000	0.6	10300
1733	86	107000	0.6	10700
1734	86	109000	0.6	10900
1735	86	111000	0.6	11100
1736	86	105000	0.6	10500
1737	86	109000	0.6	10900
1738	86	103000	0.6	10300
1739	86	103000	0.6	10300
1740	87	111000	0.6	11100
1741	87	107000	0.6	10700
1742	87	109000	0.6	10900
1743	87	107000	0.6	10700
1744	87	107000	0.6	10700
1745	87	103000	0.6	10300
1746	87	107000	0.6	10700
1747	87	109000	0.6	10900
1748	87	105000	0.6	10500
1749	87	109000	0.6	10900
1750	87	107000	0.6	10700
1751	87	105000	0.6	10500
1752	87	105000	0.6	10500
1753	87	109000	0.6	10900
1754	87	107000	0.6	10700
1755	87	109000	0.6	10900
1756	87	107000	0.6	10700
1757	87	111000	0.6	11100
1758	87	109000	0.6	10900
1759	87	103000	0.6	10300
1760	88	111000	0.6	11100
1761	88	103000	0.6	10300
1762	88	107000	0.6	10700
1763	88	109000	0.6	10900
1764	88	105000	0.6	10500
1765	88	109000	0.6	10900
1766	88	107000	0.6	10700
1767	88	111000	0.6	11100
1768	88	111000	0.6	11100
1769	88	103000	0.6	10300
1770	88	107000	0.6	10700
1771	88	103000	0.6	10300
1772	88	111000	0.6	11100
1773	88	111000	0.6	11100
1774	88	107000	0.6	10700
1775	88	111000	0.6	11100
1776	88	109000	0.6	10900
1777	88	107000	0.6	10700
1778	88	109000	0.6	10900
1779	88	105000	0.6	10500
1780	89	111000	0.6	11100
1781	89	103000	0.6	10300
1782	89	109000	0.6	10900
1783	89	105000	0.6	10500
1784	89	109000	0.6	10900
1785	89	105000	0.6	10500
1786	89	105000	0.6	10500
1787	89	111000	0.6	11100
1788	89	111000	0.6	11100
1789	89	111000	0.6	11100
1790	89	103000	0.6	10300
1791	89	107000	0.6	10700
1792	89	105000	0.6	10500
1793	89	107000	0.6	10700
1794	89	107000	0.6	10700
1795	89	105000	0.6	10500
1796	89	103000	0.6	10300
1797	89	109000	0.6	10900
1798	89	103000	0.6	10300
1799	89	111000	0.6	11100
1800	90	109000	0.6	10900
1801	90	103000	0.6	10300
1802	90	103000	0.6	10300
1803	90	103000	0.6	10300
1804	90	103000	0.6	10300
1805	90	109000	0.6	10900
1806	90	107000	0.6	10700
1807	90	109000	0.6	10900
1808	90	109000	0.6	10900
1809	90	105000	0.6	10500
1810	90	111000	0.6	11100
1811	90	111000	0.6	11100
1812	90	109000	0.6	10900
1813	90	111000	0.6	11100
1814	90	109000	0.6	10900
1815	90	105000	0.6	10500
1816	90	103000	0.6	10300
1817	90	109000	0.6	10900
1818	90	107000	0.6	10700
1819	90	109000	0.6	10900
1820	91	111000	0.6	11100
1821	91	103000	0.6	10300
1822	91	109000	0.6	10900
1823	91	105000	0.6	10500
1824	91	109000	0.6	10900
1825	91	107000	0.6	10700
1826	91	105000	0.6	10500
1827	91	105000	0.6	10500
1828	91	107000	0.6	10700
1829	91	111000	0.6	11100
1830	91	111000	0.6	11100
1831	91	111000	0.6	11100
1832	91	111000	0.6	11100
1833	91	105000	0.6	10500
1834	91	105000	0.6	10500
1835	91	103000	0.6	10300
1836	91	109000	0.6	10900
1837	91	103000	0.6	10300
1838	91	107000	0.6	10700
1839	91	105000	0.6	10500
1840	92	111000	0.6	11100
1841	92	111000	0.6	11100
1842	92	103000	0.6	10300
1843	92	105000	0.6	10500
1844	92	109000	0.6	10900
1845	92	103000	0.6	10300
1846	92	105000	0.6	10500
1847	92	107000	0.6	10700
1848	92	103000	0.6	10300
1849	92	107000	0.6	10700
1850	92	105000	0.6	10500
1851	92	103000	0.6	10300
1852	92	103000	0.6	10300
1853	92	103000	0.6	10300
1854	92	109000	0.6	10900
1855	92	109000	0.6	10900
1856	92	107000	0.6	10700
1857	92	103000	0.6	10300
1858	92	105000	0.6	10500
1859	92	111000	0.6	11100
1860	93	109000	0.6	10900
1861	93	111000	0.6	11100
1862	93	105000	0.6	10500
1863	93	109000	0.6	10900
1864	93	107000	0.6	10700
1865	93	109000	0.6	10900
1866	93	107000	0.6	10700
1867	93	103000	0.6	10300
1868	93	105000	0.6	10500
1869	93	111000	0.6	11100
1870	93	107000	0.6	10700
1871	93	103000	0.6	10300
1872	93	111000	0.6	11100
1873	93	105000	0.6	10500
1874	93	107000	0.6	10700
1875	93	109000	0.6	10900
1876	93	103000	0.6	10300
1877	93	109000	0.6	10900
1878	93	103000	0.6	10300
1879	93	111000	0.6	11100
1880	94	111000	0.6	11100
1881	94	103000	0.6	10300
1882	94	111000	0.6	11100
1883	94	107000	0.6	10700
1884	94	103000	0.6	10300
1885	94	105000	0.6	10500
1886	94	107000	0.6	10700
1887	94	103000	0.6	10300
1888	94	107000	0.6	10700
1889	94	103000	0.6	10300
1890	94	103000	0.6	10300
1891	94	111000	0.6	11100
1892	94	105000	0.6	10500
1893	94	111000	0.6	11100
1894	94	111000	0.6	11100
1895	94	111000	0.6	11100
1896	94	109000	0.6	10900
1897	94	111000	0.6	11100
1898	94	103000	0.6	10300
1899	94	105000	0.6	10500
1900	95	111000	0.6	11100
1901	95	111000	0.6	11100
1902	95	111000	0.6	11100
1903	95	111000	0.6	11100
1904	95	105000	0.6	10500
1905	95	105000	0.6	10500
1906	95	111000	0.6	11100
1907	95	105000	0.6	10500
1908	95	105000	0.6	10500
1909	95	109000	0.6	10900
1910	95	105000	0.6	10500
1911	95	107000	0.6	10700
1912	95	111000	0.6	11100
1913	95	111000	0.6	11100
1914	95	105000	0.6	10500
1915	95	111000	0.6	11100
1916	95	107000	0.6	10700
1917	95	103000	0.6	10300
1918	95	103000	0.6	10300
1919	95	107000	0.6	10700
1920	96	109000	0.6	10900
1921	96	111000	0.6	11100
1922	96	109000	0.6	10900
1923	96	107000	0.6	10700
1924	96	107000	0.6	10700
1925	96	109000	0.6	10900
1926	96	105000	0.6	10500
1927	96	107000	0.6	10700
1928	96	109000	0.6	10900
1929	96	103000	0.6	10300
1930	96	107000	0.6	10700
1931	96	109000	0.6	10900
1932	96	107000	0.6	10700
1933	96	111000	0.6	11100
1934	96	109000	0.6	10900
1935	96	105000	0.6	10500
1936	96	103000	0.6	10300
1937	96	103000	0.6	10300
1938	96	107000	0.6	10700
1939	96	107000	0.6	10700
1940	97	109000	0.6	10900
1941	97	109000	0.6	10900
1942	97	111000	0.6	11100
1943	97	103000	0.6	10300
1944	97	109000	0.6	10900
1945	97	105000	0.6	10500
1946	97	103000	0.6	10300
1947	97	107000	0.6	10700
1948	97	111000	0.6	11100
1949	97	109000	0.6	10900
1950	97	105000	0.6	10500
1951	97	107000	0.6	10700
1952	97	109000	0.6	10900
1953	97	109000	0.6	10900
1954	97	111000	0.6	11100
1955	97	109000	0.6	10900
1956	97	105000	0.6	10500
1957	97	105000	0.6	10500
1958	97	105000	0.6	10500
1959	97	107000	0.6	10700
1960	98	103000	0.6	10300
1961	98	103000	0.6	10300
1962	98	109000	0.6	10900
1963	98	105000	0.6	10500
1964	98	103000	0.6	10300
1965	98	109000	0.6	10900
1966	98	109000	0.6	10900
1967	98	109000	0.6	10900
1968	98	105000	0.6	10500
1969	98	103000	0.6	10300
1970	98	107000	0.6	10700
1971	98	111000	0.6	11100
1972	98	105000	0.6	10500
1973	98	111000	0.6	11100
1974	98	103000	0.6	10300
1975	98	109000	0.6	10900
1976	98	111000	0.6	11100
1977	98	109000	0.6	10900
1978	98	111000	0.6	11100
1979	98	103000	0.6	10300
1980	99	109000	0.6	10900
1981	99	111000	0.6	11100
1982	99	105000	0.6	10500
1983	99	105000	0.6	10500
1984	99	105000	0.6	10500
1985	99	111000	0.6	11100
1986	99	103000	0.6	10300
1987	99	111000	0.6	11100
1988	99	103000	0.6	10300
1989	99	103000	0.6	10300
1990	99	105000	0.6	10500
1991	99	105000	0.6	10500
1992	99	111000	0.6	11100
1993	99	109000	0.6	10900
1994	99	107000	0.6	10700
1995	99	111000	0.6	11100
1996	99	109000	0.6	10900
1997	99	105000	0.6	10500
1998	99	103000	0.6	10300
1999	99	103000	0.6	10300
