0	0	900000	1.0	90000
1	0	337500	0.8	33750
2	0	150000	0.8	15000
3	0	525000	1.0	52500
4	0	900000	1.0	90000
5	0	525000	1.0	52500
6	0	712500	1.0	71250
7	0	712500	1.0	71250
8	0	337500	0.8	33750
9	0	900000	1.0	90000
10	0	900000	1.0	90000
11	0	712500	1.0	71250
12	0	712500	1.0	71250
13	0	900000	1.0	90000
14	0	337500	0.8	33750
15	0	150000	0.8	15000
16	0	525000	1.0	52500
17	0	525000	1.0	52500
18	0	712500	1.0	71250
19	0	150000	0.8	15000
20	1	337500	0.8	33750
21	1	337500	0.8	33750
22	1	337500	0.8	33750
23	1	337500	0.8	33750
24	1	900000	1.0	90000
25	1	150000	0.8	15000
26	1	712500	1.0	71250
27	1	525000	1.0	52500
28	1	712500	1.0	71250
29	1	900000	1.0	90000
30	1	900000	1.0	90000
31	1	712500	1.0	71250
32	1	712500	1.0	71250
33	1	150000	0.8	15000
34	1	150000	0.8	15000
35	1	150000	0.8	15000
36	1	900000	1.0	90000
37	1	900000	1.0	90000
38	1	150000	0.8	15000
39	1	337500	0.8	33750
40	2	150000	0.8	15000
41	2	712500	1.0	71250
42	2	712500	1.0	71250
43	2	150000	0.8	15000
44	2	337500	0.8	33750
45	2	712500	1.0	71250
46	2	525000	1.0	52500
47	2	525000	1.0	52500
48	2	337500	0.8	33750
49	2	337500	0.8	33750
50	2	900000	1.0	90000
51	2	150000	0.8	15000
52	2	337500	0.8	33750
53	2	712500	1.0	71250
54	2	525000	1.0	52500
55	2	900000	1.0	90000
56	2	525000	1.0	52500
57	2	337500	0.8	33750
58	2	900000	1.0	90000
59	2	150000	0.8	15000
60	3	337500	0.8	33750
61	3	337500	0.8	33750
62	3	712500	1.0	71250
63	3	337500	0.8	33750
64	3	900000	1.0	90000
65	3	900000	1.0	90000
66	3	525000	1.0	52500
67	3	900000	1.0	90000
68	3	525000	1.0	52500
69	3	525000	1.0	52500
70	3	337500	0.8	33750
71	3	712500	1.0	71250
72	3	900000	1.0	90000
73	3	712500	1.0	71250
74	3	525000	1.0	52500
75	3	712500	1.0	71250
76	3	337500	0.8	33750
77	3	337500	0.8	33750
78	3	900000	1.0	90000
79	3	150000	0.8	15000
80	4	150000	0.8	15000
81	4	337500	0.8	33750
82	4	900000	1.0	90000
83	4	900000	1.0	90000
84	4	900000	1.0	90000
85	4	337500	0.8	33750
86	4	337500	0.8	33750
87	4	337500	0.8	33750
88	4	150000	0.8	15000
89	4	337500	0.8	33750
90	4	337500	0.8	33750
91	4	337500	0.8	33750
92	4	150000	0.8	15000
93	4	337500	0.8	33750
94	4	525000	1.0	52500
95	4	712500	1.0	71250
96	4	900000	1.0	90000
97	4	150000	0.8	15000
98	4	337500	0.8	33750
99	4	337500	0.8	33750
100	5	337500	0.8	33750
101	5	900000	1.0	90000
102	5	712500	1.0	71250
103	5	712500	1.0	71250
104	5	150000	0.8	15000
105	5	525000	1.0	52500
106	5	150000	0.8	15000
107	5	525000	1.0	52500
108	5	150000	0.8	15000
109	5	525000	1.0	52500
110	5	337500	0.8	33750
111	5	712500	1.0	71250
112	5	150000	0.8	15000
113	5	525000	1.0	52500
114	5	712500	1.0	71250
115	5	525000	1.0	52500
116	5	150000	0.8	15000
117	5	337500	0.8	33750
118	5	712500	1.0	71250
119	5	712500	1.0	71250
120	6	900000	1.0	90000
121	6	525000	1.0	52500
122	6	337500	0.8	33750
123	6	525000	1.0	52500
124	6	337500	0.8	33750
125	6	712500	1.0	71250
126	6	525000	1.0	52500
127	6	337500	0.8	33750
128	6	712500	1.0	71250
129	6	712500	1.0	71250
130	6	337500	0.8	33750
131	6	900000	1.0	90000
132	6	525000	1.0	52500
133	6	712500	1.0	71250
134	6	900000	1.0	90000
135	6	712500	1.0	71250
136	6	150000	0.8	15000
137	6	337500	0.8	33750
138	6	525000	1.0	52500
139	6	712500	1.0	71250
140	7	525000	1.0	52500
141	7	150000	0.8	15000
142	7	712500	1.0	71250
143	7	337500	0.8	33750
144	7	712500	1.0	71250
145	7	525000	1.0	52500
146	7	525000	1.0	52500
147	7	712500	1.0	71250
148	7	900000	1.0	90000
149	7	150000	0.8	15000
150	7	525000	1.0	52500
151	7	337500	0.8	33750
152	7	900000	1.0	90000
153	7	900000	1.0	90000
154	7	150000	0.8	15000
155	7	337500	0.8	33750
156	7	337500	0.8	33750
157	7	150000	0.8	15000
158	7	900000	1.0	90000
159	7	900000	1.0	90000
160	8	150000	0.8	15000
161	8	900000	1.0	90000
162	8	150000	0.8	15000
163	8	900000	1.0	90000
164	8	712500	1.0	71250
165	8	337500	0.8	33750
166	8	712500	1.0	71250
167	8	525000	1.0	52500
168	8	900000	1.0	90000
169	8	712500	1.0	71250
170	8	900000	1.0	90000
171	8	525000	1.0	52500
172	8	150000	0.8	15000
173	8	712500	1.0	71250
174	8	525000	1.0	52500
175	8	150000	0.8	15000
176	8	150000	0.8	15000
177	8	900000	1.0	90000
178	8	525000	1.0	52500
179	8	525000	1.0	52500
180	9	900000	1.0	90000
181	9	712500	1.0	71250
182	9	525000	1.0	52500
183	9	150000	0.8	15000
184	9	712500	1.0	71250
185	9	150000	0.8	15000
186	9	337500	0.8	33750
187	9	337500	0.8	33750
188	9	712500	1.0	71250
189	9	712500	1.0	71250
190	9	337500	0.8	33750
191	9	150000	0.8	15000
192	9	712500	1.0	71250
193	9	525000	1.0	52500
194	9	900000	1.0	90000
195	9	337500	0.8	33750
196	9	525000	1.0	52500
197	9	525000	1.0	52500
198	9	525000	1.0	52500
199	9	150000	0.8	15000
200	10	900000	1.0	90000
201	10	150000	0.8	15000
202	10	525000	1.0	52500
203	10	712500	1.0	71250
204	10	900000	1.0	90000
205	10	337500	0.8	33750
206	10	337500	0.8	33750
207	10	337500	0.8	33750
208	10	525000	1.0	52500
209	10	150000	0.8	15000
210	10	337500	0.8	33750
211	10	150000	0.8	15000
212	10	150000	0.8	15000
213	10	150000	0.8	15000
214	10	337500	0.8	33750
215	10	525000	1.0	52500
216	10	525000	1.0	52500
217	10	337500	0.8	33750
218	10	337500	0.8	33750
219	10	712500	1.0	71250
220	11	337500	0.8	33750
221	11	712500	1.0	71250
222	11	712500	1.0	71250
223	11	150000	0.8	15000
224	11	712500	1.0	71250
225	11	712500	1.0	71250
226	11	900000	1.0	90000
227	11	150000	0.8	15000
228	11	150000	0.8	15000
229	11	525000	1.0	52500
230	11	712500	1.0	71250
231	11	900000	1.0	90000
232	11	337500	0.8	33750
233	11	525000	1.0	52500
234	11	150000	0.8	15000
235	11	337500	0.8	33750
236	11	525000	1.0	52500
237	11	150000	0.8	15000
238	11	900000	1.0	90000
239	11	337500	0.8	33750
240	12	525000	1.0	52500
241	12	712500	1.0	71250
242	12	525000	1.0	52500
243	12	900000	1.0	90000
244	12	712500	1.0	71250
245	12	337500	0.8	33750
246	12	712500	1.0	71250
247	12	900000	1.0	90000
248	12	712500	1.0	71250
249	12	337500	0.8	33750
250	12	525000	1.0	52500
251	12	525000	1.0	52500
252	12	900000	1.0	90000
253	12	525000	1.0	52500
254	12	900000	1.0	90000
255	12	150000	0.8	15000
256	12	525000	1.0	52500
257	12	712500	1.0	71250
258	12	337500	0.8	33750
259	12	525000	1.0	52500
260	13	900000	1.0	90000
261	13	712500	1.0	71250
262	13	712500	1.0	71250
263	13	337500	0.8	33750
264	13	525000	1.0	52500
265	13	900000	1.0	90000
266	13	337500	0.8	33750
267	13	900000	1.0	90000
268	13	150000	0.8	15000
269	13	712500	1.0	71250
270	13	525000	1.0	52500
271	13	525000	1.0	52500
272	13	900000	1.0	90000
273	13	337500	0.8	33750
274	13	712500	1.0	71250
275	13	150000	0.8	15000
276	13	525000	1.0	52500
277	13	900000	1.0	90000
278	13	900000	1.0	90000
279	13	337500	0.8	33750
280	14	900000	1.0	90000
281	14	712500	1.0	71250
282	14	337500	0.8	33750
283	14	150000	0.8	15000
284	14	525000	1.0	52500
285	14	337500	0.8	33750
286	14	900000	1.0	90000
287	14	150000	0.8	15000
288	14	525000	1.0	52500
289	14	150000	0.8	15000
290	14	150000	0.8	15000
291	14	525000	1.0	52500
292	14	900000	1.0	90000
293	14	712500	1.0	71250
294	14	525000	1.0	52500
295	14	712500	1.0	71250
296	14	900000	1.0	90000
297	14	900000	1.0	90000
298	14	150000	0.8	15000
299	14	900000	1.0	90000
300	15	150000	0.8	15000
301	15	525000	1.0	52500
302	15	525000	1.0	52500
303	15	525000	1.0	52500
304	15	900000	1.0	90000
305	15	337500	0.8	33750
306	15	712500	1.0	71250
307	15	150000	0.8	15000
308	15	900000	1.0	90000
309	15	337500	0.8	33750
310	15	525000	1.0	52500
311	15	337500	0.8	33750
312	15	525000	1.0	52500
313	15	150000	0.8	15000
314	15	150000	0.8	15000
315	15	900000	1.0	90000
316	15	150000	0.8	15000
317	15	150000	0.8	15000
318	15	337500	0.8	33750
319	15	712500	1.0	71250
320	16	525000	1.0	52500
321	16	525000	1.0	52500
322	16	150000	0.8	15000
323	16	712500	1.0	71250
324	16	525000	1.0	52500
325	16	150000	0.8	15000
326	16	712500	1.0	71250
327	16	150000	0.8	15000
328	16	150000	0.8	15000
329	16	337500	0.8	33750
330	16	525000	1.0	52500
331	16	712500	1.0	71250
332	16	900000	1.0	90000
333	16	900000	1.0	90000
334	16	150000	0.8	15000
335	16	712500	1.0	71250
336	16	900000	1.0	90000
337	16	712500	1.0	71250
338	16	525000	1.0	52500
339	16	525000	1.0	52500
340	17	900000	1.0	90000
341	17	900000	1.0	90000
342	17	900000	1.0	90000
343	17	900000	1.0	90000
344	17	712500	1.0	71250
345	17	900000	1.0	90000
346	17	712500	1.0	71250
347	17	712500	1.0	71250
348	17	150000	0.8	15000
349	17	712500	1.0	71250
350	17	900000	1.0	90000
351	17	337500	0.8	33750
352	17	150000	0.8	15000
353	17	525000	1.0	52500
354	17	712500	1.0	71250
355	17	525000	1.0	52500
356	17	337500	0.8	33750
357	17	900000	1.0	90000
358	17	900000	1.0	90000
359	17	900000	1.0	90000
360	18	900000	1.0	90000
361	18	712500	1.0	71250
362	18	712500	1.0	71250
363	18	712500	1.0	71250
364	18	900000	1.0	90000
365	18	525000	1.0	52500
366	18	900000	1.0	90000
367	18	900000	1.0	90000
368	18	712500	1.0	71250
369	18	150000	0.8	15000
370	18	337500	0.8	33750
371	18	337500	0.8	33750
372	18	337500	0.8	33750
373	18	712500	1.0	71250
374	18	900000	1.0	90000
375	18	150000	0.8	15000
376	18	150000	0.8	15000
377	18	712500	1.0	71250
378	18	525000	1.0	52500
379	18	337500	0.8	33750
380	19	525000	1.0	52500
381	19	150000	0.8	15000
382	19	150000	0.8	15000
383	19	712500	1.0	71250
384	19	712500	1.0	71250
385	19	712500	1.0	71250
386	19	150000	0.8	15000
387	19	525000	1.0	52500
388	19	150000	0.8	15000
389	19	337500	0.8	33750
390	19	150000	0.8	15000
391	19	337500	0.8	33750
392	19	900000	1.0	90000
393	19	525000	1.0	52500
394	19	525000	1.0	52500
395	19	900000	1.0	90000
396	19	712500	1.0	71250
397	19	900000	1.0	90000
398	19	900000	1.0	90000
399	19	900000	1.0	90000
400	20	900000	1.0	90000
401	20	712500	1.0	71250
402	20	525000	1.0	52500
403	20	150000	0.8	15000
404	20	900000	1.0	90000
405	20	337500	0.8	33750
406	20	525000	1.0	52500
407	20	525000	1.0	52500
408	20	337500	0.8	33750
409	20	337500	0.8	33750
410	20	150000	0.8	15000
411	20	337500	0.8	33750
412	20	525000	1.0	52500
413	20	900000	1.0	90000
414	20	150000	0.8	15000
415	20	900000	1.0	90000
416	20	337500	0.8	33750
417	20	337500	0.8	33750
418	20	900000	1.0	90000
419	20	900000	1.0	90000
420	21	712500	1.0	71250
421	21	900000	1.0	90000
422	21	712500	1.0	71250
423	21	337500	0.8	33750
424	21	150000	0.8	15000
425	21	337500	0.8	33750
426	21	712500	1.0	71250
427	21	337500	0.8	33750
428	21	337500	0.8	33750
429	21	525000	1.0	52500
430	21	712500	1.0	71250
431	21	525000	1.0	52500
432	21	525000	1.0	52500
433	21	525000	1.0	52500
434	21	900000	1.0	90000
435	21	150000	0.8	15000
436	21	150000	0.8	15000
437	21	337500	0.8	33750
438	21	525000	1.0	52500
439	21	900000	1.0	90000
440	22	900000	1.0	90000
441	22	525000	1.0	52500
442	22	900000	1.0	90000
443	22	712500	1.0	71250
444	22	900000	1.0	90000
445	22	337500	0.8	33750
446	22	712500	1.0	71250
447	22	337500	0.8	33750
448	22	712500	1.0	71250
449	22	525000	1.0	52500
450	22	712500	1.0	71250
451	22	337500	0.8	33750
452	22	712500	1.0	71250
453	22	337500	0.8	33750
454	22	900000	1.0	90000
455	22	337500	0.8	33750
456	22	150000	0.8	15000
457	22	337500	0.8	33750
458	22	337500	0.8	33750
459	22	525000	1.0	52500
460	23	337500	0.8	33750
461	23	525000	1.0	52500
462	23	337500	0.8	33750
463	23	525000	1.0	52500
464	23	712500	1.0	71250
465	23	150000	0.8	15000
466	23	150000	0.8	15000
467	23	150000	0.8	15000
468	23	900000	1.0	90000
469	23	337500	0.8	33750
470	23	337500	0.8	33750
471	23	525000	1.0	52500
472	23	712500	1.0	71250
473	23	712500	1.0	71250
474	23	900000	1.0	90000
475	23	712500	1.0	71250
476	23	337500	0.8	33750
477	23	900000	1.0	90000
478	23	337500	0.8	33750
479	23	900000	1.0	90000
480	24	337500	0.8	33750
481	24	337500	0.8	33750
482	24	900000	1.0	90000
483	24	150000	0.8	15000
484	24	900000	1.0	90000
485	24	900000	1.0	90000
486	24	712500	1.0	71250
487	24	337500	0.8	33750
488	24	525000	1.0	52500
489	24	337500	0.8	33750
490	24	150000	0.8	15000
491	24	337500	0.8	33750
492	24	150000	0.8	15000
493	24	525000	1.0	52500
494	24	900000	1.0	90000
495	24	712500	1.0	71250
496	24	525000	1.0	52500
497	24	712500	1.0	71250
498	24	150000	0.8	15000
499	24	150000	0.8	15000
500	25	525000	1.0	52500
501	25	900000	1.0	90000
502	25	712500	1.0	71250
503	25	900000	1.0	90000
504	25	525000	1.0	52500
505	25	712500	1.0	71250
506	25	712500	1.0	71250
507	25	900000	1.0	90000
508	25	525000	1.0	52500
509	25	900000	1.0	90000
510	25	900000	1.0	90000
511	25	525000	1.0	52500
512	25	712500	1.0	71250
513	25	150000	0.8	15000
514	25	900000	1.0	90000
515	25	712500	1.0	71250
516	25	150000	0.8	15000
517	25	900000	1.0	90000
518	25	900000	1.0	90000
519	25	150000	0.8	15000
520	26	337500	0.8	33750
521	26	525000	1.0	52500
522	26	525000	1.0	52500
523	26	525000	1.0	52500
524	26	525000	1.0	52500
525	26	337500	0.8	33750
526	26	900000	1.0	90000
527	26	900000	1.0	90000
528	26	525000	1.0	52500
529	26	525000	1.0	52500
530	26	712500	1.0	71250
531	26	525000	1.0	52500
532	26	712500	1.0	71250
533	26	337500	0.8	33750
534	26	900000	1.0	90000
535	26	525000	1.0	52500
536	26	525000	1.0	52500
537	26	712500	1.0	71250
538	26	525000	1.0	52500
539	26	900000	1.0	90000
540	27	525000	1.0	52500
541	27	337500	0.8	33750
542	27	900000	1.0	90000
543	27	712500	1.0	71250
544	27	900000	1.0	90000
545	27	712500	1.0	71250
546	27	525000	1.0	52500
547	27	712500	1.0	71250
548	27	150000	0.8	15000
549	27	712500	1.0	71250
550	27	525000	1.0	52500
551	27	337500	0.8	33750
552	27	337500	0.8	33750
553	27	712500	1.0	71250
554	27	900000	1.0	90000
555	27	525000	1.0	52500
556	27	337500	0.8	33750
557	27	900000	1.0	90000
558	27	900000	1.0	90000
559	27	337500	0.8	33750
560	28	712500	1.0	71250
561	28	900000	1.0	90000
562	28	337500	0.8	33750
563	28	712500	1.0	71250
564	28	150000	0.8	15000
565	28	337500	0.8	33750
566	28	525000	1.0	52500
567	28	525000	1.0	52500
568	28	900000	1.0	90000
569	28	712500	1.0	71250
570	28	337500	0.8	33750
571	28	150000	0.8	15000
572	28	900000	1.0	90000
573	28	712500	1.0	71250
574	28	900000	1.0	90000
575	28	712500	1.0	71250
576	28	150000	0.8	15000
577	28	712500	1.0	71250
578	28	525000	1.0	52500
579	28	150000	0.8	15000
580	29	900000	1.0	90000
581	29	150000	0.8	15000
582	29	337500	0.8	33750
583	29	712500	1.0	71250
584	29	712500	1.0	71250
585	29	150000	0.8	15000
586	29	337500	0.8	33750
587	29	150000	0.8	15000
588	29	525000	1.0	52500
589	29	900000	1.0	90000
590	29	150000	0.8	15000
591	29	712500	1.0	71250
592	29	337500	0.8	33750
593	29	525000	1.0	52500
594	29	712500	1.0	71250
595	29	150000	0.8	15000
596	29	337500	0.8	33750
597	29	712500	1.0	71250
598	29	337500	0.8	33750
599	29	525000	1.0	52500
600	30	525000	1.0	52500
601	30	150000	0.8	15000
602	30	712500	1.0	71250
603	30	900000	1.0	90000
604	30	337500	0.8	33750
605	30	337500	0.8	33750
606	30	150000	0.8	15000
607	30	150000	0.8	15000
608	30	150000	0.8	15000
609	30	900000	1.0	90000
610	30	900000	1.0	90000
611	30	712500	1.0	71250
612	30	900000	1.0	90000
613	30	337500	0.8	33750
614	30	712500	1.0	71250
615	30	900000	1.0	90000
616	30	900000	1.0	90000
617	30	900000	1.0	90000
618	30	712500	1.0	71250
619	30	525000	1.0	52500
620	31	712500	1.0	71250
621	31	900000	1.0	90000
622	31	712500	1.0	71250
623	31	712500	1.0	71250
624	31	525000	1.0	52500
625	31	900000	1.0	90000
626	31	712500	1.0	71250
627	31	900000	1.0	90000
628	31	900000	1.0	90000
629	31	150000	0.8	15000
630	31	525000	1.0	52500
631	31	712500	1.0	71250
632	31	337500	0.8	33750
633	31	712500	1.0	71250
634	31	525000	1.0	52500
635	31	150000	0.8	15000
636	31	150000	0.8	15000
637	31	337500	0.8	33750
638	31	900000	1.0	90000
639	31	712500	1.0	71250
640	32	900000	1.0	90000
641	32	900000	1.0	90000
642	32	525000	1.0	52500
643	32	712500	1.0	71250
644	32	150000	0.8	15000
645	32	150000	0.8	15000
646	32	525000	1.0	52500
647	32	337500	0.8	33750
648	32	712500	1.0	71250
649	32	150000	0.8	15000
650	32	150000	0.8	15000
651	32	900000	1.0	90000
652	32	900000	1.0	90000
653	32	525000	1.0	52500
654	32	150000	0.8	15000
655	32	525000	1.0	52500
656	32	337500	0.8	33750
657	32	150000	0.8	15000
658	32	337500	0.8	33750
659	32	712500	1.0	71250
660	33	337500	0.8	33750
661	33	150000	0.8	15000
662	33	150000	0.8	15000
663	33	150000	0.8	15000
664	33	337500	0.8	33750
665	33	525000	1.0	52500
666	33	900000	1.0	90000
667	33	337500	0.8	33750
668	33	712500	1.0	71250
669	33	900000	1.0	90000
670	33	900000	1.0	90000
671	33	337500	0.8	33750
672	33	525000	1.0	52500
673	33	337500	0.8	33750
674	33	525000	1.0	52500
675	33	712500	1.0	71250
676	33	900000	1.0	90000
677	33	900000	1.0	90000
678	33	525000	1.0	52500
679	33	525000	1.0	52500
680	34	712500	1.0	71250
681	34	150000	0.8	15000
682	34	337500	0.8	33750
683	34	712500	1.0	71250
684	34	900000	1.0	90000
685	34	150000	0.8	15000
686	34	712500	1.0	71250
687	34	337500	0.8	33750
688	34	337500	0.8	33750
689	34	900000	1.0	90000
690	34	525000	1.0	52500
691	34	900000	1.0	90000
692	34	150000	0.8	15000
693	34	900000	1.0	90000
694	34	712500	1.0	71250
695	34	712500	1.0	71250
696	34	900000	1.0	90000
697	34	525000	1.0	52500
698	34	150000	0.8	15000
699	34	900000	1.0	90000
700	35	900000	1.0	90000
701	35	525000	1.0	52500
702	35	150000	0.8	15000
703	35	337500	0.8	33750
704	35	900000	1.0	90000
705	35	337500	0.8	33750
706	35	712500	1.0	71250
707	35	525000	1.0	52500
708	35	900000	1.0	90000
709	35	525000	1.0	52500
710	35	150000	0.8	15000
711	35	525000	1.0	52500
712	35	150000	0.8	15000
713	35	900000	1.0	90000
714	35	337500	0.8	33750
715	35	712500	1.0	71250
716	35	525000	1.0	52500
717	35	900000	1.0	90000
718	35	900000	1.0	90000
719	35	525000	1.0	52500
720	36	900000	1.0	90000
721	36	337500	0.8	33750
722	36	900000	1.0	90000
723	36	525000	1.0	52500
724	36	337500	0.8	33750
725	36	150000	0.8	15000
726	36	525000	1.0	52500
727	36	900000	1.0	90000
728	36	337500	0.8	33750
729	36	900000	1.0	90000
730	36	337500	0.8	33750
731	36	150000	0.8	15000
732	36	900000	1.0	90000
733	36	712500	1.0	71250
734	36	150000	0.8	15000
735	36	900000	1.0	90000
736	36	525000	1.0	52500
737	36	712500	1.0	71250
738	36	900000	1.0	90000
739	36	712500	1.0	71250
740	37	712500	1.0	71250
741	37	150000	0.8	15000
742	37	525000	1.0	52500
743	37	337500	0.8	33750
744	37	150000	0.8	15000
745	37	337500	0.8	33750
746	37	525000	1.0	52500
747	37	525000	1.0	52500
748	37	150000	0.8	15000
749	37	712500	1.0	71250
750	37	337500	0.8	33750
751	37	150000	0.8	15000
752	37	337500	0.8	33750
753	37	337500	0.8	33750
754	37	525000	1.0	52500
755	37	150000	0.8	15000
756	37	900000	1.0	90000
757	37	150000	0.8	15000
758	37	337500	0.8	33750
759	37	525000	1.0	52500
760	38	525000	1.0	52500
761	38	900000	1.0	90000
762	38	900000	1.0	90000
763	38	712500	1.0	71250
764	38	900000	1.0	90000
765	38	712500	1.0	71250
766	38	337500	0.8	33750
767	38	525000	1.0	52500
768	38	150000	0.8	15000
769	38	150000	0.8	15000
770	38	150000	0.8	15000
771	38	150000	0.8	15000
772	38	150000	0.8	15000
773	38	900000	1.0	90000
774	38	712500	1.0	71250
775	38	337500	0.8	33750
776	38	337500	0.8	33750
777	38	150000	0.8	15000
778	38	337500	0.8	33750
779	38	525000	1.0	52500
780	39	900000	1.0	90000
781	39	712500	1.0	71250
782	39	150000	0.8	15000
783	39	525000	1.0	52500
784	39	337500	0.8	33750
785	39	150000	0.8	15000
786	39	525000	1.0	52500
787	39	712500	1.0	71250
788	39	900000	1.0	90000
789	39	150000	0.8	15000
790	39	337500	0.8	33750
791	39	150000	0.8	15000
792	39	900000	1.0	90000
793	39	150000	0.8	15000
794	39	712500	1.0	71250
795	39	150000	0.8	15000
796	39	150000	0.8	15000
797	39	150000	0.8	15000
798	39	900000	1.0	90000
799	39	900000	1.0	90000
800	40	525000	1.0	52500
801	40	712500	1.0	71250
802	40	900000	1.0	90000
803	40	150000	0.8	15000
804	40	712500	1.0	71250
805	40	337500	0.8	33750
806	40	712500	1.0	71250
807	40	712500	1.0	71250
808	40	525000	1.0	52500
809	40	900000	1.0	90000
810	40	900000	1.0	90000
811	40	337500	0.8	33750
812	40	525000	1.0	52500
813	40	525000	1.0	52500
814	40	712500	1.0	71250
815	40	150000	0.8	15000
816	40	712500	1.0	71250
817	40	900000	1.0	90000
818	40	337500	0.8	33750
819	40	525000	1.0	52500
820	41	712500	1.0	71250
821	41	525000	1.0	52500
822	41	150000	0.8	15000
823	41	337500	0.8	33750
824	41	900000	1.0	90000
825	41	712500	1.0	71250
826	41	337500	0.8	33750
827	41	900000	1.0	90000
828	41	900000	1.0	90000
829	41	525000	1.0	52500
830	41	150000	0.8	15000
831	41	712500	1.0	71250
832	41	337500	0.8	33750
833	41	900000	1.0	90000
834	41	712500	1.0	71250
835	41	525000	1.0	52500
836	41	900000	1.0	90000
837	41	712500	1.0	71250
838	41	150000	0.8	15000
839	41	525000	1.0	52500
840	42	900000	1.0	90000
841	42	900000	1.0	90000
842	42	525000	1.0	52500
843	42	337500	0.8	33750
844	42	712500	1.0	71250
845	42	525000	1.0	52500
846	42	525000	1.0	52500
847	42	525000	1.0	52500
848	42	337500	0.8	33750
849	42	525000	1.0	52500
850	42	712500	1.0	71250
851	42	150000	0.8	15000
852	42	337500	0.8	33750
853	42	337500	0.8	33750
854	42	712500	1.0	71250
855	42	150000	0.8	15000
856	42	900000	1.0	90000
857	42	150000	0.8	15000
858	42	337500	0.8	33750
859	42	150000	0.8	15000
860	43	337500	0.8	33750
861	43	525000	1.0	52500
862	43	337500	0.8	33750
863	43	712500	1.0	71250
864	43	337500	0.8	33750
865	43	337500	0.8	33750
866	43	150000	0.8	15000
867	43	712500	1.0	71250
868	43	525000	1.0	52500
869	43	337500	0.8	33750
870	43	525000	1.0	52500
871	43	900000	1.0	90000
872	43	337500	0.8	33750
873	43	150000	0.8	15000
874	43	712500	1.0	71250
875	43	337500	0.8	33750
876	43	525000	1.0	52500
877	43	900000	1.0	90000
878	43	525000	1.0	52500
879	43	337500	0.8	33750
880	44	150000	0.8	15000
881	44	525000	1.0	52500
882	44	337500	0.8	33750
883	44	712500	1.0	71250
884	44	150000	0.8	15000
885	44	150000	0.8	15000
886	44	712500	1.0	71250
887	44	525000	1.0	52500
888	44	900000	1.0	90000
889	44	712500	1.0	71250
890	44	900000	1.0	90000
891	44	712500	1.0	71250
892	44	712500	1.0	71250
893	44	712500	1.0	71250
894	44	525000	1.0	52500
895	44	900000	1.0	90000
896	44	712500	1.0	71250
897	44	337500	0.8	33750
898	44	525000	1.0	52500
899	44	712500	1.0	71250
900	45	900000	1.0	90000
901	45	337500	0.8	33750
902	45	525000	1.0	52500
903	45	712500	1.0	71250
904	45	712500	1.0	71250
905	45	712500	1.0	71250
906	45	712500	1.0	71250
907	45	337500	0.8	33750
908	45	337500	0.8	33750
909	45	337500	0.8	33750
910	45	712500	1.0	71250
911	45	337500	0.8	33750
912	45	337500	0.8	33750
913	45	525000	1.0	52500
914	45	150000	0.8	15000
915	45	337500	0.8	33750
916	45	525000	1.0	52500
917	45	150000	0.8	15000
918	45	337500	0.8	33750
919	45	900000	1.0	90000
920	46	712500	1.0	71250
921	46	900000	1.0	90000
922	46	525000	1.0	52500
923	46	150000	0.8	15000
924	46	712500	1.0	71250
925	46	150000	0.8	15000
926	46	712500	1.0	71250
927	46	337500	0.8	33750
928	46	525000	1.0	52500
929	46	712500	1.0	71250
930	46	712500	1.0	71250
931	46	900000	1.0	90000
932	46	150000	0.8	15000
933	46	712500	1.0	71250
934	46	712500	1.0	71250
935	46	150000	0.8	15000
936	46	900000	1.0	90000
937	46	150000	0.8	15000
938	46	712500	1.0	71250
939	46	525000	1.0	52500
940	47	150000	0.8	15000
941	47	150000	0.8	15000
942	47	712500	1.0	71250
943	47	525000	1.0	52500
944	47	525000	1.0	52500
945	47	337500	0.8	33750
946	47	712500	1.0	71250
947	47	337500	0.8	33750
948	47	900000	1.0	90000
949	47	712500	1.0	71250
950	47	712500	1.0	71250
951	47	525000	1.0	52500
952	47	337500	0.8	33750
953	47	900000	1.0	90000
954	47	712500	1.0	71250
955	47	900000	1.0	90000
956	47	150000	0.8	15000
957	47	337500	0.8	33750
958	47	337500	0.8	33750
959	47	525000	1.0	52500
960	48	712500	1.0	71250
961	48	525000	1.0	52500
962	48	150000	0.8	15000
963	48	525000	1.0	52500
964	48	900000	1.0	90000
965	48	900000	1.0	90000
966	48	900000	1.0	90000
967	48	150000	0.8	15000
968	48	337500	0.8	33750
969	48	525000	1.0	52500
970	48	337500	0.8	33750
971	48	525000	1.0	52500
972	48	712500	1.0	71250
973	48	150000	0.8	15000
974	48	900000	1.0	90000
975	48	712500	1.0	71250
976	48	525000	1.0	52500
977	48	150000	0.8	15000
978	48	150000	0.8	15000
979	48	712500	1.0	71250
980	49	150000	0.8	15000
981	49	150000	0.8	15000
982	49	900000	1.0	90000
983	49	525000	1.0	52500
984	49	150000	0.8	15000
985	49	900000	1.0	90000
986	49	525000	1.0	52500
987	49	150000	0.8	15000
988	49	337500	0.8	33750
989	49	900000	1.0	90000
990	49	150000	0.8	15000
991	49	900000	1.0	90000
992	49	525000	1.0	52500
993	49	525000	1.0	52500
994	49	900000	1.0	90000
995	49	150000	0.8	15000
996	49	337500	0.8	33750
997	49	525000	1.0	52500
998	49	525000	1.0	52500
999	49	900000	1.0	90000
1000	50	900000	1.0	90000
1001	50	150000	0.8	15000
1002	50	900000	1.0	90000
1003	50	525000	1.0	52500
1004	50	900000	1.0	90000
1005	50	525000	1.0	52500
1006	50	900000	1.0	90000
1007	50	525000	1.0	52500
1008	50	150000	0.8	15000
1009	50	150000	0.8	15000
1010	50	712500	1.0	71250
1011	50	525000	1.0	52500
1012	50	900000	1.0	90000
1013	50	900000	1.0	90000
1014	50	712500	1.0	71250
1015	50	150000	0.8	15000
1016	50	337500	0.8	33750
1017	50	900000	1.0	90000
1018	50	525000	1.0	52500
1019	50	900000	1.0	90000
1020	51	712500	1.0	71250
1021	51	712500	1.0	71250
1022	51	150000	0.8	15000
1023	51	525000	1.0	52500
1024	51	712500	1.0	71250
1025	51	337500	0.8	33750
1026	51	337500	0.8	33750
1027	51	150000	0.8	15000
1028	51	525000	1.0	52500
1029	51	337500	0.8	33750
1030	51	900000	1.0	90000
1031	51	337500	0.8	33750
1032	51	525000	1.0	52500
1033	51	337500	0.8	33750
1034	51	150000	0.8	15000
1035	51	337500	0.8	33750
1036	51	150000	0.8	15000
1037	51	525000	1.0	52500
1038	51	900000	1.0	90000
1039	51	150000	0.8	15000
1040	52	900000	1.0	90000
1041	52	337500	0.8	33750
1042	52	337500	0.8	33750
1043	52	525000	1.0	52500
1044	52	900000	1.0	90000
1045	52	900000	1.0	90000
1046	52	900000	1.0	90000
1047	52	712500	1.0	71250
1048	52	525000	1.0	52500
1049	52	337500	0.8	33750
1050	52	150000	0.8	15000
1051	52	337500	0.8	33750
1052	52	150000	0.8	15000
1053	52	712500	1.0	71250
1054	52	712500	1.0	71250
1055	52	337500	0.8	33750
1056	52	525000	1.0	52500
1057	52	150000	0.8	15000
1058	52	900000	1.0	90000
1059	52	150000	0.8	15000
1060	53	150000	0.8	15000
1061	53	525000	1.0	52500
1062	53	712500	1.0	71250
1063	53	900000	1.0	90000
1064	53	525000	1.0	52500
1065	53	525000	1.0	52500
1066	53	150000	0.8	15000
1067	53	525000	1.0	52500
1068	53	712500	1.0	71250
1069	53	900000	1.0	90000
1070	53	525000	1.0	52500
1071	53	150000	0.8	15000
1072	53	525000	1.0	52500
1073	53	712500	1.0	71250
1074	53	337500	0.8	33750
1075	53	150000	0.8	15000
1076	53	525000	1.0	52500
1077	53	900000	1.0	90000
1078	53	525000	1.0	52500
1079	53	900000	1.0	90000
1080	54	712500	1.0	71250
1081	54	900000	1.0	90000
1082	54	712500	1.0	71250
1083	54	525000	1.0	52500
1084	54	900000	1.0	90000
1085	54	525000	1.0	52500
1086	54	337500	0.8	33750
1087	54	150000	0.8	15000
1088	54	525000	1.0	52500
1089	54	525000	1.0	52500
1090	54	900000	1.0	90000
1091	54	150000	0.8	15000
1092	54	900000	1.0	90000
1093	54	900000	1.0	90000
1094	54	337500	0.8	33750
1095	54	150000	0.8	15000
1096	54	525000	1.0	52500
1097	54	900000	1.0	90000
1098	54	900000	1.0	90000
1099	54	337500	0.8	33750
1100	55	525000	1.0	52500
1101	55	712500	1.0	71250
1102	55	150000	0.8	15000
1103	55	712500	1.0	71250
1104	55	525000	1.0	52500
1105	55	525000	1.0	52500
1106	55	337500	0.8	33750
1107	55	150000	0.8	15000
1108	55	900000	1.0	90000
1109	55	150000	0.8	15000
1110	55	525000	1.0	52500
1111	55	337500	0.8	33750
1112	55	525000	1.0	52500
1113	55	900000	1.0	90000
1114	55	337500	0.8	33750
1115	55	150000	0.8	15000
1116	55	150000	0.8	15000
1117	55	150000	0.8	15000
1118	55	712500	1.0	71250
1119	55	712500	1.0	71250
1120	56	525000	1.0	52500
1121	56	150000	0.8	15000
1122	56	337500	0.8	33750
1123	56	337500	0.8	33750
1124	56	900000	1.0	90000
1125	56	900000	1.0	90000
1126	56	150000	0.8	15000
1127	56	712500	1.0	71250
1128	56	712500	1.0	71250
1129	56	712500	1.0	71250
1130	56	150000	0.8	15000
1131	56	900000	1.0	90000
1132	56	712500	1.0	71250
1133	56	712500	1.0	71250
1134	56	712500	1.0	71250
1135	56	150000	0.8	15000
1136	56	337500	0.8	33750
1137	56	337500	0.8	33750
1138	56	525000	1.0	52500
1139	56	712500	1.0	71250
1140	57	525000	1.0	52500
1141	57	525000	1.0	52500
1142	57	525000	1.0	52500
1143	57	337500	0.8	33750
1144	57	337500	0.8	33750
1145	57	337500	0.8	33750
1146	57	525000	1.0	52500
1147	57	712500	1.0	71250
1148	57	150000	0.8	15000
1149	57	712500	1.0	71250
1150	57	900000	1.0	90000
1151	57	900000	1.0	90000
1152	57	712500	1.0	71250
1153	57	900000	1.0	90000
1154	57	150000	0.8	15000
1155	57	525000	1.0	52500
1156	57	337500	0.8	33750
1157	57	900000	1.0	90000
1158	57	525000	1.0	52500
1159	57	712500	1.0	71250
1160	58	900000	1.0	90000
1161	58	337500	0.8	33750
1162	58	712500	1.0	71250
1163	58	150000	0.8	15000
1164	58	900000	1.0	90000
1165	58	900000	1.0	90000
1166	58	150000	0.8	15000
1167	58	712500	1.0	71250
1168	58	712500	1.0	71250
1169	58	525000	1.0	52500
1170	58	337500	0.8	33750
1171	58	525000	1.0	52500
1172	58	337500	0.8	33750
1173	58	150000	0.8	15000
1174	58	712500	1.0	71250
1175	58	150000	0.8	15000
1176	58	525000	1.0	52500
1177	58	900000	1.0	90000
1178	58	900000	1.0	90000
1179	58	712500	1.0	71250
1180	59	525000	1.0	52500
1181	59	525000	1.0	52500
1182	59	900000	1.0	90000
1183	59	525000	1.0	52500
1184	59	150000	0.8	15000
1185	59	150000	0.8	15000
1186	59	712500	1.0	71250
1187	59	337500	0.8	33750
1188	59	337500	0.8	33750
1189	59	900000	1.0	90000
1190	59	525000	1.0	52500
1191	59	525000	1.0	52500
1192	59	900000	1.0	90000
1193	59	900000	1.0	90000
1194	59	900000	1.0	90000
1195	59	525000	1.0	52500
1196	59	712500	1.0	71250
1197	59	337500	0.8	33750
1198	59	525000	1.0	52500
1199	59	525000	1.0	52500
1200	60	337500	0.8	33750
1201	60	150000	0.8	15000
1202	60	337500	0.8	33750
1203	60	525000	1.0	52500
1204	60	337500	0.8	33750
1205	60	525000	1.0	52500
1206	60	150000	0.8	15000
1207	60	525000	1.0	52500
1208	60	900000	1.0	90000
1209	60	150000	0.8	15000
1210	60	337500	0.8	33750
1211	60	712500	1.0	71250
1212	60	525000	1.0	52500
1213	60	525000	1.0	52500
1214	60	900000	1.0	90000
1215	60	900000	1.0	90000
1216	60	712500	1.0	71250
1217	60	712500	1.0	71250
1218	60	900000	1.0	90000
1219	60	900000	1.0	90000
1220	61	150000	0.8	15000
1221	61	712500	1.0	71250
1222	61	525000	1.0	52500
1223	61	712500	1.0	71250
1224	61	337500	0.8	33750
1225	61	712500	1.0	71250
1226	61	337500	0.8	33750
1227	61	900000	1.0	90000
1228	61	900000	1.0	90000
1229	61	150000	0.8	15000
1230	61	900000	1.0	90000
1231	61	150000	0.8	15000
1232	61	337500	0.8	33750
1233	61	150000	0.8	15000
1234	61	150000	0.8	15000
1235	61	150000	0.8	15000
1236	61	525000	1.0	52500
1237	61	712500	1.0	71250
1238	61	337500	0.8	33750
1239	61	900000	1.0	90000
1240	62	337500	0.8	33750
1241	62	525000	1.0	52500
1242	62	525000	1.0	52500
1243	62	337500	0.8	33750
1244	62	525000	1.0	52500
1245	62	525000	1.0	52500
1246	62	900000	1.0	90000
1247	62	525000	1.0	52500
1248	62	337500	0.8	33750
1249	62	525000	1.0	52500
1250	62	337500	0.8	33750
1251	62	150000	0.8	15000
1252	62	150000	0.8	15000
1253	62	150000	0.8	15000
1254	62	337500	0.8	33750
1255	62	525000	1.0	52500
1256	62	712500	1.0	71250
1257	62	525000	1.0	52500
1258	62	150000	0.8	15000
1259	62	900000	1.0	90000
1260	63	712500	1.0	71250
1261	63	525000	1.0	52500
1262	63	525000	1.0	52500
1263	63	712500	1.0	71250
1264	63	337500	0.8	33750
1265	63	712500	1.0	71250
1266	63	712500	1.0	71250
1267	63	337500	0.8	33750
1268	63	900000	1.0	90000
1269	63	525000	1.0	52500
1270	63	150000	0.8	15000
1271	63	712500	1.0	71250
1272	63	525000	1.0	52500
1273	63	150000	0.8	15000
1274	63	337500	0.8	33750
1275	63	900000	1.0	90000
1276	63	150000	0.8	15000
1277	63	900000	1.0	90000
1278	63	525000	1.0	52500
1279	63	337500	0.8	33750
1280	64	525000	1.0	52500
1281	64	712500	1.0	71250
1282	64	900000	1.0	90000
1283	64	900000	1.0	90000
1284	64	525000	1.0	52500
1285	64	900000	1.0	90000
1286	64	525000	1.0	52500
1287	64	712500	1.0	71250
1288	64	712500	1.0	71250
1289	64	712500	1.0	71250
1290	64	712500	1.0	71250
1291	64	525000	1.0	52500
1292	64	150000	0.8	15000
1293	64	337500	0.8	33750
1294	64	150000	0.8	15000
1295	64	712500	1.0	71250
1296	64	900000	1.0	90000
1297	64	337500	0.8	33750
1298	64	712500	1.0	71250
1299	64	150000	0.8	15000
1300	65	712500	1.0	71250
1301	65	900000	1.0	90000
1302	65	525000	1.0	52500
1303	65	712500	1.0	71250
1304	65	150000	0.8	15000
1305	65	525000	1.0	52500
1306	65	337500	0.8	33750
1307	65	525000	1.0	52500
1308	65	150000	0.8	15000
1309	65	150000	0.8	15000
1310	65	337500	0.8	33750
1311	65	150000	0.8	15000
1312	65	337500	0.8	33750
1313	65	337500	0.8	33750
1314	65	900000	1.0	90000
1315	65	712500	1.0	71250
1316	65	525000	1.0	52500
1317	65	150000	0.8	15000
1318	65	900000	1.0	90000
1319	65	900000	1.0	90000
1320	66	150000	0.8	15000
1321	66	900000	1.0	90000
1322	66	150000	0.8	15000
1323	66	150000	0.8	15000
1324	66	525000	1.0	52500
1325	66	150000	0.8	15000
1326	66	150000	0.8	15000
1327	66	337500	0.8	33750
1328	66	150000	0.8	15000
1329	66	337500	0.8	33750
1330	66	900000	1.0	90000
1331	66	337500	0.8	33750
1332	66	900000	1.0	90000
1333	66	525000	1.0	52500
1334	66	337500	0.8	33750
1335	66	337500	0.8	33750
1336	66	337500	0.8	33750
1337	66	525000	1.0	52500
1338	66	712500	1.0	71250
1339	66	525000	1.0	52500
1340	67	525000	1.0	52500
1341	67	337500	0.8	33750
1342	67	337500	0.8	33750
1343	67	900000	1.0	90000
1344	67	337500	0.8	33750
1345	67	337500	0.8	33750
1346	67	525000	1.0	52500
1347	67	337500	0.8	33750
1348	67	150000	0.8	15000
1349	67	900000	1.0	90000
1350	67	525000	1.0	52500
1351	67	150000	0.8	15000
1352	67	337500	0.8	33750
1353	67	900000	1.0	90000
1354	67	525000	1.0	52500
1355	67	150000	0.8	15000
1356	67	337500	0.8	33750
1357	67	900000	1.0	90000
1358	67	525000	1.0	52500
1359	67	337500	0.8	33750
1360	68	525000	1.0	52500
1361	68	525000	1.0	52500
1362	68	150000	0.8	15000
1363	68	337500	0.8	33750
1364	68	712500	1.0	71250
1365	68	150000	0.8	15000
1366	68	150000	0.8	15000
1367	68	712500	1.0	71250
1368	68	525000	1.0	52500
1369	68	150000	0.8	15000
1370	68	712500	1.0	71250
1371	68	337500	0.8	33750
1372	68	150000	0.8	15000
1373	68	525000	1.0	52500
1374	68	525000	1.0	52500
1375	68	525000	1.0	52500
1376	68	525000	1.0	52500
1377	68	712500	1.0	71250
1378	68	712500	1.0	71250
1379	68	150000	0.8	15000
1380	69	525000	1.0	52500
1381	69	150000	0.8	15000
1382	69	525000	1.0	52500
1383	69	150000	0.8	15000
1384	69	900000	1.0	90000
1385	69	337500	0.8	33750
1386	69	712500	1.0	71250
1387	69	150000	0.8	15000
1388	69	150000	0.8	15000
1389	69	525000	1.0	52500
1390	69	337500	0.8	33750
1391	69	150000	0.8	15000
1392	69	337500	0.8	33750
1393	69	150000	0.8	15000
1394	69	337500	0.8	33750
1395	69	337500	0.8	33750
1396	69	150000	0.8	15000
1397	69	900000	1.0	90000
1398	69	900000	1.0	90000
1399	69	150000	0.8	15000
1400	70	900000	1.0	90000
1401	70	900000	1.0	90000
1402	70	337500	0.8	33750
1403	70	525000	1.0	52500
1404	70	150000	0.8	15000
1405	70	150000	0.8	15000
1406	70	900000	1.0	90000
1407	70	525000	1.0	52500
1408	70	525000	1.0	52500
1409	70	712500	1.0	71250
1410	70	900000	1.0	90000
1411	70	712500	1.0	71250
1412	70	525000	1.0	52500
1413	70	525000	1.0	52500
1414	70	900000	1.0	90000
1415	70	712500	1.0	71250
1416	70	525000	1.0	52500
1417	70	525000	1.0	52500
1418	70	712500	1.0	71250
1419	70	337500	0.8	33750
1420	71	712500	1.0	71250
1421	71	900000	1.0	90000
1422	71	712500	1.0	71250
1423	71	900000	1.0	90000
1424	71	900000	1.0	90000
1425	71	525000	1.0	52500
1426	71	337500	0.8	33750
1427	71	337500	0.8	33750
1428	71	900000	1.0	90000
1429	71	900000	1.0	90000
1430	71	712500	1.0	71250
1431	71	150000	0.8	15000
1432	71	150000	0.8	15000
1433	71	525000	1.0	52500
1434	71	712500	1.0	71250
1435	71	712500	1.0	71250
1436	71	712500	1.0	71250
1437	71	150000	0.8	15000
1438	71	150000	0.8	15000
1439	71	712500	1.0	71250
1440	72	337500	0.8	33750
1441	72	900000	1.0	90000
1442	72	900000	1.0	90000
1443	72	525000	1.0	52500
1444	72	712500	1.0	71250
1445	72	150000	0.8	15000
1446	72	900000	1.0	90000
1447	72	525000	1.0	52500
1448	72	150000	0.8	15000
1449	72	337500	0.8	33750
1450	72	150000	0.8	15000
1451	72	337500	0.8	33750
1452	72	900000	1.0	90000
1453	72	712500	1.0	71250
1454	72	525000	1.0	52500
1455	72	337500	0.8	33750
1456	72	900000	1.0	90000
1457	72	900000	1.0	90000
1458	72	525000	1.0	52500
1459	72	712500	1.0	71250
1460	73	900000	1.0	90000
1461	73	337500	0.8	33750
1462	73	900000	1.0	90000
1463	73	525000	1.0	52500
1464	73	150000	0.8	15000
1465	73	525000	1.0	52500
1466	73	337500	0.8	33750
1467	73	150000	0.8	15000
1468	73	525000	1.0	52500
1469	73	525000	1.0	52500
1470	73	150000	0.8	15000
1471	73	900000	1.0	90000
1472	73	900000	1.0	90000
1473	73	525000	1.0	52500
1474	73	525000	1.0	52500
1475	73	337500	0.8	33750
1476	73	150000	0.8	15000
1477	73	150000	0.8	15000
1478	73	525000	1.0	52500
1479	73	337500	0.8	33750
1480	74	525000	1.0	52500
1481	74	712500	1.0	71250
1482	74	150000	0.8	15000
1483	74	900000	1.0	90000
1484	74	900000	1.0	90000
1485	74	150000	0.8	15000
1486	74	900000	1.0	90000
1487	74	525000	1.0	52500
1488	74	900000	1.0	90000
1489	74	337500	0.8	33750
1490	74	150000	0.8	15000
1491	74	525000	1.0	52500
1492	74	900000	1.0	90000
1493	74	525000	1.0	52500
1494	74	525000	1.0	52500
1495	74	150000	0.8	15000
1496	74	150000	0.8	15000
1497	74	525000	1.0	52500
1498	74	525000	1.0	52500
1499	74	525000	1.0	52500
1500	75	150000	0.8	15000
1501	75	712500	1.0	71250
1502	75	337500	0.8	33750
1503	75	900000	1.0	90000
1504	75	150000	0.8	15000
1505	75	525000	1.0	52500
1506	75	337500	0.8	33750
1507	75	525000	1.0	52500
1508	75	900000	1.0	90000
1509	75	525000	1.0	52500
1510	75	525000	1.0	52500
1511	75	525000	1.0	52500
1512	75	337500	0.8	33750
1513	75	900000	1.0	90000
1514	75	150000	0.8	15000
1515	75	525000	1.0	52500
1516	75	712500	1.0	71250
1517	75	337500	0.8	33750
1518	75	525000	1.0	52500
1519	75	712500	1.0	71250
1520	76	150000	0.8	15000
1521	76	525000	1.0	52500
1522	76	525000	1.0	52500
1523	76	525000	1.0	52500
1524	76	525000	1.0	52500
1525	76	900000	1.0	90000
1526	76	150000	0.8	15000
1527	76	150000	0.8	15000
1528	76	525000	1.0	52500
1529	76	712500	1.0	71250
1530	76	525000	1.0	52500
1531	76	150000	0.8	15000
1532	76	150000	0.8	15000
1533	76	150000	0.8	15000
1534	76	712500	1.0	71250
1535	76	337500	0.8	33750
1536	76	150000	0.8	15000
1537	76	525000	1.0	52500
1538	76	525000	1.0	52500
1539	76	525000	1.0	52500
1540	77	712500	1.0	71250
1541	77	525000	1.0	52500
1542	77	150000	0.8	15000
1543	77	525000	1.0	52500
1544	77	337500	0.8	33750
1545	77	712500	1.0	71250
1546	77	337500	0.8	33750
1547	77	150000	0.8	15000
1548	77	525000	1.0	52500
1549	77	900000	1.0	90000
1550	77	525000	1.0	52500
1551	77	900000	1.0	90000
1552	77	150000	0.8	15000
1553	77	337500	0.8	33750
1554	77	712500	1.0	71250
1555	77	525000	1.0	52500
1556	77	900000	1.0	90000
1557	77	525000	1.0	52500
1558	77	337500	0.8	33750
1559	77	900000	1.0	90000
1560	78	337500	0.8	33750
1561	78	337500	0.8	33750
1562	78	150000	0.8	15000
1563	78	525000	1.0	52500
1564	78	525000	1.0	52500
1565	78	150000	0.8	15000
1566	78	900000	1.0	90000
1567	78	337500	0.8	33750
1568	78	525000	1.0	52500
1569	78	337500	0.8	33750
1570	78	150000	0.8	15000
1571	78	900000	1.0	90000
1572	78	337500	0.8	33750
1573	78	337500	0.8	33750
1574	78	900000	1.0	90000
1575	78	337500	0.8	33750
1576	78	525000	1.0	52500
1577	78	525000	1.0	52500
1578	78	337500	0.8	33750
1579	78	712500	1.0	71250
1580	79	712500	1.0	71250
1581	79	900000	1.0	90000
1582	79	337500	0.8	33750
1583	79	712500	1.0	71250
1584	79	337500	0.8	33750
1585	79	712500	1.0	71250
1586	79	900000	1.0	90000
1587	79	525000	1.0	52500
1588	79	900000	1.0	90000
1589	79	900000	1.0	90000
1590	79	900000	1.0	90000
1591	79	525000	1.0	52500
1592	79	900000	1.0	90000
1593	79	337500	0.8	33750
1594	79	150000	0.8	15000
1595	79	337500	0.8	33750
1596	79	900000	1.0	90000
1597	79	150000	0.8	15000
1598	79	712500	1.0	71250
1599	79	150000	0.8	15000
1600	80	525000	1.0	52500
1601	80	900000	1.0	90000
1602	80	337500	0.8	33750
1603	80	712500	1.0	71250
1604	80	712500	1.0	71250
1605	80	150000	0.8	15000
1606	80	337500	0.8	33750
1607	80	150000	0.8	15000
1608	80	525000	1.0	52500
1609	80	712500	1.0	71250
1610	80	337500	0.8	33750
1611	80	337500	0.8	33750
1612	80	900000	1.0	90000
1613	80	337500	0.8	33750
1614	80	900000	1.0	90000
1615	80	525000	1.0	52500
1616	80	337500	0.8	33750
1617	80	525000	1.0	52500
1618	80	150000	0.8	15000
1619	80	150000	0.8	15000
1620	81	150000	0.8	15000
1621	81	150000	0.8	15000
1622	81	900000	1.0	90000
1623	81	337500	0.8	33750
1624	81	900000	1.0	90000
1625	81	900000	1.0	90000
1626	81	525000	1.0	52500
1627	81	900000	1.0	90000
1628	81	900000	1.0	90000
1629	81	712500	1.0	71250
1630	81	900000	1.0	90000
1631	81	712500	1.0	71250
1632	81	337500	0.8	33750
1633	81	525000	1.0	52500
1634	81	900000	1.0	90000
1635	81	712500	1.0	71250
1636	81	900000	1.0	90000
1637	81	525000	1.0	52500
1638	81	337500	0.8	33750
1639	81	525000	1.0	52500
1640	82	150000	0.8	15000
1641	82	712500	1.0	71250
1642	82	900000	1.0	90000
1643	82	150000	0.8	15000
1644	82	337500	0.8	33750
1645	82	900000	1.0	90000
1646	82	337500	0.8	33750
1647	82	712500	1.0	71250
1648	82	337500	0.8	33750
1649	82	712500	1.0	71250
1650	82	712500	1.0	71250
1651	82	900000	1.0	90000
1652	82	712500	1.0	71250
1653	82	337500	0.8	33750
1654	82	337500	0.8	33750
1655	82	900000	1.0	90000
1656	82	337500	0.8	33750
1657	82	525000	1.0	52500
1658	82	525000	1.0	52500
1659	82	337500	0.8	33750
1660	83	900000	1.0	90000
1661	83	712500	1.0	71250
1662	83	900000	1.0	90000
1663	83	712500	1.0	71250
1664	83	712500	1.0	71250
1665	83	150000	0.8	15000
1666	83	525000	1.0	52500
1667	83	525000	1.0	52500
1668	83	150000	0.8	15000
1669	83	337500	0.8	33750
1670	83	150000	0.8	15000
1671	83	900000	1.0	90000
1672	83	525000	1.0	52500
1673	83	150000	0.8	15000
1674	83	150000	0.8	15000
1675	83	337500	0.8	33750
1676	83	712500	1.0	71250
1677	83	525000	1.0	52500
1678	83	525000	1.0	52500
1679	83	525000	1.0	52500
1680	84	712500	1.0	71250
1681	84	337500	0.8	33750
1682	84	900000	1.0	90000
1683	84	900000	1.0	90000
1684	84	150000	0.8	15000
1685	84	337500	0.8	33750
1686	84	150000	0.8	15000
1687	84	712500	1.0	71250
1688	84	900000	1.0	90000
1689	84	712500	1.0	71250
1690	84	900000	1.0	90000
1691	84	900000	1.0	90000
1692	84	712500	1.0	71250
1693	84	712500	1.0	71250
1694	84	712500	1.0	71250
1695	84	150000	0.8	15000
1696	84	900000	1.0	90000
1697	84	337500	0.8	33750
1698	84	900000	1.0	90000
1699	84	900000	1.0	90000
1700	85	337500	0.8	33750
1701	85	525000	1.0	52500
1702	85	900000	1.0	90000
1703	85	712500	1.0	71250
1704	85	525000	1.0	52500
1705	85	150000	0.8	15000
1706	85	337500	0.8	33750
1707	85	900000	1.0	90000
1708	85	900000	1.0	90000
1709	85	337500	0.8	33750
1710	85	337500	0.8	33750
1711	85	712500	1.0	71250
1712	85	337500	0.8	33750
1713	85	712500	1.0	71250
1714	85	150000	0.8	15000
1715	85	525000	1.0	52500
1716	85	712500	1.0	71250
1717	85	150000	0.8	15000
1718	85	337500	0.8	33750
1719	85	900000	1.0	90000
1720	86	337500	0.8	33750
1721	86	712500	1.0	71250
1722	86	900000	1.0	90000
1723	86	150000	0.8	15000
1724	86	900000	1.0	90000
1725	86	150000	0.8	15000
1726	86	900000	1.0	90000
1727	86	337500	0.8	33750
1728	86	525000	1.0	52500
1729	86	337500	0.8	33750
1730	86	337500	0.8	33750
1731	86	900000	1.0	90000
1732	86	900000	1.0	90000
1733	86	900000	1.0	90000
1734	86	712500	1.0	71250
1735	86	712500	1.0	71250
1736	86	150000	0.8	15000
1737	86	525000	1.0	52500
1738	86	337500	0.8	33750
1739	86	525000	1.0	52500
1740	87	525000	1.0	52500
1741	87	525000	1.0	52500
1742	87	525000	1.0	52500
1743	87	150000	0.8	15000
1744	87	712500	1.0	71250
1745	87	712500	1.0	71250
1746	87	337500	0.8	33750
1747	87	337500	0.8	33750
1748	87	900000	1.0	90000
1749	87	150000	0.8	15000
1750	87	150000	0.8	15000
1751	87	337500	0.8	33750
1752	87	900000	1.0	90000
1753	87	525000	1.0	52500
1754	87	337500	0.8	33750
1755	87	900000	1.0	90000
1756	87	150000	0.8	15000
1757	87	712500	1.0	71250
1758	87	337500	0.8	33750
1759	87	525000	1.0	52500
1760	88	525000	1.0	52500
1761	88	150000	0.8	15000
1762	88	150000	0.8	15000
1763	88	150000	0.8	15000
1764	88	337500	0.8	33750
1765	88	712500	1.0	71250
1766	88	150000	0.8	15000
1767	88	900000	1.0	90000
1768	88	900000	1.0	90000
1769	88	900000	1.0	90000
1770	88	712500	1.0	71250
1771	88	712500	1.0	71250
1772	88	712500	1.0	71250
1773	88	150000	0.8	15000
1774	88	900000	1.0	90000
1775	88	712500	1.0	71250
1776	88	712500	1.0	71250
1777	88	712500	1.0	71250
1778	88	150000	0.8	15000
1779	88	900000	1.0	90000
1780	89	525000	1.0	52500
1781	89	150000	0.8	15000
1782	89	150000	0.8	15000
1783	89	712500	1.0	71250
1784	89	337500	0.8	33750
1785	89	150000	0.8	15000
1786	89	525000	1.0	52500
1787	89	900000	1.0	90000
1788	89	150000	0.8	15000
1789	89	337500	0.8	33750
1790	89	712500	1.0	71250
1791	89	150000	0.8	15000
1792	89	525000	1.0	52500
1793	89	712500	1.0	71250
1794	89	900000	1.0	90000
1795	89	900000	1.0	90000
1796	89	525000	1.0	52500
1797	89	525000	1.0	52500
1798	89	337500	0.8	33750
1799	89	712500	1.0	71250
1800	90	150000	0.8	15000
1801	90	900000	1.0	90000
1802	90	900000	1.0	90000
1803	90	525000	1.0	52500
1804	90	337500	0.8	33750
1805	90	712500	1.0	71250
1806	90	337500	0.8	33750
1807	90	525000	1.0	52500
1808	90	712500	1.0	71250
1809	90	150000	0.8	15000
1810	90	712500	1.0	71250
1811	90	525000	1.0	52500
1812	90	525000	1.0	52500
1813	90	150000	0.8	15000
1814	90	150000	0.8	15000
1815	90	150000	0.8	15000
1816	90	150000	0.8	15000
1817	90	150000	0.8	15000
1818	90	150000	0.8	15000
1819	90	900000	1.0	90000
1820	91	900000	1.0	90000
1821	91	712500	1.0	71250
1822	91	712500	1.0	71250
1823	91	150000	0.8	15000
1824	91	337500	0.8	33750
1825	91	900000	1.0	90000
1826	91	525000	1.0	52500
1827	91	900000	1.0	90000
1828	91	525000	1.0	52500
1829	91	900000	1.0	90000
1830	91	712500	1.0	71250
1831	91	150000	0.8	15000
1832	91	150000	0.8	15000
1833	91	900000	1.0	90000
1834	91	337500	0.8	33750
1835	91	525000	1.0	52500
1836	91	337500	0.8	33750
1837	91	150000	0.8	15000
1838	91	900000	1.0	90000
1839	91	150000	0.8	15000
1840	92	712500	1.0	71250
1841	92	337500	0.8	33750
1842	92	712500	1.0	71250
1843	92	525000	1.0	52500
1844	92	337500	0.8	33750
1845	92	525000	1.0	52500
1846	92	525000	1.0	52500
1847	92	900000	1.0	90000
1848	92	150000	0.8	15000
1849	92	900000	1.0	90000
1850	92	900000	1.0	90000
1851	92	712500	1.0	71250
1852	92	525000	1.0	52500
1853	92	900000	1.0	90000
1854	92	337500	0.8	33750
1855	92	525000	1.0	52500
1856	92	900000	1.0	90000
1857	92	900000	1.0	90000
1858	92	337500	0.8	33750
1859	92	900000	1.0	90000
1860	93	150000	0.8	15000
1861	93	150000	0.8	15000
1862	93	525000	1.0	52500
1863	93	900000	1.0	90000
1864	93	712500	1.0	71250
1865	93	900000	1.0	90000
1866	93	525000	1.0	52500
1867	93	712500	1.0	71250
1868	93	525000	1.0	52500
1869	93	337500	0.8	33750
1870	93	712500	1.0	71250
1871	93	712500	1.0	71250
1872	93	150000	0.8	15000
1873	93	525000	1.0	52500
1874	93	900000	1.0	90000
1875	93	337500	0.8	33750
1876	93	337500	0.8	33750
1877	93	900000	1.0	90000
1878	93	337500	0.8	33750
1879	93	525000	1.0	52500
1880	94	900000	1.0	90000
1881	94	712500	1.0	71250
1882	94	150000	0.8	15000
1883	94	150000	0.8	15000
1884	94	525000	1.0	52500
1885	94	150000	0.8	15000
1886	94	150000	0.8	15000
1887	94	337500	0.8	33750
1888	94	337500	0.8	33750
1889	94	150000	0.8	15000
1890	94	712500	1.0	71250
1891	94	525000	1.0	52500
1892	94	337500	0.8	33750
1893	94	150000	0.8	15000
1894	94	337500	0.8	33750
1895	94	712500	1.0	71250
1896	94	900000	1.0	90000
1897	94	712500	1.0	71250
1898	94	150000	0.8	15000
1899	94	525000	1.0	52500
1900	95	900000	1.0	90000
1901	95	900000	1.0	90000
1902	95	712500	1.0	71250
1903	95	337500	0.8	33750
1904	95	525000	1.0	52500
1905	95	900000	1.0	90000
1906	95	525000	1.0	52500
1907	95	900000	1.0	90000
1908	95	337500	0.8	33750
1909	95	900000	1.0	90000
1910	95	712500	1.0	71250
1911	95	712500	1.0	71250
1912	95	712500	1.0	71250
1913	95	150000	0.8	15000
1914	95	712500	1.0	71250
1915	95	525000	1.0	52500
1916	95	525000	1.0	52500
1917	95	525000	1.0	52500
1918	95	712500	1.0	71250
1919	95	525000	1.0	52500
1920	96	150000	0.8	15000
1921	96	150000	0.8	15000
1922	96	900000	1.0	90000
1923	96	337500	0.8	33750
1924	96	712500	1.0	71250
1925	96	150000	0.8	15000
1926	96	900000	1.0	90000
1927	96	525000	1.0	52500
1928	96	150000	0.8	15000
1929	96	525000	1.0	52500
1930	96	337500	0.8	33750
1931	96	150000	0.8	15000
1932	96	525000	1.0	52500
1933	96	525000	1.0	52500
1934	96	337500	0.8	33750
1935	96	525000	1.0	52500
1936	96	337500	0.8	33750
1937	96	150000	0.8	15000
1938	96	525000	1.0	52500
1939	96	150000	0.8	15000
1940	97	900000	1.0	90000
1941	97	712500	1.0	71250
1942	97	337500	0.8	33750
1943	97	150000	0.8	15000
1944	97	337500	0.8	33750
1945	97	525000	1.0	52500
1946	97	712500	1.0	71250
1947	97	900000	1.0	90000
1948	97	900000	1.0	90000
1949	97	150000	0.8	15000
1950	97	525000	1.0	52500
1951	97	150000	0.8	15000
1952	97	337500	0.8	33750
1953	97	150000	0.8	15000
1954	97	525000	1.0	52500
1955	97	525000	1.0	52500
1956	97	337500	0.8	33750
1957	97	712500	1.0	71250
1958	97	150000	0.8	15000
1959	97	337500	0.8	33750
1960	98	337500	0.8	33750
1961	98	337500	0.8	33750
1962	98	900000	1.0	90000
1963	98	525000	1.0	52500
1964	98	900000	1.0	90000
1965	98	900000	1.0	90000
1966	98	900000	1.0	90000
1967	98	525000	1.0	52500
1968	98	150000	0.8	15000
1969	98	525000	1.0	52500
1970	98	337500	0.8	33750
1971	98	337500	0.8	33750
1972	98	525000	1.0	52500
1973	98	900000	1.0	90000
1974	98	900000	1.0	90000
1975	98	900000	1.0	90000
1976	98	150000	0.8	15000
1977	98	900000	1.0	90000
1978	98	150000	0.8	15000
1979	98	712500	1.0	71250
1980	99	337500	0.8	33750
1981	99	150000	0.8	15000
1982	99	337500	0.8	33750
1983	99	337500	0.8	33750
1984	99	712500	1.0	71250
1985	99	337500	0.8	33750
1986	99	525000	1.0	52500
1987	99	150000	0.8	15000
1988	99	150000	0.8	15000
1989	99	150000	0.8	15000
1990	99	712500	1.0	71250
1991	99	525000	1.0	52500
1992	99	337500	0.8	33750
1993	99	150000	0.8	15000
1994	99	525000	1.0	52500
1995	99	150000	0.8	15000
1996	99	525000	1.0	52500
1997	99	337500	0.8	33750
1998	99	900000	1.0	90000
1999	99	150000	0.8	15000
