0	0	117000	0.6	11700
1	0	113000	0.6	11300
2	0	119000	0.6	11900
3	0	113000	0.6	11300
4	0	113000	0.6	11300
5	1	119000	0.6	11900
6	1	119000	0.6	11900
7	1	117000	0.6	11700
8	1	113000	0.6	11300
9	1	121000	0.6	12100
10	2	113000	0.6	11300
11	2	117000	0.6	11700
12	2	121000	0.6	12100
13	2	113000	0.6	11300
14	2	113000	0.6	11300
15	3	121000	0.6	12100
16	3	119000	0.6	11900
17	3	119000	0.6	11900
18	3	115000	0.6	11500
19	3	119000	0.6	11900
20	4	113000	0.6	11300
21	4	117000	0.6	11700
22	4	121000	0.6	12100
23	4	119000	0.6	11900
24	4	115000	0.6	11500
25	5	121000	0.6	12100
26	5	117000	0.6	11700
27	5	121000	0.6	12100
28	5	119000	0.6	11900
29	5	115000	0.6	11500
30	6	115000	0.6	11500
31	6	121000	0.6	12100
32	6	119000	0.6	11900
33	6	117000	0.6	11700
34	6	113000	0.6	11300
35	7	113000	0.6	11300
36	7	117000	0.6	11700
37	7	119000	0.6	11900
38	7	117000	0.6	11700
39	7	113000	0.6	11300
40	8	119000	0.6	11900
41	8	117000	0.6	11700
42	8	115000	0.6	11500
43	8	117000	0.6	11700
44	8	115000	0.6	11500
45	9	121000	0.6	12100
46	9	117000	0.6	11700
47	9	119000	0.6	11900
48	9	119000	0.6	11900
49	9	115000	0.6	11500
50	10	115000	0.6	11500
51	10	117000	0.6	11700
52	10	115000	0.6	11500
53	10	117000	0.6	11700
54	10	117000	0.6	11700
55	11	117000	0.6	11700
56	11	117000	0.6	11700
57	11	117000	0.6	11700
58	11	115000	0.6	11500
59	11	119000	0.6	11900
60	12	115000	0.6	11500
61	12	115000	0.6	11500
62	12	113000	0.6	11300
63	12	115000	0.6	11500
64	12	117000	0.6	11700
65	13	121000	0.6	12100
66	13	121000	0.6	12100
67	13	113000	0.6	11300
68	13	113000	0.6	11300
69	13	115000	0.6	11500
70	14	121000	0.6	12100
71	14	117000	0.6	11700
72	14	115000	0.6	11500
73	14	117000	0.6	11700
74	14	119000	0.6	11900
75	15	113000	0.6	11300
76	15	121000	0.6	12100
77	15	121000	0.6	12100
78	15	119000	0.6	11900
79	15	121000	0.6	12100
80	16	121000	0.6	12100
81	16	113000	0.6	11300
82	16	121000	0.6	12100
83	16	113000	0.6	11300
84	16	119000	0.6	11900
85	17	119000	0.6	11900
86	17	121000	0.6	12100
87	17	113000	0.6	11300
88	17	117000	0.6	11700
89	17	115000	0.6	11500
90	18	121000	0.6	12100
91	18	115000	0.6	11500
92	18	113000	0.6	11300
93	18	121000	0.6	12100
94	18	117000	0.6	11700
95	19	117000	0.6	11700
96	19	121000	0.6	12100
97	19	115000	0.6	11500
98	19	113000	0.6	11300
99	19	121000	0.6	12100
100	20	117000	0.6	11700
101	20	117000	0.6	11700
102	20	113000	0.6	11300
103	20	121000	0.6	12100
104	20	121000	0.6	12100
105	21	121000	0.6	12100
106	21	121000	0.6	12100
107	21	117000	0.6	11700
108	21	117000	0.6	11700
109	21	113000	0.6	11300
110	22	113000	0.6	11300
111	22	119000	0.6	11900
112	22	113000	0.6	11300
113	22	121000	0.6	12100
114	22	119000	0.6	11900
115	23	121000	0.6	12100
116	23	121000	0.6	12100
117	23	117000	0.6	11700
118	23	119000	0.6	11900
119	23	119000	0.6	11900
120	24	113000	0.6	11300
121	24	115000	0.6	11500
122	24	113000	0.6	11300
123	24	115000	0.6	11500
124	24	115000	0.6	11500
125	25	117000	0.6	11700
126	25	115000	0.6	11500
127	25	115000	0.6	11500
128	25	117000	0.6	11700
129	25	121000	0.6	12100
130	26	119000	0.6	11900
131	26	117000	0.6	11700
132	26	117000	0.6	11700
133	26	115000	0.6	11500
134	26	121000	0.6	12100
135	27	119000	0.6	11900
136	27	117000	0.6	11700
137	27	113000	0.6	11300
138	27	119000	0.6	11900
139	27	117000	0.6	11700
140	28	117000	0.6	11700
141	28	119000	0.6	11900
142	28	119000	0.6	11900
143	28	115000	0.6	11500
144	28	113000	0.6	11300
145	29	115000	0.6	11500
146	29	113000	0.6	11300
147	29	121000	0.6	12100
148	29	113000	0.6	11300
149	29	115000	0.6	11500
150	30	113000	0.6	11300
151	30	115000	0.6	11500
152	30	121000	0.6	12100
153	30	121000	0.6	12100
154	30	115000	0.6	11500
155	31	119000	0.6	11900
156	31	113000	0.6	11300
157	31	119000	0.6	11900
158	31	117000	0.6	11700
159	31	117000	0.6	11700
160	32	121000	0.6	12100
161	32	115000	0.6	11500
162	32	119000	0.6	11900
163	32	121000	0.6	12100
164	32	113000	0.6	11300
165	33	113000	0.6	11300
166	33	113000	0.6	11300
167	33	121000	0.6	12100
168	33	117000	0.6	11700
169	33	117000	0.6	11700
170	34	119000	0.6	11900
171	34	119000	0.6	11900
172	34	121000	0.6	12100
173	34	119000	0.6	11900
174	34	119000	0.6	11900
175	35	121000	0.6	12100
176	35	115000	0.6	11500
177	35	121000	0.6	12100
178	35	119000	0.6	11900
179	35	115000	0.6	11500
180	36	115000	0.6	11500
181	36	121000	0.6	12100
182	36	119000	0.6	11900
183	36	113000	0.6	11300
184	36	115000	0.6	11500
185	37	117000	0.6	11700
186	37	117000	0.6	11700
187	37	117000	0.6	11700
188	37	121000	0.6	12100
189	37	121000	0.6	12100
190	38	117000	0.6	11700
191	38	113000	0.6	11300
192	38	121000	0.6	12100
193	38	113000	0.6	11300
194	38	117000	0.6	11700
195	39	117000	0.6	11700
196	39	121000	0.6	12100
197	39	119000	0.6	11900
198	39	117000	0.6	11700
199	39	121000	0.6	12100
200	40	115000	0.6	11500
201	40	121000	0.6	12100
202	40	113000	0.6	11300
203	40	115000	0.6	11500
204	40	119000	0.6	11900
205	41	121000	0.6	12100
206	41	115000	0.6	11500
207	41	113000	0.6	11300
208	41	115000	0.6	11500
209	41	119000	0.6	11900
210	42	121000	0.6	12100
211	42	115000	0.6	11500
212	42	117000	0.6	11700
213	42	121000	0.6	12100
214	42	117000	0.6	11700
215	43	119000	0.6	11900
216	43	115000	0.6	11500
217	43	113000	0.6	11300
218	43	117000	0.6	11700
219	43	115000	0.6	11500
220	44	113000	0.6	11300
221	44	119000	0.6	11900
222	44	117000	0.6	11700
223	44	113000	0.6	11300
224	44	113000	0.6	11300
225	45	115000	0.6	11500
226	45	121000	0.6	12100
227	45	117000	0.6	11700
228	45	115000	0.6	11500
229	45	113000	0.6	11300
230	46	121000	0.6	12100
231	46	115000	0.6	11500
232	46	117000	0.6	11700
233	46	119000	0.6	11900
234	46	121000	0.6	12100
235	47	121000	0.6	12100
236	47	113000	0.6	11300
237	47	119000	0.6	11900
238	47	115000	0.6	11500
239	47	119000	0.6	11900
240	48	119000	0.6	11900
241	48	115000	0.6	11500
242	48	119000	0.6	11900
243	48	119000	0.6	11900
244	48	113000	0.6	11300
245	49	117000	0.6	11700
246	49	121000	0.6	12100
247	49	117000	0.6	11700
248	49	113000	0.6	11300
249	49	117000	0.6	11700
250	50	115000	0.6	11500
251	50	113000	0.6	11300
252	50	121000	0.6	12100
253	50	115000	0.6	11500
254	50	121000	0.6	12100
255	51	117000	0.6	11700
256	51	119000	0.6	11900
257	51	113000	0.6	11300
258	51	119000	0.6	11900
259	51	115000	0.6	11500
260	52	113000	0.6	11300
261	52	119000	0.6	11900
262	52	115000	0.6	11500
263	52	115000	0.6	11500
264	52	121000	0.6	12100
265	53	119000	0.6	11900
266	53	121000	0.6	12100
267	53	113000	0.6	11300
268	53	113000	0.6	11300
269	53	117000	0.6	11700
270	54	115000	0.6	11500
271	54	119000	0.6	11900
272	54	119000	0.6	11900
273	54	121000	0.6	12100
274	54	115000	0.6	11500
275	55	115000	0.6	11500
276	55	117000	0.6	11700
277	55	117000	0.6	11700
278	55	115000	0.6	11500
279	55	121000	0.6	12100
280	56	119000	0.6	11900
281	56	115000	0.6	11500
282	56	113000	0.6	11300
283	56	119000	0.6	11900
284	56	117000	0.6	11700
285	57	119000	0.6	11900
286	57	113000	0.6	11300
287	57	113000	0.6	11300
288	57	115000	0.6	11500
289	57	117000	0.6	11700
290	58	117000	0.6	11700
291	58	121000	0.6	12100
292	58	121000	0.6	12100
293	58	121000	0.6	12100
294	58	121000	0.6	12100
295	59	119000	0.6	11900
296	59	117000	0.6	11700
297	59	115000	0.6	11500
298	59	119000	0.6	11900
299	59	113000	0.6	11300
300	60	117000	0.6	11700
301	60	113000	0.6	11300
302	60	117000	0.6	11700
303	60	117000	0.6	11700
304	60	121000	0.6	12100
305	61	121000	0.6	12100
306	61	121000	0.6	12100
307	61	115000	0.6	11500
308	61	113000	0.6	11300
309	61	117000	0.6	11700
310	62	113000	0.6	11300
311	62	117000	0.6	11700
312	62	119000	0.6	11900
313	62	119000	0.6	11900
314	62	117000	0.6	11700
315	63	121000	0.6	12100
316	63	119000	0.6	11900
317	63	113000	0.6	11300
318	63	119000	0.6	11900
319	63	117000	0.6	11700
320	64	119000	0.6	11900
321	64	115000	0.6	11500
322	64	113000	0.6	11300
323	64	113000	0.6	11300
324	64	115000	0.6	11500
325	65	119000	0.6	11900
326	65	119000	0.6	11900
327	65	115000	0.6	11500
328	65	115000	0.6	11500
329	65	119000	0.6	11900
330	66	115000	0.6	11500
331	66	121000	0.6	12100
332	66	113000	0.6	11300
333	66	117000	0.6	11700
334	66	113000	0.6	11300
335	67	113000	0.6	11300
336	67	113000	0.6	11300
337	67	113000	0.6	11300
338	67	113000	0.6	11300
339	67	117000	0.6	11700
340	68	121000	0.6	12100
341	68	121000	0.6	12100
342	68	121000	0.6	12100
343	68	113000	0.6	11300
344	68	113000	0.6	11300
345	69	115000	0.6	11500
346	69	121000	0.6	12100
347	69	119000	0.6	11900
348	69	121000	0.6	12100
349	69	115000	0.6	11500
350	70	119000	0.6	11900
351	70	115000	0.6	11500
352	70	121000	0.6	12100
353	70	113000	0.6	11300
354	70	119000	0.6	11900
355	71	119000	0.6	11900
356	71	115000	0.6	11500
357	71	121000	0.6	12100
358	71	113000	0.6	11300
359	71	113000	0.6	11300
360	72	117000	0.6	11700
361	72	121000	0.6	12100
362	72	113000	0.6	11300
363	72	121000	0.6	12100
364	72	115000	0.6	11500
365	73	113000	0.6	11300
366	73	115000	0.6	11500
367	73	113000	0.6	11300
368	73	115000	0.6	11500
369	73	121000	0.6	12100
370	74	121000	0.6	12100
371	74	115000	0.6	11500
372	74	115000	0.6	11500
373	74	115000	0.6	11500
374	74	117000	0.6	11700
375	75	113000	0.6	11300
376	75	115000	0.6	11500
377	75	119000	0.6	11900
378	75	115000	0.6	11500
379	75	117000	0.6	11700
380	76	119000	0.6	11900
381	76	121000	0.6	12100
382	76	113000	0.6	11300
383	76	117000	0.6	11700
384	76	117000	0.6	11700
385	77	117000	0.6	11700
386	77	119000	0.6	11900
387	77	115000	0.6	11500
388	77	117000	0.6	11700
389	77	119000	0.6	11900
390	78	115000	0.6	11500
391	78	117000	0.6	11700
392	78	119000	0.6	11900
393	78	121000	0.6	12100
394	78	113000	0.6	11300
395	79	115000	0.6	11500
396	79	119000	0.6	11900
397	79	119000	0.6	11900
398	79	115000	0.6	11500
399	79	119000	0.6	11900
400	80	113000	0.6	11300
401	80	119000	0.6	11900
402	80	117000	0.6	11700
403	80	119000	0.6	11900
404	80	117000	0.6	11700
405	81	113000	0.6	11300
406	81	121000	0.6	12100
407	81	119000	0.6	11900
408	81	117000	0.6	11700
409	81	119000	0.6	11900
410	82	117000	0.6	11700
411	82	115000	0.6	11500
412	82	117000	0.6	11700
413	82	113000	0.6	11300
414	82	115000	0.6	11500
415	83	113000	0.6	11300
416	83	115000	0.6	11500
417	83	115000	0.6	11500
418	83	119000	0.6	11900
419	83	119000	0.6	11900
420	84	115000	0.6	11500
421	84	113000	0.6	11300
422	84	121000	0.6	12100
423	84	113000	0.6	11300
424	84	113000	0.6	11300
425	85	115000	0.6	11500
426	85	113000	0.6	11300
427	85	121000	0.6	12100
428	85	119000	0.6	11900
429	85	113000	0.6	11300
430	86	113000	0.6	11300
431	86	113000	0.6	11300
432	86	113000	0.6	11300
433	86	115000	0.6	11500
434	86	113000	0.6	11300
435	87	115000	0.6	11500
436	87	113000	0.6	11300
437	87	117000	0.6	11700
438	87	115000	0.6	11500
439	87	115000	0.6	11500
440	88	119000	0.6	11900
441	88	115000	0.6	11500
442	88	115000	0.6	11500
443	88	117000	0.6	11700
444	88	117000	0.6	11700
445	89	121000	0.6	12100
446	89	115000	0.6	11500
447	89	121000	0.6	12100
448	89	113000	0.6	11300
449	89	119000	0.6	11900
450	90	113000	0.6	11300
451	90	117000	0.6	11700
452	90	119000	0.6	11900
453	90	119000	0.6	11900
454	90	119000	0.6	11900
455	91	119000	0.6	11900
456	91	117000	0.6	11700
457	91	121000	0.6	12100
458	91	113000	0.6	11300
459	91	117000	0.6	11700
460	92	121000	0.6	12100
461	92	117000	0.6	11700
462	92	113000	0.6	11300
463	92	113000	0.6	11300
464	92	113000	0.6	11300
465	93	117000	0.6	11700
466	93	121000	0.6	12100
467	93	117000	0.6	11700
468	93	113000	0.6	11300
469	93	117000	0.6	11700
470	94	117000	0.6	11700
471	94	119000	0.6	11900
472	94	121000	0.6	12100
473	94	119000	0.6	11900
474	94	121000	0.6	12100
475	95	113000	0.6	11300
476	95	121000	0.6	12100
477	95	117000	0.6	11700
478	95	115000	0.6	11500
479	95	117000	0.6	11700
480	96	119000	0.6	11900
481	96	121000	0.6	12100
482	96	113000	0.6	11300
483	96	121000	0.6	12100
484	96	121000	0.6	12100
485	97	115000	0.6	11500
486	97	119000	0.6	11900
487	97	119000	0.6	11900
488	97	117000	0.6	11700
489	97	121000	0.6	12100
490	98	121000	0.6	12100
491	98	121000	0.6	12100
492	98	121000	0.6	12100
493	98	113000	0.6	11300
494	98	119000	0.6	11900
495	99	115000	0.6	11500
496	99	115000	0.6	11500
497	99	117000	0.6	11700
498	99	117000	0.6	11700
499	99	117000	0.6	11700
500	100	121000	0.6	12100
501	100	119000	0.6	11900
502	100	115000	0.6	11500
503	100	115000	0.6	11500
504	100	117000	0.6	11700
505	101	119000	0.6	11900
506	101	121000	0.6	12100
507	101	121000	0.6	12100
508	101	113000	0.6	11300
509	101	119000	0.6	11900
510	102	119000	0.6	11900
511	102	115000	0.6	11500
512	102	117000	0.6	11700
513	102	117000	0.6	11700
514	102	119000	0.6	11900
515	103	117000	0.6	11700
516	103	119000	0.6	11900
517	103	119000	0.6	11900
518	103	121000	0.6	12100
519	103	115000	0.6	11500
520	104	119000	0.6	11900
521	104	119000	0.6	11900
522	104	117000	0.6	11700
523	104	119000	0.6	11900
524	104	113000	0.6	11300
525	105	121000	0.6	12100
526	105	117000	0.6	11700
527	105	117000	0.6	11700
528	105	121000	0.6	12100
529	105	121000	0.6	12100
530	106	115000	0.6	11500
531	106	115000	0.6	11500
532	106	119000	0.6	11900
533	106	117000	0.6	11700
534	106	119000	0.6	11900
535	107	117000	0.6	11700
536	107	121000	0.6	12100
537	107	121000	0.6	12100
538	107	121000	0.6	12100
539	107	113000	0.6	11300
540	108	121000	0.6	12100
541	108	121000	0.6	12100
542	108	121000	0.6	12100
543	108	119000	0.6	11900
544	108	121000	0.6	12100
545	109	115000	0.6	11500
546	109	113000	0.6	11300
547	109	113000	0.6	11300
548	109	119000	0.6	11900
549	109	117000	0.6	11700
550	110	117000	0.6	11700
551	110	115000	0.6	11500
552	110	121000	0.6	12100
553	110	113000	0.6	11300
554	110	113000	0.6	11300
555	111	117000	0.6	11700
556	111	115000	0.6	11500
557	111	117000	0.6	11700
558	111	121000	0.6	12100
559	111	121000	0.6	12100
560	112	119000	0.6	11900
561	112	119000	0.6	11900
562	112	119000	0.6	11900
563	112	119000	0.6	11900
564	112	121000	0.6	12100
565	113	115000	0.6	11500
566	113	113000	0.6	11300
567	113	115000	0.6	11500
568	113	119000	0.6	11900
569	113	115000	0.6	11500
570	114	119000	0.6	11900
571	114	119000	0.6	11900
572	114	121000	0.6	12100
573	114	119000	0.6	11900
574	114	121000	0.6	12100
575	115	121000	0.6	12100
576	115	117000	0.6	11700
577	115	117000	0.6	11700
578	115	117000	0.6	11700
579	115	121000	0.6	12100
580	116	121000	0.6	12100
581	116	121000	0.6	12100
582	116	121000	0.6	12100
583	116	113000	0.6	11300
584	116	121000	0.6	12100
585	117	113000	0.6	11300
586	117	119000	0.6	11900
587	117	115000	0.6	11500
588	117	121000	0.6	12100
589	117	117000	0.6	11700
590	118	117000	0.6	11700
591	118	115000	0.6	11500
592	118	121000	0.6	12100
593	118	115000	0.6	11500
594	118	113000	0.6	11300
595	119	119000	0.6	11900
596	119	115000	0.6	11500
597	119	113000	0.6	11300
598	119	117000	0.6	11700
599	119	115000	0.6	11500
600	120	117000	0.6	11700
601	120	121000	0.6	12100
602	120	119000	0.6	11900
603	120	121000	0.6	12100
604	120	117000	0.6	11700
605	121	113000	0.6	11300
606	121	113000	0.6	11300
607	121	113000	0.6	11300
608	121	117000	0.6	11700
609	121	113000	0.6	11300
610	122	117000	0.6	11700
611	122	119000	0.6	11900
612	122	119000	0.6	11900
613	122	113000	0.6	11300
614	122	115000	0.6	11500
615	123	117000	0.6	11700
616	123	121000	0.6	12100
617	123	115000	0.6	11500
618	123	121000	0.6	12100
619	123	117000	0.6	11700
620	124	119000	0.6	11900
621	124	117000	0.6	11700
622	124	115000	0.6	11500
623	124	119000	0.6	11900
624	124	117000	0.6	11700
625	125	121000	0.6	12100
626	125	119000	0.6	11900
627	125	119000	0.6	11900
628	125	115000	0.6	11500
629	125	119000	0.6	11900
630	126	119000	0.6	11900
631	126	119000	0.6	11900
632	126	121000	0.6	12100
633	126	115000	0.6	11500
634	126	113000	0.6	11300
635	127	117000	0.6	11700
636	127	119000	0.6	11900
637	127	121000	0.6	12100
638	127	119000	0.6	11900
639	127	113000	0.6	11300
640	128	117000	0.6	11700
641	128	113000	0.6	11300
642	128	117000	0.6	11700
643	128	117000	0.6	11700
644	128	115000	0.6	11500
645	129	113000	0.6	11300
646	129	117000	0.6	11700
647	129	121000	0.6	12100
648	129	115000	0.6	11500
649	129	113000	0.6	11300
650	130	115000	0.6	11500
651	130	119000	0.6	11900
652	130	117000	0.6	11700
653	130	121000	0.6	12100
654	130	119000	0.6	11900
655	131	119000	0.6	11900
656	131	113000	0.6	11300
657	131	113000	0.6	11300
658	131	117000	0.6	11700
659	131	115000	0.6	11500
660	132	121000	0.6	12100
661	132	113000	0.6	11300
662	132	117000	0.6	11700
663	132	121000	0.6	12100
664	132	119000	0.6	11900
665	133	121000	0.6	12100
666	133	121000	0.6	12100
667	133	119000	0.6	11900
668	133	113000	0.6	11300
669	133	119000	0.6	11900
670	134	117000	0.6	11700
671	134	113000	0.6	11300
672	134	119000	0.6	11900
673	134	113000	0.6	11300
674	134	121000	0.6	12100
675	135	119000	0.6	11900
676	135	119000	0.6	11900
677	135	117000	0.6	11700
678	135	117000	0.6	11700
679	135	117000	0.6	11700
680	136	119000	0.6	11900
681	136	115000	0.6	11500
682	136	117000	0.6	11700
683	136	113000	0.6	11300
684	136	113000	0.6	11300
685	137	119000	0.6	11900
686	137	121000	0.6	12100
687	137	121000	0.6	12100
688	137	121000	0.6	12100
689	137	115000	0.6	11500
690	138	113000	0.6	11300
691	138	117000	0.6	11700
692	138	119000	0.6	11900
693	138	115000	0.6	11500
694	138	115000	0.6	11500
695	139	119000	0.6	11900
696	139	121000	0.6	12100
697	139	113000	0.6	11300
698	139	121000	0.6	12100
699	139	115000	0.6	11500
700	140	121000	0.6	12100
701	140	115000	0.6	11500
702	140	121000	0.6	12100
703	140	113000	0.6	11300
704	140	119000	0.6	11900
705	141	113000	0.6	11300
706	141	117000	0.6	11700
707	141	121000	0.6	12100
708	141	115000	0.6	11500
709	141	119000	0.6	11900
710	142	113000	0.6	11300
711	142	119000	0.6	11900
712	142	115000	0.6	11500
713	142	113000	0.6	11300
714	142	119000	0.6	11900
715	143	119000	0.6	11900
716	143	113000	0.6	11300
717	143	119000	0.6	11900
718	143	113000	0.6	11300
719	143	119000	0.6	11900
720	144	115000	0.6	11500
721	144	117000	0.6	11700
722	144	117000	0.6	11700
723	144	119000	0.6	11900
724	144	115000	0.6	11500
725	145	113000	0.6	11300
726	145	119000	0.6	11900
727	145	117000	0.6	11700
728	145	119000	0.6	11900
729	145	117000	0.6	11700
730	146	113000	0.6	11300
731	146	115000	0.6	11500
732	146	115000	0.6	11500
733	146	121000	0.6	12100
734	146	117000	0.6	11700
735	147	119000	0.6	11900
736	147	117000	0.6	11700
737	147	121000	0.6	12100
738	147	117000	0.6	11700
739	147	113000	0.6	11300
740	148	113000	0.6	11300
741	148	115000	0.6	11500
742	148	117000	0.6	11700
743	148	119000	0.6	11900
744	148	119000	0.6	11900
745	149	115000	0.6	11500
746	149	113000	0.6	11300
747	149	119000	0.6	11900
748	149	115000	0.6	11500
749	149	113000	0.6	11300
750	150	113000	0.6	11300
751	150	121000	0.6	12100
752	150	115000	0.6	11500
753	150	117000	0.6	11700
754	150	115000	0.6	11500
755	151	113000	0.6	11300
756	151	117000	0.6	11700
757	151	121000	0.6	12100
758	151	117000	0.6	11700
759	151	121000	0.6	12100
760	152	121000	0.6	12100
761	152	115000	0.6	11500
762	152	113000	0.6	11300
763	152	117000	0.6	11700
764	152	119000	0.6	11900
765	153	117000	0.6	11700
766	153	115000	0.6	11500
767	153	121000	0.6	12100
768	153	121000	0.6	12100
769	153	121000	0.6	12100
770	154	121000	0.6	12100
771	154	117000	0.6	11700
772	154	115000	0.6	11500
773	154	119000	0.6	11900
774	154	121000	0.6	12100
775	155	121000	0.6	12100
776	155	119000	0.6	11900
777	155	115000	0.6	11500
778	155	117000	0.6	11700
779	155	115000	0.6	11500
780	156	121000	0.6	12100
781	156	113000	0.6	11300
782	156	117000	0.6	11700
783	156	117000	0.6	11700
784	156	121000	0.6	12100
785	157	119000	0.6	11900
786	157	113000	0.6	11300
787	157	117000	0.6	11700
788	157	121000	0.6	12100
789	157	117000	0.6	11700
790	158	121000	0.6	12100
791	158	121000	0.6	12100
792	158	119000	0.6	11900
793	158	119000	0.6	11900
794	158	115000	0.6	11500
795	159	119000	0.6	11900
796	159	119000	0.6	11900
797	159	119000	0.6	11900
798	159	117000	0.6	11700
799	159	115000	0.6	11500
800	160	121000	0.6	12100
801	160	115000	0.6	11500
802	160	113000	0.6	11300
803	160	113000	0.6	11300
804	160	113000	0.6	11300
805	161	121000	0.6	12100
806	161	113000	0.6	11300
807	161	115000	0.6	11500
808	161	119000	0.6	11900
809	161	113000	0.6	11300
810	162	115000	0.6	11500
811	162	115000	0.6	11500
812	162	117000	0.6	11700
813	162	115000	0.6	11500
814	162	115000	0.6	11500
815	163	119000	0.6	11900
816	163	121000	0.6	12100
817	163	115000	0.6	11500
818	163	119000	0.6	11900
819	163	119000	0.6	11900
820	164	121000	0.6	12100
821	164	119000	0.6	11900
822	164	117000	0.6	11700
823	164	113000	0.6	11300
824	164	115000	0.6	11500
825	165	113000	0.6	11300
826	165	119000	0.6	11900
827	165	115000	0.6	11500
828	165	113000	0.6	11300
829	165	119000	0.6	11900
830	166	117000	0.6	11700
831	166	115000	0.6	11500
832	166	113000	0.6	11300
833	166	115000	0.6	11500
834	166	115000	0.6	11500
835	167	115000	0.6	11500
836	167	121000	0.6	12100
837	167	119000	0.6	11900
838	167	117000	0.6	11700
839	167	115000	0.6	11500
840	168	121000	0.6	12100
841	168	121000	0.6	12100
842	168	115000	0.6	11500
843	168	121000	0.6	12100
844	168	117000	0.6	11700
845	169	121000	0.6	12100
846	169	119000	0.6	11900
847	169	121000	0.6	12100
848	169	121000	0.6	12100
849	169	113000	0.6	11300
850	170	113000	0.6	11300
851	170	121000	0.6	12100
852	170	119000	0.6	11900
853	170	121000	0.6	12100
854	170	115000	0.6	11500
855	171	115000	0.6	11500
856	171	121000	0.6	12100
857	171	121000	0.6	12100
858	171	115000	0.6	11500
859	171	113000	0.6	11300
860	172	117000	0.6	11700
861	172	113000	0.6	11300
862	172	121000	0.6	12100
863	172	115000	0.6	11500
864	172	119000	0.6	11900
865	173	121000	0.6	12100
866	173	119000	0.6	11900
867	173	113000	0.6	11300
868	173	121000	0.6	12100
869	173	115000	0.6	11500
870	174	115000	0.6	11500
871	174	119000	0.6	11900
872	174	117000	0.6	11700
873	174	117000	0.6	11700
874	174	113000	0.6	11300
875	175	115000	0.6	11500
876	175	117000	0.6	11700
877	175	115000	0.6	11500
878	175	119000	0.6	11900
879	175	113000	0.6	11300
880	176	113000	0.6	11300
881	176	117000	0.6	11700
882	176	115000	0.6	11500
883	176	119000	0.6	11900
884	176	121000	0.6	12100
885	177	119000	0.6	11900
886	177	121000	0.6	12100
887	177	117000	0.6	11700
888	177	117000	0.6	11700
889	177	121000	0.6	12100
890	178	121000	0.6	12100
891	178	115000	0.6	11500
892	178	121000	0.6	12100
893	178	119000	0.6	11900
894	178	121000	0.6	12100
895	179	117000	0.6	11700
896	179	117000	0.6	11700
897	179	121000	0.6	12100
898	179	115000	0.6	11500
899	179	117000	0.6	11700
900	180	115000	0.6	11500
901	180	115000	0.6	11500
902	180	121000	0.6	12100
903	180	115000	0.6	11500
904	180	121000	0.6	12100
905	181	117000	0.6	11700
906	181	121000	0.6	12100
907	181	119000	0.6	11900
908	181	119000	0.6	11900
909	181	115000	0.6	11500
910	182	119000	0.6	11900
911	182	115000	0.6	11500
912	182	113000	0.6	11300
913	182	115000	0.6	11500
914	182	115000	0.6	11500
915	183	119000	0.6	11900
916	183	119000	0.6	11900
917	183	119000	0.6	11900
918	183	121000	0.6	12100
919	183	113000	0.6	11300
920	184	119000	0.6	11900
921	184	119000	0.6	11900
922	184	121000	0.6	12100
923	184	119000	0.6	11900
924	184	119000	0.6	11900
925	185	121000	0.6	12100
926	185	117000	0.6	11700
927	185	119000	0.6	11900
928	185	113000	0.6	11300
929	185	119000	0.6	11900
930	186	117000	0.6	11700
931	186	117000	0.6	11700
932	186	115000	0.6	11500
933	186	121000	0.6	12100
934	186	113000	0.6	11300
935	187	119000	0.6	11900
936	187	121000	0.6	12100
937	187	119000	0.6	11900
938	187	115000	0.6	11500
939	187	115000	0.6	11500
940	188	117000	0.6	11700
941	188	119000	0.6	11900
942	188	119000	0.6	11900
943	188	115000	0.6	11500
944	188	117000	0.6	11700
945	189	115000	0.6	11500
946	189	113000	0.6	11300
947	189	121000	0.6	12100
948	189	113000	0.6	11300
949	189	113000	0.6	11300
950	190	121000	0.6	12100
951	190	119000	0.6	11900
952	190	113000	0.6	11300
953	190	121000	0.6	12100
954	190	113000	0.6	11300
955	191	115000	0.6	11500
956	191	121000	0.6	12100
957	191	113000	0.6	11300
958	191	119000	0.6	11900
959	191	115000	0.6	11500
960	192	117000	0.6	11700
961	192	119000	0.6	11900
962	192	113000	0.6	11300
963	192	121000	0.6	12100
964	192	117000	0.6	11700
965	193	121000	0.6	12100
966	193	115000	0.6	11500
967	193	121000	0.6	12100
968	193	121000	0.6	12100
969	193	121000	0.6	12100
970	194	117000	0.6	11700
971	194	117000	0.6	11700
972	194	121000	0.6	12100
973	194	121000	0.6	12100
974	194	117000	0.6	11700
975	195	115000	0.6	11500
976	195	119000	0.6	11900
977	195	115000	0.6	11500
978	195	113000	0.6	11300
979	195	121000	0.6	12100
980	196	121000	0.6	12100
981	196	113000	0.6	11300
982	196	121000	0.6	12100
983	196	117000	0.6	11700
984	196	119000	0.6	11900
985	197	113000	0.6	11300
986	197	115000	0.6	11500
987	197	113000	0.6	11300
988	197	121000	0.6	12100
989	197	119000	0.6	11900
990	198	119000	0.6	11900
991	198	115000	0.6	11500
992	198	117000	0.6	11700
993	198	115000	0.6	11500
994	198	113000	0.6	11300
995	199	113000	0.6	11300
996	199	121000	0.6	12100
997	199	117000	0.6	11700
998	199	119000	0.6	11900
999	199	117000	0.6	11700
1000	200	113000	0.6	11300
1001	200	119000	0.6	11900
1002	200	117000	0.6	11700
1003	200	117000	0.6	11700
1004	200	117000	0.6	11700
1005	201	117000	0.6	11700
1006	201	115000	0.6	11500
1007	201	117000	0.6	11700
1008	201	113000	0.6	11300
1009	201	119000	0.6	11900
1010	202	115000	0.6	11500
1011	202	121000	0.6	12100
1012	202	119000	0.6	11900
1013	202	119000	0.6	11900
1014	202	117000	0.6	11700
1015	203	113000	0.6	11300
1016	203	113000	0.6	11300
1017	203	115000	0.6	11500
1018	203	121000	0.6	12100
1019	203	121000	0.6	12100
1020	204	121000	0.6	12100
1021	204	113000	0.6	11300
1022	204	115000	0.6	11500
1023	204	121000	0.6	12100
1024	204	113000	0.6	11300
1025	205	115000	0.6	11500
1026	205	113000	0.6	11300
1027	205	117000	0.6	11700
1028	205	115000	0.6	11500
1029	205	117000	0.6	11700
1030	206	115000	0.6	11500
1031	206	121000	0.6	12100
1032	206	119000	0.6	11900
1033	206	115000	0.6	11500
1034	206	113000	0.6	11300
1035	207	117000	0.6	11700
1036	207	113000	0.6	11300
1037	207	121000	0.6	12100
1038	207	119000	0.6	11900
1039	207	119000	0.6	11900
1040	208	119000	0.6	11900
1041	208	115000	0.6	11500
1042	208	115000	0.6	11500
1043	208	119000	0.6	11900
1044	208	121000	0.6	12100
1045	209	115000	0.6	11500
1046	209	115000	0.6	11500
1047	209	117000	0.6	11700
1048	209	121000	0.6	12100
1049	209	113000	0.6	11300
1050	210	119000	0.6	11900
1051	210	113000	0.6	11300
1052	210	117000	0.6	11700
1053	210	121000	0.6	12100
1054	210	117000	0.6	11700
1055	211	121000	0.6	12100
1056	211	119000	0.6	11900
1057	211	117000	0.6	11700
1058	211	121000	0.6	12100
1059	211	115000	0.6	11500
1060	212	117000	0.6	11700
1061	212	115000	0.6	11500
1062	212	117000	0.6	11700
1063	212	117000	0.6	11700
1064	212	121000	0.6	12100
1065	213	117000	0.6	11700
1066	213	113000	0.6	11300
1067	213	119000	0.6	11900
1068	213	119000	0.6	11900
1069	213	119000	0.6	11900
1070	214	119000	0.6	11900
1071	214	121000	0.6	12100
1072	214	121000	0.6	12100
1073	214	117000	0.6	11700
1074	214	115000	0.6	11500
1075	215	117000	0.6	11700
1076	215	121000	0.6	12100
1077	215	121000	0.6	12100
1078	215	113000	0.6	11300
1079	215	119000	0.6	11900
1080	216	115000	0.6	11500
1081	216	117000	0.6	11700
1082	216	119000	0.6	11900
1083	216	117000	0.6	11700
1084	216	121000	0.6	12100
1085	217	117000	0.6	11700
1086	217	115000	0.6	11500
1087	217	121000	0.6	12100
1088	217	115000	0.6	11500
1089	217	115000	0.6	11500
1090	218	115000	0.6	11500
1091	218	119000	0.6	11900
1092	218	113000	0.6	11300
1093	218	119000	0.6	11900
1094	218	121000	0.6	12100
1095	219	115000	0.6	11500
1096	219	115000	0.6	11500
1097	219	119000	0.6	11900
1098	219	117000	0.6	11700
1099	219	113000	0.6	11300
1100	220	119000	0.6	11900
1101	220	121000	0.6	12100
1102	220	113000	0.6	11300
1103	220	117000	0.6	11700
1104	220	117000	0.6	11700
1105	221	115000	0.6	11500
1106	221	117000	0.6	11700
1107	221	121000	0.6	12100
1108	221	117000	0.6	11700
1109	221	121000	0.6	12100
1110	222	115000	0.6	11500
1111	222	119000	0.6	11900
1112	222	121000	0.6	12100
1113	222	115000	0.6	11500
1114	222	117000	0.6	11700
1115	223	119000	0.6	11900
1116	223	121000	0.6	12100
1117	223	117000	0.6	11700
1118	223	121000	0.6	12100
1119	223	113000	0.6	11300
1120	224	121000	0.6	12100
1121	224	117000	0.6	11700
1122	224	119000	0.6	11900
1123	224	119000	0.6	11900
1124	224	117000	0.6	11700
1125	225	121000	0.6	12100
1126	225	119000	0.6	11900
1127	225	121000	0.6	12100
1128	225	113000	0.6	11300
1129	225	113000	0.6	11300
1130	226	121000	0.6	12100
1131	226	117000	0.6	11700
1132	226	115000	0.6	11500
1133	226	113000	0.6	11300
1134	226	119000	0.6	11900
1135	227	115000	0.6	11500
1136	227	113000	0.6	11300
1137	227	119000	0.6	11900
1138	227	113000	0.6	11300
1139	227	115000	0.6	11500
1140	228	119000	0.6	11900
1141	228	115000	0.6	11500
1142	228	115000	0.6	11500
1143	228	115000	0.6	11500
1144	228	117000	0.6	11700
1145	229	117000	0.6	11700
1146	229	119000	0.6	11900
1147	229	115000	0.6	11500
1148	229	115000	0.6	11500
1149	229	121000	0.6	12100
1150	230	119000	0.6	11900
1151	230	121000	0.6	12100
1152	230	117000	0.6	11700
1153	230	121000	0.6	12100
1154	230	119000	0.6	11900
1155	231	113000	0.6	11300
1156	231	117000	0.6	11700
1157	231	115000	0.6	11500
1158	231	121000	0.6	12100
1159	231	113000	0.6	11300
1160	232	119000	0.6	11900
1161	232	115000	0.6	11500
1162	232	115000	0.6	11500
1163	232	115000	0.6	11500
1164	232	117000	0.6	11700
1165	233	115000	0.6	11500
1166	233	119000	0.6	11900
1167	233	117000	0.6	11700
1168	233	121000	0.6	12100
1169	233	121000	0.6	12100
1170	234	121000	0.6	12100
1171	234	113000	0.6	11300
1172	234	113000	0.6	11300
1173	234	113000	0.6	11300
1174	234	115000	0.6	11500
1175	235	121000	0.6	12100
1176	235	121000	0.6	12100
1177	235	119000	0.6	11900
1178	235	113000	0.6	11300
1179	235	117000	0.6	11700
1180	236	115000	0.6	11500
1181	236	115000	0.6	11500
1182	236	117000	0.6	11700
1183	236	119000	0.6	11900
1184	236	115000	0.6	11500
1185	237	121000	0.6	12100
1186	237	117000	0.6	11700
1187	237	121000	0.6	12100
1188	237	117000	0.6	11700
1189	237	117000	0.6	11700
1190	238	115000	0.6	11500
1191	238	121000	0.6	12100
1192	238	121000	0.6	12100
1193	238	121000	0.6	12100
1194	238	119000	0.6	11900
1195	239	115000	0.6	11500
1196	239	121000	0.6	12100
1197	239	115000	0.6	11500
1198	239	115000	0.6	11500
1199	239	119000	0.6	11900
1200	240	117000	0.6	11700
1201	240	119000	0.6	11900
1202	240	117000	0.6	11700
1203	240	117000	0.6	11700
1204	240	115000	0.6	11500
1205	241	121000	0.6	12100
1206	241	121000	0.6	12100
1207	241	119000	0.6	11900
1208	241	117000	0.6	11700
1209	241	119000	0.6	11900
1210	242	113000	0.6	11300
1211	242	113000	0.6	11300
1212	242	119000	0.6	11900
1213	242	113000	0.6	11300
1214	242	113000	0.6	11300
1215	243	119000	0.6	11900
1216	243	113000	0.6	11300
1217	243	117000	0.6	11700
1218	243	115000	0.6	11500
1219	243	119000	0.6	11900
1220	244	121000	0.6	12100
1221	244	121000	0.6	12100
1222	244	117000	0.6	11700
1223	244	121000	0.6	12100
1224	244	119000	0.6	11900
1225	245	121000	0.6	12100
1226	245	121000	0.6	12100
1227	245	113000	0.6	11300
1228	245	121000	0.6	12100
1229	245	117000	0.6	11700
1230	246	113000	0.6	11300
1231	246	117000	0.6	11700
1232	246	121000	0.6	12100
1233	246	119000	0.6	11900
1234	246	117000	0.6	11700
1235	247	115000	0.6	11500
1236	247	117000	0.6	11700
1237	247	115000	0.6	11500
1238	247	121000	0.6	12100
1239	247	117000	0.6	11700
1240	248	113000	0.6	11300
1241	248	117000	0.6	11700
1242	248	119000	0.6	11900
1243	248	115000	0.6	11500
1244	248	113000	0.6	11300
1245	249	115000	0.6	11500
1246	249	115000	0.6	11500
1247	249	115000	0.6	11500
1248	249	121000	0.6	12100
1249	249	115000	0.6	11500
1250	250	119000	0.6	11900
1251	250	119000	0.6	11900
1252	250	113000	0.6	11300
1253	250	115000	0.6	11500
1254	250	115000	0.6	11500
1255	251	115000	0.6	11500
1256	251	121000	0.6	12100
1257	251	115000	0.6	11500
1258	251	121000	0.6	12100
1259	251	117000	0.6	11700
1260	252	119000	0.6	11900
1261	252	119000	0.6	11900
1262	252	113000	0.6	11300
1263	252	119000	0.6	11900
1264	252	119000	0.6	11900
1265	253	119000	0.6	11900
1266	253	115000	0.6	11500
1267	253	113000	0.6	11300
1268	253	113000	0.6	11300
1269	253	121000	0.6	12100
1270	254	117000	0.6	11700
1271	254	115000	0.6	11500
1272	254	117000	0.6	11700
1273	254	119000	0.6	11900
1274	254	119000	0.6	11900
1275	255	121000	0.6	12100
1276	255	121000	0.6	12100
1277	255	115000	0.6	11500
1278	255	121000	0.6	12100
1279	255	113000	0.6	11300
1280	256	121000	0.6	12100
1281	256	121000	0.6	12100
1282	256	119000	0.6	11900
1283	256	121000	0.6	12100
1284	256	113000	0.6	11300
1285	257	117000	0.6	11700
1286	257	115000	0.6	11500
1287	257	117000	0.6	11700
1288	257	117000	0.6	11700
1289	257	117000	0.6	11700
1290	258	113000	0.6	11300
1291	258	115000	0.6	11500
1292	258	113000	0.6	11300
1293	258	121000	0.6	12100
1294	258	113000	0.6	11300
1295	259	113000	0.6	11300
1296	259	119000	0.6	11900
1297	259	121000	0.6	12100
1298	259	115000	0.6	11500
1299	259	113000	0.6	11300
1300	260	115000	0.6	11500
1301	260	121000	0.6	12100
1302	260	121000	0.6	12100
1303	260	117000	0.6	11700
1304	260	117000	0.6	11700
1305	261	117000	0.6	11700
1306	261	121000	0.6	12100
1307	261	121000	0.6	12100
1308	261	121000	0.6	12100
1309	261	113000	0.6	11300
1310	262	121000	0.6	12100
1311	262	117000	0.6	11700
1312	262	121000	0.6	12100
1313	262	117000	0.6	11700
1314	262	121000	0.6	12100
1315	263	117000	0.6	11700
1316	263	121000	0.6	12100
1317	263	115000	0.6	11500
1318	263	113000	0.6	11300
1319	263	121000	0.6	12100
1320	264	121000	0.6	12100
1321	264	121000	0.6	12100
1322	264	117000	0.6	11700
1323	264	115000	0.6	11500
1324	264	113000	0.6	11300
1325	265	119000	0.6	11900
1326	265	113000	0.6	11300
1327	265	115000	0.6	11500
1328	265	121000	0.6	12100
1329	265	121000	0.6	12100
1330	266	119000	0.6	11900
1331	266	117000	0.6	11700
1332	266	117000	0.6	11700
1333	266	121000	0.6	12100
1334	266	115000	0.6	11500
1335	267	115000	0.6	11500
1336	267	113000	0.6	11300
1337	267	117000	0.6	11700
1338	267	113000	0.6	11300
1339	267	115000	0.6	11500
1340	268	115000	0.6	11500
1341	268	115000	0.6	11500
1342	268	117000	0.6	11700
1343	268	119000	0.6	11900
1344	268	119000	0.6	11900
1345	269	117000	0.6	11700
1346	269	119000	0.6	11900
1347	269	115000	0.6	11500
1348	269	117000	0.6	11700
1349	269	119000	0.6	11900
1350	270	115000	0.6	11500
1351	270	117000	0.6	11700
1352	270	115000	0.6	11500
1353	270	117000	0.6	11700
1354	270	113000	0.6	11300
1355	271	115000	0.6	11500
1356	271	117000	0.6	11700
1357	271	117000	0.6	11700
1358	271	115000	0.6	11500
1359	271	119000	0.6	11900
1360	272	113000	0.6	11300
1361	272	121000	0.6	12100
1362	272	117000	0.6	11700
1363	272	121000	0.6	12100
1364	272	113000	0.6	11300
1365	273	115000	0.6	11500
1366	273	119000	0.6	11900
1367	273	117000	0.6	11700
1368	273	113000	0.6	11300
1369	273	119000	0.6	11900
1370	274	119000	0.6	11900
1371	274	121000	0.6	12100
1372	274	119000	0.6	11900
1373	274	121000	0.6	12100
1374	274	115000	0.6	11500
1375	275	119000	0.6	11900
1376	275	115000	0.6	11500
1377	275	117000	0.6	11700
1378	275	115000	0.6	11500
1379	275	115000	0.6	11500
1380	276	113000	0.6	11300
1381	276	113000	0.6	11300
1382	276	121000	0.6	12100
1383	276	113000	0.6	11300
1384	276	119000	0.6	11900
1385	277	113000	0.6	11300
1386	277	113000	0.6	11300
1387	277	117000	0.6	11700
1388	277	115000	0.6	11500
1389	277	113000	0.6	11300
1390	278	119000	0.6	11900
1391	278	117000	0.6	11700
1392	278	113000	0.6	11300
1393	278	115000	0.6	11500
1394	278	113000	0.6	11300
1395	279	117000	0.6	11700
1396	279	115000	0.6	11500
1397	279	121000	0.6	12100
1398	279	119000	0.6	11900
1399	279	113000	0.6	11300
1400	280	113000	0.6	11300
1401	280	115000	0.6	11500
1402	280	115000	0.6	11500
1403	280	119000	0.6	11900
1404	280	117000	0.6	11700
1405	281	119000	0.6	11900
1406	281	119000	0.6	11900
1407	281	117000	0.6	11700
1408	281	121000	0.6	12100
1409	281	119000	0.6	11900
1410	282	119000	0.6	11900
1411	282	113000	0.6	11300
1412	282	121000	0.6	12100
1413	282	117000	0.6	11700
1414	282	115000	0.6	11500
1415	283	121000	0.6	12100
1416	283	119000	0.6	11900
1417	283	119000	0.6	11900
1418	283	121000	0.6	12100
1419	283	115000	0.6	11500
1420	284	121000	0.6	12100
1421	284	121000	0.6	12100
1422	284	121000	0.6	12100
1423	284	113000	0.6	11300
1424	284	113000	0.6	11300
1425	285	115000	0.6	11500
1426	285	121000	0.6	12100
1427	285	119000	0.6	11900
1428	285	121000	0.6	12100
1429	285	113000	0.6	11300
1430	286	113000	0.6	11300
1431	286	119000	0.6	11900
1432	286	115000	0.6	11500
1433	286	117000	0.6	11700
1434	286	121000	0.6	12100
1435	287	117000	0.6	11700
1436	287	121000	0.6	12100
1437	287	121000	0.6	12100
1438	287	121000	0.6	12100
1439	287	121000	0.6	12100
1440	288	115000	0.6	11500
1441	288	115000	0.6	11500
1442	288	113000	0.6	11300
1443	288	117000	0.6	11700
1444	288	115000	0.6	11500
1445	289	119000	0.6	11900
1446	289	117000	0.6	11700
1447	289	115000	0.6	11500
1448	289	119000	0.6	11900
1449	289	121000	0.6	12100
1450	290	117000	0.6	11700
1451	290	117000	0.6	11700
1452	290	113000	0.6	11300
1453	290	115000	0.6	11500
1454	290	115000	0.6	11500
1455	291	115000	0.6	11500
1456	291	121000	0.6	12100
1457	291	119000	0.6	11900
1458	291	115000	0.6	11500
1459	291	119000	0.6	11900
1460	292	115000	0.6	11500
1461	292	117000	0.6	11700
1462	292	119000	0.6	11900
1463	292	119000	0.6	11900
1464	292	117000	0.6	11700
1465	293	121000	0.6	12100
1466	293	119000	0.6	11900
1467	293	119000	0.6	11900
1468	293	121000	0.6	12100
1469	293	121000	0.6	12100
1470	294	115000	0.6	11500
1471	294	117000	0.6	11700
1472	294	113000	0.6	11300
1473	294	117000	0.6	11700
1474	294	119000	0.6	11900
1475	295	119000	0.6	11900
1476	295	119000	0.6	11900
1477	295	113000	0.6	11300
1478	295	117000	0.6	11700
1479	295	115000	0.6	11500
1480	296	119000	0.6	11900
1481	296	117000	0.6	11700
1482	296	117000	0.6	11700
1483	296	117000	0.6	11700
1484	296	121000	0.6	12100
1485	297	117000	0.6	11700
1486	297	119000	0.6	11900
1487	297	119000	0.6	11900
1488	297	121000	0.6	12100
1489	297	121000	0.6	12100
1490	298	115000	0.6	11500
1491	298	121000	0.6	12100
1492	298	117000	0.6	11700
1493	298	113000	0.6	11300
1494	298	121000	0.6	12100
1495	299	117000	0.6	11700
1496	299	117000	0.6	11700
1497	299	121000	0.6	12100
1498	299	113000	0.6	11300
1499	299	115000	0.6	11500
1500	300	115000	0.6	11500
1501	300	119000	0.6	11900
1502	300	119000	0.6	11900
1503	300	121000	0.6	12100
1504	300	117000	0.6	11700
1505	301	117000	0.6	11700
1506	301	117000	0.6	11700
1507	301	113000	0.6	11300
1508	301	113000	0.6	11300
1509	301	113000	0.6	11300
1510	302	117000	0.6	11700
1511	302	121000	0.6	12100
1512	302	113000	0.6	11300
1513	302	117000	0.6	11700
1514	302	113000	0.6	11300
1515	303	117000	0.6	11700
1516	303	119000	0.6	11900
1517	303	117000	0.6	11700
1518	303	113000	0.6	11300
1519	303	117000	0.6	11700
1520	304	119000	0.6	11900
1521	304	113000	0.6	11300
1522	304	113000	0.6	11300
1523	304	119000	0.6	11900
1524	304	115000	0.6	11500
1525	305	121000	0.6	12100
1526	305	115000	0.6	11500
1527	305	115000	0.6	11500
1528	305	113000	0.6	11300
1529	305	121000	0.6	12100
1530	306	113000	0.6	11300
1531	306	119000	0.6	11900
1532	306	115000	0.6	11500
1533	306	117000	0.6	11700
1534	306	121000	0.6	12100
1535	307	113000	0.6	11300
1536	307	117000	0.6	11700
1537	307	117000	0.6	11700
1538	307	113000	0.6	11300
1539	307	117000	0.6	11700
1540	308	121000	0.6	12100
1541	308	115000	0.6	11500
1542	308	113000	0.6	11300
1543	308	113000	0.6	11300
1544	308	113000	0.6	11300
1545	309	115000	0.6	11500
1546	309	117000	0.6	11700
1547	309	113000	0.6	11300
1548	309	121000	0.6	12100
1549	309	119000	0.6	11900
1550	310	115000	0.6	11500
1551	310	119000	0.6	11900
1552	310	119000	0.6	11900
1553	310	119000	0.6	11900
1554	310	119000	0.6	11900
1555	311	121000	0.6	12100
1556	311	121000	0.6	12100
1557	311	119000	0.6	11900
1558	311	117000	0.6	11700
1559	311	119000	0.6	11900
1560	312	121000	0.6	12100
1561	312	119000	0.6	11900
1562	312	119000	0.6	11900
1563	312	117000	0.6	11700
1564	312	113000	0.6	11300
1565	313	121000	0.6	12100
1566	313	115000	0.6	11500
1567	313	115000	0.6	11500
1568	313	119000	0.6	11900
1569	313	113000	0.6	11300
1570	314	115000	0.6	11500
1571	314	113000	0.6	11300
1572	314	113000	0.6	11300
1573	314	113000	0.6	11300
1574	314	119000	0.6	11900
1575	315	119000	0.6	11900
1576	315	119000	0.6	11900
1577	315	117000	0.6	11700
1578	315	113000	0.6	11300
1579	315	115000	0.6	11500
1580	316	119000	0.6	11900
1581	316	117000	0.6	11700
1582	316	115000	0.6	11500
1583	316	117000	0.6	11700
1584	316	113000	0.6	11300
1585	317	115000	0.6	11500
1586	317	119000	0.6	11900
1587	317	119000	0.6	11900
1588	317	119000	0.6	11900
1589	317	121000	0.6	12100
1590	318	121000	0.6	12100
1591	318	113000	0.6	11300
1592	318	121000	0.6	12100
1593	318	117000	0.6	11700
1594	318	113000	0.6	11300
1595	319	117000	0.6	11700
1596	319	117000	0.6	11700
1597	319	119000	0.6	11900
1598	319	115000	0.6	11500
1599	319	121000	0.6	12100
1600	320	115000	0.6	11500
1601	320	121000	0.6	12100
1602	320	115000	0.6	11500
1603	320	115000	0.6	11500
1604	320	121000	0.6	12100
1605	321	121000	0.6	12100
1606	321	117000	0.6	11700
1607	321	119000	0.6	11900
1608	321	117000	0.6	11700
1609	321	121000	0.6	12100
1610	322	115000	0.6	11500
1611	322	119000	0.6	11900
1612	322	119000	0.6	11900
1613	322	115000	0.6	11500
1614	322	115000	0.6	11500
1615	323	119000	0.6	11900
1616	323	113000	0.6	11300
1617	323	113000	0.6	11300
1618	323	119000	0.6	11900
1619	323	115000	0.6	11500
1620	324	115000	0.6	11500
1621	324	121000	0.6	12100
1622	324	113000	0.6	11300
1623	324	117000	0.6	11700
1624	324	119000	0.6	11900
1625	325	119000	0.6	11900
1626	325	119000	0.6	11900
1627	325	113000	0.6	11300
1628	325	115000	0.6	11500
1629	325	115000	0.6	11500
1630	326	121000	0.6	12100
1631	326	121000	0.6	12100
1632	326	115000	0.6	11500
1633	326	119000	0.6	11900
1634	326	121000	0.6	12100
1635	327	113000	0.6	11300
1636	327	113000	0.6	11300
1637	327	119000	0.6	11900
1638	327	121000	0.6	12100
1639	327	121000	0.6	12100
1640	328	113000	0.6	11300
1641	328	119000	0.6	11900
1642	328	121000	0.6	12100
1643	328	115000	0.6	11500
1644	328	121000	0.6	12100
1645	329	115000	0.6	11500
1646	329	119000	0.6	11900
1647	329	117000	0.6	11700
1648	329	119000	0.6	11900
1649	329	119000	0.6	11900
1650	330	115000	0.6	11500
1651	330	119000	0.6	11900
1652	330	119000	0.6	11900
1653	330	121000	0.6	12100
1654	330	117000	0.6	11700
1655	331	121000	0.6	12100
1656	331	117000	0.6	11700
1657	331	113000	0.6	11300
1658	331	117000	0.6	11700
1659	331	113000	0.6	11300
1660	332	115000	0.6	11500
1661	332	117000	0.6	11700
1662	332	115000	0.6	11500
1663	332	119000	0.6	11900
1664	332	113000	0.6	11300
1665	333	117000	0.6	11700
1666	333	119000	0.6	11900
1667	333	115000	0.6	11500
1668	333	117000	0.6	11700
1669	333	113000	0.6	11300
1670	334	117000	0.6	11700
1671	334	117000	0.6	11700
1672	334	119000	0.6	11900
1673	334	121000	0.6	12100
1674	334	121000	0.6	12100
1675	335	121000	0.6	12100
1676	335	121000	0.6	12100
1677	335	117000	0.6	11700
1678	335	121000	0.6	12100
1679	335	113000	0.6	11300
1680	336	117000	0.6	11700
1681	336	113000	0.6	11300
1682	336	113000	0.6	11300
1683	336	119000	0.6	11900
1684	336	121000	0.6	12100
1685	337	113000	0.6	11300
1686	337	117000	0.6	11700
1687	337	115000	0.6	11500
1688	337	113000	0.6	11300
1689	337	121000	0.6	12100
1690	338	121000	0.6	12100
1691	338	121000	0.6	12100
1692	338	115000	0.6	11500
1693	338	113000	0.6	11300
1694	338	113000	0.6	11300
1695	339	121000	0.6	12100
1696	339	117000	0.6	11700
1697	339	113000	0.6	11300
1698	339	121000	0.6	12100
1699	339	119000	0.6	11900
1700	340	117000	0.6	11700
1701	340	121000	0.6	12100
1702	340	119000	0.6	11900
1703	340	115000	0.6	11500
1704	340	119000	0.6	11900
1705	341	121000	0.6	12100
1706	341	119000	0.6	11900
1707	341	115000	0.6	11500
1708	341	113000	0.6	11300
1709	341	115000	0.6	11500
1710	342	115000	0.6	11500
1711	342	113000	0.6	11300
1712	342	119000	0.6	11900
1713	342	113000	0.6	11300
1714	342	113000	0.6	11300
1715	343	119000	0.6	11900
1716	343	121000	0.6	12100
1717	343	121000	0.6	12100
1718	343	117000	0.6	11700
1719	343	115000	0.6	11500
1720	344	119000	0.6	11900
1721	344	121000	0.6	12100
1722	344	121000	0.6	12100
1723	344	121000	0.6	12100
1724	344	119000	0.6	11900
1725	345	119000	0.6	11900
1726	345	119000	0.6	11900
1727	345	115000	0.6	11500
1728	345	119000	0.6	11900
1729	345	117000	0.6	11700
1730	346	113000	0.6	11300
1731	346	113000	0.6	11300
1732	346	115000	0.6	11500
1733	346	119000	0.6	11900
1734	346	117000	0.6	11700
1735	347	119000	0.6	11900
1736	347	119000	0.6	11900
1737	347	121000	0.6	12100
1738	347	115000	0.6	11500
1739	347	119000	0.6	11900
1740	348	115000	0.6	11500
1741	348	117000	0.6	11700
1742	348	115000	0.6	11500
1743	348	121000	0.6	12100
1744	348	113000	0.6	11300
1745	349	121000	0.6	12100
1746	349	119000	0.6	11900
1747	349	119000	0.6	11900
1748	349	119000	0.6	11900
1749	349	121000	0.6	12100
1750	350	117000	0.6	11700
1751	350	117000	0.6	11700
1752	350	115000	0.6	11500
1753	350	113000	0.6	11300
1754	350	113000	0.6	11300
1755	351	113000	0.6	11300
1756	351	121000	0.6	12100
1757	351	115000	0.6	11500
1758	351	115000	0.6	11500
1759	351	121000	0.6	12100
1760	352	117000	0.6	11700
1761	352	117000	0.6	11700
1762	352	119000	0.6	11900
1763	352	121000	0.6	12100
1764	352	121000	0.6	12100
1765	353	117000	0.6	11700
1766	353	115000	0.6	11500
1767	353	121000	0.6	12100
1768	353	121000	0.6	12100
1769	353	113000	0.6	11300
1770	354	121000	0.6	12100
1771	354	121000	0.6	12100
1772	354	117000	0.6	11700
1773	354	121000	0.6	12100
1774	354	117000	0.6	11700
1775	355	121000	0.6	12100
1776	355	119000	0.6	11900
1777	355	117000	0.6	11700
1778	355	113000	0.6	11300
1779	355	113000	0.6	11300
1780	356	117000	0.6	11700
1781	356	119000	0.6	11900
1782	356	119000	0.6	11900
1783	356	113000	0.6	11300
1784	356	113000	0.6	11300
1785	357	115000	0.6	11500
1786	357	115000	0.6	11500
1787	357	115000	0.6	11500
1788	357	113000	0.6	11300
1789	357	119000	0.6	11900
1790	358	117000	0.6	11700
1791	358	121000	0.6	12100
1792	358	113000	0.6	11300
1793	358	113000	0.6	11300
1794	358	121000	0.6	12100
1795	359	119000	0.6	11900
1796	359	115000	0.6	11500
1797	359	117000	0.6	11700
1798	359	115000	0.6	11500
1799	359	115000	0.6	11500
1800	360	113000	0.6	11300
1801	360	117000	0.6	11700
1802	360	117000	0.6	11700
1803	360	113000	0.6	11300
1804	360	117000	0.6	11700
1805	361	113000	0.6	11300
1806	361	121000	0.6	12100
1807	361	121000	0.6	12100
1808	361	113000	0.6	11300
1809	361	121000	0.6	12100
1810	362	115000	0.6	11500
1811	362	115000	0.6	11500
1812	362	117000	0.6	11700
1813	362	119000	0.6	11900
1814	362	121000	0.6	12100
1815	363	121000	0.6	12100
1816	363	117000	0.6	11700
1817	363	117000	0.6	11700
1818	363	115000	0.6	11500
1819	363	117000	0.6	11700
1820	364	119000	0.6	11900
1821	364	115000	0.6	11500
1822	364	117000	0.6	11700
1823	364	117000	0.6	11700
1824	364	115000	0.6	11500
1825	365	115000	0.6	11500
1826	365	119000	0.6	11900
1827	365	119000	0.6	11900
1828	365	119000	0.6	11900
1829	365	117000	0.6	11700
1830	366	113000	0.6	11300
1831	366	113000	0.6	11300
1832	366	119000	0.6	11900
1833	366	121000	0.6	12100
1834	366	113000	0.6	11300
1835	367	115000	0.6	11500
1836	367	121000	0.6	12100
1837	367	117000	0.6	11700
1838	367	115000	0.6	11500
1839	367	121000	0.6	12100
1840	368	113000	0.6	11300
1841	368	113000	0.6	11300
1842	368	121000	0.6	12100
1843	368	113000	0.6	11300
1844	368	115000	0.6	11500
1845	369	115000	0.6	11500
1846	369	115000	0.6	11500
1847	369	115000	0.6	11500
1848	369	121000	0.6	12100
1849	369	117000	0.6	11700
1850	370	113000	0.6	11300
1851	370	119000	0.6	11900
1852	370	115000	0.6	11500
1853	370	117000	0.6	11700
1854	370	115000	0.6	11500
1855	371	117000	0.6	11700
1856	371	121000	0.6	12100
1857	371	113000	0.6	11300
1858	371	115000	0.6	11500
1859	371	119000	0.6	11900
1860	372	115000	0.6	11500
1861	372	115000	0.6	11500
1862	372	121000	0.6	12100
1863	372	121000	0.6	12100
1864	372	121000	0.6	12100
1865	373	113000	0.6	11300
1866	373	119000	0.6	11900
1867	373	115000	0.6	11500
1868	373	119000	0.6	11900
1869	373	119000	0.6	11900
1870	374	119000	0.6	11900
1871	374	113000	0.6	11300
1872	374	117000	0.6	11700
1873	374	121000	0.6	12100
1874	374	115000	0.6	11500
1875	375	117000	0.6	11700
1876	375	113000	0.6	11300
1877	375	117000	0.6	11700
1878	375	119000	0.6	11900
1879	375	121000	0.6	12100
1880	376	113000	0.6	11300
1881	376	121000	0.6	12100
1882	376	113000	0.6	11300
1883	376	115000	0.6	11500
1884	376	117000	0.6	11700
1885	377	121000	0.6	12100
1886	377	117000	0.6	11700
1887	377	121000	0.6	12100
1888	377	117000	0.6	11700
1889	377	121000	0.6	12100
1890	378	119000	0.6	11900
1891	378	113000	0.6	11300
1892	378	117000	0.6	11700
1893	378	121000	0.6	12100
1894	378	119000	0.6	11900
1895	379	117000	0.6	11700
1896	379	113000	0.6	11300
1897	379	117000	0.6	11700
1898	379	119000	0.6	11900
1899	379	115000	0.6	11500
1900	380	113000	0.6	11300
1901	380	117000	0.6	11700
1902	380	121000	0.6	12100
1903	380	115000	0.6	11500
1904	380	117000	0.6	11700
1905	381	115000	0.6	11500
1906	381	119000	0.6	11900
1907	381	113000	0.6	11300
1908	381	121000	0.6	12100
1909	381	117000	0.6	11700
1910	382	121000	0.6	12100
1911	382	117000	0.6	11700
1912	382	121000	0.6	12100
1913	382	113000	0.6	11300
1914	382	117000	0.6	11700
1915	383	117000	0.6	11700
1916	383	121000	0.6	12100
1917	383	117000	0.6	11700
1918	383	117000	0.6	11700
1919	383	113000	0.6	11300
1920	384	117000	0.6	11700
1921	384	115000	0.6	11500
1922	384	121000	0.6	12100
1923	384	113000	0.6	11300
1924	384	113000	0.6	11300
1925	385	115000	0.6	11500
1926	385	115000	0.6	11500
1927	385	119000	0.6	11900
1928	385	121000	0.6	12100
1929	385	121000	0.6	12100
1930	386	113000	0.6	11300
1931	386	119000	0.6	11900
1932	386	117000	0.6	11700
1933	386	113000	0.6	11300
1934	386	117000	0.6	11700
1935	387	115000	0.6	11500
1936	387	119000	0.6	11900
1937	387	117000	0.6	11700
1938	387	113000	0.6	11300
1939	387	115000	0.6	11500
1940	388	113000	0.6	11300
1941	388	117000	0.6	11700
1942	388	117000	0.6	11700
1943	388	117000	0.6	11700
1944	388	119000	0.6	11900
1945	389	121000	0.6	12100
1946	389	115000	0.6	11500
1947	389	115000	0.6	11500
1948	389	115000	0.6	11500
1949	389	115000	0.6	11500
1950	390	117000	0.6	11700
1951	390	121000	0.6	12100
1952	390	115000	0.6	11500
1953	390	117000	0.6	11700
1954	390	117000	0.6	11700
1955	391	117000	0.6	11700
1956	391	115000	0.6	11500
1957	391	117000	0.6	11700
1958	391	119000	0.6	11900
1959	391	121000	0.6	12100
1960	392	113000	0.6	11300
1961	392	113000	0.6	11300
1962	392	121000	0.6	12100
1963	392	113000	0.6	11300
1964	392	117000	0.6	11700
1965	393	115000	0.6	11500
1966	393	121000	0.6	12100
1967	393	117000	0.6	11700
1968	393	113000	0.6	11300
1969	393	119000	0.6	11900
1970	394	119000	0.6	11900
1971	394	113000	0.6	11300
1972	394	119000	0.6	11900
1973	394	119000	0.6	11900
1974	394	117000	0.6	11700
1975	395	121000	0.6	12100
1976	395	121000	0.6	12100
1977	395	117000	0.6	11700
1978	395	113000	0.6	11300
1979	395	115000	0.6	11500
1980	396	113000	0.6	11300
1981	396	121000	0.6	12100
1982	396	117000	0.6	11700
1983	396	113000	0.6	11300
1984	396	119000	0.6	11900
1985	397	121000	0.6	12100
1986	397	121000	0.6	12100
1987	397	121000	0.6	12100
1988	397	113000	0.6	11300
1989	397	113000	0.6	11300
1990	398	113000	0.6	11300
1991	398	119000	0.6	11900
1992	398	119000	0.6	11900
1993	398	115000	0.6	11500
1994	398	113000	0.6	11300
1995	399	121000	0.6	12100
1996	399	121000	0.6	12100
1997	399	121000	0.6	12100
1998	399	121000	0.6	12100
1999	399	119000	0.6	11900
