0	0	49000	0.2	4900
1	0	53000	0.2	5300
2	0	59000	0.4	5900
3	0	59000	0.4	5900
4	0	51000	0.2	5100
5	1	59000	0.4	5900
6	1	59000	0.4	5900
7	1	49000	0.2	4900
8	1	59000	0.4	5900
9	1	55000	0.2	5500
10	2	59000	0.4	5900
11	2	53000	0.2	5300
12	2	59000	0.4	5900
13	2	59000	0.4	5900
14	2	59000	0.4	5900
15	3	55000	0.2	5500
16	3	55000	0.2	5500
17	3	59000	0.4	5900
18	3	59000	0.4	5900
19	3	49000	0.2	4900
20	4	59000	0.4	5900
21	4	51000	0.2	5100
22	4	49000	0.2	4900
23	4	59000	0.4	5900
24	4	51000	0.2	5100
25	5	49000	0.2	4900
26	5	51000	0.2	5100
27	5	51000	0.2	5100
28	5	55000	0.2	5500
29	5	59000	0.4	5900
30	6	59000	0.4	5900
31	6	55000	0.2	5500
32	6	53000	0.2	5300
33	6	55000	0.2	5500
34	6	55000	0.2	5500
35	7	51000	0.2	5100
36	7	59000	0.4	5900
37	7	53000	0.2	5300
38	7	51000	0.2	5100
39	7	49000	0.2	4900
40	8	51000	0.2	5100
41	8	53000	0.2	5300
42	8	55000	0.2	5500
43	8	49000	0.2	4900
44	8	59000	0.4	5900
45	9	51000	0.2	5100
46	9	55000	0.2	5500
47	9	49000	0.2	4900
48	9	59000	0.4	5900
49	9	51000	0.2	5100
50	10	53000	0.2	5300
51	10	49000	0.2	4900
52	10	49000	0.2	4900
53	10	53000	0.2	5300
54	10	53000	0.2	5300
55	11	55000	0.2	5500
56	11	55000	0.2	5500
57	11	59000	0.4	5900
58	11	49000	0.2	4900
59	11	51000	0.2	5100
60	12	59000	0.4	5900
61	12	53000	0.2	5300
62	12	49000	0.2	4900
63	12	51000	0.2	5100
64	12	51000	0.2	5100
65	13	59000	0.4	5900
66	13	59000	0.4	5900
67	13	53000	0.2	5300
68	13	59000	0.4	5900
69	13	49000	0.2	4900
70	14	59000	0.4	5900
71	14	51000	0.2	5100
72	14	59000	0.4	5900
73	14	55000	0.2	5500
74	14	51000	0.2	5100
75	15	49000	0.2	4900
76	15	59000	0.4	5900
77	15	55000	0.2	5500
78	15	49000	0.2	4900
79	15	59000	0.4	5900
80	16	51000	0.2	5100
81	16	51000	0.2	5100
82	16	49000	0.2	4900
83	16	51000	0.2	5100
84	16	59000	0.4	5900
85	17	53000	0.2	5300
86	17	51000	0.2	5100
87	17	53000	0.2	5300
88	17	51000	0.2	5100
89	17	55000	0.2	5500
90	18	53000	0.2	5300
91	18	53000	0.2	5300
92	18	59000	0.4	5900
93	18	59000	0.4	5900
94	18	59000	0.4	5900
95	19	49000	0.2	4900
96	19	53000	0.2	5300
97	19	59000	0.4	5900
98	19	53000	0.2	5300
99	19	55000	0.2	5500
100	20	49000	0.2	4900
101	20	51000	0.2	5100
102	20	53000	0.2	5300
103	20	53000	0.2	5300
104	20	51000	0.2	5100
105	21	55000	0.2	5500
106	21	55000	0.2	5500
107	21	55000	0.2	5500
108	21	53000	0.2	5300
109	21	59000	0.4	5900
110	22	53000	0.2	5300
111	22	53000	0.2	5300
112	22	53000	0.2	5300
113	22	53000	0.2	5300
114	22	49000	0.2	4900
115	23	55000	0.2	5500
116	23	51000	0.2	5100
117	23	49000	0.2	4900
118	23	51000	0.2	5100
119	23	53000	0.2	5300
120	24	59000	0.4	5900
121	24	51000	0.2	5100
122	24	49000	0.2	4900
123	24	53000	0.2	5300
124	24	51000	0.2	5100
125	25	59000	0.4	5900
126	25	49000	0.2	4900
127	25	59000	0.4	5900
128	25	53000	0.2	5300
129	25	59000	0.4	5900
130	26	51000	0.2	5100
131	26	55000	0.2	5500
132	26	49000	0.2	4900
133	26	55000	0.2	5500
134	26	51000	0.2	5100
135	27	59000	0.4	5900
136	27	55000	0.2	5500
137	27	53000	0.2	5300
138	27	49000	0.2	4900
139	27	51000	0.2	5100
140	28	51000	0.2	5100
141	28	49000	0.2	4900
142	28	51000	0.2	5100
143	28	53000	0.2	5300
144	28	53000	0.2	5300
145	29	53000	0.2	5300
146	29	55000	0.2	5500
147	29	53000	0.2	5300
148	29	49000	0.2	4900
149	29	53000	0.2	5300
150	30	59000	0.4	5900
151	30	51000	0.2	5100
152	30	55000	0.2	5500
153	30	59000	0.4	5900
154	30	55000	0.2	5500
155	31	55000	0.2	5500
156	31	49000	0.2	4900
157	31	59000	0.4	5900
158	31	55000	0.2	5500
159	31	59000	0.4	5900
160	32	59000	0.4	5900
161	32	49000	0.2	4900
162	32	51000	0.2	5100
163	32	51000	0.2	5100
164	32	49000	0.2	4900
165	33	55000	0.2	5500
166	33	51000	0.2	5100
167	33	53000	0.2	5300
168	33	49000	0.2	4900
169	33	49000	0.2	4900
170	34	51000	0.2	5100
171	34	59000	0.4	5900
172	34	55000	0.2	5500
173	34	53000	0.2	5300
174	34	59000	0.4	5900
175	35	59000	0.4	5900
176	35	51000	0.2	5100
177	35	55000	0.2	5500
178	35	49000	0.2	4900
179	35	53000	0.2	5300
180	36	59000	0.4	5900
181	36	59000	0.4	5900
182	36	53000	0.2	5300
183	36	59000	0.4	5900
184	36	53000	0.2	5300
185	37	55000	0.2	5500
186	37	55000	0.2	5500
187	37	49000	0.2	4900
188	37	53000	0.2	5300
189	37	51000	0.2	5100
190	38	51000	0.2	5100
191	38	53000	0.2	5300
192	38	51000	0.2	5100
193	38	49000	0.2	4900
194	38	49000	0.2	4900
195	39	51000	0.2	5100
196	39	55000	0.2	5500
197	39	49000	0.2	4900
198	39	51000	0.2	5100
199	39	53000	0.2	5300
200	40	51000	0.2	5100
201	40	53000	0.2	5300
202	40	59000	0.4	5900
203	40	49000	0.2	4900
204	40	53000	0.2	5300
205	41	59000	0.4	5900
206	41	49000	0.2	4900
207	41	59000	0.4	5900
208	41	49000	0.2	4900
209	41	49000	0.2	4900
210	42	55000	0.2	5500
211	42	51000	0.2	5100
212	42	55000	0.2	5500
213	42	53000	0.2	5300
214	42	49000	0.2	4900
215	43	53000	0.2	5300
216	43	51000	0.2	5100
217	43	59000	0.4	5900
218	43	51000	0.2	5100
219	43	55000	0.2	5500
220	44	59000	0.4	5900
221	44	49000	0.2	4900
222	44	59000	0.4	5900
223	44	49000	0.2	4900
224	44	49000	0.2	4900
225	45	59000	0.4	5900
226	45	51000	0.2	5100
227	45	49000	0.2	4900
228	45	49000	0.2	4900
229	45	55000	0.2	5500
230	46	59000	0.4	5900
231	46	53000	0.2	5300
232	46	59000	0.4	5900
233	46	55000	0.2	5500
234	46	55000	0.2	5500
235	47	49000	0.2	4900
236	47	53000	0.2	5300
237	47	53000	0.2	5300
238	47	49000	0.2	4900
239	47	53000	0.2	5300
240	48	55000	0.2	5500
241	48	59000	0.4	5900
242	48	55000	0.2	5500
243	48	49000	0.2	4900
244	48	51000	0.2	5100
245	49	59000	0.4	5900
246	49	53000	0.2	5300
247	49	55000	0.2	5500
248	49	55000	0.2	5500
249	49	55000	0.2	5500
250	50	53000	0.2	5300
251	50	49000	0.2	4900
252	50	53000	0.2	5300
253	50	55000	0.2	5500
254	50	49000	0.2	4900
255	51	59000	0.4	5900
256	51	53000	0.2	5300
257	51	59000	0.4	5900
258	51	59000	0.4	5900
259	51	49000	0.2	4900
260	52	55000	0.2	5500
261	52	53000	0.2	5300
262	52	49000	0.2	4900
263	52	55000	0.2	5500
264	52	51000	0.2	5100
265	53	49000	0.2	4900
266	53	49000	0.2	4900
267	53	51000	0.2	5100
268	53	53000	0.2	5300
269	53	51000	0.2	5100
270	54	55000	0.2	5500
271	54	51000	0.2	5100
272	54	53000	0.2	5300
273	54	59000	0.4	5900
274	54	59000	0.4	5900
275	55	49000	0.2	4900
276	55	53000	0.2	5300
277	55	55000	0.2	5500
278	55	49000	0.2	4900
279	55	49000	0.2	4900
280	56	51000	0.2	5100
281	56	49000	0.2	4900
282	56	51000	0.2	5100
283	56	51000	0.2	5100
284	56	51000	0.2	5100
285	57	55000	0.2	5500
286	57	51000	0.2	5100
287	57	51000	0.2	5100
288	57	49000	0.2	4900
289	57	51000	0.2	5100
290	58	49000	0.2	4900
291	58	49000	0.2	4900
292	58	55000	0.2	5500
293	58	49000	0.2	4900
294	58	55000	0.2	5500
295	59	53000	0.2	5300
296	59	51000	0.2	5100
297	59	51000	0.2	5100
298	59	49000	0.2	4900
299	59	55000	0.2	5500
300	60	51000	0.2	5100
301	60	55000	0.2	5500
302	60	55000	0.2	5500
303	60	53000	0.2	5300
304	60	53000	0.2	5300
305	61	53000	0.2	5300
306	61	53000	0.2	5300
307	61	51000	0.2	5100
308	61	49000	0.2	4900
309	61	59000	0.4	5900
310	62	51000	0.2	5100
311	62	51000	0.2	5100
312	62	51000	0.2	5100
313	62	53000	0.2	5300
314	62	55000	0.2	5500
315	63	49000	0.2	4900
316	63	55000	0.2	5500
317	63	53000	0.2	5300
318	63	49000	0.2	4900
319	63	55000	0.2	5500
320	64	55000	0.2	5500
321	64	51000	0.2	5100
322	64	53000	0.2	5300
323	64	55000	0.2	5500
324	64	51000	0.2	5100
325	65	49000	0.2	4900
326	65	53000	0.2	5300
327	65	49000	0.2	4900
328	65	49000	0.2	4900
329	65	49000	0.2	4900
330	66	53000	0.2	5300
331	66	53000	0.2	5300
332	66	59000	0.4	5900
333	66	53000	0.2	5300
334	66	49000	0.2	4900
335	67	59000	0.4	5900
336	67	59000	0.4	5900
337	67	53000	0.2	5300
338	67	53000	0.2	5300
339	67	55000	0.2	5500
340	68	59000	0.4	5900
341	68	53000	0.2	5300
342	68	59000	0.4	5900
343	68	53000	0.2	5300
344	68	51000	0.2	5100
345	69	51000	0.2	5100
346	69	55000	0.2	5500
347	69	53000	0.2	5300
348	69	53000	0.2	5300
349	69	49000	0.2	4900
350	70	49000	0.2	4900
351	70	51000	0.2	5100
352	70	59000	0.4	5900
353	70	55000	0.2	5500
354	70	51000	0.2	5100
355	71	53000	0.2	5300
356	71	55000	0.2	5500
357	71	51000	0.2	5100
358	71	59000	0.4	5900
359	71	59000	0.4	5900
360	72	51000	0.2	5100
361	72	55000	0.2	5500
362	72	49000	0.2	4900
363	72	55000	0.2	5500
364	72	51000	0.2	5100
365	73	49000	0.2	4900
366	73	51000	0.2	5100
367	73	49000	0.2	4900
368	73	53000	0.2	5300
369	73	53000	0.2	5300
370	74	49000	0.2	4900
371	74	59000	0.4	5900
372	74	59000	0.4	5900
373	74	51000	0.2	5100
374	74	59000	0.4	5900
375	75	59000	0.4	5900
376	75	53000	0.2	5300
377	75	51000	0.2	5100
378	75	53000	0.2	5300
379	75	51000	0.2	5100
380	76	59000	0.4	5900
381	76	53000	0.2	5300
382	76	53000	0.2	5300
383	76	51000	0.2	5100
384	76	49000	0.2	4900
385	77	53000	0.2	5300
386	77	59000	0.4	5900
387	77	49000	0.2	4900
388	77	49000	0.2	4900
389	77	51000	0.2	5100
390	78	49000	0.2	4900
391	78	55000	0.2	5500
392	78	53000	0.2	5300
393	78	51000	0.2	5100
394	78	51000	0.2	5100
395	79	55000	0.2	5500
396	79	55000	0.2	5500
397	79	49000	0.2	4900
398	79	49000	0.2	4900
399	79	49000	0.2	4900
400	80	59000	0.4	5900
401	80	53000	0.2	5300
402	80	59000	0.4	5900
403	80	51000	0.2	5100
404	80	59000	0.4	5900
405	81	59000	0.4	5900
406	81	49000	0.2	4900
407	81	59000	0.4	5900
408	81	49000	0.2	4900
409	81	55000	0.2	5500
410	82	59000	0.4	5900
411	82	55000	0.2	5500
412	82	55000	0.2	5500
413	82	53000	0.2	5300
414	82	59000	0.4	5900
415	83	51000	0.2	5100
416	83	59000	0.4	5900
417	83	51000	0.2	5100
418	83	59000	0.4	5900
419	83	51000	0.2	5100
420	84	49000	0.2	4900
421	84	51000	0.2	5100
422	84	55000	0.2	5500
423	84	55000	0.2	5500
424	84	59000	0.4	5900
425	85	51000	0.2	5100
426	85	55000	0.2	5500
427	85	55000	0.2	5500
428	85	51000	0.2	5100
429	85	53000	0.2	5300
430	86	59000	0.4	5900
431	86	53000	0.2	5300
432	86	49000	0.2	4900
433	86	53000	0.2	5300
434	86	49000	0.2	4900
435	87	51000	0.2	5100
436	87	53000	0.2	5300
437	87	53000	0.2	5300
438	87	51000	0.2	5100
439	87	51000	0.2	5100
440	88	55000	0.2	5500
441	88	51000	0.2	5100
442	88	55000	0.2	5500
443	88	59000	0.4	5900
444	88	49000	0.2	4900
445	89	53000	0.2	5300
446	89	49000	0.2	4900
447	89	59000	0.4	5900
448	89	53000	0.2	5300
449	89	53000	0.2	5300
450	90	55000	0.2	5500
451	90	51000	0.2	5100
452	90	51000	0.2	5100
453	90	53000	0.2	5300
454	90	49000	0.2	4900
455	91	53000	0.2	5300
456	91	49000	0.2	4900
457	91	59000	0.4	5900
458	91	49000	0.2	4900
459	91	59000	0.4	5900
460	92	53000	0.2	5300
461	92	59000	0.4	5900
462	92	49000	0.2	4900
463	92	59000	0.4	5900
464	92	51000	0.2	5100
465	93	51000	0.2	5100
466	93	53000	0.2	5300
467	93	59000	0.4	5900
468	93	59000	0.4	5900
469	93	49000	0.2	4900
470	94	53000	0.2	5300
471	94	59000	0.4	5900
472	94	53000	0.2	5300
473	94	53000	0.2	5300
474	94	49000	0.2	4900
475	95	51000	0.2	5100
476	95	55000	0.2	5500
477	95	59000	0.4	5900
478	95	55000	0.2	5500
479	95	49000	0.2	4900
480	96	55000	0.2	5500
481	96	51000	0.2	5100
482	96	59000	0.4	5900
483	96	53000	0.2	5300
484	96	51000	0.2	5100
485	97	51000	0.2	5100
486	97	59000	0.4	5900
487	97	55000	0.2	5500
488	97	55000	0.2	5500
489	97	49000	0.2	4900
490	98	51000	0.2	5100
491	98	49000	0.2	4900
492	98	59000	0.4	5900
493	98	53000	0.2	5300
494	98	51000	0.2	5100
495	99	51000	0.2	5100
496	99	49000	0.2	4900
497	99	55000	0.2	5500
498	99	59000	0.4	5900
499	99	53000	0.2	5300
500	100	49000	0.2	4900
501	100	59000	0.4	5900
502	100	59000	0.4	5900
503	100	55000	0.2	5500
504	100	55000	0.2	5500
505	101	59000	0.4	5900
506	101	59000	0.4	5900
507	101	53000	0.2	5300
508	101	51000	0.2	5100
509	101	53000	0.2	5300
510	102	53000	0.2	5300
511	102	59000	0.4	5900
512	102	51000	0.2	5100
513	102	49000	0.2	4900
514	102	49000	0.2	4900
515	103	53000	0.2	5300
516	103	55000	0.2	5500
517	103	59000	0.4	5900
518	103	55000	0.2	5500
519	103	59000	0.4	5900
520	104	49000	0.2	4900
521	104	53000	0.2	5300
522	104	51000	0.2	5100
523	104	51000	0.2	5100
524	104	53000	0.2	5300
525	105	59000	0.4	5900
526	105	55000	0.2	5500
527	105	49000	0.2	4900
528	105	59000	0.4	5900
529	105	55000	0.2	5500
530	106	59000	0.4	5900
531	106	53000	0.2	5300
532	106	55000	0.2	5500
533	106	59000	0.4	5900
534	106	53000	0.2	5300
535	107	53000	0.2	5300
536	107	59000	0.4	5900
537	107	49000	0.2	4900
538	107	59000	0.4	5900
539	107	59000	0.4	5900
540	108	55000	0.2	5500
541	108	59000	0.4	5900
542	108	53000	0.2	5300
543	108	55000	0.2	5500
544	108	55000	0.2	5500
545	109	59000	0.4	5900
546	109	49000	0.2	4900
547	109	49000	0.2	4900
548	109	55000	0.2	5500
549	109	59000	0.4	5900
550	110	51000	0.2	5100
551	110	55000	0.2	5500
552	110	59000	0.4	5900
553	110	49000	0.2	4900
554	110	59000	0.4	5900
555	111	49000	0.2	4900
556	111	53000	0.2	5300
557	111	51000	0.2	5100
558	111	53000	0.2	5300
559	111	55000	0.2	5500
560	112	49000	0.2	4900
561	112	51000	0.2	5100
562	112	49000	0.2	4900
563	112	55000	0.2	5500
564	112	53000	0.2	5300
565	113	51000	0.2	5100
566	113	51000	0.2	5100
567	113	49000	0.2	4900
568	113	59000	0.4	5900
569	113	49000	0.2	4900
570	114	51000	0.2	5100
571	114	59000	0.4	5900
572	114	51000	0.2	5100
573	114	49000	0.2	4900
574	114	51000	0.2	5100
575	115	59000	0.4	5900
576	115	51000	0.2	5100
577	115	59000	0.4	5900
578	115	53000	0.2	5300
579	115	51000	0.2	5100
580	116	51000	0.2	5100
581	116	53000	0.2	5300
582	116	55000	0.2	5500
583	116	51000	0.2	5100
584	116	53000	0.2	5300
585	117	49000	0.2	4900
586	117	51000	0.2	5100
587	117	55000	0.2	5500
588	117	53000	0.2	5300
589	117	53000	0.2	5300
590	118	53000	0.2	5300
591	118	59000	0.4	5900
592	118	55000	0.2	5500
593	118	51000	0.2	5100
594	118	49000	0.2	4900
595	119	55000	0.2	5500
596	119	59000	0.4	5900
597	119	49000	0.2	4900
598	119	55000	0.2	5500
599	119	59000	0.4	5900
600	120	59000	0.4	5900
601	120	51000	0.2	5100
602	120	55000	0.2	5500
603	120	51000	0.2	5100
604	120	51000	0.2	5100
605	121	59000	0.4	5900
606	121	51000	0.2	5100
607	121	49000	0.2	4900
608	121	49000	0.2	4900
609	121	59000	0.4	5900
610	122	55000	0.2	5500
611	122	53000	0.2	5300
612	122	59000	0.4	5900
613	122	51000	0.2	5100
614	122	53000	0.2	5300
615	123	49000	0.2	4900
616	123	49000	0.2	4900
617	123	51000	0.2	5100
618	123	49000	0.2	4900
619	123	59000	0.4	5900
620	124	53000	0.2	5300
621	124	51000	0.2	5100
622	124	55000	0.2	5500
623	124	55000	0.2	5500
624	124	51000	0.2	5100
625	125	53000	0.2	5300
626	125	55000	0.2	5500
627	125	59000	0.4	5900
628	125	59000	0.4	5900
629	125	51000	0.2	5100
630	126	55000	0.2	5500
631	126	55000	0.2	5500
632	126	53000	0.2	5300
633	126	53000	0.2	5300
634	126	53000	0.2	5300
635	127	55000	0.2	5500
636	127	51000	0.2	5100
637	127	59000	0.4	5900
638	127	59000	0.4	5900
639	127	49000	0.2	4900
640	128	49000	0.2	4900
641	128	51000	0.2	5100
642	128	49000	0.2	4900
643	128	51000	0.2	5100
644	128	55000	0.2	5500
645	129	59000	0.4	5900
646	129	51000	0.2	5100
647	129	51000	0.2	5100
648	129	49000	0.2	4900
649	129	55000	0.2	5500
650	130	59000	0.4	5900
651	130	55000	0.2	5500
652	130	53000	0.2	5300
653	130	55000	0.2	5500
654	130	51000	0.2	5100
655	131	59000	0.4	5900
656	131	53000	0.2	5300
657	131	59000	0.4	5900
658	131	55000	0.2	5500
659	131	55000	0.2	5500
660	132	53000	0.2	5300
661	132	49000	0.2	4900
662	132	55000	0.2	5500
663	132	55000	0.2	5500
664	132	53000	0.2	5300
665	133	55000	0.2	5500
666	133	49000	0.2	4900
667	133	51000	0.2	5100
668	133	53000	0.2	5300
669	133	55000	0.2	5500
670	134	53000	0.2	5300
671	134	59000	0.4	5900
672	134	59000	0.4	5900
673	134	53000	0.2	5300
674	134	51000	0.2	5100
675	135	49000	0.2	4900
676	135	53000	0.2	5300
677	135	51000	0.2	5100
678	135	49000	0.2	4900
679	135	51000	0.2	5100
680	136	59000	0.4	5900
681	136	51000	0.2	5100
682	136	49000	0.2	4900
683	136	59000	0.4	5900
684	136	59000	0.4	5900
685	137	55000	0.2	5500
686	137	59000	0.4	5900
687	137	51000	0.2	5100
688	137	53000	0.2	5300
689	137	49000	0.2	4900
690	138	53000	0.2	5300
691	138	49000	0.2	4900
692	138	55000	0.2	5500
693	138	59000	0.4	5900
694	138	49000	0.2	4900
695	139	59000	0.4	5900
696	139	49000	0.2	4900
697	139	55000	0.2	5500
698	139	59000	0.4	5900
699	139	49000	0.2	4900
700	140	55000	0.2	5500
701	140	53000	0.2	5300
702	140	49000	0.2	4900
703	140	59000	0.4	5900
704	140	53000	0.2	5300
705	141	49000	0.2	4900
706	141	51000	0.2	5100
707	141	49000	0.2	4900
708	141	53000	0.2	5300
709	141	55000	0.2	5500
710	142	55000	0.2	5500
711	142	51000	0.2	5100
712	142	55000	0.2	5500
713	142	51000	0.2	5100
714	142	59000	0.4	5900
715	143	49000	0.2	4900
716	143	49000	0.2	4900
717	143	49000	0.2	4900
718	143	53000	0.2	5300
719	143	49000	0.2	4900
720	144	55000	0.2	5500
721	144	49000	0.2	4900
722	144	53000	0.2	5300
723	144	49000	0.2	4900
724	144	59000	0.4	5900
725	145	55000	0.2	5500
726	145	49000	0.2	4900
727	145	53000	0.2	5300
728	145	53000	0.2	5300
729	145	59000	0.4	5900
730	146	55000	0.2	5500
731	146	49000	0.2	4900
732	146	59000	0.4	5900
733	146	55000	0.2	5500
734	146	51000	0.2	5100
735	147	53000	0.2	5300
736	147	51000	0.2	5100
737	147	55000	0.2	5500
738	147	51000	0.2	5100
739	147	59000	0.4	5900
740	148	59000	0.4	5900
741	148	55000	0.2	5500
742	148	49000	0.2	4900
743	148	51000	0.2	5100
744	148	53000	0.2	5300
745	149	49000	0.2	4900
746	149	53000	0.2	5300
747	149	55000	0.2	5500
748	149	51000	0.2	5100
749	149	53000	0.2	5300
750	150	51000	0.2	5100
751	150	51000	0.2	5100
752	150	51000	0.2	5100
753	150	55000	0.2	5500
754	150	51000	0.2	5100
755	151	55000	0.2	5500
756	151	55000	0.2	5500
757	151	51000	0.2	5100
758	151	59000	0.4	5900
759	151	51000	0.2	5100
760	152	59000	0.4	5900
761	152	55000	0.2	5500
762	152	53000	0.2	5300
763	152	53000	0.2	5300
764	152	59000	0.4	5900
765	153	53000	0.2	5300
766	153	59000	0.4	5900
767	153	59000	0.4	5900
768	153	53000	0.2	5300
769	153	53000	0.2	5300
770	154	53000	0.2	5300
771	154	59000	0.4	5900
772	154	49000	0.2	4900
773	154	49000	0.2	4900
774	154	53000	0.2	5300
775	155	49000	0.2	4900
776	155	53000	0.2	5300
777	155	53000	0.2	5300
778	155	49000	0.2	4900
779	155	59000	0.4	5900
780	156	51000	0.2	5100
781	156	49000	0.2	4900
782	156	55000	0.2	5500
783	156	55000	0.2	5500
784	156	53000	0.2	5300
785	157	59000	0.4	5900
786	157	53000	0.2	5300
787	157	53000	0.2	5300
788	157	55000	0.2	5500
789	157	53000	0.2	5300
790	158	53000	0.2	5300
791	158	55000	0.2	5500
792	158	59000	0.4	5900
793	158	55000	0.2	5500
794	158	49000	0.2	4900
795	159	53000	0.2	5300
796	159	59000	0.4	5900
797	159	51000	0.2	5100
798	159	51000	0.2	5100
799	159	55000	0.2	5500
800	160	55000	0.2	5500
801	160	49000	0.2	4900
802	160	49000	0.2	4900
803	160	49000	0.2	4900
804	160	51000	0.2	5100
805	161	59000	0.4	5900
806	161	49000	0.2	4900
807	161	51000	0.2	5100
808	161	59000	0.4	5900
809	161	51000	0.2	5100
810	162	53000	0.2	5300
811	162	59000	0.4	5900
812	162	51000	0.2	5100
813	162	53000	0.2	5300
814	162	51000	0.2	5100
815	163	53000	0.2	5300
816	163	53000	0.2	5300
817	163	49000	0.2	4900
818	163	55000	0.2	5500
819	163	51000	0.2	5100
820	164	51000	0.2	5100
821	164	55000	0.2	5500
822	164	55000	0.2	5500
823	164	51000	0.2	5100
824	164	55000	0.2	5500
825	165	59000	0.4	5900
826	165	59000	0.4	5900
827	165	49000	0.2	4900
828	165	53000	0.2	5300
829	165	51000	0.2	5100
830	166	49000	0.2	4900
831	166	49000	0.2	4900
832	166	51000	0.2	5100
833	166	55000	0.2	5500
834	166	53000	0.2	5300
835	167	51000	0.2	5100
836	167	55000	0.2	5500
837	167	55000	0.2	5500
838	167	49000	0.2	4900
839	167	49000	0.2	4900
840	168	51000	0.2	5100
841	168	59000	0.4	5900
842	168	51000	0.2	5100
843	168	53000	0.2	5300
844	168	59000	0.4	5900
845	169	53000	0.2	5300
846	169	59000	0.4	5900
847	169	59000	0.4	5900
848	169	49000	0.2	4900
849	169	51000	0.2	5100
850	170	59000	0.4	5900
851	170	51000	0.2	5100
852	170	59000	0.4	5900
853	170	55000	0.2	5500
854	170	59000	0.4	5900
855	171	49000	0.2	4900
856	171	53000	0.2	5300
857	171	49000	0.2	4900
858	171	53000	0.2	5300
859	171	53000	0.2	5300
860	172	51000	0.2	5100
861	172	59000	0.4	5900
862	172	55000	0.2	5500
863	172	59000	0.4	5900
864	172	51000	0.2	5100
865	173	49000	0.2	4900
866	173	59000	0.4	5900
867	173	59000	0.4	5900
868	173	49000	0.2	4900
869	173	51000	0.2	5100
870	174	53000	0.2	5300
871	174	49000	0.2	4900
872	174	59000	0.4	5900
873	174	49000	0.2	4900
874	174	51000	0.2	5100
875	175	53000	0.2	5300
876	175	49000	0.2	4900
877	175	51000	0.2	5100
878	175	55000	0.2	5500
879	175	55000	0.2	5500
880	176	51000	0.2	5100
881	176	51000	0.2	5100
882	176	51000	0.2	5100
883	176	51000	0.2	5100
884	176	51000	0.2	5100
885	177	55000	0.2	5500
886	177	53000	0.2	5300
887	177	51000	0.2	5100
888	177	55000	0.2	5500
889	177	49000	0.2	4900
890	178	49000	0.2	4900
891	178	53000	0.2	5300
892	178	53000	0.2	5300
893	178	53000	0.2	5300
894	178	53000	0.2	5300
895	179	55000	0.2	5500
896	179	53000	0.2	5300
897	179	53000	0.2	5300
898	179	53000	0.2	5300
899	179	55000	0.2	5500
900	180	55000	0.2	5500
901	180	55000	0.2	5500
902	180	49000	0.2	4900
903	180	53000	0.2	5300
904	180	53000	0.2	5300
905	181	53000	0.2	5300
906	181	49000	0.2	4900
907	181	51000	0.2	5100
908	181	49000	0.2	4900
909	181	59000	0.4	5900
910	182	51000	0.2	5100
911	182	51000	0.2	5100
912	182	55000	0.2	5500
913	182	51000	0.2	5100
914	182	53000	0.2	5300
915	183	51000	0.2	5100
916	183	53000	0.2	5300
917	183	55000	0.2	5500
918	183	53000	0.2	5300
919	183	51000	0.2	5100
920	184	53000	0.2	5300
921	184	51000	0.2	5100
922	184	49000	0.2	4900
923	184	51000	0.2	5100
924	184	59000	0.4	5900
925	185	59000	0.4	5900
926	185	49000	0.2	4900
927	185	55000	0.2	5500
928	185	53000	0.2	5300
929	185	51000	0.2	5100
930	186	59000	0.4	5900
931	186	59000	0.4	5900
932	186	51000	0.2	5100
933	186	59000	0.4	5900
934	186	59000	0.4	5900
935	187	49000	0.2	4900
936	187	53000	0.2	5300
937	187	53000	0.2	5300
938	187	55000	0.2	5500
939	187	51000	0.2	5100
940	188	55000	0.2	5500
941	188	49000	0.2	4900
942	188	49000	0.2	4900
943	188	49000	0.2	4900
944	188	55000	0.2	5500
945	189	49000	0.2	4900
946	189	55000	0.2	5500
947	189	49000	0.2	4900
948	189	55000	0.2	5500
949	189	53000	0.2	5300
950	190	49000	0.2	4900
951	190	55000	0.2	5500
952	190	51000	0.2	5100
953	190	55000	0.2	5500
954	190	51000	0.2	5100
955	191	59000	0.4	5900
956	191	55000	0.2	5500
957	191	55000	0.2	5500
958	191	51000	0.2	5100
959	191	49000	0.2	4900
960	192	53000	0.2	5300
961	192	55000	0.2	5500
962	192	59000	0.4	5900
963	192	51000	0.2	5100
964	192	55000	0.2	5500
965	193	51000	0.2	5100
966	193	55000	0.2	5500
967	193	55000	0.2	5500
968	193	55000	0.2	5500
969	193	53000	0.2	5300
970	194	49000	0.2	4900
971	194	49000	0.2	4900
972	194	59000	0.4	5900
973	194	55000	0.2	5500
974	194	51000	0.2	5100
975	195	55000	0.2	5500
976	195	53000	0.2	5300
977	195	53000	0.2	5300
978	195	55000	0.2	5500
979	195	49000	0.2	4900
980	196	51000	0.2	5100
981	196	59000	0.4	5900
982	196	59000	0.4	5900
983	196	55000	0.2	5500
984	196	53000	0.2	5300
985	197	51000	0.2	5100
986	197	49000	0.2	4900
987	197	49000	0.2	4900
988	197	51000	0.2	5100
989	197	53000	0.2	5300
990	198	59000	0.4	5900
991	198	51000	0.2	5100
992	198	51000	0.2	5100
993	198	55000	0.2	5500
994	198	49000	0.2	4900
995	199	55000	0.2	5500
996	199	53000	0.2	5300
997	199	49000	0.2	4900
998	199	51000	0.2	5100
999	199	59000	0.4	5900
1000	200	51000	0.2	5100
1001	200	49000	0.2	4900
1002	200	55000	0.2	5500
1003	200	55000	0.2	5500
1004	200	51000	0.2	5100
1005	201	53000	0.2	5300
1006	201	49000	0.2	4900
1007	201	51000	0.2	5100
1008	201	51000	0.2	5100
1009	201	55000	0.2	5500
1010	202	49000	0.2	4900
1011	202	53000	0.2	5300
1012	202	49000	0.2	4900
1013	202	51000	0.2	5100
1014	202	55000	0.2	5500
1015	203	53000	0.2	5300
1016	203	49000	0.2	4900
1017	203	49000	0.2	4900
1018	203	55000	0.2	5500
1019	203	55000	0.2	5500
1020	204	51000	0.2	5100
1021	204	51000	0.2	5100
1022	204	49000	0.2	4900
1023	204	59000	0.4	5900
1024	204	53000	0.2	5300
1025	205	51000	0.2	5100
1026	205	51000	0.2	5100
1027	205	59000	0.4	5900
1028	205	51000	0.2	5100
1029	205	51000	0.2	5100
1030	206	53000	0.2	5300
1031	206	51000	0.2	5100
1032	206	49000	0.2	4900
1033	206	53000	0.2	5300
1034	206	55000	0.2	5500
1035	207	49000	0.2	4900
1036	207	51000	0.2	5100
1037	207	51000	0.2	5100
1038	207	51000	0.2	5100
1039	207	55000	0.2	5500
1040	208	59000	0.4	5900
1041	208	49000	0.2	4900
1042	208	49000	0.2	4900
1043	208	53000	0.2	5300
1044	208	49000	0.2	4900
1045	209	51000	0.2	5100
1046	209	55000	0.2	5500
1047	209	51000	0.2	5100
1048	209	49000	0.2	4900
1049	209	55000	0.2	5500
1050	210	51000	0.2	5100
1051	210	49000	0.2	4900
1052	210	51000	0.2	5100
1053	210	55000	0.2	5500
1054	210	55000	0.2	5500
1055	211	59000	0.4	5900
1056	211	59000	0.4	5900
1057	211	49000	0.2	4900
1058	211	53000	0.2	5300
1059	211	55000	0.2	5500
1060	212	49000	0.2	4900
1061	212	59000	0.4	5900
1062	212	49000	0.2	4900
1063	212	51000	0.2	5100
1064	212	55000	0.2	5500
1065	213	49000	0.2	4900
1066	213	51000	0.2	5100
1067	213	55000	0.2	5500
1068	213	59000	0.4	5900
1069	213	55000	0.2	5500
1070	214	49000	0.2	4900
1071	214	53000	0.2	5300
1072	214	49000	0.2	4900
1073	214	53000	0.2	5300
1074	214	59000	0.4	5900
1075	215	51000	0.2	5100
1076	215	49000	0.2	4900
1077	215	49000	0.2	4900
1078	215	53000	0.2	5300
1079	215	53000	0.2	5300
1080	216	53000	0.2	5300
1081	216	49000	0.2	4900
1082	216	51000	0.2	5100
1083	216	51000	0.2	5100
1084	216	59000	0.4	5900
1085	217	53000	0.2	5300
1086	217	49000	0.2	4900
1087	217	55000	0.2	5500
1088	217	49000	0.2	4900
1089	217	51000	0.2	5100
1090	218	49000	0.2	4900
1091	218	53000	0.2	5300
1092	218	55000	0.2	5500
1093	218	49000	0.2	4900
1094	218	51000	0.2	5100
1095	219	59000	0.4	5900
1096	219	59000	0.4	5900
1097	219	55000	0.2	5500
1098	219	59000	0.4	5900
1099	219	49000	0.2	4900
1100	220	59000	0.4	5900
1101	220	55000	0.2	5500
1102	220	59000	0.4	5900
1103	220	55000	0.2	5500
1104	220	49000	0.2	4900
1105	221	59000	0.4	5900
1106	221	59000	0.4	5900
1107	221	53000	0.2	5300
1108	221	51000	0.2	5100
1109	221	55000	0.2	5500
1110	222	53000	0.2	5300
1111	222	51000	0.2	5100
1112	222	55000	0.2	5500
1113	222	51000	0.2	5100
1114	222	55000	0.2	5500
1115	223	53000	0.2	5300
1116	223	55000	0.2	5500
1117	223	51000	0.2	5100
1118	223	51000	0.2	5100
1119	223	53000	0.2	5300
1120	224	49000	0.2	4900
1121	224	55000	0.2	5500
1122	224	49000	0.2	4900
1123	224	59000	0.4	5900
1124	224	51000	0.2	5100
1125	225	49000	0.2	4900
1126	225	51000	0.2	5100
1127	225	49000	0.2	4900
1128	225	49000	0.2	4900
1129	225	51000	0.2	5100
1130	226	53000	0.2	5300
1131	226	55000	0.2	5500
1132	226	55000	0.2	5500
1133	226	55000	0.2	5500
1134	226	51000	0.2	5100
1135	227	59000	0.4	5900
1136	227	55000	0.2	5500
1137	227	55000	0.2	5500
1138	227	53000	0.2	5300
1139	227	49000	0.2	4900
1140	228	59000	0.4	5900
1141	228	59000	0.4	5900
1142	228	53000	0.2	5300
1143	228	59000	0.4	5900
1144	228	55000	0.2	5500
1145	229	55000	0.2	5500
1146	229	55000	0.2	5500
1147	229	53000	0.2	5300
1148	229	53000	0.2	5300
1149	229	55000	0.2	5500
1150	230	55000	0.2	5500
1151	230	49000	0.2	4900
1152	230	59000	0.4	5900
1153	230	59000	0.4	5900
1154	230	51000	0.2	5100
1155	231	49000	0.2	4900
1156	231	51000	0.2	5100
1157	231	55000	0.2	5500
1158	231	55000	0.2	5500
1159	231	49000	0.2	4900
1160	232	59000	0.4	5900
1161	232	49000	0.2	4900
1162	232	55000	0.2	5500
1163	232	55000	0.2	5500
1164	232	51000	0.2	5100
1165	233	49000	0.2	4900
1166	233	51000	0.2	5100
1167	233	53000	0.2	5300
1168	233	53000	0.2	5300
1169	233	53000	0.2	5300
1170	234	51000	0.2	5100
1171	234	55000	0.2	5500
1172	234	51000	0.2	5100
1173	234	59000	0.4	5900
1174	234	49000	0.2	4900
1175	235	51000	0.2	5100
1176	235	53000	0.2	5300
1177	235	55000	0.2	5500
1178	235	51000	0.2	5100
1179	235	53000	0.2	5300
1180	236	59000	0.4	5900
1181	236	55000	0.2	5500
1182	236	59000	0.4	5900
1183	236	51000	0.2	5100
1184	236	49000	0.2	4900
1185	237	49000	0.2	4900
1186	237	51000	0.2	5100
1187	237	55000	0.2	5500
1188	237	53000	0.2	5300
1189	237	51000	0.2	5100
1190	238	49000	0.2	4900
1191	238	55000	0.2	5500
1192	238	53000	0.2	5300
1193	238	53000	0.2	5300
1194	238	55000	0.2	5500
1195	239	59000	0.4	5900
1196	239	55000	0.2	5500
1197	239	51000	0.2	5100
1198	239	49000	0.2	4900
1199	239	55000	0.2	5500
1200	240	55000	0.2	5500
1201	240	51000	0.2	5100
1202	240	55000	0.2	5500
1203	240	49000	0.2	4900
1204	240	53000	0.2	5300
1205	241	49000	0.2	4900
1206	241	53000	0.2	5300
1207	241	55000	0.2	5500
1208	241	49000	0.2	4900
1209	241	51000	0.2	5100
1210	242	59000	0.4	5900
1211	242	53000	0.2	5300
1212	242	49000	0.2	4900
1213	242	53000	0.2	5300
1214	242	59000	0.4	5900
1215	243	53000	0.2	5300
1216	243	59000	0.4	5900
1217	243	59000	0.4	5900
1218	243	55000	0.2	5500
1219	243	51000	0.2	5100
1220	244	49000	0.2	4900
1221	244	53000	0.2	5300
1222	244	49000	0.2	4900
1223	244	53000	0.2	5300
1224	244	59000	0.4	5900
1225	245	55000	0.2	5500
1226	245	59000	0.4	5900
1227	245	51000	0.2	5100
1228	245	51000	0.2	5100
1229	245	55000	0.2	5500
1230	246	49000	0.2	4900
1231	246	49000	0.2	4900
1232	246	51000	0.2	5100
1233	246	51000	0.2	5100
1234	246	51000	0.2	5100
1235	247	49000	0.2	4900
1236	247	53000	0.2	5300
1237	247	49000	0.2	4900
1238	247	59000	0.4	5900
1239	247	53000	0.2	5300
1240	248	55000	0.2	5500
1241	248	49000	0.2	4900
1242	248	49000	0.2	4900
1243	248	55000	0.2	5500
1244	248	53000	0.2	5300
1245	249	49000	0.2	4900
1246	249	49000	0.2	4900
1247	249	53000	0.2	5300
1248	249	51000	0.2	5100
1249	249	51000	0.2	5100
1250	250	49000	0.2	4900
1251	250	51000	0.2	5100
1252	250	49000	0.2	4900
1253	250	55000	0.2	5500
1254	250	49000	0.2	4900
1255	251	59000	0.4	5900
1256	251	51000	0.2	5100
1257	251	59000	0.4	5900
1258	251	51000	0.2	5100
1259	251	51000	0.2	5100
1260	252	53000	0.2	5300
1261	252	59000	0.4	5900
1262	252	53000	0.2	5300
1263	252	55000	0.2	5500
1264	252	49000	0.2	4900
1265	253	53000	0.2	5300
1266	253	53000	0.2	5300
1267	253	59000	0.4	5900
1268	253	53000	0.2	5300
1269	253	59000	0.4	5900
1270	254	55000	0.2	5500
1271	254	53000	0.2	5300
1272	254	51000	0.2	5100
1273	254	59000	0.4	5900
1274	254	59000	0.4	5900
1275	255	51000	0.2	5100
1276	255	59000	0.4	5900
1277	255	51000	0.2	5100
1278	255	53000	0.2	5300
1279	255	51000	0.2	5100
1280	256	59000	0.4	5900
1281	256	59000	0.4	5900
1282	256	51000	0.2	5100
1283	256	51000	0.2	5100
1284	256	55000	0.2	5500
1285	257	49000	0.2	4900
1286	257	51000	0.2	5100
1287	257	59000	0.4	5900
1288	257	49000	0.2	4900
1289	257	53000	0.2	5300
1290	258	51000	0.2	5100
1291	258	55000	0.2	5500
1292	258	49000	0.2	4900
1293	258	51000	0.2	5100
1294	258	51000	0.2	5100
1295	259	51000	0.2	5100
1296	259	53000	0.2	5300
1297	259	55000	0.2	5500
1298	259	59000	0.4	5900
1299	259	49000	0.2	4900
1300	260	51000	0.2	5100
1301	260	55000	0.2	5500
1302	260	51000	0.2	5100
1303	260	59000	0.4	5900
1304	260	53000	0.2	5300
1305	261	49000	0.2	4900
1306	261	49000	0.2	4900
1307	261	55000	0.2	5500
1308	261	55000	0.2	5500
1309	261	53000	0.2	5300
1310	262	53000	0.2	5300
1311	262	49000	0.2	4900
1312	262	49000	0.2	4900
1313	262	49000	0.2	4900
1314	262	53000	0.2	5300
1315	263	59000	0.4	5900
1316	263	55000	0.2	5500
1317	263	55000	0.2	5500
1318	263	51000	0.2	5100
1319	263	49000	0.2	4900
1320	264	51000	0.2	5100
1321	264	51000	0.2	5100
1322	264	53000	0.2	5300
1323	264	51000	0.2	5100
1324	264	55000	0.2	5500
1325	265	49000	0.2	4900
1326	265	55000	0.2	5500
1327	265	59000	0.4	5900
1328	265	53000	0.2	5300
1329	265	55000	0.2	5500
1330	266	59000	0.4	5900
1331	266	51000	0.2	5100
1332	266	53000	0.2	5300
1333	266	51000	0.2	5100
1334	266	59000	0.4	5900
1335	267	59000	0.4	5900
1336	267	53000	0.2	5300
1337	267	55000	0.2	5500
1338	267	55000	0.2	5500
1339	267	51000	0.2	5100
1340	268	53000	0.2	5300
1341	268	55000	0.2	5500
1342	268	53000	0.2	5300
1343	268	53000	0.2	5300
1344	268	49000	0.2	4900
1345	269	51000	0.2	5100
1346	269	49000	0.2	4900
1347	269	59000	0.4	5900
1348	269	53000	0.2	5300
1349	269	51000	0.2	5100
1350	270	49000	0.2	4900
1351	270	49000	0.2	4900
1352	270	49000	0.2	4900
1353	270	53000	0.2	5300
1354	270	49000	0.2	4900
1355	271	51000	0.2	5100
1356	271	49000	0.2	4900
1357	271	49000	0.2	4900
1358	271	59000	0.4	5900
1359	271	59000	0.4	5900
1360	272	59000	0.4	5900
1361	272	49000	0.2	4900
1362	272	59000	0.4	5900
1363	272	53000	0.2	5300
1364	272	59000	0.4	5900
1365	273	51000	0.2	5100
1366	273	55000	0.2	5500
1367	273	55000	0.2	5500
1368	273	51000	0.2	5100
1369	273	59000	0.4	5900
1370	274	51000	0.2	5100
1371	274	59000	0.4	5900
1372	274	53000	0.2	5300
1373	274	59000	0.4	5900
1374	274	51000	0.2	5100
1375	275	59000	0.4	5900
1376	275	53000	0.2	5300
1377	275	55000	0.2	5500
1378	275	53000	0.2	5300
1379	275	53000	0.2	5300
1380	276	49000	0.2	4900
1381	276	53000	0.2	5300
1382	276	51000	0.2	5100
1383	276	51000	0.2	5100
1384	276	59000	0.4	5900
1385	277	53000	0.2	5300
1386	277	59000	0.4	5900
1387	277	51000	0.2	5100
1388	277	53000	0.2	5300
1389	277	51000	0.2	5100
1390	278	55000	0.2	5500
1391	278	49000	0.2	4900
1392	278	59000	0.4	5900
1393	278	49000	0.2	4900
1394	278	53000	0.2	5300
1395	279	53000	0.2	5300
1396	279	53000	0.2	5300
1397	279	53000	0.2	5300
1398	279	49000	0.2	4900
1399	279	49000	0.2	4900
1400	280	51000	0.2	5100
1401	280	49000	0.2	4900
1402	280	59000	0.4	5900
1403	280	59000	0.4	5900
1404	280	55000	0.2	5500
1405	281	51000	0.2	5100
1406	281	53000	0.2	5300
1407	281	59000	0.4	5900
1408	281	59000	0.4	5900
1409	281	53000	0.2	5300
1410	282	51000	0.2	5100
1411	282	51000	0.2	5100
1412	282	55000	0.2	5500
1413	282	51000	0.2	5100
1414	282	49000	0.2	4900
1415	283	55000	0.2	5500
1416	283	51000	0.2	5100
1417	283	53000	0.2	5300
1418	283	51000	0.2	5100
1419	283	51000	0.2	5100
1420	284	51000	0.2	5100
1421	284	55000	0.2	5500
1422	284	55000	0.2	5500
1423	284	53000	0.2	5300
1424	284	59000	0.4	5900
1425	285	53000	0.2	5300
1426	285	55000	0.2	5500
1427	285	53000	0.2	5300
1428	285	51000	0.2	5100
1429	285	59000	0.4	5900
1430	286	55000	0.2	5500
1431	286	55000	0.2	5500
1432	286	59000	0.4	5900
1433	286	51000	0.2	5100
1434	286	51000	0.2	5100
1435	287	53000	0.2	5300
1436	287	49000	0.2	4900
1437	287	49000	0.2	4900
1438	287	59000	0.4	5900
1439	287	51000	0.2	5100
1440	288	49000	0.2	4900
1441	288	51000	0.2	5100
1442	288	59000	0.4	5900
1443	288	59000	0.4	5900
1444	288	51000	0.2	5100
1445	289	51000	0.2	5100
1446	289	55000	0.2	5500
1447	289	53000	0.2	5300
1448	289	59000	0.4	5900
1449	289	59000	0.4	5900
1450	290	51000	0.2	5100
1451	290	49000	0.2	4900
1452	290	55000	0.2	5500
1453	290	53000	0.2	5300
1454	290	59000	0.4	5900
1455	291	51000	0.2	5100
1456	291	59000	0.4	5900
1457	291	49000	0.2	4900
1458	291	59000	0.4	5900
1459	291	55000	0.2	5500
1460	292	51000	0.2	5100
1461	292	55000	0.2	5500
1462	292	55000	0.2	5500
1463	292	49000	0.2	4900
1464	292	49000	0.2	4900
1465	293	59000	0.4	5900
1466	293	49000	0.2	4900
1467	293	51000	0.2	5100
1468	293	55000	0.2	5500
1469	293	55000	0.2	5500
1470	294	49000	0.2	4900
1471	294	53000	0.2	5300
1472	294	55000	0.2	5500
1473	294	49000	0.2	4900
1474	294	51000	0.2	5100
1475	295	55000	0.2	5500
1476	295	59000	0.4	5900
1477	295	49000	0.2	4900
1478	295	59000	0.4	5900
1479	295	53000	0.2	5300
1480	296	49000	0.2	4900
1481	296	59000	0.4	5900
1482	296	59000	0.4	5900
1483	296	51000	0.2	5100
1484	296	49000	0.2	4900
1485	297	59000	0.4	5900
1486	297	59000	0.4	5900
1487	297	49000	0.2	4900
1488	297	59000	0.4	5900
1489	297	53000	0.2	5300
1490	298	59000	0.4	5900
1491	298	55000	0.2	5500
1492	298	49000	0.2	4900
1493	298	49000	0.2	4900
1494	298	51000	0.2	5100
1495	299	49000	0.2	4900
1496	299	53000	0.2	5300
1497	299	53000	0.2	5300
1498	299	53000	0.2	5300
1499	299	53000	0.2	5300
1500	300	59000	0.4	5900
1501	300	53000	0.2	5300
1502	300	59000	0.4	5900
1503	300	55000	0.2	5500
1504	300	53000	0.2	5300
1505	301	49000	0.2	4900
1506	301	55000	0.2	5500
1507	301	51000	0.2	5100
1508	301	59000	0.4	5900
1509	301	51000	0.2	5100
1510	302	49000	0.2	4900
1511	302	59000	0.4	5900
1512	302	51000	0.2	5100
1513	302	49000	0.2	4900
1514	302	51000	0.2	5100
1515	303	55000	0.2	5500
1516	303	53000	0.2	5300
1517	303	51000	0.2	5100
1518	303	49000	0.2	4900
1519	303	51000	0.2	5100
1520	304	59000	0.4	5900
1521	304	53000	0.2	5300
1522	304	49000	0.2	4900
1523	304	51000	0.2	5100
1524	304	59000	0.4	5900
1525	305	51000	0.2	5100
1526	305	53000	0.2	5300
1527	305	53000	0.2	5300
1528	305	49000	0.2	4900
1529	305	53000	0.2	5300
1530	306	49000	0.2	4900
1531	306	51000	0.2	5100
1532	306	55000	0.2	5500
1533	306	59000	0.4	5900
1534	306	59000	0.4	5900
1535	307	55000	0.2	5500
1536	307	59000	0.4	5900
1537	307	49000	0.2	4900
1538	307	51000	0.2	5100
1539	307	53000	0.2	5300
1540	308	55000	0.2	5500
1541	308	55000	0.2	5500
1542	308	55000	0.2	5500
1543	308	59000	0.4	5900
1544	308	59000	0.4	5900
1545	309	49000	0.2	4900
1546	309	49000	0.2	4900
1547	309	55000	0.2	5500
1548	309	49000	0.2	4900
1549	309	53000	0.2	5300
1550	310	59000	0.4	5900
1551	310	51000	0.2	5100
1552	310	53000	0.2	5300
1553	310	55000	0.2	5500
1554	310	59000	0.4	5900
1555	311	51000	0.2	5100
1556	311	49000	0.2	4900
1557	311	55000	0.2	5500
1558	311	51000	0.2	5100
1559	311	49000	0.2	4900
1560	312	49000	0.2	4900
1561	312	59000	0.4	5900
1562	312	49000	0.2	4900
1563	312	51000	0.2	5100
1564	312	49000	0.2	4900
1565	313	53000	0.2	5300
1566	313	51000	0.2	5100
1567	313	51000	0.2	5100
1568	313	53000	0.2	5300
1569	313	53000	0.2	5300
1570	314	51000	0.2	5100
1571	314	51000	0.2	5100
1572	314	53000	0.2	5300
1573	314	49000	0.2	4900
1574	314	51000	0.2	5100
1575	315	59000	0.4	5900
1576	315	51000	0.2	5100
1577	315	55000	0.2	5500
1578	315	59000	0.4	5900
1579	315	49000	0.2	4900
1580	316	51000	0.2	5100
1581	316	53000	0.2	5300
1582	316	59000	0.4	5900
1583	316	53000	0.2	5300
1584	316	51000	0.2	5100
1585	317	59000	0.4	5900
1586	317	55000	0.2	5500
1587	317	51000	0.2	5100
1588	317	51000	0.2	5100
1589	317	51000	0.2	5100
1590	318	53000	0.2	5300
1591	318	51000	0.2	5100
1592	318	51000	0.2	5100
1593	318	59000	0.4	5900
1594	318	49000	0.2	4900
1595	319	55000	0.2	5500
1596	319	51000	0.2	5100
1597	319	53000	0.2	5300
1598	319	59000	0.4	5900
1599	319	53000	0.2	5300
1600	320	49000	0.2	4900
1601	320	49000	0.2	4900
1602	320	53000	0.2	5300
1603	320	53000	0.2	5300
1604	320	59000	0.4	5900
1605	321	49000	0.2	4900
1606	321	53000	0.2	5300
1607	321	49000	0.2	4900
1608	321	49000	0.2	4900
1609	321	59000	0.4	5900
1610	322	53000	0.2	5300
1611	322	59000	0.4	5900
1612	322	53000	0.2	5300
1613	322	51000	0.2	5100
1614	322	59000	0.4	5900
1615	323	59000	0.4	5900
1616	323	49000	0.2	4900
1617	323	55000	0.2	5500
1618	323	51000	0.2	5100
1619	323	51000	0.2	5100
1620	324	55000	0.2	5500
1621	324	51000	0.2	5100
1622	324	49000	0.2	4900
1623	324	59000	0.4	5900
1624	324	53000	0.2	5300
1625	325	49000	0.2	4900
1626	325	51000	0.2	5100
1627	325	49000	0.2	4900
1628	325	55000	0.2	5500
1629	325	51000	0.2	5100
1630	326	55000	0.2	5500
1631	326	53000	0.2	5300
1632	326	51000	0.2	5100
1633	326	49000	0.2	4900
1634	326	51000	0.2	5100
1635	327	55000	0.2	5500
1636	327	55000	0.2	5500
1637	327	49000	0.2	4900
1638	327	53000	0.2	5300
1639	327	59000	0.4	5900
1640	328	53000	0.2	5300
1641	328	59000	0.4	5900
1642	328	53000	0.2	5300
1643	328	51000	0.2	5100
1644	328	55000	0.2	5500
1645	329	51000	0.2	5100
1646	329	55000	0.2	5500
1647	329	49000	0.2	4900
1648	329	49000	0.2	4900
1649	329	49000	0.2	4900
1650	330	55000	0.2	5500
1651	330	55000	0.2	5500
1652	330	59000	0.4	5900
1653	330	53000	0.2	5300
1654	330	59000	0.4	5900
1655	331	53000	0.2	5300
1656	331	55000	0.2	5500
1657	331	55000	0.2	5500
1658	331	49000	0.2	4900
1659	331	53000	0.2	5300
1660	332	49000	0.2	4900
1661	332	59000	0.4	5900
1662	332	55000	0.2	5500
1663	332	51000	0.2	5100
1664	332	59000	0.4	5900
1665	333	51000	0.2	5100
1666	333	51000	0.2	5100
1667	333	51000	0.2	5100
1668	333	55000	0.2	5500
1669	333	53000	0.2	5300
1670	334	53000	0.2	5300
1671	334	59000	0.4	5900
1672	334	51000	0.2	5100
1673	334	59000	0.4	5900
1674	334	53000	0.2	5300
1675	335	55000	0.2	5500
1676	335	49000	0.2	4900
1677	335	51000	0.2	5100
1678	335	53000	0.2	5300
1679	335	59000	0.4	5900
1680	336	49000	0.2	4900
1681	336	49000	0.2	4900
1682	336	59000	0.4	5900
1683	336	53000	0.2	5300
1684	336	51000	0.2	5100
1685	337	59000	0.4	5900
1686	337	51000	0.2	5100
1687	337	49000	0.2	4900
1688	337	55000	0.2	5500
1689	337	49000	0.2	4900
1690	338	53000	0.2	5300
1691	338	55000	0.2	5500
1692	338	59000	0.4	5900
1693	338	49000	0.2	4900
1694	338	55000	0.2	5500
1695	339	51000	0.2	5100
1696	339	53000	0.2	5300
1697	339	53000	0.2	5300
1698	339	53000	0.2	5300
1699	339	51000	0.2	5100
1700	340	55000	0.2	5500
1701	340	55000	0.2	5500
1702	340	49000	0.2	4900
1703	340	59000	0.4	5900
1704	340	51000	0.2	5100
1705	341	51000	0.2	5100
1706	341	53000	0.2	5300
1707	341	53000	0.2	5300
1708	341	55000	0.2	5500
1709	341	51000	0.2	5100
1710	342	59000	0.4	5900
1711	342	53000	0.2	5300
1712	342	53000	0.2	5300
1713	342	53000	0.2	5300
1714	342	49000	0.2	4900
1715	343	53000	0.2	5300
1716	343	51000	0.2	5100
1717	343	53000	0.2	5300
1718	343	59000	0.4	5900
1719	343	59000	0.4	5900
1720	344	53000	0.2	5300
1721	344	51000	0.2	5100
1722	344	53000	0.2	5300
1723	344	53000	0.2	5300
1724	344	59000	0.4	5900
1725	345	59000	0.4	5900
1726	345	51000	0.2	5100
1727	345	49000	0.2	4900
1728	345	53000	0.2	5300
1729	345	59000	0.4	5900
1730	346	53000	0.2	5300
1731	346	53000	0.2	5300
1732	346	49000	0.2	4900
1733	346	53000	0.2	5300
1734	346	49000	0.2	4900
1735	347	55000	0.2	5500
1736	347	55000	0.2	5500
1737	347	51000	0.2	5100
1738	347	51000	0.2	5100
1739	347	53000	0.2	5300
1740	348	51000	0.2	5100
1741	348	59000	0.4	5900
1742	348	51000	0.2	5100
1743	348	59000	0.4	5900
1744	348	51000	0.2	5100
1745	349	53000	0.2	5300
1746	349	49000	0.2	4900
1747	349	53000	0.2	5300
1748	349	49000	0.2	4900
1749	349	53000	0.2	5300
1750	350	53000	0.2	5300
1751	350	51000	0.2	5100
1752	350	59000	0.4	5900
1753	350	49000	0.2	4900
1754	350	53000	0.2	5300
1755	351	55000	0.2	5500
1756	351	51000	0.2	5100
1757	351	55000	0.2	5500
1758	351	53000	0.2	5300
1759	351	53000	0.2	5300
1760	352	49000	0.2	4900
1761	352	53000	0.2	5300
1762	352	53000	0.2	5300
1763	352	49000	0.2	4900
1764	352	49000	0.2	4900
1765	353	53000	0.2	5300
1766	353	55000	0.2	5500
1767	353	53000	0.2	5300
1768	353	55000	0.2	5500
1769	353	49000	0.2	4900
1770	354	55000	0.2	5500
1771	354	59000	0.4	5900
1772	354	53000	0.2	5300
1773	354	49000	0.2	4900
1774	354	53000	0.2	5300
1775	355	53000	0.2	5300
1776	355	51000	0.2	5100
1777	355	55000	0.2	5500
1778	355	51000	0.2	5100
1779	355	51000	0.2	5100
1780	356	53000	0.2	5300
1781	356	55000	0.2	5500
1782	356	51000	0.2	5100
1783	356	51000	0.2	5100
1784	356	55000	0.2	5500
1785	357	53000	0.2	5300
1786	357	55000	0.2	5500
1787	357	49000	0.2	4900
1788	357	55000	0.2	5500
1789	357	55000	0.2	5500
1790	358	49000	0.2	4900
1791	358	53000	0.2	5300
1792	358	49000	0.2	4900
1793	358	49000	0.2	4900
1794	358	49000	0.2	4900
1795	359	53000	0.2	5300
1796	359	51000	0.2	5100
1797	359	59000	0.4	5900
1798	359	59000	0.4	5900
1799	359	55000	0.2	5500
1800	360	49000	0.2	4900
1801	360	53000	0.2	5300
1802	360	55000	0.2	5500
1803	360	49000	0.2	4900
1804	360	53000	0.2	5300
1805	361	49000	0.2	4900
1806	361	51000	0.2	5100
1807	361	55000	0.2	5500
1808	361	51000	0.2	5100
1809	361	51000	0.2	5100
1810	362	51000	0.2	5100
1811	362	49000	0.2	4900
1812	362	55000	0.2	5500
1813	362	59000	0.4	5900
1814	362	55000	0.2	5500
1815	363	51000	0.2	5100
1816	363	55000	0.2	5500
1817	363	53000	0.2	5300
1818	363	53000	0.2	5300
1819	363	53000	0.2	5300
1820	364	55000	0.2	5500
1821	364	49000	0.2	4900
1822	364	53000	0.2	5300
1823	364	51000	0.2	5100
1824	364	49000	0.2	4900
1825	365	49000	0.2	4900
1826	365	51000	0.2	5100
1827	365	55000	0.2	5500
1828	365	51000	0.2	5100
1829	365	55000	0.2	5500
1830	366	55000	0.2	5500
1831	366	55000	0.2	5500
1832	366	59000	0.4	5900
1833	366	49000	0.2	4900
1834	366	49000	0.2	4900
1835	367	49000	0.2	4900
1836	367	55000	0.2	5500
1837	367	49000	0.2	4900
1838	367	51000	0.2	5100
1839	367	59000	0.4	5900
1840	368	59000	0.4	5900
1841	368	53000	0.2	5300
1842	368	51000	0.2	5100
1843	368	59000	0.4	5900
1844	368	59000	0.4	5900
1845	369	53000	0.2	5300
1846	369	55000	0.2	5500
1847	369	51000	0.2	5100
1848	369	53000	0.2	5300
1849	369	49000	0.2	4900
1850	370	51000	0.2	5100
1851	370	49000	0.2	4900
1852	370	49000	0.2	4900
1853	370	53000	0.2	5300
1854	370	53000	0.2	5300
1855	371	49000	0.2	4900
1856	371	55000	0.2	5500
1857	371	53000	0.2	5300
1858	371	49000	0.2	4900
1859	371	53000	0.2	5300
1860	372	49000	0.2	4900
1861	372	55000	0.2	5500
1862	372	59000	0.4	5900
1863	372	55000	0.2	5500
1864	372	51000	0.2	5100
1865	373	53000	0.2	5300
1866	373	53000	0.2	5300
1867	373	51000	0.2	5100
1868	373	53000	0.2	5300
1869	373	59000	0.4	5900
1870	374	53000	0.2	5300
1871	374	49000	0.2	4900
1872	374	59000	0.4	5900
1873	374	59000	0.4	5900
1874	374	51000	0.2	5100
1875	375	55000	0.2	5500
1876	375	51000	0.2	5100
1877	375	55000	0.2	5500
1878	375	53000	0.2	5300
1879	375	51000	0.2	5100
1880	376	53000	0.2	5300
1881	376	59000	0.4	5900
1882	376	59000	0.4	5900
1883	376	53000	0.2	5300
1884	376	53000	0.2	5300
1885	377	51000	0.2	5100
1886	377	55000	0.2	5500
1887	377	55000	0.2	5500
1888	377	55000	0.2	5500
1889	377	51000	0.2	5100
1890	378	49000	0.2	4900
1891	378	49000	0.2	4900
1892	378	51000	0.2	5100
1893	378	53000	0.2	5300
1894	378	59000	0.4	5900
1895	379	59000	0.4	5900
1896	379	55000	0.2	5500
1897	379	59000	0.4	5900
1898	379	55000	0.2	5500
1899	379	59000	0.4	5900
1900	380	49000	0.2	4900
1901	380	53000	0.2	5300
1902	380	53000	0.2	5300
1903	380	59000	0.4	5900
1904	380	59000	0.4	5900
1905	381	53000	0.2	5300
1906	381	55000	0.2	5500
1907	381	51000	0.2	5100
1908	381	49000	0.2	4900
1909	381	49000	0.2	4900
1910	382	49000	0.2	4900
1911	382	51000	0.2	5100
1912	382	51000	0.2	5100
1913	382	51000	0.2	5100
1914	382	49000	0.2	4900
1915	383	53000	0.2	5300
1916	383	55000	0.2	5500
1917	383	49000	0.2	4900
1918	383	59000	0.4	5900
1919	383	51000	0.2	5100
1920	384	59000	0.4	5900
1921	384	49000	0.2	4900
1922	384	55000	0.2	5500
1923	384	55000	0.2	5500
1924	384	51000	0.2	5100
1925	385	49000	0.2	4900
1926	385	55000	0.2	5500
1927	385	53000	0.2	5300
1928	385	49000	0.2	4900
1929	385	59000	0.4	5900
1930	386	53000	0.2	5300
1931	386	55000	0.2	5500
1932	386	51000	0.2	5100
1933	386	59000	0.4	5900
1934	386	55000	0.2	5500
1935	387	59000	0.4	5900
1936	387	51000	0.2	5100
1937	387	55000	0.2	5500
1938	387	55000	0.2	5500
1939	387	59000	0.4	5900
1940	388	59000	0.4	5900
1941	388	49000	0.2	4900
1942	388	53000	0.2	5300
1943	388	53000	0.2	5300
1944	388	59000	0.4	5900
1945	389	59000	0.4	5900
1946	389	51000	0.2	5100
1947	389	49000	0.2	4900
1948	389	51000	0.2	5100
1949	389	51000	0.2	5100
1950	390	49000	0.2	4900
1951	390	55000	0.2	5500
1952	390	53000	0.2	5300
1953	390	49000	0.2	4900
1954	390	49000	0.2	4900
1955	391	53000	0.2	5300
1956	391	55000	0.2	5500
1957	391	53000	0.2	5300
1958	391	49000	0.2	4900
1959	391	51000	0.2	5100
1960	392	55000	0.2	5500
1961	392	53000	0.2	5300
1962	392	49000	0.2	4900
1963	392	49000	0.2	4900
1964	392	49000	0.2	4900
1965	393	49000	0.2	4900
1966	393	59000	0.4	5900
1967	393	53000	0.2	5300
1968	393	51000	0.2	5100
1969	393	53000	0.2	5300
1970	394	51000	0.2	5100
1971	394	53000	0.2	5300
1972	394	55000	0.2	5500
1973	394	59000	0.4	5900
1974	394	59000	0.4	5900
1975	395	55000	0.2	5500
1976	395	49000	0.2	4900
1977	395	53000	0.2	5300
1978	395	53000	0.2	5300
1979	395	53000	0.2	5300
1980	396	53000	0.2	5300
1981	396	51000	0.2	5100
1982	396	51000	0.2	5100
1983	396	51000	0.2	5100
1984	396	53000	0.2	5300
1985	397	55000	0.2	5500
1986	397	55000	0.2	5500
1987	397	49000	0.2	4900
1988	397	59000	0.4	5900
1989	397	49000	0.2	4900
1990	398	49000	0.2	4900
1991	398	51000	0.2	5100
1992	398	59000	0.4	5900
1993	398	53000	0.2	5300
1994	398	59000	0.4	5900
1995	399	55000	0.2	5500
1996	399	49000	0.2	4900
1997	399	51000	0.2	5100
1998	399	55000	0.2	5500
1999	399	51000	0.2	5100
