0	0	61000	0.4	6100
1	0	65000	0.4	6500
2	0	71000	0.4	7100
3	0	67000	0.4	6700
4	0	63000	0.4	6300
5	1	65000	0.4	6500
6	1	61000	0.4	6100
7	1	71000	0.4	7100
8	1	63000	0.4	6300
9	1	63000	0.4	6300
10	2	63000	0.4	6300
11	2	71000	0.4	7100
12	2	71000	0.4	7100
13	2	65000	0.4	6500
14	2	65000	0.4	6500
15	3	65000	0.4	6500
16	3	71000	0.4	7100
17	3	65000	0.4	6500
18	3	61000	0.4	6100
19	3	61000	0.4	6100
20	4	67000	0.4	6700
21	4	65000	0.4	6500
22	4	71000	0.4	7100
23	4	67000	0.4	6700
24	4	61000	0.4	6100
25	5	67000	0.4	6700
26	5	65000	0.4	6500
27	5	61000	0.4	6100
28	5	63000	0.4	6300
29	5	67000	0.4	6700
30	6	65000	0.4	6500
31	6	71000	0.4	7100
32	6	63000	0.4	6300
33	6	67000	0.4	6700
34	6	61000	0.4	6100
35	7	65000	0.4	6500
36	7	63000	0.4	6300
37	7	63000	0.4	6300
38	7	67000	0.4	6700
39	7	71000	0.4	7100
40	8	67000	0.4	6700
41	8	61000	0.4	6100
42	8	63000	0.4	6300
43	8	61000	0.4	6100
44	8	65000	0.4	6500
45	9	67000	0.4	6700
46	9	65000	0.4	6500
47	9	65000	0.4	6500
48	9	63000	0.4	6300
49	9	65000	0.4	6500
50	10	65000	0.4	6500
51	10	71000	0.4	7100
52	10	63000	0.4	6300
53	10	71000	0.4	7100
54	10	67000	0.4	6700
55	11	63000	0.4	6300
56	11	71000	0.4	7100
57	11	61000	0.4	6100
58	11	67000	0.4	6700
59	11	63000	0.4	6300
60	12	63000	0.4	6300
61	12	63000	0.4	6300
62	12	71000	0.4	7100
63	12	71000	0.4	7100
64	12	63000	0.4	6300
65	13	65000	0.4	6500
66	13	65000	0.4	6500
67	13	71000	0.4	7100
68	13	65000	0.4	6500
69	13	61000	0.4	6100
70	14	61000	0.4	6100
71	14	63000	0.4	6300
72	14	65000	0.4	6500
73	14	65000	0.4	6500
74	14	67000	0.4	6700
75	15	67000	0.4	6700
76	15	63000	0.4	6300
77	15	63000	0.4	6300
78	15	67000	0.4	6700
79	15	67000	0.4	6700
80	16	65000	0.4	6500
81	16	63000	0.4	6300
82	16	63000	0.4	6300
83	16	71000	0.4	7100
84	16	61000	0.4	6100
85	17	61000	0.4	6100
86	17	67000	0.4	6700
87	17	63000	0.4	6300
88	17	65000	0.4	6500
89	17	71000	0.4	7100
90	18	61000	0.4	6100
91	18	65000	0.4	6500
92	18	63000	0.4	6300
93	18	61000	0.4	6100
94	18	63000	0.4	6300
95	19	65000	0.4	6500
96	19	61000	0.4	6100
97	19	61000	0.4	6100
98	19	71000	0.4	7100
99	19	71000	0.4	7100
100	20	71000	0.4	7100
101	20	61000	0.4	6100
102	20	63000	0.4	6300
103	20	65000	0.4	6500
104	20	63000	0.4	6300
105	21	65000	0.4	6500
106	21	65000	0.4	6500
107	21	67000	0.4	6700
108	21	63000	0.4	6300
109	21	71000	0.4	7100
110	22	61000	0.4	6100
111	22	61000	0.4	6100
112	22	65000	0.4	6500
113	22	65000	0.4	6500
114	22	63000	0.4	6300
115	23	61000	0.4	6100
116	23	61000	0.4	6100
117	23	61000	0.4	6100
118	23	67000	0.4	6700
119	23	63000	0.4	6300
120	24	67000	0.4	6700
121	24	67000	0.4	6700
122	24	65000	0.4	6500
123	24	67000	0.4	6700
124	24	71000	0.4	7100
125	25	67000	0.4	6700
126	25	63000	0.4	6300
127	25	63000	0.4	6300
128	25	61000	0.4	6100
129	25	65000	0.4	6500
130	26	61000	0.4	6100
131	26	71000	0.4	7100
132	26	63000	0.4	6300
133	26	67000	0.4	6700
134	26	71000	0.4	7100
135	27	71000	0.4	7100
136	27	71000	0.4	7100
137	27	65000	0.4	6500
138	27	67000	0.4	6700
139	27	71000	0.4	7100
140	28	67000	0.4	6700
141	28	67000	0.4	6700
142	28	63000	0.4	6300
143	28	65000	0.4	6500
144	28	63000	0.4	6300
145	29	65000	0.4	6500
146	29	65000	0.4	6500
147	29	63000	0.4	6300
148	29	71000	0.4	7100
149	29	63000	0.4	6300
150	30	61000	0.4	6100
151	30	71000	0.4	7100
152	30	63000	0.4	6300
153	30	61000	0.4	6100
154	30	65000	0.4	6500
155	31	63000	0.4	6300
156	31	63000	0.4	6300
157	31	61000	0.4	6100
158	31	65000	0.4	6500
159	31	71000	0.4	7100
160	32	61000	0.4	6100
161	32	65000	0.4	6500
162	32	67000	0.4	6700
163	32	61000	0.4	6100
164	32	65000	0.4	6500
165	33	65000	0.4	6500
166	33	63000	0.4	6300
167	33	63000	0.4	6300
168	33	65000	0.4	6500
169	33	63000	0.4	6300
170	34	67000	0.4	6700
171	34	67000	0.4	6700
172	34	61000	0.4	6100
173	34	71000	0.4	7100
174	34	65000	0.4	6500
175	35	65000	0.4	6500
176	35	63000	0.4	6300
177	35	71000	0.4	7100
178	35	63000	0.4	6300
179	35	63000	0.4	6300
180	36	65000	0.4	6500
181	36	71000	0.4	7100
182	36	65000	0.4	6500
183	36	67000	0.4	6700
184	36	63000	0.4	6300
185	37	65000	0.4	6500
186	37	71000	0.4	7100
187	37	61000	0.4	6100
188	37	71000	0.4	7100
189	37	67000	0.4	6700
190	38	71000	0.4	7100
191	38	67000	0.4	6700
192	38	71000	0.4	7100
193	38	63000	0.4	6300
194	38	61000	0.4	6100
195	39	71000	0.4	7100
196	39	65000	0.4	6500
197	39	71000	0.4	7100
198	39	67000	0.4	6700
199	39	65000	0.4	6500
200	40	63000	0.4	6300
201	40	61000	0.4	6100
202	40	71000	0.4	7100
203	40	61000	0.4	6100
204	40	65000	0.4	6500
205	41	67000	0.4	6700
206	41	61000	0.4	6100
207	41	67000	0.4	6700
208	41	71000	0.4	7100
209	41	63000	0.4	6300
210	42	63000	0.4	6300
211	42	65000	0.4	6500
212	42	67000	0.4	6700
213	42	65000	0.4	6500
214	42	63000	0.4	6300
215	43	65000	0.4	6500
216	43	61000	0.4	6100
217	43	61000	0.4	6100
218	43	61000	0.4	6100
219	43	71000	0.4	7100
220	44	61000	0.4	6100
221	44	63000	0.4	6300
222	44	63000	0.4	6300
223	44	61000	0.4	6100
224	44	63000	0.4	6300
225	45	63000	0.4	6300
226	45	71000	0.4	7100
227	45	71000	0.4	7100
228	45	63000	0.4	6300
229	45	63000	0.4	6300
230	46	67000	0.4	6700
231	46	65000	0.4	6500
232	46	67000	0.4	6700
233	46	61000	0.4	6100
234	46	65000	0.4	6500
235	47	61000	0.4	6100
236	47	67000	0.4	6700
237	47	63000	0.4	6300
238	47	67000	0.4	6700
239	47	65000	0.4	6500
240	48	71000	0.4	7100
241	48	65000	0.4	6500
242	48	71000	0.4	7100
243	48	65000	0.4	6500
244	48	71000	0.4	7100
245	49	67000	0.4	6700
246	49	67000	0.4	6700
247	49	63000	0.4	6300
248	49	71000	0.4	7100
249	49	67000	0.4	6700
250	50	65000	0.4	6500
251	50	67000	0.4	6700
252	50	61000	0.4	6100
253	50	71000	0.4	7100
254	50	61000	0.4	6100
255	51	61000	0.4	6100
256	51	63000	0.4	6300
257	51	67000	0.4	6700
258	51	63000	0.4	6300
259	51	63000	0.4	6300
260	52	67000	0.4	6700
261	52	71000	0.4	7100
262	52	67000	0.4	6700
263	52	61000	0.4	6100
264	52	67000	0.4	6700
265	53	65000	0.4	6500
266	53	65000	0.4	6500
267	53	67000	0.4	6700
268	53	71000	0.4	7100
269	53	61000	0.4	6100
270	54	63000	0.4	6300
271	54	67000	0.4	6700
272	54	61000	0.4	6100
273	54	61000	0.4	6100
274	54	67000	0.4	6700
275	55	67000	0.4	6700
276	55	63000	0.4	6300
277	55	71000	0.4	7100
278	55	67000	0.4	6700
279	55	61000	0.4	6100
280	56	61000	0.4	6100
281	56	71000	0.4	7100
282	56	61000	0.4	6100
283	56	65000	0.4	6500
284	56	63000	0.4	6300
285	57	65000	0.4	6500
286	57	63000	0.4	6300
287	57	67000	0.4	6700
288	57	61000	0.4	6100
289	57	65000	0.4	6500
290	58	61000	0.4	6100
291	58	63000	0.4	6300
292	58	63000	0.4	6300
293	58	71000	0.4	7100
294	58	71000	0.4	7100
295	59	61000	0.4	6100
296	59	61000	0.4	6100
297	59	71000	0.4	7100
298	59	61000	0.4	6100
299	59	65000	0.4	6500
300	60	61000	0.4	6100
301	60	71000	0.4	7100
302	60	67000	0.4	6700
303	60	67000	0.4	6700
304	60	61000	0.4	6100
305	61	63000	0.4	6300
306	61	65000	0.4	6500
307	61	63000	0.4	6300
308	61	67000	0.4	6700
309	61	71000	0.4	7100
310	62	67000	0.4	6700
311	62	67000	0.4	6700
312	62	67000	0.4	6700
313	62	61000	0.4	6100
314	62	67000	0.4	6700
315	63	71000	0.4	7100
316	63	67000	0.4	6700
317	63	71000	0.4	7100
318	63	71000	0.4	7100
319	63	67000	0.4	6700
320	64	65000	0.4	6500
321	64	61000	0.4	6100
322	64	71000	0.4	7100
323	64	67000	0.4	6700
324	64	61000	0.4	6100
325	65	65000	0.4	6500
326	65	65000	0.4	6500
327	65	61000	0.4	6100
328	65	65000	0.4	6500
329	65	65000	0.4	6500
330	66	61000	0.4	6100
331	66	71000	0.4	7100
332	66	71000	0.4	7100
333	66	63000	0.4	6300
334	66	65000	0.4	6500
335	67	71000	0.4	7100
336	67	67000	0.4	6700
337	67	63000	0.4	6300
338	67	71000	0.4	7100
339	67	63000	0.4	6300
340	68	61000	0.4	6100
341	68	61000	0.4	6100
342	68	65000	0.4	6500
343	68	67000	0.4	6700
344	68	67000	0.4	6700
345	69	65000	0.4	6500
346	69	67000	0.4	6700
347	69	71000	0.4	7100
348	69	63000	0.4	6300
349	69	61000	0.4	6100
350	70	63000	0.4	6300
351	70	67000	0.4	6700
352	70	65000	0.4	6500
353	70	65000	0.4	6500
354	70	67000	0.4	6700
355	71	63000	0.4	6300
356	71	65000	0.4	6500
357	71	65000	0.4	6500
358	71	67000	0.4	6700
359	71	61000	0.4	6100
360	72	65000	0.4	6500
361	72	67000	0.4	6700
362	72	71000	0.4	7100
363	72	67000	0.4	6700
364	72	71000	0.4	7100
365	73	67000	0.4	6700
366	73	65000	0.4	6500
367	73	61000	0.4	6100
368	73	67000	0.4	6700
369	73	71000	0.4	7100
370	74	65000	0.4	6500
371	74	67000	0.4	6700
372	74	71000	0.4	7100
373	74	67000	0.4	6700
374	74	61000	0.4	6100
375	75	63000	0.4	6300
376	75	63000	0.4	6300
377	75	61000	0.4	6100
378	75	65000	0.4	6500
379	75	71000	0.4	7100
380	76	71000	0.4	7100
381	76	65000	0.4	6500
382	76	65000	0.4	6500
383	76	63000	0.4	6300
384	76	71000	0.4	7100
385	77	65000	0.4	6500
386	77	71000	0.4	7100
387	77	65000	0.4	6500
388	77	63000	0.4	6300
389	77	67000	0.4	6700
390	78	65000	0.4	6500
391	78	71000	0.4	7100
392	78	67000	0.4	6700
393	78	65000	0.4	6500
394	78	63000	0.4	6300
395	79	61000	0.4	6100
396	79	67000	0.4	6700
397	79	63000	0.4	6300
398	79	63000	0.4	6300
399	79	63000	0.4	6300
400	80	63000	0.4	6300
401	80	61000	0.4	6100
402	80	65000	0.4	6500
403	80	61000	0.4	6100
404	80	61000	0.4	6100
405	81	63000	0.4	6300
406	81	71000	0.4	7100
407	81	67000	0.4	6700
408	81	63000	0.4	6300
409	81	63000	0.4	6300
410	82	63000	0.4	6300
411	82	61000	0.4	6100
412	82	63000	0.4	6300
413	82	63000	0.4	6300
414	82	61000	0.4	6100
415	83	67000	0.4	6700
416	83	63000	0.4	6300
417	83	61000	0.4	6100
418	83	63000	0.4	6300
419	83	61000	0.4	6100
420	84	65000	0.4	6500
421	84	67000	0.4	6700
422	84	63000	0.4	6300
423	84	63000	0.4	6300
424	84	63000	0.4	6300
425	85	65000	0.4	6500
426	85	65000	0.4	6500
427	85	71000	0.4	7100
428	85	63000	0.4	6300
429	85	71000	0.4	7100
430	86	61000	0.4	6100
431	86	61000	0.4	6100
432	86	71000	0.4	7100
433	86	61000	0.4	6100
434	86	63000	0.4	6300
435	87	67000	0.4	6700
436	87	71000	0.4	7100
437	87	65000	0.4	6500
438	87	65000	0.4	6500
439	87	61000	0.4	6100
440	88	71000	0.4	7100
441	88	61000	0.4	6100
442	88	67000	0.4	6700
443	88	61000	0.4	6100
444	88	65000	0.4	6500
445	89	61000	0.4	6100
446	89	61000	0.4	6100
447	89	65000	0.4	6500
448	89	71000	0.4	7100
449	89	65000	0.4	6500
450	90	65000	0.4	6500
451	90	61000	0.4	6100
452	90	63000	0.4	6300
453	90	63000	0.4	6300
454	90	67000	0.4	6700
455	91	71000	0.4	7100
456	91	61000	0.4	6100
457	91	61000	0.4	6100
458	91	65000	0.4	6500
459	91	65000	0.4	6500
460	92	65000	0.4	6500
461	92	63000	0.4	6300
462	92	71000	0.4	7100
463	92	63000	0.4	6300
464	92	63000	0.4	6300
465	93	65000	0.4	6500
466	93	61000	0.4	6100
467	93	67000	0.4	6700
468	93	67000	0.4	6700
469	93	67000	0.4	6700
470	94	67000	0.4	6700
471	94	63000	0.4	6300
472	94	63000	0.4	6300
473	94	61000	0.4	6100
474	94	67000	0.4	6700
475	95	65000	0.4	6500
476	95	61000	0.4	6100
477	95	71000	0.4	7100
478	95	65000	0.4	6500
479	95	67000	0.4	6700
480	96	63000	0.4	6300
481	96	71000	0.4	7100
482	96	61000	0.4	6100
483	96	61000	0.4	6100
484	96	61000	0.4	6100
485	97	67000	0.4	6700
486	97	65000	0.4	6500
487	97	67000	0.4	6700
488	97	65000	0.4	6500
489	97	61000	0.4	6100
490	98	63000	0.4	6300
491	98	67000	0.4	6700
492	98	71000	0.4	7100
493	98	63000	0.4	6300
494	98	67000	0.4	6700
495	99	67000	0.4	6700
496	99	67000	0.4	6700
497	99	65000	0.4	6500
498	99	65000	0.4	6500
499	99	61000	0.4	6100
500	100	65000	0.4	6500
501	100	67000	0.4	6700
502	100	71000	0.4	7100
503	100	65000	0.4	6500
504	100	71000	0.4	7100
505	101	71000	0.4	7100
506	101	61000	0.4	6100
507	101	71000	0.4	7100
508	101	63000	0.4	6300
509	101	63000	0.4	6300
510	102	71000	0.4	7100
511	102	63000	0.4	6300
512	102	71000	0.4	7100
513	102	65000	0.4	6500
514	102	61000	0.4	6100
515	103	61000	0.4	6100
516	103	67000	0.4	6700
517	103	67000	0.4	6700
518	103	63000	0.4	6300
519	103	63000	0.4	6300
520	104	67000	0.4	6700
521	104	63000	0.4	6300
522	104	67000	0.4	6700
523	104	67000	0.4	6700
524	104	67000	0.4	6700
525	105	67000	0.4	6700
526	105	65000	0.4	6500
527	105	63000	0.4	6300
528	105	61000	0.4	6100
529	105	71000	0.4	7100
530	106	71000	0.4	7100
531	106	65000	0.4	6500
532	106	63000	0.4	6300
533	106	67000	0.4	6700
534	106	63000	0.4	6300
535	107	67000	0.4	6700
536	107	65000	0.4	6500
537	107	67000	0.4	6700
538	107	67000	0.4	6700
539	107	71000	0.4	7100
540	108	67000	0.4	6700
541	108	67000	0.4	6700
542	108	63000	0.4	6300
543	108	63000	0.4	6300
544	108	65000	0.4	6500
545	109	65000	0.4	6500
546	109	67000	0.4	6700
547	109	71000	0.4	7100
548	109	71000	0.4	7100
549	109	67000	0.4	6700
550	110	65000	0.4	6500
551	110	63000	0.4	6300
552	110	67000	0.4	6700
553	110	63000	0.4	6300
554	110	67000	0.4	6700
555	111	65000	0.4	6500
556	111	63000	0.4	6300
557	111	61000	0.4	6100
558	111	63000	0.4	6300
559	111	65000	0.4	6500
560	112	61000	0.4	6100
561	112	67000	0.4	6700
562	112	71000	0.4	7100
563	112	71000	0.4	7100
564	112	61000	0.4	6100
565	113	65000	0.4	6500
566	113	71000	0.4	7100
567	113	65000	0.4	6500
568	113	65000	0.4	6500
569	113	65000	0.4	6500
570	114	71000	0.4	7100
571	114	61000	0.4	6100
572	114	71000	0.4	7100
573	114	63000	0.4	6300
574	114	61000	0.4	6100
575	115	71000	0.4	7100
576	115	63000	0.4	6300
577	115	67000	0.4	6700
578	115	65000	0.4	6500
579	115	67000	0.4	6700
580	116	63000	0.4	6300
581	116	71000	0.4	7100
582	116	65000	0.4	6500
583	116	65000	0.4	6500
584	116	67000	0.4	6700
585	117	67000	0.4	6700
586	117	67000	0.4	6700
587	117	65000	0.4	6500
588	117	71000	0.4	7100
589	117	65000	0.4	6500
590	118	63000	0.4	6300
591	118	63000	0.4	6300
592	118	67000	0.4	6700
593	118	61000	0.4	6100
594	118	63000	0.4	6300
595	119	67000	0.4	6700
596	119	61000	0.4	6100
597	119	67000	0.4	6700
598	119	63000	0.4	6300
599	119	63000	0.4	6300
600	120	61000	0.4	6100
601	120	67000	0.4	6700
602	120	61000	0.4	6100
603	120	63000	0.4	6300
604	120	67000	0.4	6700
605	121	71000	0.4	7100
606	121	71000	0.4	7100
607	121	67000	0.4	6700
608	121	71000	0.4	7100
609	121	61000	0.4	6100
610	122	61000	0.4	6100
611	122	61000	0.4	6100
612	122	67000	0.4	6700
613	122	71000	0.4	7100
614	122	71000	0.4	7100
615	123	65000	0.4	6500
616	123	63000	0.4	6300
617	123	71000	0.4	7100
618	123	63000	0.4	6300
619	123	63000	0.4	6300
620	124	71000	0.4	7100
621	124	61000	0.4	6100
622	124	63000	0.4	6300
623	124	71000	0.4	7100
624	124	67000	0.4	6700
625	125	71000	0.4	7100
626	125	71000	0.4	7100
627	125	67000	0.4	6700
628	125	61000	0.4	6100
629	125	65000	0.4	6500
630	126	65000	0.4	6500
631	126	61000	0.4	6100
632	126	63000	0.4	6300
633	126	67000	0.4	6700
634	126	67000	0.4	6700
635	127	67000	0.4	6700
636	127	67000	0.4	6700
637	127	63000	0.4	6300
638	127	61000	0.4	6100
639	127	65000	0.4	6500
640	128	63000	0.4	6300
641	128	65000	0.4	6500
642	128	65000	0.4	6500
643	128	65000	0.4	6500
644	128	63000	0.4	6300
645	129	65000	0.4	6500
646	129	65000	0.4	6500
647	129	67000	0.4	6700
648	129	71000	0.4	7100
649	129	65000	0.4	6500
650	130	61000	0.4	6100
651	130	65000	0.4	6500
652	130	67000	0.4	6700
653	130	67000	0.4	6700
654	130	63000	0.4	6300
655	131	63000	0.4	6300
656	131	67000	0.4	6700
657	131	65000	0.4	6500
658	131	63000	0.4	6300
659	131	67000	0.4	6700
660	132	63000	0.4	6300
661	132	63000	0.4	6300
662	132	63000	0.4	6300
663	132	61000	0.4	6100
664	132	63000	0.4	6300
665	133	61000	0.4	6100
666	133	67000	0.4	6700
667	133	71000	0.4	7100
668	133	63000	0.4	6300
669	133	61000	0.4	6100
670	134	61000	0.4	6100
671	134	61000	0.4	6100
672	134	71000	0.4	7100
673	134	65000	0.4	6500
674	134	67000	0.4	6700
675	135	65000	0.4	6500
676	135	61000	0.4	6100
677	135	65000	0.4	6500
678	135	61000	0.4	6100
679	135	61000	0.4	6100
680	136	63000	0.4	6300
681	136	63000	0.4	6300
682	136	61000	0.4	6100
683	136	61000	0.4	6100
684	136	71000	0.4	7100
685	137	71000	0.4	7100
686	137	63000	0.4	6300
687	137	67000	0.4	6700
688	137	63000	0.4	6300
689	137	67000	0.4	6700
690	138	67000	0.4	6700
691	138	63000	0.4	6300
692	138	71000	0.4	7100
693	138	71000	0.4	7100
694	138	65000	0.4	6500
695	139	63000	0.4	6300
696	139	67000	0.4	6700
697	139	67000	0.4	6700
698	139	61000	0.4	6100
699	139	61000	0.4	6100
700	140	71000	0.4	7100
701	140	63000	0.4	6300
702	140	67000	0.4	6700
703	140	63000	0.4	6300
704	140	65000	0.4	6500
705	141	71000	0.4	7100
706	141	61000	0.4	6100
707	141	61000	0.4	6100
708	141	71000	0.4	7100
709	141	71000	0.4	7100
710	142	63000	0.4	6300
711	142	65000	0.4	6500
712	142	67000	0.4	6700
713	142	65000	0.4	6500
714	142	63000	0.4	6300
715	143	67000	0.4	6700
716	143	63000	0.4	6300
717	143	61000	0.4	6100
718	143	67000	0.4	6700
719	143	71000	0.4	7100
720	144	67000	0.4	6700
721	144	63000	0.4	6300
722	144	71000	0.4	7100
723	144	61000	0.4	6100
724	144	71000	0.4	7100
725	145	67000	0.4	6700
726	145	61000	0.4	6100
727	145	71000	0.4	7100
728	145	65000	0.4	6500
729	145	71000	0.4	7100
730	146	67000	0.4	6700
731	146	61000	0.4	6100
732	146	61000	0.4	6100
733	146	61000	0.4	6100
734	146	67000	0.4	6700
735	147	65000	0.4	6500
736	147	71000	0.4	7100
737	147	61000	0.4	6100
738	147	67000	0.4	6700
739	147	61000	0.4	6100
740	148	67000	0.4	6700
741	148	67000	0.4	6700
742	148	71000	0.4	7100
743	148	63000	0.4	6300
744	148	65000	0.4	6500
745	149	71000	0.4	7100
746	149	63000	0.4	6300
747	149	65000	0.4	6500
748	149	65000	0.4	6500
749	149	71000	0.4	7100
750	150	65000	0.4	6500
751	150	63000	0.4	6300
752	150	65000	0.4	6500
753	150	63000	0.4	6300
754	150	65000	0.4	6500
755	151	63000	0.4	6300
756	151	63000	0.4	6300
757	151	67000	0.4	6700
758	151	61000	0.4	6100
759	151	65000	0.4	6500
760	152	65000	0.4	6500
761	152	67000	0.4	6700
762	152	63000	0.4	6300
763	152	67000	0.4	6700
764	152	61000	0.4	6100
765	153	67000	0.4	6700
766	153	65000	0.4	6500
767	153	67000	0.4	6700
768	153	61000	0.4	6100
769	153	67000	0.4	6700
770	154	65000	0.4	6500
771	154	65000	0.4	6500
772	154	63000	0.4	6300
773	154	71000	0.4	7100
774	154	65000	0.4	6500
775	155	65000	0.4	6500
776	155	67000	0.4	6700
777	155	65000	0.4	6500
778	155	67000	0.4	6700
779	155	65000	0.4	6500
780	156	67000	0.4	6700
781	156	63000	0.4	6300
782	156	67000	0.4	6700
783	156	61000	0.4	6100
784	156	63000	0.4	6300
785	157	63000	0.4	6300
786	157	61000	0.4	6100
787	157	61000	0.4	6100
788	157	61000	0.4	6100
789	157	63000	0.4	6300
790	158	67000	0.4	6700
791	158	61000	0.4	6100
792	158	67000	0.4	6700
793	158	67000	0.4	6700
794	158	61000	0.4	6100
795	159	67000	0.4	6700
796	159	71000	0.4	7100
797	159	65000	0.4	6500
798	159	67000	0.4	6700
799	159	63000	0.4	6300
800	160	61000	0.4	6100
801	160	65000	0.4	6500
802	160	71000	0.4	7100
803	160	63000	0.4	6300
804	160	63000	0.4	6300
805	161	61000	0.4	6100
806	161	67000	0.4	6700
807	161	63000	0.4	6300
808	161	67000	0.4	6700
809	161	65000	0.4	6500
810	162	67000	0.4	6700
811	162	63000	0.4	6300
812	162	71000	0.4	7100
813	162	71000	0.4	7100
814	162	61000	0.4	6100
815	163	61000	0.4	6100
816	163	61000	0.4	6100
817	163	71000	0.4	7100
818	163	61000	0.4	6100
819	163	65000	0.4	6500
820	164	67000	0.4	6700
821	164	61000	0.4	6100
822	164	65000	0.4	6500
823	164	61000	0.4	6100
824	164	71000	0.4	7100
825	165	65000	0.4	6500
826	165	71000	0.4	7100
827	165	61000	0.4	6100
828	165	65000	0.4	6500
829	165	67000	0.4	6700
830	166	65000	0.4	6500
831	166	71000	0.4	7100
832	166	61000	0.4	6100
833	166	67000	0.4	6700
834	166	65000	0.4	6500
835	167	63000	0.4	6300
836	167	63000	0.4	6300
837	167	61000	0.4	6100
838	167	67000	0.4	6700
839	167	65000	0.4	6500
840	168	61000	0.4	6100
841	168	71000	0.4	7100
842	168	63000	0.4	6300
843	168	67000	0.4	6700
844	168	65000	0.4	6500
845	169	67000	0.4	6700
846	169	71000	0.4	7100
847	169	65000	0.4	6500
848	169	65000	0.4	6500
849	169	67000	0.4	6700
850	170	67000	0.4	6700
851	170	67000	0.4	6700
852	170	71000	0.4	7100
853	170	63000	0.4	6300
854	170	63000	0.4	6300
855	171	67000	0.4	6700
856	171	63000	0.4	6300
857	171	65000	0.4	6500
858	171	71000	0.4	7100
859	171	63000	0.4	6300
860	172	65000	0.4	6500
861	172	67000	0.4	6700
862	172	65000	0.4	6500
863	172	63000	0.4	6300
864	172	65000	0.4	6500
865	173	65000	0.4	6500
866	173	65000	0.4	6500
867	173	63000	0.4	6300
868	173	65000	0.4	6500
869	173	65000	0.4	6500
870	174	63000	0.4	6300
871	174	65000	0.4	6500
872	174	71000	0.4	7100
873	174	71000	0.4	7100
874	174	71000	0.4	7100
875	175	65000	0.4	6500
876	175	65000	0.4	6500
877	175	63000	0.4	6300
878	175	67000	0.4	6700
879	175	63000	0.4	6300
880	176	67000	0.4	6700
881	176	63000	0.4	6300
882	176	61000	0.4	6100
883	176	67000	0.4	6700
884	176	71000	0.4	7100
885	177	63000	0.4	6300
886	177	63000	0.4	6300
887	177	65000	0.4	6500
888	177	71000	0.4	7100
889	177	67000	0.4	6700
890	178	65000	0.4	6500
891	178	63000	0.4	6300
892	178	71000	0.4	7100
893	178	65000	0.4	6500
894	178	65000	0.4	6500
895	179	65000	0.4	6500
896	179	65000	0.4	6500
897	179	65000	0.4	6500
898	179	71000	0.4	7100
899	179	65000	0.4	6500
900	180	65000	0.4	6500
901	180	71000	0.4	7100
902	180	71000	0.4	7100
903	180	71000	0.4	7100
904	180	61000	0.4	6100
905	181	67000	0.4	6700
906	181	63000	0.4	6300
907	181	65000	0.4	6500
908	181	67000	0.4	6700
909	181	67000	0.4	6700
910	182	71000	0.4	7100
911	182	67000	0.4	6700
912	182	61000	0.4	6100
913	182	65000	0.4	6500
914	182	61000	0.4	6100
915	183	65000	0.4	6500
916	183	61000	0.4	6100
917	183	63000	0.4	6300
918	183	61000	0.4	6100
919	183	63000	0.4	6300
920	184	63000	0.4	6300
921	184	67000	0.4	6700
922	184	61000	0.4	6100
923	184	61000	0.4	6100
924	184	65000	0.4	6500
925	185	61000	0.4	6100
926	185	71000	0.4	7100
927	185	71000	0.4	7100
928	185	71000	0.4	7100
929	185	63000	0.4	6300
930	186	71000	0.4	7100
931	186	61000	0.4	6100
932	186	61000	0.4	6100
933	186	63000	0.4	6300
934	186	71000	0.4	7100
935	187	63000	0.4	6300
936	187	61000	0.4	6100
937	187	63000	0.4	6300
938	187	67000	0.4	6700
939	187	65000	0.4	6500
940	188	61000	0.4	6100
941	188	65000	0.4	6500
942	188	61000	0.4	6100
943	188	61000	0.4	6100
944	188	61000	0.4	6100
945	189	63000	0.4	6300
946	189	65000	0.4	6500
947	189	63000	0.4	6300
948	189	65000	0.4	6500
949	189	65000	0.4	6500
950	190	67000	0.4	6700
951	190	67000	0.4	6700
952	190	63000	0.4	6300
953	190	61000	0.4	6100
954	190	71000	0.4	7100
955	191	71000	0.4	7100
956	191	61000	0.4	6100
957	191	67000	0.4	6700
958	191	65000	0.4	6500
959	191	63000	0.4	6300
960	192	63000	0.4	6300
961	192	67000	0.4	6700
962	192	65000	0.4	6500
963	192	63000	0.4	6300
964	192	67000	0.4	6700
965	193	67000	0.4	6700
966	193	61000	0.4	6100
967	193	71000	0.4	7100
968	193	67000	0.4	6700
969	193	61000	0.4	6100
970	194	71000	0.4	7100
971	194	65000	0.4	6500
972	194	63000	0.4	6300
973	194	63000	0.4	6300
974	194	67000	0.4	6700
975	195	63000	0.4	6300
976	195	71000	0.4	7100
977	195	61000	0.4	6100
978	195	65000	0.4	6500
979	195	67000	0.4	6700
980	196	67000	0.4	6700
981	196	61000	0.4	6100
982	196	63000	0.4	6300
983	196	63000	0.4	6300
984	196	61000	0.4	6100
985	197	67000	0.4	6700
986	197	61000	0.4	6100
987	197	67000	0.4	6700
988	197	67000	0.4	6700
989	197	61000	0.4	6100
990	198	61000	0.4	6100
991	198	67000	0.4	6700
992	198	63000	0.4	6300
993	198	65000	0.4	6500
994	198	63000	0.4	6300
995	199	65000	0.4	6500
996	199	63000	0.4	6300
997	199	63000	0.4	6300
998	199	65000	0.4	6500
999	199	65000	0.4	6500
1000	200	67000	0.4	6700
1001	200	63000	0.4	6300
1002	200	65000	0.4	6500
1003	200	63000	0.4	6300
1004	200	65000	0.4	6500
1005	201	71000	0.4	7100
1006	201	65000	0.4	6500
1007	201	61000	0.4	6100
1008	201	61000	0.4	6100
1009	201	65000	0.4	6500
1010	202	67000	0.4	6700
1011	202	61000	0.4	6100
1012	202	63000	0.4	6300
1013	202	67000	0.4	6700
1014	202	61000	0.4	6100
1015	203	65000	0.4	6500
1016	203	65000	0.4	6500
1017	203	65000	0.4	6500
1018	203	61000	0.4	6100
1019	203	63000	0.4	6300
1020	204	65000	0.4	6500
1021	204	61000	0.4	6100
1022	204	61000	0.4	6100
1023	204	63000	0.4	6300
1024	204	65000	0.4	6500
1025	205	71000	0.4	7100
1026	205	65000	0.4	6500
1027	205	61000	0.4	6100
1028	205	61000	0.4	6100
1029	205	63000	0.4	6300
1030	206	61000	0.4	6100
1031	206	61000	0.4	6100
1032	206	65000	0.4	6500
1033	206	67000	0.4	6700
1034	206	65000	0.4	6500
1035	207	71000	0.4	7100
1036	207	65000	0.4	6500
1037	207	71000	0.4	7100
1038	207	71000	0.4	7100
1039	207	71000	0.4	7100
1040	208	65000	0.4	6500
1041	208	71000	0.4	7100
1042	208	67000	0.4	6700
1043	208	65000	0.4	6500
1044	208	71000	0.4	7100
1045	209	61000	0.4	6100
1046	209	61000	0.4	6100
1047	209	71000	0.4	7100
1048	209	63000	0.4	6300
1049	209	63000	0.4	6300
1050	210	71000	0.4	7100
1051	210	63000	0.4	6300
1052	210	65000	0.4	6500
1053	210	65000	0.4	6500
1054	210	63000	0.4	6300
1055	211	63000	0.4	6300
1056	211	61000	0.4	6100
1057	211	61000	0.4	6100
1058	211	67000	0.4	6700
1059	211	61000	0.4	6100
1060	212	63000	0.4	6300
1061	212	61000	0.4	6100
1062	212	65000	0.4	6500
1063	212	71000	0.4	7100
1064	212	71000	0.4	7100
1065	213	63000	0.4	6300
1066	213	63000	0.4	6300
1067	213	71000	0.4	7100
1068	213	65000	0.4	6500
1069	213	63000	0.4	6300
1070	214	67000	0.4	6700
1071	214	67000	0.4	6700
1072	214	63000	0.4	6300
1073	214	71000	0.4	7100
1074	214	71000	0.4	7100
1075	215	65000	0.4	6500
1076	215	61000	0.4	6100
1077	215	65000	0.4	6500
1078	215	65000	0.4	6500
1079	215	65000	0.4	6500
1080	216	63000	0.4	6300
1081	216	65000	0.4	6500
1082	216	71000	0.4	7100
1083	216	61000	0.4	6100
1084	216	67000	0.4	6700
1085	217	65000	0.4	6500
1086	217	67000	0.4	6700
1087	217	67000	0.4	6700
1088	217	71000	0.4	7100
1089	217	61000	0.4	6100
1090	218	71000	0.4	7100
1091	218	71000	0.4	7100
1092	218	67000	0.4	6700
1093	218	61000	0.4	6100
1094	218	71000	0.4	7100
1095	219	61000	0.4	6100
1096	219	61000	0.4	6100
1097	219	67000	0.4	6700
1098	219	71000	0.4	7100
1099	219	67000	0.4	6700
1100	220	65000	0.4	6500
1101	220	67000	0.4	6700
1102	220	65000	0.4	6500
1103	220	65000	0.4	6500
1104	220	67000	0.4	6700
1105	221	61000	0.4	6100
1106	221	61000	0.4	6100
1107	221	67000	0.4	6700
1108	221	65000	0.4	6500
1109	221	67000	0.4	6700
1110	222	67000	0.4	6700
1111	222	65000	0.4	6500
1112	222	61000	0.4	6100
1113	222	65000	0.4	6500
1114	222	61000	0.4	6100
1115	223	65000	0.4	6500
1116	223	63000	0.4	6300
1117	223	61000	0.4	6100
1118	223	65000	0.4	6500
1119	223	71000	0.4	7100
1120	224	71000	0.4	7100
1121	224	71000	0.4	7100
1122	224	61000	0.4	6100
1123	224	65000	0.4	6500
1124	224	61000	0.4	6100
1125	225	65000	0.4	6500
1126	225	61000	0.4	6100
1127	225	67000	0.4	6700
1128	225	61000	0.4	6100
1129	225	67000	0.4	6700
1130	226	65000	0.4	6500
1131	226	71000	0.4	7100
1132	226	67000	0.4	6700
1133	226	61000	0.4	6100
1134	226	63000	0.4	6300
1135	227	71000	0.4	7100
1136	227	67000	0.4	6700
1137	227	63000	0.4	6300
1138	227	71000	0.4	7100
1139	227	63000	0.4	6300
1140	228	61000	0.4	6100
1141	228	65000	0.4	6500
1142	228	63000	0.4	6300
1143	228	65000	0.4	6500
1144	228	63000	0.4	6300
1145	229	63000	0.4	6300
1146	229	63000	0.4	6300
1147	229	61000	0.4	6100
1148	229	65000	0.4	6500
1149	229	71000	0.4	7100
1150	230	67000	0.4	6700
1151	230	61000	0.4	6100
1152	230	71000	0.4	7100
1153	230	63000	0.4	6300
1154	230	65000	0.4	6500
1155	231	63000	0.4	6300
1156	231	63000	0.4	6300
1157	231	63000	0.4	6300
1158	231	61000	0.4	6100
1159	231	67000	0.4	6700
1160	232	67000	0.4	6700
1161	232	61000	0.4	6100
1162	232	63000	0.4	6300
1163	232	67000	0.4	6700
1164	232	67000	0.4	6700
1165	233	71000	0.4	7100
1166	233	67000	0.4	6700
1167	233	65000	0.4	6500
1168	233	67000	0.4	6700
1169	233	63000	0.4	6300
1170	234	65000	0.4	6500
1171	234	71000	0.4	7100
1172	234	63000	0.4	6300
1173	234	61000	0.4	6100
1174	234	67000	0.4	6700
1175	235	65000	0.4	6500
1176	235	67000	0.4	6700
1177	235	61000	0.4	6100
1178	235	71000	0.4	7100
1179	235	71000	0.4	7100
1180	236	67000	0.4	6700
1181	236	63000	0.4	6300
1182	236	63000	0.4	6300
1183	236	71000	0.4	7100
1184	236	71000	0.4	7100
1185	237	61000	0.4	6100
1186	237	61000	0.4	6100
1187	237	61000	0.4	6100
1188	237	71000	0.4	7100
1189	237	65000	0.4	6500
1190	238	61000	0.4	6100
1191	238	61000	0.4	6100
1192	238	63000	0.4	6300
1193	238	63000	0.4	6300
1194	238	67000	0.4	6700
1195	239	67000	0.4	6700
1196	239	63000	0.4	6300
1197	239	71000	0.4	7100
1198	239	61000	0.4	6100
1199	239	71000	0.4	7100
1200	240	67000	0.4	6700
1201	240	61000	0.4	6100
1202	240	63000	0.4	6300
1203	240	67000	0.4	6700
1204	240	65000	0.4	6500
1205	241	67000	0.4	6700
1206	241	65000	0.4	6500
1207	241	67000	0.4	6700
1208	241	61000	0.4	6100
1209	241	67000	0.4	6700
1210	242	65000	0.4	6500
1211	242	63000	0.4	6300
1212	242	67000	0.4	6700
1213	242	67000	0.4	6700
1214	242	71000	0.4	7100
1215	243	65000	0.4	6500
1216	243	67000	0.4	6700
1217	243	63000	0.4	6300
1218	243	61000	0.4	6100
1219	243	71000	0.4	7100
1220	244	71000	0.4	7100
1221	244	63000	0.4	6300
1222	244	67000	0.4	6700
1223	244	71000	0.4	7100
1224	244	65000	0.4	6500
1225	245	67000	0.4	6700
1226	245	61000	0.4	6100
1227	245	65000	0.4	6500
1228	245	63000	0.4	6300
1229	245	65000	0.4	6500
1230	246	67000	0.4	6700
1231	246	65000	0.4	6500
1232	246	61000	0.4	6100
1233	246	71000	0.4	7100
1234	246	61000	0.4	6100
1235	247	65000	0.4	6500
1236	247	65000	0.4	6500
1237	247	65000	0.4	6500
1238	247	63000	0.4	6300
1239	247	71000	0.4	7100
1240	248	71000	0.4	7100
1241	248	67000	0.4	6700
1242	248	63000	0.4	6300
1243	248	65000	0.4	6500
1244	248	65000	0.4	6500
1245	249	71000	0.4	7100
1246	249	65000	0.4	6500
1247	249	65000	0.4	6500
1248	249	63000	0.4	6300
1249	249	71000	0.4	7100
1250	250	67000	0.4	6700
1251	250	61000	0.4	6100
1252	250	63000	0.4	6300
1253	250	67000	0.4	6700
1254	250	63000	0.4	6300
1255	251	71000	0.4	7100
1256	251	61000	0.4	6100
1257	251	71000	0.4	7100
1258	251	63000	0.4	6300
1259	251	65000	0.4	6500
1260	252	61000	0.4	6100
1261	252	67000	0.4	6700
1262	252	63000	0.4	6300
1263	252	67000	0.4	6700
1264	252	65000	0.4	6500
1265	253	67000	0.4	6700
1266	253	71000	0.4	7100
1267	253	65000	0.4	6500
1268	253	71000	0.4	7100
1269	253	63000	0.4	6300
1270	254	63000	0.4	6300
1271	254	71000	0.4	7100
1272	254	63000	0.4	6300
1273	254	65000	0.4	6500
1274	254	63000	0.4	6300
1275	255	67000	0.4	6700
1276	255	71000	0.4	7100
1277	255	67000	0.4	6700
1278	255	71000	0.4	7100
1279	255	61000	0.4	6100
1280	256	71000	0.4	7100
1281	256	71000	0.4	7100
1282	256	65000	0.4	6500
1283	256	61000	0.4	6100
1284	256	63000	0.4	6300
1285	257	67000	0.4	6700
1286	257	67000	0.4	6700
1287	257	67000	0.4	6700
1288	257	67000	0.4	6700
1289	257	63000	0.4	6300
1290	258	65000	0.4	6500
1291	258	67000	0.4	6700
1292	258	71000	0.4	7100
1293	258	67000	0.4	6700
1294	258	63000	0.4	6300
1295	259	71000	0.4	7100
1296	259	65000	0.4	6500
1297	259	71000	0.4	7100
1298	259	65000	0.4	6500
1299	259	61000	0.4	6100
1300	260	71000	0.4	7100
1301	260	63000	0.4	6300
1302	260	71000	0.4	7100
1303	260	71000	0.4	7100
1304	260	61000	0.4	6100
1305	261	65000	0.4	6500
1306	261	71000	0.4	7100
1307	261	65000	0.4	6500
1308	261	61000	0.4	6100
1309	261	67000	0.4	6700
1310	262	71000	0.4	7100
1311	262	63000	0.4	6300
1312	262	63000	0.4	6300
1313	262	67000	0.4	6700
1314	262	67000	0.4	6700
1315	263	61000	0.4	6100
1316	263	71000	0.4	7100
1317	263	65000	0.4	6500
1318	263	67000	0.4	6700
1319	263	67000	0.4	6700
1320	264	61000	0.4	6100
1321	264	63000	0.4	6300
1322	264	63000	0.4	6300
1323	264	61000	0.4	6100
1324	264	67000	0.4	6700
1325	265	63000	0.4	6300
1326	265	71000	0.4	7100
1327	265	63000	0.4	6300
1328	265	71000	0.4	7100
1329	265	71000	0.4	7100
1330	266	65000	0.4	6500
1331	266	65000	0.4	6500
1332	266	67000	0.4	6700
1333	266	63000	0.4	6300
1334	266	61000	0.4	6100
1335	267	67000	0.4	6700
1336	267	67000	0.4	6700
1337	267	63000	0.4	6300
1338	267	61000	0.4	6100
1339	267	61000	0.4	6100
1340	268	61000	0.4	6100
1341	268	65000	0.4	6500
1342	268	65000	0.4	6500
1343	268	71000	0.4	7100
1344	268	67000	0.4	6700
1345	269	65000	0.4	6500
1346	269	61000	0.4	6100
1347	269	71000	0.4	7100
1348	269	61000	0.4	6100
1349	269	71000	0.4	7100
1350	270	71000	0.4	7100
1351	270	67000	0.4	6700
1352	270	65000	0.4	6500
1353	270	63000	0.4	6300
1354	270	63000	0.4	6300
1355	271	61000	0.4	6100
1356	271	61000	0.4	6100
1357	271	67000	0.4	6700
1358	271	61000	0.4	6100
1359	271	63000	0.4	6300
1360	272	63000	0.4	6300
1361	272	63000	0.4	6300
1362	272	63000	0.4	6300
1363	272	67000	0.4	6700
1364	272	63000	0.4	6300
1365	273	63000	0.4	6300
1366	273	61000	0.4	6100
1367	273	65000	0.4	6500
1368	273	71000	0.4	7100
1369	273	63000	0.4	6300
1370	274	65000	0.4	6500
1371	274	67000	0.4	6700
1372	274	67000	0.4	6700
1373	274	71000	0.4	7100
1374	274	65000	0.4	6500
1375	275	67000	0.4	6700
1376	275	61000	0.4	6100
1377	275	63000	0.4	6300
1378	275	63000	0.4	6300
1379	275	71000	0.4	7100
1380	276	67000	0.4	6700
1381	276	67000	0.4	6700
1382	276	71000	0.4	7100
1383	276	65000	0.4	6500
1384	276	65000	0.4	6500
1385	277	63000	0.4	6300
1386	277	67000	0.4	6700
1387	277	71000	0.4	7100
1388	277	63000	0.4	6300
1389	277	65000	0.4	6500
1390	278	63000	0.4	6300
1391	278	65000	0.4	6500
1392	278	61000	0.4	6100
1393	278	67000	0.4	6700
1394	278	67000	0.4	6700
1395	279	65000	0.4	6500
1396	279	61000	0.4	6100
1397	279	71000	0.4	7100
1398	279	65000	0.4	6500
1399	279	67000	0.4	6700
1400	280	67000	0.4	6700
1401	280	65000	0.4	6500
1402	280	65000	0.4	6500
1403	280	71000	0.4	7100
1404	280	63000	0.4	6300
1405	281	65000	0.4	6500
1406	281	63000	0.4	6300
1407	281	63000	0.4	6300
1408	281	71000	0.4	7100
1409	281	71000	0.4	7100
1410	282	71000	0.4	7100
1411	282	71000	0.4	7100
1412	282	65000	0.4	6500
1413	282	65000	0.4	6500
1414	282	67000	0.4	6700
1415	283	63000	0.4	6300
1416	283	63000	0.4	6300
1417	283	65000	0.4	6500
1418	283	61000	0.4	6100
1419	283	71000	0.4	7100
1420	284	63000	0.4	6300
1421	284	65000	0.4	6500
1422	284	71000	0.4	7100
1423	284	71000	0.4	7100
1424	284	61000	0.4	6100
1425	285	63000	0.4	6300
1426	285	61000	0.4	6100
1427	285	61000	0.4	6100
1428	285	63000	0.4	6300
1429	285	63000	0.4	6300
1430	286	67000	0.4	6700
1431	286	65000	0.4	6500
1432	286	61000	0.4	6100
1433	286	63000	0.4	6300
1434	286	65000	0.4	6500
1435	287	63000	0.4	6300
1436	287	63000	0.4	6300
1437	287	65000	0.4	6500
1438	287	71000	0.4	7100
1439	287	71000	0.4	7100
1440	288	65000	0.4	6500
1441	288	65000	0.4	6500
1442	288	71000	0.4	7100
1443	288	67000	0.4	6700
1444	288	61000	0.4	6100
1445	289	65000	0.4	6500
1446	289	61000	0.4	6100
1447	289	63000	0.4	6300
1448	289	65000	0.4	6500
1449	289	61000	0.4	6100
1450	290	63000	0.4	6300
1451	290	65000	0.4	6500
1452	290	61000	0.4	6100
1453	290	61000	0.4	6100
1454	290	65000	0.4	6500
1455	291	71000	0.4	7100
1456	291	71000	0.4	7100
1457	291	67000	0.4	6700
1458	291	65000	0.4	6500
1459	291	63000	0.4	6300
1460	292	61000	0.4	6100
1461	292	61000	0.4	6100
1462	292	71000	0.4	7100
1463	292	67000	0.4	6700
1464	292	65000	0.4	6500
1465	293	65000	0.4	6500
1466	293	71000	0.4	7100
1467	293	63000	0.4	6300
1468	293	61000	0.4	6100
1469	293	63000	0.4	6300
1470	294	61000	0.4	6100
1471	294	65000	0.4	6500
1472	294	71000	0.4	7100
1473	294	67000	0.4	6700
1474	294	67000	0.4	6700
1475	295	71000	0.4	7100
1476	295	63000	0.4	6300
1477	295	71000	0.4	7100
1478	295	71000	0.4	7100
1479	295	71000	0.4	7100
1480	296	63000	0.4	6300
1481	296	67000	0.4	6700
1482	296	63000	0.4	6300
1483	296	71000	0.4	7100
1484	296	61000	0.4	6100
1485	297	63000	0.4	6300
1486	297	67000	0.4	6700
1487	297	71000	0.4	7100
1488	297	71000	0.4	7100
1489	297	61000	0.4	6100
1490	298	61000	0.4	6100
1491	298	67000	0.4	6700
1492	298	63000	0.4	6300
1493	298	65000	0.4	6500
1494	298	65000	0.4	6500
1495	299	71000	0.4	7100
1496	299	65000	0.4	6500
1497	299	67000	0.4	6700
1498	299	63000	0.4	6300
1499	299	61000	0.4	6100
1500	300	71000	0.4	7100
1501	300	71000	0.4	7100
1502	300	61000	0.4	6100
1503	300	67000	0.4	6700
1504	300	61000	0.4	6100
1505	301	67000	0.4	6700
1506	301	61000	0.4	6100
1507	301	71000	0.4	7100
1508	301	71000	0.4	7100
1509	301	65000	0.4	6500
1510	302	71000	0.4	7100
1511	302	65000	0.4	6500
1512	302	63000	0.4	6300
1513	302	67000	0.4	6700
1514	302	67000	0.4	6700
1515	303	67000	0.4	6700
1516	303	65000	0.4	6500
1517	303	63000	0.4	6300
1518	303	67000	0.4	6700
1519	303	65000	0.4	6500
1520	304	61000	0.4	6100
1521	304	67000	0.4	6700
1522	304	63000	0.4	6300
1523	304	71000	0.4	7100
1524	304	63000	0.4	6300
1525	305	63000	0.4	6300
1526	305	65000	0.4	6500
1527	305	67000	0.4	6700
1528	305	67000	0.4	6700
1529	305	63000	0.4	6300
1530	306	67000	0.4	6700
1531	306	61000	0.4	6100
1532	306	67000	0.4	6700
1533	306	67000	0.4	6700
1534	306	61000	0.4	6100
1535	307	63000	0.4	6300
1536	307	65000	0.4	6500
1537	307	67000	0.4	6700
1538	307	67000	0.4	6700
1539	307	71000	0.4	7100
1540	308	65000	0.4	6500
1541	308	63000	0.4	6300
1542	308	67000	0.4	6700
1543	308	63000	0.4	6300
1544	308	71000	0.4	7100
1545	309	65000	0.4	6500
1546	309	71000	0.4	7100
1547	309	67000	0.4	6700
1548	309	63000	0.4	6300
1549	309	65000	0.4	6500
1550	310	67000	0.4	6700
1551	310	61000	0.4	6100
1552	310	65000	0.4	6500
1553	310	67000	0.4	6700
1554	310	65000	0.4	6500
1555	311	65000	0.4	6500
1556	311	71000	0.4	7100
1557	311	63000	0.4	6300
1558	311	65000	0.4	6500
1559	311	65000	0.4	6500
1560	312	71000	0.4	7100
1561	312	65000	0.4	6500
1562	312	63000	0.4	6300
1563	312	63000	0.4	6300
1564	312	61000	0.4	6100
1565	313	63000	0.4	6300
1566	313	61000	0.4	6100
1567	313	63000	0.4	6300
1568	313	67000	0.4	6700
1569	313	61000	0.4	6100
1570	314	61000	0.4	6100
1571	314	61000	0.4	6100
1572	314	63000	0.4	6300
1573	314	61000	0.4	6100
1574	314	63000	0.4	6300
1575	315	67000	0.4	6700
1576	315	67000	0.4	6700
1577	315	71000	0.4	7100
1578	315	67000	0.4	6700
1579	315	71000	0.4	7100
1580	316	63000	0.4	6300
1581	316	63000	0.4	6300
1582	316	65000	0.4	6500
1583	316	63000	0.4	6300
1584	316	67000	0.4	6700
1585	317	67000	0.4	6700
1586	317	67000	0.4	6700
1587	317	63000	0.4	6300
1588	317	63000	0.4	6300
1589	317	65000	0.4	6500
1590	318	61000	0.4	6100
1591	318	63000	0.4	6300
1592	318	63000	0.4	6300
1593	318	63000	0.4	6300
1594	318	61000	0.4	6100
1595	319	71000	0.4	7100
1596	319	63000	0.4	6300
1597	319	71000	0.4	7100
1598	319	71000	0.4	7100
1599	319	67000	0.4	6700
1600	320	67000	0.4	6700
1601	320	67000	0.4	6700
1602	320	63000	0.4	6300
1603	320	71000	0.4	7100
1604	320	71000	0.4	7100
1605	321	61000	0.4	6100
1606	321	61000	0.4	6100
1607	321	63000	0.4	6300
1608	321	61000	0.4	6100
1609	321	61000	0.4	6100
1610	322	71000	0.4	7100
1611	322	65000	0.4	6500
1612	322	67000	0.4	6700
1613	322	65000	0.4	6500
1614	322	65000	0.4	6500
1615	323	71000	0.4	7100
1616	323	63000	0.4	6300
1617	323	63000	0.4	6300
1618	323	67000	0.4	6700
1619	323	67000	0.4	6700
1620	324	67000	0.4	6700
1621	324	71000	0.4	7100
1622	324	71000	0.4	7100
1623	324	71000	0.4	7100
1624	324	61000	0.4	6100
1625	325	71000	0.4	7100
1626	325	61000	0.4	6100
1627	325	65000	0.4	6500
1628	325	67000	0.4	6700
1629	325	67000	0.4	6700
1630	326	67000	0.4	6700
1631	326	71000	0.4	7100
1632	326	63000	0.4	6300
1633	326	67000	0.4	6700
1634	326	71000	0.4	7100
1635	327	71000	0.4	7100
1636	327	63000	0.4	6300
1637	327	67000	0.4	6700
1638	327	71000	0.4	7100
1639	327	61000	0.4	6100
1640	328	63000	0.4	6300
1641	328	71000	0.4	7100
1642	328	67000	0.4	6700
1643	328	63000	0.4	6300
1644	328	63000	0.4	6300
1645	329	61000	0.4	6100
1646	329	65000	0.4	6500
1647	329	65000	0.4	6500
1648	329	71000	0.4	7100
1649	329	61000	0.4	6100
1650	330	61000	0.4	6100
1651	330	65000	0.4	6500
1652	330	61000	0.4	6100
1653	330	71000	0.4	7100
1654	330	61000	0.4	6100
1655	331	71000	0.4	7100
1656	331	65000	0.4	6500
1657	331	61000	0.4	6100
1658	331	63000	0.4	6300
1659	331	63000	0.4	6300
1660	332	67000	0.4	6700
1661	332	67000	0.4	6700
1662	332	67000	0.4	6700
1663	332	61000	0.4	6100
1664	332	67000	0.4	6700
1665	333	67000	0.4	6700
1666	333	65000	0.4	6500
1667	333	63000	0.4	6300
1668	333	71000	0.4	7100
1669	333	61000	0.4	6100
1670	334	61000	0.4	6100
1671	334	63000	0.4	6300
1672	334	63000	0.4	6300
1673	334	61000	0.4	6100
1674	334	71000	0.4	7100
1675	335	71000	0.4	7100
1676	335	71000	0.4	7100
1677	335	65000	0.4	6500
1678	335	71000	0.4	7100
1679	335	61000	0.4	6100
1680	336	61000	0.4	6100
1681	336	65000	0.4	6500
1682	336	67000	0.4	6700
1683	336	71000	0.4	7100
1684	336	63000	0.4	6300
1685	337	71000	0.4	7100
1686	337	61000	0.4	6100
1687	337	71000	0.4	7100
1688	337	67000	0.4	6700
1689	337	61000	0.4	6100
1690	338	71000	0.4	7100
1691	338	65000	0.4	6500
1692	338	61000	0.4	6100
1693	338	63000	0.4	6300
1694	338	71000	0.4	7100
1695	339	63000	0.4	6300
1696	339	63000	0.4	6300
1697	339	65000	0.4	6500
1698	339	61000	0.4	6100
1699	339	65000	0.4	6500
1700	340	71000	0.4	7100
1701	340	63000	0.4	6300
1702	340	65000	0.4	6500
1703	340	61000	0.4	6100
1704	340	71000	0.4	7100
1705	341	67000	0.4	6700
1706	341	65000	0.4	6500
1707	341	71000	0.4	7100
1708	341	67000	0.4	6700
1709	341	61000	0.4	6100
1710	342	63000	0.4	6300
1711	342	63000	0.4	6300
1712	342	65000	0.4	6500
1713	342	67000	0.4	6700
1714	342	67000	0.4	6700
1715	343	71000	0.4	7100
1716	343	63000	0.4	6300
1717	343	65000	0.4	6500
1718	343	67000	0.4	6700
1719	343	63000	0.4	6300
1720	344	71000	0.4	7100
1721	344	65000	0.4	6500
1722	344	61000	0.4	6100
1723	344	65000	0.4	6500
1724	344	65000	0.4	6500
1725	345	61000	0.4	6100
1726	345	61000	0.4	6100
1727	345	71000	0.4	7100
1728	345	65000	0.4	6500
1729	345	61000	0.4	6100
1730	346	71000	0.4	7100
1731	346	67000	0.4	6700
1732	346	63000	0.4	6300
1733	346	71000	0.4	7100
1734	346	61000	0.4	6100
1735	347	71000	0.4	7100
1736	347	65000	0.4	6500
1737	347	65000	0.4	6500
1738	347	71000	0.4	7100
1739	347	71000	0.4	7100
1740	348	63000	0.4	6300
1741	348	63000	0.4	6300
1742	348	65000	0.4	6500
1743	348	71000	0.4	7100
1744	348	65000	0.4	6500
1745	349	67000	0.4	6700
1746	349	61000	0.4	6100
1747	349	67000	0.4	6700
1748	349	65000	0.4	6500
1749	349	65000	0.4	6500
1750	350	63000	0.4	6300
1751	350	65000	0.4	6500
1752	350	63000	0.4	6300
1753	350	63000	0.4	6300
1754	350	63000	0.4	6300
1755	351	71000	0.4	7100
1756	351	71000	0.4	7100
1757	351	65000	0.4	6500
1758	351	67000	0.4	6700
1759	351	65000	0.4	6500
1760	352	71000	0.4	7100
1761	352	71000	0.4	7100
1762	352	71000	0.4	7100
1763	352	67000	0.4	6700
1764	352	65000	0.4	6500
1765	353	61000	0.4	6100
1766	353	67000	0.4	6700
1767	353	63000	0.4	6300
1768	353	71000	0.4	7100
1769	353	63000	0.4	6300
1770	354	67000	0.4	6700
1771	354	61000	0.4	6100
1772	354	63000	0.4	6300
1773	354	65000	0.4	6500
1774	354	65000	0.4	6500
1775	355	67000	0.4	6700
1776	355	67000	0.4	6700
1777	355	67000	0.4	6700
1778	355	63000	0.4	6300
1779	355	63000	0.4	6300
1780	356	71000	0.4	7100
1781	356	63000	0.4	6300
1782	356	65000	0.4	6500
1783	356	71000	0.4	7100
1784	356	63000	0.4	6300
1785	357	61000	0.4	6100
1786	357	61000	0.4	6100
1787	357	71000	0.4	7100
1788	357	63000	0.4	6300
1789	357	67000	0.4	6700
1790	358	71000	0.4	7100
1791	358	71000	0.4	7100
1792	358	63000	0.4	6300
1793	358	71000	0.4	7100
1794	358	61000	0.4	6100
1795	359	71000	0.4	7100
1796	359	65000	0.4	6500
1797	359	67000	0.4	6700
1798	359	65000	0.4	6500
1799	359	67000	0.4	6700
1800	360	67000	0.4	6700
1801	360	71000	0.4	7100
1802	360	61000	0.4	6100
1803	360	67000	0.4	6700
1804	360	63000	0.4	6300
1805	361	61000	0.4	6100
1806	361	67000	0.4	6700
1807	361	65000	0.4	6500
1808	361	61000	0.4	6100
1809	361	71000	0.4	7100
1810	362	65000	0.4	6500
1811	362	67000	0.4	6700
1812	362	71000	0.4	7100
1813	362	63000	0.4	6300
1814	362	67000	0.4	6700
1815	363	63000	0.4	6300
1816	363	67000	0.4	6700
1817	363	65000	0.4	6500
1818	363	71000	0.4	7100
1819	363	71000	0.4	7100
1820	364	65000	0.4	6500
1821	364	71000	0.4	7100
1822	364	65000	0.4	6500
1823	364	63000	0.4	6300
1824	364	61000	0.4	6100
1825	365	67000	0.4	6700
1826	365	67000	0.4	6700
1827	365	67000	0.4	6700
1828	365	65000	0.4	6500
1829	365	71000	0.4	7100
1830	366	67000	0.4	6700
1831	366	67000	0.4	6700
1832	366	71000	0.4	7100
1833	366	67000	0.4	6700
1834	366	61000	0.4	6100
1835	367	63000	0.4	6300
1836	367	63000	0.4	6300
1837	367	63000	0.4	6300
1838	367	67000	0.4	6700
1839	367	63000	0.4	6300
1840	368	65000	0.4	6500
1841	368	63000	0.4	6300
1842	368	71000	0.4	7100
1843	368	71000	0.4	7100
1844	368	71000	0.4	7100
1845	369	65000	0.4	6500
1846	369	65000	0.4	6500
1847	369	61000	0.4	6100
1848	369	71000	0.4	7100
1849	369	67000	0.4	6700
1850	370	65000	0.4	6500
1851	370	61000	0.4	6100
1852	370	63000	0.4	6300
1853	370	71000	0.4	7100
1854	370	61000	0.4	6100
1855	371	61000	0.4	6100
1856	371	67000	0.4	6700
1857	371	71000	0.4	7100
1858	371	61000	0.4	6100
1859	371	61000	0.4	6100
1860	372	61000	0.4	6100
1861	372	61000	0.4	6100
1862	372	63000	0.4	6300
1863	372	65000	0.4	6500
1864	372	61000	0.4	6100
1865	373	71000	0.4	7100
1866	373	67000	0.4	6700
1867	373	61000	0.4	6100
1868	373	67000	0.4	6700
1869	373	63000	0.4	6300
1870	374	65000	0.4	6500
1871	374	67000	0.4	6700
1872	374	71000	0.4	7100
1873	374	65000	0.4	6500
1874	374	65000	0.4	6500
1875	375	71000	0.4	7100
1876	375	65000	0.4	6500
1877	375	65000	0.4	6500
1878	375	61000	0.4	6100
1879	375	65000	0.4	6500
1880	376	61000	0.4	6100
1881	376	61000	0.4	6100
1882	376	71000	0.4	7100
1883	376	65000	0.4	6500
1884	376	67000	0.4	6700
1885	377	67000	0.4	6700
1886	377	63000	0.4	6300
1887	377	67000	0.4	6700
1888	377	63000	0.4	6300
1889	377	67000	0.4	6700
1890	378	63000	0.4	6300
1891	378	67000	0.4	6700
1892	378	67000	0.4	6700
1893	378	61000	0.4	6100
1894	378	65000	0.4	6500
1895	379	71000	0.4	7100
1896	379	63000	0.4	6300
1897	379	61000	0.4	6100
1898	379	67000	0.4	6700
1899	379	63000	0.4	6300
1900	380	63000	0.4	6300
1901	380	63000	0.4	6300
1902	380	71000	0.4	7100
1903	380	71000	0.4	7100
1904	380	63000	0.4	6300
1905	381	61000	0.4	6100
1906	381	61000	0.4	6100
1907	381	63000	0.4	6300
1908	381	63000	0.4	6300
1909	381	63000	0.4	6300
1910	382	65000	0.4	6500
1911	382	63000	0.4	6300
1912	382	65000	0.4	6500
1913	382	71000	0.4	7100
1914	382	63000	0.4	6300
1915	383	71000	0.4	7100
1916	383	71000	0.4	7100
1917	383	61000	0.4	6100
1918	383	67000	0.4	6700
1919	383	67000	0.4	6700
1920	384	61000	0.4	6100
1921	384	61000	0.4	6100
1922	384	63000	0.4	6300
1923	384	71000	0.4	7100
1924	384	63000	0.4	6300
1925	385	63000	0.4	6300
1926	385	63000	0.4	6300
1927	385	71000	0.4	7100
1928	385	65000	0.4	6500
1929	385	63000	0.4	6300
1930	386	67000	0.4	6700
1931	386	61000	0.4	6100
1932	386	67000	0.4	6700
1933	386	67000	0.4	6700
1934	386	67000	0.4	6700
1935	387	67000	0.4	6700
1936	387	61000	0.4	6100
1937	387	71000	0.4	7100
1938	387	63000	0.4	6300
1939	387	65000	0.4	6500
1940	388	67000	0.4	6700
1941	388	63000	0.4	6300
1942	388	65000	0.4	6500
1943	388	65000	0.4	6500
1944	388	67000	0.4	6700
1945	389	67000	0.4	6700
1946	389	61000	0.4	6100
1947	389	67000	0.4	6700
1948	389	61000	0.4	6100
1949	389	61000	0.4	6100
1950	390	67000	0.4	6700
1951	390	63000	0.4	6300
1952	390	67000	0.4	6700
1953	390	63000	0.4	6300
1954	390	63000	0.4	6300
1955	391	65000	0.4	6500
1956	391	63000	0.4	6300
1957	391	61000	0.4	6100
1958	391	63000	0.4	6300
1959	391	71000	0.4	7100
1960	392	61000	0.4	6100
1961	392	61000	0.4	6100
1962	392	65000	0.4	6500
1963	392	67000	0.4	6700
1964	392	61000	0.4	6100
1965	393	67000	0.4	6700
1966	393	61000	0.4	6100
1967	393	63000	0.4	6300
1968	393	67000	0.4	6700
1969	393	65000	0.4	6500
1970	394	71000	0.4	7100
1971	394	67000	0.4	6700
1972	394	63000	0.4	6300
1973	394	61000	0.4	6100
1974	394	63000	0.4	6300
1975	395	65000	0.4	6500
1976	395	61000	0.4	6100
1977	395	67000	0.4	6700
1978	395	63000	0.4	6300
1979	395	67000	0.4	6700
1980	396	61000	0.4	6100
1981	396	67000	0.4	6700
1982	396	61000	0.4	6100
1983	396	67000	0.4	6700
1984	396	65000	0.4	6500
1985	397	65000	0.4	6500
1986	397	71000	0.4	7100
1987	397	61000	0.4	6100
1988	397	71000	0.4	7100
1989	397	61000	0.4	6100
1990	398	67000	0.4	6700
1991	398	61000	0.4	6100
1992	398	71000	0.4	7100
1993	398	63000	0.4	6300
1994	398	65000	0.4	6500
1995	399	63000	0.4	6300
1996	399	61000	0.4	6100
1997	399	67000	0.4	6700
1998	399	63000	0.4	6300
1999	399	63000	0.4	6300
