219.57471264367814	0.6	11.9	1
637.7241379310344	0.6	11.9	1
1266.0676132521974	0.6	11.5	1
2108.9858012170384	0.6	11.9	1
3169.1690331304935	0.6	12.1	1
4435.855983772819	0.6	11.3	1
5924.807978363759	0.6	12.1	1
7624.954022988505	0.6	11.5	1
9532.603786342122	0.6	11.3	1
11641.757268424612	0.6	11.3	1
13965.485463150777	0.6	11.9	1
16499.098039215685	0.6	11.7	1
19248.285327924274	0.6	11.9	1
22218.737660581475	0.6	12.1	1
25406.764705882353	0.6	11.9	1
28802.295469912104	0.6	11.3	1
32403.02028397566	0.6	11.5	1
36217.62947937796	0.6	11.7	1
40253.503718728876	0.6	12.1	1
44504.26233941853	0.6	11.7	1
48966.90534144692	0.6	11.7	1
53639.74239350913	0.6	11.5	1
58530.15415821501	0.6	11.9	1
63639.14063556457	0.6	11.9	1
68954.01149425287	0.6	11.7	1
74487.45706558485	0.6	11.9	1
80214.4063556457	0.6	11.3	1
86156.24002704529	0.6	11.7	1
