20.006722957142856	0.4	7.5	1
53.34677924761905	0.6	12.5	1
74.9535022047619	0.4	8.1	1
94.96022516190476	0.4	7.5	1
128.30028145238094	0.6	12.5	1
148.84033774285714	0.4	7.7	1
202.18711699047606	0.6	12.3	1
238.19383994761893	0.6	13.5	1
259.80056290476176	0.4	8.1	1
281.4072858619046	0.4	8.1	1
301.94734215238077	0.4	7.7	1
335.8207317761903	0.6	12.7	1
389.7008443571423	0.4	7.5	1
424.1075673142851	0.6	12.9	1
456.914290271428	0.6	12.3	1
489.7210132285709	0.6	12.3	1
524.1277361857137	0.6	12.9	1
545.2011258095232	0.4	7.9	1
565.2078487666661	0.4	7.5	1
619.0879613476188	0.6	12.7	1
639.0946843047617	0.4	7.5	1
679.1081302190478	0.4	7.5	1
715.1148531761906	0.6	13.5	1
749.5215761333335	0.6	12.9	1
770.0616324238097	0.4	7.7	1
803.9350220476192	0.6	12.7	1
871.6818012952378	0.6	12.7	1
959.9686368333322	0.4	7.7	1
1069.8621953285692	0.4	8.1	1
1213.6291434476157	0.6	12.7	1
1235.2358664047586	0.4	8.1	1
1255.7759226952348	0.4	7.7	1
1309.6560352761871	0.6	12.5	1
1383.5428708142822	0.4	7.5	1
1478.5030959761873	0.4	7.9	1
1606.8033774285689	0.6	12.5	1
1642.8101003857116	0.6	13.5	1
1675.6168233428546	0.6	12.3	1
1708.4235462999975	0.6	12.3	1
1741.2302692571404	0.6	12.3	1
1777.2369922142832	0.6	13.5	1
1797.243715171426	0.4	7.5	1
1833.2504381285687	0.6	13.5	1
1853.790494419045	0.4	7.7	1
1908.737273666664	0.6	12.9	1
1997.024109204759	0.6	12.5	1
2106.917667699996	0.4	8.1	1
2237.884615819043	0.4	7.9	1
2290.4582868952325	0.4	8.1	1
2363.572014261899	0.4	7.7	1
2469.492464585708	0.6	12.3	1
2609.2863045333265	0.6	12.7	1
2785.086867438088	0.6	13.5	1
2895.294153299993	0.6	12.9	1
2939.9081621190408	0.6	12.9	1
3017.8622272285647	0.6	12.5	1
3128.6230152952307	0.6	12.3	1
3272.7238596523725	0.6	12.5	1
3450.698093633323	0.6	12.7	1
3485.104816590466	0.6	12.9	1
3541.651595838085	0.4	8.3	1
3634.205098042847	0.6	13.5	1
3761.1653232047524	0.6	12.9	1
3909.198937990467	0.4	7.9	1
