18.675022003571428	0.4	8.3	1
46.80004400714286	0.6	12.5	1
74.92506601071429	0.6	12.5	1
102.60008801428572	0.6	12.3	1
130.72511001785716	0.6	12.5	1
149.4001320214286	0.4	8.3	1
166.72515402500002	0.4	7.7	1
184.50017602857145	0.4	7.9	1
213.52519803214287	0.6	12.9	1
241.6502200357143	0.6	12.5	1
259.87524203928575	0.4	8.1	1
278.1002640428572	0.4	8.1	1
307.12528604642864	0.6	12.9	1
325.80030805000007	0.4	8.3	1
373.0503520571425	0.6	12.7	1
390.3753740607139	0.4	7.7	1
426.3754180678569	0.4	8.3	1
454.9504400714283	0.6	12.7	1
473.17546207499976	0.4	8.1	1
508.7255060821424	0.4	7.7	1
526.9505280857138	0.4	8.1	1
543.8255500892852	0.4	7.5	1
574.2005720928566	0.6	13.5	1
602.3255940964281	0.6	12.5	1
649.1256381035703	0.4	8.3	1
723.6007041142846	0.6	12.3	1
752.175726117856	0.6	12.7	1
780.7507481214275	0.6	12.7	1
811.1257701249989	0.6	13.5	1
870.0758141321412	0.6	12.7	1
888.3008361357126	0.4	8.1	1
916.8758581392841	0.6	12.7	1
933.7508801428555	0.4	7.5	1
962.325902146427	0.6	12.7	1
992.7009241499984	0.6	13.5	1
1020.8259461535698	0.6	12.5	1
1038.1509681571413	0.4	7.7	1
1068.5259901607128	0.6	13.5	1
1116.226034167855	0.4	7.7	1
1134.4510561714264	0.4	8.1	1
1162.126078174998	0.6	12.3	1
1191.1511001785693	0.6	12.9	1
1220.1761221821407	0.6	12.9	1
1238.4011441857122	0.4	8.1	1
1257.0761661892836	0.4	8.3	1
1274.401188192855	0.4	7.7	1
1292.1762101964264	0.4	7.9	1
1327.72625420357	0.4	7.9	1
1355.8512762071416	0.6	12.5	1
1372.7262982107131	0.4	7.5	1
1401.7513202142845	0.6	12.9	1
1418.626342217856	0.4	7.5	1
1446.3013642214275	0.6	12.3	1
1464.076386224999	0.4	7.9	1
1482.3014082285704	0.4	8.1	1
1500.9764302321419	0.4	8.3	1
1519.6514522357134	0.4	8.3	1
1547.3264742392848	0.6	12.3	1
1564.6514962428562	0.4	7.7	1
1581.5265182464277	0.4	7.5	1
1609.6515402499992	0.6	12.5	1
1637.3265622535707	0.6	12.3	1
1654.2015842571423	0.4	7.5	1
1699.2016282642865	0.6	12.5	1
1727.326650267858	0.6	12.5	1
1783.5766942750022	0.6	12.5	1
1801.3517162785736	0.4	7.9	1
1831.726738282145	0.6	13.5	1
1850.4017602857166	0.4	8.3	1
1880.7767822892881	0.6	13.5	1
1908.4518042928596	0.6	12.3	1
1954.351848300003	0.4	8.1	1
1982.9268703035743	0.6	12.7	1
2011.9518923071457	0.6	12.9	1
2029.7269143107171	0.4	7.9	1
2064.376958317859	0.4	7.5	1
2083.0519803214306	0.4	8.3	1
2112.077002325002	0.6	12.9	1
2129.8520243285734	0.4	7.9	1
2164.502068335715	0.4	7.5	1
2192.1770903392867	0.6	12.3	1
2220.7521123428583	0.6	12.7	1
2277.0021563499995	0.6	12.3	1
2305.127178353571	0.6	12.5	1
2334.152200357142	0.6	12.9	1
2351.4772223607138	0.4	7.7	1
