19.761360326984125	0.6	12.7	1
31.744942876190475	0.4	7.7	1
51.19519209206349	0.6	12.5	1
70.64544130793651	0.6	12.5	1
83.56235719047619	0.4	8.3	1
103.63482862857143	0.6	12.9	1
116.55174451111111	0.4	8.3	1
128.22421594920635	0.4	7.5	1
140.5189096095238	0.4	7.9	1
152.50249215873015	0.4	7.7	1
164.1749635968254	0.4	7.5	1
175.84743503492064	0.4	7.5	1
188.45323980634922	0.4	8.1	1
200.74793346666667	0.4	7.9	1
220.19818268253968	0.6	12.5	1
241.20398745396824	0.6	13.5	1
253.4986811142857	0.4	7.9	1
265.17115255238093	0.4	7.5	1
278.0880684349206	0.4	8.3	1
298.16053987301586	0.6	12.9	1
317.9219002	0.6	12.7	1
337.99437163809523	0.6	12.9	1
370.3615367365085	0.4	7.9	1
382.9673415079371	0.4	8.1	1
395.57314627936563	0.4	8.1	1
408.1789510507942	0.4	8.1	1
419.8514224888894	0.4	7.5	1
440.857227260318	0.6	13.5	1
453.46303203174654	0.4	8.1	1
472.60217013650845	0.6	12.3	1
484.27464157460366	0.4	7.5	1
503.4137796793656	0.6	12.3	1
523.1751400063497	0.6	12.7	1
563.942305104762	0.6	13.5	1
624.1597194190471	0.6	12.5	1
644.2321908571423	0.6	12.9	1
655.9046622952376	0.4	7.5	1
667.888244844444	0.4	7.7	1
688.8940496158725	0.6	13.5	1
729.9723258253961	0.6	12.9	1
750.9781305968246	0.6	13.5	1
784.5897401396815	0.4	8.1	1
804.3511004666656	0.6	12.7	1
817.2680163492053	0.4	8.3	1
850.2574036698394	0.6	12.9	1
862.2409862190458	0.4	7.7	1
874.5356798793632	0.4	7.9	1
886.2081513174585	0.4	7.5	1
898.813956088887	0.4	8.1	1
924.0255656317443	0.4	8.1	1
936.3202592920617	0.4	7.9	1
968.6874243904754	0.6	12.9	1
980.9821180507928	0.4	7.9	1
1013.0381720380954	0.6	12.7	1
1032.4884212539685	0.6	12.5	1
1052.2497815809527	0.6	12.7	1
1064.233364130159	0.4	7.7	1
1083.6836133460322	0.6	12.5	1
1103.1338625619053	0.6	12.5	1
1122.2730006666673	0.6	12.3	1
1134.2565832158737	0.4	7.7	1
1166.3126372031734	0.6	12.9	1
1218.441162628569	0.6	12.9	1
1230.7358562888865	0.4	7.9	1
1243.030549949204	0.4	7.9	1
1276.331048380951	0.6	13.5	1
1288.6257420412685	0.4	7.9	1
1320.992907139682	0.6	12.9	1
1366.276988120636	0.4	8.3	1
1377.9494595587312	0.4	7.5	1
1390.866375441271	0.4	8.3	1
1415.4557627619051	0.4	7.5	1
1434.9060119777782	0.6	12.5	1
1455.9118167492068	0.6	13.5	1
1468.5176215206354	0.4	8.1	1
1480.1900929587307	0.4	7.5	1
1511.9350358349202	0.6	12.9	1
1531.6963961619044	0.6	12.7	1
1544.6133120444442	0.4	8.3	1
1564.6857834825394	0.6	12.9	1
1604.8307263587303	0.6	12.9	1
1617.1254200190479	0.4	7.9	1
1638.1312247904764	0.6	13.5	1
1650.425918450794	0.4	7.9	1
1683.726416882541	0.6	13.5	1
1695.7099994317473	0.4	7.7	1
1727.143831196825	0.6	12.5	1
1739.1274137460314	0.4	7.7	1
1763.4056899555535	0.4	7.9	1
1782.8559391714266	0.6	12.5	1
1802.9284106095217	0.6	12.9	1
1822.3786598253948	0.6	12.5	1
1862.834713812695	0.6	13.5	1
1916.2076836825368	0.4	8.3	1
1928.5023773428543	0.4	7.9	1
1940.1748487809496	0.4	7.5	1
1952.7806535523782	0.4	8.1	1
1986.3922630952354	0.6	13.5	1
1998.998067866664	0.4	8.1	1
2018.4483170825372	0.6	12.5	1
2050.8154821809485	0.4	8.3	1
2062.4879536190438	0.4	7.5	1
2086.766229828567	0.4	8.1	1
2099.3720345999955	0.4	8.1	1
2124.2725330317417	0.4	7.9	1
2136.567226692059	0.4	7.9	1
2148.8619203523767	0.4	7.9	1
2169.8677251238055	0.6	13.5	1
2182.7846410063453	0.4	8.3	1
2195.701556888885	0.4	8.3	1
2207.9962505492026	0.4	7.9	1
2232.8967489809497	0.4	8.1	1
2252.969220419045	0.6	12.9	1
2272.419469634918	0.6	12.5	1
2292.1808299619024	0.6	12.7	1
2332.0146617269834	0.6	12.9	1
2344.931577609523	0.4	8.3	1
2365.937382380952	0.6	13.5	1
2406.7045474793663	0.6	12.7	1
2418.999241139684	0.4	7.9	1
2439.071712577779	0.6	12.9	1
2460.077517349208	0.6	13.5	1
2479.527766565081	0.6	12.5	1
2500.53357133651	0.6	13.5	1
2512.8282649968273	0.4	7.9	1
2537.106541206352	0.4	7.7	1
2549.4012348666697	0.4	7.9	1
2573.6795110761946	0.4	7.7	1
2593.440871403179	0.6	12.7	1
2625.185814279371	0.4	7.7	1
2676.381006371434	0.6	12.5	1
2696.1423666984183	0.6	12.7	1
2709.059282580958	0.4	8.3	1
2729.1317540190535	0.6	12.9	1
2769.2766968952446	0.6	12.9	1
2788.4158350000066	0.6	12.3	1
2800.399417549213	0.4	7.7	1
2813.0052223206417	0.4	8.1	1
2844.7501651968323	0.6	12.3	1
2863.8893033015943	0.6	12.3	1
2895.012023955562	0.4	7.7	1
2915.0844953936576	0.6	12.9	1
2928.0014112761974	0.4	8.3	1
2939.6738827142926	0.4	7.5	1
2951.346354152388	0.4	7.5	1
2970.48549225715	0.6	12.3	1
2989.624630361912	0.6	12.3	1
3028.5251287936576	0.6	12.7	1
3047.9753780095307	0.6	12.5	1
3086.8758764412755	0.6	12.5	1
3099.7927923238153	0.4	8.3	1
3131.848846311116	0.6	12.3	1
3143.8324288603226	0.4	7.7	1
3174.955149514289	0.6	12.3	1
3186.6276209523844	0.4	7.5	1
3199.544536834924	0.4	8.3	1
3212.461452717464	0.4	8.3	1
3225.378368600004	0.4	8.3	1
3245.450840038099	0.6	12.9	1
3265.2122003650834	0.6	12.7	1
3284.9735606920676	0.6	12.7	1
3304.1126987968296	0.6	12.3	1
3334.9243083396864	0.4	7.5	1
3385.8083893206376	0.6	12.9	1
3406.8141940920664	0.6	13.5	1
3418.4866655301616	0.4	7.5	1
3451.1649417396848	0.6	13.5	1
3464.0818576222246	0.4	8.3	1
3483.2209957269865	0.6	12.3	1
3495.826800498415	0.4	8.1	1
3521.3495211523837	0.4	8.3	1
3540.4886592571456	0.6	12.3	1
3571.3002688000024	0.4	7.5	1
3590.7505180158755	0.6	12.5	1
3603.6674338984153	0.4	8.3	1
3636.3457101079384	0.6	12.7	1
3656.1070704349227	0.6	12.7	1
3695.9409022000036	0.6	12.9	1
3715.702262526988	0.6	12.7	1
3747.1360942920687	0.4	7.5	1
3759.4307879523863	0.4	7.9	1
3772.347703834926	0.4	8.3	1
3784.0201752730213	0.4	7.5	1
3803.4704244888944	0.6	12.5	1
3835.2153673650837	0.4	7.9	1
3856.2211721365125	0.6	13.5	1
3889.5216705682565	0.4	7.9	1
3901.1941420063517	0.4	7.5	1
3924.539084882545	0.4	7.5	1
3937.456000765085	0.4	8.3	1
3969.823165863497	0.6	12.5	1
3990.8289706349256	0.6	13.5	1
