17.714138104761904	0.6	12.5	1
29.478276209523813	0.4	8.3	1
41.24241431428572	0.4	8.3	1
59.23988575238096	0.6	12.7	1
70.43735719047619	0.4	7.9	1
89.56816196190476	0.6	13.5	1
101.33230006666668	0.4	8.3	1
131.3772429428572	0.6	12.9	1
149.37471438095244	0.6	12.7	1
167.37218581904767	0.6	12.7	1
178.56965725714292	0.4	7.9	1
197.7004620285715	0.6	13.5	1
208.89793346666676	0.4	7.9	1
220.095404904762	0.4	7.9	1
239.2262096761906	0.6	13.5	1
256.9403477809525	0.6	12.5	1
267.5711525523811	0.4	7.5	1
295.632762095238	0.6	12.3	1
313.0635668666666	0.6	12.3	1
323.69437163809516	0.4	7.5	1
342.82517640952375	0.6	13.5	1
361.1059811809523	0.6	12.9	1
380.2367859523809	0.6	13.5	1
391.1509240571428	0.4	7.7	1
402.9150621619047	0.4	8.3	1
413.5458669333333	0.4	7.5	1
424.1766717047619	0.4	7.5	1
442.45747647619044	0.6	12.9	1
459.88828124761903	0.6	12.3	1
471.0857526857143	0.4	7.9	1
489.36655745714285	0.6	12.9	1
507.08069556190475	0.6	12.5	1
524.5115003333333	0.6	12.3	1
542.5089717714285	0.6	12.7	1
578.2205813142855	0.6	12.5	1
589.4180527523807	0.4	7.9	1
607.4155241904759	0.6	12.7	1
624.8463289619045	0.6	12.3	1
642.5604670666664	0.6	12.5	1
653.191271838095	0.4	7.5	1
681.5362147142852	0.6	12.5	1
721.3619623619043	0.4	8.1	1
731.9927671333328	0.4	7.5	1
754.387710009523	0.4	8.3	1
766.1518481142848	0.4	8.3	1
776.7826528857133	0.4	7.5	1
795.9134576571419	0.6	13.5	1
807.1109290952371	0.4	7.9	1
825.1084005333323	0.6	12.7	1
836.8725386380942	0.4	8.3	1
848.636676742856	0.4	8.3	1
860.4008148476179	0.4	8.3	1
871.0316196190464	0.4	7.5	1
881.9457577238084	0.4	7.7	1
893.4265624952369	0.4	8.1	1
904.0573672666654	0.4	7.5	1
921.488172038094	0.6	12.3	1
939.4856434761892	0.6	12.7	1
957.1997815809511	0.6	12.5	1
968.963919685713	0.4	8.3	1
979.8780577904749	0.4	7.7	1
997.3088625619035	0.6	12.3	1
1007.9396673333321	0.4	7.5	1
1036.284610209524	0.6	12.5	1
1055.4154149809526	0.6	13.5	1
1066.3295530857145	0.4	7.7	1
1088.1578292952393	0.4	7.7	1
1099.638634066668	0.4	8.1	1
1111.40277217143	0.4	8.3	1
1122.600243609525	0.4	7.9	1
1133.2310483809536	0.4	7.5	1
1144.7118531523822	0.4	8.1	1
1167.1067960285727	0.4	7.7	1
1178.5876008000014	0.4	8.1	1
1189.5017389047632	0.4	7.7	1
1200.9825436761919	0.4	8.1	1
1218.4133484476204	0.6	12.3	1
1253.5582913238118	0.6	12.5	1
1270.9890960952403	0.6	12.3	1
1290.1199008666688	0.6	13.5	1
1328.3815104095274	0.6	13.5	1
1347.512315180956	0.6	13.5	1
1378.1239247238148	0.4	8.1	1
1397.2547294952433	0.6	13.5	1
1408.1688676000051	0.4	7.7	1
1419.3663390381003	0.4	7.9	1
1449.6946152476246	0.6	13.5	1
1467.69208668572	0.6	12.7	1
1485.9728914571485	0.6	12.9	1
1497.7370295619105	0.4	8.3	1
1508.9345010000056	0.4	7.9	1
1520.1319724381008	0.4	7.9	1
1537.8461105428628	0.6	12.5	1
1556.1269153142914	0.6	12.9	1
1574.40772008572	0.6	12.9	1
1604.45266296191	0.4	8.3	1
1652.4950772761947	0.6	12.7	1
1664.2592153809567	0.4	8.3	1
1687.5041582571469	0.4	8.1	1
1728.7465725714324	0.6	12.7	1
1739.6607106761942	0.4	7.7	1
1768.2889868857192	0.6	12.5	1
1779.203124990481	0.4	7.7	1
1808.3980678666726	0.6	12.9	1
1849.0738155142922	0.4	8.1	1
1859.987953619054	0.4	7.7	1
1889.1828964952456	0.6	12.9	1
1929.2919774761983	0.4	7.7	1
1941.0561155809603	0.4	8.3	1
1963.7343917904836	0.4	7.7	1
1981.731863228579	0.6	12.7	1
2011.2101394381027	0.4	8.1	1
2029.4909442095313	0.6	12.9	1
2046.9217489809598	0.6	12.3	1
2066.0525537523886	0.6	13.5	1
2084.0500251904837	0.6	12.7	1
2112.6783014000075	0.4	7.5	1
2152.220715714295	0.4	7.7	1
2162.8515204857235	0.4	7.5	1
2174.048991923819	0.4	7.9	1
2197.0106014666767	0.4	8.3	1
2208.4914062381054	0.4	8.1	1
2219.4055443428674	0.4	7.7	1
2242.0838205523924	0.4	8.3	1
2261.214625323821	0.6	13.5	1
2272.128763428583	0.4	7.7	1
2290.4095682000116	0.6	12.9	1
2301.8903729714402	0.4	8.1	1
2313.0878444095356	0.4	7.9	1
2324.285315847631	0.4	7.9	1
2346.396925390489	0.4	7.7	1
2357.8777301619175	0.4	8.1	1
2369.6418682666795	0.4	8.3	1
2392.0368111428697	0.4	7.5	1
2403.234282580965	0.4	7.9	1
2414.4317540190605	0.4	7.9	1
2425.3458921238225	0.4	7.7	1
2437.1100302285845	0.4	8.3	1
2466.871639771441	0.6	12.7	1
2486.00244454287	0.6	13.5	1
2496.6332493142986	0.4	7.5	1
2514.6307207523937	0.6	12.7	1
2543.2589969619175	0.4	7.5	1
2560.9731350666793	0.6	12.5	1
2578.403939838108	0.6	12.3	1
2596.401411276203	0.6	12.7	1
2607.0322160476317	0.4	7.5	1
2635.94382559049	0.6	12.9	1
2646.574630361919	0.4	7.5	1
2657.2054351333477	0.4	7.5	1
2674.636239904776	0.6	12.3	1
2685.267044676205	0.4	7.5	1
2695.8978494476337	0.4	7.5	1
2714.178654219062	0.6	12.9	1
2724.809458990491	0.4	7.5	1
2743.9402637619196	0.6	13.5	1
2774.8352066381117	0.4	8.3	1
2823.444287619065	0.6	12.5	1
2835.208425723827	0.4	8.3	1
2858.170035266684	0.4	7.9	1
2899.4124495809697	0.6	12.9	1
2917.693254352398	0.6	12.9	1
2935.9740591238265	0.6	12.9	1
2971.685668666683	0.6	12.3	1
2989.9664734381113	0.6	12.9	1
3009.09727820954	0.6	13.5	1
3039.992221085732	0.4	8.3	1
3051.473025857161	0.4	8.1	1
3069.1871639619226	0.6	12.5	1
3086.617968733351	0.6	12.3	1
3098.0987735047797	0.4	8.1	1
3116.379578276208	0.6	12.9	1
3152.0911878190645	0.6	12.3	1
3162.7219925904933	0.4	7.5	1
3184.2669354666855	0.4	7.7	1
3223.242683114307	0.6	12.3	1
3235.006821219069	0.4	8.3	1
3253.2876259904974	0.6	12.9	1
3288.999235533354	0.6	12.3	1
3342.7083165143063	0.6	12.7	1
3360.1391212857347	0.6	12.3	1
3395.5673974952592	0.6	12.7	1
3448.993145142879	0.6	12.7	1
3513.6163642285937	0.4	7.9	1
3589.153721419071	0.4	7.7	1
3599.7845261905	0.4	7.5	1
3611.2653309619286	0.4	8.1	1
3633.376940504786	0.4	7.5	1
3644.291078609548	0.4	7.7	1
3672.6360214857395	0.6	12.3	1
3683.833492923835	0.4	7.9	1
3701.2642976952634	0.6	12.3	1
3718.695102466692	0.6	12.3	1
3729.8925739047872	0.4	7.9	1
3752.287516780975	0.4	7.9	1
3770.0016548857366	0.6	12.5	1
3806.8465977619276	0.6	13.5	1
3854.322345409545	0.4	7.5	1
3865.236483514307	0.4	7.7	1
3875.867288285736	0.4	7.5	1
3897.978897828591	0.4	8.1	1
3908.60970260002	0.4	7.5	1
3936.6713121428747	0.6	12.3	1
3947.585450247637	0.4	7.7	1
3969.413726457158	0.4	7.7	1
3988.544531228587	0.6	13.5	1
4000.0253360000156	0.4	8.1	1
4023.2702788762026	0.4	8.3	1
4063.9460265238213	0.6	12.3	1
4075.1434979619166	0.4	7.9	1
4097.25510750477	0.4	7.7	1
4114.685912276199	0.6	12.3	1
4126.166717047628	0.4	8.1	1
4148.561659923815	0.4	7.7	1
4188.3874075714275	0.6	12.3	1
4206.10154567619	0.6	12.5	1
4217.865683780951	0.4	8.3	1
4235.5798218857135	0.6	12.5	1
4271.291431428571	0.6	12.7	1
4289.005569533333	0.6	12.5	1
4299.636374304761	0.4	7.5	1
4322.031317180949	0.4	8.3	1
4355.623731495236	0.4	7.9	1
4367.104536266665	0.4	8.1	1
4389.216145809518	0.4	7.5	1
4399.846950580946	0.4	7.5	1
4428.7585601238015	0.6	12.9	1
4469.4343077714175	0.4	8.3	1
4487.14844587618	0.6	12.5	1
4522.576722085704	0.6	12.5	1
4569.76913639999	0.4	8.3	1
4588.049941171419	0.6	12.9	1
4616.961550714275	0.4	7.5	1
4656.503965028558	0.4	7.5	1
4668.2681031333195	0.4	8.3	1
4679.465574571414	0.4	7.9	1
4690.663046009509	0.4	7.9	1
4719.574655552364	0.6	12.5	1
4731.338793657125	0.4	8.3	1
4762.233736533319	0.6	13.5	1
4812.259484180939	0.6	13.5	1
4872.916036599985	0.4	7.5	1
4890.630174704747	0.6	12.5	1
4927.475117580938	0.6	13.5	1
4976.084198561888	0.4	8.3	1
4993.79833666665	0.6	12.5	1
5011.229141438079	0.6	12.3	1
5039.57408431427	0.4	7.7	1
5057.004889085699	0.6	12.3	1
5068.485693857127	0.4	8.1	1
5079.116498628556	0.4	7.5	1
5107.744774838077	0.6	12.7	1
5126.025579609506	0.6	12.9	1
5144.306384380935	0.6	12.9	1
5173.784660590458	0.4	7.9	1
5191.782132028553	0.6	12.7	1
