10.805804771428573	0.4	8.1	1
28.811609542857145	0.6	13.5	1
46.81741431428571	0.6	13.5	1
63.48988575238096	0.6	12.5	1
80.42902385714287	0.6	12.7	1
97.63482862857144	0.6	12.9	1
108.44063340000001	0.4	8.1	1
119.51310483809524	0.4	8.3	1
135.9189096095238	0.6	12.3	1
153.92471438095237	0.6	13.5	1
182.20299059047636	0.4	7.7	1
193.2754620285716	0.4	8.3	1
209.94793346666685	0.6	12.5	1
220.2204049047621	0.4	7.7	1
230.22620967619065	0.4	7.5	1
247.16534778095254	0.6	12.7	1
264.3711525523811	0.6	12.9	1
274.910290657143	0.4	7.9	1
285.44942876190487	0.4	7.9	1
302.1219002000001	0.6	12.5	1
320.12770497142867	0.6	13.5	1
348.67264784761886	0.4	7.9	1
358.67845261904745	0.4	7.5	1
376.68425739047603	0.6	13.5	1
386.9567288285713	0.4	7.7	1
404.16253359999985	0.6	12.9	1
421.3683383714284	0.6	12.9	1
438.574143142857	0.6	12.9	1
455.7799479142856	0.6	12.9	1
465.78575268571416	0.4	7.5	1
482.7248907904761	0.6	12.7	1
499.3973622285713	0.6	12.5	1
516.3365003333332	0.6	12.7	1
534.3423051047617	0.6	13.5	1
550.7481098761904	0.6	12.3	1
567.153914647619	0.6	12.3	1
584.0930527523809	0.6	12.7	1
594.6321908571429	0.4	7.9	1
621.8438003999993	0.6	12.5	1
632.6496051714279	0.4	8.1	1
653.7278813809526	0.4	7.7	1
670.9336861523811	0.6	12.9	1
698.1452956952387	0.4	7.5	1
714.5511004666673	0.6	12.3	1
731.2235719047626	0.6	12.5	1
748.1627100095245	0.6	12.7	1
765.1018481142864	0.6	12.7	1
775.3743195523816	0.4	7.7	1
803.6525957619067	0.6	13.5	1
820.0584005333353	0.6	12.3	1
830.3308719714305	0.4	7.7	1
848.336676742859	0.6	13.5	1
858.3424815142876	0.4	7.5	1
885.020757723813	0.6	12.5	1
901.9598958285749	0.6	12.7	1
918.6323672666701	0.6	12.5	1
946.3773101428598	0.4	8.3	1
957.449781580955	0.4	8.3	1
974.6555863523836	0.6	12.9	1
991.0613911238122	0.6	12.3	1
1007.7338625619075	0.6	12.5	1
1041.078805438097	0.6	12.5	1
1051.8846102095256	0.4	8.1	1
1062.1570816476208	0.4	7.7	1
1080.1628864190493	0.6	13.5	1
1090.4353578571445	0.4	7.7	1
1107.1078292952398	0.6	12.5	1
1118.180300733335	0.4	8.3	1
1139.525243609526	0.4	7.7	1
1149.5310483809544	0.4	7.5	1
1166.4701864857163	0.6	12.7	1
1177.5426579238115	0.4	8.3	1
1205.020934133336	0.6	12.3	1
1215.8267389047644	0.4	8.1	1
1244.6383484476223	0.6	13.5	1
1290.122429428577	0.6	12.5	1
1307.3282342000057	0.6	12.9	1
1334.5398437428614	0.4	7.5	1
1345.0789818476233	0.4	7.9	1
1355.3514532857184	0.4	7.7	1
1372.2905913904804	0.6	12.7	1
1406.4355342666697	0.6	12.9	1
1423.6413390380983	0.6	12.9	1
1451.3862819142873	0.4	7.9	1
1469.3920866857159	0.6	13.5	1
1487.3978914571444	0.6	13.5	1
1498.4703628952395	0.4	8.3	1
1509.0095010000014	0.4	7.9	1
1525.41530577143	0.6	12.3	1
1542.0877772095253	0.6	12.5	1
1558.4935819809539	0.6	12.3	1
1585.171858190477	0.4	7.7	1
1628.25593917143	0.6	12.3	1
1644.6617439428587	0.6	12.3	1
1678.2733534857152	0.6	12.9	1
1695.2124915904772	0.6	12.7	1
1729.0907677999999	0.6	12.7	1
1745.7632392380951	0.6	12.5	1
1756.0357106761903	0.4	7.7	1
1772.7081821142856	0.6	12.5	1
1790.7139868857141	0.6	13.5	1
1819.258929761906	0.4	7.9	1
1837.2647345333346	0.6	13.5	1
1871.6763440761933	0.6	12.3	1
1888.082148847622	0.6	12.3	1
1898.3546202857171	0.4	7.7	1
1916.3604250571457	0.6	13.5	1
1933.032896495241	0.6	12.5	1
1944.105367933336	0.4	8.3	1
1961.3111727047647	0.6	12.9	1
1978.2503108095266	0.6	12.7	1
1988.7894489142884	0.4	7.9	1
1998.795253685717	0.4	7.5	1
2019.8735298952422	0.4	8.3	1
2057.3576108761968	0.6	12.3	1
2067.3634156476255	0.4	7.5	1
2093.775025190484	0.6	12.3	1
2104.047496628579	0.4	7.7	1
2114.3199680666744	0.4	7.7	1
2125.125772838103	0.4	8.1	1
2153.937382380961	0.6	13.5	1
2170.3431871523894	0.6	12.3	1
2187.282325257151	0.6	12.7	1
2198.0881300285796	0.4	8.1	1
2226.8997395714377	0.6	13.5	1
2237.7055443428662	0.4	8.1	1
2247.9780157809614	0.4	7.7	1
2264.6504872190567	0.6	12.5	1
2281.8562919904853	0.6	12.9	1
2310.134568200008	0.4	8.3	1
2327.0737063047695	0.6	12.7	1
2337.0795110761983	0.4	7.5	1
2363.491120619057	0.6	12.3	1
2400.7085349333433	0.4	8.1	1
2418.714339704772	0.6	13.5	1
2436.720144476201	0.6	13.5	1
2453.1259492476293	0.6	12.3	1
2463.131754019058	0.4	7.5	1
2491.143363561917	0.6	13.5	1
2501.682501666679	0.4	7.9	1
2518.6216397714406	0.6	12.7	1
2535.027444542869	0.6	12.3	1
2545.299915980964	0.4	7.7	1
2572.7781921904893	0.6	12.9	1
2610.795606504775	0.4	7.9	1
2621.334744609537	0.4	7.9	1
2631.8738827142993	0.4	7.9	1
2648.2796874857277	0.6	12.3	1
2658.552158923823	0.4	7.7	1
2679.8971018000148	0.4	8.3	1
2689.9029065714435	0.4	7.5	1
2710.4478494476357	0.4	7.9	1
2721.520320885731	0.4	8.3	1
2732.3261256571595	0.4	8.1	1
2759.804401866684	0.6	12.5	1
2770.3435399714463	0.4	7.9	1
2798.888482847638	0.6	13.5	1
2809.4276209524	0.4	7.9	1
2819.966759057162	0.4	7.9	1
2836.6392304952574	0.6	12.5	1
2863.850840038114	0.4	7.9	1
2902.1349210190665	0.4	8.3	1
2912.4073924571617	0.4	7.7	1
2939.0856686666866	0.6	12.3	1
2949.6248067714487	0.4	7.9	1
2967.6306115428774	0.6	13.5	1
3003.6422210857363	0.6	13.5	1
3013.9146925238315	0.4	7.7	1
3040.5929687333564	0.6	12.3	1
3057.532106838118	0.6	12.7	1
3092.4770497143077	0.6	13.5	1
3102.4828544857364	0.4	7.5	1
3129.161130695262	0.6	12.5	1
3139.9669354666903	0.4	8.1	1
3149.972740238119	0.4	7.5	1
3167.1785450095476	0.6	12.9	1
3177.1843497809764	0.4	7.5	1
3187.190154552405	0.4	7.5	1
3208.0017640952638	0.4	8.1	1
3218.0075688666925	0.4	7.5	1
3236.0133736381213	0.6	13.5	1
3252.952511742883	0.6	12.7	1
3269.3583165143114	0.6	12.3	1
3285.7641212857397	0.6	12.3	1
3302.7032593905014	0.6	12.7	1
3336.848202266691	0.6	12.9	1
3347.387340371453	0.4	7.9	1
3363.7931451428813	0.6	12.3	1
3381.79894991431	0.6	13.5	1
3409.810559457169	0.4	7.5	1
3419.8163642285976	0.4	7.5	1
3430.3555023333597	0.4	7.9	1
3451.167111876214	0.4	7.7	1
3461.7062499809763	0.4	7.9	1
3490.2511928571644	0.6	13.5	1
3500.7903309619264	0.4	7.9	1
3522.1352738381142	0.4	8.1	1
3539.074411942876	0.6	12.7	1
3556.2802167143045	0.6	12.9	1
3572.9526881524	0.6	12.5	1
3607.6309643619265	0.6	13.5	1
3625.6367691333553	0.6	13.5	1
3660.5817120095435	0.6	12.7	1
3671.654183447639	0.4	8.3	1
3688.5933215524005	0.6	12.7	1
3722.73826442859	0.6	12.9	1
3739.6774025333516	0.6	12.7	1
3773.555678742874	0.6	12.7	1
3823.839759723824	0.6	12.3	1
3834.9122311619194	0.4	8.3	1
3856.79050737144	0.4	8.1	1
3888.941255019057	0.4	7.7	1
3905.613726457152	0.6	12.5	1
3922.0195312285805	0.6	12.3	1
3949.231140771437	0.4	8.1	1
3959.770278876199	0.4	7.9	1
3976.4427503142942	0.6	12.5	1
4004.1876931904876	0.4	8.3	1
4020.593497961916	0.6	12.3	1
4048.0717741714393	0.4	8.3	1
4091.955855152388	0.6	12.3	1
4108.8949932571495	0.6	12.7	1
4125.300798028578	0.6	12.3	1
4158.645740904768	0.6	12.7	1
4168.651545676196	0.4	7.5	1
4189.196488552385	0.4	7.9	1
4219.747236199999	0.4	7.5	1
4230.019707638095	0.4	7.7	1
4240.825512409523	0.4	8.1	1
4268.570455285714	0.6	12.7	1
4279.642926723809	0.4	8.3	1
4307.654536266663	0.6	12.7	1
4318.193674371425	0.4	7.9	1
4334.599479142854	0.6	12.3	1
4361.01108868571	0.4	7.5	1
4405.428502999993	0.6	13.5	1
4422.100974438088	0.6	12.5	1
4448.779250647614	0.4	7.5	1
4486.529998295234	0.4	8.3	1
4503.4691363999955	0.6	12.7	1
4537.0807459428515	0.6	12.5	1
4580.964826923806	0.4	7.7	1
4635.388046009523	0.4	7.9	1
4651.793850780952	0.6	12.3	1
4678.472126990476	0.4	7.7	1
4695.4112650952375	0.6	12.7	1
4728.756207971427	0.6	12.3	1
4739.562012742856	0.4	8.1	1
4750.101150847618	0.4	7.9	1
4767.306955619046	0.6	12.9	1
4778.112760390474	0.4	8.1	1
4799.457703266666	0.4	7.9	1
4837.47511758095	0.6	12.5	1
4848.014255685712	0.4	7.9	1
4869.092531895233	0.4	7.9	1
4880.165003333328	0.4	8.3	1
4902.043279542849	0.4	8.1	1
4913.115750980944	0.4	8.3	1
4923.921555752372	0.4	8.1	1
4951.666498628563	0.6	12.7	1
4989.683912942849	0.4	7.7	1
5044.373798695231	0.6	12.5	1
5054.646270133327	0.4	7.7	1
5065.185408238089	0.4	7.9	1
5082.12454634285	0.6	12.7	1
5109.0694892190395	0.4	7.5	1
5152.420236866656	0.6	12.3	1
5170.426041638084	0.6	13.5	1
5198.704317847606	0.4	7.7	1
5238.055065495224	0.4	8.3	1
5249.127536933319	0.4	8.3	1
5277.139146476173	0.6	12.7	1
5322.356560790454	0.6	12.9	1
5333.162365561882	0.4	8.1	1
5361.97397510474	0.6	13.5	1
5408.791389419024	0.6	13.5	1
5425.4638608571195	0.6	12.5	1
5459.075470399979	0.6	12.7	1
5509.092884714267	0.6	12.3	1
5519.365356152362	0.4	7.7	1
5536.571160923791	0.6	12.9	1
5571.78277046665	0.6	13.5	1
5588.455241904745	0.6	12.5	1
5622.333518114271	0.6	12.9	1
5672.884265761895	0.6	12.5	1
5682.8900705333235	0.4	7.5	1
5709.301680076179	0.6	12.3	1
5752.119094390462	0.6	12.3	1
5762.924899161891	0.4	8.1	1
5790.669842038082	0.6	12.7	1
5808.67564680951	0.6	13.5	1
5836.687256352365	0.4	7.5	1
5847.493061123793	0.4	8.1	1
5874.7046706666515	0.6	12.3	1
5912.1887516476045	0.4	7.7	1
5928.594556419033	0.6	12.3	1
5963.00616596189	0.6	13.5	1
6014.090246942839	0.6	12.5	1
6025.162718380934	0.4	8.3	1
6052.907661257122	0.6	12.5	1
6097.5917422380735	0.6	12.7	1
6153.081627990453	0.4	8.1	1
6170.287432761881	0.6	12.9	1
6198.032375638074	0.4	7.9	1
6242.183123285693	0.6	12.3	1
6296.606342371407	0.4	7.7	1
6313.545480476168	0.6	12.7	1
6348.4904233523575	0.6	13.5	1
6394.50783766664	0.4	8.3	1
6458.5310567523475	0.6	13.5	1
6469.0701948571095	0.4	7.9	1
6489.615137733297	0.4	7.5	1
6520.699218714245	0.4	7.9	1
6537.37169015234	0.6	12.5	1
6564.5832996952	0.4	7.9	1
6602.600714009486	0.4	8.1	1
6620.6065187809145	0.6	13.5	1
6655.284794990436	0.6	12.5	1
6700.768875971389	0.4	8.1	1
6756.792095057105	0.4	7.9	1
