43.0538109	0.6	12.3	1
70.00762180000001	0.4	7.7	1
113.7614327	0.6	12.5	1
142.11524359999999	0.4	8.1	1
186.5690545	0.6	12.7	1
212.82286539999998	0.4	7.5	1
239.07667629999997	0.4	7.5	1
266.73048719999997	0.4	7.9	1
311.88429809999997	0.6	12.9	1
359.138109	0.6	13.5	1
406.3919199	0.6	13.5	1
434.0457308	0.4	7.9	1
462.3995417	0.4	8.1	1
509.6533526	0.6	13.5	1
553.4071635	0.6	12.5	1
597.1609744	0.6	12.5	1
624.1147853	0.4	7.7	1
651.7685962	0.4	7.9	1
695.5224071	0.6	12.5	1
723.1762180000001	0.4	7.9	1
778.4838397999995	0.4	7.9	1
822.9376506999995	0.6	12.7	1
851.2914615999995	0.4	8.1	1
895.0452724999994	0.6	12.5	1
938.7990833999994	0.6	12.5	1
983.9528942999993	0.6	12.9	1
1027.0067051999993	0.6	12.3	1
1056.0605160999992	0.4	8.3	1
1099.114326999999	0.6	12.3	1
1126.068137899999	0.4	7.7	1
1169.121948799999	0.6	12.3	1
1196.775759699999	0.4	7.9	1
1244.029570599999	0.6	13.5	1
1289.183381499999	0.6	12.9	1
1318.237192399999	0.4	8.3	1
1365.491003299999	0.6	13.5	1
1394.5448141999989	0.4	8.3	1
1423.5986250999988	0.4	8.3	1
1470.8524359999988	0.6	13.5	1
1499.9062468999987	0.4	8.3	1
1544.3600577999987	0.6	12.7	1
1587.4138686999986	0.6	12.3	1
1634.6676795999986	0.6	13.5	1
