40.5038109	0.6	13.5	1
77.4076218	0.6	12.3	1
115.5114327	0.6	12.7	1
156.0152436	0.6	13.5	1
235.22286540000016	0.6	12.9	1
275.7266763000002	0.6	13.5	1
314.4304872000002	0.6	12.9	1
339.3342981000002	0.4	8.3	1
363.0381090000002	0.4	7.9	1
385.5419199000002	0.4	7.5	1
408.04573080000023	0.4	7.5	1
432.9495417000002	0.4	8.3	1
457.8533526000002	0.4	8.3	1
480.9571635000002	0.4	7.7	1
503.4609744000002	0.4	7.5	1
527.1647853000002	0.4	7.9	1
564.6685962000001	0.6	12.5	1
587.7724071000001	0.4	7.7	1
624.6762180000002	0.6	12.3	1
662.7800289000002	0.6	12.7	1
686.4838398000002	0.4	7.9	1
725.1876507000002	0.6	12.9	1
747.6914616000001	0.4	7.5	1
785.7952725000001	0.6	12.7	1
822.6990834000002	0.6	12.3	1
845.2028943000001	0.4	7.5	1
868.9067052000001	0.4	7.9	1
893.8105161000002	0.4	8.3	1
934.3143270000002	0.6	13.5	1
957.4181379000001	0.4	7.7	1
982.3219488000002	0.4	8.3	1
1019.8257597000002	0.6	12.5	1
1042.3295706000001	0.4	7.5	1
1066.6333815	0.4	8.1	1
1104.7371924000001	0.6	12.7	1
1142.2410033	0.6	12.5	1
1182.7448142	0.6	13.5	1
1205.2486251	0.4	7.5	1
1230.152436	0.4	8.3	1
1252.6562469	0.4	7.5	1
1293.1600578	0.6	13.5	1
1333.6638687	0.6	13.5	1
1414.6714905000015	0.6	13.5	1
1439.5753014000015	0.4	8.3	1
1462.0791123000015	0.4	7.5	1
1502.5829232000015	0.6	13.5	1
1526.8867341000014	0.4	8.1	1
1575.4943559000021	0.4	8.1	1
1612.3981668000022	0.6	12.3	1
1652.9019777000021	0.6	13.5	1
1717.7095995000036	0.4	8.1	1
1758.2134104000036	0.6	13.5	1
1823.6210322000052	0.4	8.3	1
1861.7248431000053	0.6	12.7	1
