22.5038109	0.4	7.5	1
46.8076218	0.4	8.1	1
69.3114327	0.4	7.5	1
92.4152436	0.4	7.7	1
154.2228654000001	0.6	12.9	1
176.7266763000001	0.4	7.5	1
217.23048720000008	0.6	13.5	1
294.63810900000027	0.6	12.3	1
318.3419199000003	0.4	7.9	1
355.8457308000003	0.6	12.5	1
431.4533526	0.6	12.7	1
455.7571635	0.4	8.1	1
480.06097439999996	0.4	8.1	1
504.96478529999996	0.4	8.3	1
528.0685962	0.4	7.7	1
566.1724071	0.6	12.7	1
590.476218	0.4	8.1	1
637.8838397999999	0.4	7.7	1
675.3876506999999	0.6	12.5	1
698.4914615999999	0.4	7.7	1
721.5952724999999	0.4	7.7	1
759.6990833999998	0.6	12.7	1
800.2028942999998	0.6	13.5	1
825.1067051999999	0.4	8.3	1
862.0105160999999	0.6	12.3	1
900.1143269999999	0.6	12.7	1
922.6181378999999	0.4	7.5	1
983.8257596999996	0.6	12.9	1
1021.3295705999996	0.6	12.5	1
1058.8333814999996	0.6	12.5	1
1095.7371923999997	0.6	12.3	1
1133.2410032999996	0.6	12.5	1
1194.4486250999994	0.4	7.9	1
1219.3524359999994	0.4	8.3	1
1259.8562468999994	0.6	13.5	1
1284.1600577999993	0.4	8.1	1
1331.5676796000002	0.4	7.7	1
1369.0714905000002	0.6	12.5	1
1407.1753014000003	0.6	12.7	1
1445.8791123000003	0.6	12.9	1
1468.3829232000003	0.4	7.5	1
1529.5905450000018	0.6	12.9	1
1570.0943559000018	0.6	13.5	1
1633.1019777000033	0.4	7.5	1
1670.0057886000034	0.6	12.3	1
1708.7095995000034	0.6	12.9	1
1732.4134104000034	0.4	7.9	1
1780.421032200002	0.4	8.1	1
1803.524843100002	0.4	7.7	1
1827.828654000002	0.4	8.1	1
1866.532464900002	0.6	12.9	1
1889.036275800002	0.4	7.5	1
1929.540086700002	0.6	13.5	1
1953.243897600002	0.4	7.9	1
