23.70672295714286	0.4	7.9	1
46.813445914285715	0.4	7.7	1
69.32016887142856	0.4	7.5	1
107.42689182857143	0.6	12.7	1
130.5336147857143	0.4	7.7	1
167.44033774285714	0.6	12.3	1
204.9470607	0.6	12.5	1
229.25378365714286	0.4	8.1	1
254.16050661428574	0.4	8.3	1
277.2672295714286	0.4	7.7	1
317.77395252857144	0.6	13.5	1
340.2806754857143	0.4	7.5	1
378.98739844285717	0.6	12.9	1
417.69412140000003	0.6	12.9	1
454.6008443571429	0.6	12.3	1
477.7075673142857	0.4	7.7	1
515.2142902714286	0.6	12.5	1
552.1210132285714	0.6	12.3	1
590.2277361857143	0.6	12.7	1
613.9344591428571	0.4	7.9	1
636.4411821	0.4	7.5	1
658.9479050571429	0.4	7.5	1
705.7613509714289	0.4	8.1	1
730.6680739285717	0.4	8.3	1
755.5747968857146	0.4	8.3	1
779.2815198428575	0.4	7.9	1
817.9882428000003	0.6	12.9	1
856.0949657571432	0.6	12.7	1
879.801688714286	0.4	7.9	1
903.5084116714288	0.4	7.9	1
965.9218575857137	0.6	12.9	1
1003.4285805428566	0.6	12.5	1
1041.5353034999994	0.6	12.7	1
1065.8420264571423	0.4	8.1	1
1106.348749414285	0.6	13.5	1
1131.255472371428	0.4	8.3	1
1154.3621953285708	0.4	7.7	1
1194.8689182857136	0.6	13.5	1
1235.3756412428563	0.6	13.5	1
1257.882364199999	0.4	7.5	1
1296.5890871571419	0.6	12.9	1
1320.8958101142848	0.4	8.1	1
1344.0025330714277	0.4	7.7	1
1368.9092560285706	0.4	8.3	1
1406.4159789857133	0.6	12.5	1
1431.3227019428562	0.4	8.3	1
1468.829424899999	0.6	12.5	1
1531.242870814285	0.4	8.3	1
1571.7495937714277	0.6	13.5	1
1612.2563167285705	0.6	13.5	1
1649.7630396857132	0.6	12.5	1
1672.269762642856	0.4	7.5	1
1710.9764855999988	0.6	12.9	1
1733.4832085571416	0.4	7.5	1
