22.140056290476192	0.4	8.3	1
55.48011258095238	0.6	12.5	1
77.08683553809524	0.4	8.1	1
111.4935584952381	0.6	12.9	1
144.30028145238097	0.6	12.3	1
164.3070044095238	0.4	7.5	1
185.38039403333335	0.4	7.9	1
207.52045032380954	0.4	8.3	1
241.9271732809524	0.6	12.9	1
298.47395252857143	0.4	8.3	1
318.4806754857143	0.4	7.5	1
339.0207317761905	0.4	7.7	1
372.8941214	0.6	12.7	1
395.0341776904762	0.4	8.3	1
416.10756731428575	0.4	7.9	1
457.18767989523843	0.4	7.5	1
489.9944028523813	0.6	12.3	1
511.06779247619085	0.4	7.9	1
554.2812383904768	0.4	8.3	1
574.821294680953	0.4	7.7	1
615.3680739285719	0.4	7.5	1
636.9747968857148	0.4	8.1	1
680.1882428000004	0.4	8.1	1
745.0084116714286	0.4	8.1	1
765.5484679619047	0.4	7.7	1
806.0952472095237	0.4	7.5	1
879.9820827476192	0.6	12.5	1
987.2089745761909	0.6	12.5	1
1128.8425893619055	0.6	12.9	1
1192.6162604380963	0.4	8.3	1
1213.1563167285726	0.4	7.7	1
1249.1630396857154	0.6	13.5	1
1269.1697626428581	0.4	7.5	1
1302.5098189333344	0.6	12.5	1
1370.2565981809526	0.6	12.9	1
1403.0633211380955	0.6	12.3	1
1423.0700440952382	0.4	7.5	1
1455.8767670523812	0.6	12.3	1
1478.0168233428574	0.4	8.3	1
1511.3568796333336	0.6	12.5	1
1544.1636025904766	0.6	12.3	1
1597.5103818380953	0.4	7.7	1
1633.517104795238	0.6	13.5	1
1655.123827752381	0.4	8.1	1
1689.5305507095238	0.6	12.9	1
1725.5372736666666	0.6	13.5	1
1747.1439966238095	0.4	8.1	1
1781.017386247619	0.6	12.7	1
1817.0241092047618	0.6	13.5	1
1837.0308321619045	0.4	7.5	1
1857.0375551190473	0.4	7.5	1
1879.1776114095235	0.4	8.3	1
1900.7843343666664	0.4	8.1	1
1920.7910573238091	0.4	7.5	1
1940.7977802809519	0.4	7.5	1
1994.6778928619046	0.6	12.7	1
2014.6846158190474	0.4	7.5	1
2050.69133877619	0.6	13.5	1
2070.698061733333	0.4	7.5	1
2091.7714513571423	0.4	7.9	1
2124.578174314285	0.6	12.3	1
2145.1182306047613	0.4	7.7	1
2167.2582868952372	0.4	8.3	1
2211.5383994761896	0.4	8.3	1
