1.34	0.45	0.5	1
4.2867	0.45	0.6	1
8.8401	0.46	0.6	1
15.0002	0.42	0.6	1
23.0337	0.36	0.7	1
32.9406	0.36	0.7	1
45.254200000000004	0.32	0.9	1
59.707800000000006	0.33	0.8	1
75.7681	0.44	0.6	1
93.7018	0.36	0.7	1
113.50890000000001	0.43	0.7	1
135.1894	0.36	0.7	1
158.7433	0.39	0.7	1
184.1706	0.4	0.7	1
211.4713	0.39	0.7	1
240.64540000000002	0.43	0.7	1
271.95950000000005	0.35	0.8	1
304.88030000000003	0.43	0.6	1
340.2078	0.35	0.9	1
377.4087	0.37	0.7	1
417.283	0.3	1.0	1
459.0307	0.35	0.7	1
503.18510000000003	0.3	0.9	1
548.9462000000001	0.39	0.6	1
596.3140000000001	0.4	0.6	1
645.5552000000001	0.39	0.7	1
696.6698000000001	0.35	0.7	1
749.3911000000002	0.43	0.6	1
803.9858000000002	0.37	0.7	1
860.4539000000002	0.39	0.7	1
918.5287000000002	0.42	0.6	1
978.4769000000002	0.39	0.7	1
1040.0318000000002	0.38	0.6	1
1103.1934	0.35	0.6	1
1168.4950000000001	0.33	0.8	1
1234.4033000000002	0.4	0.6	1
1302.1850000000002	0.37	0.7	1
1371.8401000000001	0.39	0.7	1
1443.3686000000002	0.39	0.7	1
1516.7705000000003	0.39	0.7	1
1591.7791000000002	0.46	0.6	1
1668.6611000000003	0.38	0.7	1
1747.4165000000003	0.38	0.7	1
1828.0453000000002	0.38	0.7	1
1910.5475000000001	0.34	0.7	1
1994.1231000000002	0.47	0.4	1
2079.5721000000003	0.35	0.7	1
2167.4278000000004	0.32	0.9	1
2257.1569000000004	0.4	0.7	1
2348.7594000000004	0.41	0.7	1
2441.9686	0.42	0.6	1
2537.0512000000003	0.34	0.7	1
2634.0072000000005	0.37	0.7	1
2732.5699000000004	0.44	0.6	1
2832.7393000000006	0.39	0.6	1
2934.782100000001	0.4	0.7	1
3038.431600000001	0.39	0.6	1
3143.6878000000006	0.44	0.6	1
3250.817400000001	0.41	0.7	1
3359.553700000001	0.41	0.6	1
3469.8967000000007	0.4	0.6	1
3581.846400000001	0.44	0.6	1
3695.4028000000008	0.45	0.6	1
3811.8992000000007	0.3	1.1	1
3930.2690000000007	0.38	0.7	1
4050.245500000001	0.4	0.6	1
4172.095400000001	0.41	0.7	1
4295.5520000000015	0.41	0.6	1
4420.882000000001	0.37	0.7	1
4548.085400000002	0.35	0.7	1
4676.895500000001	0.41	0.6	1
4807.5790000000015	0.35	0.7	1
4941.202500000001	0.26	1.1	1
5076.432700000001	0.42	0.6	1
5213.536300000002	0.39	0.7	1
5352.513300000001	0.35	0.7	1
5493.363700000002	0.36	0.7	1
5636.0875000000015	0.36	0.7	1
5780.684700000002	0.42	0.7	1
5927.155300000001	0.37	0.7	1
6075.232600000001	0.42	0.6	1
6224.916600000001	0.42	0.6	1
6376.207300000001	0.35	0.6	1
6529.371400000001	0.38	0.7	1
6684.142200000001	0.45	0.6	1
6840.2530000000015	0.49	0.5	1
6998.237200000001	0.4	0.7	1
7158.094800000002	0.37	0.7	1
7319.559100000001	0.4	0.6	1
7482.630100000001	0.37	0.6	1
7647.5745000000015	0.38	0.7	1
7814.392300000001	0.38	0.7	1
7982.816800000001	0.37	0.6	1
8153.114700000001	0.41	0.7	1
8325.286000000002	0.4	0.7	1
8499.330700000002	0.34	0.7	1
8675.515400000002	0.38	0.8	1
8853.040100000002	0.46	0.5	1
9032.704800000001	0.33	0.8	1
9214.242900000001	0.39	0.7	1
9397.654400000001	0.34	0.7	1
9582.939300000002	0.37	0.7	1
9770.364200000002	0.32	0.8	1
9959.662500000002	0.48	0.7	1
10151.634200000002	0.29	1.0	1
10345.212600000003	0.46	0.6	1
10540.664400000003	0.32	0.7	1
10737.456200000004	0.47	0.5	1
10936.121400000004	0.38	0.7	1
11136.393300000003	0.38	0.6	1
11338.538600000003	0.42	0.7	1
11542.557300000004	0.37	0.7	1
11747.916000000005	0.46	0.5	1
11955.148100000004	0.39	0.7	1
12164.253600000004	0.37	0.7	1
12374.965800000004	0.47	0.6	1
12587.551400000004	0.37	0.7	1
12801.010400000005	0.41	0.7	1
13016.342800000004	0.38	0.7	1
13233.548600000004	0.39	0.7	1
13452.361100000004	0.43	0.6	1
13673.047000000004	0.34	0.7	1
13895.606300000005	0.37	0.7	1
14120.039000000004	0.33	0.7	1
14346.078400000004	0.39	0.6	1
14573.991200000004	0.43	0.7	1
14803.510700000004	0.45	0.6	1
15034.903600000005	0.35	0.7	1
15268.169900000004	0.35	0.7	1
15502.776200000004	0.46	0.5	1
15738.989200000004	0.39	0.6	1
15977.075600000004	0.4	0.7	1
16217.568700000003	0.31	0.9	1
16459.668500000003	0.43	0.6	1
16703.641700000004	0.38	0.7	1
16948.688300000005	0.49	0.4	1
17195.608300000004	0.35	0.7	1
17444.401700000002	0.34	0.7	1
17695.0685	0.38	0.7	1
17947.0753	0.47	0.5	1
18200.6888	0.39	0.6	1
18455.909	0.43	0.6	1
18712.7359	0.4	0.6	1
18970.6362	0.51	0.4	1
19230.409900000002	0.32	0.7	1
19492.057	0.35	0.7	1
19755.5775	0.33	0.7	1
20020.9714	0.37	0.7	1
20287.705299999998	0.43	0.5	1
20556.045899999997	0.41	0.6	1
20826.259899999997	0.39	0.7	1
21098.347299999998	0.45	0.7	1
21372.3081	0.33	0.7	1
21648.1423	0.35	0.7	1
21925.5832	0.47	0.6	1
22204.8975	0.43	0.7	1
22486.085199999998	0.34	0.7	1
22768.879599999997	0.39	0.6	1
23053.547399999996	0.38	0.7	1
23340.088599999995	0.35	0.7	1
23628.503199999996	0.34	0.7	1
23918.791199999996	0.39	0.7	1
24210.685899999997	0.45	0.6	1
24504.187299999998	0.38	0.6	1
24799.5621	0.37	0.7	1
25096.5436	0.4	0.6	1
25395.3985	0.39	0.7	1
25696.1268	0.4	0.7	1
25998.461799999997	0.38	0.6	1
26302.670199999997	0.4	0.7	1
26608.485299999997	0.41	0.6	1
26916.173799999997	0.36	0.7	1
27225.468999999997	0.42	0.6	1
27536.6376	0.38	0.7	1
27849.4129	0.4	0.6	1
28164.0616	0.4	0.7	1
28480.050300000003	0.41	0.5	1
28797.6457	0.38	0.6	1
29116.8478	0.42	0.6	1
29437.9233	0.38	0.7	1
29760.605499999998	0.4	0.6	1
30084.627699999997	0.42	0.5	1
30409.989899999997	0.46	0.5	1
30737.225499999997	0.37	0.7	1
31066.334499999997	0.36	0.7	1
31397.316899999998	0.34	0.7	1
31730.1727	0.4	0.7	1
32064.6352	0.35	0.6	1
32400.704400000002	0.41	0.6	1
32738.647	0.37	0.7	1
33078.463	0.36	0.7	1
33420.152400000006	0.32	0.7	1
33763.715200000006	0.37	0.7	1
34108.35140000001	0.55	0.4	1
34454.594300000004	0.46	0.6	1
34802.177200000006	0.43	0.5	1
35151.3668	0.47	0.6	1
35502.429800000005	0.39	0.7	1
35855.366200000004	0.35	0.7	1
36210.17600000001	0.37	0.7	1
36566.859200000006	0.32	0.7	1
36925.14910000001	0.44	0.6	1
37284.77900000001	0.58	0.5	1
37646.015600000006	0.38	0.6	1
38009.12560000001	0.37	0.7	1
38373.575600000004	0.43	0.5	1
38739.899000000005	0.33	0.7	1
39107.5624	0.43	0.5	1
39475.565800000004	0.47	0.5	1
39845.1759	0.41	0.6	1
40216.659400000004	0.37	0.7	1
40590.0163	0.38	0.7	1
40965.246600000006	0.44	0.7	1
41342.350300000006	0.38	0.7	1
41721.3274	0.34	0.7	1
42101.9112	0.39	0.6	1
42484.3684	0.42	0.7	1
42868.699	0.39	0.7	1
43254.903	0.37	0.7	1
43642.447	0.45	0.5	1
44031.5977	0.4	0.6	1
44422.6218	0.31	0.7	1
44815.5193	0.36	0.7	1
45210.0235	0.36	0.6	1
45606.4011	0.4	0.7	1
46004.3854	0.44	0.6	1
46403.7097	0.46	0.5	1
46804.373999999996	0.55	0.5	1
47206.9117	0.43	0.7	1
47611.322799999994	0.38	0.7	1
48017.340599999996	0.38	0.6	1
48424.965099999994	0.43	0.6	1
48834.462999999996	0.37	0.7	1
49245.834299999995	0.36	0.7	1
49658.8123	0.44	0.6	1
50073.6637	0.42	0.7	1
50490.3885	0.33	0.7	1
50908.4533	0.38	0.5	1
51328.3915	0.36	0.7	1
51750.4697	0.35	0.8	1
52174.1546	0.4	0.6	1
52599.9795	0.34	0.8	1
53027.9444	0.4	0.8	1
53457.7827	0.39	0.7	1
53889.4944	0.42	0.7	1
54322.0795	0.4	0.7	1
54756.0046	0.45	0.5	1
55191.5364	0.4	0.6	1
55628.9416	0.37	0.7	1
56067.953499999996	0.37	0.6	1
56509.37209999999	0.32	0.9	1
56952.664099999995	0.38	0.7	1
57397.56279999999	0.48	0.6	1
57843.801499999994	0.49	0.5	1
58291.38019999999	0.44	0.5	1
58740.565599999994	0.44	0.6	1
59191.62439999999	0.38	0.7	1
59644.289899999996	0.43	0.6	1
60098.562099999996	0.39	0.6	1
60554.7077	0.35	0.7	1
61012.7267	0.34	0.7	1
61472.619099999996	0.35	0.7	1
61934.1182	0.38	0.6	1
62397.490699999995	0.37	0.7	1
62862.7366	0.43	0.7	1
63329.589199999995	0.41	0.6	1
63798.3152	0.36	0.7	1
64268.9146	0.42	0.7	1
64740.854	0.42	0.5	1
65214.4001	0.38	0.6	1
65689.5529	0.47	0.6	1
66166.57909999999	0.4	0.7	1
66644.94529999999	0.44	0.5	1
67124.91819999999	0.36	0.6	1
67606.76449999999	0.34	0.7	1
68090.48419999999	0.4	0.7	1
68575.8106	0.45	0.6	1
69062.74369999999	0.36	0.6	1
69551.5502	0.39	0.7	1
70042.2301	0.42	0.7	1
70534.25	0.44	0.5	1
71028.1433	0.37	0.7	1
71523.90999999999	0.37	0.7	1
72021.5501	0.32	0.7	1
72520.79689999999	0.42	0.6	1
73021.91709999999	0.36	0.7	1
73524.9107	0.35	0.7	1
74029.77769999999	0.41	0.7	1
74536.51809999999	0.36	0.7	1
75044.86519999999	0.44	0.6	1
75554.81899999999	0.43	0.6	1
76066.3795	0.39	0.6	1
76579.54669999999	0.42	0.6	1
77094.0539	0.46	0.5	1
77610.1678	0.42	0.6	1
78128.15509999999	0.49	0.7	1
78647.4824	0.46	0.5	1
79168.6831	0.4	0.7	1
79691.7572	0.33	0.7	1
80216.70469999999	0.33	0.7	1
80743.25889999999	0.37	0.6	1
81271.68649999998	0.37	0.7	1
81801.98749999999	0.35	0.7	1
82333.62849999999	0.46	0.5	1
82867.14289999999	0.4	0.7	1
83402.264	0.44	0.6	1
83938.7251	0.45	0.5	1
84476.7929	0.43	0.6	1
85016.7341	0.32	0.7	1
85558.5487	0.39	0.7	1
86101.7033	0.41	0.5	1
86646.1979	0.48	0.5	1
87192.5659	0.37	0.7	1
87740.2739	0.48	0.5	1
