3.2	0.23	1.2	1
8.2667	0.34	0.7	1
16.0001	0.25	1.0	1
24.8002	0.49	0.4	1
35.2003	0.42	0.6	1
47.4671	0.35	0.7	1
62.133900000000004	0.32	0.9	1
79.20070000000001	0.32	0.9	1
97.8675	0.4	0.6	1
118.40100000000001	0.38	0.7	1
140.5345	0.49	0.6	1
164.268	0.45	0.6	1
189.8682	0.33	0.7	1
217.0684	0.41	0.6	1
246.1353	0.4	0.7	1
277.0689	0.36	0.7	1
309.60249999999996	0.42	0.6	1
343.73609999999996	0.41	0.6	1
379.203	0.44	0.5	1
416.2699	0.4	0.6	1
455.7368	0.37	0.9	1
497.337	0.34	0.8	1
540.5372	0.4	0.6	1
585.3374	0.41	0.6	1
631.2709	0.31	0.8	1
678.8044	0.35	0.6	1
728.2046	0.39	0.7	1
779.2048	0.44	0.6	1
831.5382999999999	0.53	0.5	1
885.7384999999999	0.35	0.7	1
941.5387	0.37	0.6	1
998.6722	0.46	0.5	1
1057.6724	0.33	0.7	1
1118.5393	0.39	0.7	1
1181.2729	0.45	0.7	1
1245.6064999999999	0.44	0.6	1
1311.8067999999998	0.38	0.7	1
1379.3403999999998	0.49	0.5	1
1449.8072999999997	0.29	1.1	1
1522.4074999999998	0.32	0.8	1
1596.6076999999998	0.41	0.6	1
1672.1411999999998	0.4	0.5	1
1749.5413999999998	0.4	0.7	1
1830.6748999999998	0.22	1.4	1
1913.6750999999997	0.47	0.7	1
1999.6085999999998	0.26	1.1	1
2087.4087999999997	0.32	0.7	1
2177.8756999999996	0.26	1.0	1
2270.2092999999995	0.35	0.7	1
2364.1428999999994	0.4	0.6	1
2460.7431999999994	0.3	1.0	1
2559.2101999999995	0.34	0.7	1
2659.5438999999997	0.37	0.7	1
2761.7443	0.38	0.7	1
2865.8114	0.36	0.7	1
2971.7452	0.37	0.7	1
3079.5456999999997	0.38	0.7	1
3189.2128999999995	0.38	0.7	1
3300.4800999999993	0.37	0.6	1
3413.3472999999994	0.4	0.6	1
3527.8144999999995	0.43	0.6	1
3643.6149999999993	0.47	0.5	1
3761.282199999999	0.36	0.7	1
3880.549399999999	0.38	0.6	1
4001.949899999999	0.37	0.8	1
4125.217099999999	0.38	0.7	1
4250.084299999999	0.41	0.6	1
4376.551499999999	0.44	0.6	1
4505.151999999998	0.34	0.8	1
4635.352499999998	0.43	0.6	1
4767.419699999999	0.41	0.7	1
4901.353599999999	0.4	0.7	1
5036.887499999999	0.43	0.6	1
5174.288099999999	0.35	0.7	1
5313.288699999999	0.47	0.6	1
5454.155999999999	0.37	0.7	1
5596.889999999999	0.39	0.7	1
5741.490699999999	0.43	0.7	1
5887.6914	0.39	0.6	1
6035.7588	0.37	0.7	1
6185.6929	0.38	0.7	1
6337.227	0.39	0.6	1
6490.8944	0.35	0.8	1
6646.1618	0.43	0.6	1
6803.0292	0.46	0.6	1
6961.4966	0.41	0.6	1
7121.564	0.4	0.6	1
7283.498100000001	0.34	0.7	1
7446.7655	0.41	0.5	1
7611.6329000000005	0.46	0.6	1
7778.367	0.34	0.7	1
7946.9678	0.38	0.7	1
8117.1686	0.42	0.6	1
8289.2361	0.42	0.7	1
8462.9036	0.48	0.6	1
8637.9044	0.45	0.5	1
8814.5052	0.44	0.6	1
8992.9727	0.4	0.7	1
9173.0402	0.41	0.6	1
9354.707699999999	0.39	0.6	1
9538.241899999999	0.32	0.7	1
9723.1094	0.42	0.5	1
9909.5769	0.39	0.6	1
10097.6444	0.44	0.6	1
10287.578599999999	0.41	0.7	1
10480.179499999998	0.28	1.0	1
10673.380399999998	0.38	0.6	1
10867.914599999998	0.5	0.5	1
11063.782099999999	0.4	0.5	1
11261.2496	0.41	0.6	1
11460.583799999999	0.33	0.7	1
11661.784699999998	0.35	0.7	1
11864.585599999999	0.39	0.6	1
12069.2532	0.35	0.7	1
12274.9875	0.51	0.4	1
12482.5885	0.41	0.7	1
12692.5895	0.32	0.9	1
12903.9238	0.49	0.5	1
13116.591400000001	0.45	0.5	1
13331.1257	0.36	0.7	1
13547.5267	0.32	0.7	1
13765.5277	0.41	0.6	1
13985.395400000001	0.42	0.7	1
14207.1298	0.4	0.7	1
14430.7309	0.32	0.7	1
14655.932	0.41	0.6	1
14882.999800000001	0.42	0.7	1
15111.9343	0.36	0.7	1
15342.7355	0.38	0.7	1
15575.403400000001	0.36	0.7	1
15809.671300000002	0.39	0.6	1
16045.272500000001	0.5	0.5	1
16282.7404	0.37	0.7	1
16522.075	0.36	0.7	1
16763.0096	0.4	0.6	1
17005.5442	0.43	0.6	1
17249.6788	0.43	0.6	1
17495.1467	0.52	0.5	1
17742.2146	0.38	0.6	1
17991.1492	0.32	0.7	1
18241.6838	0.39	0.6	1
18494.0851	0.35	0.7	1
18748.3531	0.37	0.7	1
19004.4878	0.36	0.7	1
19261.9558	0.4	0.5	1
19521.2905	0.35	0.7	1
19781.9585	0.46	0.5	1
20044.4932	0.36	0.7	1
20308.8946	0.35	0.7	1
20574.896	0.42	0.6	1
20842.7641	0.35	0.7	1
21112.2322	0.4	0.6	1
21383.567	0.35	0.7	1
21656.5018	0.38	0.6	1
21931.0366	0.39	0.6	1
22207.4381	0.36	0.7	1
22485.439599999998	0.38	0.6	1
22765.0411	0.39	0.6	1
23046.242599999998	0.42	0.6	1
23329.3108	0.38	0.7	1
23613.979	0.44	0.6	1
23900.247199999998	0.37	0.6	1
24188.3821	0.3	0.7	1
24478.3837	0.41	0.7	1
24769.9853	0.4	0.6	1
25062.9202	0.38	0.5	1
25357.4551	0.39	0.6	1
25653.59	0.36	0.6	1
25951.5916	0.38	0.7	1
26251.1932	0.45	0.6	1
26552.1281	0.47	0.5	1
26854.663	0.39	0.6	1
27157.7979	0.44	0.6	1
27462.5328	0.39	0.6	1
27769.134400000003	0.36	0.7	1
28077.602700000003	0.35	0.7	1
28387.937700000002	0.38	0.7	1
28699.872700000004	0.42	0.6	1
29013.407700000003	0.4	0.6	1
29328.5427	0.37	0.6	1
29645.544400000002	0.37	0.7	1
29964.412800000002	0.43	0.7	1
30285.147900000004	0.39	0.7	1
30607.483000000004	0.4	0.6	1
30931.684800000003	0.37	0.7	1
31257.753300000004	0.36	0.7	1
31585.688500000004	0.4	0.7	1
31915.490400000002	0.35	0.7	1
32246.892300000003	0.41	0.6	1
32579.894200000002	0.36	0.6	1
32913.9628	0.48	0.4	1
33249.3647	0.41	0.5	1
33586.6333	0.38	0.7	1
33925.2352	0.58	0.5	1
34265.7038	0.39	0.7	1
34608.0391	0.37	0.7	1
34952.2411	0.37	0.7	1
35298.3098	0.39	0.7	1
35645.978500000005	0.48	0.6	1
35995.513900000005	0.33	0.7	1
36346.916000000005	0.39	0.7	1
36700.1848	0.35	0.7	1
37055.0536	0.45	0.6	1
37411.7891	0.34	0.7	1
37769.8579	0.41	0.5	1
38129.7934	0.38	0.7	1
38491.5956	0.39	0.7	1
38855.2645	0.39	0.7	1
39220.2667	0.45	0.5	1
39586.8689	0.45	0.6	1
39955.3378	0.38	0.7	1
40325.6734	0.38	0.7	1
40697.609	0.39	0.6	1
41071.1446	0.43	0.6	1
41445.5469	0.37	0.7	1
41821.8159	0.36	0.7	1
42199.9516	0.39	0.7	1
42579.954	0.38	0.7	1
42961.8231	0.41	0.7	1
43345.5589	0.4	0.7	1
43730.894700000004	0.4	0.6	1
44118.097200000004	0.37	0.7	1
44506.8997	0.38	0.6	1
44897.3022	0.44	0.6	1
45289.038	0.48	0.5	1
45682.6405	0.39	0.7	1
46077.843	0.37	0.6	1
46474.6455	0.43	0.6	1
46873.047999999995	0.4	0.6	1
47273.0505	0.39	0.6	1
47674.653	0.41	0.6	1
48077.8555	0.43	0.6	1
48482.657999999996	0.41	0.6	1
48889.06049999999	0.43	0.6	1
49297.062999999995	0.4	0.6	1
49706.665499999996	0.46	0.6	1
50117.867999999995	0.4	0.6	1
50531.203799999996	0.37	0.8	1
50946.406299999995	0.39	0.7	1
51363.47549999999	0.34	0.7	1
51782.41139999999	0.4	0.7	1
52203.21399999999	0.38	0.7	1
52625.616599999994	0.36	0.6	1
53049.885899999994	0.4	0.7	1
53475.75519999999	0.41	0.6	1
53903.49119999999	0.39	0.7	1
54333.09389999999	0.37	0.7	1
54764.296599999994	0.43	0.6	1
55197.365999999995	0.37	0.7	1
55632.30209999999	0.39	0.7	1
56068.83819999999	0.43	0.6	1
56507.240999999995	0.44	0.7	1
56946.9771	0.44	0.5	1
57388.3132	0.44	0.6	1
57831.249299999996	0.37	0.6	1
58276.05209999999	0.4	0.7	1
58722.4549	0.43	0.6	1
59170.4577	0.44	0.6	1
59620.0605	0.36	0.6	1
60071.53	0.31	0.7	1
60524.5995	0.4	0.6	1
60979.53569999999	0.36	0.7	1
61436.338599999995	0.36	0.7	1
61894.474799999996	0.46	0.5	1
62353.944299999996	0.42	0.5	1
62815.28049999999	0.42	0.7	1
63278.21669999999	0.41	0.6	1
63743.01959999999	0.35	0.7	1
64209.42249999999	0.37	0.6	1
64677.42539999999	0.41	0.6	1
65146.76159999999	0.49	0.5	1
65617.43109999999	0.49	0.5	1
66089.96729999999	0.34	0.7	1
66564.37019999999	0.38	0.7	1
67040.63979999999	0.36	0.7	1
67518.77609999999	0.37	0.7	1
67998.77909999999	0.42	0.7	1
68480.64879999998	0.36	0.7	1
68963.85179999997	0.44	0.5	1
