1.8	0.37	0.8	1
4.95	0.4	0.6	1
9.675	0.39	0.7	1
15.975000000000001	0.4	0.7	1
23.85	0.38	0.7	1
33.3	0.4	0.7	1
44.55	0.34	0.8	1
57.375	0.4	0.7	1
71.325	0.43	0.5	1
86.85	0.39	0.7	1
103.94999999999999	0.38	0.7	1
122.62499999999999	0.36	0.7	1
142.875	0.38	0.7	1
164.7	0.38	0.7	1
188.1	0.4	0.7	1
213.075	0.35	0.7	1
239.85	0.37	0.8	1
268.425	0.36	0.8	1
298.575	0.38	0.7	1
330.525	0.34	0.8	1
363.825	0.62	0.6	1
398.7	0.43	0.7	1
435.375	0.36	0.8	1
474.3	0.27	1.0	1
515.025	0.34	0.8	1
557.1	0.43	0.6	1
600.75	0.33	0.7	1
645.75	0.33	0.6	1
692.325	0.45	0.7	1
740.475	0.4	0.7	1
789.2	0.34	0.7	1
839.5	0.4	0.7	1
892.5	0.29	1.2	1
946.85	0.4	0.6	1
1002.775	0.41	0.7	1
1060.05	0.35	0.6	1
1118.8999999999999	0.38	0.7	1
1179.1	0.45	0.6	1
1240.6499999999999	0.41	0.6	1
1303.7749999999999	0.42	0.7	1
1368.475	0.36	0.7	1
1434.75	0.36	0.7	1
1503.05	0.31	0.9	1
1572.7	0.45	0.6	1
1643.925	0.38	0.7	1
1716.725	0.39	0.7	1
1790.875	0.43	0.6	1
1866.375	0.39	0.6	1
1943.225	0.42	0.6	1
2021.6499999999999	0.39	0.7	1
2102.1	0.34	0.9	1
2184.125	0.39	0.7	1
2267.725	0.41	0.7	1
2352.9	0.36	0.7	1
2439.425	0.44	0.6	1
2527.525	0.4	0.7	1
2616.75	0.46	0.5	1
2707.55	0.35	0.7	1
2799.7000000000003	0.4	0.6	1
2892.9750000000004	0.47	0.5	1
2987.3750000000005	0.4	0.5	1
3083.3500000000004	0.39	0.7	1
3181.1250000000005	0.35	0.8	1
3280.4750000000004	0.4	0.7	1
3381.4000000000005	0.33	0.7	1
3483.6750000000006	0.4	0.6	1
3587.5250000000005	0.37	0.7	1
3692.9500000000007	0.36	0.7	1
3799.9500000000007	0.43	0.7	1
3908.3000000000006	0.46	0.6	1
4018.0000000000005	0.39	0.6	1
4128.825000000001	0.38	0.5	1
4241.225	0.33	0.7	1
4354.975	0.48	0.6	1
4470.075000000001	0.43	0.6	1
4586.750000000001	0.39	0.7	1
4704.775000000001	0.39	0.6	1
4824.150000000001	0.37	0.6	1
4946.000000000001	0.25	1.1	1
5069.425000000001	0.38	0.7	1
5194.425000000001	0.38	0.7	1
5321.000000000001	0.37	0.7	1
5448.700000000001	0.44	0.5	1
5577.975	0.37	0.7	1
5708.6	0.4	0.6	1
5840.8	0.39	0.7	1
5974.575	0.38	0.7	1
6109.925	0.33	0.7	1
6246.85	0.36	0.7	1
6385.125	0.48	0.6	1
6525.2	0.39	0.8	1
6666.849999999999	0.38	0.7	1
6810.075	0.37	0.7	1
6954.875	0.3	0.7	1
7099.8	0.44	0.5	1
7246.3	0.38	0.7	1
7394.375	0.36	0.7	1
7543.8	0.38	0.6	1
7694.575	0.45	0.6	1
7846.7	0.41	0.6	1
8000.4	0.34	0.7	1
8155.674999999999	0.33	0.7	1
8312.525	0.4	0.7	1
8470.725	0.4	0.6	1
8630.5	0.36	0.7	1
8791.85	0.43	0.7	1
8954.775	0.37	0.7	1
9119.275	0.36	0.7	1
9285.35	0.39	0.7	1
9453.0	0.35	0.7	1
9622.0	0.43	0.6	1
9792.575	0.36	0.7	1
9964.725	0.32	0.7	1
10138.225	0.41	0.6	1
10313.075	0.41	0.6	1
10489.5	0.36	0.7	1
10667.5	0.35	0.7	1
10847.075	0.33	0.7	1
11028.225	0.34	0.7	1
11210.5	0.49	0.5	1
11394.35	0.35	0.7	1
11579.325	0.38	0.5	1
11765.875	0.39	0.7	1
11953.775	0.41	0.6	1
12143.025	0.4	0.6	1
12333.85	0.38	0.7	1
12526.025	0.43	0.6	1
12719.55	0.38	0.6	1
12914.199999999999	0.45	0.5	1
13109.749999999998	0.5	0.4	1
13306.649999999998	0.38	0.6	1
13505.124999999998	0.39	0.7	1
13704.949999999999	0.46	0.6	1
13906.124999999998	0.36	0.6	1
14108.649999999998	0.37	0.6	1
14312.749999999998	0.38	0.7	1
14518.424999999997	0.38	0.7	1
14725.449999999997	0.38	0.6	1
14933.824999999997	0.44	0.6	1
15143.549999999997	0.39	0.6	1
15354.624999999998	0.38	0.6	1
15567.274999999998	0.46	0.7	1
15781.499999999998	0.37	0.7	1
15997.299999999997	0.39	0.7	1
16214.674999999997	0.39	0.7	1
16433.399999999998	0.43	0.6	1
16653.249999999996	0.43	0.5	1
16874.449999999997	0.36	0.6	1
17096.999999999996	0.45	0.6	1
17320.899999999998	0.4	0.6	1
17546.374999999996	0.34	0.7	1
17773.424999999996	0.36	0.7	1
18002.049999999996	0.37	0.7	1
18231.799999999996	0.46	0.5	1
18462.899999999994	0.41	0.6	1
18695.349999999995	0.39	0.6	1
18928.924999999996	0.46	0.5	1
19163.849999999995	0.42	0.6	1
19400.349999999995	0.44	0.7	1
19638.199999999993	0.37	0.6	1
19877.624999999993	0.37	0.7	1
20118.174999999992	0.39	0.5	1
20360.074999999993	0.39	0.6	1
20603.099999999995	0.43	0.5	1
20846.474999999995	0.38	0.6	1
21090.749999999996	0.54	0.4	1
21336.599999999995	0.3	0.7	1
21583.574999999993	0.42	0.5	1
21831.674999999992	0.48	0.5	1
22081.34999999999	0.35	0.7	1
22332.59999999999	0.34	0.7	1
22585.424999999992	0.38	0.7	1
22839.374999999993	0.39	0.5	1
23094.899999999994	0.36	0.7	1
23351.999999999993	0.39	0.7	1
23610.449999999993	0.37	0.6	1
23870.249999999993	0.45	0.6	1
24131.174999999992	0.45	0.5	1
24393.449999999993	0.44	0.6	1
24657.299999999992	0.33	0.7	1
24922.72499999999	0.36	0.7	1
25189.27499999999	0.41	0.5	1
25457.39999999999	0.38	0.7	1
25726.87499999999	0.42	0.6	1
25997.69999999999	0.35	0.6	1
26270.09999999999	0.39	0.7	1
26543.84999999999	0.49	0.6	1
26819.174999999992	0.31	0.7	1
27095.84999999999	0.43	0.6	1
27374.09999999999	0.33	0.7	1
27653.69999999999	0.41	0.6	1
27933.87499999999	0.37	0.7	1
28215.62499999999	0.38	0.7	1
28498.724999999988	0.39	0.6	1
28783.399999999987	0.4	0.7	1
29070.54999999999	0.28	1.1	1
29359.274999999987	0.35	0.7	1
29649.124999999985	0.42	0.5	1
29940.549999999985	0.36	0.7	1
30233.549999999985	0.36	0.7	1
30528.349999999984	0.35	0.8	1
30824.724999999984	0.37	0.7	1
31122.674999999985	0.4	0.7	1
31422.199999999986	0.36	0.7	1
31723.299999999985	0.38	0.7	1
32025.974999999984	0.38	0.7	1
32330.224999999984	0.37	0.7	1
32635.824999999983	0.37	0.6	1
32942.999999999985	0.4	0.7	1
33251.749999999985	0.37	0.7	1
33561.849999999984	0.38	0.6	1
33873.07499999998	0.41	0.5	1
34185.874999999985	0.42	0.7	1
34500.02499999999	0.36	0.6	1
34815.29999999999	0.45	0.5	1
35131.69999999999	0.44	0.5	1
35449.44999999999	0.43	0.6	1
35768.77499999999	0.41	0.7	1
36089.44999999999	0.34	0.6	1
36411.69999999999	0.41	0.7	1
36735.29999999999	0.42	0.6	1
37060.47499999999	0.41	0.7	1
37387.22499999999	0.35	0.7	1
37715.32499999999	0.39	0.6	1
38044.77499999999	0.42	0.6	1
38375.57499999999	0.4	0.6	1
38707.94999999999	0.36	0.7	1
39041.67499999999	0.4	0.6	1
39376.749999999985	0.44	0.6	1
39713.17499999999	0.42	0.6	1
40051.17499999999	0.38	0.7	1
40390.749999999985	0.41	0.7	1
40731.89999999999	0.32	0.7	1
41074.624999999985	0.33	0.7	1
41418.92499999999	0.38	0.7	1
41764.79999999999	0.35	0.7	1
42112.249999999985	0.38	0.7	1
42461.04999999999	0.43	0.6	1
42811.42499999999	0.35	0.7	1
43163.374999999985	0.38	0.7	1
43516.67499999999	0.4	0.6	1
43871.54999999999	0.37	0.7	1
44227.54999999999	0.41	0.5	1
44585.124999999985	0.33	0.7	1
44943.82499999998	0.36	0.5	1
45304.099999999984	0.38	0.7	1
45665.94999999998	0.38	0.7	1
46029.14999999998	0.4	0.6	1
46393.69999999998	0.39	0.6	1
46759.599999999984	0.43	0.6	1
47127.07499999998	0.37	0.7	1
47495.89999999998	0.38	0.6	1
47866.29999999998	0.41	0.7	1
48238.04999999998	0.41	0.6	1
48611.14999999998	0.39	0.6	1
48985.59999999998	0.43	0.6	1
49361.62499999998	0.37	0.7	1
49739.22499999998	0.35	0.7	1
50118.39999999998	0.46	0.7	1
50499.14999999998	0.35	0.7	1
50881.24999999998	0.42	0.6	1
