1.4667	0.34	0.8	1
4.4001	0.28	0.8	1
8.9835	0.3	0.9	1
15.216899999999999	0.34	0.9	1
22.916999999999998	0.37	0.8	1
32.2671	0.35	0.9	1
43.0839	0.34	0.8	1
55.3674	0.44	0.8	1
69.3009	0.29	0.9	1
84.7011	0.33	0.8	1
101.568	0.42	0.8	1
120.0849	0.3	0.9	1
140.2518	0.32	0.9	1
161.8854	0.31	0.8	1
185.169	0.33	0.9	1
209.91930000000002	0.35	0.8	1
236.3196	0.32	0.9	1
264.36990000000003	0.36	0.9	1
293.8869	0.37	0.8	1
324.8706	0.36	0.8	1
357.321	0.35	0.8	1
391.23810000000003	0.35	0.8	1
427.3552	0.25	1.2	1
465.3056	0.32	1.0	1
504.906	0.33	0.9	1
546.7064	0.26	1.2	1
590.5235	0.25	1.1	1
635.9906	0.3	0.9	1
683.2909999999999	0.37	1.0	1
732.0581	0.36	0.8	1
782.4752	0.29	0.9	1
833.3589999999999	0.33	0.8	1
885.7094999999999	0.32	0.8	1
939.7099999999999	0.36	0.9	1
995.5437999999999	0.29	1.0	1
1052.8443	0.29	0.8	1
1111.6115	0.34	0.8	1
1171.8454	0.37	0.8	1
1234.096	0.24	1.1	1
1298.3633	0.28	1.1	1
1364.0973	0.32	0.8	1
1431.4813	0.31	0.9	1
1500.3319999999999	0.4	0.8	1
1571.1994	0.29	1.1	1
1643.7168	0.29	0.9	1
1717.7008999999998	0.36	0.8	1
1793.3349999999998	0.32	0.9	1
1870.6191	0.32	0.9	1
1949.3699	0.35	0.8	1
2029.5874	0.4	0.8	1
2111.6382	0.3	1.0	1
2195.1557	0.36	0.8	1
2280.5065	0.32	1.0	1
2367.5072999999998	0.32	0.9	1
2455.9748	0.36	0.8	1
2545.909	0.27	0.8	1
2637.3099	0.29	0.8	1
2730.1775000000002	0.33	0.8	1
2824.6951000000004	0.26	0.9	1
2920.6794000000004	0.39	0.8	1
3018.3137000000006	0.29	0.9	1
3118.5147000000006	0.23	1.4	1
3220.3657000000007	0.31	0.9	1
3323.866700000001	0.33	0.9	1
3428.834400000001	0.35	0.8	1
3535.268800000001	0.39	0.8	1
3643.1699000000012	0.34	0.8	1
3752.537700000001	0.32	0.8	1
3863.5555000000013	0.33	0.9	1
3976.2233000000015	0.32	0.9	1
4090.3578000000016	0.33	0.8	1
4205.959000000002	0.33	0.8	1
4323.393500000002	0.26	1.0	1
4442.478000000002	0.28	0.9	1
4563.2125000000015	0.3	0.9	1
4685.780300000001	0.29	1.0	1
4809.814800000001	0.33	0.8	1
4935.866000000001	0.29	1.1	1
5063.383900000001	0.36	0.8	1
5192.735100000001	0.3	1.0	1
5323.919600000001	0.33	1.0	1
5456.570800000001	0.36	0.8	1
5590.6887000000015	0.32	0.8	1
5726.273300000002	0.37	0.8	1
5863.324600000002	0.33	0.8	1
6001.842600000002	0.35	0.8	1
6141.827300000002	0.33	0.8	1
6283.278700000002	0.31	0.8	1
6426.1968000000015	0.32	0.8	1
6570.581600000001	0.33	0.8	1
6716.616400000002	0.29	0.9	1
6864.117900000002	0.36	0.8	1
7013.086100000002	0.35	0.8	1
7163.887600000002	0.31	1.0	1
7316.155800000002	0.3	0.8	1
7470.257300000002	0.29	1.0	1
7625.825500000002	0.35	0.8	1
7782.860400000001	0.35	0.8	1
7941.362000000001	0.34	0.8	1
8101.696900000001	0.3	1.0	1
8263.8651	0.29	1.0	1
8427.6833	0.3	0.9	1
8592.968200000001	0.34	0.8	1
8759.903100000001	0.37	0.9	1
8928.3047	0.34	0.8	1
9098.356300000001	0.29	0.9	1
9269.874600000001	0.32	0.8	1
9443.226200000001	0.32	1.0	1
9618.044500000002	0.34	0.8	1
9794.329500000002	0.32	0.8	1
9972.081200000002	0.44	0.8	1
10151.482900000003	0.34	0.9	1
10332.717900000003	0.28	1.0	1
10515.786200000004	0.31	1.0	1
10701.054500000004	0.24	1.2	1
10887.972800000003	0.32	0.9	1
11076.357800000003	0.37	0.8	1
11266.209500000003	0.36	0.8	1
11457.527900000003	0.34	0.8	1
11650.313000000002	0.34	0.8	1
11844.748100000003	0.36	0.9	1
12040.833200000003	0.31	0.9	1
12238.385000000002	0.36	0.8	1
12437.403500000002	0.31	0.8	1
12637.888700000001	0.4	0.8	1
12839.840600000001	0.3	0.8	1
13043.442500000001	0.3	0.9	1
13248.6944	0.3	0.9	1
13454.596300000001	0.3	0.9	1
13661.9649	0.31	0.8	1
13871.1668	0.29	1.0	1
14082.202000000001	0.29	1.0	1
14294.7039	0.35	0.8	1
14508.855800000001	0.32	0.9	1
14724.474400000001	0.35	0.8	1
14941.559700000002	0.32	0.8	1
15160.111700000001	0.31	0.8	1
15380.3137	0.24	0.9	1
15601.9824	0.36	0.8	1
15825.1178	0.3	0.8	1
16049.7199	0.36	0.8	1
16275.972	0.36	0.9	1
16503.8741	0.34	0.9	1
16733.4262	0.29	0.9	1
16964.445000000003	0.32	0.8	1
17197.113800000003	0.3	0.9	1
17431.249300000003	0.35	0.8	1
17666.851500000004	0.39	0.8	1
17903.920400000003	0.39	0.8	1
18142.456000000002	0.43	0.8	1
18382.458300000002	0.33	0.8	1
18623.927300000003	0.36	0.8	1
18866.863000000005	0.34	0.8	1
19111.265400000004	0.29	0.8	1
19357.134500000004	0.33	0.8	1
19604.836900000002	0.3	1.0	1
19854.006	0.31	0.8	1
20105.008400000002	0.29	1.0	1
20357.844100000002	0.28	1.0	1
20612.146500000003	0.33	0.8	1
20867.915600000004	0.37	0.8	1
21125.518000000004	0.29	1.0	1
21384.587100000004	0.3	0.8	1
21645.306200000003	0.31	0.9	1
21907.492000000002	0.34	0.8	1
22171.327800000003	0.32	0.9	1
22436.8136	0.3	0.9	1
22703.7661	0.33	0.8	1
22972.1853	0.38	0.8	1
23242.071200000002	0.3	0.8	1
23513.6071	0.34	0.9	1
23786.6097	0.31	0.8	1
24061.262300000002	0.34	0.9	1
24337.3816	0.37	0.8	1
24614.9676	0.32	0.8	1
24894.0203	0.32	0.8	1
25174.5397	0.38	0.8	1
25456.7091	0.34	0.9	1
25740.3452	0.31	0.8	1
26025.448	0.39	0.8	1
26312.2008	0.27	0.9	1
26600.7869	0.31	1.0	1
26890.8397	0.34	0.8	1
27182.3592	0.37	0.8	1
27475.712	0.3	1.0	1
27771.0815	0.28	1.1	1
28068.101	0.34	0.9	1
28366.587199999998	0.34	0.8	1
28666.7234	0.33	0.9	1
28968.509599999998	0.4	0.9	1
29271.945799999998	0.3	0.9	1
29577.032	0.33	0.9	1
29883.584899999998	0.33	0.8	1
30191.604499999998	0.38	0.8	1
30501.2741	0.31	0.9	1
30812.410399999997	0.37	0.8	1
31125.196699999997	0.3	0.9	1
31439.449699999997	0.32	0.8	1
31755.535999999996	0.31	1.0	1
32073.272299999997	0.33	0.9	1
32392.4753	0.36	0.8	1
32713.328299999997	0.32	0.9	1
33035.8313	0.34	0.9	1
33359.801	0.31	0.8	1
33685.604	0.28	1.0	1
34015.257	0.19	2.1	1
34346.3767	0.37	0.8	1
34679.1464	0.29	0.9	1
35013.7494	0.28	1.0	1
35350.0024	0.32	0.9	1
35687.7221	0.34	0.8	1
36027.6418	0.27	1.2	1
36369.2115	0.33	0.9	1
36712.247899999995	0.33	0.8	1
37056.93429999999	0.34	0.9	1
37403.0874	0.38	0.8	1
37751.0738	0.3	1.0	1
38100.7102	0.3	0.9	1
38451.9966	0.34	0.9	1
38804.7497	0.36	0.8	1
39158.9695	0.35	0.8	1
39513.656	0.3	0.8	1
39869.8092	0.34	0.8	1
40227.7957	0.31	1.0	1
40587.248900000006	0.34	0.8	1
40948.16880000001	0.29	0.8	1
41310.555400000005	0.33	0.8	1
41674.7753	0.28	1.0	1
42040.8285	0.31	1.0	1
42408.53170000001	0.33	0.9	1
42777.70160000001	0.36	0.8	1
43148.338200000006	0.31	0.8	1
43520.624800000005	0.39	0.9	1
43894.561400000006	0.31	0.9	1
44269.964700000004	0.34	0.8	1
44646.83470000001	0.31	0.8	1
45025.17140000001	0.38	0.8	1
45404.9748	0.38	0.8	1
45786.244900000005	0.37	0.8	1
46168.981700000004	0.38	0.8	1
46553.5518	0.28	1.0	1
46939.5886	0.37	0.8	1
47327.0921	0.36	0.8	1
47716.062300000005	0.3	0.8	1
48106.86580000001	0.27	1.0	1
48499.50260000001	0.3	1.0	1
48893.606100000005	0.31	0.8	1
49289.54290000001	0.27	1.0	1
49686.94640000001	0.37	0.8	1
50086.18320000001	0.3	1.0	1
50486.88670000001	0.36	0.8	1
50889.24020000001	0.3	0.9	1
51293.243700000006	0.31	0.9	1
51698.89720000001	0.32	0.9	1
52106.20070000001	0.38	0.9	1
52514.97090000001	0.34	0.8	1
52925.20780000001	0.35	0.8	1
53337.09470000001	0.34	0.9	1
53750.81490000001	0.32	1.0	1
54166.551800000016	0.25	1.1	1
54583.75540000002	0.4	0.8	1
55002.97570000002	0.25	1.1	1
55423.662700000015	0.34	0.8	1
55845.999700000015	0.32	0.9	1
56268.986700000016	0.35	0.9	1
56693.440400000014	0.35	0.8	1
57119.36080000002	0.34	0.8	1
57546.74790000002	0.4	0.8	1
57975.601700000014	0.34	0.8	1
58406.10550000001	0.36	0.9	1
58838.25930000001	0.33	0.9	1
59271.87980000001	0.35	0.8	1
59706.96700000001	0.33	0.8	1
60143.52090000001	0.37	0.8	1
60581.541500000014	0.36	0.8	1
61021.028800000015	0.38	0.8	1
61462.16610000002	0.29	0.9	1
61904.770100000016	0.33	0.8	1
62349.02410000002	0.34	0.9	1
62794.744800000015	0.34	0.8	1
63241.93220000002	0.34	0.8	1
63690.95290000002	0.29	1.0	1
64141.44030000002	0.34	0.8	1
64593.39440000002	0.35	0.8	1
65046.81520000002	0.31	0.8	1
65501.88600000002	0.4	0.9	1
65959.70680000001	0.23	1.5	1
66419.17760000001	0.32	0.9	1
66880.11510000001	0.42	0.8	1
67342.88590000001	0.26	1.0	1
67807.12340000001	0.39	0.8	1
68273.01090000001	0.28	0.9	1
68740.54840000001	0.29	0.9	1
69209.55260000001	0.34	0.8	1
69680.02350000001	0.36	0.8	1
70152.32770000001	0.31	1.0	1
70626.09860000001	0.39	0.8	1
71101.51950000001	0.34	0.9	1
71578.7737	0.33	1.0	1
72057.67790000001	0.31	0.9	1
72538.23210000001	0.31	0.9	1
73020.6196	0.28	1.0	1
73504.8404	0.28	1.0	1
73990.5279	0.37	0.8	1
74477.6821	0.37	0.8	1
74966.66960000001	0.28	1.0	1
75457.49040000001	0.31	1.0	1
75950.14450000001	0.31	1.0	1
76444.63190000001	0.31	1.0	1
76940.58600000001	0.36	0.8	1
77438.00680000002	0.3	0.8	1
77937.26090000002	0.29	1.0	1
78438.34830000003	0.33	1.0	1
78940.90240000002	0.37	0.8	1
79445.47320000002	0.31	1.1	1
79951.69400000002	0.32	0.9	1
80460.11480000002	0.24	1.2	1
80970.18560000003	0.34	0.9	1
81481.90640000002	0.35	0.9	1
81995.09390000002	0.35	0.8	1
82509.74810000003	0.34	0.8	1
83025.86900000002	0.35	0.8	1
83543.82320000001	0.3	1.0	1
84063.24410000001	0.36	0.8	1
84584.13170000001	0.35	0.8	1
85107.21930000001	0.3	1.2	1
85631.9569	0.28	0.9	1
86158.1612	0.38	0.8	1
86686.1988	0.29	1.0	1
87215.7031	0.33	0.8	1
87746.6741	0.34	0.8	1
88279.4784	0.32	1.0	1
88813.7494	0.33	0.8	1
