1.3	0.36	0.8	1
3.9000000000000004	0.38	0.8	1
7.800000000000001	0.34	0.8	1
12.8375	0.37	0.7	1
19.5	0.26	1.0	1
27.625	0.29	0.9	1
37.05	0.32	0.8	1
48.099999999999994	0.3	1.0	1
60.6125	0.34	0.9	1
74.425	0.33	0.8	1
89.5375	0.3	0.8	1
106.1125	0.34	0.9	1
124.475	0.25	1.1	1
144.7875	0.27	1.2	1
166.4	0.39	0.8	1
189.475	0.31	0.9	1
214.0125	0.38	0.9	1
239.85	0.34	0.8	1
267.15	0.33	0.9	1
296.075	0.32	1.0	1
326.3	0.28	0.8	1
357.825	0.34	0.8	1
390.65	0.32	0.8	1
424.775	0.31	0.8	1
460.36249999999995	0.32	0.9	1
497.73749999999995	0.27	1.1	1
536.4124999999999	0.32	0.8	1
576.3874999999999	0.37	0.8	1
617.8249999999999	0.33	0.9	1
660.5624999999999	0.34	0.8	1
704.5999999999999	0.33	0.8	1
750.0999999999999	0.33	0.9	1
795.8999999999999	0.32	0.8	1
842.9999999999999	0.32	0.8	1
891.3999999999999	0.37	0.8	1
941.4249999999998	0.27	1.0	1
992.7499999999999	0.39	0.8	1
1045.5375	0.3	0.9	1
1099.7875	0.35	0.9	1
1155.5	0.33	0.9	1
1212.675	0.34	0.9	1
1271.1499999999999	0.36	0.8	1
1330.925	0.34	0.8	1
1392.0	0.33	0.8	1
1454.7	0.28	1.0	1
1519.025	0.3	1.0	1
1584.8125	0.33	0.9	1
1652.225	0.27	1.0	1
1720.9375	0.37	0.8	1
1791.925	0.2	1.4	1
1864.2124999999999	0.36	0.8	1
1937.8	0.28	0.8	1
2012.85	0.32	0.9	1
2089.3624999999997	0.3	0.9	1
2167.1749999999997	0.33	0.8	1
2246.2875	0.34	0.8	1
2326.7	0.32	0.8	1
2408.575	0.35	0.9	1
2491.75	0.42	0.8	1
2576.55	0.3	1.0	1
2662.8125	0.35	0.9	1
2750.5375	0.31	0.9	1
2839.725	0.34	0.9	1
2930.2125	0.35	0.8	1
3022.0	0.31	0.8	1
3115.25	0.34	0.9	1
3209.9625	0.29	0.9	1
3305.975	0.38	0.8	1
3403.6124999999997	0.3	1.0	1
3502.7124999999996	0.4	0.9	1
3603.1124999999997	0.41	0.8	1
3704.8124999999995	0.33	0.8	1
3807.8124999999995	0.35	0.8	1
3912.1124999999997	0.36	0.8	1
4018.2	0.29	1.1	1
4125.5875	0.36	0.8	1
4234.4375	0.31	0.9	1
4344.9125	0.27	1.0	1
4457.012500000001	0.3	1.0	1
4570.4125	0.32	0.8	1
4685.1125	0.34	0.8	1
4801.275000000001	0.29	0.9	1
4918.900000000001	0.31	0.9	1
5037.9875	0.3	0.9	1
5159.1875	0.24	1.3	1
5282.0125	0.32	1.0	1
5406.1375	0.35	0.8	1
5531.5625	0.41	0.8	1
5658.45	0.32	0.9	1
5786.8	0.36	0.9	1
5916.775000000001	0.37	1.0	1
6048.05	0.3	0.8	1
6180.7875	0.3	0.9	1
6314.9875	0.29	0.9	1
6450.4875	0.37	0.8	1
6587.45	0.3	0.9	1
6725.7125	0.38	0.8	1
6865.275	0.34	0.8	1
7006.1375	0.35	0.8	1
7148.787499999999	0.29	1.1	1
7293.062499999999	0.3	1.0	1
7438.637499999999	0.36	0.8	1
7585.512499999999	0.38	0.8	1
7733.687499999999	0.32	0.8	1
7883.324999999999	0.3	0.9	1
8034.262499999999	0.33	0.8	1
8186.499999999999	0.32	0.8	1
8340.037499999999	0.38	0.8	1
8495.037499999999	0.31	0.9	1
8651.337499999998	0.39	0.8	1
8808.937499999998	0.36	0.8	1
8968.162499999999	0.33	1.0	1
9128.687499999998	0.35	0.8	1
9290.512499999999	0.35	0.8	1
9453.8	0.31	0.9	1
9618.387499999999	0.32	0.8	1
9784.275	0.32	0.8	1
9951.7875	0.34	1.0	1
10120.7625	0.33	0.9	1
10291.362500000001	0.29	1.0	1
10465.375000000002	0.2	2.1	1
10640.850000000002	0.34	0.9	1
10817.625000000002	0.32	0.8	1
10995.025000000001	0.34	1.0	1
11174.050000000001	0.27	1.0	1
11354.375000000002	0.29	0.8	1
11536.325000000003	0.33	1.0	1
11719.575000000003	0.33	0.8	1
11904.125000000002	0.34	0.8	1
12090.137500000003	0.3	0.9	1
12277.450000000003	0.3	0.8	1
12466.225000000002	0.37	0.9	1
12656.625000000002	0.3	1.0	1
12848.812500000002	0.37	1.1	1
13042.462500000001	0.32	0.9	1
13237.412500000002	0.36	0.8	1
13434.475000000002	0.23	1.3	1
13632.837500000001	0.28	0.8	1
13832.662500000002	0.26	0.9	1
14033.787500000002	0.31	0.8	1
14236.375000000002	0.29	0.9	1
14440.425000000001	0.32	0.9	1
14645.775000000001	0.34	0.8	1
14852.750000000002	0.28	1.0	1
15061.025000000001	0.38	0.8	1
15270.600000000002	0.33	0.8	1
15481.475000000002	0.36	0.8	1
15693.812500000002	0.37	0.9	1
15907.450000000003	0.35	0.8	1
16122.387500000003	0.3	0.8	1
16339.112500000003	0.27	1.1	1
16557.625000000004	0.26	1.1	1
16777.437500000004	0.33	0.8	1
16998.875000000004	0.32	1.0	1
17221.937500000004	0.31	1.0	1
17446.787500000002	0.28	1.1	1
17672.937500000004	0.33	0.8	1
17900.387500000004	0.33	0.8	1
18129.137500000004	0.31	0.8	1
18359.187500000004	0.35	0.8	1
18590.862500000003	0.28	1.0	1
18824.000000000004	0.34	0.9	1
19058.437500000004	0.35	0.8	1
19294.337500000005	0.26	0.9	1
19531.862500000007	0.33	1.0	1
19771.175000000007	0.31	1.1	1
20012.437500000007	0.27	1.2	1
20255.000000000007	0.32	0.8	1
20499.02500000001	0.3	0.9	1
20744.35000000001	0.35	0.8	1
20990.97500000001	0.31	0.8	1
21238.90000000001	0.35	0.8	1
21488.125000000007	0.32	0.8	1
21738.65000000001	0.35	0.8	1
21990.637500000008	0.36	0.9	1
22243.925000000007	0.33	0.8	1
22498.837500000005	0.29	1.0	1
22755.375000000004	0.27	1.0	1
23013.862500000003	0.27	1.2	1
23273.812500000004	0.31	0.9	1
23535.387500000004	0.29	1.0	1
23798.425000000003	0.32	0.9	1
24063.0875	0.29	1.0	1
24329.375	0.3	1.0	1
24597.45	0.27	1.1	1
24866.825	0.31	0.8	1
25137.5	0.35	0.8	1
25409.475	0.38	0.8	1
25682.9125	0.27	0.9	1
25957.975	0.3	1.0	1
26234.5	0.26	0.9	1
26512.4875	0.32	0.9	1
26791.9375	0.33	0.9	1
27072.6875	0.31	0.8	1
27354.7375	0.31	0.8	1
27638.087499999998	0.33	0.8	1
27922.7375	0.35	0.8	1
28208.6875	0.36	0.8	1
28495.9375	0.39	0.8	1
28784.4875	0.37	0.8	1
29074.337499999998	0.27	0.8	1
29365.4875	0.34	0.8	1
29657.9375	0.32	0.8	1
29951.6625	0.26	1.4	1
30247.175	0.29	1.1	1
30543.9875	0.34	0.8	1
30842.1	0.4	0.8	1
31141.837499999998	0.36	1.0	1
31442.874999999996	0.36	0.8	1
31745.212499999998	0.35	0.8	1
32049.012499999997	0.31	0.9	1
32354.112499999996	0.36	0.8	1
32660.512499999997	0.35	0.8	1
32968.5375	0.31	1.0	1
33278.1875	0.28	1.0	1
33589.7875	0.28	1.2	1
33902.85	0.29	0.9	1
34217.7	0.27	1.1	1
34534.825	0.25	1.4	1
34853.737499999996	0.28	1.1	1
35174.274999999994	0.28	1.0	1
35496.274999999994	0.33	0.9	1
35819.575	0.36	0.8	1
36144.174999999996	0.34	0.8	1
36470.075	0.35	0.8	1
36797.4375	0.3	0.9	1
37126.1	0.39	0.8	1
37456.0625	0.28	0.8	1
37787.8125	0.27	1.1	1
38120.8625	0.31	0.8	1
38455.2125	0.35	0.8	1
38790.8625	0.33	0.8	1
39127.8125	0.38	0.8	1
39466.0625	0.35	0.8	1
39805.6125	0.38	0.8	1
40146.787500000006	0.28	1.0	1
40489.262500000004	0.34	0.8	1
40833.200000000004	0.35	0.9	1
41178.43750000001	0.31	0.8	1
41524.975000000006	0.33	0.8	1
41872.81250000001	0.4	0.8	1
42222.43750000001	0.28	1.1	1
42573.52500000001	0.32	0.9	1
42926.07500000001	0.31	0.9	1
43280.08750000001	0.25	0.9	1
43635.40000000001	0.36	0.8	1
43992.17500000001	0.35	0.9	1
44350.41250000001	0.34	0.9	1
44710.11250000001	0.38	0.9	1
45071.11250000001	0.33	0.8	1
45433.57500000001	0.32	0.9	1
45797.500000000015	0.35	0.9	1
46162.05000000002	0.3	1.0	1
46528.062500000015	0.31	0.9	1
46895.375000000015	0.34	0.8	1
47264.63750000001	0.27	1.2	1
47635.20000000001	0.34	0.8	1
48007.062500000015	0.34	0.8	1
48380.22500000001	0.41	0.8	1
48754.85000000001	0.32	0.9	1
49130.937500000015	0.34	0.9	1
49508.48750000002	0.29	0.9	1
49887.98750000002	0.27	1.2	1
50269.275000000016	0.31	1.1	1
50651.86250000002	0.37	0.8	1
51035.91250000002	0.3	0.9	1
51421.26250000002	0.36	0.8	1
51808.07500000002	0.31	0.9	1
52196.35000000002	0.29	0.9	1
52585.92500000002	0.35	0.8	1
52977.125000000015	0.31	1.0	1
53369.78750000001	0.33	0.9	1
53763.91250000001	0.33	0.9	1
54159.337500000016	0.35	0.8	1
54556.062500000015	0.3	0.8	1
54954.087500000016	0.34	0.8	1
55353.41250000001	0.37	0.8	1
55754.03750000001	0.36	0.8	1
56156.28750000001	0.27	1.0	1
56559.837500000016	0.34	0.8	1
56964.687500000015	0.31	0.8	1
57371.16250000001	0.31	1.0	1
57779.750000000015	0.26	1.3	1
58189.80000000002	0.31	0.9	1
58601.150000000016	0.37	0.8	1
59013.962500000016	0.3	0.9	1
59428.07500000002	0.34	0.8	1
59843.48750000002	0.36	0.8	1
60260.20000000002	0.35	0.8	1
60678.212500000016	0.38	0.8	1
61097.525000000016	0.38	0.8	1
61518.13750000002	0.37	0.8	1
61940.212500000016	0.33	0.9	1
62363.587500000016	0.34	0.8	1
62788.26250000002	0.32	0.8	1
63214.23750000002	0.38	0.8	1
63641.67500000002	0.32	0.9	1
64070.57500000002	0.3	0.9	1
64500.775000000016	0.39	0.8	1
64932.275000000016	0.33	0.8	1
65365.88750000002	0.27	1.3	1
65800.80000000002	0.35	0.8	1
66237.01250000001	0.33	0.8	1
66674.85	0.32	1.0	1
67113.9875	0.33	0.8	1
67554.425	0.36	0.8	1
67996.325	0.35	0.9	1
68439.525	0.35	0.8	1
68884.025	0.37	0.8	1
69329.825	0.36	0.8	1
69776.925	0.28	0.8	1
70225.325	0.3	0.8	1
70675.675	0.25	1.2	1
