1.4225	0.28	1.0	1
4.2675	0.29	1.0	1
8.2516	0.36	0.8	1
13.2332	0.41	0.7	1
19.0706	0.44	0.6	1
26.330499999999997	0.29	1.0	1
34.729499999999994	0.37	0.8	1
43.98429999999999	0.4	0.6	1
54.23659999999999	0.4	0.7	1
65.62799999999999	0.35	0.8	1
78.15849999999999	0.39	0.8	1
91.5448	0.38	0.6	1
105.92859999999999	0.36	0.7	1
121.5932	0.28	0.9	1
138.5386	0.3	0.9	1
156.7648	0.31	0.9	1
175.8468	0.39	0.6	1
196.0679	0.39	0.8	1
217.28650000000002	0.39	0.7	1
239.50260000000003	0.32	0.7	1
262.9995	0.3	0.9	1
287.4939	0.39	0.7	1
313.1274	0.33	0.8	1
340.04170000000005	0.32	0.9	1
367.9535000000001	0.39	0.7	1
397.0044000000001	0.4	0.8	1
426.9111000000001	0.39	0.6	1
457.9569000000001	0.33	0.8	1
490.1418000000001	0.34	0.8	1
523.3242000000001	0.4	0.7	1
557.6457000000001	0.35	0.8	1
593.2480000000002	0.32	0.9	1
629.8478000000001	0.37	0.7	1
667.4451000000001	0.38	0.7	1
706.0399000000001	0.41	0.7	1
745.4905000000001	0.44	0.6	1
785.9386000000001	0.39	0.7	1
827.5258000000001	0.36	0.8	1
870.2521000000002	0.34	0.8	1
914.1175000000002	0.34	0.8	1
959.5470000000001	0.25	1.1	1
1005.8323000000001	0.44	0.6	1
1052.9734	0.36	0.6	1
1101.112	0.38	0.7	1
1150.5314	0.33	0.9	1
1200.9483	0.37	0.7	1
1251.3627	0.39	0.7	1
1302.7746	0.41	0.7	1
1355.609	0.35	1.0	1
1409.5825	0.36	0.8	1
1464.4118	0.41	0.6	1
1520.0969	0.45	0.6	1
1576.7795	0.34	0.7	1
1634.7429000000002	0.37	0.9	1
1694.4121000000002	0.26	1.2	1
1755.0788000000002	0.36	0.7	1
1816.6013000000003	0.52	0.6	1
1879.1213000000002	0.36	0.7	1
1942.6388000000002	0.35	0.7	1
2007.2954000000002	0.35	0.8	1
2072.8078	0.34	0.6	1
2139.601	0.32	0.9	1
2207.8167000000003	0.29	1.0	1
2277.1715000000004	0.35	0.8	1
2347.5238000000004	0.37	0.7	1
2419.0152000000003	0.34	0.8	1
2491.3624000000004	0.48	0.6	1
2564.5654000000004	0.41	0.6	1
2638.6242	0.42	0.6	1
2713.5388000000003	0.39	0.6	1
2789.1675000000005	0.47	0.5	1
2865.7937000000006	0.34	0.7	1
2943.700700000001	0.34	0.9	1
3022.605200000001	0.34	0.7	1
3102.2238000000007	0.46	0.5	1
3182.981500000001	0.31	0.8	1
3264.736700000001	0.39	0.7	1
3348.3394000000008	0.24	1.3	1
3432.9396000000006	0.44	0.7	1
3518.678900000001	0.36	0.8	1
3605.415700000001	0.35	0.7	1
3693.291600000001	0.37	0.8	1
3782.165000000001	0.39	0.7	1
3872.460900000001	0.33	1.0	1
3963.612600000001	0.42	0.6	1
4055.903400000001	0.38	0.8	1
4149.191700000001	0.38	0.7	1
4243.760800000001	0.31	0.9	1
4339.610700000001	0.31	0.9	1
4436.3164000000015	0.47	0.6	1
4534.444600000002	0.3	1.0	1
4633.711900000002	0.33	0.8	1
4733.976700000002	0.39	0.7	1
4835.380600000002	0.42	0.8	1
4938.207000000002	0.33	1.0	1
5041.889200000002	0.37	0.6	1
5146.568900000002	0.42	0.7	1
5252.104400000002	0.44	0.6	1
5358.920700000002	0.32	0.9	1
5466.734500000002	0.4	0.7	1
5575.4041000000025	0.4	0.6	1
5685.212800000002	0.35	0.8	1
5796.585600000002	0.27	1.1	1
5908.955900000002	0.36	0.7	1
6022.607000000002	0.3	0.9	1
6137.113900000002	0.45	0.6	1
6252.901600000002	0.33	0.9	1
6369.686800000002	0.39	0.7	1
6487.611100000002	0.36	0.8	1
6606.816200000002	0.32	0.9	1
6726.877100000002	0.41	0.6	1
6847.652100000002	0.42	0.5	1
6969.566200000002	0.37	0.8	1
7092.761100000002	0.33	0.9	1
7216.953500000002	0.37	0.7	1
7342.143400000003	0.36	0.7	1
7468.472400000002	0.36	0.8	1
7595.657200000002	0.43	0.6	1
7723.839500000003	0.37	0.7	1
7853.444300000003	0.33	1.0	1
7984.046600000003	0.33	0.7	1
8115.646400000003	0.38	0.7	1
8248.527000000004	0.33	0.9	1
8381.980100000004	0.4	0.4	1
8516.430700000004	0.38	0.7	1
8651.878800000004	0.42	0.7	1
8788.607700000004	0.3	0.9	1
8926.617400000005	0.28	0.9	1
9065.766200000005	0.33	0.8	1
9205.770800000006	0.37	0.6	1
9346.772900000005	0.42	0.7	1
9488.772500000005	0.35	0.7	1
9631.486200000005	0.44	0.5	1
9775.339000000005	0.4	0.8	1
9920.472600000005	0.28	0.9	1
10066.462000000005	0.49	0.6	1
10213.448900000005	0.43	0.7	1
10361.716600000005	0.27	0.9	1
10510.840100000005	0.41	0.6	1
10661.244400000005	0.3	0.9	1
10813.212800000005	0.31	1.1	1
10966.178700000004	0.36	0.7	1
11120.000400000004	0.41	0.6	1
11273.819600000004	0.39	0.7	1
11428.636300000004	0.38	0.7	1
11584.308800000004	0.43	0.6	1
11741.545400000005	0.26	1.1	1
11899.779500000004	0.39	0.7	1
12059.294400000004	0.3	0.9	1
12219.948400000005	0.38	0.8	1
12381.599900000005	0.41	0.7	1
12544.390500000005	0.35	0.8	1
12708.178600000005	0.36	0.7	1
12872.822500000004	0.38	0.6	1
13038.463900000004	0.34	0.7	1
13204.819400000004	0.5	0.5	1
13372.314000000004	0.34	0.8	1
13540.664400000003	0.38	0.6	1
13710.012300000004	0.35	0.7	1
13880.357700000004	0.38	0.7	1
14052.125600000005	0.28	1.0	1
14224.891000000005	0.35	0.7	1
14398.370500000005	0.49	0.5	1
14572.847500000005	0.36	0.7	1
14748.322000000006	0.35	0.7	1
14924.935600000006	0.35	0.8	1
15102.405000000006	0.39	0.6	1
15281.155200000007	0.34	0.9	1
15461.044500000007	0.37	0.8	1
15642.214600000007	0.34	0.9	1
15824.382200000007	0.36	0.7	1
16007.688900000006	0.33	0.8	1
16192.276400000006	0.37	0.9	1
16378.003000000006	0.34	0.8	1
16564.868700000006	0.34	0.8	1
16752.590200000006	0.42	0.6	1
16941.167500000007	0.38	0.6	1
17131.450600000007	0.24	1.2	1
17322.731200000006	0.44	0.7	1
17515.009300000005	0.35	0.7	1
17708.568200000005	0.34	0.9	1
17903.407900000006	0.27	0.9	1
18099.245100000007	0.32	0.7	1
18296.221400000006	0.35	0.8	1
18494.195200000006	0.35	0.7	1
18693.308100000006	0.36	0.8	1
18893.276800000007	0.45	0.6	1
19094.101300000006	0.37	0.6	1
19296.773300000004	0.26	1.3	1
19500.442800000004	0.37	0.7	1
19705.251400000005	0.31	0.8	1
19911.482500000006	0.27	1.0	1
20118.711100000004	0.33	0.7	1
20327.220500000003	0.3	0.9	1
20537.010700000003	0.29	0.9	1
20747.940000000002	0.35	0.8	1
20960.291800000003	0.28	1.0	1
21173.641100000004	0.34	0.7	1
21388.129500000003	0.41	0.8	1
21603.615400000002	0.39	0.7	1
21819.957100000003	0.42	0.6	1
22037.579600000005	0.34	0.9	1
22256.341200000006	0.34	0.8	1
22476.241900000005	0.35	0.8	1
22696.998400000004	0.37	0.6	1
22918.894000000004	0.35	0.8	1
23141.645400000005	0.39	0.6	1
23365.110900000003	0.52	0.5	1
23589.432200000003	0.42	0.6	1
23814.609300000004	0.39	0.6	1
24040.925500000005	0.39	0.8	1
24268.522500000006	0.29	0.9	1
24497.400300000005	0.28	0.9	1
24727.133900000004	0.46	0.6	1
24957.865000000005	0.34	0.7	1
25189.735200000006	0.34	0.8	1
25422.461200000005	0.43	0.6	1
25656.184700000005	0.38	0.7	1
25891.189000000006	0.35	0.9	1
26127.190800000004	0.32	0.7	1
26364.331700000002	0.34	0.8	1
26603.036700000004	0.27	1.1	1
26842.455800000003	0.38	0.5	1
27083.014000000003	0.32	0.8	1
27324.569700000004	0.36	0.7	1
27566.981200000002	0.49	0.6	1
27810.3902	0.36	0.7	1
28054.796700000003	0.39	0.7	1
28299.2007	0.39	0.7	1
28544.4605	0.43	0.6	1
28790.576100000002	0.38	0.6	1
29037.5475	0.36	0.6	1
29285.658	0.38	0.8	1
29535.332599999998	0.28	1.1	1
29786.287999999997	0.36	0.9	1
30038.240899999997	0.36	0.7	1
30291.0496	0.44	0.6	1
30544.855799999998	0.36	0.7	1
30799.517799999998	0.39	0.6	1
31055.4606	0.33	0.9	1
31312.400899999997	0.4	0.7	1
31570.480299999996	0.35	0.8	1
31830.123799999994	0.29	1.1	1
32090.623099999993	0.46	0.6	1
32352.119899999994	0.31	0.7	1
32614.614199999993	0.39	0.7	1
32877.96429999999	0.42	0.6	1
33142.17019999999	0.4	0.6	1
33407.23189999999	0.38	0.6	1
33673.149399999995	0.35	0.6	1
33940.064399999996	0.41	0.7	1
34208.2602	0.32	0.9	1
34477.5951	0.34	0.8	1
34747.9275	0.35	0.7	1
35019.5407	0.31	0.9	1
35292.293	0.38	0.8	1
35566.042799999996	0.38	0.7	1
35840.6484	0.47	0.6	1
36116.3931	0.4	0.8	1
36393.276900000004	0.3	0.8	1
36671.158200000005	0.38	0.7	1
36949.895300000004	0.41	0.6	1
37229.48820000001	0.46	0.6	1
37509.93690000001	0.39	0.6	1
37791.241400000006	0.37	0.6	1
38073.40170000001	0.43	0.6	1
38356.55950000001	0.4	0.7	1
38640.71480000001	0.38	0.7	1
38925.58420000001	0.44	0.5	1
39211.45110000001	0.43	0.7	1
39498.457100000014	0.36	0.8	1
39786.46060000001	0.37	0.7	1
40075.60320000001	0.31	0.8	1
40365.74330000001	0.42	0.7	1
40656.88090000001	0.38	0.7	1
40949.15760000001	0.33	0.8	1
41242.715100000016	0.3	0.9	1
41537.270100000016	0.36	0.7	1
41833.10590000002	0.37	0.9	1
42129.797500000015	0.38	0.6	1
42427.769900000014	0.29	0.9	1
42726.88140000001	0.34	0.8	1
43027.27370000001	0.33	0.9	1
43328.52180000001	0.51	0.6	1
43630.90900000001	0.33	0.8	1
43934.15200000001	0.38	0.6	1
44238.53410000001	0.3	0.8	1
44544.197000000015	0.34	0.9	1
44850.715700000015	0.4	0.6	1
45158.23190000001	0.37	0.7	1
45466.88720000001	0.31	0.8	1
45776.68160000001	0.33	0.8	1
46086.47350000001	0.36	0.7	1
46397.404500000004	0.37	0.8	1
46708.908	0.46	0.4	1
47021.409	0.38	0.7	1
47334.7658	0.44	0.6	1
47649.1201	0.41	0.7	1
47964.4719	0.41	0.7	1
48280.6795	0.4	0.6	1
48597.8846	0.39	0.7	1
48916.5122	0.3	1.0	1
49236.2789	0.39	0.8	1
49557.043099999995	0.37	0.7	1
49878.8048	0.41	0.7	1
50201.564	0.4	0.7	1
50525.4623	0.34	0.8	1
50850.3581	0.36	0.7	1
51176.2514	0.32	0.7	1
51503.4255	0.3	0.9	1
51831.738699999994	0.36	0.8	1
52161.049399999996	0.4	0.7	1
52491.357599999996	0.37	0.7	1
52823.2299	0.26	1.1	1
53155.958	0.5	0.6	1
53489.6836	0.38	0.7	1
53824.265	0.43	0.6	1
54160.2689	0.29	1.0	1
54497.4119	0.37	0.8	1
54835.693999999996	0.34	0.8	1
55174.9736	0.42	0.7	1
55515.2507	0.34	0.7	1
55856.8086	0.29	0.9	1
56199.080599999994	0.43	0.5	1
56542.63339999999	0.35	0.9	1
56887.46699999999	0.33	0.9	1
57233.86469999999	0.3	1.1	1
57581.25989999999	0.38	0.7	1
57929.51089999999	0.37	0.6	1
58278.90099999998	0.38	0.8	1
58629.43019999998	0.39	0.8	1
58981.09849999998	0.38	0.8	1
59334.047599999976	0.35	0.9	1
59687.85249999998	0.41	0.6	1
60042.79649999998	0.29	0.8	1
60398.879599999986	0.36	0.8	1
60756.10179999998	0.33	0.8	1
61114.46309999998	0.33	0.8	1
61473.82189999998	0.36	0.7	1
61833.89479999998	0.46	0.5	1
62195.10679999998	0.36	0.8	1
62557.45789999998	0.36	0.8	1
62920.80649999998	0.38	0.7	1
63285.15259999998	0.35	0.7	1
63650.63779999998	0.37	0.8	1
64017.12049999998	0.38	0.7	1
64384.45899999998	0.37	0.6	1
64752.65329999998	0.4	0.6	1
65121.703399999984	0.41	0.6	1
65491.892599999985	0.39	0.8	1
65862.93759999999	0.45	0.6	1
66235.2634	0.32	0.9	1
66608.5867	0.4	0.7	1
66983.6158	0.28	1.2	1
67359.92569999999	0.35	0.9	1
67737.9414	0.33	1.2	1
68116.81289999999	0.41	0.6	1
68496.3985	0.39	0.5	1
68876.83989999999	0.39	0.6	1
69258.5621	0.32	0.9	1
69641.56509999999	0.32	0.9	1
70025.70719999999	0.38	0.8	1
70410.98839999999	0.36	0.8	1
70797.12539999999	0.48	0.6	1
71184.25989999999	0.41	0.7	1
71572.39189999999	0.37	0.7	1
71961.52139999998	0.35	0.7	1
72351.93169999999	0.35	0.9	1
