1.3391	0.29	1.0	1
3.7507	0.4	0.8	1
7.3681	0.32	0.9	1
12.058	0.3	0.8	1
17.5537	0.39	0.6	1
23.9885	0.37	0.7	1
31.2291	0.38	0.6	1
39.4088	0.4	0.7	1
48.7943	0.33	0.9	1
59.5189	0.34	1.0	1
71.0493	0.38	0.6	1
84.1855	0.26	1.2	1
98.1275	0.42	0.6	1
113.0086	0.41	0.7	1
128.9622	0.33	0.8	1
145.98829999999998	0.35	0.8	1
164.3535	0.31	1.0	1
183.9245	0.34	0.9	1
204.8346	0.32	1.0	1
227.0838	0.25	1.0	1
250.4055	0.35	0.8	1
274.6663	0.41	0.7	1
299.8662	0.39	0.7	1
325.8719	0.41	0.6	1
352.81669999999997	0.4	0.7	1
380.70059999999995	0.35	0.7	1
409.52359999999993	0.39	0.7	1
439.15239999999994	0.44	0.6	1
469.72029999999995	0.34	0.7	1
501.22729999999996	0.39	0.7	1
533.4068	0.47	0.5	1
566.7921	0.32	0.9	1
601.3832	0.3	0.9	1
637.0468	0.33	0.8	1
673.6495	0.39	0.7	1
711.058	0.48	0.6	1
749.8056	0.32	1.0	1
789.4923	0.38	0.7	1
830.1181	0.39	0.7	1
870.5497	0.39	0.6	1
912.0538	0.34	0.8	1
954.4970000000001	0.37	0.7	1
997.7460000000001	0.42	0.6	1
1042.0675	0.3	0.8	1
1087.4615000000001	0.3	0.8	1
1133.7946000000002	0.39	0.7	1
1181.2002000000002	0.31	0.8	1
1230.2116000000003	0.28	1.2	1
1280.6955000000003	0.28	1.1	1
1331.9852000000003	0.4	0.6	1
1384.4807000000003	0.34	0.9	1
1437.9153000000003	0.35	0.7	1
1492.4224000000004	0.35	0.8	1
1547.8686000000005	0.35	0.7	1
1604.3873000000006	0.35	0.8	1
1662.3785000000005	0.29	1.1	1
1721.5755000000004	0.31	0.9	1
1781.5783000000004	0.43	0.6	1
1842.2536000000005	0.46	0.5	1
1904.5347000000004	0.21	1.2	1
1968.2883000000004	0.29	1.1	1
2032.8477000000005	0.39	0.6	1
2098.2129000000004	0.37	0.6	1
2164.6506000000004	0.31	0.8	1
2231.8941000000004	0.39	0.6	1
2300.2101000000002	0.36	0.8	1
2369.4652	0.38	0.7	1
2439.6594	0.35	0.7	1
2511.3261	0.26	1.1	1
2583.9319	0.4	0.7	1
2657.4768	0.37	0.7	1
2731.9608	0.4	0.7	1
2807.6506	0.29	0.9	1
2884.4129	0.36	0.8	1
2961.9809999999998	0.42	0.6	1
3040.3549	0.4	0.6	1
3119.5346	0.4	0.6	1
3200.7201	0.24	1.5	1
3282.8447	0.36	0.7	1
3366.0418	0.32	0.8	1
3450.3114	0.36	0.8	1
3535.3868	0.4	0.6	1
3621.5347	0.34	0.8	1
3708.6217	0.41	0.7	1
3796.7812000000004	0.34	0.8	1
3886.0132000000003	0.43	0.8	1
3976.3177000000005	0.33	0.8	1
4067.6947000000005	0.34	0.8	1
4160.144200000001	0.37	0.8	1
4253.9328000000005	0.27	1.0	1
4348.660500000001	0.36	0.7	1
4444.060700000001	0.43	0.5	1
4540.533400000001	0.35	0.8	1
4638.078600000001	0.41	0.8	1
4736.4296	0.45	0.6	1
4835.719700000001	0.39	0.7	1
4936.2156	0.31	0.9	1
5038.0506000000005	0.29	1.0	1
5140.958100000001	0.35	0.8	1
5244.9381	0.33	0.8	1
5349.9906	0.34	0.8	1
5455.9822	0.38	0.7	1
5562.9129	0.41	0.7	1
5670.782700000001	0.37	0.7	1
5779.725	0.4	0.8	1
5889.339800000001	0.47	0.5	1
5999.760400000001	0.44	0.6	1
6111.386800000001	0.31	0.9	1
6224.352300000001	0.34	1.0	1
6338.7903000000015	0.24	1.1	1
6454.434100000001	0.29	0.9	1
6571.150400000001	0.3	0.8	1
6688.6725000000015	0.48	0.6	1
6807.400400000001	0.3	0.9	1
6926.934100000001	0.44	0.6	1
7047.406900000001	0.37	0.7	1
7168.6855000000005	0.37	0.6	1
7290.903200000001	0.35	0.7	1
7414.3267000000005	0.32	0.9	1
7538.5560000000005	0.45	0.6	1
7663.591100000001	0.39	0.6	1
7789.432000000001	0.39	0.6	1
7916.078700000001	0.4	0.6	1
8043.664500000001	0.38	0.7	1
8172.189400000001	0.35	0.7	1
8301.786800000002	0.32	0.8	1
8432.190000000002	0.47	0.6	1
8563.532300000003	0.41	0.7	1
8695.813700000002	0.33	0.7	1
8829.167600000002	0.33	0.8	1
8963.327300000003	0.38	0.6	1
9098.292800000003	0.42	0.6	1
9234.197400000003	0.43	0.7	1
9370.907800000003	0.36	0.6	1
9508.824000000002	0.33	0.9	1
9647.812700000002	0.39	0.8	1
9787.873900000002	0.37	0.8	1
9929.274200000002	0.28	1.0	1
10071.213600000001	0.44	0.4	1
10214.2255	0.33	0.8	1
10358.176500000001	0.39	0.7	1
10502.9333	0.4	0.6	1
10648.629200000001	0.41	0.7	1
10795.130900000002	0.43	0.6	1
10941.705100000001	0.34	0.8	1
11089.218400000002	0.33	0.7	1
11237.804200000002	0.33	0.8	1
11387.462500000001	0.36	0.8	1
11538.059900000002	0.36	0.7	1
11689.596400000002	0.4	0.7	1
11841.938700000002	0.41	0.6	1
11995.220100000002	0.41	0.7	1
12149.307300000002	0.42	0.6	1
12304.200300000002	0.38	0.6	1
12460.032400000002	0.41	0.7	1
12616.670300000002	0.41	0.6	1
12774.2473	0.35	0.7	1
12932.763400000002	0.36	0.7	1
13091.952000000001	0.4	0.5	1
13252.2131	0.36	0.8	1
13413.5467	0.33	0.8	1
13575.952800000001	0.34	0.8	1
13739.9647	0.29	1.2	1
13904.915700000001	0.36	0.7	1
14071.472500000002	0.25	1.2	1
14239.235100000002	0.31	0.9	1
14407.803500000002	0.42	0.6	1
14577.444400000002	0.3	0.8	1
14748.157800000003	0.33	0.8	1
14919.677000000003	0.41	0.6	1
15092.135300000004	0.38	0.7	1
15265.532700000003	0.37	0.7	1
15440.269200000004	0.32	1.0	1
15616.211500000005	0.31	0.9	1
15792.826300000004	0.43	0.5	1
15970.513600000004	0.32	0.8	1
16148.873400000004	0.44	0.5	1
16328.039000000004	0.4	0.6	1
16508.677100000004	0.28	1.1	1
16690.387700000003	0.37	0.8	1
16873.170800000004	0.3	0.8	1
17057.293000000005	0.3	1.0	1
17242.621000000006	0.32	0.9	1
17428.621500000005	0.45	0.5	1
17615.694500000005	0.37	0.8	1
17803.840000000004	0.37	0.8	1
17993.324600000004	0.3	1.0	1
18184.015000000003	0.33	0.9	1
18375.511200000004	0.41	0.6	1
18568.079900000004	0.31	0.8	1
18761.587700000004	0.38	0.7	1
18955.768000000004	0.41	0.5	1
19150.754100000002	0.37	0.6	1
19347.0793	0.29	1.0	1
19544.477000000003	0.35	0.8	1
19742.5472	0.5	0.5	1
19941.4232	0.37	0.6	1
20141.2383	0.36	0.7	1
20342.2592	0.33	0.9	1
20544.085900000002	0.41	0.6	1
20746.851700000003	0.38	0.7	1
20950.556600000004	0.36	0.7	1
21155.067300000002	0.39	0.6	1
21360.383800000003	0.39	0.6	1
21566.506100000002	0.38	0.6	1
21773.5675	0.42	0.7	1
21981.7014	0.35	0.8	1
22190.9078	0.32	0.8	1
22400.7867	0.36	0.5	1
22611.471400000002	0.42	0.6	1
22823.095200000003	0.42	0.7	1
23035.791500000003	0.32	0.8	1
23249.160300000003	0.45	0.5	1
23463.6016	0.34	0.8	1
23679.2487	0.26	0.9	1
23896.2349	0.33	1.0	1
24114.2936	0.32	0.8	1
24333.291400000002	0.37	0.7	1
24553.3617	0.31	0.8	1
24774.7711	0.29	1.0	1
24997.253	0.33	0.8	1
25220.5407	0.42	0.6	1
25444.6342	0.41	0.6	1
25669.4002	0.55	0.5	1
25894.972	0.36	0.6	1
26121.482900000003	0.37	0.7	1
26349.066300000002	0.32	0.8	1
26577.322200000002	0.44	0.5	1
26806.917200000004	0.3	1.0	1
27037.584700000003	0.29	0.8	1
27269.191300000002	0.36	0.7	1
27500.737	0.4	0.7	1
27733.3552	0.35	0.8	1
27966.7792	0.42	0.6	1
28201.009000000002	0.38	0.6	1
28436.444600000003	0.34	0.9	1
28672.552700000004	0.51	0.5	1
28909.999900000003	0.32	1.0	1
29148.252900000003	0.39	0.6	1
29387.311700000002	0.45	0.6	1
29627.443000000003	0.33	0.8	1
29868.380100000002	0.41	0.6	1
30110.923000000003	0.28	1.2	1
30354.405000000002	0.51	0.7	1
30598.559500000003	0.45	0.5	1
30843.653100000003	0.36	0.7	1
31089.952500000003	0.33	0.9	1
31337.057700000005	0.41	0.6	1
31585.502000000004	0.36	1.0	1
31834.752100000005	0.38	0.6	1
32084.941300000006	0.41	0.7	1
32335.803000000007	0.53	0.5	1
32587.737200000007	0.39	0.8	1
32840.74390000001	0.31	0.8	1
33094.95640000001	0.32	0.9	1
33350.10800000001	0.38	0.7	1
33606.59870000001	0.33	1.0	1
33863.76190000001	0.43	0.5	1
34121.73090000001	0.5	0.6	1
34380.90570000001	0.28	0.9	1
34641.15300000001	0.32	0.8	1
34902.33940000001	0.38	0.7	1
35164.59830000001	0.34	0.8	1
35427.929700000015	0.36	0.8	1
35692.200200000014	0.43	0.7	1
35957.409800000016	0.43	0.7	1
36224.62520000002	0.24	1.5	1
36492.779700000014	0.4	0.7	1
36761.873300000014	0.36	0.7	1
37031.772700000016	0.48	0.6	1
37302.74460000001	0.38	0.8	1
37574.65560000001	0.37	0.7	1
37847.505700000016	0.36	0.7	1
38121.69490000002	0.29	1.0	1
38396.82320000001	0.37	0.7	1
38672.75730000001	0.41	0.6	1
38949.76390000001	0.34	0.8	1
39227.97630000001	0.35	0.9	1
39507.39450000001	0.3	0.9	1
39786.75180000001	0.34	0.7	1
40067.04820000001	0.42	0.7	1
40348.283700000015	0.39	0.7	1
40630.32500000001	0.41	0.6	1
40913.17210000001	0.4	0.6	1
41197.09170000001	0.36	0.8	1
41482.88380000001	0.26	1.4	1
41769.48170000001	0.43	0.6	1
42057.01870000001	0.44	0.7	1
42345.49480000001	0.32	0.7	1
42635.04340000001	0.37	0.8	1
42925.93110000001	0.3	1.0	1
43217.62460000001	0.42	0.6	1
43510.25720000001	0.37	0.7	1
43804.09560000001	0.31	0.9	1
44099.67310000001	0.29	1.3	1
44396.32310000001	0.37	0.8	1
44693.77890000001	0.41	0.6	1
44992.17380000001	0.38	0.7	1
45291.37450000001	0.39	0.6	1
45591.51430000001	0.33	0.7	1
45892.32660000001	0.49	0.5	1
46194.21140000001	0.29	0.8	1
46496.90200000001	0.42	0.6	1
46800.79840000001	0.31	0.9	1
47105.90060000001	0.33	0.9	1
47411.67530000001	0.42	0.5	1
47718.65580000001	0.3	0.9	1
48026.70880000001	0.34	0.8	1
48335.70090000001	0.37	0.7	1
48645.49880000001	0.35	0.6	1
48956.50250000001	0.34	0.9	1
49268.57870000001	0.35	0.8	1
49581.59400000001	0.38	0.7	1
49895.41510000001	0.4	0.6	1
50210.042000000016	0.38	0.6	1
50525.608000000015	0.31	0.7	1
50842.11310000002	0.34	0.7	1
51159.42400000001	0.35	0.6	1
51477.67400000001	0.38	0.7	1
51796.996500000016	0.32	0.8	1
52117.658100000015	0.34	1.0	1
52439.25880000002	0.36	0.7	1
52761.932000000015	0.34	0.8	1
53085.544300000016	0.41	0.7	1
53410.22910000002	0.32	0.8	1
53736.38640000002	0.28	1.1	1
54063.34950000002	0.41	0.6	1
54392.05170000002	0.25	1.3	1
54721.82640000002	0.34	0.8	1
55052.67360000002	0.32	0.8	1
55384.459900000016	0.35	0.7	1
55717.18530000002	0.38	0.7	1
56051.38320000002	0.29	1.1	1
56386.52020000002	0.37	0.7	1
56722.59630000002	0.38	0.7	1
57059.47820000002	0.37	0.6	1
57397.29920000002	0.43	0.7	1
57736.05930000002	0.33	0.7	1
58075.891900000024	0.33	0.8	1
58416.53030000003	0.4	0.6	1
58757.974500000026	0.43	0.6	1
59100.35780000003	0.39	0.7	1
59443.946900000024	0.29	0.9	1
59788.475100000025	0.38	0.7	1
60134.07580000003	0.37	0.8	1
60481.14900000003	0.32	1.1	1
60829.29470000003	0.31	0.8	1
61178.779500000026	0.24	1.0	1
61529.20340000003	0.32	0.7	1
61880.566400000025	0.36	0.7	1
62232.868500000026	0.4	0.7	1
62586.24310000003	0.35	0.8	1
62940.55680000003	0.32	0.7	1
