1.3391	0.31	1.0	1
3.8839999999999995	0.33	0.9	1
7.367999999999999	0.36	0.7	1
11.924499999999998	0.34	0.8	1
17.686799999999998	0.3	0.9	1
24.788199999999996	0.29	1.0	1
33.228699999999996	0.3	1.0	1
42.741699999999994	0.32	0.8	1
53.193799999999996	0.39	0.7	1
64.585	0.39	0.7	1
76.782	0.42	0.6	1
90.71809999999999	0.24	1.3	1
105.5933	0.36	0.7	1
121.541	0.34	0.8	1
138.6945	0.31	0.9	1
156.9205	0.38	0.8	1
175.9523	0.4	0.6	1
196.0566	0.32	0.8	1
217.1	0.38	0.7	1
239.2159	0.35	0.8	1
262.2709	0.36	0.7	1
286.265	0.38	0.7	1
311.4649	0.33	0.9	1
337.8706	0.33	0.9	1
365.21540000000005	0.34	0.7	1
393.49930000000006	0.37	0.7	1
422.98900000000003	0.3	0.9	1
453.55120000000005	0.33	0.8	1
484.7859	0.37	0.5	1
516.9597	0.39	0.7	1
550.0726	0.39	0.7	1
584.2579999999999	0.31	0.8	1
619.6492	0.28	0.9	1
656.1129	0.36	0.8	1
693.6491	0.36	0.8	1
732.2578	0.31	0.8	1
771.8055999999999	0.32	0.7	1
812.2924999999999	0.35	0.7	1
852.7185	0.34	0.7	1
894.0835999999999	0.38	0.7	1
936.6544999999999	0.36	0.9	1
980.1644999999999	0.42	0.7	1
1024.6136	0.36	0.7	1
1070.0018	0.38	0.7	1
1116.5958	0.31	0.9	1
1163.9956	0.4	0.6	1
1212.3345	0.37	0.7	1
1261.7459	0.34	0.8	1
1312.0964	0.38	0.7	1
1363.5194	0.34	0.8	1
1415.7482	0.43	0.6	1
1469.1828	0.32	0.9	1
1524.0899	0.27	1.1	1
1579.9361	0.36	0.7	1
1637.1214	0.31	1.0	1
1695.2458	0.37	0.7	1
1754.4426999999998	0.4	0.8	1
1814.8454	0.3	0.9	1
1876.3206	0.38	0.8	1
1939.1349	0.3	1.0	1
2002.6217	0.43	0.5	1
2067.3143	0.29	0.9	1
2133.0794	0.3	0.8	1
2199.6503000000002	0.38	0.6	1
2267.1603000000005	0.35	0.7	1
2335.4761000000003	0.4	0.6	1
2404.731	0.39	0.7	1
2474.925	0.36	0.7	1
2546.4581000000003	0.34	1.0	1
2618.9303000000004	0.39	0.7	1
2692.4750000000004	0.37	0.8	1
2766.9588000000003	0.4	0.7	1
2842.5151000000005	0.36	0.8	1
2919.0105000000003	0.38	0.7	1
2996.7117000000003	0.33	0.9	1
3075.2187000000004	0.43	0.6	1
3155.1982000000003	0.27	1.1	1
3236.3835000000004	0.33	0.9	1
3318.6413000000002	0.35	0.8	1
3401.5716	0.45	0.5	1
3485.3077000000003	0.33	0.6	1
3569.8496000000005	0.41	0.6	1
3655.4640000000004	0.35	0.8	1
3742.1509000000005	0.32	0.8	1
3829.6436000000003	0.43	0.6	1
3918.2088000000003	0.35	0.8	1
4007.8465000000006	0.43	0.8	1
4098.4233	0.38	0.7	1
4190.0726	0.31	0.8	1
4282.9277	0.32	0.9	1
4376.5886	0.43	0.6	1
4471.0553	0.43	0.6	1
4566.3278	0.41	0.6	1
4662.6728	0.34	0.8	1
4759.9569	0.37	0.7	1
4858.4468	0.32	0.9	1
4958.1425	0.3	0.9	1
5058.644	0.41	0.6	1
5160.218	0.34	0.8	1
5262.8645	0.34	0.8	1
5366.3168	0.46	0.6	1
5471.1082	0.28	1.0	1
5576.572099999999	0.55	0.5	1
5683.108499999999	0.37	0.8	1
5790.583999999999	0.34	0.7	1
5898.998599999999	0.39	0.7	1
6008.618999999999	0.29	0.9	1
6119.045199999999	0.43	0.6	1
6230.277199999999	0.38	0.6	1
6342.448299999998	0.39	0.7	1
6455.425199999998	0.41	0.6	1
6569.341199999998	0.38	0.7	1
6684.062999999998	0.44	0.6	1
6799.723899999998	0.37	0.7	1
6916.3238999999985	0.36	0.7	1
7033.729699999998	0.39	0.6	1
7151.807999999998	0.5	0.5	1
7270.692099999998	0.39	0.6	1
7390.381999999999	0.43	0.6	1
7511.144399999998	0.3	0.8	1
7632.845899999998	0.36	0.7	1
7755.353199999999	0.42	0.6	1
7878.932999999999	0.28	0.8	1
8003.318599999999	0.44	0.6	1
8129.043299999998	0.31	1.0	1
8255.840499999998	0.35	0.8	1
8383.443499999998	0.41	0.6	1
8512.118999999997	0.37	0.8	1
8642.266999999996	0.26	1.1	1
8773.354099999997	0.4	0.7	1
8905.380299999997	0.35	0.7	1
9038.345599999997	0.38	0.7	1
9172.249999999996	0.33	0.7	1
9307.226899999996	0.3	0.8	1
9443.142899999995	0.39	0.7	1
9580.131399999995	0.33	0.8	1
9717.925699999994	0.41	0.6	1
9856.525799999994	0.38	0.6	1
9996.198399999994	0.37	0.8	1
10137.210099999993	0.3	1.0	1
10278.294299999992	0.35	0.8	1
10420.317599999993	0.34	0.7	1
10563.146699999994	0.4	0.6	1
10706.914899999994	0.41	0.7	1
10851.622199999994	0.31	0.7	1
10997.535299999994	0.28	0.9	1
11144.387499999993	0.39	0.7	1
11292.178799999994	0.38	0.7	1
11441.442599999995	0.27	1.1	1
11592.178899999995	0.29	1.1	1
11743.854299999995	0.37	0.7	1
11896.335499999996	0.41	0.6	1
12049.755799999995	0.35	0.7	1
12204.248599999995	0.32	0.8	1
12359.413899999996	0.42	0.5	1
12515.518299999996	0.39	0.7	1
12672.561799999996	0.36	0.7	1
12830.677799999996	0.36	0.8	1
12989.732899999995	0.35	0.7	1
13149.727099999995	0.32	0.7	1
13310.793799999994	0.31	0.8	1
13472.932999999994	0.35	0.8	1
13635.744699999994	0.48	0.5	1
13799.628899999994	0.35	0.8	1
13964.318899999995	0.47	0.6	1
14129.681399999994	0.47	0.5	1
14296.116399999994	0.35	0.8	1
14463.490499999994	0.39	0.7	1
14631.670399999994	0.45	0.6	1
14800.789399999994	0.38	0.7	1
14970.980899999995	0.33	0.8	1
15142.111499999995	0.43	0.7	1
15314.314599999996	0.36	0.8	1
15487.723499999996	0.36	0.9	1
15662.071499999996	0.37	0.7	1
15837.358599999996	0.41	0.7	1
16013.451499999996	0.36	0.6	1
16190.483499999995	0.42	0.7	1
16368.321299999994	0.4	0.6	1
16547.231599999996	0.31	0.8	1
16726.814399999996	0.38	0.5	1
16907.602999999996	0.35	0.9	1
17089.330699999995	0.37	0.7	1
17271.997499999994	0.37	0.7	1
17455.603399999993	0.39	0.7	1
17640.281799999993	0.36	0.8	1
17825.899299999994	0.37	0.7	1
18012.322599999992	0.4	0.6	1
18199.684999999994	0.37	0.7	1
18387.986499999995	0.36	0.7	1
18577.493799999997	0.34	0.9	1
18767.940199999997	0.38	0.7	1
18959.192399999996	0.4	0.6	1
19151.517099999997	0.33	0.8	1
19344.647599999997	0.38	0.6	1
19538.717199999996	0.37	0.7	1
19733.859299999996	0.35	0.8	1
19929.807199999996	0.47	0.6	1
20126.827599999997	0.3	0.8	1
20324.920499999997	0.37	0.8	1
20523.819199999998	0.43	0.6	1
20723.657	0.37	0.7	1
20924.5673	0.35	0.8	1
21126.5501	0.39	0.8	1
21329.2054	0.38	0.5	1
21533.066499999997	0.33	0.9	1
21738.1334	0.34	0.9	1
21944.2728	0.28	0.8	1
22151.3513	0.38	0.7	1
22359.1023	0.48	0.5	1
22567.7924	0.42	0.7	1
22777.688299999998	0.34	0.9	1
22988.523299999997	0.36	0.7	1
23200.030799999997	0.45	0.5	1
23412.477399999996	0.39	0.7	1
23625.863099999995	0.36	0.7	1
23840.187899999994	0.37	0.7	1
24055.451799999995	0.38	0.7	1
24271.788199999995	0.29	0.8	1
24489.197099999994	0.34	0.8	1
24708.345099999995	0.25	1.3	1
24928.698899999996	0.31	0.9	1
25150.258499999996	0.3	0.9	1
25372.623899999995	0.43	0.6	1
25595.928399999993	0.36	0.7	1
25820.038699999994	0.35	0.6	1
26044.954799999992	0.39	0.6	1
26270.943399999993	0.3	0.8	1
26497.871099999993	0.32	0.7	1
26725.737899999993	0.38	0.7	1
26954.277199999993	0.44	0.5	1
27184.022299999993	0.29	0.9	1
27414.83989999999	0.33	0.8	1
27646.596599999993	0.34	0.7	1
27879.425799999994	0.33	0.8	1
28113.327499999992	0.3	0.8	1
28348.301699999993	0.29	0.8	1
28584.34839999999	0.34	0.8	1
28821.06759999999	0.39	0.5	1
29058.592599999993	0.43	0.6	1
29297.056699999994	0.38	0.7	1
29536.993299999995	0.3	1.1	1
29777.868999999995	0.41	0.7	1
30019.683799999995	0.38	0.7	1
30262.571099999994	0.36	0.8	1
30506.664199999992	0.3	0.9	1
30750.829799999992	0.33	0.8	1
30996.06789999999	0.31	0.8	1
31242.24509999999	0.44	0.7	1
31489.49479999999	0.34	0.8	1
31737.550299999988	0.39	0.6	1
31986.54489999999	0.32	0.7	1
32236.34529999999	0.45	0.6	1
32487.08479999999	0.38	0.7	1
32739.16339999999	0.29	1.0	1
32992.31449999999	0.35	0.8	1
33246.53809999999	0.32	0.8	1
33501.96749999999	0.3	0.9	1
33758.60269999999	0.3	0.9	1
34016.17699999999	0.42	0.7	1
34275.09039999999	0.3	1.0	1
34534.94289999999	0.43	0.7	1
34796.267899999984	0.26	1.1	1
35058.66539999998	0.34	0.8	1
35322.40199999998	0.3	1.0	1
35587.07769999998	0.36	0.7	1
35852.95919999998	0.29	0.9	1
36119.64649999998	0.46	0.6	1
36387.27289999998	0.38	0.7	1
36655.971799999985	0.34	0.8	1
36925.47649999998	0.4	0.6	1
37196.05369999998	0.4	0.8	1
37467.569999999985	0.38	0.7	1
37740.025399999984	0.33	0.7	1
38013.419899999986	0.37	0.7	1
38287.88689999998	0.31	0.8	1
38563.42639999998	0.37	0.8	1
38839.904999999984	0.36	0.7	1
39117.32269999998	0.36	0.7	1
39395.679499999984	0.35	0.7	1
39675.10879999999	0.31	0.8	1
39955.610599999985	0.3	0.8	1
40236.918199999986	0.46	0.6	1
40519.16489999999	0.38	0.7	1
40802.35069999999	0.35	0.7	1
41086.47559999999	0.41	0.7	1
41371.67299999999	0.37	0.8	1
41657.67619999999	0.44	0.6	1
41944.75189999999	0.43	0.8	1
42232.90009999999	0.37	0.8	1
42521.25409999999	0.33	0.9	1
42810.68059999999	0.35	0.8	1
43101.179599999996	0.36	0.8	1
43392.617699999995	0.39	0.7	1
43684.8616	0.42	0.6	1
43978.178	0.37	0.8	1
44272.4335	0.36	0.7	1
44567.8948	0.36	0.9	1
44864.1619	0.44	0.6	1
45161.3681	0.39	0.7	1
45459.9134	0.28	1.0	1
45759.3978	0.36	0.7	1
46060.087999999996	0.33	0.9	1
46361.984	0.3	0.9	1
46664.5525	0.42	0.5	1
46968.326799999995	0.31	0.9	1
47273.040199999996	0.33	0.7	1
47578.95939999999	0.31	0.9	1
47886.217699999994	0.28	1.0	1
48194.41509999999	0.37	0.7	1
48503.68499999999	0.3	0.8	1
48813.76069999999	0.42	0.6	1
49125.17549999999	0.29	1.0	1
49437.52939999999	0.41	0.7	1
49750.82239999999	0.36	0.7	1
50065.18789999999	0.33	0.8	1
50381.02589999999	0.28	1.1	1
50697.66969999999	0.37	0.6	1
51014.98599999999	0.41	0.5	1
51333.37479999999	0.34	0.8	1
51652.83609999999	0.34	0.8	1
51973.36989999999	0.41	0.8	1
52295.24279999999	0.27	1.0	1
52618.45479999999	0.32	1.0	1
52942.33929999999	0.5	0.5	1
53267.162899999996	0.35	0.7	1
53592.792299999994	0.44	0.6	1
53919.22749999999	0.43	0.6	1
54247.00179999999	0.32	1.0	1
54575.58189999999	0.37	0.6	1
54905.23449999999	0.37	0.8	1
55235.959599999995	0.37	0.8	1
55567.623799999994	0.36	0.7	1
55900.4938	0.31	0.9	1
56234.169599999994	0.38	0.6	1
56568.91789999999	0.34	0.8	1
56905.138699999996	0.25	1.1	1
57242.16529999999	0.43	0.6	1
57579.99769999999	0.41	0.6	1
57918.769199999995	0.39	0.7	1
58258.61319999999	0.31	0.8	1
58599.39629999999	0.4	0.7	1
58941.251899999996	0.33	0.8	1
59284.046599999994	0.31	0.7	1
59627.647099999995	0.48	0.6	1
59972.3201	0.38	0.8	1
60318.3322	0.25	1.0	1
60665.2834	0.39	0.7	1
61013.0404	0.44	0.6	1
61361.6032	0.44	0.6	1
61710.9718	0.44	0.6	1
62061.2795	0.37	0.7	1
62412.5263	0.36	0.7	1
62764.8456	0.29	0.8	1
63118.904	0.25	1.3	1
63473.9015	0.34	0.7	1
63829.7048	0.42	0.6	1
64186.5806	0.3	0.8	1
64544.3955	0.37	0.7	1
64903.2829	0.31	0.8	1
65263.1094	0.33	0.7	1
65624.14170000001	0.34	0.9	1
