2.4538	0.37	0.7	1
8.4114	0.3	1.0	1
16.8228	0.4	0.7	1
26.288000000000004	0.65	0.3	1
37.857	0.46	0.6	1
51.5298	0.4	0.6	1
68.0064	0.32	0.8	1
87.2868	0.33	0.8	1
107.67099999999999	0.41	0.6	1
130.159	0.39	0.6	1
155.4508	0.4	0.8	1
182.4964	0.44	0.5	1
211.9958	0.41	0.7	1
244.649	0.29	0.9	1
279.056	0.41	0.5	1
315.91679999999997	0.31	0.7	1
355.5814	0.32	0.8	1
399.7998	0.24	1.3	1
445.772	0.49	0.5	1
495.948	0.27	1.2	1
549.6278	0.28	1.0	1
605.7614	0.38	0.7	1
665.0488	0.29	0.9	1
726.44	0.42	0.6	1
790.2850000000001	0.37	0.7	1
856.5838000000001	0.47	0.7	1
925.3364000000001	0.36	0.7	1
995.8428000000001	0.5	0.5	1
1069.153	0.4	0.8	1
1145.267	0.31	0.8	1
1223.8348	0.38	0.7	1
1304.1564	0.39	0.5	1
1386.9318	0.4	0.7	1
1472.511	0.33	0.8	1
1560.5439999999999	0.4	0.7	1
1651.0307999999998	0.41	0.7	1
1744.6713999999997	0.32	0.9	1
1840.4157999999998	0.42	0.6	1
1939.3139999999999	0.35	0.9	1
2040.666	0.43	0.7	1
2144.4718	0.36	0.7	1
2251.4314	0.29	0.9	1
2360.8448	0.36	0.7	1
2472.712	0.35	0.7	1
2587.383	0.33	0.8	1
2705.2077999999997	0.35	0.9	1
2825.4864	0.36	0.7	1
2948.2187999999996	0.36	0.7	1
3074.4549999999995	0.32	1.0	1
3202.7949999999996	0.44	0.6	1
3333.9387999999994	0.36	0.8	1
3465.8363999999992	0.43	0.5	1
3600.1877999999992	0.38	0.7	1
3737.6929999999993	0.32	0.9	1
3877.651999999999	0.37	0.7	1
4020.764799999999	0.28	0.9	1
4167.381399999999	0.31	1.0	1
4316.451799999999	0.41	0.7	1
4467.975999999999	0.35	0.7	1
4622.303999999999	0.36	0.8	1
4779.435799999999	0.33	0.8	1
4939.371399999999	0.31	0.8	1
5100.010799999999	0.55	0.2	1
5263.803999999999	0.32	0.9	1
5430.750999999999	0.29	0.9	1
5600.1518	0.36	0.7	1
5771.6564	0.39	0.6	1
5945.9648	0.32	0.8	1
6123.427	0.3	0.9	1
6304.043	0.28	0.9	1
6486.7627999999995	0.39	0.6	1
6671.2364	0.39	0.5	1
6858.5138	0.35	0.8	1
7048.245	0.36	0.7	1
7240.43	0.37	0.7	1
7435.0688	0.37	0.7	1
7634.9614	0.24	1.5	1
7836.9578	0.41	0.6	1
8040.7080000000005	0.43	0.5	1
8246.912	0.38	0.7	1
8455.2198	0.42	0.6	1
8665.6314	0.45	0.6	1
8878.4968	0.42	0.7	1
9093.816	0.35	0.7	1
9311.239000000001	0.4	0.6	1
9530.765800000001	0.38	0.6	1
9753.0964	0.37	0.8	1
9978.9308	0.32	1.0	1
10206.869	0.43	0.6	1
10437.961000000001	0.28	0.9	1
10672.206800000002	0.33	0.9	1
10908.906400000002	0.36	0.7	1
11149.8098	0.26	1.2	1
11393.167000000001	0.42	0.7	1
11638.978000000001	0.35	0.7	1
11887.5928	0.34	0.8	1
12138.3114	0.38	0.6	1
12391.1338	0.36	0.6	1
12646.41	0.34	0.7	1
12903.44	0.43	0.5	1
13164.3238	0.28	1.1	1
13427.6614	0.4	0.7	1
13693.802800000001	0.33	0.8	1
13963.098000000002	0.29	0.9	1
14234.147000000003	0.42	0.5	1
14507.649800000003	0.32	0.7	1
14783.256400000002	0.42	0.6	1
15061.316800000002	0.37	0.7	1
15342.181000000002	0.33	0.8	1
15625.149000000003	0.38	0.6	1
15910.920800000004	0.34	0.8	1
16199.146400000003	0.38	0.7	1
16489.825800000002	0.36	0.7	1
16782.959000000003	0.35	0.7	1
17079.246000000003	0.32	0.9	1
17377.2868	0.4	0.5	1
17678.831400000003	0.33	1.0	1
17981.779800000004	0.45	0.4	1
18287.182000000004	0.37	0.7	1
18595.388000000003	0.3	0.8	1
18906.397800000002	0.31	0.8	1
19219.8614	0.37	0.7	1
19536.128800000002	0.32	0.8	1
19855.550000000003	0.31	0.9	1
20177.075000000004	0.42	0.6	1
20501.053800000005	0.45	0.7	1
20827.486400000005	0.37	0.7	1
21156.722800000007	0.37	0.8	1
21489.11300000001	0.3	0.9	1
21823.607000000007	0.39	0.6	1
22160.55480000001	0.4	0.7	1
22499.95640000001	0.49	0.7	1
22841.11180000001	0.45	0.5	1
23185.07100000001	0.34	0.8	1
23531.13400000001	0.35	0.6	1
23879.65080000001	0.37	0.7	1
24231.32140000001	0.34	0.9	1
24585.445800000012	0.39	0.7	1
24941.674000000014	0.38	0.6	1
25300.006000000012	0.43	0.6	1
25660.44180000001	0.4	0.6	1
26024.73140000001	0.28	1.1	1
26391.124800000012	0.4	0.6	1
26760.32200000001	0.37	0.8	1
27131.973000000013	0.37	0.7	1
27504.72780000001	0.45	0.6	1
27879.936400000013	0.37	0.7	1
28257.598800000014	0.39	0.7	1
28638.415000000015	0.33	0.9	1
29022.035000000014	0.31	0.8	1
29408.808800000013	0.33	0.9	1
29798.03640000001	0.36	0.7	1
30189.36780000001	0.46	0.6	1
30583.50300000001	0.35	0.8	1
30980.09200000001	0.38	0.7	1
31379.13480000001	0.35	0.7	1
31780.28140000001	0.39	0.6	1
32183.53180000001	0.39	0.6	1
32589.23600000001	0.39	0.7	1
32997.74400000001	0.34	0.8	1
33408.35580000001	0.39	0.6	1
33821.421400000014	0.44	0.7	1
34238.34080000001	0.32	1.1	1
34659.114000000016	0.28	1.1	1
35082.341000000015	0.37	0.7	1
35507.67180000002	0.43	0.6	1
35935.45640000002	0.32	0.7	1
36366.04480000002	0.36	0.8	1
36799.43700000002	0.34	0.8	1
37234.93300000002	0.45	0.6	1
37672.88280000002	0.4	0.7	1
38114.33640000002	0.32	1.0	1
38558.24380000002	0.36	0.7	1
39004.60500000002	0.36	0.7	1
39453.77000000002	0.37	0.8	1
39905.73880000002	0.38	0.8	1
40361.21140000002	0.3	1.0	1
40818.78780000002	0.36	0.6	1
41279.16800000002	0.34	0.8	1
41741.35200000002	0.35	0.8	1
42206.33980000002	0.32	0.8	1
42673.78140000002	0.4	0.7	1
43144.37680000002	0.3	0.9	1
43617.42600000002	0.35	0.7	1
44093.279000000024	0.36	0.8	1
44571.93580000002	0.36	0.8	1
45053.04640000002	0.38	0.7	1
45538.01080000002	0.28	1.1	1
46025.42900000002	0.38	0.7	1
46515.30100000002	0.37	0.7	1
47007.97680000002	0.36	0.8	1
47503.806400000016	0.29	0.9	1
48002.089800000016	0.36	0.7	1
48502.82700000002	0.36	0.7	1
49006.01800000002	0.36	0.7	1
49512.712800000016	0.31	1.0	1
50022.91140000002	0.32	1.0	1
50535.91380000002	0.36	0.8	1
51052.42000000002	0.29	1.0	1
51572.08000000002	0.34	0.9	1
52094.19380000002	0.36	0.7	1
52618.411400000026	0.38	0.6	1
53144.73280000003	0.4	0.6	1
53674.55800000003	0.3	1.0	1
54207.18700000003	0.34	0.8	1
54742.61980000003	0.35	0.8	1
55280.856400000026	0.4	0.8	1
55822.24680000002	0.32	0.9	1
56365.74100000002	0.39	0.6	1
56911.33900000002	0.37	0.6	1
57459.74080000002	0.35	0.8	1
58011.29640000002	0.33	0.9	1
58564.95580000002	0.42	0.6	1
59120.71900000002	0.34	0.6	1
59678.936000000016	0.38	0.7	1
60239.956800000014	0.35	0.8	1
60804.13140000001	0.32	0.9	1
61371.45980000001	0.3	0.9	1
61941.94200000001	0.34	0.9	1
62515.57800000001	0.35	0.9	1
63092.01780000001	0.34	0.8	1
63670.561400000006	0.43	0.6	1
64251.558800000006	0.36	0.7	1
64835.01000000001	0.41	0.7	1
65421.96500000001	0.28	1.0	1
66011.02380000001	0.43	0.6	1
66602.53640000001	0.37	0.7	1
67196.15280000001	0.41	0.6	1
67792.22300000001	0.37	0.7	1
68390.39700000001	0.45	0.6	1
68990.67480000001	0.39	0.6	1
69593.4064	0.39	0.7	1
70198.9418	0.35	0.8	1
70806.581	0.43	0.6	1
71416.674	0.38	0.7	1
72028.8708	0.38	0.6	1
72643.5214	0.37	0.7	1
73259.9258	0.46	0.5	1
73878.084	0.46	0.5	1
74498.696	0.37	0.7	1
75121.4118	0.43	0.6	1
75746.5814	0.37	0.7	1
76374.20479999999	0.38	0.7	1
77003.582	0.42	0.5	1
77634.71299999999	0.43	0.5	1
78268.29779999999	0.44	0.7	1
