2.1038	0.4	0.6	1
7.0114	0.32	0.8	1
14.372800000000002	0.33	0.7	1
24.888	0.33	0.9	1
38.557	0.33	0.9	1
54.6798	0.41	0.7	1
73.9564	0.28	0.9	1
96.7368	0.27	1.0	1
123.37100000000001	0.23	1.1	1
152.109	0.35	0.6	1
182.95080000000002	0.4	0.6	1
216.59640000000002	0.4	0.8	1
252.69580000000002	0.39	0.7	1
290.899	0.4	0.6	1
331.556	0.4	0.7	1
373.9668	0.39	0.5	1
417.8314	0.39	0.7	1
464.14979999999997	0.38	0.7	1
513.622	0.28	0.9	1
565.8979999999999	0.33	0.8	1
620.6277999999999	0.34	0.7	1
677.8113999999998	0.4	0.7	1
737.7987999999998	0.37	0.8	1
800.2399999999998	0.38	0.7	1
865.4849999999998	0.38	0.8	1
933.5337999999998	0.34	0.8	1
1003.6863999999998	0.35	0.6	1
1076.2927999999997	0.34	0.7	1
1153.8029999999997	0.26	1.4	1
1233.7669999999996	0.37	0.7	1
1316.1847999999995	0.36	0.7	1
1401.4063999999996	0.38	0.8	1
1489.0817999999997	0.39	0.7	1
1579.5609999999997	0.34	0.8	1
1672.4939999999997	0.41	0.7	1
1767.8807999999997	0.35	0.7	1
1866.0713999999996	0.33	0.8	1
1966.7157999999995	0.35	0.7	1
2069.8139999999994	0.38	0.7	1
2176.4159999999993	0.29	1.0	1
2285.4717999999993	0.34	0.7	1
2396.981399999999	0.35	0.7	1
2510.9447999999993	0.42	0.7	1
2627.361999999999	0.34	0.7	1
2745.532999999999	0.45	0.5	1
2867.207799999999	0.26	1.0	1
2991.3363999999992	0.33	0.7	1
3118.968799999999	0.27	1.0	1
3249.4049999999993	0.34	0.8	1
3382.6449999999995	0.33	0.8	1
3518.3387999999995	0.45	0.7	1
3656.4864	0.36	0.7	1
3797.7877999999996	0.31	0.9	1
3943.9929999999995	0.25	1.4	1
4092.3019999999997	0.42	0.6	1
4243.0648	0.38	0.7	1
4395.2814	0.42	0.7	1
4549.2518	0.42	0.5	1
4705.326	0.38	0.6	1
4864.554	0.35	0.9	1
5025.5358	0.41	0.5	1
5189.671399999999	0.31	0.9	1
5355.9108	0.42	0.6	1
5524.603999999999	0.36	0.7	1
5697.150999999999	0.27	1.1	1
5872.851799999999	0.32	0.9	1
6050.306399999999	0.42	0.5	1
6230.214799999999	0.39	0.7	1
6411.876999999999	0.43	0.5	1
6596.342999999999	0.35	0.8	1
6783.262799999999	0.36	0.7	1
6972.6363999999985	0.39	0.7	1
7164.463799999999	0.36	0.7	1
7356.994999999999	0.84	0.2	1
7552.329999999999	0.36	0.8	1
7750.468799999999	0.36	0.8	1
7952.811399999999	0.27	1.2	1
8158.307799999999	0.32	0.9	1
8365.557999999999	0.49	0.5	1
8575.261999999999	0.4	0.7	1
8788.469799999999	0.3	1.0	1
9003.7814	0.48	0.6	1
9222.246799999999	0.31	0.9	1
9443.865999999998	0.31	0.9	1
9666.888999999997	0.5	0.4	1
9892.715799999998	0.37	0.8	1
10120.646399999998	0.4	0.6	1
10351.730799999998	0.27	0.9	1
10586.318999999998	0.36	1.0	1
10823.360999999997	0.4	0.7	1
11062.856799999998	0.38	0.7	1
11304.456399999997	0.39	0.6	1
11548.509799999998	0.38	0.7	1
11795.366999999998	0.39	0.8	1
12044.327999999998	0.42	0.6	1
12296.442799999997	0.36	0.9	1
12551.361399999998	0.32	0.8	1
12808.383799999998	0.42	0.6	1
13067.509999999998	0.39	0.6	1
13329.789999999999	0.32	0.9	1
13594.8738	0.34	0.8	1
13862.061399999999	0.4	0.6	1
14132.402799999998	0.31	0.9	1
14404.847999999998	0.41	0.6	1
14680.446999999998	0.34	0.9	1
14958.149799999997	0.38	0.6	1
15238.656399999998	0.33	0.8	1
15521.616799999998	0.32	0.7	1
15807.380999999998	0.34	0.8	1
16096.298999999997	0.29	0.9	1
16388.0208	0.38	0.8	1
16682.5464	0.38	0.8	1
16979.1758	0.39	0.6	1
17278.609	0.33	0.8	1
17579.796000000002	0.41	0.5	1
17882.736800000002	0.41	0.5	1
18188.131400000002	0.41	0.7	1
18496.6798	0.33	0.9	1
18808.382	0.33	0.9	1
19122.188000000002	0.37	0.6	1
19438.7978	0.32	0.8	1
19758.2114	0.33	0.8	1
20079.7288	0.39	0.6	1
20404.75	0.35	1.0	1
20731.875	0.39	0.6	1
21061.8038	0.32	0.8	1
21394.186400000002	0.4	0.7	1
21729.022800000002	0.37	0.7	1
22066.663000000004	0.35	0.8	1
22406.757000000005	0.35	0.7	1
22748.604800000005	0.45	0.5	1
23091.906400000003	0.46	0.7	1
23437.6618	0.45	0.7	1
23786.571	0.37	0.9	1
24137.584	0.43	0.6	1
24491.050799999997	0.34	0.7	1
24847.321399999997	0.35	0.8	1
25205.695799999998	0.38	0.6	1
25566.174	0.49	0.6	1
25929.456	0.32	0.8	1
26295.191799999997	0.38	0.7	1
26663.731399999997	0.37	0.8	1
27035.0748	0.34	0.8	1
27408.521999999997	0.42	0.6	1
27784.772999999997	0.35	0.8	1
28163.477799999997	0.43	0.7	1
28544.286399999997	0.44	0.6	1
28928.598799999996	0.28	1.0	1
29315.714999999997	0.37	0.8	1
29705.284999999996	0.35	0.7	1
30097.308799999995	0.43	0.7	1
30491.786399999994	0.37	0.7	1
30888.717799999995	0.44	0.7	1
31288.452999999994	0.37	0.8	1
31690.291999999994	0.42	0.6	1
32095.284799999994	0.33	0.9	1
32502.381399999995	0.41	0.6	1
32911.58179999999	0.47	0.6	1
33322.88599999999	0.41	0.6	1
33736.293999999994	0.39	0.6	1
34151.805799999995	0.44	0.6	1
34570.121399999996	0.32	0.8	1
34990.890799999994	0.39	0.7	1
35413.414	0.4	0.5	1
35838.740999999995	0.34	0.8	1
36266.87179999999	0.33	0.8	1
36697.806399999994	0.35	0.8	1
37131.544799999996	0.37	0.8	1
37568.087	0.34	0.8	1
38006.733	0.37	0.6	1
38449.2328	0.29	1.1	1
38894.1864	0.45	0.7	1
39340.2438	0.44	0.6	1
39790.155	0.29	1.1	1
40242.17	0.44	0.6	1
40696.288799999995	0.37	0.6	1
41152.861399999994	0.36	0.7	1
41611.8878	0.37	0.7	1
42072.668	0.45	0.5	1
42536.952	0.27	1.0	1
43003.339799999994	0.4	0.6	1
43471.831399999995	0.29	0.6	1
43943.1268	0.32	0.8	1
44416.526	0.45	0.6	1
44892.028999999995	0.44	0.6	1
45370.33579999999	0.37	0.8	1
45851.79639999999	0.26	0.9	1
46336.41079999999	0.32	0.9	1
46823.47899999999	0.37	0.7	1
47315.80099999999	0.26	1.5	1
47809.87679999999	0.47	0.5	1
48306.40639999999	0.35	0.7	1
48805.38979999999	0.38	0.7	1
49306.47699999999	0.41	0.6	1
49810.01799999999	0.39	0.7	1
50316.36279999999	0.35	0.8	1
50825.16139999999	0.34	0.7	1
51336.76379999999	0.32	0.8	1
51850.469999999994	0.36	0.6	1
52366.63	0.37	0.7	1
52886.2938	0.3	1.0	1
53408.7614	0.36	0.8	1
53933.6828	0.37	0.7	1
54461.758	0.34	0.9	1
54991.937	0.42	0.6	1
55524.2198	0.4	0.6	1
56059.6564	0.29	0.9	1
56596.8468	0.4	0.5	1
57135.791	0.4	0.5	1
57677.539	0.36	0.8	1
58222.4408	0.32	0.9	1
58770.1464	0.37	0.8	1
59321.0058	0.33	0.9	1
59874.318999999996	0.39	0.7	1
60430.78599999999	0.33	0.9	1
60989.70679999999	0.36	0.7	1
61551.431399999994	0.44	0.8	1
62115.9598	0.34	0.8	1
62682.592	0.43	0.6	1
63251.678	0.34	0.7	1
63822.8678	0.38	0.6	1
64396.1614	0.4	0.6	1
64972.258799999996	0.32	0.8	1
65550.81	0.36	0.7	1
66132.165	0.34	0.8	1
66717.37379999999	0.31	1.1	1
67305.38639999999	0.37	0.8	1
67896.20279999998	0.36	0.8	1
68490.52299999999	0.34	1.0	1
