3.0038	0.28	1.0	1
7.8114	0.43	0.6	1
15.922799999999999	0.28	1.1	1
26.438	0.36	0.8	1
39.357	0.34	0.8	1
54.6798	0.33	0.8	1
71.5064	0.41	0.5	1
90.7368	0.35	0.8	1
112.671	0.32	0.9	1
136.409	0.37	0.6	1
161.55079999999998	0.35	0.8	1
188.4964	0.36	0.6	1
217.54579999999999	0.41	0.7	1
248.999	0.39	0.8	1
283.156	0.27	0.9	1
319.4168	0.35	0.7	1
358.68140000000005	0.31	1.0	1
400.6498	0.31	0.9	1
444.72200000000004	0.36	0.7	1
490.898	0.44	0.7	1
539.1778	0.35	0.7	1
589.5614	0.37	0.7	1
642.3488000000001	0.35	0.8	1
697.8400000000001	0.32	0.9	1
756.0350000000001	0.33	0.9	1
816.6338000000001	0.34	0.8	1
879.3364	0.43	0.7	1
944.4428	0.41	0.8	1
1011.953	0.34	0.8	1
1082.767	0.31	1.1	1
1155.9848	0.36	0.8	1
1231.3064	0.36	0.7	1
1309.0318	0.36	0.8	1
1388.261	0.44	0.5	1
1471.094	0.26	1.2	1
1556.3308	0.32	0.8	1
1643.3714	0.44	0.6	1
1733.1158	0.32	0.9	1
1824.664	0.45	0.6	1
1918.616	0.35	0.8	1
2014.6718	0.37	0.7	1
2112.2314	0.37	0.5	1
2211.5948000000003	0.38	0.6	1
2313.0620000000004	0.35	0.7	1
2416.0330000000004	0.39	0.5	1
2521.7078	0.29	0.9	1
2630.0864	0.3	0.9	1
2740.8688	0.31	0.8	1
2853.755	0.39	0.7	1
2968.045	0.4	0.8	1
3084.7388	0.33	0.8	1
3203.2364000000002	0.39	0.6	1
3324.7378000000003	0.34	1.0	1
3448.6430000000005	0.38	0.8	1
3575.2520000000004	0.28	0.9	1
3703.3648000000003	0.48	0.5	1
3833.8814	0.35	0.8	1
3966.5018	0.36	0.7	1
4101.526	0.35	0.8	1
4238.6539999999995	0.37	0.7	1
4378.4857999999995	0.31	0.9	1
4520.421399999999	0.38	0.7	1
4665.060799999999	0.3	0.9	1
4812.704	0.29	1.0	1
4962.451	0.38	0.7	1
5114.6018	0.3	0.8	1
5268.856400000001	0.34	0.7	1
5425.214800000001	0.4	0.7	1
5583.977000000001	0.37	0.8	1
5745.143000000001	0.29	0.8	1
5907.812800000001	0.46	0.5	1
6072.586400000001	0.39	0.7	1
6239.763800000001	0.35	0.8	1
6409.345	0.28	0.8	1
6581.030000000001	0.32	0.7	1
6754.818800000001	0.43	0.7	1
6931.3114000000005	0.38	0.9	1
7109.3078000000005	0.46	0.5	1
7289.408	0.32	0.7	1
7472.212	0.34	0.9	1
7657.1198	0.4	0.7	1
7845.9314	0.26	1.3	1
8037.1468	0.3	0.8	1
8230.466	0.39	0.7	1
8425.889000000001	0.39	0.7	1
8634.8158	0.47	4.5	1
8846.1464	0.34	0.8	1
9059.5808	0.37	0.7	1
9275.119	0.4	0.7	1
9492.761	0.39	0.7	1
9712.506800000001	0.31	0.7	1
9934.3564	0.38	0.7	1
10158.0098	0.36	0.6	1
10383.767	0.34	0.7	1
10611.628	0.37	0.7	1
10841.892800000001	0.33	0.8	1
11073.961400000002	0.44	0.6	1
11308.133800000001	0.36	0.7	1
11543.810000000001	0.42	0.5	1
11781.890000000001	0.35	0.8	1
12022.6738	0.28	0.9	1
12265.5614	0.36	0.7	1
12510.8528	0.4	0.8	1
12759.448	0.25	1.1	1
13010.447	0.37	0.8	1
13263.5498	0.4	0.7	1
13518.456400000001	0.4	0.6	1
13776.0668	0.27	0.9	1
14036.681	0.32	1.0	1
14299.699	0.32	0.8	1
14565.1208	0.37	0.8	1
14832.3464	0.37	0.6	1
15101.6758	0.37	0.7	1
15374.309000000001	0.29	1.1	1
15649.046	0.37	0.7	1
15925.2868	0.43	0.5	1
16203.6314	0.38	0.7	1
16484.0798	0.36	0.7	1
16767.232	0.31	0.9	1
17052.788	0.33	0.8	1
17341.0478	0.26	0.9	1
17631.7114	0.32	0.8	1
17924.4788	0.34	0.7	1
18219.350000000002	0.32	0.7	1
18516.325	0.35	0.7	1
18814.7038	0.43	0.8	1
19114.8864	0.42	0.6	1
19417.7728	0.31	0.9	1
19722.763	0.38	0.7	1
20029.857	0.39	0.7	1
20339.3548	0.38	0.8	1
20651.5564	0.39	0.9	1
20967.0618	0.31	1.1	1
21284.371	0.4	0.6	1
21603.784	0.34	0.7	1
21925.6008	0.37	0.8	1
22249.2214	0.37	0.6	1
22574.945799999998	0.38	0.7	1
22902.174	0.44	0.5	1
23230.606	0.48	0.4	1
23562.9418	0.27	1.3	1
23897.381400000002	0.39	0.7	1
24233.6248	0.41	0.6	1
24571.972	0.34	0.7	1
24912.723	0.34	0.8	1
25255.577800000003	0.39	0.7	1
25600.536400000005	0.44	0.7	1
25948.198800000006	0.34	0.9	1
26298.565000000006	0.31	0.9	1
26650.735000000004	0.4	0.6	1
27005.308800000003	0.35	0.8	1
27363.186400000002	0.3	1.1	1
27723.467800000002	0.38	0.8	1
28087.053000000004	0.27	1.1	1
28452.142000000003	0.44	0.5	1
28820.534800000005	0.29	1.1	1
29191.331400000006	0.34	0.8	1
29564.231800000005	0.4	0.7	1
29938.936000000005	0.4	0.6	1
30315.444000000007	0.37	0.6	1
30694.35580000001	0.34	0.8	1
31074.77140000001	0.43	0.5	1
31456.690800000008	0.47	0.5	1
31839.414000000008	0.37	0.6	1
32225.441000000006	0.26	1.1	1
32613.871800000004	0.33	0.8	1
33004.106400000004	0.41	0.6	1
33396.74480000001	0.3	0.8	1
33791.78700000001	0.36	0.8	1
34188.63300000001	0.45	0.6	1
34587.28280000001	0.43	0.6	1
34988.03640000001	0.41	0.7	1
35391.19380000001	0.36	0.8	1
35796.155000000006	0.45	0.6	1
36202.920000000006	0.41	0.6	1
36611.7888	0.42	0.7	1
37022.7614	0.4	0.7	1
37436.137800000004	0.35	0.8	1
37851.618	0.39	0.7	1
38269.202000000005	0.43	0.7	1
38688.5898	0.38	0.6	1
39110.6814	0.29	0.9	1
39534.8768	0.37	0.7	1
39962.676	0.29	1.2	1
40393.179	0.28	0.9	1
40825.485799999995	0.42	0.6	1
41259.8964	0.35	0.7	1
41696.4108	0.39	0.7	1
42135.629	0.32	0.9	1
42577.251000000004	0.36	0.8	1
43021.27680000001	0.35	0.8	1
43467.70640000001	0.35	0.8	1
43916.53980000001	0.36	0.8	1
44368.377000000015	0.24	1.0	1
44822.01800000002	0.49	0.6	1
45277.76280000002	0.39	0.7	1
45735.611400000016	0.38	0.7	1
46195.56380000002	0.42	0.7	1
46658.52000000002	0.26	1.0	1
47124.18000000002	0.3	0.9	1
47592.243800000026	0.32	0.8	1
48061.81140000003	0.4	0.5	1
48534.082800000026	0.32	0.9	1
49008.45800000003	0.36	0.7	1
49484.637000000024	0.45	0.6	1
49962.31980000003	0.47	0.5	1
50442.106400000026	0.33	0.7	1
50923.69680000003	0.45	0.6	1
51407.69100000003	0.39	0.8	1
51893.789000000026	0.4	0.7	1
52382.89080000002	0.28	1.0	1
52874.39640000002	0.36	0.8	1
53367.70580000002	0.4	0.6	1
53862.81900000002	0.44	0.6	1
54360.33600000002	0.33	0.8	1
54860.25680000002	0.39	0.8	1
55361.98140000002	0.41	0.6	1
55865.20980000002	0.47	0.5	1
56370.24200000002	0.37	0.6	1
56877.67800000002	0.34	0.8	1
57386.917800000025	0.35	0.6	1
57897.661400000026	0.4	0.5	1
