1.8734000000000002	0.38	0.7	1
5.6202000000000005	0.38	0.7	1
11.773700000000002	0.31	0.9	1
19.533900000000003	0.39	0.6	1
29.167500000000004	0.38	0.7	1
40.6745	0.34	0.7	1
54.5882	0.33	0.9	1
70.1086	0.41	0.6	1
87.5024	0.38	0.7	1
106.7696	0.34	0.7	1
127.64349999999999	0.42	0.6	1
150.1241	0.45	0.6	1
174.2114	0.4	0.6	1
200.43869999999998	0.31	0.8	1
228.53939999999997	0.39	0.7	1
259.04679999999996	0.3	0.9	1
291.16089999999997	0.41	0.6	1
325.1484	0.32	0.7	1
360.47589999999997	0.46	0.5	1
398.21009999999995	0.31	0.9	1
437.2843	0.43	0.5	1
478.2319	0.34	0.7	1
521.0529	0.4	0.7	1
565.4806	0.39	0.6	1
612.3149999999999	0.3	0.9	1
660.7561	0.39	0.6	1
711.0705999999999	0.42	0.7	1
763.2584999999999	0.33	0.7	1
817.3197999999999	0.36	0.7	1
873.2544999999999	0.4	0.7	1
931.0625999999999	0.37	0.7	1
990.7440999999999	0.36	0.7	1
1052.0322999999999	0.45	0.6	1
1115.1938999999998	0.39	0.7	1
1180.2288999999998	0.41	0.7	1
1246.1372999999999	0.38	0.7	1
1313.9190999999998	0.32	0.7	1
1383.5742999999998	0.34	0.7	1
1455.1028999999999	0.4	0.7	1
1528.5049	0.36	0.7	1
1603.7803	0.37	0.7	1
1680.6624	0.4	0.6	1
1760.2178999999999	0.28	1.0	1
1841.9134	0.33	0.8	1
1925.2156	0.43	0.6	1
2010.1245	0.43	0.6	1
2096.6401	0.47	0.6	1
2185.0291	0.37	0.7	1
2274.7581	0.42	0.5	1
2366.3605000000002	0.36	0.7	1
2459.5696000000003	0.41	0.6	1
2555.1854000000003	0.35	0.9	1
2652.4079	0.4	0.6	1
2750.9704	0.54	0.5	1
2851.4063	0.49	0.7	1
2953.4489000000003	0.46	0.6	1
3057.0982000000004	0.4	0.6	1
3162.6209000000003	0.4	0.7	1
3270.0170000000003	0.29	0.7	1
3379.2865	0.32	0.7	1
3490.4294	0.37	0.7	1
3604.2457	0.34	1.0	1
3719.6687	0.45	0.6	1
3836.6984	0.45	0.6	1
3955.3348	0.4	0.6	1
4075.8446	0.38	0.7	1
4198.2278	0.39	0.7	1
4322.484399999999	0.38	0.7	1
4448.347699999999	0.35	0.6	1
4576.0844	0.33	0.7	1
4705.161099999999	0.42	0.5	1
4835.844499999999	0.46	0.6	1
4968.4012999999995	0.39	0.7	1
5102.831499999999	0.36	0.7	1
5239.1350999999995	0.36	0.7	1
5377.312099999999	0.33	0.7	1
5517.362499999999	0.38	0.7	1
5659.0196	0.35	0.6	1
5802.283399999999	0.44	0.6	1
5947.4205999999995	0.38	0.7	1
6094.431199999999	0.32	0.7	1
6243.315199999999	0.35	0.7	1
6394.0725999999995	0.36	0.7	1
6546.436699999999	0.44	0.6	1
6700.6741999999995	0.36	0.7	1
6856.518399999999	0.39	0.6	1
7014.502599999999	0.32	0.8	1
7174.360199999999	0.31	0.7	1
7336.091199999999	0.38	0.7	1
7499.162199999999	0.43	0.5	1
7664.106599999999	0.4	0.7	1
7830.657699999999	0.42	0.6	1
7999.082199999999	0.38	0.7	1
8169.113399999999	0.38	0.6	1
8341.018	0.35	0.7	1
8514.5293	0.43	0.6	1
8690.9806	0.3	1.1	1
8869.3053	0.37	0.7	1
9050.0367	0.32	0.9	1
9232.108100000001	0.39	0.5	1
9416.0529	0.37	0.7	1
9601.6044	0.39	0.6	1
9788.7626	0.4	0.6	1
9977.5275	0.54	0.6	1
10167.6324	0.46	0.5	1
10359.344000000001	0.41	0.6	1
10552.395600000002	0.43	0.5	1
10746.787200000002	0.49	0.5	1
10943.052200000002	0.42	0.7	1
11141.190600000002	0.35	0.7	1
11341.202400000002	0.38	0.7	1
11543.354200000002	0.4	0.8	1
11747.646000000002	0.37	0.8	1
11953.544500000002	0.44	0.6	1
12161.583000000002	0.31	0.8	1
12370.961500000003	0.4	0.5	1
12581.946700000002	0.4	0.6	1
12794.805300000002	0.37	0.7	1
13008.737300000003	0.54	0.4	1
13224.542700000002	0.34	0.7	1
13440.954800000001	0.42	0.6	1
13659.240300000001	0.42	0.7	1
13879.399200000002	0.38	0.7	1
14101.164800000002	0.42	0.6	1
14324.270400000003	0.41	0.5	1
14548.982700000002	0.47	0.6	1
14775.568400000002	0.38	0.7	1
15003.760800000002	0.4	0.6	1
15233.826600000002	0.4	0.7	1
15465.765800000003	0.37	0.7	1
15699.311700000002	0.44	0.6	1
15934.464300000001	0.37	0.6	1
16171.490300000001	0.36	0.7	1
16410.123	0.42	0.6	1
16650.6291	0.38	0.7	1
16892.741899999997	0.4	0.6	1
17136.461399999997	0.43	0.6	1
17382.054299999996	0.36	0.7	1
17629.520599999996	0.38	0.7	1
17878.593599999997	0.42	0.6	1
18129.006599999997	0.4	0.5	1
18381.292999999998	0.38	0.7	1
18634.9194	0.5	0.5	1
18890.4192	0.35	0.7	1
19147.7924	0.34	0.7	1
19407.038999999997	0.43	0.7	1
19668.158999999996	0.38	0.7	1
19930.885699999995	0.43	0.6	1
20195.219099999995	0.36	0.6	1
20460.892499999994	0.42	0.5	1
20728.439299999995	0.33	0.7	1
20997.859499999995	0.39	0.7	1
21269.153099999996	0.41	0.7	1
21542.320099999997	0.38	0.7	1
21817.0938	0.42	0.6	1
22093.740899999997	0.41	0.7	1
22371.994699999996	0.4	0.6	1
22652.121899999995	0.37	0.7	1
22933.855799999994	0.45	0.6	1
23217.463099999994	0.38	0.7	1
23502.677099999994	0.4	0.6	1
23789.497799999994	0.42	0.6	1
24077.925199999994	0.38	0.6	1
24368.225999999995	0.36	0.7	1
24660.400199999996	0.32	0.7	1
24954.447799999998	0.34	0.7	1
25250.368799999997	0.39	0.7	1
25548.163199999995	0.44	0.7	1
25847.830999999995	0.37	0.7	1
26149.105499999994	0.4	0.6	1
26451.986699999994	0.38	0.6	1
26756.741299999994	0.36	0.7	1
27063.369299999995	0.35	0.7	1
27371.870699999996	0.36	0.7	1
27681.978799999997	0.4	0.6	1
27993.9603	0.4	0.7	1
28307.815199999997	0.39	0.7	1
28623.276799999996	0.36	0.6	1
28940.345099999995	0.4	0.6	1
29259.286799999994	0.34	0.7	1
29580.101899999994	0.39	0.7	1
29902.256999999994	0.44	0.5	1
30226.018799999994	0.43	0.6	1
30550.853999999996	0.49	0.4	1
30877.562599999997	0.39	0.7	1
31205.877899999996	0.4	0.6	1
31535.799899999995	0.36	0.6	1
31867.328599999993	0.41	0.6	1
32200.463999999993	0.38	0.6	1
32535.472799999992	0.34	0.7	1
32872.088299999996	0.41	0.6	1
33210.31049999999	0.44	0.6	1
33550.40609999999	0.37	0.7	1
33890.84169999999	0.47	0.5	1
34232.88399999999	0.44	0.6	1
34576.53299999999	0.39	0.6	1
34922.05539999999	0.38	0.7	1
35269.45119999999	0.37	0.7	1
35618.72039999999	0.41	0.7	1
35969.86299999999	0.34	0.7	1
36322.87899999999	0.36	0.7	1
36677.23499999999	0.43	0.5	1
37033.46439999999	0.4	0.7	1
37391.56719999999	0.32	0.7	1
37751.00999999999	0.44	0.5	1
38112.05949999999	0.46	0.6	1
38474.715699999986	0.45	0.6	1
38838.71189999999	0.45	0.5	1
39204.581499999986	0.38	0.7	1
39572.32449999999	0.34	0.7	1
39941.94089999999	0.42	0.7	1
40313.43069999999	0.41	0.7	1
40686.79389999999	0.35	0.7	1
41061.763799999986	0.38	0.6	1
41438.60709999999	0.39	0.7	1
41817.323799999984	0.42	0.7	1
42197.647199999985	0.43	0.6	1
42579.57729999998	0.41	0.6	1
42963.380799999984	0.41	0.7	1
43349.05769999998	0.37	0.7	1
43736.341299999985	0.34	0.6	1
44125.498299999985	0.35	0.7	1
44515.99529999999	0.48	0.5	1
44908.36569999999	0.34	0.7	1
45302.342799999984	0.41	0.6	1
45697.926599999984	0.4	0.6	1
46096.45039999999	0.26	1.1	1
46495.84759999999	0.35	0.7	1
46897.11819999999	0.42	0.7	1
47299.99549999999	0.49	0.6	1
47704.74619999999	0.42	0.7	1
48111.37029999999	0.41	0.7	1
48519.601099999985	0.38	0.6	1
48929.97189999998	0.32	0.8	1
49342.21609999998	0.33	0.7	1
49756.33369999998	0.35	0.7	1
50172.32469999998	0.41	0.7	1
50590.18909999998	0.37	0.7	1
51009.660199999984	0.45	0.6	1
51430.47129999998	0.47	0.5	1
51853.155799999986	0.39	0.7	1
52277.713699999986	0.39	0.7	1
52704.14499999998	0.43	0.7	1
53132.18299999998	0.41	0.6	1
53561.82769999998	0.42	0.6	1
53993.34579999998	0.34	0.7	1
54426.20389999998	0.44	0.5	1
54860.93539999998	0.4	0.7	1
55297.27359999998	0.42	0.6	1
55735.21849999998	0.41	0.6	1
56174.50339999998	0.35	0.5	1
56615.66169999998	0.37	0.7	1
57058.42669999998	0.38	0.6	1
57503.065099999985	0.38	0.7	1
57949.043499999985	0.43	0.5	1
58396.62859999998	0.41	0.6	1
58846.08709999998	0.31	0.7	1
59297.41899999998	0.35	0.7	1
59750.35759999998	0.48	0.6	1
60204.90289999998	0.45	0.6	1
60660.78819999998	0.45	0.5	1
61118.54689999998	0.37	0.7	1
61577.91229999998	0.41	0.6	1
62038.88439999998	0.39	0.6	1
62501.463199999984	0.38	0.6	1
62965.64869999998	0.4	0.6	1
63431.70759999998	0.35	0.7	1
63899.10649999998	0.44	0.5	1
64368.11209999998	0.39	0.6	1
64838.72439999998	0.39	0.6	1
65310.943399999975	0.45	0.6	1
65785.03579999997	0.4	0.7	1
66261.00159999997	0.32	0.7	1
66738.57409999997	0.43	0.6	1
67218.01999999997	0.35	0.7	1
67699.33929999998	0.35	0.7	1
68182.26529999998	0.42	0.6	1
68666.53129999999	0.45	0.5	1
69152.404	0.38	0.6	1
69640.1501	0.36	0.7	1
70129.2362	0.44	0.5	1
70620.1957	0.35	0.7	1
71113.02859999999	0.39	0.7	1
