8224688	3000.0	19	30000.0	0.3058	0	0.1	0.40580000000000005
702913	10000.0	14	12000.0	1.0	0	0.8333	1.8333
702708	1000.0	0	500.0	0.1	0	2.0	2.1
702741	3000.0	0	500.0	0.3	2.1	6.0	8.4
702927	2000.0	0	500.0	0.2	8.4	4.0	12.6
702911	2000.0	0	500.0	0.2	12.6	4.0	16.799999999999997
703049	2000.0	0	500.0	0.2	16.8	4.0	21.0
702990	3000.0	0	500.0	0.3	21.0	6.0	27.3
702802	1000.0	0	500.0	0.1	27.3	2.0	29.400000000000002
703026	1000.0	0	500.0	0.1	29.4	2.0	31.5
702734	1000.0	2	1000.0	0.1	0	1.0	1.1
702692	1000.0	2	1000.0	0.1	1.1	1.0	2.2
702664	1000.0	2	1000.0	0.1	2.2	1.0	3.3000000000000003
702727	1000.0	2	1000.0	0.1	3.3	1.0	4.4
702967	1000.0	2	1000.0	0.1	4.4	1.0	5.5
702836	1000.0	2	1000.0	0.1	5.5	1.0	6.6
702832	1000.0	2	1000.0	0.1	6.6	1.0	7.699999999999999
702897	1000.0	2	1000.0	0.1	7.7	1.0	8.8
703028	1000.0	2	1000.0	0.1	8.8	1.0	9.9
703009	1000.0	2	1000.0	0.1	9.9	1.0	11.0
703025	1000.0	2	1000.0	0.1	11.0	1.0	12.1
702724	1000.0	3	1000.0	0.1	0	1.0	1.1
702707	1000.0	3	1000.0	0.1	1.1	1.0	2.2
702853	1000.0	3	1000.0	0.1	2.2	1.0	3.3000000000000003
702800	1000.0	3	1000.0	0.1	3.3	1.0	4.4
702788	1000.0	3	1000.0	0.1	4.4	1.0	5.5
702796	1000.0	3	1000.0	0.1	5.5	1.0	6.6
702997	1000.0	3	1000.0	0.1	6.6	1.0	7.699999999999999
702756	2000.0	4	4000.0	0.2038	0	0.5	0.7038
702889	2000.0	4	4000.0	0.2038	0.7038	0.5	1.4076
702761	2000.0	4	4000.0	0.2038	1.4076	0.5	2.1113999999999997
702786	2000.0	4	4000.0	0.2038	2.1114	0.5	2.8152000000000004
703005	3000.0	4	4000.0	0.3038	2.8152	0.75	3.8689999999999998
703007	2000.0	4	4000.0	0.2038	3.869	0.5	4.5728
702730	2000.0	5	4000.0	0.2038	0	0.5	0.7038
702713	3000.0	5	4000.0	0.3038	0.7038	0.75	1.7576
702702	3000.0	5	4000.0	0.3038	1.7576	0.75	2.8114
702665	2000.0	5	4000.0	0.2038	2.8114	0.5	3.5152
702941	2000.0	5	4000.0	0.2038	3.5152	0.5	4.219
702951	3000.0	5	4000.0	0.3038	4.219	0.75	5.2728
702968	2000.0	5	4000.0	0.2038	5.2728	0.5	5.9766
702930	2000.0	5	4000.0	0.2038	5.9766	0.5	6.680400000000001
702870	2000.0	5	4000.0	0.2038	6.6804	0.5	7.3842
702895	3000.0	5	4000.0	0.3038	7.3842	0.75	8.437999999999999
702926	2000.0	5	4000.0	0.2038	8.438	0.5	9.1418
702780	3000.0	5	4000.0	0.3038	9.1418	0.75	10.1956
703001	2000.0	5	4000.0	0.2038	10.1956	0.5	10.8994
702716	2000.0	6	5000.0	0.2038	0	0.4	0.6038
702813	2000.0	6	5000.0	0.2038	0.6038	0.4	1.2076
702961	2000.0	6	5000.0	0.2038	1.2076	0.4	1.8114
702989	2000.0	6	5000.0	0.2038	1.8114	0.4	2.4152
702754	2000.0	7	5000.0	0.2038	0	0.4	0.6038
702688	2000.0	7	5000.0	0.2038	0.6038	0.4	1.2076
702962	2000.0	7	5000.0	0.2038	1.2076	0.4	1.8114
702842	2000.0	7	5000.0	0.2038	1.8114	0.4	2.4152
702880	2000.0	7	5000.0	0.2038	2.4152	0.4	3.019
702763	2000.0	7	5000.0	0.2038	3.019	0.4	3.6228000000000002
702751	2000.0	8	5000.0	0.2067	0	0.4	0.6067
702760	2000.0	8	5000.0	0.2067	0.6067	0.4	1.2134
702947	2000.0	8	5000.0	0.2067	1.2134	0.4	1.8201
703059	3000.0	8	5000.0	0.3067	1.8201	0.6	2.7268000000000003
702744	1000.0	9	6000.0	0.1067	0	0.1667	0.2734
702712	2000.0	9	6000.0	0.2067	0.2734	0.3333	0.8133999999999999
702963	1000.0	9	6000.0	0.1067	0.8134	0.1667	1.0868
702876	2000.0	9	6000.0	0.2067	1.0868	0.3333	1.6267999999999998
703036	4000.0	9	6000.0	0.4067	1.6268	0.6667	2.7002
702672	1000.0	10	6000.0	0.1067	0	0.1667	0.2734
702977	1000.0	10	6000.0	0.1067	0.2734	0.1667	0.5468
702969	4000.0	11	6000.0	0.4067	0	0.6667	1.0734
702971	2000.0	11	6000.0	0.2067	1.0734	0.3333	1.6134
702986	1000.0	11	6000.0	0.1067	1.6134	0.1667	1.8868
702775	1000.0	11	6000.0	0.1067	1.8868	0.1667	2.1602
703034	1000.0	11	6000.0	0.1067	2.1602	0.1667	2.4336
702865	2000.0	12	6000.0	0.2	0	0.3333	0.5333
702872	2000.0	12	6000.0	0.2	0.5333	0.3333	1.0666
702777	4000.0	12	6000.0	0.4	1.0666	0.6667	2.1333
703044	2000.0	12	6000.0	0.2	2.1333	0.3333	2.6666000000000003
702728	4000.0	13	8000.0	0.4	0	0.5	0.9
702722	1000.0	13	8000.0	0.1	0.9	0.125	1.125
702804	1000.0	13	8000.0	0.1	1.125	0.125	1.35
702769	4000.0	13	8000.0	0.4	1.35	0.5	2.25
703016	2000.0	13	8000.0	0.2	2.25	0.25	2.7
702743	2000.0	14	12000.0	0.2	0	0.1667	0.3667
702815	1000.0	14	12000.0	0.1	0.3667	0.0833	0.55
702875	1000.0	14	12000.0	0.1	0.55	0.0833	0.7333000000000001
702822	2000.0	14	12000.0	0.2	0.7333	0.1667	1.1
702794	1000.0	14	12000.0	0.1	1.1	0.0833	1.2833
702851	2000.0	15	16000.0	0.2	0	0.125	0.325
702915	1000.0	15	16000.0	0.1	0.325	0.0625	0.48750000000000004
702791	1000.0	15	16000.0	0.1	0.4875	0.0625	0.65
702703	1000.0	16	18000.0	0.1058	0	0.0556	0.1614
702748	3000.0	16	18000.0	0.3058	0.1614	0.1667	0.6339
702980	3000.0	16	18000.0	0.3058	0.6339	0.1667	1.1064
702878	1000.0	16	18000.0	0.1058	1.1064	0.0556	1.2678000000000003
703015	2000.0	16	18000.0	0.2058	1.2678	0.1111	1.5847
702726	2000.0	17	24000.0	0.2058	0	0.0833	0.2891
702803	2000.0	17	24000.0	0.2058	0.2891	0.0833	0.5782
702868	3000.0	17	24000.0	0.3058	0.5782	0.125	1.0090000000000001
702912	3000.0	17	24000.0	0.3058	1.009	0.125	1.4398
702999	1000.0	17	24000.0	0.1058	1.4398	0.0417	1.5873
702753	2000.0	18	30000.0	0.2058	0	0.0667	0.2725
702943	2000.0	18	30000.0	0.2058	0.2725	0.0667	0.545
702879	2000.0	18	30000.0	0.2058	0.545	0.0667	0.8175
702825	2000.0	18	30000.0	0.2058	0.8175	0.0667	1.09
703056	2000.0	18	30000.0	0.2058	1.09	0.0667	1.3625
702746	2000.0	19	30000.0	0.2058	0	0.0667	0.2725
702683	3000.0	19	30000.0	0.3058	0.2725	0.1	0.6783
702808	2000.0	19	30000.0	0.2058	0.6783	0.0667	0.9508
702833	2000.0	19	30000.0	0.2058	0.9508	0.0667	1.2233
703021	1000.0	19	30000.0	0.1058	1.2233	0.0333	1.3624
8224674	64000.0	4	4000.0	6.4038	3.5728	16.0	25.9766
8224672	119000.0	4	4000.0	11.9038	25.9766	29.75	67.63040000000001
8225117	61000.0	4	4000.0	6.1038	67.6304	15.25	88.98419999999999
8225110	66000.0	4	4000.0	6.6038	88.9842	16.5	112.088
8225109	62000.0	4	4000.0	6.2038	112.088	15.5	133.7918
8224669	116000.0	4	4000.0	11.6038	133.7918	29.0	174.3956
8224668	121000.0	4	4000.0	12.1038	174.3956	30.25	216.7494
8224665	68000.0	4	4000.0	6.8038	216.7494	17.0	240.5532
8225107	61000.0	4	4000.0	6.1038	240.5532	15.25	261.90700000000004
8224694	63000.0	4	4000.0	6.3038	261.907	15.75	283.9608
8224690	75000.0	4	4000.0	7.5038	283.9608	18.75	310.2146
8224862	122000.0	4	4000.0	12.2038	310.2146	30.5	352.9184
8225136	68000.0	4	4000.0	6.8038	352.9184	17.0	376.72220000000004
8225217	63000.0	4	4000.0	6.3038	376.7222	15.75	398.776
8224507	141000.0	4	4000.0	14.1038	398.776	35.25	448.1298
8225213	70000.0	4	4000.0	7.0038	448.1298	17.5	472.6336
8224516	62000.0	4	4000.0	6.2038	472.6336	15.5	494.3374
8224518	134000.0	4	4000.0	13.4038	494.3374	33.5	541.2411999999999
8225203	113000.0	4	4000.0	11.3038	541.2412	28.25	580.7950000000001
8224530	57000.0	4	4000.0	5.7038	580.795	14.25	600.7488
8224540	118000.0	4	4000.0	11.8038	600.7488	29.5	642.0526
8225186	131000.0	4	4000.0	13.1038	642.0526	32.75	687.9064
8225184	124000.0	4	4000.0	12.4038	687.9064	31.0	731.3102
8224554	62000.0	4	4000.0	6.2038	731.3102	15.5	753.014
8224561	63000.0	4	4000.0	6.3038	753.014	15.75	775.0678
8224570	145000.0	4	4000.0	14.5038	775.0678	36.25	825.8216
8224572	65000.0	4	4000.0	6.5038	825.8216	16.25	848.5754
8224588	63000.0	4	4000.0	6.3038	848.5754	15.75	870.6292
8225152	67000.0	4	4000.0	6.7038	870.6292	16.75	894.083
8224621	63000.0	4	4000.0	6.3038	894.083	15.75	916.1368
8224648	63000.0	4	4000.0	6.3038	916.1368	15.75	938.1906
8225132	58000.0	4	4000.0	5.8038	938.1906	14.5	958.4944
8225101	134000.0	4	4000.0	13.4038	958.4944	33.5	1005.3982000000001
8224777	60000.0	4	4000.0	6.0038	1005.3982	15.0	1026.402
8225088	111000.0	4	4000.0	11.1038	1026.402	27.75	1065.2558000000001
8224950	57000.0	4	4000.0	5.7038	1065.2558	14.25	1085.2096
8224924	69000.0	4	4000.0	6.9038	1085.2096	17.25	1109.3634
8224497	59000.0	4	4000.0	5.9038	1109.3634	14.75	1130.0172
8224902	66000.0	4	4000.0	6.6038	1130.0172	16.5	1153.121
8224901	65000.0	4	4000.0	6.5038	1153.121	16.25	1175.8748
8224949	141000.0	4	4000.0	14.1038	1175.8748	35.25	1225.2286000000001
8224840	136000.0	4	4000.0	13.6038	1225.2286	34.0	1272.8324
8224844	62000.0	4	4000.0	6.2038	1272.8324	15.5	1294.5362
8224961	65000.0	4	4000.0	6.5038	1294.5362	16.25	1317.29
8224962	58000.0	4	4000.0	5.8038	1317.29	14.5	1337.5937999999999
8224974	60000.0	4	4000.0	6.0038	1337.5938	15.0	1358.5976
8224861	65000.0	4	4000.0	6.5038	1358.5976	16.25	1381.3514
8224897	60000.0	4	4000.0	6.0038	1381.3514	15.0	1402.3552
8224818	113000.0	4	4000.0	11.3038	1402.3552	28.25	1441.9089999999999
8224806	139000.0	4	4000.0	13.9038	1441.909	34.75	1490.5628000000002
8224805	63000.0	4	4000.0	6.3038	1490.5628	15.75	1512.6165999999998
8224720	134000.0	4	4000.0	13.4038	1512.6166	33.5	1559.5204
8225077	129000.0	4	4000.0	12.9038	1559.5204	32.25	1604.6742000000002
8225074	59000.0	4	4000.0	5.9038	1604.6742	14.75	1625.328
8225062	59000.0	4	4000.0	5.9038	1625.328	14.75	1645.9818
8224751	65000.0	4	4000.0	6.5038	1645.9818	16.25	1668.7356
8224945	66000.0	4	4000.0	6.6038	1668.7356	16.5	1691.8394
8224752	75000.0	4	4000.0	7.5038	1691.8394	18.75	1718.0932
8224757	56000.0	4	4000.0	5.6038	1718.0932	14.0	1737.6970000000001
8224763	65000.0	4	4000.0	6.5038	1737.697	16.25	1760.4507999999998
8224947	59000.0	4	4000.0	5.9038	1760.4508	14.75	1781.1046000000001
8225038	67000.0	4	4000.0	6.7038	1781.1046	16.75	1804.5584
8224791	117000.0	4	4000.0	11.7038	1804.5584	29.25	1845.5122
8224793	58000.0	4	4000.0	5.8038	1845.5122	14.5	1865.8159999999998
8225030	123000.0	4	4000.0	12.3038	1865.816	30.75	1908.8698
8224698	70000.0	4	4000.0	7.0038	1908.8698	17.5	1933.3736
8224495	65000.0	4	4000.0	6.5038	1933.3736	16.25	1956.1273999999999
8225214	133000.0	4	4000.0	13.3038	1956.1274	33.25	2002.6812
8224407	56000.0	4	4000.0	5.6038	2002.6812	14.0	2022.285
8225292	130000.0	4	4000.0	13.0038	2022.285	32.5	2067.7888000000003
8224402	70000.0	4	4000.0	7.0038	2067.7888	17.5	2092.2925999999998
8225288	141000.0	4	4000.0	14.1038	2092.2926	35.25	2141.6464
8225278	132000.0	4	4000.0	13.2038	2141.6464	33.0	2187.8502
8224377	58000.0	4	4000.0	5.8038	2187.8502	14.5	2208.154
8224371	65000.0	4	4000.0	6.5038	2208.154	16.25	2230.9078
8225264	65000.0	4	4000.0	6.5038	2230.9078	16.25	2253.6616
8225293	61000.0	4	4000.0	6.1038	2253.6616	15.25	2275.0153999999998
8224425	68000.0	4	4000.0	6.8038	2275.0154	17.0	2298.8192000000004
8224426	67000.0	4	4000.0	6.7038	2298.8192	16.75	2322.2729999999997
8224937	123000.0	4	4000.0	12.3038	2322.273	30.75	2365.3268000000003
8225237	142000.0	4	4000.0	14.2038	2365.3268	35.5	2415.0305999999996
8224448	65000.0	4	4000.0	6.5038	2415.0306	16.25	2437.7844
8224454	128000.0	4	4000.0	12.8038	2437.7844	32.0	2482.5882
8224441	59000.0	4	4000.0	5.9038	2482.5882	14.75	2503.242
8224468	123000.0	4	4000.0	12.3038	2503.242	30.75	2546.2958000000003
8225231	117000.0	4	4000.0	11.7038	2546.2958	29.25	2587.2495999999996
702869	1000.0	8	5000.0	0.1067	1.7268	0.2	2.0335
702758	1000.0	8	5000.0	0.1067	2.0335	0.2	2.3402000000000003
702860	1000.0	8	5000.0	0.1067	2.3402	0.2	2.6469
702844	1000.0	8	5000.0	0.1067	2.6469	0.2	2.9536000000000002
702862	1000.0	8	5000.0	0.1067	2.9536	0.2	3.2603
702831	1000.0	8	5000.0	0.1067	3.2603	0.2	3.567
702887	1000.0	8	5000.0	0.1067	3.567	0.2	3.8737000000000004
702681	2000.0	8	5000.0	0.2067	3.8737	0.4	4.4804
702677	1000.0	8	5000.0	0.1067	4.4804	0.2	4.787100000000001
702676	4000.0	8	5000.0	0.4067	4.7871	0.8	5.993799999999999
702874	1000.0	8	5000.0	0.1067	5.9938	0.2	6.3005
702666	2000.0	8	5000.0	0.2067	6.3005	0.4	6.9072000000000005
702693	3000.0	8	5000.0	0.3067	6.9072	0.6	7.813899999999999
702871	1000.0	8	5000.0	0.1067	7.8139	0.2	8.1206
702830	1000.0	8	5000.0	0.1067	8.1206	0.2	8.427299999999999
702907	1000.0	8	5000.0	0.1067	8.4273	0.2	8.734
702764	1000.0	8	5000.0	0.1067	8.734	0.2	9.0407
702782	1000.0	8	5000.0	0.1067	9.0407	0.2	9.347399999999999
702799	1000.0	8	5000.0	0.1067	9.3474	0.2	9.6541
702733	3000.0	8	5000.0	0.3067	9.6541	0.6	10.560799999999999
702732	1000.0	8	5000.0	0.1067	10.5608	0.2	10.8675
703051	1000.0	8	5000.0	0.1067	10.8675	0.2	11.174199999999999
703046	1000.0	8	5000.0	0.1067	11.1742	0.2	11.4809
702698	1000.0	8	5000.0	0.1067	11.4809	0.2	11.7876
703041	1000.0	8	5000.0	0.1067	11.7876	0.2	12.094299999999999
703000	3000.0	8	5000.0	0.3067	12.0943	0.6	13.001
702998	1000.0	8	5000.0	0.1067	13.001	0.2	13.307699999999999
702992	1000.0	8	5000.0	0.1067	13.3077	0.2	13.6144
702979	2000.0	8	5000.0	0.2067	13.6144	0.4	14.2211
702978	1000.0	8	5000.0	0.1067	14.2211	0.2	14.5278
702704	1000.0	8	5000.0	0.1067	14.5278	0.2	14.834499999999998
702940	2000.0	8	5000.0	0.2067	14.8345	0.4	15.4412
702720	1000.0	8	5000.0	0.1067	15.4412	0.2	15.7479
8224783	66000.0	0	500.0	6.6	29.5	132.0	168.1
8224520	68000.0	0	500.0	6.8	168.1	136.0	310.9
8224767	142000.0	0	500.0	14.2	310.9	284.0	609.0999999999999
8224386	59000.0	0	500.0	5.9	609.1	118.0	733.0
8224382	125000.0	0	500.0	12.5	733.0	250.0	995.5
8225289	61000.0	0	500.0	6.1	995.5	122.0	1123.6
8224830	130000.0	9	6000.0	13.0067	0.7002	21.6667	35.373599999999996
8224581	61000.0	9	6000.0	6.1067	35.3736	10.1667	51.647
8225197	132000.0	9	6000.0	13.2067	51.647	22.0	86.8537
8225206	67000.0	9	6000.0	6.7067	86.8537	11.1667	104.72710000000001
8225013	125000.0	10	6000.0	12.5067	0	20.8333	33.34
8225269	71000.0	10	6000.0	7.1067	33.34	11.8333	52.28000000000001
8225266	144000.0	10	6000.0	14.4067	52.28	24.0	90.6867
8224841	72000.0	12	6000.0	7.2	0.6666	12.0	19.8666
8224819	63000.0	12	6000.0	6.3	19.8666	10.5	36.6666
8224848	64000.0	13	8000.0	6.4	0.7	8.0	15.100000000000001
8225198	64000.0	13	8000.0	6.4	15.1	8.0	29.5
8224824	64000.0	14	12000.0	6.4	0	5.3333	11.7333
8224549	65000.0	14	12000.0	6.5	11.7333	5.4167	23.65
8224931	61000.0	14	12000.0	6.1	23.65	5.0833	34.8333
8224515	68000.0	14	12000.0	6.8	34.8333	5.6667	47.3
8224874	60000.0	14	12000.0	6.0	47.3	5.0	58.3
8224782	64000.0	14	12000.0	6.4	58.3	5.3333	70.0333
8224379	62000.0	14	12000.0	6.2	70.0333	5.1667	81.4
8224413	63000.0	14	12000.0	6.3	81.4	5.25	92.95
8224685	59000.0	14	12000.0	5.9	92.95	4.9167	103.76670000000001
8224676	69000.0	14	12000.0	6.9	103.7667	5.75	116.4167
8224594	68000.0	14	12000.0	6.8	116.4167	5.6667	128.8834
8224639	63000.0	14	12000.0	6.3	128.8834	5.25	140.4334
8224748	61000.0	14	12000.0	6.1	140.4334	5.0833	151.6167
8224732	71000.0	14	12000.0	7.1	151.6167	5.9167	164.6334
8224731	139000.0	14	12000.0	13.9	164.6334	11.5833	190.1167
8224707	139000.0	14	12000.0	13.9	190.1167	11.5833	215.60000000000002
8224405	59000.0	14	12000.0	5.9	215.6	4.9167	226.4167
8225279	70000.0	14	12000.0	7.0	226.4167	5.8333	239.25
8225218	68000.0	14	12000.0	6.8	239.25	5.6667	251.7167
8225219	67000.0	14	12000.0	6.7	251.7167	5.5833	264.0
8225044	78000.0	14	12000.0	7.8	264.0	6.5	278.3
8225232	140000.0	14	12000.0	14.0	278.3	11.6667	303.9667
8225033	74000.0	14	12000.0	7.4	303.9667	6.1667	317.5334
8225249	64000.0	14	12000.0	6.4	317.5334	5.3333	329.26669999999996
8225126	72000.0	14	12000.0	7.2	329.2667	6.0	342.4667
8225180	58000.0	14	12000.0	5.8	342.4667	4.8333	353.1
8224944	65000.0	14	12000.0	6.5	353.1	5.4167	365.0167
8224389	66000.0	14	12000.0	6.6	365.0167	5.5	377.11670000000004
8225005	66000.0	14	12000.0	6.6	377.1167	5.5	389.2167
8224537	65000.0	15	16000.0	6.5	0	4.0625	10.5625
8224433	62000.0	15	16000.0	6.2	10.5625	3.875	20.6375
8224858	67000.0	15	16000.0	6.7	20.6375	4.1875	31.525
8224483	60000.0	15	16000.0	6.0	31.525	3.75	41.275
8224479	60000.0	15	16000.0	6.0	41.275	3.75	51.025
8224475	67000.0	15	16000.0	6.7	51.025	4.1875	61.9125
8224886	67000.0	15	16000.0	6.7	61.9125	4.1875	72.8
8224869	60000.0	15	16000.0	6.0	72.8	3.75	82.55
8224412	71000.0	15	16000.0	7.1	82.55	4.4375	94.08749999999999
8224427	69000.0	15	16000.0	6.9	94.0875	4.3125	105.30000000000001
8224609	63000.0	15	16000.0	6.3	105.3	3.9375	115.5375
8224696	60000.0	15	16000.0	6.0	115.5375	3.75	125.2875
8224755	67000.0	15	16000.0	6.7	125.2875	4.1875	136.17499999999998
8224743	64000.0	15	16000.0	6.4	136.175	4.0	146.57500000000002
8224719	147000.0	15	16000.0	14.7	146.575	9.1875	170.46249999999998
8224714	64000.0	15	16000.0	6.4	170.4625	4.0	180.8625
8224493	65000.0	15	16000.0	6.5	180.8625	4.0625	191.425
8225239	60000.0	15	16000.0	6.0	191.425	3.75	201.175
8225160	68000.0	15	16000.0	6.8	201.175	4.25	212.22500000000002
8225170	67000.0	15	16000.0	6.7	212.225	4.1875	223.11249999999998
8225120	61000.0	15	16000.0	6.1	223.1125	3.8125	233.025
8225185	58000.0	15	16000.0	5.8	233.025	3.625	242.45000000000002
8224948	68000.0	15	16000.0	6.8	242.45	4.25	253.5
8225271	67000.0	15	16000.0	6.7	253.5	4.1875	264.3875
8224967	123000.0	15	16000.0	12.3	264.3875	7.6875	284.375
8224969	149000.0	15	16000.0	14.9	284.375	9.3125	308.5875
8224531	58000.0	16	18000.0	5.8058	0	3.2222	9.027999999999999
8224833	68000.0	16	18000.0	6.8058	9.028	3.7778	19.6116
8224814	68000.0	16	18000.0	6.8058	19.6116	3.7778	30.1952
8224799	60000.0	16	18000.0	6.0058	30.1952	3.3333	39.5343
8224527	68000.0	16	18000.0	6.8058	39.5343	3.7778	50.1179
8224864	66000.0	16	18000.0	6.6058	50.1179	3.6667	60.3904
8224477	71000.0	16	18000.0	7.1058	60.3904	3.9444	71.4406
8224903	63000.0	16	18000.0	6.3058	71.4406	3.5	81.24640000000001
8224899	136000.0	16	18000.0	13.6058	81.2464	7.5556	102.4078
8224888	66000.0	16	18000.0	6.6058	102.4078	3.6667	112.6803
8224689	61000.0	16	18000.0	6.1058	112.6803	3.3889	122.17500000000001
8224369	123000.0	16	18000.0	12.3058	122.175	6.8333	141.3141
8224368	58000.0	16	18000.0	5.8058	141.3141	3.2222	150.3421
8224599	72000.0	16	18000.0	7.2058	150.3421	4.0	161.5479
8224584	67000.0	16	18000.0	6.7058	161.5479	3.7222	171.9759
8224724	65000.0	16	18000.0	6.5058	171.9759	3.6111	182.09279999999998
8224408	62000.0	16	18000.0	6.2058	182.0928	3.4444	191.74300000000002
8225048	56000.0	16	18000.0	5.6058	191.743	3.1111	200.45989999999998
8225047	65000.0	16	18000.0	6.5058	200.4599	3.6111	210.5768
8225220	61000.0	16	18000.0	6.1058	210.5768	3.3889	220.0715
8225017	67000.0	16	18000.0	6.7058	220.0715	3.7222	230.49949999999998
8225075	139000.0	16	18000.0	13.9058	230.4995	7.7222	252.1275
8225150	147000.0	16	18000.0	14.7058	252.1275	8.1667	275.0
8224951	61000.0	16	18000.0	6.1058	275.0	3.3889	284.49469999999997
8224977	71000.0	16	18000.0	7.1058	284.4947	3.9444	295.5449
8224975	66000.0	16	18000.0	6.6058	295.5449	3.6667	305.81739999999996
8225008	66000.0	16	18000.0	6.6058	305.8174	3.6667	316.0899
8224534	64000.0	17	24000.0	6.4058	0	2.6667	9.0725
8224834	125000.0	17	24000.0	12.5058	9.0725	5.2083	26.7866
8224832	79000.0	17	24000.0	7.9058	26.7866	3.2917	37.9841
8224547	67000.0	17	24000.0	6.7058	37.9841	2.7917	47.48159999999999
8224553	59000.0	17	24000.0	5.9058	47.4816	2.4583	55.8457
8224790	72000.0	17	24000.0	7.2058	55.8457	3.0	66.0515
8224466	63000.0	17	24000.0	6.3058	66.0515	2.625	74.98230000000001
8224932	69000.0	17	24000.0	6.9058	74.9823	2.875	84.7631
8224509	72000.0	17	24000.0	7.2058	84.7631	3.0	94.96889999999999
8224514	132000.0	17	24000.0	13.2058	94.9689	5.5	113.6747
8224896	72000.0	17	24000.0	7.2058	113.6747	3.0	123.8805
8224867	60000.0	17	24000.0	6.0058	123.8805	2.5	132.3863
8224417	60000.0	17	24000.0	6.0058	132.3863	2.5	140.8921
8224434	135000.0	17	24000.0	13.5058	140.8921	5.625	160.0229
8224592	68000.0	17	24000.0	6.8058	160.0229	2.8333	169.662
8224657	147000.0	17	24000.0	14.7058	169.662	6.125	190.49280000000002
8224617	75000.0	17	24000.0	7.5058	190.4928	3.125	201.12359999999998
8224410	68000.0	17	24000.0	6.8058	201.1236	2.8333	210.76270000000002
8224560	136000.0	17	24000.0	13.6058	210.7627	5.6667	230.03519999999997
8224396	64000.0	17	24000.0	6.4058	230.0352	2.6667	239.1077
8224725	67000.0	17	24000.0	6.7058	239.1077	2.7917	248.6052
8224583	68000.0	17	24000.0	6.8058	248.6052	2.8333	258.2443
8224494	67000.0	17	24000.0	6.7058	258.2443	2.7917	267.7418
8225224	65000.0	17	24000.0	6.5058	267.7418	2.7083	276.95590000000004
8225034	74000.0	17	24000.0	7.4058	276.9559	3.0833	287.445
8225236	65000.0	17	24000.0	6.5058	287.445	2.7083	296.6591
8225183	59000.0	17	24000.0	5.9058	296.6591	2.4583	305.02320000000003
8225202	60000.0	17	24000.0	6.0058	305.0232	2.5	313.529
8224989	64000.0	17	24000.0	6.4058	313.529	2.6667	322.6015
8224817	61000.0	18	30000.0	6.1058	0	2.0333	8.139100000000001
8224458	72000.0	18	30000.0	7.2058	8.1391	2.4	17.744899999999998
8224905	61000.0	18	30000.0	6.1058	17.7449	2.0333	25.884000000000004
8224892	68000.0	18	30000.0	6.8058	25.884	2.2667	34.9565
8224469	151000.0	18	30000.0	15.1058	34.9565	5.0333	55.0956
8224873	64000.0	18	30000.0	6.4058	55.0956	2.1333	63.634699999999995
8224870	62000.0	18	30000.0	6.2058	63.6347	2.0667	71.9072
8224555	64000.0	18	30000.0	6.4058	71.9072	2.1333	80.44630000000001
8224779	131000.0	18	30000.0	13.1058	80.4463	4.3667	97.91879999999999
8224587	146000.0	18	30000.0	14.6058	97.9188	4.8667	117.3913
8224659	142000.0	18	30000.0	14.2058	117.3913	4.7333	136.3304
8224424	66000.0	18	30000.0	6.6058	136.3304	2.2	145.13619999999997
8224409	60000.0	18	30000.0	6.0058	145.1362	2.0	153.142
8224447	66000.0	18	30000.0	6.6058	153.142	2.2	161.94779999999997
8224758	64000.0	18	30000.0	6.4058	161.9478	2.1333	170.4869
8224446	59000.0	18	30000.0	5.9058	170.4869	1.9667	178.3594
8224706	72000.0	18	30000.0	7.2058	178.3594	2.4	187.9652
8225041	65000.0	18	30000.0	6.5058	187.9652	2.1667	196.6377
8225021	122000.0	18	30000.0	12.2058	196.6377	4.0667	212.9102
8225018	73000.0	18	30000.0	7.3058	212.9102	2.4333	222.6493
8225210	145000.0	18	30000.0	14.5058	222.6493	4.8333	241.9884
8225068	151000.0	18	30000.0	15.1058	241.9884	5.0333	262.1275
8225144	67000.0	18	30000.0	6.7058	262.1275	2.2333	271.0666
8225162	72000.0	18	30000.0	7.2058	271.0666	2.4	280.6724
8225172	58000.0	18	30000.0	5.8058	280.6724	1.9333	288.41149999999993
8225181	139000.0	18	30000.0	13.9058	288.4115	4.6333	306.9506
8225187	59000.0	18	30000.0	5.9058	306.9506	1.9667	314.8231
8225194	57000.0	18	30000.0	5.7058	314.8231	1.9	322.4289
8225261	66000.0	18	30000.0	6.6058	322.4289	2.2	331.2347
8224544	64000.0	19	30000.0	6.4058	0	2.1333	8.539100000000001
8224927	128000.0	19	30000.0	12.8058	8.5391	4.2667	25.6116
8224890	55000.0	19	30000.0	5.5058	25.6116	1.8333	32.9507
8224557	67000.0	19	30000.0	6.7058	32.9507	2.2333	41.889799999999994
8224695	62000.0	19	30000.0	6.2058	41.8898	2.0667	50.1623
8224366	58000.0	19	30000.0	5.8058	50.1623	1.9333	57.9014
8224644	154000.0	19	30000.0	15.4058	57.9014	5.1333	78.4405
8224616	68000.0	19	30000.0	6.8058	78.4405	2.2667	87.513
8224606	62000.0	19	30000.0	6.2058	87.513	2.0667	95.7855
8224699	131000.0	19	30000.0	13.1058	95.7855	4.3667	113.258
8224381	56000.0	19	30000.0	5.6058	113.258	1.8667	120.73049999999999
8224943	67000.0	19	30000.0	6.7058	120.7305	2.2333	129.6696
8225216	69000.0	19	30000.0	6.9058	129.6696	2.3	138.8754
8225040	78000.0	19	30000.0	7.8058	138.8754	2.6	149.2812
8225036	155000.0	19	30000.0	15.5058	149.2812	5.1667	169.9537
8225241	148000.0	19	30000.0	14.8058	169.9537	4.9333	189.6928
8225065	74000.0	19	30000.0	7.4058	189.6928	2.4667	199.5653
8225254	66000.0	19	30000.0	6.6058	199.5653	2.2	208.37109999999998
8225147	157000.0	19	30000.0	15.7058	208.3711	5.2333	229.3102
8225123	162000.0	19	30000.0	16.2058	229.3102	5.4	250.91600000000003
8225113	69000.0	19	30000.0	6.9058	250.916	2.3	260.1218
8225083	76000.0	19	30000.0	7.6058	260.1218	2.5333	270.2609
8224958	141000.0	19	30000.0	14.1058	270.2609	4.7	289.06669999999997
8224973	136000.0	19	30000.0	13.6058	289.0667	4.5333	307.2058
